12545
656
6061
13189
10694
9567
1020
1782
6929
6163
4164
11332
8463
9990
6697
6512
4782
10595
12221
7239
11256
3602
7101
10197
9755
4386
7235
3117
7692
11271
6729
12575
1702
5153
8209
7203
2239
4754
2364
7677
6087
6989
3262
11977
3375
10757
10598
3420
3518
3761
12560
12374
11210
12570
9371
6782
3726
1761
13029
9094
11500
4911
736
10459
11152
62
10380
4620
13422
3973
3991
7426
5576
11163
9955
9529
12264
12640
10606
10827
2853
7121
2354
12248
3433
8352
12558
8624
6310
2492
13096
11557
5199
13199
4463
6507
7230
1805
11963
11307
10434
4277
7964
12976
5353
37
4897
10628
12117
2865
9020
12752
125
8185
9486
5357
6242
9604
10547
5960
8161
6356
4039
12341
1446
7843
1986
6175
10249
10557
11375
11030
8034
5418
9617
70
1474
1944
9905
4632
5937
13583
3629
12056
11082
1054
9738
9577
1550
9006
2477
13041
10701
10494
3390
13588
3656
3559
5359
11064
11276
1139
12293
3187
5355
13612
7695
7631
12026
5057
10705
2541
2024
10415
9396
5464
12823
1377
4490
1146
603
3349
13166
10980
12939
5614
3294
821
9573
4687
2713
1862
2891
4293
7184
9203
7353
5520
4238
2864
4209
1942
2132
12454
12325
8625
9217
2568
10749
781
5497
1897
2337
3602
3554
6010
10250
1492
1569
7344
11393
10119
5698
8666
1300
11549
3048
5535
10503
13581
7446
13094
6223
5988
6711
4885
591
13457
9580
11925
4993
525
9013
4927
213
9675
8343
11822
5249
11625
8773
1756
11379
5554
4641
5154
8924
6527
4720
2422
761
3008
10771
8801
1387
12164
3016
3369
6641
1271
13223
8111
3208
8817
1988
3400
736
8877
11778
1531
3104
8332
8390
13442
13203
9667
7483
3371
948
4535
8167
12177
4388
98
11506
11375
6863
3837
9985
3484
12639
1571
9578
3442
8655
3531
3144
7461
13405
13081
6162
12897
12966
431
9785
2631
5682
5676
8125
1859
12389
3510
5716
7320
11173
11086
1336
13008
6269
11020
6957
3707
9922
11242
2314
8934
5375
3510
6796
6026
5595
12713
12592
4411
12159
7035
11295
6891
5263
10757
5703
4857
7244
2862
4502
8732
1687
12938
2739
8003
4296
3308
3442
11917
11437
1584
7981
11967
11466
12238
6994
10112
2266
8646
12771
1224
9359
9644
10716
5314
1071
2424
12275
13048
11872
9280
12045
13116
9302
4450
8642
7496
7193
5722
11215
7207
3289
13218
12505
13295
12406
8392
1467
11747
2964
10730
12526
4906
5181
1090
1688
8025
1812
10710
6640
7147
9409
6959
7440
7311
652
2969
11518
347
13298
8592
9534
7935
1465
1815
6587
1602
2905
1891
3061
8271
1622
9637
8326
6092
8405
9117
1597
10030
2029
9791
11737
13485
6374
6607
11111
10176
3941
6813
6097
10328
9701
8869
2828
2312
5544
2570
6573
7863
3216
11871
4303
12554
10044
11500
8814
2424
6245
8978
10656
4438
6803
7047
7
426
4285
832
2768
5777
8199
5714
1775
10089
230
1300
8706
722
6292
5980
975
10950
1790
2976
13621
2404
8110
8186
5529
7667
1803
12502
9152
10638
1885
3248
2777
7180
2313
1919
6914
7874
7745
2188
2013
6660
2878
10012
2746
9573
10032
1254
11266
8610
5338
5420
3309
1915
11207
9260
11350
9624
12396
11069
7071
9998
8749
3773
13073
12180
8068
9871
12115
8494
8139
7452
10956
7655
10037
3659
4540
13130
6799
5444
6748
12577
4273
4004
5996
5896
10677
8687
1904
3773
3947
11354
2700
5660
2639
99
12545
4801
5336
2483
13460
6385
11625
5218
13393
6898
3998
7821
1694
7078
11936
4769
11654
2954
4101
4399
3879
12283
7719
10191
1125
11798
11722
9761
3967
901
2994
9115
5348
10880
2728
9287
13316
10148
5796
4901
11112
4065
10314
13152
9900
8321
5069
7517
10716
390
11408
10594
2881
4750
12266
2931
2175
8246
1969
2416
12344
5494
1420
9313
13485
9914
9364
8805
12940
9288
11449
7559
40
3536
11600
10130
8058
5179
5395
9992
5530
10339
486
8866
6473
4706
3896
3398
3609
3720
9819
13372
8374
8062
6277
4771
10603
11951
12736
831
12659
6518
3587
7624
6289
11893
1236
9880
9351
11336
654
9
3392
7813
6941
8104
7595
2355
12661
13401
6379
11320
12148
3025
8630
9202
7115
4305
10565
2302
8024
6367
3999
8219
7024
10689
337
7503
10550
9709
7180
6338
5045
5025
3083
9964
10309
8439
13072
3434
8581
4299
8285
8703
11308
874
10572
5811
3222
1603
717
7467
3902
12353
11373
3235
12613
9612
2090
2972
7149
5737
11212
7432
3214
4830
6803
1909
13550
1552
13581
8529
2292
6312
4514
40
8425
4006
10632
8462
8723
10945
2109
12313
10936
4449
10234
3629
7398
12494
5160
7532
11786
4295
8119
12346
11723
1107
8908
2825
3285
1075
5538
3586
2550
10767
5318
9119
109
13545
8700
13256
12362
12283
12725
12301
6121
2523
2548
7227
7351
297
7256
13476
13295
3771
12906
12126
13519
2422
12729
5947
3172
10515
482
12495
4494
3457
13422
9593
11228
9857
2429
13313
4474
3570
13401
5349
2163
13140
3149
5540
2186
5142
9611
9172
5061
3250
423
5136
6787
1257
9672
13502
1037
12634
5590
13650
9591
6523
7446
45
5927
3562
12846
10530
3168
584
13387
9351
7241
1183
1507
896
5362
4596
12540
5009
11072
9536
7929
11459
128
10698
4980
2833
181
1502
4206
5343
6330
11627
1637
7289
398
13684
1288
9314
12077
11833
2240
5096
1467
11949
6439
13008
9505
6377
1393
10244
3836
13477
6188
647
6458
8692
9819
12141
789
717
1433
5623
986
7574
3760
10347
8155
2758
6540
9525
10248
9259
11876
7893
3113
103
13130
12715
12598
2191
353
5019
12594
3990
6996
12910
339
13351
10235
12297
12553
1094
13199
6155
7336
3807
3403
3812
2745
5667
8917
8283
1932
5656
9574
3260
11731
11238
3474
10683
1793
3231
1413
986
4215
9430
11025
12477
12303
2264
5351
1997
3966
8534
3459
2221
7390
3206
3185
6277
6614
5085
12002
8479
12877
5961
64
628
8211
10286
1027
1579
13037
2633
593
11376
4564
5425
1913
9970
9376
3348
499
1248
1088
7919
2920
1281
537
3874
485
12334
9417
12062
1369
2985
3269
4782
7300
5977
3597
6263
2719
7577
6927
6091
10954
9184
8929
557
9046
11079
5763
9063
4101
9043
1084
4237
987
7246
4515
4236
7146
13624
5109
11148
7712
884
6705
13025
7087
8557
5381
3568
4538
1553
7030
722
8452
7428
12654
6042
6373
9068
13354
6741
3128
11567
9079
2633
10157
6493
3664
8059
6703
7793
8279
3884
12978
5326
5972
2986
163
3467
4489
4776
4056
10322
13167
9924
2022
5407
5789
6922
6416
9350
12038
1851
8018
9849
8406
7660
13629
4396
7175
1197
7769
3095
13618
5962
13277
6155
8214
6104
10558
2926
3905
4274
10349
2484
2381
2444
10761
6201
8953
3249
9447
8204
10573
6758
9559
7529
1605
11158
12865
767
199
3104
631
9374
6662
2786
11799
13181
8911
914
6699
8457
1577
13606
7709
1448
355
6511
4434
4195
8171
6410
10031
8127
11557
8162
1810
11299
3059
12874
8104
8859
12695
6671
1113
7220
4532
8345
3759
1578
3602
11600
13618
1923
9668
6753
8462
5330
6690
3368
7318
6568
756
492
13395
11819
9026
8272
7047
9337
10063
214
2715
12465
6932
1375
7650
4039
12693
10536
3607
4275
4972
6441
11272
13684
10819
8449
6917
4933
3920
10186
5083
4649
7626
9638
4375
1447
4882
7034
11577
10008
7275
10809
1992
3023
6096
9017
7541
6668
12261
688
6986
10963
7989
4144
9472
11955
6308
10593
4289
3617
6874
7310
13396
4372
7172
10226
4725
1237
12513
12597
6244
9186
213
4302
11074
3087
797
1920
11165
5338
6980
9374
2662
8538
8523
8909
7913
5905
1538
10227
5931
30
2175
1207
3187
1663
129
7478
9572
7607
9316
6880
11515
12645
10968
9057
8955
13666
10377
1756
12578
7983
11211
13565
8009
1809
3674
6606
11484
749
5589
13618
5574
2444
9721
9525
11092
12321
7580
12326
12466
3011
9854
4040
1942
6368
10999
11900
6000
12089
3330
4348
2818
10570
3723
4045
3329
6234
9953
8118
12333
7301
10997
1731
1329
5258
1469
9046
10864
11463
10603
10790
13489
12308
9739
1831
10426
8784
357
13351
12771
7543
313
7024
3692
12327
3684
3557
13352
12193
5482
2058
2035
6428
11707
12313
6933
10690
9356
11894
10212
12173
13384
4059
210
4723
11971
11857
7534
4215
6244
543
10589
9528
4373
5110
5540
5887
12462
10077
546
1215
11651
1102
5505
6973
11623
9705
5097
2214
9352
2755
12967
9450
1901
13189
12844
10994
11048
7560
7797
2390
3921
8261
9521
1884
5700
8406
10747
8385
11839
6837
3621
5117
1887
4216
48
2439
6320
5659
12444
5979
5706
6009
687
11057
6107
1595
12210
6757
10088
9647
8335
12063
7900
8949
2246
4881
7726
6805
1075
7756
11805
10157
11817
11210
9615
12323
10074
6525
3136
4739
3663
2298
1412
3978
6990
12332
11382
4407
2601
9888
5551
4595
2334
7141
8493
4971
13201
356
2602
2334
3657
5057
10797
11256
10763
4977
2567
10316
660
9273
2640
2552
2624
2329
10064
1988
11905
9112
9539
11650
2549
7100
9276
8734
2498
3467
7625
9015
2306
4970
6826
4166
11533
6940
7948
9650
4265
5430
2033
8668
3111
2152
6603
3356
9200
3620
7519
5941
11988
9819
5294
11158
11155
2282
10159
6434
9750
7700
7642
5479
2926
11310
13041
9747
7101
2225
6337
1958
5810
8490
13349
9603
6581
372
12231
740
11111
9441
9199
8188
12702
9758
5729
5245
5336
2137
9690
3976
1515
11760
1300
2073
6600
1258
8714
10595
11743
6391
10378
6686
8482
12098
8456
2044
11463
10212
45
3279
5927
1235
4055
11305
8771
2582
2772
547
6674
10621
12847
10004
12980
9087
6584
2427
7713
1583
7190
12178
1234
7212
1052
12991
9513
7759
1649
5972
4404
12661
12445
4103
13280
999
3798
10281
7036
8840
11996
9041
6724
2939
264
5563
7817
8146
456
6037
6228
13465
6397
6018
7602
1661
12469
5218
9523
4630
1887
13044
7361
3567
6046
2077
3442
2766
3661
4882
5086
1193
13553
6368
799
516
9877
13130
12685
13062
8757
413
3066
1711
8084
8940
7600
39
9667
7103
8322
13138
1186
10965
11152
6376
9923
6610
3892
4575
11258
10952
8064
8488
7625
2916
3154
12296
4278
13671
8927
1852
9609
6923
1234
8231
2791
12724
4020
9729
6711
10711
1572
8970
5547
1563
6972
4000
10572
3884
12556
12031
6630
2959
4868
6866
13255
13523
13445
8742
7558
8789
3462
11957
4505
10147
9505
1539
10355
12995
7734
7460
3005
8121
3302
4154
13338
5692
3002
426
3527
10122
8536
8176
1158
3549
9906
11132
2205
8480
8938
8333
11854
11323
10816
7666
5417
8617
1323
4453
1769
1543
877
2557
4776
5663
6241
10885
13294
3744
5039
9091
11565
2324
8914
2634
4405
12184
13312
9395
11055
4487
5502
5379
7788
9862
6998
7487
5702
636
8949
2749
742
9387
11705
10836
12635
2072
7847
9943
1771
4883
2276
13248
11218
13123
4180
11410
568
1890
10482
12239
5312
11049
10066
13618
63
6477
11157
1286
3167
2881
189
216
9558
7514
10625
11333
5937
3991
13199
2619
11018
11617
11418
3028
4930
3964
1191
10533
7252
3750
10849
966
6551
8355
7161
3644
2914
4326
7934
3795
8399
6704
431
10098
4953
4792
2417
4193
9250
12439
9635
2849
2342
6722
4913
11165
4413
1143
6392
11892
4321
5040
12957
3465
9998
11776
8801
1108
4825
975
2420
13121
1845
4236
10512
10091
390
13288
3950
6701
6086
6515
12245
11254
12229
10493
8745
4054
1954
7195
1382
4923
7186
11034
12694
9761
1133
278
2558
5118
5162
9300
5229
2237
12612
8549
12074
1576
11272
7841
10112
419
7924
13084
12980
3211
7494
6770
2893
11029
12939
12370
3896
3648
2559
12750
11738
3078
3822
13125
10510
3751
9064
971
8948
5519
12643
2834
11314
12369
12109
10565
12655
13234
2099
10308
4474
10738
10084
7928
12300
3080
10188
3300
13557
10814
11685
5087
5571
4676
248
8985
1862
11572
1476
7390
7121
11128
1475
2282
7137
8894
2412
5582
11911
11939
10415
5631
6610
13395
3646
5902
8600
146
1892
11865
11283
12308
11797
3158
5462
1281
809
11991
250
11631
4530
12703
10506
11432
11077
1217
12428
12728
7084
11659
12983
8818
6944
233
9263
12977
2312
8733
1301
7243
9832
9423
641
6258
2162
6128
6803
3319
4830
1770
4535
11995
11562
13039
3726
4613
3301
12752
282
7264
8495
5569
984
10724
4509
1585
9966
574
7745
12521
6734
9875
1144
3788
2344
456
4693
7136
7289
13396
128
11065
2242
6233
272
9709
9660
3635
3095
5922
13666
187
7488
6779
6857
13329
5864
8538
12702
9966
4887
3399
8989
5727
10265
12678
4300
10782
6196
9557
2368
8071
301
1967
760
9912
8978
7237
11472
6816
1948
10934
869
11545
6501
100
6379
13164
1786
10891
8891
6332
5102
3154
4677
7657
4285
7450
7573
10371
9429
1823
9223
12139
5421
6393
6434
6597
8725
1823
6961
1813
2515
10821
3457
4949
13035
6516
8166
2557
8910
953
3795
12138
10981
6296
8884
11889
5610
2101
4656
6894
12161
4078
13220
9565
6255
8183
5916
9182
8824
4695
11560
12104
8057
1037
12424
8303
4442
3318
3117
7822
10740
7443
10152
149
6118
8937
2138
10021
963
11877
5523
3473
13501
5423
6957
4918
8757
4037
11709
3725
8789
1252
1756
4363
3886
5225
12471
5199
1592
10340
4187
8851
5131
9396
5271
317
1003
10483
273
11118
12239
11493
984
4234
13062
3642
1611
10979
10265
11029
12492
1610
13695
7075
7563
13214
10350
11890
11675
1851
5053
10308
9681
12786
13127
8133
4876
1966
8333
488
2940
4299
6536
5181
9952
10250
11701
5295
13218
10798
9622
10360
1719
12828
7210
7812
11890
164
10185
12394
12201
486
9182
8991
13098
9076
3396
4920
6223
10903
1269
3325
8005
2041
11192
5684
3470
3322
787
335
1398
9770
8433
9513
718
2747
7850
7451
1537
10062
4565
3198
1212
3097
4190
12017
1953
1579
6652
3294
6424
2995
3725
12274
433
3483
560
11633
12855
2537
679
3863
9395
9948
12492
11423
11723
10341
6898
10382
5091
13024
3733
6883
11199
249
3689
8747
3324
11045
12010
6257
12701
3498
2093
12288
3858
12859
8197
16
10997
4229
8391
1517
5436
1016
3647
8875
4891
11112
7439
12372
8307
7785
926
11315
5568
6436
5150
3546
5501
12932
9115
12540
7494
10491
7680
3242
6596
11885
4497
12800
12737
1372
3169
2730
4145
4160
2462
1436
13396
8249
4984
9359
8203
4527
2296
9751
7268
2320
6252
3744
2794
1287
2148
10183
3184
12742
7847
6379
12986
13040
8809
5097
3069
9323
2156
12087
7262
7168
7839
12776
11580
4525
442
5764
3424
6478
13046
3986
9013
9094
9621
11742
13616
2183
13190
8329
13603
3190
4536
8993
12854
6567
12184
4398
8145
7185
10225
7795
12373
333
645
8182
2802
13596
11264
3537
9786
5609
5834
11417
9354
2256
1833
683
11270
5855
6995
1284
4488
7870
9021
12513
11540
5888
12357
13175
13104
9310
11998
11830
11152
630
5052
4472
4219
12574
1723
6557
4868
10331
5532
11496
629
7490
10418
10749
7066
9412
8648
10296
11042
10371
11505
11823
3900
3633
5093
8684
4623
11006
7877
9772
7986
8648
9876
10618
8916
8897
6472
8495
494
4004
4187
11673
8175
2922
7768
3189
2688
3423
11152
1443
6671
7618
6246
6875
8603
13081
4859
1631
10034
11840
9351
6534
10788
5260
5690
5405
2305
12687
7804
6791
11329
321
13083
1018
9851
1249
9584
1012
7561
8828
4833
13493
10439
1218
7483
6691
10886
7027
1512
10208
8294
5676
9052
8561
5429
12951
3924
9051
7422
11352
6336
9211
8811
3039
5009
2792
5126
67
13625
8108
9051
3577
1940
8166
6503
3734
11845
6491
10443
11339
4680
6817
8473
13095
4744
9750
3371
2992
10351
9600
9100
8564
12344
12506
6294
285
270
13503
10715
9358
9202
9097
9965
11806
3300
3401
7418
11901
7936
560
3154
5374
11378
8939
3653
3536
13554
9469
12036
5516
698
1575
4746
6954
7772
2757
6653
8531
5991
5820
4400
4530
5164
8568
1069
10880
13377
10192
6361
5667
11675
4700
5922
12782
7904
9857
3466
2698
8476
4344
2321
6696
302
8107
4311
6206
6844
1537
6418
10795
11445
11969
9855
2924
2615
1258
6843
5059
6493
5190
2187
13470
8188
11564
2383
12050
9132
2785
3830
4988
2200
10807
2679
5885
9566
10078
6845
4731
5461
12580
11477
12499
6983
3261
660
5311
12889
346
10688
2477
13065
4373
6917
12679
8850
4534
5848
11337
12796
9743
886
8107
8061
2310
8709
6460
10483
1839
1138
2679
9421
998
10921
801
1812
6378
114
13270
8610
9220
13453
8357
3260
1510
7488
5761
10119
5240
2479
7299
3289
5685
4641
1440
1703
9195
4322
4052
10831
4067
7157
8197
13457
9175
1084
9144
6022
10669
12823
12983
8505
4093
6499
13090
8790
10098
571
9045
7680
13507
6526
9113
4870
11463
5141
2694
6547
233
4448
6212
11050
4924
2347
12652
820
171
596
5733
6733
737
8741
2547
8070
1771
10945
6183
6359
12275
60
2801
6302
8601
9638
2011
5298
4352
12104
4880
205
4039
8888
13630
590
1425
8539
1969
6019
897
5706
6806
6663
11744
5617
7274
9423
7558
2917
2424
4549
10776
3053
8501
7457
3221
6486
4678
9035
6219
8010
3079
7347
10619
13403
13530
5532
1290
2766
2719
8133
13258
10012
6621
1312
8522
7668
11394
11403
3100
4796
4430
11748
9775
10363
12218
9334
12501
6221
8321
8884
259
5725
3933
1722
3391
10219
3834
10235
1488
9424
7277
11023
908
9354
3807
1438
2206
2662
13085
13554
11925
1067
11367
7727
6524
1542
11402
13610
13005
1755
12755
7706
7922
8467
12808
8955
10525
12700
3406
1970
11261
10012
4360
7693
7611
11948
5383
10580
1757
1109
2807
3555
2340
10602
360
5730
4820
9670
5254
9227
2239
5135
37
7776
11407
4895
5131
11934
9947
8179
5601
4060
2976
10809
7080
3019
6498
11138
12328
9827
10318
4164
1706
12972
11762
6559
10046
9039
12011
5510
4382
12065
18
4431
9932
875
4247
4810
12148
1188
9654
1173
7440
3238
10618
10918
13298
9134
11853
12768
359
2733
4536
2575
1001
5129
56
404
6214
6129
1947
6063
11099
10792
8842
2096
2788
3952
9490
6498
12239
5115
7577
11913
8597
12181
1606
4832
12041
13096
984
2262
8337
10854
10117
4168
8236
9899
13170
7751
7018
7664
6345
8966
10444
11231
7337
10878
4067
10844
4537
12858
6200
2093
11359
10096
13202
5934
12100
2677
11076
5008
11665
9406
1398
8796
4674
13315
10549
1108
1288
10833
8808
8924
12802
1600
6944
9987
5010
3808
10915
9595
2276
10381
1813
6773
12816
9270
6393
10320
1952
9794
10461
3955
8928
7889
8679
673
9925
472
4420
3164
6895
8433
6289
12005
2487
374
11869
7748
2024
3150
187
12662
4222
4008
9978
13377
2585
1793
9395
11241
10919
13142
258
5581
13483
945
8671
2340
9960
4659
12626
6682
9405
7121
2881
7289
6128
9938
1851
1726
5108
4535
11842
3642
11524
1959
4010
12067
13350
1085
8167
9516
9279
12779
7818
4680
3351
13358
5702
3980
1891
1838
8073
1574
944
1737
8386
10774
12794
2400
6904
12936
341
4626
10079
4590
3769
3702
10438
148
2542
8822
2463
7297
6484
9684
671
1486
12983
12939
7627
8846
4040
6418
1575
12622
12477
9329
1552
577
6890
3397
4559
5172
5522
13105
1252
7201
4045
366
13289
2681
8670
6493
1068
13266
1433
13407
10318
763
6285
4596
811
1234
2566
9518
8106
12837
5425
2698
7901
155
9128
7733
13530
519
12111
7479
9041
1539
1242
4104
455
12619
5566
7869
12279
10856
10426
5055
10895
5068
13158
11942
10294
4625
10850
4769
12371
10027
4056
10452
3797
1733
9017
13096
8388
716
4940
7472
2599
9298
10970
1882
11075
11921
10677
5367
12014
553
11099
2728
11153
9881
12886
7566
9540
3211
6254
3943
7716
6074
11162
12830
13676
6581
11539
1094
6595
5035
11794
3558
12275
9728
13653
13153
5578
8889
813
585
1076
1952
12799
9189
5351
11561
10549
8766
9925
1249
12236
9609
2884
10852
1810
8004
2219
9603
967
5634
9084
12130
11308
11377
8851
3411
11777
9467
2197
12111
865
10371
10239
868
265
5913
5171
6389
7570
8383
4841
1850
4965
13354
5181
199
10675
5459
1756
13377
10886
226
11199
9524
5425
3290
3988
2811
692
4514
2864
12691
6985
8483
11415
9961
9481
5930
8636
8716
12360
10372
8074
6677
3809
2758
4428
13025
1696
8070
13343
8993
3840
9194
7902
3770
13023
13136
12483
6675
12323
9937
7112
6038
5757
5251
7892
9060
9821
8798
5177
1916
12448
5840
11157
4934
8554
2786
10163
2395
7095
11675
13120
7152
6870
11917
3581
1547
12201
4113
8639
4180
10973
7548
1281
8794
3039
2953
9020
5375
13094
7099
2355
9358
959
2657
13484
1736
1734
9281
5758
13372
13048
9865
2243
7737
5346
6679
1342
247
11543
1213
3625
6673
7071
2456
353
1481
1351
4461
8147
13344
6554
2824
4379
2560
12800
8901
7817
6055
3872
9611
10872
9217
6114
781
7592
2079
11564
1446
8444
12524
12239
11928
9158
8166
8067
6992
6721
9040
2434
6215
7703
10889
9833
8521
10783
3597
1550
10646
2702
11889
4979
4601
10813
4790
10309
7815
6600
910
3764
8381
186
7959
7228
13295
3251
12227
4672
200
7057
3811
11025
6746
8809
2228
4185
7690
2427
9680
9038
9117
15
11116
1902
2122
13123
10839
11886
3602
13039
9642
8816
6205
8902
3038
11160
12150
10706
1830
2514
4932
8742
4477
10935
5527
4022
5491
8657
9654
6699
3633
9185
653
722
8842
3571
12628
10678
7985
8815
4183
6819
12575
6630
9339
7481
12763
6994
8604
1990
5062
9663
1401
4492
10289
8383
6397
9299
12468
2586
12839
6392
12162
10982
8712
10777
2084
11546
763
4655
361
3344
11163
9156
11660
9458
7229
9381
12764
5016
11488
8536
3178
4416
9222
7442
2382
7717
11756
6759
11352
6212
8132
8018
10248
7226
3133
9799
2761
5563
4784
2259
11430
11086
2931
11689
12370
12183
12842
5771
7887
7391
4036
6879
280
3448
1689
12041
7292
7473
1439
2442
7297
13505
1553
4078
6732
12132
9743
5402
11175
6435
11362
937
8107
3894
8453
5818
88
7269
11828
3994
11777
9646
4811
4625
10867
7032
10753
6363
12712
6266
12716
11824
7959
7915
9547
5218
12625
931
9855
11864
12157
930
6214
8370
12545
8915
6528
10335
4512
11948
3808
5880
5396
4984
7431
4280
3504
4785
8376
1736
423
11917
988
4430
6331
4542
11853
12379
13252
13483
6618
7287
1369
10216
4380
8467
1868
13297
2710
6975
840
10367
5131
2231
12405
9524
6182
13133
10683
3636
894
4435
6325
7157
11062
9167
11932
6535
2141
9610
13643
8580
12425
7127
3016
1946
8976
9036
11354
12432
7591
8634
12310
1925
2696
1904
2925
10810
2932
4442
2927
10551
4676
105
12181
9354
6784
7285
8626
4448
5205
9017
10756
4878
11586
10784
6474
2138
7851
6006
5595
77
5716
11071
8321
2062
13682
4683
6658
10771
9510
10421
2536
10222
12619
8962
5438
3365
360
9435
6330
2667
9217
815
9874
9512
1071
11767
13159
5152
10301
6639
1792
7842
10686
5944
1588
12392
12378
8774
7236
11311
6214
3713
5260
4179
2268
7201
1077
2974
9829
419
10460
11914
9566
6322
10581
4316
12044
10999
11428
12473
1757
8414
11511
10463
1612
12465
271
8008
6599
1247
12012
4451
6721
7818
7687
4257
4207
9263
12391
13286
7995
12756
2082
5367
5912
689
932
5370
11671
4331
5683
13113
5885
13488
4602
670
2991
11577
7455
958
2245
5413
12889
12857
1904
1696
4167
2626
11669
2730
1545
5446
11811
7530
600
2883
11313
3417
822
1123
12218
666
11542
3907
5169
10913
11803
1892
11517
11323
1931
6541
4608
9728
1041
1008
6119
629
8519
3441
12234
12999
4918
10925
4811
2738
4283
8125
3320
5483
7389
7730
8114
3727
12391
520
10849
6438
7420
11513
12775
8418
6397
4517
13373
8009
8390
5622
13485
2330
6269
12300
11930
8039
4391
5405
6246
12580
10883
11474
12277
6804
8722
4276
12954
10433
13154
8449
7845
2262
5363
8560
13468
9801
6286
12369
1749
5414
1292
3607
3746
13468
5314
2314
2365
4118
10954
7211
5746
1994
4724
4488
12412
2069
7955
6080
12068
2826
4063
12215
151
6195
3555
2923
2478
4145
11349
12521
5638
11552
7621
3017
5479
3614
3933
7806
2548
792
4050
4819
6299
13504
10039
11288
5187
11444
11009
9542
2281
6666
8807
12376
3916
11805
1630
3940
9089
4195
11598
8824
3231
7414
6852
8958
5783
7718
9999
11019
2290
7863
4300
13190
10094
3924
11215
12954
6963
2775
5373
37
3911
895
10641
8965
1771
4829
4108
5381
8764
3864
5242
8960
6471
4956
1126
10576
9692
4525
2423
2540
1093
7763
154
12780
7198
9563
11006
5216
8216
9186
12443
9075
4439
1338
5095
12090
8296
3286
388
11562
695
5297
13028
9769
13412
12476
11561
8720
2725
10323
12595
4385
9150
12663
8098
6035
13588
152
9139
30
6041
6947
5955
5144
5536
11550
8289
11955
12265
403
63
5892
5368
2439
6229
4959
7888
7780
7784
12443
3209
559
9134
9784
7145
11724
12312
918
3365
3898
9661
9667
6742
11389
2702
13559
7267
3915
117
900
6195
3387
6978
874
4800
6007
12061
2297
11830
12574
12844
7699
12530
6324
7858
9540
4294
2914
9870
7491
3398
8555
4333
1354
4315
8484
4030
10997
3898
8554
8817
756
7271
7531
11819
2442
6150
12094
740
12703
2470
1199
12922
8660
1422
5107
4865
69
6596
6744
5520
7242
12781
11821
8190
3733
11663
11610
3281
1284
6787
13304
2380
627
1922
2719
6556
10505
6686
703
12073
13532
1666
1151
451
9784
10745
9493
1858
6274
2724
3618
7735
8156
8592
5295
13114
3801
936
262
3754
4826
7138
13100
10220
1949
140
3326
2623
1550
11031
89
4359
12081
8337
5482
3375
5987
3865
10703
11718
9861
6828
8204
2490
10876
13515
5958
10284
9805
4271
5518
3235
4691
2327
8667
11759
12260
2766
12753
12010
2514
1987
5889
5750
8518
6550
839
7670
5197
10419
11245
13067
2961
7033
12058
10273
8858
7526
9079
9536
4325
6459
5474
10249
12880
6451
2240
193
125
2580
6316
8844
9723
1228
11066
12016
11106
121
6534
2787
4637
9043
7514
3031
7338
11409
10384
8797
5142
667
13026
4380
11219
976
4343
12049
12413
8765
2683
6889
7114
59
8730
6633
7190
5529
12068
10956
260
1861
3638
2413
788
12432
9173
9490
495
8155
13151
10495
2285
12698
134
4323
9605
13493
7845
4140
8455
3283
8127
4689
5029
8912
2787
11987
3567
2980
672
12413
2762
13230
8084
10152
8572
7978
4952
8714
5097
12774
12362
4520
3766
11476
4557
7598
13136
1725
3181
755
2835
3473
3293
10381
13575
3317
9533
432
2271
4622
2708
1424
5187
9614
137
8360
1101
13229
1678
9095
2282
7819
9446
12948
6206
1072
2861
2840
12495
12851
6485
5767
7214
7437
6317
11065
613
11399
993
6462
10402
6487
4251
3649
8614
5307
3149
9165
95
7233
8149
155
3146
7906
8810
11535
11838
6536
8543
2295
13234
9217
5923
5950
7191
5927
9528
12536
10279
12530
6920
11404
9609
5126
12239
5025
12101
13292
8421
4575
5031
873
12429
7658
13675
2141
5455
11497
3735
11455
10640
2774
1323
10612
5656
2643
4499
12878
2634
9302
6568
11728
2426
979
12690
629
2937
3664
12311
921
7417
13374
5084
387
1036
9789
7758
7016
13097
8271
4020
10472
2820
9558
9147
1983
597
8116
11810
12365
5215
11514
9672
2744
10833
12555
13141
7080
1000
9481
8436
5039
1720
11748
10965
1870
326
12670
2107
6356
2272
4749
11842
9970
8552
9047
7633
10905
7223
12471
6742
9333
3366
1813
1919
8883
4095
9549
9645
13350
6061
11644
7704
6045
5894
5496
7980
1023
11831
12635
4626
2591
11557
1003
8253
9751
10200
8392
12419
13412
3931
11893
4193
11557
11520
12640
11634
5353
4996
13378
4231
966
9505
6201
3080
12738
5194
12088
10182
12769
11938
7908
11315
10370
8871
10253
4426
9300
10076
11088
9096
8324
13170
5373
10550
1866
13455
238
7553
5222
4377
11246
11707
8434
12375
9605
11251
7060
11167
4681
780
11522
3887
3128
7566
93
6087
9
11887
12865
10230
5796
5297
12040
9239
4629
11802
3811
11271
7365
12855
11364
3899
13025
5142
4693
2935
4038
5067
3824
6106
6065
911
12854
7147
10481
11727
9766
7310
5918
2370
12158
12027
1605
12053
10475
1127
11268
4043
6645
13670
6575
12903
1081
6741
6688
3674
10171
13366
13097
12789
11259
2931
9630
503
5127
11078
6564
4788
13320
524
6368
7680
9969
6305
502
10708
2410
7753
8282
11328
5292
9237
1449
4520
476
10449
758
1170
4291
9543
5
13373
48
2310
11785
11956
3611
13490
1945
9493
7515
6047
11507
3108
5403
9851
5290
6237
7421
13661
1215
9189
11114
13025
2451
3943
5449
12313
447
1333
9321
10765
1614
8062
3272
12603
2912
4641
893
13334
9128
7123
9014
1038
4162
3952
12679
3823
4259
12154
10708
4341
11787
7744
7927
13670
1311
9269
13549
13171
732
7189
13080
6148
4585
7480
4168
3057
3139
12557
9111
12513
5468
6169
7455
522
2696
10171
7648
9817
3037
6131
1380
1595
12062
2649
5657
8683
3909
6086
9857
417
9271
9396
5516
4628
6120
11972
610
9277
12645
12557
9613
4113
7749
10807
11381
10363
3201
3609
3364
7551
10379
7969
13465
11948
4473
11410
3804
5632
11904
7154
8301
5556
7012
2480
12207
9587
1939
7387
10602
11155
9480
8842
4393
2517
6845
8911
11903
7528
9200
11371
6093
1024
5875
4296
8380
3498
7250
13172
1801
7500
4966
3559
5572
10438
553
2093
2577
1925
4025
1403
11779
9727
8702
4155
5123
8873
9176
1090
8551
4695
11715
11146
3634
11961
1879
10393
3026
4218
1840
6484
8546
11347
9078
1855
12758
769
3715
3609
10776
12304
8155
2587
9496
4200
12939
10421
9559
10116
9441
11119
10666
9142
2529
8803
12885
2918
2627
12897
8940
332
10731
12400
8811
2408
2256
5919
7362
9446
3716
3585
3282
7864
4507
6145
6833
12559
1180
2727
4428
10205
2153
1365
6
3245
4072
9051
4148
4541
5285
12503
13072
3129
1199
3568
10547
5108
5098
452
1566
11201
12378
12960
9373
2505
7298
3880
11625
10441
3420
2751
13628
8421
13507
6948
3759
9078
5040
6413
3387
3908
9140
10523
400
4834
12130
11962
2157
9173
12754
11253
9714
3532
3287
4079
10599
3449
13262
4058
13320
6397
7578
12668
11047
9331
2962
2675
9366
5761
9205
13542
10810
1934
8877
1341
5902
4710
13030
9974
3590
5322
8190
2090
11076
12987
4714
1616
12345
12342
3671
7865
9550
6050
8989
11681
11657
9269
6889
2212
3686
3430
10140
4485
3489
8092
4376
5629
1279
9742
6509
3339
88
8261
9661
4771
12154
6349
124
850
10217
12433
11282
5566
494
9555
8858
1417
3839
3011
3296
13344
1382
10918
879
5256
11231
5441
6180
13643
1892
10749
5518
11218
3723
3764
10936
4734
11100
4111
4807
12067
11201
1813
3269
13188
4099
8348
9256
5446
9842
5592
8781
7555
2496
11269
5655
1956
1338
5758
5403
7111
1869
10323
13060
5315
9891
9719
13560
10300
13365
13272
9124
5570
6241
9137
7098
1160
2239
11586
7478
4160
8553
1256
3231
5279
2200
10144
4985
2801
12131
1545
3552
6500
8177
8586
2093
120
11151
12230
5354
2159
8279
4152
9137
5930
12138
3053
6298
8084
12114
12837
11875
2147
7430
13632
10050
8241
11722
6560
10493
1183
3415
11175
9161
12735
2465
6324
11169
7128
3089
12242
4458
3710
4898
1862
7362
7965
10268
71
4052
7205
4607
211
11343
13081
11960
8263
11198
130
1554
2001
10076
1935
9020
10669
11144
1479
13391
12684
12540
201
4942
4769
1287
5805
10830
7356
6366
12678
11133
9727
13669
1083
9645
3365
616
8978
3264
12418
7616
8079
12716
1643
11129
10029
2977
4655
4604
1595
9644
5365
11926
13588
4736
8827
4042
3669
944
13322
5539
8189
5876
4538
3286
6896
7998
1635
10182
726
12334
10170
7483
10325
7229
6863
4696
1171
11851
8335
12822
13105
12663
2995
9782
12540
10220
1379
10021
5498
8495
9528
8570
1430
12965
4097
3575
12638
11339
2839
101
9712
8547
2192
10922
9678
7938
3376
1299
364
13214
9429
6715
8350
8583
12485
861
4870
4658
1075
2031
2058
7574
12847
13624
13342
12919
3312
1704
7965
11373
7525
5544
4061
9299
12007
11856
579
10619
12441
11523
8649
2615
6353
12770
12342
6650
4315
4709
8792
2227
11219
3232
6535
2532
13379
2896
10463
1307
7031
8355
5088
6819
7154
3247
2039
4224
3841
12631
5070
13415
4331
13346
639
5340
8959
11370
2074
6041
11226
3880
2012
10961
4243
1686
7649
12491
11901
3929
1455
5213
1707
12593
4887
6290
12403
5772
2935
7176
3630
784
8098
10494
3408
3740
2794
8806
7752
606
737
3868
11299
4661
5260
6432
5224
3599
6691
4669
363
13355
2962
10107
12255
921
12779
4567
3442
10662
2862
5541
10244
8299
1219
6085
10375
1574
12955
6632
9400
4046
12787
8782
8105
5040
8533
4709
862
3502
271
9003
7144
8353
2634
11356
12601
4311
6498
5148
3698
6445
10579
3211
7374
12218
329
10660
4024
10838
388
8139
5216
4264
5596
448
10313
6431
11806
10785
11179
8660
520
12935
3747
12478
5213
8279
10470
11336
8549
9031
13438
6221
13470
6243
6610
3444
12047
4746
12560
8625
6187
11391
13495
5463
7210
10662
6699
7901
9857
11367
6273
8298
11037
3797
5786
8830
10832
5062
12669
7795
836
7270
13319
3484
1632
1
893
8073
11493
809
9669
9755
1751
9308
1843
10364
10466
9146
6991
8639
7786
6617
7964
6540
1483
5344
8304
1197
11023
9321
4478
978
8205
3825
5962
5003
6937
9271
7804
9907
4064
7750
8014
8450
1530
13161
10653
4887
558
10687
2528
11834
3423
7801
523
2311
7323
4879
710
1793
6360
8463
2246
9645
7075
10351
13570
11789
6037
11299
7306
8669
9091
6174
5860
7256
8
8638
8353
10235
12311
8145
3002
1639
10275
1667
2230
3263
11142
6415
4060
2659
13248
11024
2758
12513
11119
12474
2234
649
5271
13208
12568
7559
8412
132
3633
12165
1612
1014
13053
7145
4468
11246
1098
8056
3453
12676
5284
13368
4153
13088
8671
10968
2463
1467
6293
6842
748
12664
4513
12886
4689
5899
6717
5965
2627
2685
1823
5406
3546
7722
6939
9458
8886
12640
3805
11078
12603
12614
9469
8027
12664
3257
2058
1250
10600
9884
2039
8978
10625
7276
11917
10948
4042
12861
12029
5291
11717
6360
7423
10779
10960
11122
275
2415
7979
3501
13128
7187
7435
5513
12611
2685
11957
9815
2759
3025
12985
2294
1414
3484
1746
4240
12742
10649
10957
3517
10977
6920
3089
5867
7917
6802
3205
4929
5093
9485
612
3820
6734
959
1661
5234
7396
10134
1534
12463
13029
7711
1807
774
1391
13628
13108
5119
5296
11243
8775
8341
1304
2340
12870
7138
12394
12552
10477
1741
12817
2796
12591
11105
2531
895
8969
9527
6014
735
8701
12416
7280
2992
11499
3215
2673
13311
5535
334
5190
4270
12422
2331
705
11645
7588
3957
1316
11808
13237
1802
5476
5851
6626
4347
8267
2016
316
5891
4875
7314
3641
1650
5659
911
1786
2298
8901
2859
13620
11066
5016
1292
8035
12713
7854
5302
3216
9865
13662
10655
3036
2951
3195
841
281
394
6564
4142
6198
9184
9500
8309
6018
6926
2527
3477
10029
5627
7093
1061
5841
10967
10959
364
4220
7591
13114
8035
4864
13530
6450
2339
5119
12831
4873
4631
1484
5843
12489
7840
10246
3293
12312
5035
8584
6219
10467
768
5436
7367
847
5682
2981
4237
8211
2736
12151
831
718
5307
9615
6650
3904
6692
12521
9223
11388
3357
12792
11001
6761
13471
4820
7779
2943
207
2408
11811
10853
3074
9264
1521
3591
8559
8583
3832
10421
10460
4750
8755
935
12650
1003
13543
13621
461
11268
10257
4235
8536
4978
8475
12738
11371
8477
1540
757
2582
8726
3968
2491
8958
999
5447
481
11615
11024
10310
3959
7963
12116
1629
11872
6571
6368
12288
5162
8349
4630
11584
1128
12104
2759
5288
6037
11315
9480
1968
844
13444
5086
2028
568
1465
4580
13179
13686
7724
6303
2294
964
6474
8940
3660
5828
10071
7134
2105
11034
8989
7434
7056
352
9491
681
7481
5324
10544
201
7407
2425
1644
7452
8786
7303
12283
6476
10829
8246
5775
10887
5026
10936
3336
9584
9202
7872
2699
5069
7594
8441
7378
8506
2486
581
2506
9731
3527
13457
13288
2738
8419
1016
8727
3049
9790
8436
9426
10992
807
5919
3197
12987
11116
7439
7427
7728
9975
8511
11071
6094
11379
4046
10412
4208
1006
7523
1645
10718
12447
6637
6722
12436
3510
11157
3094
6532
9467
5805
2913
11029
12062
13333
11654
8372
12105
8279
7577
1977
8729
11954
12597
1970
9256
3243
12572
11850
8890
4440
8792
8184
12334
11074
7826
4147
2082
3825
7081
5239
9017
12797
12663
2685
6352
3596
5132
7857
3979
8922
7270
10812
3083
5401
6692
4712
2650
6080
10339
3887
605
12453
11341
10047
1620
7111
9939
6384
4041
10095
10201
10882
7602
6832
11385
7258
9718
10308
4523
3642
5239
12405
5101
6328
2611
5891
9813
8020
9153
11146
6388
7233
12871
9888
4646
3048
532
3323
10280
2762
5823
3051
12801
2468
10446
13644
475
2053
6827
5283
9244
4954
11517
11339
10637
9718
1071
6013
8471
559
9086
5634
662
2420
8561
10408
1421
4926
11929
115
4126
9224
6302
6404
588
2170
1050
9288
10899
2712
2092
1966
5858
5704
10038
7793
10587
563
6474
8344
300
10890
391
1173
11699
3374
6511
4579
7967
46
6368
8142
11365
3356
7877
5408
10280
8160
12074
5238
7965
8831
7114
9337
744
12769
8113
7907
9426
8211
3017
7542
9934
8106
7721
4466
5852
2672
9236
8412
3880
8721
1629
2841
4489
9355
10858
7969
4929
2596
2373
11154
6557
11473
8161
3367
13678
810
4896
2128
6124
3694
2244
1080
473
13138
6897
6416
1077
537
10441
11872
3534
3498
11454
1812
7129
11528
6628
13344
1889
4201
9654
6960
2558
4728
900
4208
8976
2095
2495
9241
7123
7124
6763
11369
7461
1485
3363
3465
4804
1836
2568
7269
3583
2409
4271
3046
8485
1517
7097
7710
51
2381
6570
7420
10030
10289
6174
9160
4307
4102
13103
568
4228
13337
8590
9785
9283
10778
6840
4047
454
4433
11058
3900
8822
13421
7029
6609
12120
3345
5617
1789
7620
9429
8501
62
7574
33
373
8792
6704
13167
9763
10925
1935
1838
1029
13098
6160
6852
5654
13135
11069
2111
899
12718
9658
2189
2506
10039
13324
8051
3037
7704
1305
111
4987
5880
4605
6808
12363
6136
7445
13467
2829
5380
7088
7080
9154
5040
12834
5770
10056
2694
8756
12118
4497
438
83
13573
1692
4359
3625
11643
9129
4308
8755
6891
9624
1083
4045
4223
5692
4616
1869
7023
13352
3579
1306
10529
1252
4592
4807
238
12758
9308
5087
4886
3399
5429
5586
6776
6954
11025
3526
10646
4101
6701
8397
4944
4895
13023
6162
6299
11314
7527
3911
5791
39
9436
12692
5995
135
13393
13289
4722
11225
10978
4201
3508
6245
589
4399
2681
5736
2823
4915
10883
5449
2006
4432
417
11786
6430
4511
9316
12705
5170
3961
13470
8527
4927
5108
8988
1378
8711
2657
489
12439
3139
10720
11797
5014
4843
9157
8574
754
10406
4262
756
1216
8448
3007
4443
5335
5023
5994
10992
718
8412
7862
12322
11276
11495
12840
7572
7205
7545
9684
3598
599
8493
1113
8408
11200
6840
7411
6279
10212
1544
8695
8113
5564
11286
13582
6022
5965
1480
8601
9433
5253
12086
6770
6114
5453
306
5018
9026
2731
6280
3293
4404
5102
12959
10247
4646
7668
9200
1501
9864
5321
6423
7228
3951
8068
6996
4822
9574
10189
7791
6642
1162
8510
10443
1128
12711
8212
9191
9633
1048
8616
3406
8547
8042
8051
12924
10345
9466
7066
6671
8833
11290
10524
1875
11908
6626
3979
13558
8587
10191
9360
9559
10287
8951
9927
2186
3855
27
5250
11746
10217
6209
1000
2881
10423
7190
9578
9886
6251
2185
6245
2136
10543
3502
2502
9148
779
8180
2512
4981
10300
12983
6238
6754
6274
11341
7894
12677
11124
6575
11085
8681
7143
2918
235
318
5496
899
6510
1659
2371
11019
2195
1659
12287
8642
5138
5453
5914
10049
6456
11558
2836
7170
13461
3943
9877
2939
5408
3422
12486
13697
3184
12055
9460
10147
5725
11014
9552
651
10631
10658
8724
878
5891
11564
5192
8434
2756
1673
7535
8170
2900
9126
9977
5417
12275
631
13402
1095
12191
5061
1041
5195
2541
3150
10194
13051
1317
8583
4398
8397
3683
3208
11893
72
12382
5707
754
1882
13445
54
2046
5249
9297
6098
2078
11349
9506
447
1764
4905
11075
7343
10132
12602
10707
9661
7031
4838
1831
5618
2754
11294
11234
13089
10563
7097
3726
10590
1376
3445
3787
6308
7257
11146
661
443
6377
8118
7472
4835
5444
13514
12975
2408
4225
1637
5652
4541
10442
6659
13074
5524
1331
7824
6471
4595
7751
13588
2592
6145
3471
894
9969
6262
166
9512
7514
1928
5272
9123
1273
11498
4835
8786
7408
8113
10249
5574
10386
3710
9621
7276
12129
9638
8831
7841
11492
7505
3141
4520
3786
4403
7683
3275
132
3296
11094
4988
4925
6160
10915
1339
13406
12604
12714
3330
6788
10506
10179
10485
1566
459
1275
2082
6011
4005
10681
5712
6888
806
10125
6818
5231
12469
3539
7643
12726
7561
9489
5488
3161
10612
3198
519
7487
11580
8891
12235
4935
12606
2792
4633
2265
7887
1602
6658
107
3548
4305
9550
8327
11110
13266
9775
4833
3438
239
13166
12373
13153
5739
9908
878
4572
9263
3624
715
1010
10373
3464
6904
12543
10699
1780
8193
9417
6823
10657
1016
12273
5928
12558
6675
4067
2545
2951
12504
7105
8529
912
1653
3267
13665
1797
1331
44
5019
7047
7482
6168
9868
13448
7652
8610
5700
9922
12692
390
11563
3879
1061
10910
1730
9095
693
958
12921
4803
12729
10095
10182
13206
669
9974
1002
5469
9010
8748
3868
10956
8241
1331
6901
3230
6961
7027
3321
13455
4433
5789
4815
853
13087
9659
7754
2291
9430
6695
8351
1455
9279
7144
12180
7065
1742
5353
11544
8120
9816
2965
16
8139
1500
4020
4658
12871
9916
11645
10847
10021
11502
5555
3881
3955
11575
3899
13674
1121
5103
9967
7906
9084
3146
8613
4500
274
2878
5431
6999
11329
4354
12212
3156
7558
5332
3426
2485
9261
11256
4284
550
8384
7504
3198
3086
12046
9805
5736
5096
1276
3505
11606
213
12284
2997
10881
10476
10359
551
6311
600
7845
3775
4515
9582
9757
5506
4144
10927
9130
5019
9100
5864
10885
13377
11915
11067
2238
13365
6048
4430
11222
10851
7931
4312
2693
1962
9111
13299
9228
10380
3536
859
12516
11130
13272
2906
7046
9345
5533
291
6661
7737
9371
11458
12074
10745
12531
6418
13249
13003
6689
7159
678
8074
4476
1649
9112
3390
8639
13499
2259
10421
6259
9629
13318
9465
8544
10987
7944
695
11011
419
13323
348
3108
7085
10563
10593
9266
12800
10059
6044
6291
11388
12278
7289
1520
9151
8567
8636
3167
4367
8405
11307
1471
899
9432
1215
8442
7503
1113
10678
12181
6573
1740
4828
6080
11046
1007
71
1931
7025
9616
155
12103
11327
5461
2611
1137
10927
13220
5211
6151
10953
5582
10424
5875
5953
5802
10689
9160
11077
12321
1691
5660
5258
8568
12864
2156
9091
11116
10074
2909
12177
10499
11107
11840
9575
532
3765
1617
1397
12859
7086
6733
12075
9799
1963
2508
7017
4949
12225
656
6275
8322
4111
10322
8893
8498
5505
9750
7244
12001
13263
7669
5932
9102
66
3280
11574
5550
3467
2099
12149
4667
2913
3112
3344
13645
13062
3071
2871
10442
6777
11921
12142
8817
7447
11962
4215
3626
2697
10363
5469
13349
3719
684
5563
9159
1795
5478
157
2087
4879
5506
2124
6199
332
11030
10993
5989
13510
6800
13600
11756
6971
8794
9444
2693
2779
12213
1269
1086
2318
1116
10238
10968
422
2028
10515
7802
6513
9993
12169
5602
5797
7655
11961
4504
12187
3681
850
7975
10609
5770
12921
8688
8546
2423
1784
2129
2690
2383
6977
13310
10677
11247
5944
8461
852
4455
2924
9324
12002
10359
8633
561
7392
3472
10812
5602
4440
8229
9116
1429
7564
5008
3967
1606
3662
2053
13413
10850
3957
8705
8980
3453
2559
2263
9099
7584
754
1376
32
11186
10937
11767
9283
4552
8567
7364
10643
4629
3188
5373
8382
7364
11648
6228
4643
754
240
6105
11126
12384
5738
3756
488
5739
10687
8336
9816
3302
13229
8685
5382
2314
9963
11963
779
9377
218
11592
12879
8765
6483
3817
13432
13161
3349
11604
8580
8739
11845
183
5625
11336
12135
11075
12632
2369
2844
2578
12669
3543
11125
5619
7371
8816
2733
13648
6346
10151
8103
9456
7685
13675
6716
2332
5069
13105
1089
11735
8513
1260
6461
1946
1446
2003
12047
13278
5061
1741
766
408
4628
9782
9381
7589
3491
7731
7201
1779
2495
9485
7544
4904
5352
7800
13320
13216
1224
13460
6710
6350
408
2625
499
7815
13060
3288
1599
6294
3900
8411
11667
10075
10646
11512
10898
4814
1990
2094
4598
8710
5256
3545
10403
727
4396
5672
8584
9459
1986
12107
1860
7164
11450
4142
9924
7753
119
4909
2769
13234
3684
7478
2298
6329
11941
2450
2297
5304
2968
2869
2740
11911
5239
5079
827
9460
13258
3619
191
4654
4020
2086
458
6703
8036
12454
10400
5887
13249
9642
2814
542
10198
5624
3824
13277
2779
8637
12946
1317
4329
9904
7547
10364
9977
3712
10226
10855
8410
10765
4804
966
2104
10449
4772
1434
8746
6485
3201
13070
9348
663
5213
9498
487
5164
3042
10634
443
13411
10064
8796
13679
12999
1859
9131
3220
5306
3839
11593
1558
2104
7599
12174
3121
7025
1303
11300
6249
8036
6645
11804
11607
3221
3592
11497
4827
12882
1573
12177
6648
12349
10456
1542
6189
127
11378
5213
4264
9825
6863
2161
8608
5418
213
2542
6930
7206
4818
5915
265
12563
9739
8569
8814
1439
3563
6755
8776
7027
6972
13388
2273
9616
7119
2461
11139
13369
1810
8325
1541
11622
4198
1184
1809
12294
2792
11783
6476
12637
11281
7025
778
3872
4423
10396
6078
9439
1182
6365
6889
5742
2201
12753
3591
6476
8428
2834
12375
3661
8366
2018
3038
12079
4247
5578
809
13487
7087
13161
4639
499
13104
1600
3966
6009
5073
13319
35
5538
4230
7518
3545
11475
6552
12916
995
4576
164
5956
6998
10116
2382
4675
10729
13501
3848
6752
10449
11251
10850
8557
9274
7381
5881
5998
865
1623
6978
4471
12911
886
4958
8448
2948
7445
264
7792
11733
442
1336
3136
11029
12191
12519
1405
10392
8358
2526
10559
2365
3493
596
6894
3361
12334
9253
4939
12750
7386
6230
10024
10475
298
5079
11395
2053
11791
6867
1117
5793
9947
2019
9296
12357
8491
12884
2341
4455
10461
10035
6903
8197
6635
10347
2459
6213
8637
8516
7355
1696
13206
10280
7339
2477
6707
12397
10594
5143
11133
11132
9192
6217
12847
6322
11279
5337
740
5669
4361
3111
1198
9610
950
5757
12784
2161
2691
6412
10105
10045
10501
8502
7987
3647
2054
1148
8035
2860
2705
2861
9242
1368
7258
10446
13064
4114
13607
3559
11359
5010
2784
3736
5176
2948
6167
5653
5655
12499
3956
10964
2676
13412
6155
12322
6268
5898
11233
6573
12358
7662
1206
8063
9889
3054
11051
1742
11198
12823
7823
7877
12606
7729
9734
450
5507
9527
6918
4012
6125
10590
8062
1795
4871
9293
6359
8175
7812
8333
7094
9607
7342
4667
1372
6809
6841
5106
8845
3360
7583
5138
10135
8716
13201
4753
3883
1237
6895
9410
1275
7365
4391
11215
6967
7553
9258
7079
8644
1765
11561
3217
10660
8938
9609
9473
10980
5459
1798
3971
3537
2483
11585
1160
5709
8968
833
12748
4314
12375
1192
5612
3870
4894
2110
4086
455
8085
5780
7605
4044
7200
10873
10606
7929
7288
9507
8197
7134
1591
4292
13465
381
6486
1058
2516
2496
3826
6340
12200
13285
13071
10893
6674
12683
9776
3990
12464
11095
4069
12586
1521
8395
2870
11579
2727
5941
7908
6024
10561
9720
1317
8122
6182
11745
6277
116
1055
12440
12812
8090
411
558
13380
2400
4521
12833
11470
1594
5739
1175
4406
7955
3718
13066
3590
6323
8467
2853
2480
9255
8611
7743
3798
13364
13162
5271
9325
2528
2977
13690
10991
4012
11374
12824
12829
8180
3546
13294
7726
3196
10391
4795
89
7921
5671
10635
12827
5874
4116
474
3673
13181
10833
5294
300
450
8609
7226
5674
9941
11697
12666
6271
3265
8925
11938
493
10021
6477
4623
5368
3321
9641
12479
7006
10645
8490
346
9642
6531
11522
10044
6208
10337
2497
12723
1053
8580
6025
8785
4150
5481
6174
315
12771
4094
3980
9024
6645
9296
4944
2775
10316
10303
12597
8605
8854
11986
713
10839
10426
1867
2513
3039
12674
8706
5239
132
10436
5433
538
12488
11896
9870
74
2513
12862
10688
5290
10660
9792
9026
652
10828
11918
4701
7774
11418
5092
13139
5578
3029
1643
8984
11990
4425
10424
1677
6570
913
1621
1407
8707
10858
3997
7315
10290
7992
6846
708
6623
4047
1493
8465
3697
6608
8074
8012
3837
6309
624
13243
7694
12067
11918
7139
3093
8762
3860
10467
11760
10196
5112
5926
9871
12384
7428
2450
1653
6770
651
817
7090
4643
2109
2837
4960
3828
11249
9542
2012
8428
3317
2226
9301
706
10680
343
2865
576
4562
13581
8434
3541
8217
5858
8013
1192
12324
10559
4254
10148
6542
12029
11952
2754
11639
6415
11687
4502
9449
10537
2839
11757
11047
80
3108
1125
5507
3297
12617
8814
7778
4230
12098
7304
148
8387
112
4295
1691
3790
6144
10171
5708
10546
8015
4153
8735
1221
2513
372
1030
4037
5957
8252
13583
7440
513
6825
1057
8636
664
7903
5388
4319
10085
3450
7006
294
10166
12883
8259
7264
1096
5576
12918
7223
11588
8616
2922
9578
6461
5809
6424
11149
11188
5982
3719
5714
9442
7470
12025
138
11871
1533
4823
50
7248
11101
7203
12334
10988
1909
5179
326
9323
1943
13336
5361
11414
3184
12490
6716
3364
5636
3600
1391
5367
8797
10293
2636
7677
8695
8712
1744
10315
3820
11860
9176
7124
1562
7462
12232
13302
731
9670
5254
6107
2116
8047
2636
4347
784
9416
1707
6529
12879
1308
9961
11146
10728
11044
8176
11517
6772
10742
8054
8090
7738
7683
5000
324
4501
6092
1538
1191
7741
11318
4385
9645
2888
11235
11276
3783
6504
12314
1185
7868
5501
12501
3316
4378
5285
10612
1094
12804
12229
10240
12135
3750
5399
12315
1734
11125
8313
8878
762
1851
3827
4334
1309
1717
3
10210
7275
4053
2691
140
3239
10474
8515
8235
11394
969
12098
5936
6686
13328
12123
720
7418
1618
12756
2300
10110
2459
8106
7556
7009
418
9876
7420
468
10157
3032
1089
8812
13290
3151
11212
3888
3700
3742
2448
2060
10833
9551
7398
4699
2241
18
9934
3677
6426
2683
2869
3109
12010
9773
13467
3514
7854
11849
782
3847
6985
5964
12289
11002
5577
4535
12757
3492
5839
7655
4080
9598
10755
3354
6222
611
10467
9181
13291
7874
4595
12386
3806
7798
5777
1007
12784
4352
6975
11243
10184
8124
4862
3224
148
8516
10885
10717
5447
1022
2802
7348
8294
3416
11947
6443
8832
4256
1812
9937
7815
11457
1636
380
12497
1490
11808
6095
5911
9977
950
1147
8614
9674
4079
3743
3612
6961
12800
483
5766
8546
202
3207
10235
1957
5285
1242
4913
5820
7433
4863
6088
12111
7311
9628
9685
208
9519
11697
3832
4202
5686
3170
6539
4066
8141
6877
3173
7757
12274
4690
5221
12318
1170
10095
9642
13358
8335
9058
947
1204
5677
5647
7298
2141
4466
1837
6207
9701
7202
1107
13503
2073
9607
4261
10507
4416
11523
10941
11207
9395
6380
12218
5114
6922
4652
6370
8395
3888
7779
13674
5412
674
10865
9164
2412
13333
9982
21
12138
5791
2827
3097
4226
3396
2895
5960
3243
11666
2056
5488
6347
1521
10217
6687
13251
10548
7720
9035
4736
7012
4070
6987
9874
4972
6908
1140
1683
3997
2090
820
4214
13535
12583
7221
1684
7827
4613
12708
2919
601
783
7424
9389
12599
7590
7801
12173
7160
13575
950
9745
12811
9365
4049
9498
12481
6919
13035
12541
5387
11285
12970
13030
551
13609
7676
7470
10235
2258
6858
6427
2686
8167
9759
1713
8468
2402
1246
10344
4197
12804
1588
11966
10188
7794
7121
7838
10802
6891
3444
12928
1772
4773
12040
10203
7418
12337
5235
11238
6181
10136
6323
7661
1435
12867
12907
584
2606
233
519
12163
12133
3547
11796
2968
1441
4863
193
7107
2688
5761
5287
2528
4877
9536
8194
1048
9456
2432
1643
1321
3582
7400
651
10999
1457
11702
6121
2146
536
5598
5377
11960
113
5385
13305
2274
5699
6882
4321
13193
3660
11137
12333
1555
9009
10588
8948
6181
7884
12919
13291
11989
1913
738
9649
2622
2562
8994
9436
1620
883
7453
4006
2017
2642
2081
3990
1575
12266
8121
5211
722
8075
475
921
8095
6154
3581
1919
6934
8086
1574
3781
6602
706
13319
7461
6854
12084
5038
1586
265
6427
8858
12398
696
9993
10726
5883
7737
2041
1058
13023
7377
7017
11458
11799
4372
13443
4321
3182
11383
7739
3218
395
11373
12255
349
13504
13608
5501
1616
272
3735
3100
11881
9783
10155
11560
11686
6402
12462
7203
10686
11039
12292
5379
10078
4237
10278
11328
2256
3479
8191
7620
9073
9129
9398
4895
175
671
6154
9287
7220
4162
10747
2682
3660
12233
8926
3841
1847
6138
11893
7773
12581
11738
6489
7240
11303
907
13220
4175
6969
13661
7153
3608
7345
8333
12265
8215
7692
992
96
1559
4721
5156
7627
7894
6199
3644
13369
6214
2549
1534
12023
11485
6548
13070
6265
8063
6164
10594
1592
7113
652
5590
10183
4261
9222
3276
3388
12252
13056
4041
4708
6351
11782
13315
12019
13581
987
7484
7231
10363
1368
5479
3234
10733
4488
4401
1285
432
12638
6912
8199
1867
2340
11688
3790
10682
1624
8471
2985
3767
3443
10397
12386
12367
1030
5298
13479
7202
6299
5794
1615
9770
2291
7111
3797
2233
12279
2488
10086
6487
4269
11717
7668
940
2382
2865
499
675
8330
8585
6187
10304
4423
6235
13167
12008
6962
436
8810
4934
12420
11437
8570
3665
10879
7403
12657
11194
9870
1051
10799
5311
595
4187
8183
4425
2356
2410
1436
7083
470
2856
9007
3993
11449
9173
12954
8135
10337
11064
1469
10361
5653
5367
4401
525
6345
8303
2832
7595
1579
12678
4821
11286
6792
13396
735
8659
5771
7362
2105
7454
12859
8151
12520
6243
68
8507
12366
5171
6126
1863
5667
12083
9586
13322
7075
4798
4852
5147
4750
8358
6054
10053
12179
3138
1094
9587
8862
7985
13376
3566
6368
53
5209
5929
10665
5398
13358
3558
3452
13474
12461
13157
779
12170
6807
13266
11803
8542
1622
9149
459
13240
3384
3814
12021
2922
7517
8912
11603
11676
13065
83
8184
680
10160
10384
124
9406
5793
2737
1965
9966
12957
160
2824
711
341
2812
6965
1902
7340
2556
4722
6749
1897
704
1179
8538
4818
2078
5852
3388
7906
11023
11901
1650
10248
2898
7959
1291
7217
6756
12020
7032
4703
9895
13493
3587
8448
3777
11463
10016
13140
4248
5629
1288
12434
9692
1891
2681
12554
13178
4967
10956
1445
10929
10491
13071
8244
11096
7630
2444
1601
6553
13646
12286
12418
13698
6643
833
10438
7492
10670
6105
10529
976
3935
9631
12817
3693
6575
1387
13117
11836
11126
6961
4924
11985
2785
10469
9076
11330
3835
5878
2428
6990
6545
13594
8373
3686
5733
1858
2738
9784
7201
3670
9229
9290
9621
4938
3215
1360
9751
8664
6190
12032
2181
3496
9832
2395
11270
12528
5098
4350
5128
4814
2962
7313
13336
9461
6090
12277
651
7674
7305
7298
9620
5918
10173
1479
10941
9753
12144
13461
3269
4441
304
13033
3094
13437
6077
7135
11528
1960
13268
6611
10631
2113
3553
10063
8291
10875
7425
3432
9801
1328
4979
5681
982
1679
6847
969
7963
8187
9115
5045
13022
8066
11003
8745
9328
12710
12883
5509
3875
21
5803
12117
10378
5793
635
2293
6472
5839
10602
8230
12440
10938
6470
12734
9965
71
4276
11232
2183
2592
127
6454
2195
1102
1311
3451
6199
1125
13635
5935
12048
8361
1067
8980
11635
1244
10902
10345
11704
13185
7331
4025
505
7644
8587
11181
7921
11826
7727
4458
7674
5655
12240
11876
13610
9544
5492
314
9319
7978
486
8379
7434
2872
12982
11218
10395
1826
10548
3889
9545
4743
3544
3380
3916
5882
5358
5621
3823
852
10500
3945
3138
13520
13499
9622
6741
12104
233
10446
3458
2495
3915
9963
3010
11914
8850
10665
1641
11114
5418
1613
11221
8646
12584
9487
5963
7278
8783
13192
2720
4694
2294
4679
367
9031
4352
9708
1702
12793
12534
8882
4397
4625
11798
8537
8953
3080
9852
8362
3202
2261
8183
8864
4814
5714
4714
9885
6272
488
6573
2683
11705
10340
1305
2445
12318
2254
10575
758
3803
10103
1529
7223
759
9845
11650
11145
7592
8206
6398
8448
3974
5381
5021
7836
1858
7776
310
12004
8132
12259
8495
2924
2815
11163
7042
3157
6758
13379
7798
8917
12197
11080
13415
7925
13089
3902
10823
7947
11510
1434
9849
6068
2276
7165
12521
2875
8134
11987
13437
13591
2656
5057
752
10907
2240
5970
5661
1129
8326
9602
11860
11213
5445
152
12889
3732
6085
2587
6823
2508
5405
4972
6784
11999
5657
10866
9817
12361
9991
10137
3212
5612
6260
7640
5414
10765
1771
1432
4890
4856
2404
2420
5843
9973
3458
11359
6452
6456
5577
541
754
3163
4522
13339
5654
11394
11767
12428
5520
728
5654
4092
10349
7991
7510
13462
8817
211
7015
7858
1627
212
6516
8329
9364
8186
12266
6980
12135
2405
2837
10088
6303
5120
12640
8031
13094
6705
12858
11639
305
6663
2035
7573
2727
12227
1780
11316
7975
3093
13000
1166
8225
7096
13042
2951
2030
10518
3698
3740
8301
11397
6397
9668
1532
2996
7284
13536
1293
4269
5982
11845
5640
10631
7873
7480
9486
10150
11656
9091
12749
12059
6186
5652
1388
5445
12328
13440
687
6597
263
2539
11497
12614
8586
12222
4683
8551
4375
6016
2141
1261
10003
11000
5527
7088
5582
12202
4077
10758
10025
6902
13295
999
11836
7097
5293
7870
10653
4337
3086
10051
8169
5689
8231
6653
4131
4192
7953
4815
8716
1541
5749
4813
11711
391
2361
4556
12745
11739
1273
7026
11833
12065
9524
12421
9622
12861
13624
8826
7786
13224
8670
3524
10974
3121
5184
7731
2946
10857
9978
9274
2743
4223
137
12760
10764
11462
7055
8567
9408
1445
12469
9931
2963
5464
10068
10544
8789
9718
12094
9998
11434
10180
60
4821
3550
13185
1948
2722
9484
7198
5357
7949
1153
13652
417
9986
8439
11723
9521
7482
5769
10336
11631
11716
8223
4192
7669
8924
10653
846
5661
11904
58
9169
7424
3155
5683
9077
1598
4378
101
66
3978
3636
1969
652
10647
9372
3498
4874
4983
4096
9474
12103
7293
6545
5306
2116
9195
5264
4507
9174
8471
887
9323
6318
13006
3068
8754
7332
4762
927
13297
12059
11500
12085
4474
11173
12224
8582
11190
5019
11804
12190
3126
7945
505
4554
9925
7853
571
8700
4505
5543
2394
1960
2609
6780
8905
13004
1874
5096
2135
3405
10157
12984
13382
11707
11580
12270
2407
2488
369
11839
8318
11377
11509
8195
7983
6271
2502
1430
8801
3248
5867
3505
11660
712
225
9524
11852
5368
6276
10021
4124
3352
3848
8256
12706
4115
4608
6438
11540
1354
45
3348
8967
1456
10191
5321
12304
12312
3247
2327
8270
6991
4726
2186
6596
6063
268
6915
10485
5990
9575
4077
6213
12559
6712
4614
3430
3470
511
2714
10632
12413
569
2530
10200
12888
4243
4695
10314
4756
820
6895
11886
3221
2561
1353
114
8663
12318
12992
9185
5140
10436
3556
2395
11777
2802
13098
4010
12792
3945
6992
11847
13391
2135
5903
11489
8072
4860
11594
11371
13349
10931
2548
6384
11468
1678
8419
645
3402
5627
7250
9477
5447
4938
1169
5571
9973
119
8417
3198
6376
8580
4762
8252
7742
12895
2404
10530
8841
11757
11040
10053
7381
5813
6297
10732
628
6081
4493
7215
5548
9391
5584
144
669
3043
2072
10488
1756
4937
9240
1478
9659
11857
12642
2881
10408
4039
446
2745
11242
13287
7066
5292
2376
10719
11100
11713
2738
5114
6098
13675
11462
13547
2387
3866
3239
12144
4896
718
190
2244
3482
2382
3761
11496
938
12315
10017
6549
3665
8875
13496
11028
4756
5777
6779
13164
3503
9226
2660
7832
11142
6369
11693
2763
11209
5430
2468
11920
10616
1910
878
9841
6224
3348
5704
5538
7779
3285
5269
1144
13493
2657
808
3921
12033
7519
7730
3936
4460
8743
6769
8182
2440
11104
11736
11106
3903
11116
10267
3541
8332
7222
7311
11471
10874
13486
7634
7483
7200
5486
10205
13611
761
839
6545
5547
1695
2317
10653
13297
4279
10720
5258
9674
380
7212
12477
6758
5439
2299
4402
12666
8040
6633
9701
12463
8488
7485
6879
9409
10943
5998
3925
10626
6826
9568
4838
11319
565
10086
10314
12172
1771
11891
11913
3585
7898
7532
13692
4532
11407
483
10288
13185
5868
8643
11026
10961
2505
2168
10286
6812
9138
12618
6850
11941
3121
5267
10836
7972
12983
4317
1214
13584
12340
11073
10530
12368
10714
9506
11909
3826
8893
840
6466
6255
10787
4538
5198
7469
9541
2853
2808
5805
3828
8900
2677
7467
11275
7139
8523
8890
7159
8882
7535
6654
6940
4206
8185
12573
2327
10587
1055
9222
6574
4088
9692
12803
11552
11998
301
6002
3688
8383
11090
3614
4466
13029
10101
12706
512
9812
10269
1583
1166
8687
6351
6525
4634
3308
5188
13630
796
11738
1205
1949
8769
12462
4291
4482
6587
3740
7736
6197
12705
7414
6432
10618
1929
12249
11551
3671
6156
7317
10206
1955
1645
11251
9147
8657
6539
3164
10887
4454
3163
3042
9953
9698
2086
9817
8371
5145
12134
3107
11889
5497
3028
9982
12944
5430
3484
8041
5670
13113
3162
6002
3989
6647
2362
4146
1417
7323
5470
11891
12915
3322
9770
7519
3001
8703
5811
1981
13208
1822
3421
1557
5460
12702
12681
6226
4809
11197
280
10158
7016
6854
5477
3961
6945
1727
318
1266
7716
11776
2549
8959
12213
10799
11280
6418
11589
6065
10474
5714
9512
1086
12854
10007
12550
676
6095
2122
1617
12856
10144
10954
1455
13269
2638
2751
3441
9721
4539
10264
13403
11115
8011
10945
8209
12677
3935
9004
870
11882
1659
7585
6458
2356
3708
2762
5867
12721
9384
584
11169
9957
11132
13218
8250
10803
12544
11417
6133
13200
7467
11586
4150
4492
7886
2175
11142
6173
11509
13624
2610
5552
7785
2624
58
6567
6384
11441
13018
208
3143
10846
13583
4765
9781
9705
11050
11086
12790
10047
4007
10775
6428
12581
12977
3325
6317
6223
5004
80
1378
6219
3642
4269
3958
2401
11621
6988
13658
7890
8367
7743
1655
3148
12663
2179
5792
5978
7664
11796
7929
8868
5663
6052
259
1515
7798
10896
6356
2403
5114
2932
9139
1674
3394
7860
9618
512
2195
5956
1954
9313
109
10308
3979
11900
11949
5804
10090
2824
6941
3839
11883
7683
9491
863
3577
12799
5832
11779
2529
1836
1091
7929
6122
9755
10143
5269
12924
438
12098
3169
4239
2451
7068
7929
3010
4915
3985
13400
1456
9706
8340
13305
2053
10922
8138
3630
8873
4888
3262
9441
5866
13512
5092
1010
11785
11832
3470
8872
9836
10184
13124
12179
2473
829
4557
1069
11142
6717
3183
13565
4432
1909
12621
5036
9977
4465
7632
13496
4068
12143
8629
12749
13379
1122
13308
4443
2573
4011
12652
5713
4767
213
7489
12717
3863
3359
556
636
10911
11887
10658
1897
984
11235
12707
12071
11309
760
11695
11084
2073
1317
13014
13076
4757
8665
224
1625
7724
1385
11313
5433
12430
9961
9616
2628
10690
1203
5188
4307
6852
8238
6798
3321
22
11537
2601
7933
9521
5289
3382
9531
13153
5929
10690
7484
6197
6083
13571
3717
12174
5525
10602
11625
1291
405
10054
12995
12740
496
2905
6320
8988
11667
3043
3102
7193
5747
7456
2831
12074
6968
10781
13029
1031
831
3960
3885
9255
3676
1047
9219
12218
2729
7998
12219
9752
1268
6904
8003
8636
8296
8406
8947
5107
8351
13349
10131
10319
2777
888
11692
13057
3288
11206
2960
11994
677
6948
849
575
11904
12082
4687
7350
4290
11073
926
6118
342
9700
12613
3528
2267
8853
12567
640
13658
5751
1134
9984
12489
12132
5879
1376
2579
13192
8344
3120
414
5228
8437
479
6867
476
8306
13108
10372
4328
3347
13103
10111
749
8667
279
1779
11309
144
3242
11805
10123
5860
3034
2481
12873
10963
6755
10616
5072
8208
9236
7482
9279
5085
7666
3614
12560
5920
12675
11957
8046
12460
1788
5649
5305
11443
9605
11502
11880
7570
8729
8933
1975
12223
13236
7480
2951
12978
12160
4366
4579
2260
8321
5058
6194
10049
9708
10272
6085
10805
11966
4994
9635
2442
4003
3993
915
13673
2483
405
2137
5160
9091
6282
5849
625
4430
3463
7239
9440
10546
686
12544
1786
8610
397
4371
11014
4598
11495
3640
9458
12726
10031
3895
1971
1866
10354
8574
8667
2268
4400
9458
6318
7911
3684
2351
12150
6861
3878
3384
7733
4757
10795
12542
12663
6966
11607
1357
3808
12306
458
13571
10690
8354
7092
5760
9623
1878
6609
2001
7413
889
5121
10726
2775
12074
4609
9478
8447
7973
5474
8240
4101
5451
12973
7328
4192
12654
9660
10775
895
12839
7797
13199
8009
8555
4171
1159
2036
11241
1456
10892
10818
9674
1308
5741
7278
878
13673
6114
11674
11147
1121
5493
3117
5101
7246
4206
525
11710
9214
4420
2025
11187
10417
3581
12568
4251
4653
1769
3083
11992
7665
3610
3863
13640
13673
8506
664
11822
8122
9395
3525
397
4630
12265
12951
8701
12140
2142
8693
11066
916
4607
9257
8531
3126
4159
3851
8274
4270
10405
1903
3754
809
12882
2328
4556
7903
55
5140
13083
4096
1775
5845
9314
9022
844
9057
7232
4099
1940
5153
6211
2048
11109
6225
1090
5779
680
5787
1941
1979
2845
2484
2568
9222
10379
8370
3905
12010
1694
11755
47
2769
12029
10074
6286
4839
11369
9775
3941
12298
3415
6289
5801
9206
6712
86
13278
765
1468
10980
7822
8965
5940
4891
6468
2384
3974
12934
7523
2211
5240
4356
9416
2758
10544
6317
2848
5669
9810
1351
12228
11625
4729
11703
2397
3149
2469
2740
18
1504
3072
10417
4124
10809
7127
6511
196
3687
5158
4691
2557
12178
13538
248
8121
12836
7293
298
11213
1837
4766
4200
10719
1106
7885
6433
13693
2066
5719
8937
9457
9924
12986
4471
9008
13523
10856
5027
10504
11129
1840
13685
774
10243
7644
5531
8250
12061
213
517
11285
6176
3360
1495
13182
12155
10365
1264
5572
7488
4252
3758
11342
9799
1128
11019
7091
3076
5952
2646
5284
6826
12631
6409
1425
12654
10954
1929
7961
5801
9865
5979
12966
7365
9913
11278
11938
5542
9244
9049
201
4153
7771
9894
5068
13553
4694
2134
11073
10765
1326
4184
4147
4030
2424
1414
9463
7938
12946
9134
794
5785
5846
6225
6036
11921
5951
9976
7858
10166
326
9949
3386
6394
7402
9308
4072
8626
3853
5516
11997
5075
674
4731
5052
6730
6226
13509
519
2429
7381
11880
11652
4440
13628
12290
12748
2108
2597
5027
12359
10899
5057
8892
4106
187
5559
7936
13396
3811
13461
11709
12635
451
11518
1777
3620
4992
8114
2000
176
2104
272
5077
7985
11172
10224
8805
7228
10123
11123
10530
8370
9351
9715
8685
8401
4411
2381
4954
4376
8704
4930
9378
6312
10048
10169
9493
13307
8163
6350
11955
10559
7572
3367
7810
7873
9127
5014
8678
10208
7216
3619
9467
9792
7258
715
6238
10667
9301
4159
11721
13015
4941
4863
10799
11733
6710
9994
13082
11530
1237
11885
11739
4130
8035
3362
11611
2410
3565
5776
5030
3527
913
4034
8534
10401
8017
181
161
1944
10962
4536
1049
10987
7204
9721
8096
11934
9308
9204
5092
7246
7908
5151
14
11425
8164
13615
2334
169
11675
13563
5387
11444
3448
3648
7604
12214
9516
12128
2442
5305
5416
9797
3434
13083
1175
10223
6935
3338
12439
7710
7174
752
10548
8258
10557
5480
4141
3844
12814
8251
1683
8475
10680
267
10055
9618
2966
13591
2590
11920
8725
12144
2081
2845
10704
11673
712
7500
613
2968
4851
1014
4340
13672
10453
4070
13351
4068
6825
5229
7847
10285
7297
11994
4002
43
4437
5384
11616
6670
5252
13563
3326
3066
4407
5804
6219
10179
385
9630
8401
488
5109
9385
11788
3465
6783
12286
11058
3555
9263
12934
9286
6396
4504
1726
8276
3707
2802
7947
6083
1346
2361
4744
1603
3199
11707
1927
461
9029
7231
4327
7060
11896
2077
123
6999
7560
1831
11870
12159
3215
11877
7798
1996
4115
10515
8626
12812
6839
191
6332
2589
2679
5105
7754
7755
7449
3921
10297
6008
5465
4875
8083
5996
9202
2032
10523
12081
3299
885
5415
3386
2287
12747
11677
9905
11787
3457
1117
13095
5878
11485
5412
13078
12364
13681
4898
5957
11322
2784
11451
13471
5204
13686
13585
5604
11895
11606
2804
11350
9657
9448
3179
6013
9105
4005
9325
6506
3171
6652
10739
11960
5512
11046
12120
8667
4475
11375
8899
3132
9311
733
7817
1379
8863
2134
2168
8699
8266
1743
1845
8144
10809
8005
4842
9424
9285
11865
12616
6374
12272
11715
13092
9035
6384
9185
9992
9695
13176
10102
13526
9818
3460
12421
5371
4718
1971
3533
11503
7132
3340
8670
675
9718
12736
6843
2607
11798
7430
1891
3469
10832
3515
1021
3421
12274
11605
8539
5062
5746
5314
9686
8719
1349
10248
1278
3592
9125
5512
11891
11774
9720
5793
578
4440
3599
8914
2231
2244
941
99
11225
10543
6665
6776
2677
1463
7242
3008
13295
11880
3262
6848
1558
9370
7219
6292
934
12807
12803
10785
9959
2728
5577
11880
11244
4235
12057
911
12267
11752
7722
13005
7662
7032
10844
610
7328
10774
9307
11953
6104
12659
240
6995
7192
2527
8615
4142
9151
10708
1952
6191
9130
4152
12497
726
10862
549
6993
7256
1324
12425
1740
1397
680
4088
6315
13096
7445
1220
8909
10295
5834
4480
3433
5428
16
10039
5343
11743
3191
13539
13514
13506
9317
13069
10142
12705
13309
5981
6163
4340
7218
11582
7317
8261
1945
10998
5433
3539
7558
8243
5360
4730
7750
1865
6891
3026
5402
9826
294
12077
8264
1484
5615
2628
8603
3422
12506
3857
7815
1723
6357
12236
13650
12481
1511
11066
10963
2562
2515
7871
5445
4287
2044
11011
2471
3836
12977
8634
11224
5960
13077
8745
10460
69
67
6502
1124
7658
13045
10942
4374
740
12792
9233
10408
6969
6147
4944
12684
12962
6506
1539
5809
11878
3018
6192
3034
9840
11877
6079
6516
1048
2868
8129
10438
5586
8775
6949
9524
3453
10631
9454
12411
11313
174
7452
3101
5068
7294
11154
5748
4744
7196
6307
12018
2449
6490
8490
7840
7504
8573
7519
1187
10465
11489
8925
9645
8040
5500
3109
1806
5719
6869
2011
2929
10897
11466
1125
6438
5771
5395
13221
12976
3575
11383
2085
8132
10934
5219
13339
1745
1920
6569
5245
9076
11472
11002
10656
2255
1621
9563
2069
12396
504
2359
6894
4921
9193
5276
6419
5668
12092
12354
11396
8591
8961
10827
4054
8941
8565
590
494
2839
7955
2078
6830
6470
12005
10635
8212
4779
5877
12914
11355
12471
2444
12544
6177
3973
377
5037
11465
4062
11819
3141
2154
6336
5536
6077
13285
3115
1537
4367
11388
4266
9991
5484
13584
6426
1548
9398
9427
1754
3042
4677
11337
13073
12847
214
2066
1917
5520
5683
7783
9751
8367
4183
2383
1313
13128
8805
6402
1604
2310
4092
10238
10979
6019
10723
7493
10010
8499
5867
9293
9988
1672
12891
12695
11492
2535
5476
8831
767
2819
6444
9425
12170
3173
6598
8815
3953
5400
9275
10841
5168
5550
12449
669
10954
10963
4813
10094
2820
1595
10784
12551
1259
13354
13663
12195
9776
8177
3452
2375
8826
10272
9732
11082
6155
1537
3554
12154
116
8921
8421
7631
4112
1781
5100
10408
12910
11882
12753
12981
2940
3060
8769
5111
8714
4895
3139
1936
3970
9480
12356
12510
586
2214
1376
12288
4907
4447
11744
13132
12817
527
1939
755
5364
7516
12887
11018
2807
11647
7550
4556
3963
4391
2476
6730
10142
2280
10227
902
1449
3610
7017
11070
8298
10806
8929
10778
296
178
12418
1408
12900
7094
1609
3735
10330
12655
10742
10361
8417
10146
6081
3577
1678
10860
5842
7033
9327
4848
6440
9144
7750
3358
7852
3571
4170
261
11355
6046
7095
1461
10674
5566
12725
908
7822
8398
239
8250
9278
1442
5979
7596
11977
7227
8045
6949
10829
13277
11032
7244
2325
12525
4376
7131
5764
6010
1028
3604
4592
8073
9083
7270
11627
6452
8932
7274
6286
374
8976
8518
10064
3648
7873
9315
934
4054
5525
5397
7808
11409
5506
11746
3252
11902
7928
10377
2319
3189
2608
10186
2473
3088
1474
13354
8287
2301
10506
647
661
2474
12691
10067
11395
10503
9353
4006
2965
942
6443
8657
6771
3432
10136
3503
544
10148
1383
6835
6129
10592
9370
6698
9082
9318
2739
7776
13578
12564
2633
6690
7812
2408
10902
12341
6574
13642
3151
36
3172
6765
8405
8605
10415
8515
8268
4645
9685
578
9153
12541
6657
9941
5263
2268
13676
8355
931
4341
2159
416
4155
4188
8796
10115
12786
5001
12097
2037
11884
4175
3763
7879
12040
2798
7029
13590
7156
63
407
4688
2464
8978
8489
10361
8674
8753
8958
9444
3345
6163
2366
1342
780
4847
12912
10706
10193
4406
6800
11519
1468
3156
7892
4853
7024
3559
10483
5665
9315
8259
4064
6094
7268
897
5596
9149
2405
1415
800
9879
10010
7436
4949
10282
7266
10022
9426
11731
10552
3997
9674
708
7945
12255
3119
13453
7454
3176
2356
2799
11259
8118
8984
11387
9786
11507
7794
8092
4203
5688
3564
7663
4739
5599
8060
11061
9076
3741
4754
4609
10930
12271
9642
7128
12229
13418
12416
2711
9304
9861
11422
12118
7660
3116
11590
8619
9321
9613
3161
12121
12888
2999
1522
9002
9091
7722
13334
8230
12376
12704
13454
1591
2275
774
13651
4823
4759
7985
1738
4945
7262
13633
9972
3864
6754
10574
11140
2676
673
311
4807
3884
7246
1993
3328
5724
990
11829
11672
4195
11153
2916
2180
11367
5110
13244
6390
11289
373
4076
3145
4546
6650
10165
3000
6454
7882
8267
6249
2433
8734
10825
11426
3887
3728
11035
1032
1040
8202
8005
6874
7683
7956
12843
2652
7484
10597
11976
3659
12808
1967
749
3783
950
12676
5617
6356
2189
9914
9442
4605
7714
5208
7537
4399
2584
2846
10062
4977
5168
6194
13117
4109
12026
8986
5802
788
917
8244
10092
13255
4777
7524
1478
1822
8337
12190
6518
7796
1228
9800
3205
3944
4322
13311
8226
6073
10019
104
4290
7881
4312
10805
12118
9196
2278
8644
4477
11614
9925
9118
2011
9512
10815
7322
6025
2412
2589
12859
814
1387
4364
12765
11028
970
12616
1176
1596
7919
2554
983
6608
12409
3634
5606
7017
6394
7222
9827
7746
5580
6351
8742
1070
13040
3006
12732
4780
12529
11642
9185
13418
3676
2996
5029
1037
3669
163
7189
9071
6122
11557
3163
8003
7685
931
4712
2770
3534
8539
11437
3050
1078
3196
3400
480
8539
10702
926
13438
3341
5387
13228
2609
10282
10044
2017
11311
979
11748
7240
7533
6701
7132
5769
7254
9301
7585
11861
8096
4952
5044
3933
1451
1270
4071
2829
827
7896
13215
10071
7059
9183
9518
8067
4731
13300
7003
1574
11551
5418
6408
7493
12691
13670
6325
5286
12484
7627
2310
6473
7874
8588
11713
12754
5149
9799
4147
13633
11676
3812
7671
5295
6848
13615
9203
3487
1755
3147
9426
5088
930
2959
13306
9019
5943
1516
532
3724
9181
3804
11487
11621
2546
3472
3863
8448
4507
273
5841
9843
9460
3813
1277
5071
5319
13669
12513
4744
10239
4497
2346
9459
9263
5199
227
6683
13007
2453
12844
11252
3035
308
5522
11413
7298
7125
5823
877
2939
4450
11400
8334
9201
3624
4541
437
1359
3704
11043
4915
4316
10243
4197
10288
9446
3698
10982
13222
7969
8614
96
6848
1980
5087
10531
362
8385
3544
7138
9438
12542
12582
7585
3377
7569
943
7857
8125
11580
10597
8821
10733
8766
6045
329
3123
7928
9142
13289
1793
7124
3248
4785
2476
1601
11144
498
3246
6942
7835
3948
12928
11816
6964
7534
9222
12661
7280
6122
7124
654
2974
2528
7635
6038
3881
5689
6620
9519
9833
11197
2646
3934
4558
7778
6539
7285
9464
1386
5880
1853
2750
10163
2200
4661
7604
1995
2599
1532
906
11358
3320
2790
12452
4798
7118
4710
11900
12919
1283
9641
4690
728
9696
6995
12054
5625
12268
7036
194
1642
5220
1321
1116
9962
606
12519
9523
6647
3681
11679
7667
12907
856
8839
5995
13230
10959
9622
421
1937
9836
12016
1496
2883
4810
5723
1051
2535
13671
7850
9231
6687
7024
10718
8901
3497
8151
322
13506
8373
3052
13410
1790
7850
11864
6503
5857
10335
12821
8732
8891
7541
310
7479
2591
9241
5195
1232
2945
13241
6906
1232
11147
1796
4357
5041
5098
10560
8378
3359
3462
2560
9576
12829
577
906
5580
6619
1193
12893
8734
4014
8430
1169
12042
3560
11907
4519
13658
3284
7357
6338
1370
7724
4700
3345
8804
6875
13194
3132
11083
303
7489
9095
13023
13278
3984
1961
4858
3897
3201
10845
1456
6704
10929
5771
11779
198
13682
5016
4145
4726
9297
1881
1243
9117
8409
3620
2359
9004
9484
1487
1848
3765
1155
1286
3225
4808
4657
9058
3578
402
5620
8940
6620
479
8538
2367
11754
5045
12177
11378
813
7459
3642
2707
971
7928
7528
4543
10068
347
10538
4815
7508
8492
11827
8090
10972
12578
10618
1211
6309
8241
6032
12111
7859
3920
6851
2263
4078
283
12249
6184
211
1921
3169
6246
7140
4049
9686
4406
10931
4885
1749
2029
9406
8122
662
12225
9030
8786
9925
11836
6515
12943
12441
9696
1852
5357
6059
7813
13437
4509
2130
13365
185
2183
13319
13532
2752
6513
170
4146
12559
575
2040
9543
10873
2175
6825
1230
8450
6422
7918
6768
11801
13307
8736
13139
1618
6017
9466
6006
2249
9653
3389
158
5092
9670
5312
10772
10431
6428
10677
9380
12156
5592
10002
12929
10975
6040
6362
6369
9483
1232
2166
11411
6990
11896
1059
2674
249
12004
1738
8825
2918
4205
12620
6858
11315
6745
7768
850
12586
12567
7936
1223
4346
4901
7852
4377
5183
5392
11361
4518
3010
7018
3193
3444
7483
7777
1303
5910
11485
2000
12872
6090
1307
10990
9318
4545
7944
9941
4255
8586
4703
2403
5686
8459
9527
6437
4134
13203
10830
2913
4754
11761
4267
3359
6759
12654
9048
1454
12473
6358
3709
11604
7539
3711
2883
7688
6935
1390
6006
3936
9041
8587
4520
11905
10489
10246
1034
3493
11432
10682
3947
3650
11898
4745
3306
6935
6078
6776
8774
7317
3062
1446
7314
5253
5576
13530
6870
5371
11614
1602
6356
3251
9084
8335
5492
8411
4612
12266
11764
1530
8895
10810
7929
13252
9261
2726
873
6663
4218
3640
6567
10541
8044
9477
6232
8827
736
11
8194
3650
7720
6895
10646
3956
10952
13003
10473
2703
5194
9566
11596
10658
3933
12728
9715
10594
5238
6243
10239
13459
3520
1725
1939
3226
2088
12652
2322
2190
2900
11967
557
13610
1282
993
12937
10239
11673
3485
7119
13302
4258
12345
5843
11909
13612
5297
8809
514
4619
41
5074
5216
2853
4078
10939
11910
3509
12771
9055
13541
6394
12532
11267
10835
4740
12569
3680
9525
2897
4533
8998
11160
9731
12185
12692
12272
12723
13350
13237
5564
7503
10379
1916
6491
296
4693
12245
9731
3378
4996
12906
8123
3878
256
10190
13255
9576
9197
2992
5360
6525
13173
5170
5601
8415
13657
9121
4605
11210
7347
6449
4143
2679
7693
9861
3166
1836
5372
8096
13481
9416
10087
4115
12755
816
12044
10725
4154
5596
4029
8483
2521
12579
13150
1994
1754
6016
6022
11098
11087
8174
6905
1959
10309
11273
118
5963
12696
4875
49
6458
3682
1835
6844
8674
6612
8071
5167
8750
9813
1579
12390
12534
2347
248
6869
13347
7383
11082
6744
11437
11432
9254
10048
9985
6892
1104
9349
6761
3616
8237
3564
11670
3619
11775
9203
12568
2972
11825
11085
1692
1026
4188
10428
4595
10625
6523
11371
6099
4006
9102
10192
7143
5843
9216
6680
11976
8583
5601
2102
3350
5809
2128
5359
8841
7411
2611
11007
6144
74
12100
5414
476
9814
395
6454
651
5223
7858
6437
9505
12756
13635
7452
13487
690
5577
4819
8387
1624
1040
2485
4099
7975
9299
5756
10764
248
12292
5629
2599
11781
4421
7347
7865
8082
4426
13591
418
7867
187
7387
11490
4821
13327
9742
13246
3900
7143
2636
7366
10435
12955
3154
9489
11623
8159
5879
12362
11412
7714
2368
13128
10959
12973
7458
7939
4579
10141
12801
2736
12775
1160
10608
2330
2326
3880
9637
6370
12432
9212
196
1661
1108
10172
11543
1358
1103
5810
7531
13406
3135
11727
1466
1111
1993
8192
2451
8315
8588
8447
6227
1639
9012
1470
2065
13505
5436
13361
5592
13325
6114
3798
1802
12442
12360
3226
729
1412
11616
5974
2300
6872
4953
10597
8175
6571
1149
4535
2273
3508
11931
12507
13184
2518
5311
10340
713
9700
12630
7205
3378
7637
8105
8425
1914
2684
5778
12573
2783
8531
3534
13557
8881
3464
7714
5838
9036
7809
493
556
8434
12978
3479
1935
262
3024
4149
3738
2972
1477
756
12272
786
23
1359
1361
5527
7827
7244
3963
9419
13268
12611
7075
4162
8467
8199
5032
3094
3214
10407
8283
1307
82
12567
12873
9514
7875
9077
3394
8963
11992
7280