5785
7183
8856
4178
4132
4188
4950
1012
592
9530
7630
8155
10320
6594
1629
1849
357
11209
6204
1071
2638
80
4343
285
1757
1890
11028
7793
9294
2438
11330
7770
899
2222
9760
3193
3663
2109
7681
5805
4073
2815
2932
10138
4683
3567
5514
2222
9507
4455
7594
9744
11388
7526
6458
819
1892
1480
9532
1443
2246
2522
2233
187
10654
1605
6441
4691
3940
10624
2155
9569
8760
1327
7749
2733
1104
5400
5830
11308
11211
7204
402
9263
6810
3150
3763
1093
4858
4153
1844
9358
1417
8442
688
135
10166
8660
10154
7673
2290
7127
11135
1471
6505
2704
10176
8423
4974
2829
6373
3996
3556
9117
4331
4125
7020
2116
9786
10015
3051
3606
9259
4725
996
5131
2714
478
5104
610
4691
1183
8145
9877
2106
6892
10022
698
6333
3063
1620
7998
1177
4788
9706
7056
10383
7956
10916
786
4258
6879
10583
9570
1666
9285
3249
2701
4927
7188
4633
1091
8948
6109
8750
1217
4471
6947
5038
7955
883
207
698
10728
9863
2928
8981
5552
3483
9903
4748
8013
5989
3073
10503
9087
1671
11379
3576
8107
2326
4555
5543
281
11261
10116
7513
1417
3277
4981
5643
5904
3087
7894
3419
1354
8604
1654
5311
7
9084
4355
5840
7987
10914
10119
917
5140
3765
937
3951
6407
3392
1347
5065
907
3523
4034
14
4759
11392
1564
11127
4348
2988
7404
4542
6197
3382
10967
6974
1418
2668
4965
8548
9124
7892
10734
5839
2263
9211
5988
8558
789
6313
3062
2950
841
8260
581
1261
5479
11323
6119
10299
4281
9684
2458
9682
2241
2959
4586
3841
6704
11127
5150
10896
2202
8278
2518
4395
5528
9602
4036
3112
836
6291
27
7879
3938
1536
4752
1343
10311
8330
2070
5780
4148
1726
1873
1955
11275
10171
11119
4775
10497
7153
6820
7189
5464
10978
10111
1001
8384
6810
6273
5794
10891
541
3544
5501
4804
9076
5878
7538
1357
8093
539
8402
5216
9098
771
5007
10594
9774
8832
5493
7479
4959
11383
2000
6445
10762
11150
6526
5127
1384
6343
371
4973
7651
8122
2183
1352
1824
7606
1142
459
9644
11047
5201
2749
10255
1253
7537
365
807
182
3276
10840
5464
8069
3193
1993
5624
1107
9127
1834
9664
9598
6211
7392
4261
6473
8983
8553
1803
7412
8874
5230
4773
4657
10517
4985
2316
5581
6596
3930
5934
9224
7156
9125
3724
7830
5194
7716
5629
10713
5608
2449
4009
1756
3805
5940
2126
6921
6717
908
6788
11053
5785
4154
8183
739
5450
7975
6685
8943
7750
3736
7316
10517
473
1246
5417
3725
1746
3202
7593
198
14
521
6622
6648
7645
8259
9864
1358
2243
2969
2004
5475
10117
10643
7593
10480
2774
9489
2138
10122
8306
5269
9237
6847
789
370
7320
10118
6705
331
10190
1134
825
887
7473
5850
7338
8652
11397
3972
5763
2631
352
7488
6344
3331
8368
11217
11341
11375
2046
4940
7450
2434
3104
6516
1364
5186
5333
7523
8336
8537
3973
9999
11033
7972
8712
6492
7139
9661
717
525
3722
1794
9346
6758
4750
7597
4780
10298
8034
2428
6665
3707
11144
5763
4545
6033
9457
2108
7768
10687
6089
9520
1431
7439
496
8375
3097
3054
10875
1342
6089
6509
6715
4612
6087
10456
11111
3788
6946
9155
2369
1013
4972
11235
1985
8517
6302
668
8363
2577
10336
2410
8810
9302
10843
7954
1705
4321
7153
8896
5215
2056
1707
4816
861
10032
8561
3026
7383
7140
6166
8877
8142
8643
10986
3542
5117
8706
4586
1217
8132
3089
11259
5246
7212
5621
7543
71
8753
10032
9349
6096
1310
234
9793
7557
1334
4114
11098
1278
3125
8021
8535
32
9923
10396
8249
4908
4131
10099
5298
2481
8422
1168
10718
946
7012
1693
4489
4230
6104
3527
3499
41
9410
7812
11378
8314
254
2617
8852
6921
10420
9051
11073
4009
10864
1938
5612
5731
3552
11121
6741
1925
3956
9615
735
1783
434
8998
7135
10084
10606
657
5963
10421
9414
6550
8290
11041
505
10510
9998
6856
3272
6331
1152
4858
3021
3016
8839
4105
6867
7613
2831
5446
4637
3738
3580
2471
10656
5717
127
7236
6141
2765
65
8825
2718
1924
4974
10356
9697
8050
7319
2657
2866
2705
8463
5516
10277
864
5713
8151
10994
6731
123
2949
5490
2793
686
1612
4068
5776
7626
6031
5701
3680
7815
192
10097
3568
5883
3862
3263
1106
4787
4011
52
1724
1691
6892
7171
6144
2686
5713
8538
2270
2556
9463
7332
3512
1782
10164
6886
1472
11032
7876
9771
6115
6819
1867
9768
6359
8035
463
3209
10609
3350
8527
5315
3672
4315
9486
9037
10257
10760
3885
2554
953
4151
779
3134
3709
2252
5617
8639
2558
3805
4953
7385
8375
677
3413
6411
10752
9584
8346
10000
2157
10451
7165
2209
5872
8148
5118
4772
8138
8308
2278
5215
7671
6252
3481
5772
5691
3810
9936
10198
9428
7300
8310
1152
5145
5029
4600
9215
2553
662
8857
1456
6569
11386
4275
3249
6045
9772
2302
1958
9171
11365
8738
493
426
4760
10877
1088
1558
5165
9915
11197
7875
7521
6085
10584
6356
4996
7287
5951
6573
4000
4501
9901
2722
10397
3367
938
4265
8465
8054
3429
5564
5179
5034
1748
10771
7603
11024
904
7513
304
1897
10525
4338
4514
8328
3389
2976
7506
8190
3755
1641
10270
154
5235
4482
36
461
6701
7049
11288
7631
5946
11343
3295
8393
8433
5347
9040
10966
5326
6704
5501
5771
6917
4328
9097
5019
6855
709
2334
2357
548
8484
2656
7607
10617
1071
8965
4028
6766
5225
1032
1589
3961
7487
8757
5631
3679
4993
5361
5090
4101
4144
8752
2499
6699
2876
990
4433
9444
11028
6158
10626
3015
2360
4523
3385
1642
9836
8264
5415
7905
3593
5826
6549
6851
2845
1034
6432
10316
5827
9891
6392
3182
5229
6809
9191
3938
10343
1178
5761
4774
4828
1174
2180
3329
7153
8267
11083
8531
81
2636
385
3231
7848
10679
7794
5174
2294
162
7079
6670
6325
1343
9968
8772
8915
628
1190
4977
2688
11314
870
3878
6623
10061
6013
6287
4288
5743
2676
7803
6653
11070
5971
391
22
4952
6874
7041
1017
9252
6742
7767
4208
4340
1738
6363
9416
3008
6482
3256
4220
4299
2984
10790
10465
9082
9371
1509
6105
1764
9158
3183
9433
1743
2567
5465
7960
36
4885
5478
2738
2018
5455
5670
9495
5361
1195
11395
10590
11281
3341
4968
1535
4477
4322
1239
9695
4841
452
3609
4186
583
9931
8769
2134
10871
2465
8863
9059
7326
2188
4888
4136
5198
706
2030
8091
10920
4223
5270
10584
953
7190
5437
7069
8166
1754
1348
3415
5977
4154
5564
4209
8481
10100
7022
8904
10085
5066
4133
3586
8833
8633
4255
5981
5510
5435
6540
10673
5942
10469
7202
11018
8051
6844
3224
10018
7784
392
9258
2720
8441
3439
11373
1609
8256
1512
5745
5094
5436
4031
5139
3961
3997
6274
1299
4449
3426
10846
198
4198
1113
2650
4938
9937
1199
10465
2498
3574
4679
10317
8902
3565
6777
2759
832
683
11043
2346
11399
218
6124
10682
2408
6270
7749
7756
5184
10273
7313
4104
6429
10773
7270
6246
8447
7187
3537
4102
7779
4066
8103
9632
254
3627
11274
7130
993
6347
2231
9569
9101
5584
9040
8965
9811
4542
10482
6762
8097
8669
5019
8345
10537
11190
9689
682
10223
9758
1694
11034
2050
6664
10677
7455
3046
8491
6641
664
5907
4909
3800
2227
5602
3810
5943
8370
6662
269
2612
7222
6600
3629
5168
2346
5014
9555
386
5954
10695
759
3937
5183
7717
2855
5050
4856
5086
4728
8096
9976
8162
180
2916
8348
5807
6235
3942
7802
3497
4823
2420
5410
3273
4241
2706
1348
6408
3029
9120
10476
4465
352
1810
10431
7114
1029
7346
3243
10414
115
7552
2971
2419
8706
5750
8318
10185
213
6726
11247
10332
9890
2018
11222
9365
6757
1189
145
1300
1422
9070
10576
6799
3240
8117
6932
1130
6216
4920
5944
569
8211
9833
234
6214
9835
2958
3349
7577
6908
6644
4055
1648
8121
4690
8491
10154
5032
6539
8903
3459
7715
9720
10105
8397
819
8679
9332
9229
3372
6930
4763
4613
6511
9634
8068
10428
5356
9027
5175
9460
6442
4332
9109
6953
2024
6885
9880
1922
9652
1858
2001
3968
8357
1627
6000
8776
8790
10124
10411
10981
484
11235
9237
4228
9686
5719
832
4508
5418
5830
10832
9437
1451
4895
5581
1683
6632
11254
3548
7713
4408
7182
6929
9117
3644
7450
10292
10235
1541
238
2241
10313
1589
2952
2569
3013
1434
8971
2922
7417
8777
10623
6244
60
7074
2722
2000
11222
4196
11331
5869
844
1760
2443
6527
2946
4438
9260
7882
3322
11368
8507
3960
8762
1302
10465
3448
6541
10416
2103
6693
10534
80
10040
4039
717
427
6160
9807
173
9573
8272
594
1577
6661
782
7570
7557
8398
9466
10635
6863
8621
8060
9454
2416
3666
4174
1122
4726
17
209
9679
8959
318
8433
4605
7865
7584
7650
9469
380
3033
2623
4711
4689
8481
7554
9767
3898
6662
5578
1887
10886
1998
8263
5100
6275
5291
137
1347
7606
10205
5471
7656
8814
7632
10301
6479
7663
5053
7713
7736
9264
9584
8274
2669
2353
8494
2438
415
3763
1800
3144
6488
1125
9321
9072
1146
2128
2757
6796
8847
2876
1011
1947
10929
3080
11136
9052
2630
5702
7264
9169
6118
1259
6149
10397
8579
6844
5144
5479
3257
4560
3597
3819
7553
9639
10773
2720
2153
2489
3676
8693
2146
2006
5731
10207
4231
10659
3204
11056
4545
13
7149
3756
11311
5192
1853
6369
5650
5709
10219
3944
6160
5718
5245
7694
1496
2086
9177
5312
907
10488
3040
6057
3046
1196
9552
9450
1893
77
10912
747
10564
6800
10615
8661
6121
3970
9727
9622
3550
5572
108
2522
1318
158
8239
4159
3720
10826
1389
9594
4946
9024
7276
8301
6367
3167
7047
398
2162
1298
11177
2719
368
8357
10341
9994
1624
8494
7888
1897
7766
2936
7912
6067
3348
1644
9137
1899
5905
1762
4732
8645
1136
82
3150
10074
8084
6307
6546
2607
2143
2617
3701
296
7614
3719
6063
5596
6035
1453
981
3973
2548
8160
135
9391
8269
10763
9689
8655
1123
1374
726
1932
11121
5974
8206
8962
4145
7464
8514
10618
2191
7181
7616
6258
3335
4641
511
95
10910
6496
9226
7540
2468
8922
6406
6738
7835
3061
2327
896
9967
350
6840
8858
7028
4697
5290
3691
6054
3272
9004
10231
1040
8251
11186
6249
10725
7183
10827
4198
9927
6635
10683
7331
10064
3895
265
1451
2946
2172
2665
7875
923
11074
1743
6908
4158
9492
8216
4445
8317
7706
1567
5784
3754
9455
7633
1108
1563
10804
1249
980
1297
6958
1417
6431
9070
1897
4065
3461
8819
10768
614
3271
5182
5768
8645
5037
517
6963
9764
2723
4030
6951
9672
363
2232
7860
3329
8021
7343
39
7988
5623
3396
9957
6511
9841
1982
806
5707
7413
2015
10235
8824
6309
7480
8127
9507
11180
3916
1538
7476
2088
5313
9461
5769
1298
8628
4812
8469
4701
10873
874
7317
2415
9919
9988
2686
8865
11252
9128
3634
7656
5589
5978
4958
7632
4185
7632
4740
3353
10421
6328
2838
11153
7861
9507
8348
4600
5340
9725
34
2502
5005
7776
9176
4894
4460
10716
2088
3438
1855
5357
4544
3444
3999
9531
5182
5087
8531
976
10274
2944
8655
1039
2806
8805
570
2166
11192
10816
1370
771
7437
6545
5382
4080
230
3016
7319
702
1183
8697
10039
5498
3025
3603
9032
8608
11374
7352
5744
634
4089
9795
7119
390
9506
4258
6474
5098
4612
3360
6063
865
4061
2120
6344
10801
9473
7768
2129
7263
1383
5039
4779
2631
1193
10358
11312
3212
2424
8749
5228
551
4019
9149
9100
9939
10724
1203
7235
2579
6269
3448
31
8792
4803
9287
689
7134
8471
10726
5281
5090
778
4114
135
6919
7368
585
9497
3410
10903
6708
8830
2952
3330
10563
7805
10150
6323
8278
9535
6223
673
4247
7436
3083
572
1492
656
8730
5503
3078
7852
1711
1659
1196
779
7059
2527
5999
9798
10112
2153
9124
2293
6518
7271
3194
11333
3438
5298
8233
956
1185
4060
413
9810
4332
4161
10129
2997
782
2708
5277
10799
7554
6707
8643
9241
1722
5474
4695
3133
9278
10665
10212
10246
7972
588
11031
10114
7712
1618
6088
3952
2141
9908
8950
9273
2276
7197
5018
4327
7015
2337
1268
10869
8339
6873
2362
10251
2949
10917
3063
378
7938
499
6312
8630
5036
4073
7119
9088
8300
9026
4357
3758
9610
9114
9592
2461
6046
7199
8253
2495
10199
426
8360
1419
1218
4721
8649
328
7764
5428
6992
3068
8319
10504
5608
6337
5825
556
6175
507
5107
9086
3349
6748
8478
569
10841
11209
6888
9622
1274
8602
2282
2416
10736
1457
1775
6242
9413
2686
8099
2870
9677
619
2675
10364
5584
6671
5663
6311
4395
2475
3910
4679
9532
7569
11351
5046
732
100
176
8162
2058
10179
1283
749
7156
8571
923
5890
129
8405
9154
6507
2039
1673
5239
1658
488
9838
6755
5326
3947
9772
1476
4080
3710
11012
9874
68
10861
8273
9677
11338
7233
3758
6106
6646
6723
2554
373
6911
7011
9589
9103
4530
7869
7690
10308
3625
6661
7874
1614
4446
268
5406
11233
1531
10052
6832
8070
7189
4805
2954
2401
2822
5535
5925
6503
2745
6001
10671
3890
9284
2900
3947
6642
2007
7999
8228
10736
7117
5316
7207
10678
8497
5749
9829
8597
2726
1802
3020
7637
11038
8153
4684
520
7456
3780
417
2526
11084
9536
2266
9799
954
5947
578
1525
67
2554
514
2551
195
2540
1452
5241
7102
7589
6697
5253
5480
9869
2663
606
8862
10330
4602
6025
2592
4025
7285
2803
3001
7554
906
5730
2052
5559
8528
512
6992
5179
7308
3799
2193
4568
10102
1780
4285
765
1274
6906
119
7634
9386
5837
2320
7607
5948
2149
3495
9139
1493
5510
10488
1500
1864
6208
1806
3202
10888
10302
7415
7895
1919
1620
9048
10337
6283
3446
452
11332
7020
7978
6308
9353
1116
7407
3018
742
350
6843
10826
5279
4079
6586
1187
2863
2127
3458
10494
8446
6745
10338
3897
799
1079
2837
3771
2457
1678
4394
3702
3989
101
4995
7935
1557
5271
10091
10171
955
7849
4884
821
3675
1021
5894
7852
202
8581
7780
8317
6644
4332
2665
5400
10405
1906
11189
6444
7193
5884
10002
878
7690
3661
10149
3987
2319
11241
8465
5094
5273
7922
9787
8139
4319
11035
2084
4157
10792
8563
3244
10728
8071
6938
4768
8532
10942
8292
1840
5105
9106
8378
10020
8843
10630
9266
3855
821
8771
609
8646
318
3863
8689
1882
556
2876
9256
2220
413
7891
7151
10041
8273
3482
8025
10286
7933
10363
184
8467
1361
2829
3973
8653
4118
2678
3627
1624
6844
129
10223
2090
8325
1116
1674
5852
10491
11279
11141
7833
4015
4149
2752
2526
7718
2760
2215
9070
3754
8377
11172
10938
4792
341
7504
4698
8137
655
5612
6427
9875
529
4010
2043
9109
7039
10374
8667
3697
4574
2012
1795
7008
1654
5001
1860
5768
3688
6990
8623
244
9024
2791
8682
9092
5322
1210
10710
6047
2242
7429
9824
2511
6300
2622
1391
926
2130
4457
8504
2655
427
3413
4223
10875
11395
10273
5802
9078
6294
5448
9071
11331
5496
9679
7839
1930
841
8651
4347
9989
7739
2787
7411
2005
554
6555
6739
161
1257
5156
5894
10448
97
7197
7742
3441
158
10362
9320
5632
198
6823
2765
3438
2987
6407
7377
5701
1566
3152
11063
1665
7313
5460
1845
7461
4005
2900
5385
6660
718
2395
5071
4614
1083
6582
4764
8851
8224
6735
6140
1112
5735
1720
3604
9893
4731
11356
10615
1188
9609
8010
3087
7411
5143
9727
9445
9294
6712
6855
4176
2132
10148
901
8373
6751
1122
5149
197
3261
6842
9249
1656
8285
10342
6690
7662
1430
8568
1904
3053
5720
11074
10585
2225
93
3352
8378
1535
1367
10518
1865
5113
2284
3252
5334
3855
9073
2869
923
8671
9686
11287
3822
6091
11313
2541
10488
1174
4212
6454
8435
9510
6895
10922
9960
3038
5273
10933
1948
10050
8185
6814
8606
7371
11244
10707
6634
5694
133
1589
7104
7717
11058
8898
8935
5669
5147
7457
10605
7664
11298
640
5047
3613
8829
4665
1167
10572
8490
3513
10407
2133
11276
9524
8105
7372
5635
10110
10655
415
5816
2948
5836
2289
3781
1433
9675
6797
11135
7550
9502
3445
3983
3059
10570
5996
3096
5135
2422
3793
7009
6658
8289
1220
5375
8874
571
8426
10431
9882
7139
6831
7462
10312
8967
8929
466
1596
11028
1163
9038
1421
5838
7660
7083
1265
6481
3383
9039
159
1487
518
6625
9122
1051
2027
11155
1501
11232
5051
958
7207
9926
5510
6684
735
5081
8623
8520
5808
4587
4442
7986
6013
6413
9650
4166
6957
5232
1875
7902
4227
10133
9501
8122
10483
1352
1678
599
3792
9485
10196
4084
4045
10932
9646
5902
9107
3743
8630
1299
857
1533
10452
3482
6324
7959
9930
10650
4724
772
376
541
1335
7073
6307
10803
3948
9367
4499
1954
4428
2575
8158
10331
6436
6985
4254
7241
7953
145
2163
3165
2362
10099
6049
10095
9007
7778
1436
9730
4672
5576
3252
9309
7593
2315
10849
6338
8268
4348
5049
4350
5746
3044
8372
4671
1322
4977
5423
5842
9627
4199
5424
1408
634
8508
23
4078
10458
4101
805
2935
10427
1560
4153
6785
4272
7233
4622
7008
1866
10065
4328
10295
1689
559
5788
1212
5930
9688
8060
6749
2395
6344
6652
3239
5179
5009
6795
8464
8598
3463
10632
10705
9218
11159
371
10472
3120
9577
628
5379
8054
3827
4714
7551
7340
7844
5126
496
4592
5677
8911
8832
6790
7882
3308
4010
3228
844
1905
7068
3728
7829
3508
1303
2145
10503
1601
9303
5398
391
3770
8190
5154
10262
7736
5514
2573
4611
9657
10885
414
6294
4224
5570
2630
2658
10054
6319
4557
9198
11255
9188
6972
2988
1448
1966
10498
9
5116
8651
81
8120
6183
6269
11231
6760
9170
3522
7412
1367
6751
8127
5332
3045
1267
9296
10870
8606
701
5739
1595
10024
6490
7693
8662
10104
8849
10088
9378
10839
1975
4318
5102
5484
4740
1818
9824
2438
7014
7457
4211
8291
3504
4697
6123
4614
586
7786
3561
10062
4262
3209
3448
2865
3967
6594
10144
8249
514
3154
857
3009
1353
10086
1324
3983
8992
5538
4198
153
7003
3109
1163
868
3604
441
5501
11345
369
7798
4965
1851
10945
10044
8675
8631
7388
5450
8616
5896
1799
10895
11266
6424
6805
9333
1123
13
222
7501
1668
4254
865
1519
1942
3001
10518
9405
3658
974
10897
5026
7735
8966
1144
5744
2747
3279
3429
7135
4172
4354
8141
4238
580
9975
1395
11112
1066
7990
6518
1392
6571
6349
6380
6013
4939
7792
2133
9018
4424
5760
2118
8043
9708
10372
2473
4169
10267
6060
3078
7415
1345
845
4180
8713
2476
8209
6158
7701
1611
1110
6405
7756
4884
8914
2877
1673
10296
2305
9999
9903
7676
5669
3601
10247
10610
9572
7497
7820
5693
3800
2695
513
464
1507
10219
5369
3647
5516
1837
7732
10347
5600
10088
10947
3289
3432
6099
5539
4539
8832
2772
6015
1641
456
4723
9047
5504
5929
9852
3514
5912
2013
4004
1835
9499
4395
3695
7331
8489
5373
7615
5056
10792
6141
9442
6252
5291
11364
3176
442
5953
9119
9526
8581
8832
4584
1563
7582
3902
158
2003
5785
9102
1486
2234
10542
4635
21
1860
8254
911
1799
1124
8180
7714
11072
4445
1797
2240
8575
6885
3552
5954
6715
9281
4495
7387
8969
2593
2284
2051
2902
6427
4451
6660
1803
6046
4411
669
5511
450
6051
5633
5692
5606
3775
11001
8382
10033
1784
4222
3843
2376
5841
10070
3651
5636
5212
6958
11261
11132
3230
737
6705
11149
6236
10498
9768
982
7887
8454
6387
1570
1343
2334
9145
1716
7251
8210
4305
4249
7397
7612
3641
6006
5175
9110
10756
8106
1377
10933
3972
9377
7618
6857
672
7358
9175
10723
10720
3397
6779
5236
1703
6217
4857
2245
6593
6055
8029
8654
10530
3855
3228
2503
6015
8911
2088
1702
6262
9436
6255
7095
5974
2946
8677
8544
1909
3976
10156
4196
3319
6622
3248
7971
5578
508
7518
7448
2298
3084
11127
10229
6739
2653
9304
4288
8526
2961
3607
9193
3830
6843
8156
11206
9031
369
2735
11306
1819
254
9192
6572
3967
9338
5814
9680
9151
2614
1957
10447
7543
8757
2165
2378
5433
456
9398
10381
7739
1012
6854
7825
9013
8146
7647
9276
3289
2284
10747
7530
5959
10709
7029
2822
7618
4968
4961
5897
8321
9604
4278
8947
1859
11010
3959
2978
6242
5344
1430
2235
2813
5195
13
10173
5429
7044
7991
3774
9474
187
2968
8931
6691
10764
3026
6782
9213
3300
7853
621
9606
4050
2049
9591
8120
8900
2713
4799
9721
2642
572
6539
9125
4207
6979
9076
7996
2152
3048
3617
4403
3595
7524
3199
9831
8027
1539
8895
10418
4357
7733
10369
9699
307
9070
5119
1359
10696
9306
10332
275
2451
279
4830
10984
2231
1637
7268
5959
2142
2165
1343
5675
8171
199
6035
1968
8824
59
3108
3982
3941
1520
2127
1833
5073
2345
7852
5102
2002
3896
3831
9563
5904
3695
7628
3887
2642
10809
3211
7424
9960
8168
11313
3943
3868
2015
4049
10105
476
6966
889
8218
8099
7978
3577
10572
5235
10225
11008
9699
1247
6503
4941
3763
1876
10874
9533
3133
10963
6310
9847
917
6435
4498
3194
9222
1718
7303
2937
6285
7084
11045
10859
3951
8078
188
7395
4887
3222
7406
32
4624
5298
6082
2214
10796
9818
3457
1850
6567
1599
6412
5015
3230
9838
4841
3722
3745
6436
6385
9354
6974
1286
3944
7961
5345
360
6833
6220
4
2168
6993
7500
2238
8508
7210
5179
2146
7253
9900
10084
7246
520
1998
7598
9144
9578
2664
6563
9142
1526
8187
8734
1080
6072
7205
6693
10029
8904
5578
3288
8611
5434
2989
1960
10830
628
5409
6236
9249
3709
7534
8178
291
50
1681
6397
6326
48
2805
3853
7513
11001
7601
9300
10416
4883
6233
8981
11000
5276
8264
7109
11149
5314
10637
5711
10249
976
2282
694
6414
9522
9128
5363
1055
187
4107
8536
11291
5697
7955
5789
6875
10412
2426
2794
3864
5165
5398
718
10177
10358
3814
2661
5976
6850
10487
4446
11109
6901
10784
6038
4878
4559
9805
5578
3539
2253
9468
6692
3139
7361
4761
8524
5773
1323
1023
11337
3893
6544
2472
5645
10556
3988
6067
583
1107
852
10455
410
7308
4313
223
6204
10342
6364
6670
8008
9815
8647
9467
9165
3152
3592
5491
2038
4206
7932
1193
1648
2420
4545
6987
9230
6048
9507
3539
10149
11328
1412
8177
7106
6259
5224
9823
2835
1077
1375
9624
5221
10299
779
2637
8370
4316
7679
10007
6278
8341
9359
10029
5158
1880
10392
4731
694
10819
553
6466
9322
6503
5843
7308
8513
578
6968
5566
7689
5352
5935
1944
1523
7555
11162
2540
7860
2192
3568
125
3043
3855
10842
8111
5067
64
3629
9832
2714
602
2809
9687
1836
10493
10530
844
6593
6551
6549
6749
3981
57
3989
7995
7974
3967
567
10183
7485
11062
4890
2311
10135
4650
4226
10277
6896
10528
557
9842
6175
6705
8958
4334
624
10117
2181
4385
3382
10987
10881
11339
10737
3840
5774
2992
11223
9539
7408
2539
3133
8157
3532
1699
5935
8977
7359
11156
10708
11103
4168
3684
10831
9714
9982
3436
7808
3936
1745
5115
1372
2210
1456
1668
10600
8864
7986
7945
9372
3112
5030
2846
11340
4029
4677
831
9679
2899
9208
9548
10508
10674
148
648
3243
8130
1387
5711
5960
5337
5511
4535
2272
864
10619
10861
1447
9257
7895
4576
11104
6594
3697
4204
277
9006
8216
7753
4528
7380
8306
10401
11101
4080
3362
2990
9264
5717
6512
7602
505
5162
6446
8435
5300
4715
6464
3613
1453
8701
7106
2823
8178
6680
8421
11041
7446
7015
990
11099
2215
6019
5585
6245
2136
5389
4818
7918
3868
10756
7133
1345
8646
10416
1956
10831
6511
3162
7518
4467
4123
5041
10025
3595
3969
685
719
5406
3349
7905
1731
64
8405
11149
3785
7280
8534
7407
5909
7889
5759
1965
11350
1861
976
4201
6883
1706
7772
3334
4625
7866
10853
11307
6762
1799
4184
11191
8889
950
1339
8430
136
10455
1447
7010
9034
124
9791
5917
1809
4055
2257
9024
4966
3965
4821
1993
2483
5515
9502
590
4265
3931
7100
8053
3415
10583
1980
4385
5607
10753
4585
3966
7398
8069
9597
5753
7958
10412
2664
7658
2846
3373
489
2367
3335
4118
1082
2396
8559
651
3580
3887
6021
6073
9283
7543
2088
11156
3723
4838
6754
8780
8463
10078
2880
2828
2594
9974
2935
1568
8805
10607
4169
9051
283
1059
733
2237
2571
4499
4684
6232
10102
3880
804
2684
6243
6756
4497
2853
703
10527
9070
378
9540
7432
7378
6674
172
4151
6395
4912
9124
9072
2521
9380
2086
1217
10327
4035
5211
3668
243
6733
6456
1482
125
6627
2610
10967
3745
3725
9895
3539
364
8473
4403
4717
9830
9558
3718
3621
486
9770
3011
10615
2489
4920
11371
8750
2366
8760
10512
11012
1764
9109
1622
720
10660
10047
1976
5251
10724
9065
2637
4548
7953
8217
4307
4558
1461
1936
1043
7671
465
7385
5322
8781
2471
2566
10824
9663
11176
6467
2275
1626
11316
3926
9019
7137
1191
9730
7410
9332
1778
7424
270
4069
7417
1238
3215
7000
4467
11160
1359
6262
10462
6042
1570
8050
3967
5727
10835
7128
2106
36
965
1418
5812
7264
1519
869
8909
7634
2249
5662
647
10663
4591
3523
11204
8711
7807
5133
2043
9292
5756
9472
8499
8326
8316
2719
4710
6804
5120
5736
6507
5944
923
6878
6757
7048
2325
9376
2636
121
7631
9068
3318
3115
5433
4739
8990
10064
9361
7736
4623
4576
343
749
8
702
5621
8324
2258
10232
5861
11192
7814
3355
10715
6752
11329
597
303
2737
9414
10589
10360
4924
1366
10957
9680
3600
1750
3753
9787
5179
6762
11088
353
5939
6189
9744
6353
4342
5524
8166
5996
6075
6789
6838
3437
861
7151
4211
841
4291
1289
2950
8457
7495
8816
5684
8544
735
3154
8668
9937
9494
1555
895
1632
1416
2979
2096
2012
7798
3700
5213
9085
5192
816
3272
8178
5276
8102
7743
9393
4922
2404
7973
3600
9241
9136
7006
3605
5988
6915
1725
438
1935
8006
4929
481
1038
8193
4243
7480
2619
7809
5711
1846
11335
7698
434
4999
8731
10221
565
10431
8677
5450
2682
5875
2042
2593
8411
1671
9974
231
9352
10129
2845
2964
2871
1206
7829
4652
5107
10913
10961
6690
4843
7613
6174
5871
4379
5251
5741
5533
2005
7662
6565
5205
7057
454
4715
1189
10698
10501
5756
7434
5320
5320
8952
585
4559
7704
3101
11062
7857
9688
9539
6923
5769
5631
8871
3777
705
4912
3879
10401
1005
6133
7132
3981
4826
6743
7470
9651
3691
2224
8743
5468
123
9369
5279
663
6481
4236
11216
9818
5646
8379
1033
5593
8525
9449
1756
10765
11301
150
5920
2596
8097
802
10
6450
8216
10585
9940
5016
7493
2279
10339
4583
7773
3410
11220
122
7722
3937
6390
3458
2787
7253
6577
10608
5162
316
10608
119
6502
9026
4312
5621
5176
11168
3986
8128
1369
11097
10868
3580
5909
9236
8889
4962
5179
3653
8905
4071
3619
495
7122
2333
9871
4484
9589
9608
7396
8018
10433
3923
11244
2776
5297
3973
9651
7563
10450
6151
4865
5454
3165
3327
7782
45
5168
4372
2888
4910
4697
2421
1150
6650
10402
4594
4189
10420
9863
6277
8455
2120
6845
431
11335
11202
6740
4059
9177
11334
11374
8560
7799
1031
2870
10296
10694
1653
6092
4016
11179
6135
1824
2256
7398
6568
11033
1103
9720
2679
4459
7752
5219
4692
4340
6670
5096
10275
7469
2042
4915
2923
2844
1547
417
1352
8885
4314
144
10470
7000
7114
5019
9925
10267
10660
463
413
8839
4860
4323
9507
1166
3517
4562
9807
10984
4985
675
4605
4637
8243
10882
6742
11293
2830
8683
9503
9652
5645
9617
3591
8453
6649
5971
694
5974
2572
7972
338
5205
5859
699
6176
4793
9273
6203
5295
7465
2210
469
892
816
5245
4031
6929
6754
6368
10155
253
451
7546
2581
10727
4291
10825
9598
9413
6654
4804
5672
1192
2812
8561
11108
7271
5118
10659
11384
6477
11112
11137
7811
9493
11159
9692
4285
10609
11384
5255
6165
2445
2339
9317
5147
7806
4611
317
5726
482
8615
1048
9583
3296
2431
1883
3126
697
9728
3518
3154
1307
3674
7741
11132
8201
10037
1924
6832
7835
9848
10058
2675
6469
5952
4679
6501
3578
9846
4282
9665
3459
9234
4844
219
9327
6243
8369
10756
11250
7228
4639
1834
2743
879
2380
249
7020
6915
8988
2528
1130
3234
7907
5557
10565
3077
4300
7668
7370
8577
1130
6912
4328
10933
7275
835
4140
7129
8096
4830
6824
3022
5537
484
11073
1297
11014
11306
1827
1956
5648
9713
3385
7693
6913
2353
8195
8795
4960
18
9420
1184
10120
2126
10560
7993
5652
3148
4781
10546
10419
11219
4869
8307
11021
2476
8854
117
6905
2597
2941
11113
8724
7358
9275
7403
6688
10436
90
1039
10929
380
4091
9082
2195
6655
6036
1047
6149
1138
8806
3192
6957
2075
9063
4150
2698
1704
5292
9632
10020
2604
3432
4661
7776
9341
1962
452
11059
1065
354
4880
6308
5778
6410
2592
608
3927
8287
9614
8214
4013
8791
7745
227
8341
888
481
11365
5624
10675
11225
8789
215
6294
6468
8103
9001
1382
10824
10917
5824
2794
2411
275
7778
7016
7744
7575
5937
9151
1088
3818
10293
5298
8002
792
6264
10353
7541
254
1835
8848
3657
625
10226
5163
3641
10202
10140
4905
10428
8077
7037
10611
4230
7483
6477
9586
3079
6199
1496
6555
11169
2661
1897
4852
10813
1512
9747
6507
8572
10611
11187
9295
269
9611
4917
1249
168
1632
4134
8194
3931
9901
1391
562
11306
4670
4974
8337
2632
6790
1122
9677
1912
9658
3971
4189
8090
8649
6271
7300
9839
4688
8636
8023
4770
8199
5606
6113
5195
2470
7939
7968
2929
9334
6594
7710
5132
3410
4737
2395
7911
10328
10225
11330
6323
5665
1478
9860
3365
2627
8588
9039
6650
5984
2789
5160
4950
5478
7722
4435
417
4731
3220
1516
3476
6387
9801
3893
4138
294
8149
6993
5868
43
6164
6638
9020
8737
3794
4182
8848
11101
1973
11123
1395
11237
5654
1165
2686
10966
10387
8056
6567
10488
3155
8747
3256
5069
503
1685
703
1480
614
8980
2778
7046
1558
130
10094
2631
8279
5527
6141
4352
684
7121
8756
7193
6620
9197
10564
1561
10101
5003
1991
4989
5953
433
8257
9950
3175
6973
5053
500
1042
9782
10670
1557
69
678
8152
7345
3638
9682
2262
9718
3040
1509
538
2163
7618
9011
9227
9359
3959
2111
10494
8164
8043
1408
6360
1273
2489
8425
2807
1447
7430
11305
7899
7773
2919
5528
8375
811
8826
7632
6037
8211
9220
8710
8913
2385
9556
5131
3590
8320
10162
7032
2811
4796
5338
769
10387
3549
10338
5304
11399
9298
8539
7804
11109
1035
5891
3773
7180
1881
5233
1470
685
4395
8637
618
9442
6942
11181
6749
7971
1946
10751
4069
5109
10947
9138
3356
444
9362
8518
9404
2619
6811
7221
783
8359
3753
2150
1667
6111
6712
7416
9603
570
3284
2078
11389
5841
10378
5217
53
7645
241
11252
6159
6223
1521
1415
2503
608
9028
6678
6845
399
9122
9261
3506
10942
2975
4257
6081
11075
8179
11028
8434
9310
5318
5538
2953
1037
11377
3111
1034
10473
5689
7503
9958
2634
2503
9316
9693
8882
3689
3081
9950
3307
1171
2397
1564
7707
1738
11339
2312
1352
1709
697
6836
4782
1276
662
3487
4288
9290
10102
10955
9882
237
207
8417
1920
3486
5448
2647
1416
805
6503
2704
136
4312
4254
3531
7603
11000
120
11026
5457
8416
2204
10839
7036
3965
8453
6810
4300
2042
5272
4396
10241
2293
3120
348
738
9080
7747
7577
10785
3119
64
4074
7690
2927
6937
7479
5790
536
4265
8429
4879
8029
10248
7402
3964
9531
9074
9960
6759
4673
3125
4791
8080
9850
8205
2642
1478
5666
8751
7142
10654
3819
8500
1832
39
1269
5644
8473
5736
4875
6501
8414
132
7165
3127
6829
6042
9851
6150
319
10632
847
2581
3633
6159
8091
159
8770
9769
3537
3656
2467
5866
4110
2421
1770
6409
9315
8559
9264
8096
5496
8382
2432
7717
4265
10262
10264
5239
10701
6159
8503
9496
8291
10495
6833
7178
3562
10782
6019
7296
4855
10673
8820
6607
1537
3902
759
5725
6732
594
5815
2864
3915
10648
5631
4742
9837
524
5923
3620
9798
2905
5028
10567
10409
171
9614
3153
8310
7428
11288
1281
10033
7479
7472
5826
7449
2277
10434
327
2885
3066
1708
4690
4098
2003
9746
3196
2820
6319
6711
2290
6345
4144
4406
8783
1414
8717
8352
6886
10610
5768
5689
8307
2080
9891
7721
762
6217
5648
10924
7148
6611
9749
1257
5798
2553
9860
2336
10740
6298
1489
4863
10741
1818
4600
5732
6737
851
5539
2005
1911
1924
9241
10507
6043
10261
8980
6377
10642
9959
797
8383
4559
10227
11018
7264
779
10654
8977
1691
2519
9054
1734
7207
10406
7355
1175
10554
9417
6647
9362
8571
9862
5112
4934
5998
8705
2917
10393
1388
212
6736
1108
6488
8426
919
7216
2683
8126
7225
4728
3938
4145
2126
1215
2421
9957
5953
5034
9110
4208
4845
8152
10806
8404
7573
11026
9715
2128
2697
10184
9309
9290
10370
6138
8601
8650
6940
6066
10853
2430
969
8058
2564
427
6769
5522
11365
11023
7509
929
8969
2926
2387
6374
1057
10942
8261
10767
4001
3446
5706
2374
2913
3993
9771
9420
4157
9449
3858
10819
4080
2963
416
10916
7574
231
3842
61
4302
410
1974
9138
10589
3328
5824
9920
10783
1254
6546
4183
5512
6326
3190
3113
5324
3203
8271
8932
3405
8285
92
11307
2095
4210
3918
3794
2092
3636
7440
2759
9683
986
1387
4577
6266
9573
10008
2815
1011
7546
4753
577
235
1623
7563
8253
11387
5997
9600
8764
9083
4344
10689
7107
7697
473
8822
10851
3520
7737
9152
4600
4719
3966
4848
6685
7065
5117
10653
11210
2164
9509
1295
637
10072
2640
1415
6883
6306
7196
5086
4277
3813
3075
9879
4594
2289
7457
7419
1515
9908
5646
7609
1042
9665
408
4384
8615
936
4230
9934
18
6345
9804
8975
6177
10829
8519
10108
3393
5606
7290
9281
1271
6677
7561
9237
7234
8171
4366
9542
4664
2118
8788
5696
7192
6156
799
5868
5215
6053
9185
4987
181
2416
9273
3766
3345
9718
8150
6415
4529
2733
10404
7711
6612
5499
7349
6031
9024
3788
6297
370
7834
4208
1259
1468
6466
10014
5559
5776
5545
1105
1302
5674
9804
9254
7237
2422
4723
293
1173
2605
2751
6008
4098
2360
7343
9581
8192
6161
305
11146
9465
2066
4314
7442
9177
5013
644
11388
6685
774
815
3255
5237
10728
6781
8963
213
54
2626
3889
5702
5664
10752
2546
716
3840
5642
4625
6580
7904
3304
7407
3758
1939
2299
8961
5556
1815
2848
6336
9861
9231
5835
5658
7856
7880
10453
9322
10649
10462
9609
1726
5481
7719
3330
3962
10534
9269
5783
9808
8087
10132
1096
2024
1460
10962
873
5908
4623
8010
1555
1973
7701
2124
179
1120
775
10447
680
5482
10420
7749
4425
8837
348
9255
9937
3383
9865
9894
6204
219
2246
2693
5134
776
10968
10256
2274
6836
2949
4513
91
3107
285
3272
6595
5786
4039
11188
9810
10506
3018
5377
7748
5785
6285
2889
6425
5868
2003
7148
6604
9973
35
9549
11135
6504
9910
9785
9435
10402
7292
4510
9964
1334
8164
4622
10178
271
937
102
6145
92
6182
8493
1858
5575
8715
45
812
6069
9542
1355
5968
9256
372
10398
3463
9446
10174
10139
8492
3811
7626
10727
7881
5502
6718
2454
4132
1417
5028
4308
7499
6888
9860
687
3529
467
3372
1800
9415
4423
8967
5217
11088
10747
10720
3333
5275
8339
8372
6983
5461
5100
7903
3351
4977
856
6802
2871
2900
9369
7021
10149
7655
3954
5178
4701
1770
8750
7544
3329
8729
9684
3385
8660
3073
4936
6553
7745
3225
1011
2603
4095
6879
4304
7577
9040
8984
4848
10740
1838
7506
9700
6540
2455
686
10323
6085
4896
4333
9491
4915
1480
2444
8928
9570
7727
5216
11089
9076
8947
6346
6084
8163
3963
7785
6687
6578
6031
4723
6414
3506
6709
4968
8205
3319
8846
8660
8156
9738
7200
3981
4521
8964
5995
2153
9015
3025
8141
11175
5732
10941
1344
4057
8051
6159
7337
1587
4030
108
6663
4157
385
9741
9533
11239
5620
1144
6082
7537
10736
9506
3034
4817
9955
11375
511
5504
11171
355
6782
8261
3291
7798
5892
3639
8528
253
1738
6536
954
6215
8759
4564
9778
510
8027
8841
9984
10490
2874
10939
4593
9245
10796
984
5989
4562
3593
11133
3761
6227
10223
4124
8635
6304
7471
761
8448
3004
192
5133
1789
2219
3452
2829
4555
2638
2826
7700
215
4940
4039
1598
6197
8984
4580
5254
3099
3986
3730
1665
1999
1848
11029
8145
11397
2636
3021
8255
4437
8870
257
3691
7120
6604
10978
9295
8335
855
713
5052
4736
6577
7771
6043
1522
6517
5572
7046
7637
1283
1374
3984
6659
3410
3605
5730
6307
11114
6455
5306
1207
894
7231
10474
5464
6230
6064
3677
9568
7221
3692
473
7266
428
1663
4993
4125
100
634
506
1508
9048
272
10091
363
7690
1922
3197
11137
5155
3070
3104
63
9670
8838
1171
9947
4490
6479
5559
5454
4688
7762
10784
3562
655
6898
4703
7650
3903
4316
2595
1040
1701
8892
5029
5259
7843
11084
7754
8480
9152
2610
11123
2851
6423
1323
6360
525
7382
5754
9809
1777
3486
4793
2225
1585
2890
10087
5906
7124
1341
6789
3548
9601
670
4405
5166
1832
1181
6642
7430
7327
5782
713
10852
1719
11118
8103
1468
1717
6997
1833
2957
8501
9547
3871
221
2913
2813
2230
10697
3992
9101
2615
10989
10174
8613
2509
4139
3738
9521
7998
6653
3939
11186
10759
10283
9131
2519
2300
7203
5061
1830
8073
7183
2655
7977
8640
11042
3979
4773
3603
7714
8887
1081
9671
3347
5550
863
4841
167
1098
11267
7034
1834
2813
6478
8428
6643
2824
7158
5271
2150
9977
6736
9583
6063
4549
9592
6311
11322
4523
9474
2882
7020
10981
3972
10077
8974
440
180
2036
2377
9516
6211
9441
1600
5141
893
1557
10949
3667
9939
935
3712
6992
10421
1648
91
3325
3838
304
1838
4898
2556
9445
327
7796
8393
6866
9599
11240
5277
872
4094
3554
2250
10485
7122
850
5642
3931
8302
5077
3290
4846
7341
10402
8584
10333
9432
7877
9197
9765
6895
4645
11055
11293
7794
8067
9609
853
2675
3319
2723
11045
9154
4277
6401
502
8975
6074
11272
291
8625
6426
9410
2102
4763
7649
3218
10816
244
5680
3181
11382
1615
7705
4004
3137
3876
2453
3993
3941
3998
7022
847
4697
1326
3198
9066
8044
11357
4139
6762
4531
7760
264
9298
6275
4946
2645
5049
7949
1284
7305
8429
7554
6580
7430
5748
6365
10013
6438
4147
4351
10497
1312
544
7316
4520
5595
5996
9502
7203
2723
7728
2848
532
3714
9034
3754
4393
5782
2955
8430
7783
10580
8733
778
10312
6878
4565
11099
3836
2672
10073
2157
6799
3277
7896
7292
2443
2738
11226
4723
2113
6745
9308
8667
1867
4680
1576
2558
9582
7099
1549
5994
7488
11320
697
844
4870
6013
3702
10792
10449
4624
8874
1773
7494
8732
4929
3917
5170
4062
9278
9140
2047
3499
9907
2091
992
11253
612
3104
435
6464
7927
5522
4430
9718
776
211
9641
3379
7940
2425
5783
4103
2099
767
10188
595
9211
4199
8193
6214
2939
8052
603
5288
6400
6893
6174
11154
5309
10078
784
2313
4381
3809
3840
217
1951
6078
10281
8482
7411
818
8685
8349
1024
7672
3009
4899
10580
5891
11108
116
7258
2891
2100
11152
8752
5938
9827
8654
6102
7560
689
8733
1374
5541
5081
1958
10743
10548
4766
1401
318
3815
219
5404
4535
10519
7554
5999
6794
192
8533
9640
8216
4124
4220
7193
2487
6561
9177
5738
9673
3057
3710
4404
2156
6246
10318
9553
1031
873
10850
4500
2002
3223
9403
9523
2404
1882
9684
5641
2843
4451
2230
1447
11338
1607
7512
735
4284
10393
1580
7479
4190
6466
10801
8854
11254
7513
5154
9106
6497
3926
7565
853
498
10896
3120
4387
6388
8599
9245
4416
6118
9448
88
10015
10620
3896
8806
10782
6564
8394
10201
7742
8399
11072
11371
9828
9192
2629
6241
1862
7247
6929
2187
5442
1446
9770
5281
8869
9877
10098
8655
2143
288
7030
4745
6753
3197
1911
3376
9448
1063
8121
5070
4415
3200
3785
1382
7840
9839
7070
2121
2004
5862
10013
4559
7928
8092
6205
821
10307
10525
5363
3290
1999
2091
6822
4656
3892
6447
3202
6604
2287
6165
10520
11043
11180
7136
2858
8668
9980
3863
8164
4730
7536
10052
4647
4007
10651
1468
7032
6708
761
7995
571
8213
4429
1560
3143
3270
6977
1496
8714
850
2855
5765
10797
7836
8541
10685
1754
785
1792
6824
6320
9496
6353
451
5635
2288
11022
9152
1873
5305
536
2346
5014
348
10069
10078
3186
3620
11102
1325
2317
6987
10352
9513
8938
5065
4039
7938
3131
4278
7563
2023
4181
11251
9909
11269
1236
5814
4815
4436
10014
3159
8781
1157
5396
9279
9253
2506
9762
5482
9904
8283
1499
10164
10744
6184
7672
8160
7301
1752
5436
7299
3016
9423
5978
3033
1858
9918
1880
2714
2337
11139
2344
9109
10171
11029
479
2845
1343
4607
3872
11331
8193
10348
10668
1848
1401
1502
1804
6736
4916
567
5415
9232
4400
6739
831
10769
4368
7871
9050
836
7876
1229
2582
7487
7442
2723
1252
10831
7209
5899
10616
699
2932
7828
9406
9816
1086
3524
4042
7699
6404
5639
1300
8285
5356
1323
6951
9206
8800
6712
3978
5069
6082
8332
8081
773
285
7985
5152
8372
2534
4888
10331
2700
7123
829
1027
7056
10765
9143
3099
5738
2659
7235
5625
4962
4093
6520
5010
7525
609
6881
9863
2414
6357
2293
3701
3806
391
965
2541
7681
3040
4278
4958
200
11270
1637
10949
10215
869
5604
8360
10820
8574
3023
3972
910
4760
7052
7980
2270
9562
9571
9848
10309
8067
6109
2950
6696
548
10985
6186
1420
4572
2318
953
9076
10637
3297
590
6205
6034
6412
329
4981
1386
7856
6670
698
6640
1663
3570
1896
4808
7769
3059
272
4544
2998
6609
4198
10239
7473
4400
2867
2638
2686
11364
7992
861
4286
461
1737
5524
6861
7658
8354
7478
6588
3470
1075
10723
9822
4120
9370
7154
10935
8911
2543
4458
7295
5998
11298
8892
10638
6611
1446
6055
5008
8989
10357
2018
3675
622
27
4459
344
11139
9593
9500
10428
9292
3895
7102
11321
8512
4204
7105
3906
9877
5768
11397
8373
9555
6287
9036
3540
6997
10983
9267
7427
1112
3651
8661
4916
5023
4169
8106
8038
1136
7535
7683
10218
10810
1452
2820
4352
5651
6513
6100
6060
7387
10572
3516
2077
7659
2676
3000
3650
1575
121
5498
3682
8073
5667
7351
4044
2451
407
4794
6842
510
624
2306
2180
9689
9234
4909
11134
4219
2957
3122
10945
8067
4932
10952
1729
2844
2503
3825
481
2927
6497
9992
3621
6649
7830
10537
239
8908
11196
2089
6770
4474
172
10894
4544
10936
6348
1587
658
6533
9865
7537
1865
11158
8698
8608
2946
9577
9758
417
1828
3091
17
7933
3426
1866
2769
6693
8013
3623
766
4406
6400
6862
9929
1454
10722
9085
2212
2105
5706
2784
9770
9160
9241
643
3972
9194
11256
7661
8837
3046
749
268
3042
7400
10238
6714
4915
52
3702
10648
3622
9003
7742
2644
9009
1737
9636
1248
2543
2674
10499
11144
3636
8524
2337
2575
6197
3011
8390
10047
9263
6425
5400
8588
10408
6830
7941
7061
7038
1321
6643
8485
594
6160
1995
5494
10075
9220
5700
2898
10757
11385
2559
8948
763
1186
1335
10941
6118
13
8862
4828
4202
7494
10252
9686
6721
1180
3897
7849
869
1884
3153
1532
9466
10510
4835
9418
6861
10498
5475
11111
5352
544
2529
10839
3788
1800
7358
5984
5172
10504
3482
2978
10926
2097
2884
8345
7996
9173
3803
10925
4962
7842
6636
9754
11150
545
3385
6560
1760
4008
2643
5410
5714
3943
1044
11249
8417
6924
7812
7815
5351
9941
2276
3889
8495
8996
4591
6582
10600
8557
5028
5722
1747
1885
465
6801
2372
9325
7854
10115
536
4966
61
5868
3276
4707
9039
2769
5570
7540
2115
10993
10450
82
2431
10178
8153
10600
3404
4235
10873
9421
4684
2542
6242
1133
4485
3014
10151
10965
7047
4861
5282
8316
6795
10436
6536
8030
6654
8377
2071
9837
2624
8648
2354
617
10511
10428
5859
297
1383
9205
5457
42
522
11241
3302
6165
7353
4083
4928
2797
805
9525
980
10112
3724
4229
9793
8263
7695
4464
1540
4927
277
2967
2973
8747
8331
9249
6700
7164
5815
536
1070
4410
7720
7468
1304
55
6456
6834
7790
3724
7950
2134
6214
6069
5470
1171
8063
296
511
505
4375
4101
5342
10783
2591
7180
2279
2845
8838
8257
2564
1545
4874
10039
377
6316
5226
1871
5781
7320
1359
7630
2899
4978
4380
3761
9445
6582
193
9137
11129
1711
2887
2145
2892
250
3680
6195
5127
4715
5721
6555
866
9660
7581
2782
8161
5751
959
4530
1962
10715
3720
235
911
7522
8833
11049
4365
10804
5909
5939
3314
2058
9086
7994
4065
10104
448
10712
6589
6171
8407
11317
6989
10813
9406
2440
3628
4046
11089
771
5326
9488
4826
10478
9158
5378
10622
9450
3229
3165
1214
5657
6084
2798
524
8419
9680
6402
2916
9571
9968
88
416
9446
11338
1894
2395
429
1586
8926
7890
6397
8324
4264
6073
7718
4316
10211
10396
1660
6155
3284
3766
5890
5900
2439
4241
7766
7456
3838
5977
9093
6011
4290
516
78
329
774
8813
10172
5300
4276
8501
2324
2179
9652
10287
10731
5856
4109
10480
1694
8005
8288
2371
476
7003
6936
1319
4306
11310
10264
6701
1106
591
2196
1217
716
3467
6952
11336
5687
10019
9443
5567
3769
5395
6593
10581
3526
9534
10539
9926
9873
2002
3554
1631
11247
10249
3206
1350
3716
154
4914
6469
4727
4674
1628
10899
1997
263
8100
4064
6447
319
8185
10830
10214
6639
902
3896
1115
518
1202
10491
1057
9802
11154
229
8666
7924
1756
11017
4462
7859
1634
2902
5501
9172
4448
1708
528
9197
247
225
16
10905
10283
2524
6313
8275
2362
5923
6909
6864
8343
5572
1252
7942
4635
1196
9158
4683
7733
11134
99
2605
4309
10294
10426
5672
82
9813
7813
3738
2302
1328
9191
11147
9655
10149
450
3291
5028
10444
7290
9953
6534
10633
4993
7807
1582
8628
5198
10117
8415
3835
3981
11166
5002
4594
9
7518
1474
3891
1011
608
1968
10799
9684
988
528
6538
10672
7753
3831
2822
6160
586
7967
7479
9038
603
7247
7307
10654
3283
2579
2864
8261
9821
6123
591
1832
11337
4747
777
714
6723
4540
8668
7056
1341
4161
6746
5085
3599
10714
6314
1226
9768
1893
7637
10927
1673
293
5418
5108
5160
9258
3350
681
3537
841
3041
7881
8919
11049
10497
11146
10246
7116
4915
2271
8121
1965
4172
5517
7990
4730
9477
1391
1881
10333
1046
4227
2826
587
3879
8045
2228
7639
1591
4970
9253
8569
2201
10691
4346
9981
10231
8845
5523
2701
6349
6935
3985
142
1956
2006
3070
3400
9511
9830
8072
4764
1709
10073
11355
10806
11022
4403
8513
2117
11123
9994
7813
4234
2978
7245
1603
5928
408
1413
3143
4218
10099
7796
11291
6807
1135
6776
5617
8156
1502
20
7940
5451
4455
10743
2792
8274
7834
3865
5208
3767
4395
9842
10741
948
9573
5513
8036
9044
5208
3696
10081
7975
266
3386
4595
807
3605
7973
4570
4355
4097
932
4280
6937
8204
4469
10452
10053
3901
662
1975
5715
7835
7965
7283
5213
639
5601
2691
180
10674
9828
3291
2436
1472
3825
5585
7967
7450
6629
197
1644
5592
5930
2613
1065
2169
7920
6341
2174
10192
11205
10768
4237
6969
1888
9466
8836
8774
9349
7195
3327
10975
4663
3265
10292
301
3983
1715
2133
8929
4294
8548
10811
6597
10857
405
7611
631
2821
10073
2230
5379
8725
9822
2495
6813
3428
6614
9208
2069
10157
9892
7513
10277
5732
11295
8326
3415
5378
7774
5055
10945
599
3223
8364
7569
3935
3612
8088
2916
9108
1803
1943
8602
10180
5109
5871
6857
9047
971
733
8474
9421
10843
3146
10115
973
4640
2423
8923
3685
7668
10842
3106
1354
3875
2026
10148
10211
3885
8153
10490
8495
3464
11025
2984
11237
9738
6898
4021
597
10709
3929
41
7241
2897
7189
6818
6662
10964
10728
240
469
4421
7275
7279
5277
8380
10657
10418
8885
6830
5344
10304
9754
7018
3147
7838
8868
2397
4932
3376
5418
8244
10674
7484
7525
4340
1322
5554
10621
6789
6533
6324
6860
5585
142
8517
6873
2001
1448
10926
2177
5772
7188
7248
2742
7322
7584
3753
8241
635
959
7117
2373
8130
10818
133
643
2809
8028
4812
9705
8144
1196
8732
4090
11163
7243
6049
6369
2396
8312
10583
538
5422
1149
6587
7354
5672
3370
3659
8637
8663
6012
60
8706
6726
11225
11013
10661
4316
1651
2708
2459
1914
355
10103
3669
7213
2951
7626
2053
4545
705
6786
4058
2445
1703
5179
4232
8630
6204
3309
2418
1276
5466
9098
2373
7235
5885
1463
6558
7322
9828
4660
6340
9766
612
9167
4630
10020
9449
5563
2061
23
10912
7057
1093
10340
5932
5284
9229
1711
3457
28
7370
438
11064
1641
7274
7224
3513
4706
1545
669
586
10402
10891
1462
8005
6433
3246
4605
4827
10382
3652
3444
7874
3976
11173
4731
6930
10852
4729
9573
4426
9407
8364
4517
5672
8501
7493
10980
10823
3580
18
10042
9522
10190
4136
9746
3639
4954
9814
1434
3303
3575
4493
9848
8082
4627
2647
2542
8471
8303
11016
1219
1020
6968
11377
4993
317
3798
6565
8847
5856
361
8312
148
6638
85
9648
4863
1288
3710
5637
1920
10727
2113
2777
1401
9451
5441
142
8044
6872
10003
1516
9210
202
10437
9630
7420
3100
3280
2697
7179
7557
897
9510
7177
1506
6330
5216
8370
3763
10052
2319
3755
10750
5674
8580
270
6027
9047
4563
7112
2499
2492
1681
1507
6856
493
9219
7915
9757
6107
10360
7923
7845
5880
5721
1998
7117
2101
3368
2836
9654
5578
3239
4587
3417
8940
5022
9192
1598
1929
6124
703
6284
8837
1574
8947
5401
3945
7515
3943
509
1055
768
3504
8114
8684
9320
6066
1047
4655
2733
473
4990
4563
9856
113
263
8229
1772
7314
4717
422
9444
5659
6839
3072
6749
5046
6003
11225
7789
9239
9174
221
2756
9207
5842
9316
1301
1209
1238
2537
30
6712
1844
4093
7890
11127
9905
3318
5129
7484
10568
4157
7235
2993
8820
1519
5549
7626
7641
213
4939
6225
7888
1049
8070
9719
431
10748
851
2855
7719
5298
8058
8758
6405
3630
317
8325
5609
3203
6667
7280
9702
10356
7055
3279
11195
1096
2449
8987
7450
8270
8581
8546
7269
6921
732
10495
6585
8726
4525
10627
9642
3175
6437
962
7898
8251
11350
8051
5543
9783
9983
1734
11045
5650
1793
9653
2006
119
4762
7689
5104
7743
2534
7087
11176
5848
1843
8831
9955
1554
286
6348
3454
9403
10893
5928
5566
6235
769
8144
5508
9376
1852
5110
6383
1946
6725
3370
8259
9698
10874
9337
9365
1781
8763
5433
11095
2381
10324
331
6000
7164
8010
6997
9878
9184
2543
7278
5788
2360
3180
10033
992
9398
1747
9387
3165
7127
5128
5598
4409
7468
2114
4521
384
7546
9926
698
1572
8963
10359
531
2334
7412
2596
6586
10899
6793
2656
6767
3727
3918
8943
1706
6869
9884
5356
2860
8211
2542
9771
2119
2054
5543
1443
6476
1301
10459
6690
10443
5185
449
1648
9340
1945
10427
7815
3997
4553
8428
8550
5066
9146
9868
3320
2762
5843
8419
8656
9018
5433
92
4478
4215
7570
10113
8987
6624
4338
5177
5356
312
7991
3040
11324
5469
9046
428
9328
8144
5751
6944
3787
6365
6797
10239
11155
5022
7597
8943
8275
6928
6687
6611
8465
6976
11191
847
352
3487
4626
2750
11363
5397
6020
5076
2728
7262
10438
2030
2019
7346
7061
3107
9222
9675
3049
6749
1083
10276
389
5677
9755
9430
4418
4790
5237
3769
9240
9072
11174
3966
10750
561
1291
6235
2116
9521
2442
5008
1520
7354
10922
6636
8894
4160
11327
4789
10278
5080
2126
6353
10776
91
3957
852
6995
8125
7230
9044
9844
10587
4041
837
605
11184
5036
9585
5805
5975
4495
7181
10849
8141
8790
3378
2841
11140
8252
10704
4127
1409
9907
7475
8382
6295
1505
7762
6632
147
5983
9420
1801
4577
7042
10784
1175
2637
8084
5840
4628
5770
2151
7971
4161
6657
2026
2349
11073
9962
8226
230
6389
4207
556
3737
6984
6292
3549
715
5957
3772
2584
5219
10515
2461
7498
1780
9774
2439
4934
5274
7843
6595
4768
9423
3821
10301
9474
5240
3172
6114
11163
11307
8874
2369
4279
9307
6706
10506
2712
735
10543
5188
4313
5642
2360
3988
399
8661
2369
9589
9965
10519
7924
10575
4882
3793
5936
6857
7992
1879
2266
6803
8790
11373
2094
3760
1706
3618
8057
7093
7728
5540
11133
9839
8473
2715
9342
3370
4964
7458
2941
552
4483
3391
7164
11025
10917
3139
334
4668
2503
1323
3290
4295
1534
2903
10372
4628
10343
9420
520
8947
7443
5193
7102
5035
7553
8935
7550
1764
8867
7544
2145
9551
7739
9184
702
7316
2465
6291
9155
8135
6882
6653
4897
2062
1187
3345
5294
2401
7429
8378
5822
1522
3169
523
2120
11150
6315
8428
182
1962
1988
6314
2236
7051
6918
6892
3287
7188
1372
9466
7005
10336
8164
9013
3435
9225
6937
1034
6620
7675
10767
9858
5320
8578
599
9160
326
1272
1216
1039
10335
2047
3922
7167
6354
1157
10581
796
8370
2405
1341
2906
3878
8946
161
941
6169
3867
4030
3186
474
2403
203
641
171
9608
5459
7010
1811
5085
466
7347
4980
6503
8614
6887
10998
4633
5192
159
6017
332
11246
11088
1183
5642
7057
1516
6597
2434
7661
10976
3599
9536
7765
4320
10643
5019
492
1654
5354
1810
7087
5386
5401
7023
1886
6037
7571
1536
6461
10801
8607
11158
5348
10004
7698
6264
2508
2541
2492
9498
3185
8254
1105
1551
10314
9819
11335
2891
7145
2302
7421
4330
4100
2666
9080
2092
3602
8502
1392
10018
8181
2225
1798
129
10507
9003
8000
10483
8293
8046
8438
464
11010
6008
6542
964
4393
6925
5905
9794
8190
5300
3737
8688
1143
1300
1770
2276
6723
6968
370
1787
1391
4551
10263
10162
562
8705
4845
8029
1523
6102
3338
5733
6705
3710
1183
9061
848
7669
2689
5460
326
10633
5274
7064
6542
6662
2740
1379
7781
10017
1689
8199
528
513
2910
5705
6647
3735
2929
2544
7256
9697
2109
1255
4630
3585
4094
5430
3482
10101
6418
8787
1289
3890
8342
5212
1789
4156
7532
7610
5412
2864
8486
5888
3271
8841
5551
9395
2702
3803
10942
1751
7633
10501
9235
3385
161
2097
8334
9664
6679
3401
6152
3183
9443
5006
4795
4075
2173
3665
1880
3190
8125
525
560
10995
3678
10206
4104
6087
6920
5150
9044
687
4299
7690
421
9848
10767
11123
1839
11387
3745
274
5109
7217
1676
4816
11216
1927
6573
5844
11140
1459
5950
5332
5563
4482
9489
963
2654
10578
3825
10606
8017
152
2278
5675
3106
1633
9745
5717
5382
7058
5878
240
5144
3045
9729
5969
5998
9725
10080
10599
6570
2542
5322
1212
620
5076
8034
7470
10560
6851
10106
3157
4713
5899
10591
8575
6212
2843
363
1044
5415
5052
7638
3748
5916
623
8112
4115
7916
6387
10327
3109
1596
3274
10778
10727
3649
884
5684
3116
261
5041
1360
2010
10216
5974
3089
3546
3182
3999
1389
7688
7244
11230
2898
5337
4003
8917
10551
1319
6869
5870
6527
11125
7326
7473
10606
633
4720
9423
3577
4423
1462
406
8403
2315
1926
7555
4760
4520
9935
9729
5593
3362
7433
7242
6312
8297
10089
7237
1917
11366
7510
2248
8550
987
9089
3082
2301
559
2448
4692
1684
2545
9392
374
7725
1989
9581
2768
6293
10670
5531
6938
4922
5111
7466
8422
6088
389
9820
2347
9048
3263
2534
6269
3348
10230
7497
8991
758
8068
9660
6912
6509
8853
3082
7732
4011
2777
9823
4278
11332
6445
3794
4113
8672
4463
4934
5752
10726
8217
8279
7323
10133
8871
9423
7818
8973
2982
1235
812
7770
11138
10430
9375
658
9902
489
5222
9076
2447
544
8558
11281
2985
8276
5348
2274
1607
4803
8867
8702
3557
7384
10962
7928
3799
3945
7582
9155
4331
827
10051
9080
6396
9762
9742
9657
2622
889
1181
2134
1386
1264
10820
4085
225
10508
6104
10949
6241
4650
3167
7614
8719
6478
8999
2014
7358
11005
11176
4236
2684
9436
3468
943
5478
3575
2161
9547
9569
11134
1722
4824
1789
9622
11121
7997
2702
11037
7837
5392
8912
9794
8569
8369
6612
10176
7765
1236
7276
10055
3934
7279
5022
2000
238
4702
4642
11266
1049
5344
8522
8950
4627
5473
4733
4118
4584
9269
9613
9946
983
1425
6809
8191
1256
9013
3269
1822
9860
9235
4520
2764
10537
6498
10829
768
2217
10230
11012
11321
10745
7303
5644
3409
10953
4056
7439
2347
1887
10088
7606
3774
423
1071
6816
815
9931
2419
9974
7534
644
5485
11103
8828
537
4818
856
895
8785
9988
2672
1565
7262
3399
3762
2523
2181
11272
932
6030
4836
2326
6619
1698
11231
10653
9733
11164
9064
6952
7602
5786
4371
1542
4830
3855
7289
1289
119
5686
4120
2265
389
4316
606
10937
6032
5445
1738
958
11279
7318
612
469
7802
10009
5301
4849
10905
3244
11005
4466
6343
3093
8000
3322
3512
5507
2031
9167
6524
3870
9139
3963
622
5339
3127
7289
6990
9670
2831
10212
552
8880
1253
10198
5069
8567
8013
3769
2105
282
10922
8862
4109
5138
8929
9385
2048
2243
1156
9589
6081
1306
901
8849
6094
10911
2993
437
6210
5359
7865
10007
3893
5083
3737
7759
5861
3368
1861
251
809
2898
7413
2831
36
2679
5027
10251
4392
6875
7300
7422
10587
3097
8608
10226
2619
2162
4679
1922
5075
10975
1078
5204
5105
4277
7966
5665
5975
1833
9332
9753
1629
9001
7863
7652
6208
6347
6601
6385
11385
2866
5795
5852
3606
3995
10521
11335
9897
366
9870
4507
585
2301
9891
745
6916
3210
7597
433
6335
6147
7185
11225
7152
10076
8641
3602
8503
2784
5733
3515
4843
4777
10479
1271
932
6744
9497
6767
2697
11160
11308
5220
1519
5173
6019
3326
7300
10566
2394
9567
9202
793
9015
3048
7604
9895
10046
10030
106
6017
1194
4362
4570
597
10558
24
3773
9975
8825
834
9297
10162
1801
3406
6039
1319
3212
8527
5814
7733
8733
11323
2337
2210
4182
1228
5803
3862
2575
4328
868
7454
10951
9379
8802
9421
1773
9889
823
3430
9029
296
10680
11343
9517
8549
2323
1037
984
781
7342
9407
5132
7637
11365
2255
5422
5868
4866
8230
81
309
3930
10739
8941
2499
13
626
3316
10731
3068
449
8822
1469
1012
5841
644
7813
133
10631
3455
8685
6571
9590
911
370
5370
5675
4071
8506
1542
1459
3549
546
7307
8799
1804
5202
6438
8508
912
8059
2330
6286
1899
4198
5840
7207
27
1519
2323
1960
142
7997
5794
6707
1485
571
7787
8671
70
1328
11091
5384
14
8664
9700
5431
4012
6463
1982
6984
7144
3286
5559
10756
1133
10123
10107
1697
2269
11319
1052
472
9363
1117
9784
9234
4688
1152
9214
8632
4537
8176
10298
1305
7557
3596
4639
5538
3285
6790
7146
199
2642
601
8257
1285
5839
8499
7596
8642
2901
10776
7045
9558
6050
10658
7406
9365
10407
2383
1074
1824
814
10338
5019
1734
1824
8716
2929
1999
5540
9118
7097
4014
331
7873
2305
535
1891
3664
4223
10311
10075
6188
10676
4050
9560
11061
6731
5601
6363
5550
5159
10276
4752
11214
3432
5496
3011
3134
11272
1553
10639
3574
6398
8161
11152
10118
8265
343
3428
3044
10822
4202
10885
2797
7004
10281
82
5465
2707
5539
8715
551
7658
1792
3931
5567
7109
1317
9995
6848
3593
4333
1673
4584
2477
3049
10771
4342
8010
11149
7614
4527
11061
3411
6062
3313
7371
1108
8933
6349
6531
3657
3340
10414
11099
172
2175
8235
3374
3486
9017
7419
3472
10784
11087
8258
5537
6852
7154
3031
1160
562
4408
9823
6600
3981
1492
9765
3851
2297
4081
5294
4184
8250
6942
1614
4126
1667
1534
7746
6734
2765
771
518
1160
8806
1346
7642
6486
5290
5472
7889
795
8649
4505
3210
5346
3301
6320
3028
5220
1510
6265
6224
5903
4837
10837
165
4252
6009
4871
3014
4525
7086
727
8713
813
7478
4308
4625
3495
8964
5342
8391
6104
5744
1598
7174
5472
8763
689
6396
4946
1832
7228
8678
1829
3633
10797
5966
1052
2553
6168
10694
9607
9229
6811
421
10960
5909
1846
8050
654
4215
812
6872
7799
10034
7586
3372
4383
6572
10045
4501
1502
10387
2177
9984
7875
7659
6059
7504
4255
8267
2058
5659
7752
7216
8471
11136
10514
3294
5095
1921
6972
630
1085
332
1360
8446
888
4072
4412
2856
1374
11057
9805
7144
2643
2959
8757
2472
1989
9528
8042
9971
8433
1232
8676
4016
2000
2566
10401
2934
7392
335
533
69
10842
11206
1594
3169
1861
726
8976
9918
7097
2329
9575
3647
2690
4231
7297
6246
6692
1142
3003
99
10002
3692
986
9220
3030
5686
6862
10835
5883
8563
6719
2978
7780
9790
7048
3979
7355
3325
6078
10587
2318
2948
2844
5515
10516
7947
3253
7535
8914
1397
9573
2825
3897
2949
8877
5109
6659
8189
3446
7806
9890
4780
8584
10087
8398
9865
1140
6295
2783
6145
8375
6056
10065
2846
4245
9195
6957
2820
5389
7367
10431
7391
8980
8245
3001
5301
1206
9190
64
4034
10210
3095
5365
9890
4552
9938
11253
5700
2017
407
463
7209
8638
524
9947
4285
6185
5285
2199
957
7897
5523
9674
5726
568
10882
5239
5939
5987
5184
6446
4513
2818
797
3839
9292
5113
8302
5615
921
10604
7922
10675
9264
7308
9445
8016
10066
4231
9258
3241
4239
300
9939
2935
842
7467
2505
11246
5579
1066
9450
8054
5901
2895
1136
4549
5936
3970
7304
5698
9030
7472
5963
9405
10550
3358
10297
10939
4863
405
3451
1276
5277
3379
5372
888
8065
8500
1094
3135
2286
3967
8631
10396
1562
6487
7035
1521
2925
2973
11240
825
7770
2711
2335
10145
9362
7773
10409
6520
3253
10794
7596
129
184
11256
595
6497
10602
7695
98
2521
6648
402
11158
10267
5966
6987
4932
6556
6830
7320
909
105
8633
571
7003
7261
3651
10728
770
6597
10358
5229
1446
9170
4134
6105
3832
8554
7370
1619
5643
2464
386
7565
2151
6798
439
10317
8322
1570
10233
932
7983
6786
4630
5219
6490
11304
11086
9210
3670
8957
10749
4130
3845
5441
10416
10063
2179
8442
11126
10848
4372
4664
6298
398
10286
32
4567
6700
1319
4493
1485
5962
3148
6770
5432
5645
2122
1785
10769
6253
859
4594
1628
7719
4626
1596
538
7802
9196
1987
4199
9482
519
10280
9482
10312
8727
709
5681
10285
6060
3555
10503
10446
5290
4788
2268
3079
2340
6719
2927
10718
9005
8074
420
4236
7460
10585
4397
3249
2348
6106
9635
10944
8823
9397
7212
7833
5164
7944
9285
4219
10815
1905
10212
6476
2548
11035
9648
8369
2412
6794
7234
9886
862
4984
10152
2361
1427
7239
3001
4729
10597
3174
9905
982
7268
9233
10647
11004
5454
6429
7348
6505
5963
8288
2020
9795
7146
5157
9321
6978
2884
1867
714
11375
2925
4890
9044
9737
6399
91
46
1736
9112
4855
4017
7161
3130
8476
1488
4794
9963
5773
5225
11237
4405
5125
5079
9579
10024
7355
4302
8943
7448
9808
8137
11126
1957
10375
2168
1884
3759
531
1421
1154
8655
3454
4080
3139
10874
2492
1064
5615
7268
7440
4167
4444
10547
2365
5026
9147
2594
6013
917
9177
7301
4519
7626
6471
7836
3216
5559
2236
6143
8321
10420
9998
6526
9460
3134
1376
7673
4441
1576
3870
5800
5078
7667
2842
7036
8906
1560
10679
3726
10200
5691
2222
8913
4748
8877
9227
1484
1725
6112
11348
5012
3127
1129
7233
10633
8846
9098
3954
434
1403
823
2
1731
9612
7625
5326
9860
5389
4246
9630
8289
1536
10483
256
10311
8355
6016
726
11373
6163
10981
3036
8902
652
3435
6367
8380
4554
10887
8577
7775
2744
9010
5452
11077
5798
4983
4861
4374
7931
10396
3634
793
8787
11320
1509
6021
262
5397
11230
10900
2291
5062
9067
7812
881
6661
9647
9473
4078
3024
1356
5377
84
1647
2290
8450
7256
2467
8216
5869
2948
6429
1888
3469
7238
2225
8449
2962
6729
11022
6730
5480
1252
2247
9623
7386
5078
7834
6625
2896
5289
6087
11189
4674
7894
4579
5627
181
9385
3366
3605
5328
1684
2654
3135
1396
1978
1329
1590
10196
8631
8725
4573
8922
4557
9555
3370
10342
8247
3202
1773
746
4680
11267
3886
10852
4489
11216
3925
2992
6789
9958
2176
6999
8532
9972
8746
8319
2512
8969
4526
593
5714
8914
8097
2884
9389
2429
2933
83
3328
9060
2516
9177
8809
7115
11089
9187
1626
7163
9040
6239
9214
11099
2955
273
837
9154
3506
856
7793
7765
6404
10508
1557
7597
4796
3991
5429
6357
6161
6811
11111
6577
6487
9
9494
7987
4694
4267
5240
4622
5187
6662
8794
6024
4895
6769
8668
8079
5402
8263
7817
4851
8996
5012
1354
8673
195
1904
9938
7366
10480
8136
601
10351
6630
1816
8141
6
7603
3622
5081
5202
2829
7469
1254
9516
5483
7637
9015
8906
1275
10027
9013
7679
593
6575
10188
4947
7737
1215
9255
3032
2173
6755
9321
8396
1096
1120
4131
4161
3226
1537
6989
6801
5646
5126
6853
1852
8170
697
1571
11323
3489
402
1460
3715
5852
10375
7016
6647
7367
138
2409
5102
5578
3656
3648
5777
3878
7878
4483
535
10916
6380
10582
10499
1225
10473
9799
94
2599
2379
9946
1914
11033
1370
9954
431
462
9832
3168
11150
9043
6257
922
9232
7011
2170
2865
7636
10811
1929
5087
11014
6571
9222
8838
9420
827
4948
4339
1330
1521
8688
4346
6027
469
3201
5461
1726
11194
9383
3058
7772
386
1189
4229
3551
6080
5636
9387
3151
7153
4143
4399
302
898
7215
5050
3027
5296
1783
776
1666
5445
6001
3145
2295
862
8190
47
3710
3297
6185
116
3298
2179
11198
1370
9563
5144
3787
7751
1453
1597
9683
3332
3703
8860
4580
5131
6654
6315
1634
1069
762
273
5166
239
9152
9808
10176
164
2299
8081
3572
10803
567
2102
6495
3831
8350
4785
4909
6632
2744
763
9188
304
5819
10729
8504
10074
882
6801
2537
8602
3771
3522
3364
5061
2583
3908
7132
7144
8099
11078
6968
8052
10141
3794
720
10992
5167
9477
6159
1054
9900
1474
7198
10359
10609
2266
3788
4806
3834
4506
3260
5388
129
6069
5595
1588
698
8486
6225
9561
477
5032
2187
4905
6910
9281
8445
7557
1733
3059
6161
515
1963
2901
8690
10658
7810
3464
4607
4386
10465
54
4216
2610
946
6359
10903
3911
6117
6732
5012
6623
10468
10510
440
294
1853
3041
1456
7186
8218
2608
3340
9940
3925
7316
5053
2764
9034
5878
6783
463
10138
10391
10957
9385
11347
6160