13329
5844
4515
11710
3542
12938
11550
6320
10601
13134
890
5998
3507
5264
15413
3117
4223
14779
966
1555
9550
3577
780
3674
3741
847
1296
11273
13480
4245
9669
11500
11331
5816
8544
7594
2390
1138
9215
8205
6289
10042
9379
13334
8102
12415
14216
12058
6422
14891
15292
16088
10669
12669
10524
9787
9563
13638
3268
3757
10363
8181
1946
14449
302
3610
14878
6201
147
12696
4798
9690
9273
9256
11412
319
6667
14001
808
5036
6555
10473
14812
4319
15862
9821
5772
683
1173
9004
3881
4932
12592
9270
3811
10893
11601
11620
14806
3436
4523
12749
1166
14623
8128
11041
7688
10261
15048
1026
9290
3049
16147
14255
16012
9025
6999
11562
8641
8212
5848
171
5638
6819
12256
8722
1964
3156
3933
8900
2959
8482
11718
728
2829
4136
4267
6367
12676
8731
2034
11581
2163
9449
7181
10190
4642
6610
9202
1822
7691
13948
9074
15071
15311
12704
6066
2773
5396
15151
7825
13579
2049
1985
5725
15795
12505
3796
6779
8596
12132
15447
181
12661
9289
1881
11369
6987
1414
9734
11464
6364
12308
14717
8394
4798
3332
482
15494
15359
14976
2150
8029
4601
10078
937
2391
4036
4086
7260
12509
15566
15693
2538
15908
5367
207
8620
9475
13551
11081
2596
10602
16076
13348
6212
9549
9996
7197
5089
2741
15768
4381
12497
12935
15417
10980
4821
15992
10086
13788
6802
9748
12601
14222
4148
10487
13903
260
5020
8398
437
6955
14273
4299
387
5800
10242
3655
7885
2418
2451
12845
5814
26
14762
2790
2557
2491
9041
9557
5654
5395
9309
11804
12998
5163
13055
773
15254
1201
15978
1741
5578
12819
7923
8966
14785
14035
12486
12925
4316
4038
4047
630
13294
6515
374
6810
2653
8657
14763
12242
7519
5321
8715
11882
13025
15421
1922
5711
7702
2861
11237
5248
3821
1434
10887
1251
632
3385
14370
11226
2750
1584
2322
2760
2894
11207
11829
14225
11697
4390
15967
5526
4786
6929
9251
11117
1454
11847
10089
10517
12252
10535
5193
6390
2968
8410
12046
9594
10502
4365
3491
15310
10915
14349
4648
8914
12794
8217
13720
388
9913
12
7536
15223
6392
15405
15143
10185
5186
113
12566
5258
2767
15044
13220
15393
3240
14880
3245
6419
1156
2310
4569
2228
9883
10523
9316
215
3127
8078
1062
2761
3114
16002
9083
3134
13112
14152
970
10984
10330
2742
5447
6003
1694
8307
5602
9836
8148
4360
7400
5066
2191
507
10545
7292
779
13875
3759
6246
5561
15423
7269
4793
5025
7893
8919
6174
14226
6805
8222
11813
10737
5095
10989
14415
3292
5060
2057
3253
7082
10214
4877
1319
1171
7808
2181
2512
4413
7090
4323
7179
2629
11629
1076
2734
12407
3717
2578
64
11458
2618
3259
4279
12024
6299
809
11789
4104
13948
3467
11258
9153
9693
16087
5599
10565
10734
15631
11406
8458
9212
9615
10930
4241
14016
8714
15081
4593
6083
3887
4766
3624
14918
14978
3439
12009
13788
7339
14477
5775
10169
6111
5454
6262
1336
1050
1787
13089
13427
3813
7309
11669
12313
10421
7280
13132
11826
576
13886
10142
6834
6167
924
9127
7269
3685
10351
9431
2211
11639
12102
9114
1737
9079
3348
12719
1736
7743
6997
1173
1131
16182
9683
7369
7758
2680
15981
11310
7452
12589
2716
8267
4194
1510
8876
987
15872
3505
2086
13555
5483
2761
13405
13605
2343
12544
11017
815
9431
6714
464
7336
8983
10054
10762
5340
2063
15109
14974
4278
7588
15647
9766
302
1397
5560
1124
8834
12778
13787
917
1398
8143
3261
13487
16142
9683
14678
12508
535
8793
8211
1166
14592
3125
11957
583
15061
6078
3066
12575
5496
3013
4627
13475
2221
4524
2287
10525
10870
7092
9200
10517
14224
11332
15246
14571
14781
14740
280
6617
11845
9475
7029
4193
3934
10218
14212
11012
4034
12002
5511
14828
5985
2647
7693
6293
9543
4556
6063
1361
11298
2632
13694
2657
6113
6684
6341
2205
3323
12492
7957
15884
7129
11066
7413
9082
32
8138
11811
9035
8417
15582
10610
8869
10753
15743
7213
13456
6087
16042
3979
14338
8790
13507
2097
3218
4398
8656
3806
4665
6046
9362
13217
12978
12670
9328
8066
7124
2588
16046
12594
4023
4684
2694
6591
7475
11757
12175
2051
3022
14228
14366
11131
12096
6391
13454
7274
4296
11747
5484
14311
14833
10116
6870
11722
9920
8630
9722
15016
3158
1135
1611
1731
13279
8276
7707
5145
7764
3115
83
12962
5484
13968
13234
3160
8625
11861
9948
1902
14384
15008
12962
11832
7202
7656
15580
9624
7530
15013
9430
13044
1516
11801
14705
15351
12059
10113
11255
5393
7682
8599
8654
4455
15872
2393
4443
12010
502
3093
14049
4414
2058
13723
6590
7629
14101
1684
3123
13652
12988
2789
12608
4640
2396
13730
748
14834
5625
11219
6455
11970
8270
13127
13200
1885
3028
11966
6993
13746
4927
4601
13828
14213
13300
3392
14303
15329
2210
2352
16172
15817
2995
410
13321
13090
8267
2358
10007
10382
15145
10432
15564
3350
8532
15864
14819
15080
13834
8027
4881
6975
1665
152
15260
15606
12657
4585
3904
12505
4462
4401
1036
256
4426
2099
9979
5010
2451
6193
7430
1333
4233
7903
13526
8546
8793
965
4332
5379
10977
9289
2459
833
12477
115
13959
8470
9297
1208
8758
358
6714
14884
6115
10475
6640
13642
5476
13369
1924
7847
1896
3783
13214
8056
6980
9342
203
9307
9117
10432
10993
150
3598
2763
9742
14751
3567
7544
4407
12159
10090
9080
3792
5982
8106
12368
823
14195
14279
12591
5478
4237
6972
15500
10020
9502
3825
2303
5265
837
3017
8133
12207
11270
2757
5393
7258
11362
15593
7972
1119
3153
9077
1416
9389
12459
3237
2969
6916
6759
13249
10576
4794
10011
4792
4416
13093
3945
8930
3544
13433
6295
12847
9341
11414
6259
4573
2588
8701
3072
15246
14662
644
13758
8266
15400
10561
13653
15172
9409
537
4882
14957
15135
708
3240
16199
16112
10379
1800
4231
4285
12871
11427
13170
15392
7465
7326
5150
8307
4431
3568
4160
7422
5230
7613
14594
16085
11512
13147
13015
8117
11073
14822
7260
10467
14124
2469
9723
15983
6195
1835
14576
478
12925
13755
1639
12439
14351
9002
9215
1695
8523
4119
2553
14745
11047
13181
399
11472
12557
1274
3274
8560
14547
15518
1463
13248
2589
14809
113
1852
2446
9321
9805
10115
14983
9206
2210
8032
3524
4525
5762
10218
10345
4668
4978
1686
12069
13573
575
3227
5511
13171
3538
11085
10920
11859
14510
9847
297
1926
10755
4228
13933
6540
9789
6425
16172
7795
8325
13128
311
11154
14953
3341
14281
15058
13185
10794
14939
12302
6483
13396
4006
198
1381
2682
8765
14555
12305
3278
3515
4683
1746
4959
10142
11596
14810
13327
3346
2969
1463
8348
7983
2003
13173
4662
9999
6250
2320
8211
15129
15972
11309
7374
6902
11722
9873
7173
15948
9737
5582
9166
2768
13453
6119
13270
6923
15990
5076
3263
986
6298
4781
15962
5304
2575
9537
5237
2991
8628
7164
15578
6537
9720
15637
4323
2976
6729
10820
535
10811
4891
2397
10271
837
3646
11164
10600
1912
4606
5064
8326
3229
3577
11489
12306
12315
4055
9386
11225
13797
12556
10123
10542
6413
12027
6990
3171
8358
2908
4640
13874
1930
8604
6461
11905
5574
4916
9574
15251
10149
1515
5408
3146
10132
692
14938
11483
9389
8651
4917
8607
162
398
11730
2432
11408
4872
1664
14742
2585
1441
12311
13148
11079
5944
10464
8735
9570
11405
13491
1512
2832
10770
595
15597
6889
2643
8808
5767
7528
4954
1224
6962
9517
7167
7671
10315
3292
3726
257
13603
5037
9731
6044
2405
2700
1450
14039
10194
185
10254
834
5893
14620
14427
14560
15138
9263
1128
6725
5503
5559
10006
3770
8202
11966
11624
3856
799
185
11833
15163
13088
9435
5580
11911
3405
8488
5864
7466
14938
12662
9547
3320
8669
13011
9270
1024
7814
11233
11928
3370
5484
15116
8387
14455
13690
14113
9734
15378
4842
5823
14819
3798
10993
7409
1625
9463
4799
13004
6475
8671
2438
1009
14767
2934
11438
6430
3792
14229
7751
361
968
10955
11326
16161
3452
15114
15815
9172
6146
15101
11729
14986
15925
7409
894
4149
10738
10182
11594
13287
15192
15819
10727
4110
8561
2155
7609
1468
2517
13733
12163
7728
13234
513
8874
5822
7905
10975
563
1558
15991
6293
12878
4595
545
11744
13307
15734
12385
11357
4321
6666
585
15646
6134
13198
10895
15524
6599
4188
15175
15471
11734
15266
12620
15714
10620
4442
9819
14349
13883
14483
5642
10332
7031
11553
13660
15618
12476
7280
2580
12905
4887
9023
4208
2876
10840
11110
6471
2820
13284
12494
8683
4591
14185
817
12238
5748
6684
13424
8958
284
12697
5599
438
3023
12195
6340
13788
645
10238
12052
3471
9798
4876
2524
3958
9914
6402
9262
12278
10864
8395
1933
2270
1935
10470
11156
14503
2966
15343
8633
975
3692
4840
3287
1838
5112
8119
4408
1636
14008
4532
14538
4795
6016
9602
352
6108
9516
14809
5128
7002
523
8705
8940
962
3937
15218
14886
1057
15049
8739
9506
6233
3073
8736
11582
4870
2139
3438
9955
9471
11267
5800
2583
11152
1809
7656
12303
5152
14490
10334
5467
10396
7964
11835
2700
6488
1564
12954
13692
10306
5015
10996
2306
10545
12963
6361
15245
331
12804
14120
11431
2361
6882
5632
7664
8565
11650
12154
685
6
4488
1239
15255
6744
15745
13399
6474
11611
7446
5761
14448
15872
1849
8776
7518
15928
15049
6558
2057
8189
15230
1904
2828
10578
3878
6782
578
4725
865
2552
10123
5730
6841
3417
10745
5051
9212
10372
4320
596
15847
2644
3663
1322
10197
8165
5079
9778
4760
15632
7383
13254
5085
12027
5970
8355
11457
7189
14391
6582
2149
4203
547
12420
2590
13113
2854
2481
3625
12675
6176
13334
10283
6975
3443
7142
3935
1122
2830
3523
4810
8325
12128
7965
2792
10344
13056
3765
1575
9192
5434
7709
12872
11886
10507
6094
3294
1410
16172
7457
15194
11538
5720
8707
6661
8386
14404
1918
1735
7508
8467
15798
9097
13814
114
10124
4346
5484
10513
9852
2943
7595
8701
1093
13222
11410
4935
3264
4223
14097
4884
239
9964
14523
14680
11765
15420
6459
3167
13641
6093
4087
7466
15032
9423
469
3936
4927
10775
8415
14848
11613
2625
5356
3564
8164
1244
3486
2868
11821
7256
9762
2600
13644
14985
4929
12661
7445
1457
16110
14049
9233
13852
9653
2937
3468
1431
3406
9998
5049
10957
4069
15636
14604
15603
1651
6371
2112
288
4889
14229
14038
11791
2865
5491
13808
1288
14162
2608
2765
14857
7990
4838
4262
5953
9936
3390
1121
8673
9619
15244
7487
12423
14478
15176
8756
4403
9021
4374
3847
573
5221
9545
4347
5250
6052
1120
1101
11522
1739
3314
144
12236
15828
15426
516
9803
14284
9912
9143
466
3359
6875
9834
5220
6817
118
2281
15122
6531
4872
5182
658
5648
4429
2929
13079
14749
5406
806
1241
13617
4870
9193
4034
9584
6
4983
8930
767
10000
14657
7354
13615
821
7610
6512
2889
286
11790
13631
9136
14360
12009
12842
9561
14802
15501
15823
9731
4973
8068
6614
6917
7092
7507
11578
856
11810
796
2350
8762
16143
2002
9722
9478
1278
9793
4254
3023
3926
788
4163
3451
1063
392
4499
1346
12152
10906
15264
9630
10246
988
14762
12599
8687
1807
15647
5197
3284
4227
11800
6337
8551
2563
2164
1449
13987
12210
12855
11940
7162
11239
12153
3845
6771
4472
6277
1512
2909
9308
13398
15273
1207
9828
6258
10271
7098
10316
4288
4190
3429
2282
7521
289
10301
10958
7969
10160
6132
16044
1822
7816
13435
8803
1361
10388
8536
10067
2030
7101
15767
7801
745
2877
60
3813
6000
11179
3307
8044
683
1482
13718
12402
12941
9629
867
15909
12080
4253
3078
11059
3429
1103
13937
12280
16071
12752
10393
12957
766
5809
14592
14396
3391
26
2665
13076
415
12765
5492
760
3621
14440
12541
10030
7445
1711
13206
12163
1982
298
7277
4541
5909
4215
11506
751
16153
8878
4384
9906
3527
14835
4801
11838
6266
2386
11597
7167
7610
4542
9824
11376
382
14008
6712
9107
2797
2906
12900
4140
6822
2902
10370
5497
549
6533
3562
13386
2882
3455
535
5542
5743
5020
1506
3073
5409
8979
14062
614
3806
6638
3373
1737
5708
9217
5274
9063
4884
12519
881
1799
8627
13591
7212
13309
1245
6382
2216
8888
8666
13146
6848
14200
13247
3371
10581
7987
4254
6301
13803
10228
15283
1860
14768
2751
6281
14226
4139
14492
981
11968
2537
14161
8508
15959
8710
998
63
1188
6734
2968
4538
8799
13215
8933
4315
8258
6575
5935
7648
5774
15115
11689
2644
3599
14875
250
401
12882
9702
2349
6217
2190
4947
12650
11111
12044
11653
10127
3904
3337
4085
16115
6373
501
13126
4514
14718
2363
12544
10982
11170
476
12360
4506
387
6006
8671
12171
6630
2382
15453
15604
7569
3193
13157
9668
348
10902
8149
3344
4417
13939
14179
13890
14284
9698
10266
13967
13747
7507
9422
13101
1782
14518
14768
2417
341
7536
2622
16057
10289
843
217
1816
7285
9836
12984
1023
14731
11814
10167
1191
1292
15806
1720
6983
11743
11920
13852
3085
6623
5349
12827
2846
15073
1297
3232
12906
14866
6752
1121
7583
8548
7521
15197
15881
8628
11563
4746
12087
14533
3229
3120
15802
2942
10292
7062
14516
14705
5099
11965
3831
1984
13617
14851
4153
471
6419
5315
892
7008
13282
5326
13477
5406
2227
11762
12541
12893
4310
11268
4831
12243
8946
9977
4985
6840
10204
15791
16109
10543
11405
730
3129
7789
12774
5777
4796
8501
15177
2712
3414
15218
12203
4247
7107
13256
7082
3458
13265
10430
12090
6373
14637
12374
13628
726
6765
14155
10690
5150
11953
1966
7897
8921
7548
4838
1366
11782
13228
10067
10588
3733
414
5842
6176
9046
14092
13115
8718
12000
4751
5006
8936
713
3882
13160
4850
2521
5159
353
6749
4299
1732
15232
8295
12635
4658
8336
6558
11352
15438
10180
9630
14052
2797
11361
2984
6300
13693
3809
11774
12259
13876
13514
3873
1864
13022
6372
4122
7880
12478
10613
946
6797
4067
10026
5274
2249
14758
10895
14938
3417
3693
12142
10271
9973
6079
3834
10664
2687
11604
7059
2814
13363
6226
14272
15236
817
8359
7275
16002
7648
10227
133
3632
15693
5051
12049
1683
8717
7594
14297
11351
15983
12738
12988
9842
12834
14047
7614
2157
14294
107
3355
7121
8422
2576
3352
8894
13935
10001
7576
5598
101
10165
8644
3703
12432
2341
5783
6070
13848
1447
1224
3950
4796
1817
2738
2192
4199
6713
12377
6523
11238
4430
10583
14838
572
15173
1441
15525
15239
12705
4072
2086
4
1818
13977
4987
12597
12603
12771
6291
3201
15639
8709
743
164
11303
4249
6154
3632
13153
7915
10186
14975
13322
9859
10378
16099
249
15829
10729
9061
5660
5590
11611
7545
8182
3482
4139
2061
9045
5363
13948
7457
6797
14385
6320
12455
4232
9546
15821
15173
5032
13179
6160
13719
7244
15375
6261
5326
5797
3449
5083
10355
8328
8850
9460
4259
3316
12117
9864
12183
7112
6358
11021
5961
4520
672
1966
1639
12088
15448
8300
14070
9762
31
10285
15586
11732
14982
8347
11528
10254
14637
14619
11481
16193
14707
3371
12893
2533
11660
15855
12684
6029
4565
2197
14988
14750
935
1948
11048
15134
16151
13567
1276
837
9798
16075
12318
10707
11171
5512
13734
326
14600
3411
8783
1247
5592
2169
15911
2845
9262
5454
16130
14828
6824
10787
14244
1264
11726
11362
8868
5766
15472
11092
1795
1377
11760
15664
1101
5974
15027
4454
9508
5374
2102
8331
13026
15914
1197
7837
6046
9114
4888
10983
9014
2633
1148
1575
8401
12483
12554
15133
10494
8152
12080
9284
1727
4895
12681
9811
14406
7469
11108
979
9421
11163
4086
14495
8661
15843
10412
1504
10445
9355
15294
2417
13534
2937
444
6586
10911
10314
9253
4342
12796
12189
806
12457
11045
11412
11120
11974
15453
1587
6623
7374
1387
16035
14255
9840
14594
12742
12957
1974
4048
15286
14538
5242
5021
4055
10337
8628
5719
2199
12847
14230
8215
3863
11170
6687
16036
12594
5573
12493
1223
12367
14812
16105
11262
5985
15838
11586
14762
10130
5214
9048
792
2929
14942
15095
15832
14954
16142
9474
11199
10253
43
8020
12315
15392
484
12994
12562
10244
6772
12542
5042
9132
6207
1407
606
14979
4335
4502
6464
10737
8724
9177
13183
3997
889
15676
9635
5129
5187
5710
445
9826
1118
5898
1662
3710
8473
4496
3809
14012
7860
2550
2622
8270
15680
6299
683
7026
5507
14698
9884
12743
5150
2751
6961
4539
10196
467
1991
3076
2507
6540
4958
15348
10562
8254
10824
5119
4956
13058
7738
1532
11972
10576
14863
9376
6294
13729
11682
6974
11598
6977
4735
9221
2528
10455
3869
13837
14901
12168
15972
1881
1670
1408
7400
3322
8728
15970
1897
4939
8208
13346
3206
7677
5742
5041
11309
10163
3531
11381
1084
2999
6942
2267
1502
5582
12695
4631
6958
12676
7615
8800
5919
11906
200
4097
3820
2818
6509
311
2085
8112
8754
12720
573
4197
14535
8145
7097
8054
12289
2773
16039
13597
2428
3977
6204
7051
12201
1671
15145
10343
10098
5915
13058
15545
12176
1553
810
8228
3338
462
15224
10191
8120
786
8988
13112
6388
5447
5518
10871
15244
13558
4986
1874
4968
1848
13243
14356
11097
9581
4618
11321
12157
8196
4884
6887
7456
161
8803
9153
573
12930
14476
4759
83
4664
6492
263
15017
2945
13486
196
14628
15638
2626
3538
3018
1117
10641
15246
5160
16088
3823
693
10808
1045
5062
8722
15980
8135
87
15126
14484
7219
9990
6498
12238
14027
366
5014
8531
8746
1473
4416
2024
6778
13745
8454
2711
10191
7397
12262
6306
14192
6940
1662
8272
15261
9722
15694
5048
11863
3904
8020
5335
4725
15567
15145
12546
9556
10197
7016
13976
14411
1016
8841
2128
15991
14680
1567
2374
8295
9061
15885
2736
5413
15317
1068
15113
15626
16087
14397
4584
15125
8407
3224
3294
5792
14435
16167
13722
7290
2452
11955
1249
10535
6712
34
6472
15606
9329
14551
5352
7741
615
4857
11517
798
10467
12283
1413
5571
2168
9592
13399
608
3567
11099
14847
12111
5216
6378
5006
10157
13243
15981
1500
12765
4371
4083
8267
4747
9489
13703
1937
1647
9281
7336
15468
15109
11797
6052
11942
13054
7419
7428
2313
8821
8635
14896
4096
4656
5323
8084
16000
2265
7017
12736
13591
10599
5507
8421
7074
2387
10240
5817
14974
11623
9596
13869
12232
9331
7766
15981
10915
4058
9762
5297
6452
16062
14440
10306
4980
7081
14296
7006
5640
3434
7476
7848
8630
10821
9653
2147
12600
14100
13896
12444
13305
4409
14530
4921
9265
5044
7839
6317
1450
16082
14207
13809
1185
3174
11158
6866
5852
5517
10756
10247
12301
3062
8989
12710
470
12986
605
4524
4129
10344
11756
3453
5020
13746
13396
2796
5082
6566
1945
15482
3588
3389
7662
8054
5741
11506
10427
7512
6611
6979
10495
13813
8070
10256
4009
155
9194
13664
11409
5779
15551
2317
7169
2195
4391
7573
16117
12785
564
3501
10829
10223
11924
13351
12568
5937
5720
13111
1640
6782
14236
15854
8897
7897
8264
5745
15222
9506
12256
12523
5191
11560
327
2607
8995
3552
5643
12294
1162
6621
9361
15579
10352
12725
10575
9746
1254
7765
1800
8007
9155
13806
8045
15586
16006
13070
14765
2777
15950
11194
4554
12002
8203
3296
2297
4014
5299
1713
14417
5061
198
5370
5014
3177
10228
4695
2752
864
14275
2046
3830
1802
3689
4060
7446
10219
7170
1526
8267
1684
10774
5888
3258
4705
4198
13084
7590
4791
2706
2959
3034
6445
2553
7152
14992
5316
9040
12180
15324
5163
12305
4446
11266
2641
412
5722
14049
4982
1674
10964
11302
13267
11287
2522
4255
8249
8658
11711
11168
9313
14782
2052
16101
10334
6348
8472
9020
13818
6025
9083
965
6268
2216
11556
15907
8997
11008
3628
6103
9630
1252
791
11131
8593
10069
11111
1857
6248
10262
10822
2499
7102
15812
3523
3451
9946
6271
4017
10954
6583
2997
7171
1257
9878
6719
13475
397
10961
7492
5746
5465
756
3986
15554
15705
2749
13234
13220
6543
7963
1941
5683
10410
1718
1290
10273
15095
13546
5550
7673
10836
3205
11117
11518
12839
5127
7428
14286
11380
12505
1363
8074
663
8316
12759
15014
12099
8554
9942
436
4683
14138
6556
11204
14920
6037
342
3515
4090
15422
7606
8268
12395
3023
7570
12114
7131
659
5415
8115
2811
15142
961
8207
8988
13690
12888
9050
6074
5763
4370
12395
5548
12007
15175
2298
4150
10409
6653
14765
11330
15863
12273
9546
1847
13599
1345
7238
1123
13041
13028
15985
13446
8971
15330
12490
13393
12030
2256
1649
10697
12632
1804
10762
3865
1070
3199
7280
5548
1118
16175
8215
279
6843
12530
5423
9853
14731
6381
12967
714
5659
11001
15898
2202
14478
11963
10273
6704
1116
5865
13061
5873
10586
10559
15068
11201
12206
7457
9756
8947
1739
559
5930
6181
12733
983
13593
15821
4119
3316
1809
11831
12948
5199
11351
11717
6503
3960
5962
8271
13395
13011
7970
3325
12817
4514
14371
11461
1189
4164
637
5591
1348
726
15385
10548
11895
11864
9172
1280
10475
16181
10666
7169
3119
8058
4635
2401
10576
9241
10113
5449
8013
7324
6393
16045
6852
3834
12246
14824
75
5618
6921
9603
11302
10293
14829
11690
6902
3383
13787
15441
4456
4060
913
5920
3853
104
15419
4760
8680
10530
5295
12604
12551
2196
4049
2223
192
14809
10334
429
12705
9144
9193
15693
14157
13883
13179
15149
6495
1352
6006
1902
7382
14954
1449
1508
1273
3560
10604
10231
10548
7055
12701
1149
8162
1041
12174
15625
578
689
1993
989
5871
10714
12710
7696
5373
6081
12394
8504
5539
11735
15163
8458
12932
9353
8599
12589
4917
5742
5331
7095
4103
3245
4946
5136
51
9597
1355
15938
9510
12929
4037
13496
6702
1936
13253
5041
881
14023
3262
5637
10487
15267
5415
15911
231
9472
9657
7892
9361
4103
1171
15440
2734
13940
10739
8724
6744
8335
1103
14951
14735
2301
8416
15270
13488
14544
8151
12357
276
8969
14296
5345
1929
5289
1238
8136
3635
4943
9424
12564
13285
13091
6226
770
2358
1859
11078
11788
10290
10276
12052
3864
10090
7900
10340
3503
14815
12036
12558
292
10576
14312
9413
273
14257
13696
8174
4594
12065
1022
13660
5291
1472
11505
891
16077
7955
13250
2996
13604
1995
6247
10906
15003
1344
4782
375
15899
3998
12532
14226
14
7937
13390
6533
15707
5351
1982
11566
12628
7787
2160
5028
15867
1747
13278
6458
445
13929
14627
1230
1858
216
14323
2975
2739
11178
3257
2158
7352
2779
7745
6442
10314
4801
15165
16022
12634
8921
11930
4203
12528
13900
10458
7476
3996
15545
4656
7040
12377
7325
15124
10354
3675
4771
12045
3714
11902
13446
8710
3163
232
9136
663
13221
12443
11241
13440
12995
8471
1469
13285
3741
14269
3674
12368
10852
6819
11571
8758
10019
6865
8122
8236
13989
4488
6124
2614
15191
3645
2332
1349
12099
5611
596
9382
1737
3579
15795
11434
9622
10277
14396
1086
8486
3583
7247
14274
6740
961
11225
5003
595
7285
2344
13737
3610
10767
11358
5174
8383
6536
13523
2790
3351
12185
1002
11160
12679
15417
2633
9481
10790
13651
13621
13866
7775
12246
5869
5054
3102
12011
6052
14363
12110
6187
8903
4664
8862
15876
11169
7786
15886
15435
14760
15925
12521
4335
11710
14018
7585
12198
14627
10298
9986
10018
8387
8779
8406
9921
2120
6000
241
7353
7090
4387
9316
11028
10390
12577
15050
4126
12734
6168
14098
4216
7261
9855
6261
2493
8270
5714
11649
3077
15731
11355
3054
3838
3835
1859
8776
6241
3934
1636
9075
12264
15835
7745
329
13166
4056
10278
10956
16074
2833
11542
14849
11139
1245
8414
14088
8220
2901
2243
14986
5473
12246
13455
9517
10263
7347
13516
10721
10492
15085
3224
14138
14038
8978
5354
44
5155
13701
11160
9860
6728
15101
4531
4674
2428
9278
2154
4399
7100
9170
9006
11221
12027
7766
10413
16176
14876
2497
14738
8180
7534
208
4438
515
12875
6901
10608
15571
10903
6386
15628
15074
13943
11671
5231
818
1771
12985
845
11731
9136
731
4761
10341
3626
10803
2164
4834
13480
8871
13707
6328
12119
14955
13999
2374
2022
484
10945
9627
1225
7506
933
14043
11369
4298
4543
7011
9545
329
3789
836
15020
7994
5651
9923
3001
2427
6536
4250
6313
12691
8834
2185
14198
11260
14504
10657
7386
15320
3412
10754
2197
214
14801
7659
5373
3690
8554
12824
10956
7815
12243
16195
2287
5132
3031
6505
4779
11373
12947
12741
9292
11874
215
3566
4561
11941
11431
12058
8167
12337
14896
1899
3588
14515
10359
11494
14852
8928
9547
15257
8497
13997
15703
2183
14920
8715
11964
3482
1037
15953
13873
8525
4687
15343
2938
3240
4969
15541
8546
8905
15545
16091
15036
1666
13840
16053
5639
4529
10363
10259
9440
9215
7202
15590
11986
10207
15621
2127
15279
14209
11897
5654
13474
6666
5133
6124
12965
6060
1956
14659
15869
14139
1979
15008
7965
9987
7509
11333
4330
14815
14628
10108
5993
10884
2179
1767
6504
13156
7545
5381
5731
6687
6854
1682
12108
10585
10233
10588
14065
9047
14525
7631
8692
2381
16082
848
10449
14777
9929
2172
15455
4504
1551
3481
9287
11069
4132
14317
5140
3303
2141
6231
4310
11453
13287
5827
1583
3612
5635
8535
282
1166
4056
14978
9794
13803
9493
2349
12353
13549
4225
11609
11146
14536
6459
240
8143
5070
5339
4872
11104
13507
15991
9698
711
12951
8274
7562
8530
11710
10670
2459
15027
10587
2665
7318
12478
4652
9067
7739
7586
12939
12572
3979
11585
2845
2872
6793
580
11784
15765
15321
11107
4297
8103
1363
9676
1253
2401
5438
12262
2694
15840
13606
13594
12964
1815
6021
2147
14268
13737
4974
9930
14884
14483
10071
2959
14007
13177
1710
10063
13043
12145
4401
8432
15203
14253
2756
4194
470
14333
3534
7868
5540
7440
7846
4364
8192
10287
7910
2316
7948
3886
5817
3393
12626
12750
791
14710
11857
3155
6487
6322
2899
4535
10325
248
4489
1051
15226
10350
14540
12187
3176
9707
1732
5821
4231
4749
13985
7224
5389
458
14286
16017
6501
14566
8057
4645
6172
11505
1648
2609
3586
10928
7050
9341
13579
6500
4361
15194
779
2021
10721
8034
14810
13590
392
7838
12656
15899
8009
950
4847
11976
9108
8238
2328
15927
8924
2349
3860
741
2590
11546
1759
6163
2224
7149
6515
2872
13499
13146
9491
14531
12285
2773
5042
12606
13115
8655
12933
15653
464
1554
3759
8095
14584
3380
5493
14344
13811
1750
13921
8738
15817
13710
14115
15754
10063
1425
12268
12984
12467
3507
7987
16197
11684
14225
1965
10455
6538
15037
1528
675
2746
13789
11247
14114
10837
321
12348
8437
4784
2667
12893
660
4975
13583
14483
2132
2414
14975
10533
15797
14173
15924
12699
7617
1805
2556
2223
1310
7823
3753
3252
10678
7299
5861
4892
14271
8003
4067
4167
4777
1893
4385
5417
3132
12884
1459
7427
9777
6946
5920
10005
13943
947
15591
8399
15732
6225
424
1737
7926
13933
11762
7569
13477
6598
102
7545
5840
10803
9961
4432
2054
607
14840
9015
4358
2070
15404
5633
11800
6665
8004
14781
6395
11774
7356
7716
6833
1014
3959
8071
10454
9699
12911
9133
7309
5003
3476
2838
13999
2007
10914
14631
7908
7210
10175
4459
8264
3997
1357
14909
2315
15317
14728
11454
13152
15919
1658
15214
2623
2264
14046
7096
2227
1938
5637
11677
3174
190
8501
12217
5642
9979
2885
15525
646
3980
5422
14789
10411
4205
11055
4807
13333
10768
12973
10683
7190
1028
9105
8482
1970
2524
305
352
2558
7176
12163
7957
14716
4938
9701
10560
3103
9204
14563
1911
8347
6176
314
7981
9052
15073
3292
13469
9537
5466
15244
2853
14555
4287
10954
2801
1269
593
4563
15641
10480
6177
5090
10832
5512
7188
5595
13140
4107
12512
7035
401
16195
11622
9586
542
9030
2016
1166
2371
1556
7213
785
5022
10343
5293
13447
10926
13849
9333
14188
10215
2086
6949
15750
1610
1771
8937
9007
12611
7342
3576
6300
6889
10075
1375
14324
2464
13692
12158
11402
1094
6896
13264
8604
2313
841
12780
11111
654
11179
5811
6636
14545
13118
10325
5239
403
12110
149
1677
7256
4488
6811
13512
12333
9957
5371
9738
9141
13892
15627
4093
15904
3811
11929
3117
1655
965
7536
2141
12222
12115
11078
1264
2223
8446
13790
5578
15898
12184
6847
6876
15496
10436
12578
6997
2935
4057
4241
10517
3823
6253
9700
3563
15270
5623
13645
6710
516
14960
7815
6525
7669
13235
1617
6960
14291
2664
11146
7314
8075
11631
11715
163
5662
11339
8838
1383
644
14263
6978
14770
8496
6632
16059
13505
16085
8400
2956
3226
4406
9056
4162
16120
857
12148
10056
11537
13051
15286
9516
836
10591
921
3799
10292
8048
9748
456
243
4017
13503
5825
15625
6007
2740
292
9190
14200
12431
13710
7574
9137
2659
8166
15123
11292
7177
620
12738
11939
597
4620
14396
3193
15651
1806
7492
4156
15945
10992
13868
14692
7620
11840
10039
4549
15313
4287
5790
12220
9165
14937
5000
8524
9798
15707
12275
13449
3193
6540
13739
14356
3200
8696
6692
9592
13454
6405
1201
6948
10538
15278
6700
957
6348
14710
2974
13244
13948
8848
925
7836
6392
8775
7144
13623
10605
13366
3594
9332
1552
14926
14181
12859
4876
3223
498
13309
9686
1378
13406
13410
11169
2520
8470
9126
12512
14654
16030
10182
14643
11562
13795
10287
7255
3815
13561
1690
10839
9606
14725
6188
5482
4383
12652
10238
4983
5302
7986
2078
724
10169
10261
6065
562
5933
13549
12412
9643
429
4545
8050
1215
11835
10312
240
2355
15090
8237
15830
4837
2701
1599
6143
1977
5767
9308
551
3136
2520
470
10322
8701
5580
2196
14548
6269
4560
1168
12446
5417
14605
1471
14908
5375
2821
7543
11654
6794
5122
14474
9893
8070
12633
6600
11949
15851
8244
12096
7491
13838
14582
14835
11559
2594
9228
10593
3529
2126
11323
4845
5162
8629
2662
4087
2099
9301
8511
13510
6840
6898
11918
8281
4494
14282
16129
2617
11259
5767
10606
10698
8343
4830
11623
7263
14409
4219
925
4124
3499
4361
6046
11107
1435
3578
4488
11597
6671
2832
15009
6288
11331
1827
1806
5801
2682
9149
11192
11394
4803
2593
8809
8892
5143
11938
2094
9032
12931
9068
8103
94
5920
333
10164
14308
4990
11444
5310
11151
759
3388
768
5089
7075
9859
2568
14680
11299
10388
4691
12652
8448
6669
4679
14100
13064
2025
1230
1008
7135
12164
7206
14282
4261
14764
1663
1519
10340
3436
11783
12255
6376
830
9581
2155
13433
7721
2979
11579
5098
14442
6763
5346
15753
13199
16179
6507
5975
1781
2523
5382
7345
11512
3503
14932
6238
681
449
12289
7105
10353
10636
9295
2004
1083
1258
7454
8444
2785
13198
2218
10658
3434
12287
7970
14077
5867
14214
13734
5387
4891
7111
3648
1371
14253
12094
14725
15470
9031
7491
6495
3698
1847
7525
15646
14805
12954
3186
12769
14162
9770
9654
6348
7928
11790
12911
15730
13531
6146
12533
13597
557
4289
2873
10343
4390
3853
12510
13962
1797
6893
1246
15132
13387
8960
16015
4426
12226
15739
5885
1907
13683
15365
15264
6269
7328
15679
15767
6135
12513
8637
12767
12936
3271
15708
2891
15893
12681
13701
2383
5542
2997
8072
923
8931
1767
6489
7242
15633
3922
10530
614
9485
2620
5449
4998
14313
9329
199
3593
2751
8819
15837
2863
2166
313
9188
13519
16111
8063
7177
12795
6890
8220
4496
49
11259
8482
14766
11214
12928
2489
969
510
7771
977
4962
5955
11026
2670
6938
6830
11903
5512
1038
11974
13539
13101
6335
12597
10337
7243
5143
10473
5816
11708
4015
3780
7239
14564
3310
14568
15618
9828
7353
11806
12294
7637
6985
3883
11173
90
14512
5833
6735
12672
3575
8342
11712
6445
10009
10957
3600
14784
1824
7915
13912
13232
14129
4507
8464
9864
4949
12719
12366
7783
466
5572
10849
582
11401
12154
13108
14683
8403
11371
3633
12255
7
12353
16133
6069
4540
9129
15939
331
9197
2384
6656
4278
10496
1033
1843
1129
1103
5940
1413
1339
15574
7537
14768
6174
12172
3939
5959
11313
15594
2253
2000
4748
4062
15251
4902
147
1289
3350
9390
5441
15048
7440
2286
12403
1285
7315
13481
15582
5637
9471
4125
11158
13694
14249
3911
5943
11017
11778
13359
5132
12164
11020
15055
6665
15243
2214
3348
15540
11516
15767
3747
725
9952
1099
9746
6300
14033
12715
10648
2707
3471
10563
5662
5233
1840
2338
15081
4423
14337
10109
11350
13235
3231
10898
2804
3419
9440
11217
5037
9554
4028
13857
6496
4717
14212
4756
13578
13706
16145
4571
11511
8046
4230
6317
11581
8551
12161
3095
6830
7077
6139
13364
15902
15970
2359
10238
9215
12045
9277
4345
5538
12529
5034
6129
11975
12938
1108
9457
6620
2067
574
14845
5011
11017
9250
15991
8717
5828
6504
14459
5605
7783
15532
16188
7129
3661
9703
15049
13795
14524
13670
11368
4647
13421
7797
7353
10360
11019
7184
8103
16014
7180
1363
10485
8669
13542
8426
9084
6378
3691
450
4202
4875
1003
12777
2547
1542
6539
4988
14280
6878
15715
4747
13395
3284
4882
9868
10877
1229
3987
636
410
7072
15240
13853
4876
13030
11420
1221
4463
11755
10620
8763
6274
13480
9408
8555
13843
3062
14274
2519
3299
8554
4099
2194
10674
14494
6813
4681
7981
10208
12128
2365
15860
14481
14904
14939
327
14563
12329
3668
8806
1665
6428
174
966
4441
14710
16197
228
14693
5581
782
985
12032
10690
11005
8082
12976
5097
9139
12273
13609
9770
1211
8502
4882
4476
5733
12052
782
2959
11055
4646
9214
346
11796
362
11108
6807
7461
14418
12927
4519
6352
10987
5386
14273
8273
6468
6791
2534
4304
4733
5401
7344
16113
15502
13814
12157
5890
5047
7945
12847
12945
15278
15125
240
1528
3937
9903
4435
12777
8650
6345
9233
1312
2996
13821
9920
9745
12367
10349
1273
8900
13336
3913
13740
6031
14364
6618
2188
11787
6692
3106
9529
14031
14368
108
4826
8877
7708
2398
8075
15709
12354
1450
1674
12648
997
11521
12292
3779
14655
640
96
1931
6721
13651
5126
6649
2198
15297
3584
5208
4407
7223
7051
10845
8190
9697
13732
1024
3611
7730
5669
11782
13766
4265
9704
3543
14739
15684
3326
3327
10279
14913
6856
1863
13739
9323
4300
15844
12165
7033
9188
7733
10028
2249
687
4513
3802
7816
1436
13782
14093
12902
11720
1523
2641
887
12886
8017
14763
4666
866
10838
12486
4792
14919
15234
13649
8663
7898
11262
14705
9608
15756
6798
2280
4982
15943
7703
8014
805
3717
5917
996
11322
15987
4564
13306
6921
7556
11648
2794
13040
4484
8842
12192
6417
9298
5772
2634
12538
5320
8514
2413
14995
7569
3785
603
8651
6080
4132
1296
14075
1187
1556
11280
8225
1124
2235
5803
550
3153
16056
8008
107
514
10173
10179
14930
7285
14661
4728
1212
6531
6805
5017
281
16077
4531
4505
3844
6895
3659
2529
2057
13374
1645
7373
14377
5154
2313
9096
13349
9370
15271
14846
12665
6861
14884
14065
6059
1689
5323
13509
5779
8580
14029
6603
342
6785
469
12423
8562
7131
9996
11796
1044
9668
12768
2568
14992
8787
1180
2118
43
7420
2370
6357
15154
9281
9103
6135
12843
11428
5713
8158
11371
15703
12176
13799
2980
15540
8860
15997
7483
4116
2830
7254
12188
666
7667
2194
775
15496
6607
5364
12432
7226
8895
7060
14807
11115
4198
15845
10939
12787
10071
1868
14074
13754
83
208
13925
5370
11400
6540
9956
3473
6884
16194
11742
7722
5097
466
795
7573
10409
15053
5503
13196
15547
11815
4874
8640
14996
8093
9583
14543
15828
6164
5461
6837
7173
13751
6582
6840
9006
12493
7400
3922
11895
8477
5906
3881
14540
14098
1880
14608
140
5293
2632
2904
3050
15718
10282
8760
14448
9765
1945
11847
1824
7360
7186
8721
13218
5908
13740
773
9902
12933
8629
16133
3893
3865
10701
15286
7928
9146
2553
6765
12550
15192
10795
2656
9052
7743
9295
3772
2670
9093
9000
11603
7341
5268
8348
6898
16068
3153
2238
889
1917
38
8060
4428
8890
10624
9139
10219
4283
15414
2059
192
3824
5740
4272
7207
12741
8107
3762
5799
2904
1945
7102
962
13238
4915
4940
661
3479
10102
3975
14952
6111
3856
5314
8816
12058
7472
11251
13205
7483
4061
8378
13068
9636
3816
12260
14108
12460
4994
13849
11679
12670
10909
5614
10910
6450
2342
12757
2936
12914
4686
11540
4528
14696
15417
12871
11254
3969
7422
12559
15850
12350
14691
9702
8640
3479
14148
14558
6305
8294
14804
14279
10962
15402
9851
5036
6307
5312
7034
7832
11629
13001
473
9012
6620
9259
10474
12312
1007
4202
9100
3293
3191
14692
11962
9111
14736
3348
12085
13472
5153
917
13466
1258
7243
14728
7271
10616
13609
5921
6845
12217
1658
5238
14375
13041
12117
327
11026
12844
13124
11956
14550
15502
1087
4015
13288
12334
14578
3723
240
14032
10450
13606
1839
1922
15238
5153
15987
9040
8365
10482
11854
4952
11582
5999
588
8950
1066
14967
12817
8383
14046
291
7253
3402
3285
4851
7046
1048
2864
12358
6162
7922
4952
13974
4071
7837
4777
5763
3603
2228
5879
7089
6020
15044
12305
12160
14878
10667
15648
13966
4088
5518
14699
1465
2349
13057
6657
2467
2343
12741
2190
11168
7105
13312
15326
1107
9566
4264
15390
4388
13274
14363
12633
1259
2391
2790
7708
2775
3695
2251
11222
8026
9347
7796
1430
4735
642
12842
38
7066
12797
16
2354
1587
1948
4012
15147
8693
14164
15899
6773
832
15485
3231
14531
11285
3746
10866
6345
12302
1416
15420
6211
1985
6947
1988
13802
15462
10092
220
1940
7983
4835
6783
12879
633
9146
14315
8076
2476
11601
3513
6936
5212
6494
10259
13069
6916
442
1039
474
2776
1571
10357
14100
10988
5588
1146
1585
12091
2977
5369
12432
11142
8535
3708
10927
11631
10777
7289
16051
13726
4165
13148
14824
7456
1550
11004
13444
368
6003
13204
8269
15161
1683
13897
10840
4520
9209
1163
15043
9797
9836
8904
7886
3735
8623
14270
2910
11851
9208
9153
4637
10281
3514
7057
7445
12150
12996
7260
3939
8605
13930
2687
13142
10891
10473
9310
3386
10514
15557
2145
11006
5600
6722
8494
500
8586
9242
3531
5251
10984
5502
1808
13182
3386
6637
15841
15247
10971
7197
7476
12797
9570
10947
8686
5182
12011
3271
14652
12054
10537
13933
14438
10445
6354
3368
3988
12563
9613
12935
9794
11841
12398
10971
6722
8938
2206
12811
3057
11403
13741
5864
10279
8329
13403
14930
8181
15218
57
10211
11833
2281
5078
14372
14155
3563
2739
15855
2445
1527
3663
13763
5745
12522
12177
14301
11111
15932
7135
13243
3944
4075
6014
7365
3871
7219
3764
10291
4966
8321
15208
9625
10401
2582
2673
1571
2945
15047
9724
15335
6468
7753
12765
10374
4050
5610
4259
15791
2218
4556
12955
2623
4099
14514
9284
2081
6683
13674
12746
8741
13090
10765
659
11814
1145
30
7457
3663
9559
8739
6361
14660
434
14305
6942
7680
6651
9599
8970
13820
8347
6796
2337
2165
10449
8768
172
8332
10035
14916
15834
5209
11698
6316
3338
5405
14758
1726
4653
7311
8090
1072
1872
10266
3349
13147
13140
6756
7567
12525
14380
6753
8791
1801
9070
10806
1628
14390
6447
13368
9552
8478
3688
8802
8761
12952
5696
6617
7689
6137
10079
12318
9550
5862
2127
11613
6449
4790
15018
15728
4114
5928
9351
11704
5749
15038
4500
5449
5562
9333
9481
15019
7218
440
3054
16036
6225
7694
2332
6410
8432
2505
8070
2921
13260
578
12909
48
13942
2713
13143
14147
14607
4328
7429
7741
10061
15029
5543
13531
961
9106
15529
5109
13715
10779
13116
3533
6063
5202
15757
14711
2986
1592
11962
12186
10830
16057
3800
11653
9282
13881
473
8111
6789
9550
11259
5399
540
14089
2537
3302
5963
14877
16060
3473
10220
10507
12457
13076
7385
794
3826
13474
12671
6805
9054
4677
5015
3402
1381
15665
2063
14590
5043
14249
9313
10133
648
12492
14655
1336
12463
7694
2784
9332
11008
6122
12459
2809
5886
571
7225
9202
10014
7166
4649
2574
12583
67
14584
10487
7055
14093
15900
15760
13057
13403
13642
2878
10887
13717
2434
10027
2499
6860
11241
4946
10584
2398
14925
15227
2179
11603
2242
7120
2718
9026
3256
4975
4856
12757
16148
2962
15126
4912
1961
6595
11915
5395
1569
13314
14546
7520
9929
11646
6186
5651
6004
7887
3181
15283
2998
397
11036
3852
2271
2138
15131
541
154
15130
14811
488
9662
14814
9433
13385
1943
1638
10421
10491
7867
15569
55
1243
11907
12756
2464
9653
10371
13247
12684
2856
4154
15550
3763
15383
12285
11948
10241
6362
465
11860
252
4269
10167
4421
11456
11576
1704
8254
2854
5517
8590
4813
13258
15342
7021
11559
10096
12436
1858
12732
299
4552
4938
20
15251
15335
13497
4580
15520
5912
10666
771
10003
7479
3479
3892
1460
3790
1188
16031
1775
10286
15796
12439
14403
14870
10787
6000
9694
8075
8804
8503
14154
8781
11450
14023
15886
8059
12362
3068
8199
8620
501
4076
11051
2647
11864
13761
8343
11443
7281
8880
9104
7455
8094
4673
13542
483
11177
8227
8273
10067
10446
13476
6359
14219
15448
12467
609
14544
12122
7834
852
8109
9563
1732
5646
14144
6724
652
14384
348
11514
638
2545
6269
7601
15115
7155
13936
204
8391
996
838
10887
13512
5040
3811
2878
1447
11463
15302
3386
10323
12642
887
839
10383
16030
2509
508
7024
10258
3210
5574
3558
7845
4640
4118
13325
12357
7031
495
7441
1730
12605
10522
13322
11237
13521
5084
2761
11596
2799
2177
14058
2451
3714
3441
9843
15837
1912
11021
15354
1168
6619
11786
6500
5001
5365
14418
217
4645
5098
11357
6082
5857
5267
11575
1039
3348
1144
8600
6086
14004
9170
362
8647
1167
11194
6230
8606
5624
7834
2081
9716
1289
15618
6767
16113
10796
7862
2912
10461
11067
2858
5457
12036
13532
12942
12165
5974
9089
10546
110
6957
15524
10331
7220
5369
11438
7792
4539
10615
2085
13092
7694
5548
13030
2299
1941
5444
7017
11548
9773
10766
9832
9097
5049
11538
15532
11861
8811
15896
7644
2828
4734
2991
9572
1706
13656
16181
9426
795
2928
770
9966
4400
423
11637
190
11952
2602
2923
4235
16134
4410
2295
1964
15154
15419
15264
7005
9156
8911
8776
1344
11420
338
3482
3220
3149
11318
11729
13994
2112
5797
9187
3195
15270
6696
4356
13036
14182
8248
14465
10664
11261
6410
7121
14963
6102
7066
7738
8485
13485
15662
10126
8261
15947
9862
2127
10440
9963
5456
11331
6142
8828
8723
5442
3318
1519
12580
3116
8250
6485
4334
12161
3894
4038
14393
4192
11713
13430
14789
9962
4515
11409
12546
10211
13558
5082
15870
2477
4862
3115
14747
12331
5396
14647
7019
5821
9603
13866
1155
13548
9274
4489
3029
11215
11535
14703
5248
13944
3100
12837
9451
3569
15687
11384
1383
15976
9699
13697
11893
215
8434
2254
3033
14961
16004
2155
6829
12861
9749
15561
4013
2427
346
317
11703
15146
5885
12269
9459
6654
415
3215
12471
3278
11780
10572
1866
14515
707
10080
12833
15730
7440
3578
5289
11647
10615
7046
6454
3427
5793
3493
10861
506
13037
8708
3804
2534
5967
16067
10916
4753
5976
7865
8665
10263
14396
7446
4561
1427
14628
15535
8770
10317
2794
5523
410
10650
868
9456
16013
4158
14338
1272
15847
5453
8233
12745
5924
2403
11221
14911
5429
10647
4265
8893
2812
3295
4337
1388
774
8093
201
3662
12248
7790
9401
3299
10157
1315
11880
15764
13119
3200
23
3431
5498
10649
4276
6638
4720
7692
14922
14352
15176
7080
3286
5467
5794
3968
2211
10159
16007
5441
1566
13391
4156
14736
10989
7627
10520
2402
4036
7946
10407
10380
5168
6232
12900
14913
6204
15978
12671
714
5141
11678
9851
16013
9893
15003
15822
14504
306
6575
15121
10531
6608
12778
9873
12368
14389
14209
1630
10490
11798
12507
13988
4113
730
15353
9421
12376
2621
4649
8892
13917
14371
13844
5356
591
6792
12778
4614
7829
4341
1172
15261
12217
5460
12327
11994
8064
10006
13371
3003
2040
547
14642
14183
4275
2647
15454
1424
7727
3302
14041
696
10567
5599
12786
1803
12143
12458
6681
10820
917
14740
3348
12485
5393
11252
151
8284
14975
11679
6521
6851
9165
8351
10626
5414
8821
6308
10208
10619
5786
15643
9802
9633
8009
11479
101
5925
6311
15389
4954
12635
13609
5979
6073
6141
10198
5058
15250
4088
8610
14911
2261
11685
5292
8818
1529
8241
12878
12202
11939
9513
6744
9367
10988
821
10043
13594
11002
3346
3561
11463
9438
4946
13990
9140
9647
11993
2405
15333
1953
2087
13475
12603
10166
2549
424
5707
14072
4665
277
15473
387
10063
1730
5207
4104
15685
13222
16100
13328
8460
7367
7948
8076
11065
10660
10548
1531
2988
11428
9002
5078
451
11163
13859
13863
11340
12936
2785
7824
15940
10024
14556
13010
3740
10267
2217
13125
12616
276
2202
10193
13900
9912
3714
9532
6040
11160
7543
5021
2382
14116
10790
9145
12261
12766
1783
13092
4052
3183
14208
4065
8508
15340
11877
13749
2456
12562
13333
7702
5201
12863
12110
9849
9848
1700
382
9199
8952
5548
13824
547
6801
15053
12719
4374
8953
15210
6009
10482
13531
274
9231
3464
8676
14614
218
14201
180
4730
8759
8756
5923
676
13268
5711
13628
9740
8679
5830
6798
12236
4691
7435
6254
6048
1785
13535
7967
15317
5613
10636
7525
15316
7385
11548
6229
13588
881
8688
3569
1303
4902
3584
13821
4418
9094
14402
12520
233
2432
10747
14108
8948
10351
3768
9110
15623
7698
14387
3935
6126
10520
303
5036
2281
8044
12463
13361
13480
4374
13098
6010
413
13180
4110
16041
14884
5530
13609
7765
10121
15256
2624
6766
4547
7560
15325
1535
13617
641
15175
1710
7036
14650
10995
1261
1324
2460
4428
6797
4457
9385
5179
3211
7259
15288
2738
12654
4673
4601
12019
10345
7135
6020
12716
14627
5446
4544
4963
14583
14703
5690
8326
13839
3791
14604
11683
1789
4203
14602
8036
7978
1848
5399
11940
8887
2584
8934
9597
11265
6398
10366
8319
16116
6383
1753
9912
4122
6813
11464
10628
7623
14994
2655
2675
10220
10486
148
11551
13876
7390
5425
10739
11677
1428
13252
6067
11011
8848
5543
13210
10899
13433
641
11004
14246
10973
6433
13787
10356
10822
7077
6817
12930
3081
12548
9743
588
10702
3498
2937
7226
2043
5103
7464
2502
1948
9679
2711
12651
9934
8472
9030
14313
4557
670
4497
8501
4321
2133
11718
15249
5194
9583
3621
6829
5008
89
4843
2860
15791
11905
1302
5394
1629
11593
9889
13623
6927
15945
11230
10055
10463
4678
7837
9332
13560
9747
1254
2291
14536
9259
9910
15252
14581
5078
3308
906
8815
15522
4449
12985
9497
13800
7240
9794
14256
10764
15571
1768
3564
11250
3934
12152
10439
15757
12876
1771
9959
2454
4993
9094
10640
9676
12518
9269
4984
2939
3041
14968
7091
8767
1120
15748
10542
9318
7794
2242
6526
13219
13461
11203
13927
13522
13539
2202
8683
9683
5838
9999
9144
6640
5097
6843
13104
12333
6902
9641
3244
65
4031
6165
9759
13772
173
15471
14327
15279
4106
9032
11770
6005
4039
1292
7426
15255
11094
9101
1513
4920
1227
8263
15587
3356
10214
4114
11109
7368
16164
4037
4014
7075
6761
10271
6375
6089
6255
13699
7491
3774
15885
12545
10878
14081
1626
12736
8759
11135
12453
4792
6542
13776
10963
1212
7310
8740
11574
10356
6536
6808
4858
14614
11929
9846
3921
4293
4720
14016
7657
334
6363
25
10485
2669
7358
5571
8380
5692
13489
13112
10651
1830
9187
5968
5417
14802
5179
10915
3020
632
9147
1795
9775
7166
5272
6279
12220
4000
13442
6245
11590
5211
3409
11369
1851
4551
15174
4831
14439
8067
7928
11575
13695
5455
1781
5265
2312
15192
8687
14747
13081
12575
14396
11453
8481
14510
9120
386
6781
16166
2359
8298
13341
16113
1141
5076
2715
13726
13704
16111
10971
5993
3818
11163
3573
5098
12616
1136
14116
10279
1239
10682
4837
3422
15570
5129
192
1579
15377
2864
9688
5587
12045
11795
6838
13180
9612
7297
5878
10840
13604
14968
6847
15846
15616
10917
4214
12046
14178
521
14400
11362
7116
9936
8514
1439
5863
821
4876
3623
12038
9066
13162
14283
709
7658
6514
10192
5562
956
4461
6393
7572
8161
10976
3412
13322
2719
12288
4105
11200
13248
4716
4940
6515
15504
8645
5310
6935
4993
1781
2541
1006
6349
1782
5320
15933
4505
15185
11268
9728
749
3390
7810
14417
12333
2228
14929
5174
13628
4139
5935
303
15943
8079
9183
10121
1250
5717
468
13248
6933
9267
1689
2034
9188
9990
15299
12019
10287
2283
1838
11285
479
10590
11324
9962
15717
4111
9444
6749
14104
7221
4589
7489
10848
770
4262
12498
6750
5037
1296
7871
9791
10634
4810
15579
321
12647
5455
15522
7910
4623
15910
14248
6289
2546
4792
9136
4826
13354
59
6819
3518
6100
4911
4778
2499
14466
12956
2466
15825
11735
15636
14962
3866
8162
4313
16075
15734
15573
6409
6475
15034
11416
1200
8683
11421
7451
14039
15300
2079
12519
8271
5873
5847
2340
4832
5056
14223
259
15245
15389
12507
16143
8818
13356
15097
7017
13751
3509
12395
4831
15529
4584
8453
11851
3962
1138
6720
12216
16193
10170
12639
15612
15894
12156
13058
12272
10688
2873
7523
6702
13636
2004
15738
15954
14240
11663
505
13198
11224
7179
3043
14817
7741
12892
8046
8198
422
4962
3684
8612
12226
6100
3778
13556
13832
13067
12115
3012
4388
11098
9024
6321
71
14520
552
14561
133
6331
550
8432
11723
1225
1421
9283
5542
15546
2516
13999
1514
15834
2458
9403
2663
1535
10594
5503
4224
5027
8678
7027
14152
8545
13705
4291
8059
12392
15112
9167
2603
10537
4527
10594
1295
12491
2614
6595
7662
5706
14194
8091
936
7126
6616
1588
11923
15225
1535
4777
9682
88
4552
6669
791
13607
13611
7173
601
8862
3658
13170
9158
3738
11854
13313
9571
11445
5073
16007
12446
12358
3863
316
14351
10224
10421
5332
1495
10623
13948
6242
3144
14445
14458
15677
7479
2558
13226
14253
12144
13054
10178
2595
323
3637
15986
15699
4378
12806
12811
649
2047
13103
14761
15036
6067
2440
9601
12907
14511
6726
13089
12084
1677
2431
9518
4590
5692
9576
4211
10282
4582
2044
327
287
5767
7000
3987
10384
12982
8993
8632
13646
15153
13192
9469
3273
13962
13343
12154
9242
147
13752
7184
15426
9135
6537
7149
12755
7604
4470
15398
2599
8011
10662
7112
8149
13886
7976
9738
14814
11493
1107
9542
7864
1013
9012
2479
11425
11347
15448
4243
1677
14270
5722
9216
13826
3055
9183
4096
4581
12274
12314
8641
7575
763
3963
13597
1822
15947
14083
9573
4230
8315
12292
7675
2737
6493
9371
14790
4241
12629
2087
4891
7029
7680
14214
214
11425
13389
9712
4385
10763
11442
9272
319
7736
15195
3768
2958
10347
5602
12997
7873
6815
1605
1215
14117
4378
6755
704
11621
14425
4302
1225
3877
1539
2786
15256
5532
11337
15321
6173
9918
12091
7250
12117
2192
9310
9647
13683
10168
6936
15559
11732
2001
6803
5258
13057
15970
2636
3488
8381
13566
4853
2116
12446
1984
14053
11648
9696
3644
8311
3797
11497
1653
1756
15324
7846
15637
2696
12511
4444
11320
9052
11237
177
1141
7962
14458
14922
4342
10750
3464
673
6929
8569
10526
1695
5959
11633
7700
1796
15396
13387
8262
10502
1932
15515
9481
10435
16168
12362
7562
3265
474
6586
11160
7184
6969
7093
13504
16085
548
8598
7161
2668
5299
7645
9306
6234
2149
241
2105
2991
11509
8909
11815
6890
2545
10837
14492
3831
920
9599
11382
1629
12598
5365
12350
1028
9060
3311
745
12443
8824
3044
3966
8947
4532
9628
4827
4544
1860
12973
13693
16034
14021
12194
2336
7184
15201
12115
2235
9189
8651
5202
13972
6592
4153
2332
4591
15775
12203
11659
7739
14792
12751
14245
9352
10070
9801
7590
752
3994
143
13189
7692
14969
7087
4734
15954
9659
140
9606
15132
9976
6165
3709
4341
12462
372
8345
12131
4126
4382
6029
11234
3613
12610
12267
12372
15448
7125
10038
11844
15212
6957
11759
9071
5480
15264
2614
3522
5236
6010
14669
11499
1149
2005
12520
12581
4362
2188
9620
6660
4538
3581
5232
462
15354
11721
9030
8565
2881
10512
11848
7954
14637
322
57
7611
7116
9093
7347
12453
8937
9156
12511
3925
15191
8730
7229
2473
5660
1022
11659
1224
5829
13660
7813
3010
4543
6510
15872
2793
570
5385
11425
4285
5948
12071
5473
10588
1050
8090
13099
9859
10294
3318
8481
1270
6818
8999
1448
552
11564
1328
15291
432
5042
8718
1099
9663
2784
7286
10737
2647
7326
4395
2916
5924
5228
15738
3200
3378
12711
411
11760
11857
14541
6896
14885
3999
7441
9054
15633
7770
11964
5817
2827
12963
10837
1346
816
12374
2341
468
12392
12762
8273
2730
1297
15168
5640
1836
9993
119
5525
1400
12820
13408
12693
2541
12215
4984
1775
13317
6492
8435
10408
2987
5947
1321
4365
3618
13058
7084
12589
8042
7450
3104
3567
15354
6294
7585
7708
13164
12903
8550
4954
13282
6241
14620
7797
4568
14093
3860
12044
2508
2679
15648
3631
339
7475
3347
7131
7862
12617
10558
12360
11164
10327
5666
1097
10521
7551
2301
1468
13883
14317
7765
12322
15353
4544
8339
9153
7248
10852
2944
12942
6674
9387
11124
7170
1114
14335
7386
10713
7135
8126
2558
7202
2870
5163
10585
5356
12400
6269
10230
8023
3422
3351
13778
11385
1071
9365
15595
656
6676
14111
4476
8345
15964
8805
14233
2395
13674
8832
202
711
4890
10716
9285
9189
5346
12058
5539
7206
11974
11220
13759
4917
7962
12156
8705
13032
10226
14051
7983
8090
10949
1947
11388
13296
8843
10430
15717
6514
3262
13350
14843
7504
13281
10018
9623
9218
6490
9757
12666
8843
10324
16018
6676
2930
12672
13902
2475
10751
13247
3975
13399
9506
2410
10078
12419
8990
1512
13150
10106
8095
5287
12637
9837
6327
10770
7481
1611
12726
4969
5240
5554
14659
15448
9111
12566
2481
6050
13095
6569
4708
6717
15955
12143
6223
11016
9285
15706
11944
4604
7030
3250
2573
10934
2056
8475
4386
1814
3613
1656
9505
5589
4934
16119
9968
3356
12006
6834
711
13687
3077
4925
10245
14578
3261
6633
952
14197
15179
2596
13194
4805
5718
9886
9056
527
13772
5822
7821
12215
602
9861
2675
12347
4163
2981
1648
9076
5266
4532
245
14934
13535
13923
833
2809
15993
15445
13996
10552
1576
2331
10528
2556
9845
12820
13595
10644
7230
10077
11646
14060
14436
4215
14914
3194
1395
15472
12133
11656
4409
12670
337
2213
4971
13121
4627
4095
902
6891
9202
7172
3335
3059
370
7730
4143
14980
1406
7079
853
3367
14433
3323
6058
5597
15990
13235
14060
12475
9448
3820
11741
11326
15433
10513
5520
7009
6750
15823
15109
648
14519
6264
11975
7444
14994
10721
14954
11058
15622
10168
13747
15180
6820
832
15199
4892
7304
9592
9592
10103
9161
10988
2239
6238
7320
10489
3034
3074
7877
11512
11791
10051
5504
9218
734
5109
2489
15140
8306
3932
14669
14754
1348
13538
15620
2759
10956
8381
6385
6394
9246
15437
9712
7978
10988
4849
2464
467
6053
6791
12835
915
12890
3695
12752
10019
6078
1836
9219
4770
10014
703
1949
5686
14334
2550
5820
7601
12060
11386
9750
4620
482
13168
10401
7231
15363
9197
12621
14661
8053
9569
5334
4762
5079
9850
4038
9537
8126
11324
1166
1527
11139
5078
11645
3773
1762
1799
5623
1319
2088
4913
14401
9157
7071
10190
7847
6484
10079
135
120
5735
4931
1724
1844
1867
1562
12213
15278
2851
5646
1445
527
12678
14623
4783
9332
2735
5658
13108
10538
11422
2436
11572
14261
12801
1648
8644
7299
6195
1963
2681
8035
3581
20
2698
8513
14403
10842
10161
2795
1578
4289
283
11633
431
13271
4247
15046
5377
2661
14575
674
13925
1305
4253
10250
5916
11461
8180
5494
2051
11841
1712
13023
743
1150
11548
5663
8160
2036
2524
9378
2295
4626
13767
3433
9422
14310
10429
10468
14535
8072
8502
14862
11496
7770
6300
2933
2226
11838
9953
15135
8939
3389
4888
15273
7743
10193
5857
14129
838
9464
11268
14486
11327
6223
10298
15248
6802
5406
9578
2047
2867
11840
6043
7407
10537
11818
8752
5145
7481
9001
6891
1927
12711
6839
9954
11793
15611
5925
3110
8521
727
5875
14827
14714
2933
572
15486
4
2654
8355
6012
14635
7034
5790
1949
12676
11661
5776
2246
3976
7806
11772
6772
11583
5517
4352
15496
12382
6517
12842
11383
2496
14005
11833
4350
7406
6933
8398
14973
4027
280
12648
12927
14166
1720
2807
3797
9530
3856
15787
11954
5460
14911
4572
13688
11790
4063
12089
14514
13186
12398
12995
13588
1093
5380
14982
5403
6209
5953
8222
12086
7049
7715
7977
12677
2326
14976
6500
15885
1219
6529
3921
3434
10129
4100
12822
14314
13020
11139
5155
12509
3098
3877
5912
952
10574
16051
14837
3536
11955
427
2841
4717
14171
14113
7956
7793
4083
2346
15723
6511
5740
14699
15709
5131
4631
8032
15477
9337
9894
485
2694
6630
2300
6792
1171
14772
2598
7454
3209
1523
14209
5829
2231
3269
9940
5581
1468
10991
4062
7902
2926
5200
14473
14119
14826
11674
7853
10131
13025
4631
4877
5401
9298
1295
8210
4943
8950
1310
12484
11195
11717
10288
13964
9367
15185
12471
5599
11104
1121
1390
12008
6690
12571
5846
5207
10897
10300
15432
9769
14361
15375
7524
4623
7191
15530
16078
7381
9427
14447
8890
13923
9645
10915
11834
10115
4396
6591
8618
5664
11236
2983
14051
5840
5164
9274
56
13044
8163
4625
5961
8342
11338
14113
3590
12098
49
7343
9010
2036
8974
1948
3476
10868
1773
7555
3342
1442
14614
13999
13433
13586
15839
5336
5186
404
619
13452
8012
12514
2091
4967
11784
11292
12633
5019
9308
15930
5532
11431
428
720
6515
8693
10121
9543
9169
11769
2207
10504
14683
12272
15674
7670
8647
16148
16182
2288
13249
13858
15121
8319
6842
8984
10162
528
1813
15029
4449
11083
10243
1282
8554
6120
13428
923
3875
2767
6214
5420
15295
4341
12229
2051
6294
1790
13166
3344
14330
7716
991
10086
14087
10332
13854
8470
14710
15193
14668
7228
11887
10890
8471
2837
15995
13585
6229
5117
3482
9235
15559
7303
1762
15900
93
6112
11100
6885
13427
13591
8464
15390
6687
8842
7015
558
9476
4600
15037
15848
12786
4027
8871
6923
2285
1023
3521
954
3384
15047
14678
8802
13973
11592
10941
11375
2290
16115
5157
13021
8625
3896
14940
3850
12855
8419
9876
5918
9029
14784
6495
8156
11460
11026
11488
3872
11033
13845
8810
1685
1677
10181
14336
10971
3371
6843
1325
10669
3846
13147
1523
1245
8216
11147
4592
14486
9913
1284
4505
4384
2939
3016
11823
13051
773
6308
9976
14022
5680
5677
15206
7517
1438
1005
11444
5916
10576
420
8258
5543
2603
14956
6189
1215
2039
6126
6753
3728
8393
2138
2023
3355
15950
13861
12613
9502
6422
3163
11619
8404
494
7028
5566
14293
558
9462
12706
2931
8624
15386
6539
14251
3329
9089
13516
5869
6409
15963
10377
14694
1522
2755
2228
767
11367
14699
9248
4737
14622
3267
1256
9067
8915
11352
7021
15581
9596
5906
12570
11259
7774
15974
568
12507
10874
11992
2056
12882
3614
8300
5528
10008
862
531
786
9121
1370
12246
5474
1648
13949
12786
15412
8557
9315
4990
14001
16108
8164
16156
414
1156
14328
16097
15448
10899
12716
5556
8492
14468
10009
7901
8660
6804
13479
6087
5578
4828
9127
11413
270
6259
13656
1704
618
5303
3468
3787
789
11558
15529
9261
8875
13013
11583
13900
6179
3828
2301
15708
12950
2049
13684
766
2958
1743
11595
4797
10499
15325
3759
3308
10666
3637
2795
11534
11503
10219
11446
4838
8030
11911
2993
2597
4595
1859
2544
7804
6503
9231
8473
7831
4748
6566
7656
5837
11893
1502
9751
14232
4604
6698
8419
8838
8368
10745
10036
8973
2036
1693
10370
6930
12233
5163
4922
13884
11839
12696
7456
13164
25
3840
8228
5210
9588
1920
11381
15298
2212
15378
8145
3665
1002
13931
8819
10965
3696
14905
15452
389
11060
13162
15592
9979
3392
13509
3970
3446
2934
14203
3549
6827
6800
8415
3132
4873
4022
16130
3961
14265
4089
7992
7476
878
5825
13980
5598
12743
15685
11087
7630
3388
7973
13964
4639
8943
2152
12425
3740
9423
7633
4373
11365
16062
3708
5261
5495
3089
1189
9584
10461
7395
3990
14915
688
6400
6307
937
3092
15153
4286
1367
7160
11500
13910
2288
935
5510
4774
1857
6354
13760
6435
1640
3218
516
8582
11964
12200
6811
11237
6733
10433
14960
7249
8959
6567
14
3662
14099
6417
37
3991
9414
11680
10543
14881
9226
3830
7008
657
11180
15364
4904
11604
9690
10018
16079
14169
14438
2258
6578
6480
3116
3397
8535
5572
13015
5064
9450
4588
9876
9184
10460
7108
11980
7903
9574
8735
4901
6509
15180
14832
135
2700
12544
6711
7441
5067
2359
2192
13922
16016
12908
8255
2630
14677
11682
13343
2815
798
15232
937
3013
1664
9557
12237
1117
1286
2921
14291
4983
7733
12158
14735
4041
14858
7380
1785
15947
988
3058
428
1862
1107
8708
9378
8242
15991
3044
12138
11144
5341
12751
5146
9436
9465
2581
12403
6638
2692
4885
9042
7841
13690
12372
9521
9010
13666
9454
15002
4167
10683
6507
3415
6049
9001
8966
10498
9693
4772
11161
10578
14056
3849
12752
6262
14894
1015
8837
4043
8240
4112
15220
4382
13011
4204
11180
4713
1945
886
8894
11077
3662
1948
8423
7874
7799
9134
13608
8744
15994
7468
10347
1571
9331
2080
7413
4332
7510
4740
6648
4794
7668
9486
1532
1590
6179
15903
251
5058
6176
13234
11217
1225
874
4210
1591
143
3822
14524
10635
3180
3284
2208
13770
10782
1789
7507
2553
3575
12071
13023
12447
12669
14226
9400
10599
6562
8316
6183
9669
6270
13319
13853
13525
7716
3128
16170
3867
5972
7817
7613
8243
1945
3553
803
440
13044
10553
2557
8630
6039
9596
9588
15631
7393
14667
12367
15663
12551
5742
11293
1776
1871
6172
1009
6730
1560
1984
3137
14162
4250
6689
4924
14463
4478
2292
15034
6416
11638
4299
9738
13055
15928
5709
2254
14036
737
2706
10740
16007
10277
12040
10211
15548
1824
3779
6391
3314
15191
4746
1842
6193
11585
444
9007
1338
11948
4157
4507
9310
13574
7495
2730
9677
1585
15704
8809
13836
1795
13935
15936
15819
235
1970
15173
4178
10280
12248
1134
2221
8642
14767
8375
5732
14513
2374
14697
7040
6408
13953
12910
6187
8165
14106
11358
9904
4254
2191
6935
14780
109
14922
13363
4044
15546
12051
15335
13876
10418
14030
6841
12445
7332
1497
9246
7590
3220
12348
12744
15692
10506
6079
9647
5963
12260
1343
12153
8122
14945
4118
15003
7131
4557
15757
9278
1904
243
10794
1280
3651
15079
8422
12080
9427
15486
9709
3708
13731
8285
10698
5138
1052
15117
7332
15057
9923
1683
6857
6183
14561
10425
3371
15719
10028
9941
11199
1026
14206
9167
6672
3524
11936
6379
13077
13205
15591
17
3948
12427
8425
8792
400
9931
8261
7156
13085
16186
12262
13646
8154
5969
7100
3978
4350
14555
7062
5604
4367
5961
5941
9946
3218
3761
2561
5253
5058
14503
14906
6670
6070
3252
10895
10583
13096
6286
3012
3712
4744
11687
6397
13794
7950
7144
14405
9173
11125
942
11761
2840
13029
13580
3779
10246
10911
5418
5087
14653
15031
4072
2221
12484
477
4304
7744
12702
4401
5202
3223
8356
3016
12683
6664
7137
5622
6673
6370
2023
2758
7866
9521
9646
8087
3757
10226
15015
3488
1150
11683
14798
2214
9680
4726
14391
1440
9552
1890
5727
7641
15485
6656
5608
11017
9548
3864
1304
11074
947
12258
6245
1348
5363
12683
2607
13423
10971
1901
1441
1825
9330
9651
12034
6792
15036
9208
630
13810
8987
10961
957
7639
4692
5659
10630
8433
6518
12704
9815
5876
15587
11275
7521
14700
6204
1463
6110
8980
6297
2342
752
14429
8810
13804
9876
11745
10443
6013
15068
13718
12499
7976
7222
4477
9639
11515
13292
12221
1729
7856
4523
41
7268
14740
10204
4633
14800
7023
801
10722
13061
13759
8205
8546
14657
822
11940
12342
647
12029
1829
12049
7045
4599
15954
10473
5512
14220
4460
1115
12414
12020
14306
5079
16057
14523
6030
8365
3554
11057
2274
4292
4257
4464
8082
11638
13353
11064
5479
6191
4174
15261
10223
1452
15445
7325
14927
4474
9856
15372
2406
7800
3393
11069
6565
14546
7431
10803
1492
13020
809
7172
6264
14888
8517
11860
4556
12577
11924
7265
15359
14492
13149
558
7497
12745
7435
7954
6934
11675
5297
14044
479
10971
3297
24
5364
12818
2961
7882
6250
14831
8100
11685
5416
15383
12439
10737
10820
1512
14332
12587
12499
15559
6397
12058
14523
4141
7915
6303
14953
1602
10073
14605
10040
13149
4181
3283
7285
2226
6744
9040
7602
2903
10691
14280
3710
4140
10706
8424
14656
6654
5332
11073
9083
6580
806
12144
15956
12664
11379
10585
2679
10820
14030
15736
12755
11826
695
721
932
7240
3875
12876
4804
15240
11782
8370
13092
869
1901
14038
9834
12492
1274
4867
1158
15151
7089
13055
2028
14098
9272
6470
8202
4277
9380
6015
6982
1835
950
5483
13083
5515
13034
10902
178
10898
3288
10665
4987
5588
8473
676
8467
13320
2260
4588
6678
480
14760
7448
15575
5076
14340
9243
3964
481
9321
8487
10836
7377
477
11168
11084
15534
986
4946
6174
1172
14812
10276
12858
5645
9366
2338
3673
12312
6029
6214
7850
7213
9067
11051
8268
14805
4892
15286
2664
3759
1307
690
15212
12188
8624
11195
9598
15190
14918
3288
15403
13063
5963
13134
9861
15729
7006
9769
14928
7380
9847
7971
5639
8093
10165
15314
14002
7561
9532
6847
9979
15208
1892
2682
304
2209
1487
8457
14398
4253
13826
6640
6789
13158
6910
2576
892
1607
9584
803
8604
14493
10696
13482
15655
9547
13165
6783
12800
12108
14841
1974
10029
1029
9267
3318
15206
1661
13765
6566
2321
8247
13370
2107
3561
10639
14006
12758
5731
15390
13144
13953
2064
14838
6131
5195
4491
15994
8247
6168
6569
14584
2878
3120
6323
13994
8776
8509
726
9350
10288
15780
6370
12730
5464
13763
6308
8751
11417
6955
12549
2461
5703
1188
14740
7155
1119
7943
9933
2514
9462
15156
8409
1962
12535
13118
13937
4515
9510
966
3963
12390
2032
3316
144
6015
7238
10378
8356
11795
10352
9063
14787
13556
3050
12834
2981
11868
14856
15181
10957
14458
1019
9172
7212
4026
9600
12061
6307
6314
12967
11724
356
1834
5624
11979
14348
9256
8251
11922
8213
1199
14852
5289
4951
6772
9074
8045
6731
9424
1855
7315
5260
8511
6844
10488
10165
465
9335
12581
12618
11488
15912
3174
7547
8747
4516
3993
13205
8799
12144
2030
12428
13941
593
2776
1717
2905
1034
9092
14439
658
11553
11695
8888
6767
15283
1497
7853
8200
14642
15784
2369
682
9971
14704
15099
1670
12746
5886
10368
12430
6959
2698
11779
8431
5076
4310
14404
3423
16026
12348
12825
9144
15491
6959
7744
11954
11375
13375
4693
1022
5993
4180
5195
15350
14446
2611
1996
5375
14794
2764
3688
12459
13071
8411
3555
16124
10346
5116
10917
219
6922
4613
4261
11206
15916
12082
10828
2988
4194
1545
5800
10871
4236
8252
1180
7617
10641
10266
15609
4287
9179
322
15366
3437
1172
4662
4787
12452
4109
5822
3890
3521
4479
2462
7493
11906
2102
6485
11539
13416
646
2121
13878
10550
5129
9463
1644
11390
3656
3394
4208
8989
15738
6022
11880
15319
1398
2726
9898
867
10629
3193
5891
11392
12510
6615
11473
6028
14937
7158
4492
4418
4881
14800
1632
3643
1476
15229
2316
2617
14581
12881
11676
10140
13337
12539
15728
10979
1645
14400
7475
8389
2001
11340
15921
3902
14599
10490
2265
15269
5516
15626
11856
14835
9447
14564
3202
217
2385
2962
6912
948
5954
1980
2390
5341
864
233
6649
15818
1432
4904
4063
12941
5052
11286
7267
13385
2400
4445
9937
15802
2085
3666
11272
7464
1501
5513
7082
15222
10099
15662
14779
11331
14120
945
1386
11909
13109
5442
15250
9972
9251
10412
15527
4540
15015
9880
2301
11817
617
632
10502
4864
8055
9245
6576
9916
14010
6341
6333
12307
15057
15869
11116
1891
1937
11075
2570
16009
656
5500
12571
8530
4866
9497
8409
14440
9570
2966
3748
8113
11989
2555
4717
6127
9605
670
13852
15810
8970
15249
640
8428
11011
6136
2668
8302
9687
2948
12221
6513
2055
2681
3187
2677
14355
6109
2971
9675
2715
7425
8515
9233
13307
15759
8934
15182
12850
338
9280
13036
9102
12696
5632
8909
13014
15161
15838
2501
8031
13643
9460
10805
13799
13986
9505
1500
15894
4950
3023
13393
4909
14643
6441
3644
15026
8603
6025
6482
1352
14410
16019
1428
35
6679
2448
7164
8553
8265
679
3002
4644
11825
13875
6877
119
11718
3510
12077
3185
9474
12122
15715
12302
2232
40
14282
831
7181
9890
2772
3939
970
10834
15381
9534
3654
11573
45
13852
12905
6913
12875
7020
8591
8252
3152
2164
138
5931
4937
7960
3156
10248
12237
624
15508
12025
7990
11835
8783
3167
5818
14026
8741
7085
715
14898
2363
15466
1930
12160
4476
13313
12928
4562
5594
3249
11735
4599
3828
11656
6333
2070
10725
6950
7509
13350
15334
446
11923
2645
13741
10080
12019
2941
11154
4413
15363
3336
16119
1659
13162
6460
9197
12765
4638
10674
11282
14126
12608
2327
1879
6728
14535
3973
3698
9294
6322
2279
13344
12248
13673
3488
4154
14819
16118
383
6831
11304
807
6799
386
489
7047
7717
764
228
11674
7831
14421
14251
1337
14005
2190
1295
7290
4604
10285
8083
6795
5744
6939
15660
9318
15398
12747
11117
1452
8485
6014
4371
11604
8734
9691
9441
4186
2315
6052
7460
1549
6590
15763
15086
183
10303
3066
2743
13430
3869
4751
4863
10640
4747
8223
2084
15995
13650
10143
5400
2546
8109
6400
6682
15202
3363
948
1486
12243
6435
1111
4000
5157
9453
2894
12627
10612
6847
4592
5221
10740
7307
5862
13455
716
11192
13158
11640
5022
7846
1303
3317
12209
14654
6004
5921
9779
509
5237
9779
14796
6969
10617
146
2396
1805
8951
10516
6057
8392
13829
12462
12107
231
4181
6110
14471
11597
5738
8356
6883
1351
3761
6578
11013
4974
2138
6027
5260
2828
7935
3333
6505
14410
13460
15930
10605
1503
6350
12711
12217
3926
16037
2888
8897
8624
3200
7943
12537
11624
10676
14314
7150
28
11349
3578
13
10100
3024
6710
2402
1247
14512
11007
15304
3573
8215
8240
3336
16106
7493
13026
9407
12891
13950
13137
10132
11759
4174
7108
2583
4582
10303
9405
5532
15650
8512
699
12510
6103
3383
2554
6180
14565
12472
14324
12865
1179
101
2975
2219
11093
9550
13971
137
9175
15901
9282
144
2865
2519
2371
1330
4898
9565
10801
280
15892
9786
7263
9824
3580
5299
9349
4005
7832
8430
6311
8676
10455
12301
11532
6601
13822
839
7476
11285
9448
9810
1770
4944
7121
6229
67
6802
4363
14287
7666
258
2246
4632
10752
11958
14681
13330
5225
5346
1524
395
3467
11570
8851
9421
6157
15040
15049
970
6195
13935
14291
8135
3462
302
7928
9853
8107
784
81
14231
11185
6401
15329
10282
15387
14923
7852
3816
13273
14961
9823
2264
7021
10894
10161
2548
3751
998
7119
940
7115
4593
8960
16143
1041
4181
15947
9099
4594
3808
248
1748
8850
3733
6212
15291
2618
4130
16061
9522
11135
11637
4059
7530
12361
5618
11381
2179
14813
5599
4808
5671
9432
5797
6836
15599
151
13911
3015
7567
11929
10318
12995
9101
8430
10073
3085
16104
15846
688
15669
5592
3330
3268
6325
9986
3453
13571
1532
5730
14883
2437
9561
2974
13074
11163
15012
4232
15318
8959
14703
9339
4962
13700
1406
10958
8741
347
5271
10633
15774
6670
13031
5571
9430
13597
13906
14431
15849
5883
2960
810
2059
12782
14045
3579
9946
9050
11056
15048
2479
10525
7783
9255
16160
3501
3597
15974
10506
7464
11446
3342
888
14055
3786
12746
1016
5393
7423
15514
3448
7577
8955
10431
11506
10936
11374
13626
8152
15524
15212
830
15438
317
12380
9798
3345
8158
5213
10576
9320
9010
9522
9057
15135
1818
10922
15649
8143
13683
5053
8405
627
10151
14480
9925
14816
6214
12501
6286
12103
2728
13146
9746
9182
1401
9095
15681
10233
2431
11813
2934
9453
14557
11418
3425
13031
15472
2081
5759
15663
12238
5725
5736
11584
4801
3458
10838
2242
1778
3489
8741
13012
10698
13660
6371
14802
4770
1411
12276
4139
12028
5943
2197
67
10035
10508
15246
4545
12441
8113
6153
10450
11233
12839
8285
7860
14412
4225
8400
372
1030
7171
13209
3389
2284
1104
11627
1855
10208
10413
12877
15542
11987
6619
3148
10739
9123
13146
13326
4834
5260
3449
7628
4536
5843
12928
2447
15483
12745
9411
15985
7220
10969
12970
6539
2177
2477
10481
2672
5427
2153
9544
3718
9408
4263
5596
7014
5868
949
1792
14328
1151
14170
4284
15552
8826
589
2593
4604
14250
12086
1216
14349
14212
13713
1298
933
8239
3072
6349
3855
7227
3486
10387
1645
15107
12715
3259
12632
11376
978
6026
9794
11442
15977
10565
2570
8817
11336
7033
598
9652
15134
9101
3235
859
13646
13253
7453
9716
4735
11333
15216
4552
3402
10612
5630
6663
3
14001
14588
3486
12775
9483
6859
9722
2334
4338
13340
1475
15283
14520
9238
14473
213
14155
1755
10663
11558
13240
13558
3448
4608
10431
14024
769
9093
16154
13777
8893
1565
13574
6656
15874
10179
10703
3059
8940
3992
15022
4168
5686
6481
11551
13703
6942
6169
337
7505
10799
3666
2372
7068
8008
7960
5027
3018
14109
4089
3591
13968
3326
5399
2589
11971
11088
15341
10151
7756
10719
15604
2321
9388
11208
12802
1262
3281
15332
8271
6184
13867
13007
12267
12906
14125
8061
15856
8972
6967
944
302
5594
4526
14928
3340
532
8656
7402
14255
8394
6684
7563
8916
9425
14060
5522
822
10979
361
5856
2951
1362
148
13393
2636
12511
10063
280
5109
14215
653
192
4681
10978
9185
15822
14828
10410
14458
6669
5555
14614
7276
667
5901
1450
15490
1149
11756
13947
7287
3552
5696
6163
4767
10050
1965
1837
16002
8532
10770
1619
5807
14436
9124
15094
1559
9647
8942
5499
627
4018
4175
11372
10415
1682
15403
14861
702
7064
7666
174
16182
6947
2874
8934
3423
13774
2375
11074
8573
8464
328
10308
7305
5029
11929
1460
9547
13688
4425
14971
2279
15404
1511
12539
5680
14063
5126
3555
5206
12666
13377
3922
12681
13032
15569
6515
14396
1808
565
2944
11012
5116
4636
11578
6821
11020
7436
14220
12544
12520
5550
14213
5076
11209
1995
285
5562
14784
10280
13973
1462
3105
13777
6556
9305
13665
245
9696
4107
6003
1866
4536
16101
3836
6520
1578
14028
13617
6244
3301
3310
3170
14473
7744
5217
693
9774
8749
6616
7189
1873
13840
2255
14794
14963
8322
360
13820
683
15298
627
10139
7776
7284
13299
6639
8294
11914
9472
483
8198
1701
13767
809
7523
1216
5408
1768
12044
6541
2709
2074
1978
7932
47
12851
10074
15776
13476
11874
2959
12334
3190
16130
7335
12120
762
11088
3981
11445
12751
1741
9916
822
12665
2679
4723
12285
9999
14629
13802
4323
15151
11379
234
11733
15834
15309
14587
2339
3071
11533
10748
231
7800
10434
1395
14704
3509
13563
8306
9896
8121
15902
941
5686
7163
10888
3782
1388
14918
849
2332
6636
11608
8712
1891
6954
6480
16096
2791
11418
9806
15698
12753
12880
12105
2487
7066
1758
396
1866
7669
4880
5499
4854
5890
15696
8472
9841
1696
7712
775
7095
13467
7245
8479
3583
2836
15108
12982
2152
15001
9377
7764
14121
432
5383
14787
1576
2418
13834
4006
1051
15195
26
13001
2054
10665
10321
9332
13853
9118
749
3803
10860
4842
3257
13316
4805
16113
15928
12840
9935
14189
3303
15489
7451
1120
2216
8394
11200
14565
3968
718
14294
888
3340
13440
6294
15600
379
9532
6466
4410
10306
9686
10430
5046
4773
10510
7214
11904
6999
14788
13565
2877
2488
5528
10141
5952
1233
3470
16
4007
5087
13226
7032
9702
294
15380
6677
14353
3585
7956
11072
10844
10145
12269
15914
7254
11019
6775
12431
6297
12298
1077
1278
1705
7692
976
1743
13698
10654
15456
2885
6964
13381
6228
10494
4230
10071
2815
4275
8651
7702
8075
8425
8864
1957
11555
6454
11182
9237
5774
3088
3014
3777
7590
185
9979
3406
12447
5409
9879
10616
609
5345
13284
5331
8683
10997
2255
3603
9748
12740
8130
5127
6955
3038
10235
7119
7482
15123
7370
9000
6484
9985
1253
7618
106
12075
3158
10005
9598
189
4649
249
11744
9561
10038
1482
1052
5384
9574
5568
4245
1875
11031
10005
5604
3127
9676
9178
3100
1291
3346
1983
6025
12226
1712
12488
5070
14261
1843
9601
16037
7491
10813
4075
4121
2812
9360
12421
3792
13649
14445
5866
11967
5173
11234
7239
14276
3076
11139
6836
10542
205
7081
9757
5149
14619
1644
4848
11943
11018
11157
4534
9259
6718
7704
1760
5591
1511
727
1895
15678
5460
13897
8784
4356
11109
4403
10123
10017
25
13789
12578
16010
15666
13498
3316
4068
9764
15692
10305
9838
10786
9646
4351
8858
5124
2592
14550
1459
901
5715
240
14686
9194
11391
4551
11590
5757
6753
4088
15205
2327
15478
69
3497
32
1680
14266
12118
10444
10559
8049
11950
1829
4991
14985
8245
4525
687
9027
74
11500
7186
1969
3928
9085
6185
2800
3480
353
10620
9154
9238
15818
5622
8075
13670
473
1302
8935
6855
13612
14461
7825
12183
14653
10186
5238
14578
12438
3985
2039
2898
10852
12950
13855
8948
11633
6476
13680
3084
11566
12864
7845
11193
1299
14843
4525
15111
12034
13408
1886
383
7496
12885
1935
9822
3171
5170
11646
14913
1700
1975
10691
11284
4369
5803
13901
10814
6337
13776
13513
13113
1862
5568
15270
14078
15266
6334
5404
5198
15411
10430
11163
713
9763
1983
6473
11494
15849
535
4645
15591
10617
11652
14868
15292
6818
11739
15833
2514
11311
2233
5386
12737
6783
1223
9583
15017
6237
2522
12184
15214
12700
10166
4803
14969
14931
861
1770
2200
5965
5514
9291
11052
13027
921
7832
3687
10693
14992
5319
9996
9190
6782
5342
13842
14497
9033
3774
11748
4850
12116
15692
6817
7360
6539
16052
3201
10791
15472
4819
4307
636
12893
5477
7277
7649
5865
8440
13210
966
2303
9334
11455
4641
4717
1347
9100
828
6070
4702
5068
6913
14761
14556
1066
4468
7259
9537
6770
8945
6392
2216
3132
11293
732
5406
3598
11052
2683
7383
6114
13482
8922
9099
11810
2564
16098
14913
6515
1469
4897
9828
769
11952
5352
3387
6527
7422
944
1934
2349
15593
15298
11499
6477
14108
2601
5311
15438
257
10120
9668
319
7670
4920
2678
12960
7359
15332
7173
13108
8426
12525
4508
9743
3395
2034
4843
16028
15637
429
8988
7618
4541
7744
9635
13148
4836
7261
2470
12397
13056
1440
838
5461
2673
4724
10848
1712
5820
13403
11279
2496
2212
4449
263
1043
4193
13297
7653
11254
872
15440
8471
8869
7770
8231
8584
2879
11325
5531
3370
9993
10176
2040
2237
7015
12758
6525
7266
10735
5092
1420
11868
10187
5596
13750
14986
3387
210
9150
15120
6231
9533
3240
5060
596
9786
402
3218
3580
12394
4005
10182
1819
11673
2596
14059
15281
6054
6979
10136
6621
4261
8083
15552
4142
7732
13412
5701
4862
9671
12273
7098
16038
13149
1680
15923
6367
7197
12064
5245
14801
10867
2787
9071
9634
14835
6424
3625
2665
15354
13053
3172
7821
7392
14153
10035
1312
493
1789
3814
5199
14451
13427
7138
15027
1917
384
12178
13467
856
2456
12951
13724
5022
12284
10882
12367
913
15214
7407
16099
2376
13480
16005
14031
13381
513
6314
5969
8643
11245
4038
2841
9449
9051
6751
11825
7925
119
14301
3563
4365
15653
14638
9645
14802
3575
10536
10674
2814
12816
289
3749
15216
1255
10343
12380
3853
8776
13851
10368
2409
13939
4680
4286
13374
14901
15736
15012
6563
6695
3287
11976
12535
5477
7282
11045
3260
5004
2139
13044
6273
13527
1561
6087
11664
1161
2547
632
3501
13541
9541
8031
12514
1105
8692
16048
8801
7425
316
5183
8381
11835
7698
13156
11862
12585
2098
6077
3844
6679
13468
732
4907
10543
4469
6717
1378
240
2380
12289
2145
9751
10557
1772
4434
16186
6786
6991
5032
13435
4865
9204
4981
12025
9151
2777
4224
11381
11955
7724
10702
2960
14711
486
11556
4835
9112
8835
1107
5065
556
7476
2625
11866
2447
10378
5118
9498
14877
7278
13923
9221
298
3407
14207
6477
7915
14823
7495
11287
11440
2907
1473
8824
4928
9853
5720
9837
11301
8377
9350
1467
9767
2702
6596
4680
13836
9974
2239
3434
15084
1549
8347
14734
15544
5418
14089
10690
13544
6113
12196
3972
848
15550
5069
2836
5381
3214
10575
11447
14534
15784
4048
6223
8214
14020
15653
6857
4239
8163
15614
13226
9879
3653
9676
6188
6675
9807
11256
12325
13668
9094
4368
80
13087
10850
4609
572
14509
5172
12259
9585
6808
8946
3737
5918
13271
12030
1793
10616
10925
4714
15182
13624
2750
5337
15785
9215
8759
9536
3071
1749
12696
5053
5409
2760
2570
4868
11998
2223
2482
14175
3903
13083
13959
463
1078
4253
7467
206
14511
11842
5756
5633
5551
683
5342
15119
13640
9085
9746
5899
2543
7181
3099
8307
10092
6830
8066
379
1942
5714
16182
2121
8410
10130
3406
14132
610
441
12797
5094
12861
14430
16154
3749
2940
11649
16153
5291
11379
12811
9871
12463
1405
397
14562
5272
7136
14738
8857
11440
4475
5662
5317
2571
1135
14816
3433
10324
7805
7515
15029
14846
8187
16114
8135
10903
1729
15815
4498
2061
7543
11834
14749
4532
3178
15804
4345
6268
3383
2565
12322
7141
15859
747
13923
4775
6738
10679
5745
15024
15482
14564
5517
11085
12712
2243
2106
14488
10785
15726
1480
8948
3254
16016
8733
7058
8790
5796
545
1331
8392
6134
15110
5553
9530
5676
1917
12361
5507
6650
5121
11219
9606
13580
5286
11005
9378
13925
9672
15201
1119
11636
15154
5111
5930
2133
11363
13981
5251
8272
8406
9215
2873
7956
346
3004
1934
2534
10160
7691
12723
997
8985
1355
7627
14784
8261
519
10625
12984
1386
13121
952
5217
3192
12680
4844
1719
14455
4828
14628
16100
4855
6938
7389
14012
10758
9848
1680
1286
13223
4538
15277
3661
2924
11702
2892
6137
1068
8710
10766
13744
2697
8260
14233
6527
2528
3657
9874
1620
7603
11887
13220
8168
15226
9223
9916
4267
11155
9989
554
7589
15494
10889
4567
5408
2252
14809
3353
11054
9907
10186
10105
8135
7287
2525
10210
6959
7244
4301
9005
2719
13506
12764
4172
42
11265
9125
7297
6309
10733
6226
13759
15593
794
14606
12013
16144
12216
6813
8720
14014
3079
9384
14126
3609
8180
11396
8893
4757
7555
1038
249
11364
14477
14000
8416
784
7817
7107
1290
7482
8406
7339
3959
1742
4206
8058
6094
12769
361
6124
15505
11114
13182
13548
134
15412
5232
2476
8892
10552
8671
3201
6449
8995
16060
12655
11707
1351
2859
6395
11580
11944
8118
12678
3997
15152
14771
8939
2104
4663
11573
13184
9230
6043
14406
14394
15984
2154
2584
11884
1957
8844
15024
16051
5567
6649
13061
1085
4041
855
1070
11738
2667
5799
2048
15558
10819
9477
9806
4731
2123
5852
2411
437
11956
1926
12432
12558
8826
15378
12606
11692
12386
16139
5316
14807
988
426
4088
11036
8689
6120
15627
5496
10523
14326
5695
14560
2816
9826
8717
13873
2089
9633
11370
15537
11845
6642
7363
2078
1602
8224
14525
3781
9318
5591
1938
5003
1972
2109
964
9703
2270
8948
13246
4657
14306
12938
10273
12735
10615
8865
6367
10096
253
11784
5397
14707
5214
15501
9818
1418
10058
25
14473
3589
3715
992
14639
15160
14029
9896
12010
7813
11318
12787
2077
13371
4284
9029
303
9795
5693
1394
14011
3160
13888
7414
3818
10757
3737
2483
3870
2608
9851
11267
928
4652
6293
1617
8508
11325
9163
8463
3495
8559
2971
14715
16093
3101
10627
4649
2900
13724
9447
2739
11005
9427
13363
8470
4259
14857
6967
14856
6578
6346
14382
4192
2040
12052
15012
14796
11270
3510
6487
15027
10826
10383
9724
2575
5443
10054
6520
3311
5079
12801
9838
7984
12966
800
4808
7824
13881
15094
16174
10247
3587
9203
2308
1405
7713
2746
6496
7890
8167
4117
12987
13857
5172
329
7833
116
8579
15194
15918
7826
12230
11886
79
32
3227
14464
14880
2591
11184
1706
4352
5760
9571
5499
11146
9283
8450
5429
2651
1415
8550
13771
13122
990
12733
9997
2020
7952
9127
15096
7505
14019
6808
13876
4095
10256
9463
6875
11586
15830
10851
10930
11943
10596
4028
8623
13511
5259
14757
761
7987
14504
8871
7606
15787
8567
8860
3517
11353
2252
4663
16016
6985
1021
6542
8455
9946
13683
12894
8601
10202
13358
4710
2037
11504
4031
4299
10357
10234
6229
3046
14513
7540
2838
13479
11370
10721
10363
10499
9207
4141
5267
6483
10174
8940
740
5166
27
5086
2803
7991
5042
98
14801
9449
3238
7286
3346
10398
9733
2279
423
16146
15464
6968
76
6796
1425
1134
12200
136
2522
2605
4088
10226
7015
6630
6839
13132
7523
8679
10425
12864
3303
6466
804
1880
9519
9008
3143
15718
5530
4034
8516
8897
13306
12495
9662
14562
2391
12351
4533
13937
1732
14647
6445
3405
3917
12382
3719
8109
15081
8486
1443
2459
13567
6566
14262
12047
6617
4850
798
2851
4387
8323
10672
12888
14101
9653
2693
6255
4636
4390
15101
9615
6681
15633
10937
4554
15245
3727
14151
10979
1529
962
6308
12569
2806
4143
11342
15393
15549
14007
1633
9669
8869
9900
29
12745
8374
6098
3666
11501
7876
7906
13358
13685
10683
7822
5200
10138
1330
7380
7195
11693
9000
1451
2863
11019
1466
13622
11521
12271
15906
6991
4448
4499
1858
9219
11810
13825
10069
11468
11393
10123
12021
3455
6532
15120
4497
10545
15534
4101
8063
6424
878
8695
2862
10788
825
10131
12294
4745
4880
15552
11349
7892
11067
7862
12064
10936
8803
3644
4485
1702
1637
15062
15599
6848
378
10037
11772
6650
10915
5234
14513
14720
938
6523
7089
13054
785
5693
2013
14724
7227
5125
14092
1624
3639
9033
10429
6152
14186
14705
5951
436
5446
8130
8723
6810
7543
10427
16140
4654
10386
2401
4407
12751
4040
9885
6668
9873
1048
5819
13469
1075
7170
14677
2011
14242
3069
3883
7137
12365
1001
11829
8605
15075
4018
12343
4794
7951
2092
866
6604
3670
5752
5326
1824
5625
3364
2088
2644
7384
5846
14316
10500
9331
210
237
8219
14986
6198
8123
11690
9577
7381
1773
8979
15468
72
5966
16005
5761
13396
2710
12849
12723
4135
10596
10396
8063
6547
11628
9634
1959
12470
9197
12308
14054
7603
3938
4385
4401
12566
3873
2065
10815
13278
6362
5243
1634
12549
10254
12879
11756
14239
984
8163
15825
10217
2700
10556
15284
4981
8357
9781
9580
6565
12524
3421
10925
3639
10440
13484
6690
8136
2883
14982
16046
15477
2406
13744
1992
11161
5897
6352
15096
15846
8439
11594
393
739
14983
422
4028
13078
4152
10595
7108
15045
9235
1615
14669
10627
15037
15278
12668
12106
1586
16113
7708
627
15825
5040
888
4238
14293
9497
5905
10778
14206
4604
5786
9484
4051
2161
12927
6731
5681
9519
6293
2896
6340
15310
13029
14807
2207
10198
7481
13493
9944
7944
8220
15142
3980
3859
1397
10757
11282
10889
4635
9668
13071
14560
13197
3191
6341
332
5720
4374
4431
4983
3770
2606
15118
15599
1172
3062
11674
15898
7056
4329
11776
2107
4814
2295
10092
622
11891
5266
12295
2049
9889
13169
14266
13649
8638
14176
7354
4309
15370
15989
9766
8697
5739
5402
3981
15301
14658
604
461
11534
3112
11320
10687
2702
7538
4999
2398
1245
2074
11012
2794
12349
12823
6462
7171
371
5194
8633
13653
196
9702
3703
9766
13366
1900
3906
1796
4211
9978
3103
12551
11374
5235
6829
7175
615
2517
10330
5151
13873
23
9175
5732
13915
8306
5479
4334
8549
699
949
10429
12438
10739
7967
13452
7871
7889
10982
8003
10061
110
11674
7546
10298
10571
7851
11228
11019
1365
3462
9337
9190
10609
11697
1879
2156
5929
7570
7933
15405
3631
12430
4729
15562
8370
10558
6140
14691
14517
1161
8888
4901
11246
14999
2132
13453
5367
10450
3780
8044
422
8012
3199
5481
6327
7734
5312
12627
8463
9262
4672
7285
3564
9659
8041
11156
6012
2472
8644
6447
12099
12188
12463
12713
8919
11379
5553
14068
15184
13327
3133
2180
1280
11768
6167
3643
1018
12883
12163
13014
13457
2505
4468
7460
8271
9190
13291
12350
1621
4503
163
3730
15904
10161
10084
9686
15502
7255
1298
4944
11260
907
11164
11504
14803
11233
8373
1185
6049
10031
11799
3154
10692
10275
8101
11239
14775
12517
14980
12253
16085
7424
14529
2554
16024
13393
6136
12173
5268
2988
11918
12675
9812
6103
5041
3698
12749
9661
1457
4111
9839
11284
12950
11484
13337
2040
13727
14117
3883
15196
15824
12966
10720
4445
12444
16064
6741
4942
9864
3794
3811
8922
13589
15730
10282
7956
8471
9667
3353
9810
8160
333
8252
12277
10302
10832
3754
11742
13768
15799
13264
4690
7522
6462
11592
5550
14439
8747
8950
5795
1472
970
10588
15817
5113
329
6921
15932
3046
283
13830
10083
960
12734
3632
13000
13999
11004
7130
2211
10238
1566
5943
3206
198
7613
11230
10374
5739
4936
12045
4200
10403
6284
12714
901
1283
3956
2675
3635
5725
1808
11134
9235
493
12426
2977
7396
12741
5309
11694
2035
15308
9165
2014
558
4957
13153
13695
709
7060
11900
1946
14117
5130
1640
11824
1790
6312
91
10856
4972
6167
1134
4834
525
14213
6066
7406
5547
14846
2292
16167
4814
5704
8469
3786
15782
7587
1330
7843
7332
3242
7111
9931
3876
15207
7726
15799
10673
15001
4514
10473
14151
1799
12083
2785
1047
1218
6093
8974
14854
12005
2486
8433
6939
5343
57
9948
5813
3727
7521
7971
1678
5108
9573
6527
8123
10227
14229
4825
6917
15491
4678
8448
8050
7177
5286
10036
11926
3976
12495
12125
5713
15279
8069
12300
13075
696
6691
1016
13523
5711
3147
8803
774
11269
12412
3692
3301
6034
15734
13411
8227
10452
13057
5144
3634
16053
14222
4998
7358
16166
14785
4410
5339
13876
4332
11235
744
8758
5684
5883
7421
3318
10376
2462
8477
12588
15569
11221
4581
16002
15151
3515
6869
6197
13944
4652
9103
13612
717
12370
5390
2742
14693
3496
7031
16174
12977
3142
1477
1789
207
8086
10276
6785
9114
5644
2061
15628
7051
4605
2418
13859
1106
3062
2010
7465
13998
1382
460
1961
8115
4858
7326
1480
11297
12348
6980
5285
310
6721
1213
15429
11840
15920
3273
3834
4697
12268
6941
13062
7153
4073
2975
87
9452
10205
4435
7509
11090
7219
11347
7159
10600
5530
15159
3440
7867
1156
1121
5744
9815
8465
15405
3178
13200
8653
5034
12240
5062
5385
14677
1616
11019
9273
2181
10794
13364
12656
7639
10444
6251
15501
197
4505
15107
7171
3021
15655
7
4822
16051
6040
1145
12950
2998
3716
12294
14461
727
13296
14521
13674
1702
13357
3665
894
9626
1924
6328
8585
15377
2707
10267
4642
2572
11858
2841
16195
14298
10811
13213
8646
12574
8304
4351
10954
13047
11227
4729
12060
10456
6843
5092
7742
1841
8794
8806
11724
2229
4036
5479
7070
3195
9787
16036
2260
3487
12784
8118
16080
4380
5295
14290
3245
5850
4692
14628
11276
7743
412
10601
14124
10405
4066
9526
12168
3758
9550
10959
14376
2999
2464
4729
2729
14196
1916
6397
14360
9889
13969
11005
5574
12099
9273
13012
2977
309
10646
4746
12322
15489
8098
5617
2579
730
14998
3096
10328
6984
3676
2009
837
11657
14701
14641
647
15102
11923
4657
16111
2628
11713
14686
3185
1043
4771
15132
12147
3313
10869
5295
8280
5711
9025
7590
15677
1753
13588
10492
15700
6939
9788
6249
15782
13201
13728
1103
4119
4661
12942
5593
7300
4077
12739
1760
9922
13396
16104
285
12528
1358
5763
15439
15745
5888
7090
10414
3445
8315
13749
46
6944
6444
1646
10133
7548
15686
8627
6317
12521
6918
3730
8208
265
15051
9965
247
8813
13414
10109
9302
11061
11621
1775
11106
4818
2563
64
7169
6181
6585
5682
11032
10609
3870
13453
12297
10338
9429
5810
8463
5115
12914
11761
9196
9451
8060
1875
3898
11517
119
2646
13183
7805
131
7417
9091
288
4337
12818
3964
4297
7649
3295
9725
15843
4797
2962
12875
4363
10167
11830
7101
417
12079
13918
1234
15082
14282
11783
922
5548
15982
6303
15582
6281
10405
8260
9597
15191
9896
11994
9607
10473
12013
10931
2799
9178
15307
2348
6082
7923
15
4797
11150
11807
10099
15859
15818
4237
7604
14014
11833
7028
9792
7795
8146
8198
1999
13856
1589
7408
789
6023
16027
2536
16030
10661
5725
5626
9721
13729
14792
2727
15379
14102
14930
9882
4280
12732
9575
9443
7563
11680
10319
141
7522
11362
1774
14667
8630
6101
12338
6356
10086
13308
430
14940
6922
14969
7557
14996
14859
11849
12263
6957
1794
5210
15451
6542
15349
12805
7045
1374
14575
6498
16061
10663
11049
371
5813
12680
3040
5042
6008
12573
14926
12601
1320
9474
8943
10854
15549
11826
12633
4438
12917
299
12013
6000
1107
3149
2691
9683
4830
13011
8203
5412
6537
12683
1067
359
1328
15496
5811
12276
8022
14011
9543
8407
14282
400
6575
12027
10516
7808
4751
5328
9800
4759
15757
12650
7691
12921
8113
5406
3948
13456
7357
7207
13527
4246
8702
11597
4716
15278
2517
10782
2203
10252
7185
11305
2612
15322
145
11558
186
1693
13526
13139
10798
12168
519
8055
9661
6009
10583
10416
13585
14799
6092
9298
6303
3617
12215
12199
10024
9627
5908
9108
11956
5603
12864
3677
6078
8371
306
10996
12761
5288
11656
1796
15967
7769
2920
4664
10873
10862
15073
1090
9042
5671
966
10706
13957
15470
13193
14709
7820
11159
4502
6403
5340
14122
10661
1015
10708
1820
5503
10003
7053
3124
5329
4058
5629
1465
1975
12538
7085
7130
1593
14075
5233
13196
1209
12443
9360
14842
13993
1898
9171
12615
13771
15215
8304
10108
13550
14380
1146
14699
11669
12155
16139
5981
15938
1071
15884
2106
6119
2720
12095
4565
13806
7872
12510
4107
8454
13647
6960
12917
2284
4672
15718
11631
12431
13851
5310
148
2241
6763
11110
16161
3137
10269
4245
7718
15651
1149
12499
16166
14520
3378
1602
711
3687
5232
8646
10636
4104
6213
1619
3621
14603
563
7709
8531
14710
12004
14108
15115
8401
2398
10561
13840
7275
9515
5612
10446
5560
227
11318
4316
8607
2453
11123
13688
2516
14391
3948
12654
15584
14682
8548
3680
8942
8755
2657
8830
8855
7488
4051
10719
12230
14586
7136
7264
14419
13253
2943
8694
9502
9543
5833
15913
5331
14898
2558
15986
1905
11368
10776
7827
10070
11818
14791
12725
4905
9050
5800
1928
12391
9847
5106
12086
15628
5293
9069
6337
1285
12602
15439
3710
9541
15313
6820
9844
3163
5878
5148
2888
6604
15995
327
5854
10012
16128
7753
4161
6041
1897
6040
11905
14844
15873
5586
2161
10513
4
6163
5768
8463
6947
698
4897
4367
314
12786
11656
15057
12988
11284
9968
10672
5003
15908
8848
2669
3619
3397
5721
10416
10675
9050
7814
12729
10046
9400
2499
7231
7270
294
3347
11740
11267
6715
2351
7554
11816
15775
16180
1410
12146
8311
3652
9358
14394
10628
5766
14453
12256
2805
14477
1393
3847
8216
4247
14402
15035
402
15188
2833
1739
13566
15901
9017
935
15208
2930
13561
14932
15389
1968
13470
14243
10427
10253
13653
16169
15858
12964
8688
9983
9954
6600
449
2044
5480
915
10474
9568
3491
1654
6994
1460
4669
15072
420
11143
13722
8100
12971
15529
14755
15323
15905
6565
14257
10533
15758
6311
11370
6119
16152
8311
3082
3574
2821
2831
8182
388
11653
12003
4485
14762
6149
569
9427
1622
9466
6021
14516
4689
5576
3973
2542
13107
4389
1979
1376
12740
7926
10690
6230
13183
16009
12906
9778
959
11181
11879
8460
13391
8310
12953
8151
10475
5425
5181
15696
4880
1725
12462
4144
13159
8209
8360
9527
8070
4213
7522
8180
3273
10645
1203
12330
6847
14077
3545
4048
2148
8126
11725
12394
8298
5984
2003
13200
15493
2309
3022
14943
4628
13937
10207
10645
6059
8610
1411
15864
14490
6821
6016
9743
6147
8367
8235
7843
6015
894
15241
6159
15771
10601
15920
13415
4613
480
10967
10456
8395
3806
11869
8260
9041
7637
8379
15403
13554
7535
12460
5407
9899
8953
5835
12726
5227
13011
5715
13452
8501
8284
344
13580
11098
8650
2328
15531
8981
3514
7522
14103
5920
1752
7812
4027
10767
4755
7537
13835
6923
954
4650
10293
15855
10551
14745
10562
15320
480
4851
13663
8626
12132
9324
492
5489
278
7969
13135
1467
355
11499
15007
6363
16108
5291
4357
9989
2494
9235
13207
10957
11126
13621
6678
2373
3282
840
7059
1009
5649
825
7262
7501
9185
15980
7793
3130
8602