1184
222
1334
9390
15704
4233
12636
12389
10056
15949
5607
11061
10202
9163
9400
12798
11948
12033
1633
1872
2631
4201
3989
8019
5970
16230
14821
5618
9105
2919
1435
12674
13149
3475
846
13662
1900
3937
5380
5244
1733
10467
567
5557
2022
8616
8017
15415
10750
5350
9862
1453
548
11894
10873
5948
2159
14009
7103
2463
15989
10519
12155
11247
11265
3788
16567
4898
3217
3309
8214
4940
6428
9910
8210
2731
3645
5033
4187
5903
3810
16297
14218
16573
14674
4383
1268
5937
15888
3197
8361
7819
2371
7593
6708
6323
12641
9373
3728
14619
5617
11585
9752
10296
907
15338
2298
7453
6830
7396
12545
4001
6455
6885
13687
16423
229
12891
1922
619
2796
4702
1770
13295
16249
1016
3828
12500
15216
9712
8553
2094
15040
14932
5660
550
15977
15052
10272
14240
10836
7729
12124
2660
11848
10381
15299
14888
1623
2766
3112
11500
16359
12785
13919
13883
857
3837
13052
1321
2984
8803
4451
296
14060
12665
793
5610
5314
1401
3528
14578
14726
6398
3856
460
1905
7687
15830
13921
11588
10926
9703
11015
14180
3926
13805
11521
4074
6664
11432
12564
11918
3217
8541
12947
14628
6071
16103
6550
8624
7266
10704
2769
2325
475
6979
15577
16634
2627
1517
4576
2741
11519
4305
12317
13937
7725
6700
9031
6052
2624
4642
11557
602
13318
2220
9008
12981
11306
7458
417
12023
10405
6598
12517
14868
9630
324
15550
8979
12110
16634
1991
11801
14986
10061
4588
16138
12499
14330
11455
11075
10980
13879
4007
10147
4228
11485
15317
6072
4712
4489
16657
7224
10478
11812
11269
3091
11499
47
11489
12749
14625
998
13595
717
2963
3234
9885
11522
16567
6114
5657
11158
10071
11482
16697
779
1828
6288
15316
8414
10783
15331
287
7424
14867
13730
12678
14955
7063
11071
8167
2660
14110
12121
5363
6122
5423
15495
14302
10685
2857
2044
6724
12778
6641
9262
11095
8569
16000
13128
15360
16692
10373
2908
1670
4062
3695
10850
8439
11404
13864
12355
10636
10048
12348
11690
6020
13578
5460
14174
8145
11890
3765
9058
6725
672
12671
9073
14713
8153
3860
15660
4645
11309
12080
6750
15980
6132
16417
3661
8985
14869
15254
14780
5775
7113
7301
9329
10950
9279
4299
10824
14057
6901
13125
7972
9250
4027
12407
13377
10827
15377
3159
9364
3220
8362
9835
13909
250
16424
773
2318
14247
11666
8672
2993
13972
8687
6769
14704
878
2632
7236
6930
13472
5166
15745
13412
14435
15965
4949
10129
1292
7394
9566
7455
8323
2848
8008
6359
5081
6290
7133
8268
15291
6721
13672
13397
11974
5261
10547
10484
16008
11250
8189
10287
12774
12050
13854
14883
8813
599
13460
2296
10159
9430
1640
4831
13611
9428
9118
6972
13891
7175
12240
10369
3598
5742
979
984
7918
14130
1947
11704
9511
1127
726
8228
10429
249
10995
10040
1498
1721
13160
11834
5219
7869
9114
4300
7047
11686
13862
12195
3994
5866
7566
15779
602
1130
16565
2444
11204
1232
8940
10629
15454
1365
13674
15386
14914
5309
8256
9503
2856
5251
8191
6753
14942
4131
8712
13193
4508
10589
14910
5998
66
12570
15905
13999
13898
5295
12993
16681
942
11071
8791
6899
6457
9887
15453
9462
9055
9241
9719
9431
5227
1578
12953
4432
4715
10356
7473
1935
13415
8207
8288
6811
8431
8938
12125
1321
2637
14954
12204
15115
1533
2307
8945
7783
6353
3752
12490
10029
15823
15470
7002
7358
16002
3618
14528
5521
13936
10351
4582
4725
15550
13678
8576
2740
15188
7483
15107
14244
13302
650
7160
15483
1417
5693
7129
7498
10249
9140
12798
14989
11558
975
11882
9023
2937
11258
11366
13921
6813
5701
7423
1155
14198
16388
310
15741
13036
10899
16680
9702
6346
7076
16567
2968
15808
9562
14502
15257
4946
134
13192
5960
7129
10594
16501
8529
10684
13292
15111
1130
228
7138
13443
6066
11741
6459
6442
5780
2761
10964
11448
4575
2278
8422
13893
4368
3685
4758
15909
10240
1326
9972
13431
12706
10325
219
13480
6981
2660
8870
2487
3346
600
5854
12233
16110
13038
12279
1890
431
4318
9416
12043
8077
15916
1563
6719
1518
10466
1109
5090
4759
431
4331
13334
1906
1315
1870
2311
15207
9649
15996
7976
2323
1070
11222
10001
4224
11016
9220
5363
15555
10965
566
12303
703
4301
534
9968
15058
10539
10825
3128
2841
5806
15585
15171
15231
12365
7286
8881
3460
16125
13740
12273
1884
3666
9145
1734
14728
7963
4147
15713
9736
15314
12942
2769
2277
7387
10601
8966
14851
3807
15116
9841
16437
5739
13826
1440
7277
2072
13520
8447
9256
12211
14345
1941
7962
11551
6382
2032
12771
10739
11332
9370
5004
11548
15508
6118
4508
11289
3753
14008
13242
2467
7604
16545
11528
1993
4717
1550
7778
12564
14222
14444
3568
1176
10387
3813
4336
3442
3923
376
2554
7621
12696
2057
9972
13790
4830
15106
6875
158
6057
1746
4018
7117
370
15325
2903
6179
1580
1816
6233
16347
1004
2049
10394
14370
10890
9653
9793
11746
8191
2995
8413
3378
3105
1831
2667
16647
5670
10399
14197
9967
10415
15796
10087
4873
12378
14
14059
3873
8304
6531
3056
5221
15599
13563
10576
14827
5570
7401
14710
15490
2969
9681
1145
6502
7464
16069
4988
11220
15115
16327
8754
7416
2030
16463
901
4942
784
14913
7276
589
7825
5352
6688
9198
15898
6551
1951
11873
3253
10407
4746
11113
6593
5691
4907
1439
7755
13243
4618
11517
2940
16018
6645
6743
9991
9545
963
5165
5349
7330
16297
2259
4874
14022
6513
3234
837
3990
302
9627
6604
13178
3846
13870
565
4348
6761
418
8824
5679
1255
5559
845
15464
5011
7825
11147
12454
6958
9578
1318
8305
15376
10396
1608
2815
9575
11409
4717
547
2066
7344
11450
13844
5992
16145
9095
10716
12140
12086
12061
7774
5960
13397
14846
1159
3594
16223
965
4105
14959
15776
12055
3722
801
7126
9677
10328
14378
323
9979
9474
10851
7357
7237
2005
10746
7971
12234
7178
3232
5994
3656
12564
284
4913
8231
9771
4018
11980
1170
372
1322
9922
12923
5479
14649
11261
8296
6592
13019
656
12192
12102
13402
1763
2560
7942
1569
2339
8264
4528
16471
11523
7277
2457
1493
485
16064
10042
12815
9104
16562
12140
8701
11225
4857
11161
1085
10197
13530
3806
9855
16351
2379
13201
4788
15917
1580
8286
8199
1932
10898
14100
16465
7900
10609
10952
2832
7103
11409
6113
12954
10978
16047
14585
9386
12169
16294
3030
6701
453
13629
152
15635
11319
1184
5466
1630
10186
15620
15305
11096
7910
14936
3222
4264
11752
7060
16265
16051
6029
11926
16631
5494
14084
7144
1035
10660
14351
1940
11121
2822
15057
14893
14030
3383
3772
8419
7713
11382
8765
12454
8857
15541
6008
10216
7025
6827
11257
5532
874
15617
12015
9724
16428
1098
10585
1908
10672
11874
7475
10696
11647
3672
7826
12100
3844
6268
16411
8434
16648
7868
1200
4452
14872
4574
11229
15570
15330
13735
14510
12043
8999
10369
12054
16492
10061
12901
4091
13749
12776
4169
2596
16153
11113
8268
8962
10214
14533
5680
11756
9796
240
3621
6593
11555
5903
5504
1133
2065
13048
7208
8744
11231
10788
3792
10384
5201
13360
1691
10797
6390
13855
11066
13905
8298
1518
239
141
1212
7404
6937
10577
2062
2900
3395
14415
13919
11358
10873
14988
16407
4402
1131
3769
16266
15624
7435
10315
6554
4195
10438
16369
4180
13304
6162
4773
9338
16129
6532
11210
15188
1340
3056
1649
5332
6182
901
7680
8259
16518
14674
13644
14889
5330
7679
6402
15818
9050
5605
7453
2849
16494
9811
10731
10489
11854
10719
4434
4650
10483
4015
9463
1675
15294
7157
8385
13986
2711
6063
4209
2466
11026
9803
5312
1187
15681
15804
13694
2560
15336
14797
12504
10335
2369
14710
8518
4734
12060
12971
16287
12700
10614
15519
8333
10311
3284
7274
11029
8418
12708
3054
3392
11794
5631
10930
2226
3600
13475
16180
15603
12461
14586
2017
7898
15893
4948
11971
11219
15134
9419
10190
15224
9845
11993
12278
4290
11072
5038
15689
2011
13199
12528
8429
3994
14622
12297
6104
14312
12390
14532
1328
14491
14749
12963
10603
14155
2942
10230
10606
13447
15821
14494
1400
8261
1301
4118
7331
8347
6855
7540
614
6880
2180
3495
16310
1508
15871
4487
6499
873
13249
2995
10804
845
16307
15936
2326
8331
11379
14333
13084
3102
3036
1229
4503
2882
5460
9134
658
432
15022
11094
14412
15246
5544
12514
7231
14152
5154
9737
5563
11813
12909
14974
45
16355
8971
3887
15833
4219
5176
12210
13450
7859
12419
15599
11561
9275
10129
2414
10465
13478
13795
6547
4274
5799
4268
2342
9502
8410
16541
16325
2327
6835
5631
4651
1108
13391
4202
2923
4662
12207
13312
16520
13054
7183
1067
5028
15309
10905
12598
6654
5995
6544
835
10126
13039
12009
10748
7282
12041
15438
5055
8431
12006
2294
1222
15828
9188
8676
173
12955
10460
1872
8955
12174
9998
16222
6570
1352
14508
4315
15961
4918
11012
4496
15690
14465
13641
4027
9074
5024
8363
15252
2432
11076
15230
10223
11938
10995
4444
8318
10558
1928
2085
7160
8986
2406
12501
12281
11211
4228
4357
104
6611
13795
7976
3838
10331
7868
12601
12354
1145
467
13480
306
5256
14213
7439
6537
232
363
3251
15668
8112
727
14029
2419
6498
14096
9693
15275
14695
3625
8853
11141
7828
9101
645
11699
11605
1950
15595
14949
10118
1446
15674
14936
8072
5500
5889
8821
13129
2600
2045
219
8264
7654
5054
9281
1530
16343
12061
14945
12102
13067
15626
2475
11389
3054
11786
8527
4138
13680
2364
11437
13665
1472
12124
4128
12245
9145
3988
208
10564
8880
8808
13980
10466
6448
11071
11420
9705
5285
8596
4330
15483
9739
13926
10143
12036
8610
3096
1189
2432
7258
11740
16163
9995
13463
2403
16565
6981
4875
12829
9469
15811
11043
13378
2366
5049
10833
2784
5094
990
6100
16045
3395
10469
12439
1215
8228
12297
3605
14934
6195
13340
10869
111
5534
8235
7616
8484
282
12288
5638
10263
6980
7740
15481
13492
8266
15118
8476
5800
14492
9646
14790
10702
10001
2569
1286
10523
16127
9230
11107
13091
6170
14037
12575
14970
15147
6000
3745
800
3803
7027
4286
16598
14707
6578
12079
10916
3725
1299
334
1376
2549
9911
13947
13206
3137
8797
12843
6312
3244
15418
1898
112
4346
7484
15079
9431
9277
51
6311
4183
9872
4743
10853
13359
4344
4311
5647
960
3468
5106
10684
1870
13304
16101
5511
7307
15499
10729
12184
15481
269
9769
2809
16001
9745
9949
16587
7162
16581
16556
13307
1555
10603
12504
5205
7008
2011
9558
10575
14626
11948
11437
4515
2714
6261
14044
2526
8124
13053
5045
5627
14097
13063
3532
12377
5011
9072
11395
1291
3786
981
440
10788
10514
1682
14634
10418
6437
15286
11080
1117
11477
2463
4692
8453
11240
15374
3505
7585
919
6598
5524
9584
15413
14749
11219
16551
12541
13242
9304
2245
13137
641
8692
1505
8801
7654
8065
7028
10199
10339
15735
3950
13469
11163
3535
11087
14411
10329
7631
13931
11723
6155
8613
12618
453
6758
12790
13703
16251
4113
12840
1217
4098
13645
3420
14827
3683
12181
4401
5961
1136
4368
8400
5017
4058
16692
2267
3413
7231
12574
991
9455
8384
10003
11697
13248
1788
2378
5894
9282
13841
11959
9288
10705
15759
4597
12159
7335
2358
10902
11391
7786
5813
4316
15113
11644
6611
5126
6867
609
2600
15501
5127
3778
7271
2860
2172
9515
146
1573
7367
12331
2554
3228
14657
3008
6985
1213
3297
8577
14276
5760
3935
7435
14841
7161
9454
15303
4579
8891
4480
11139
2575
6204
7312
2387
14914
8896
8199
5934
758
4458
10872
2610
2762
6379
11028
1074
2014
6193
11043
463
264
14117
1019
11583
16459
9224
15097
11804
16467
12841
3455
1629
4666
12862
9512
13095
1027
8629
11539
11181
8758
9240
6945
14001
10142
11330
12351
10460
16232
16270
7720
3582
4272
11007
13850
10803
633
7270
7348
4103
3091
7948
2986
4919
398
6392
15314
11425
2129
5883
7914
15376
8040
7319
5221
5947
10758
8873
6230
16160
7387
4941
7585
9155
14116
4139
160
7546
11534
3509
13491
11363
4787
11115
3005
7214
12012
2406
3926
6427
10736
2281
9488
9378
15663
5566
4658
12687
11952
14149
3023
8996
3621
16098
455
1110
10839
13077
16329
293
9057
10164
1214
10626
3580
14883
707
1970
5051
6696
10305
7005
16296
6406
2572
12711
6837
5883
7557
13174
7337
8433
4951
1989
7635
3066
8581
6547
1917
9186
2767
13970
8492
10884
1058
12290
1193
7195
6040
12643
10058
12509
13804
15916
11136
5942
5562
6525
9836
12175
10737
4795
8864
9956
1606
8310
12963
545
14743
14042
12293
16125
16487
7356
2758
11815
7058
14206
1286
2305
7052
4444
1963
5068
6785
32
14759
14767
8377
13075
5563
565
3731
9875
4022
1539
7212
5178
4008
10687
15971
14863
342
7243
5397
2676
1070
6472
12431
9721
15853
1592
11266
4406
10016
7461
10822
176
2023
12106
1228
510
13049
1646
13490
9415
15746
3547
50
6051
8292
10519
2443
14446
4086
9198
14035
1556
12624
13107
10074
13033
4387
10794
523
2750
3879
14066
6438
10776
13369
1587
2277
5000
9961
8047
2476
6645
14868
9118
5354
5175
9588
5127
9139
13505
2339
12408
10322
6537
12304
1701
13627
1448
3076
6737
15194
10817
1421
6867
9753
14324
11586
16264
10357
15475
1877
8320
9215
13069
6632
436
4209
455
9474
16017
13480
1221
1261
11188
8281
14020
6695
5105
7390
1258
3254
1581
15912
7385
7023
13129
10681
4419
508
4248
11122
2440
5124
8713
6008
10402
7330
15779
16477
12574
155
7684
15202
10900
2736
2743
4852
5916
4868
13707
9695
8289
14596
8652
6499
3978
1147
13665
9205
8728
178
7780
3679
6291
8094
3579
4643
14658
9834
7955
234
1153
14668
9455
8248
9987
5107
12612
4906
2061
6886
6315
1605
983
6491
13183
9864
547
15636
3943
12595
10515
1126
6279
12568
6138
1022
15061
3917
7892
1390
6713
7554
4402
6487
6572
12288
10865
12967
2199
12737
7055
12459
4270
7599
7077
4794
13750
3758
12154
15449
5827
2260
7750
13830
4064
9682
7232
15424
3473
5802
9272
5191
16674
4730
16503
7427
6927
14922
1909
7358
15783
13518
5906
7240
13840
12127
6976
5165
7563
4314
5446
11642
13710
4242
9713
1515
13084
6058
6262
16478
11273
189
13786
4981
3915
10896
12573
13127
8191
6999
9031
5246
4014
14655
7045
16307
8849
8220
8431
14086
15481
6028
10272
96
2336
2772
1702
6120
2385
8507
14681
1532
11261
3510
15044
7729
3590
11243
13088
16543
13487
10291
11978
2842
15200
5354
1139
2917
3879
85
2766
7651
3814
13744
2554
5390
103
13883
13751
12065
13522
4723
8218
16079
14234
11663
2741
5256
15464
12154
266
16595
7841
2862
6993
9870
625
9233
3509
9185
10817
1528
7265
11255
1862
6887
4138
7507
12908
11143
1878
15505
7973
15058
14746
14531
965
7828
11432
13345
15583
7637
12565
15413
6565
10418
14243
16545
14267
6751
9634
14459
2645
12750
14883
2804
11008
10656
8047
13432
2386
1721
5873
8541
12393
10639
151
11606
8393
10973
1198
134
1188
16571
11657
14465
1602
6777
14008
8669
16045
13667
9466
12186
16611
3808
1436
5172
15500
8424
3301
1676
8502
15860
16188
14700
15900
6474
9087
305
8093
9039
14962
6579
856
3951
334
13578
11433
14993
10865
6808
9939
13557
5159
12045
1886
1830
9772
5578
13274
8267
4615
4496
6355
2501
9005
15334
10451
10082
8859
11020
12504
6333
13840
4775
11332
12457
3136
14311
13783
7853
9681
4894
5048
14493
6872
6337
9218
5003
7184
1147
14540
2436
11276
6918
4306
6727
3664
10396
8855
16482
356
7503
2545
6743
16507
7200
14815
7392
1931
211
8899
3124
12164
10255
2734
12755
11214
9837
14829
15670
15668
12223
8836
1282
6855
8746
16013
9336
3891
2015
16007
10274
12734
2847
5394
15281
8773
1977
3427
977
7079
4678
1344
8963
1154
12686
14785
1537
15361
15846
9489
10241
8788
4396
12085
15476
13215
3847
7495
12330
1894
5225
10298
10246
5773
8045
2507
12745
14004
6288
6145
13871
13512
1276
14971
11804
5846
6703
14116
16639
4000
10127
14134
8302
10649
16008
602
5415
3713
12041
6392
1600
3539
5686
4840
6287
10235
14118
4482
15066
8674
12097
5328
6958
1092
4909
11872
7967
6986
2559
13347
9327
14658
13611
6139
7084
12859
7709
3671
3632
14780
957
15389
8909
4004
11903
16616
15087
16096
10710
26
15992
9550
5643
14892
13690
4024
3876
15657
11641
1401
12145
10563
16569
7308
8255
13726
12987
8803
9656
2848
15377
5871
16634
15894
4807
2682
10953
7774
4520
10949
14733
16395
7165
1778
16375
4517
13674
6681
15292
11709
4694
15408
6389
8354
3607
7870
12810
13057
10845
3331
6609
3361
1904
11576
11948
1037
10780
8250
9214
15515
1129
3234
4630
2126
4005
5994
8188
4935
8843
13728
2935
10400
4927
10252
14882
15519
5720
5576
11415
5815
2070
11173
7208
15135
14124
16077
3113
13100
4506
14914
10195
8087
4271
12343
5180
9921
8104
3485
6284
197
4855
14266
12581
7058
14265
12637
8391
10244
155
13604
794
16237
16609
14978
14888
1137
14515
9619
2446
12578
15584
1985
13640
16229
843
4405
4850
6344
15031
4206
2145
12352
5946
14179
12999
8132
858
3754
13108
178
15444
1048
11528
6162
10618
9414
15418
7
2579
3925
8807
6713
5342
10374
13185
12039
13021
6789
1285
900
8747
5222
15425
4806
8328
16299
11750
13165
12454
7914
2226
5657
15650
16422
98
11715
13297
14490
1256
1100
9647
8373
1045
3416
2851
4483
3979
651
5213
1065
9640
9218
3231
6938
9300
3046
796
3281
3433
7524
9773
11899
4007
16041
1921
14474
15988
944
9544
16573
6176
1666
10271
3586
10272
11175
3823
11932
15331
199
9169
1602
2822
14811
10826
13937
8744
837
3400
16594
907
9681
5130
9960
5414
3176
10966
7985
1727
14556
12832
14792
8987
4138
13765
8656
6718
5075
16402
7195
14954
11203
5195
2992
676
589
6813
14456
6955
6476
12074
1173
652
15791
7604
16002
1681
7119
14456
5263
14139
16182
523
6973
14124
721
13929
3360
7897
13830
13783
1098
2638
5321
6983
7622
7907
7548
16381
4370
9178
15380
8454
13980
6917
15428
58
6560
14773
10931
6093
2685
15260
14046
9519
15794
7777
1935
4210
2785
737
10009
14639
4112
9819
11453
14844
4377
2520
14551
9654
7018
15288
9965
16618
471
12204
6060
6118
13133
16622
8390
11255
5582
8029
13402
7165
9060
407
15292
6001
1849
12641
6066
13260
13139
13346
16387
14221
13112
3097
8506
10670
3634
7505
2871
14166
16549
13894
5116
4092
14670
8706
9453
5165
6617
1621
291
1245
10665
2767
2864
4727
1731
7446
16038
12302
4465
8284
10551
7010
849
6475
11298
4701
11496
2161
4267
9537
14760
2345
9980
6587
896
5802
573
12281
3979
7268
9017
745
4742
10328
15980
6346
2750
14532
11364
10993
16504
15886
9654
7485
8136
6567
10512
2645
3488
1402
3325
7369
7441
13170
5351
65
2012
9393
16688
13692
4212
6794
6982
10880
8452
4334
10149
1402
3303
975
14911
14921
637
12174
7917
7201
5920
498
10945
8406
12400
2573
299
12986
4827
4174
1986
1846
7772
7206
2897
14600
8920
747
10988
8482
14607
13793
8956
14687
3050
2558
13
13203
9357
5532
2031
9579
1015
12123
9685
2740
5075
8066
3168
9300
5284
3511
15145
2334
4677
14935
16397
8256
1134
7181
15515
7686
6458
8941
1936
6773
2258
6030
14341
7827
5202
12674
9161
7995
5673
15680
7042
5176
5403
5662
12387
9326
13691
8636
8304
86
2677
8724
4381
10431
15037
15126
12706
14558
13876
13201
4581
2250
8964
1009
15901
9905
9790
3554
2468
11254
8503
10056
9838
12923
8959
10621
12292
1359
3021
8018
3789
2680
10478
16558
15085
2921
6033
11845
13128
8013
1572
12539
10992
9343
2458
11981
12287
5681
15733
12746
9644
13665
9812
2391
14046
5518
5488
12907
175
12479
1588
15796
5235
12947
6201
9236
3017
4617
2389
14343
12640
5873
10699
1230
9663
3967
13470
3704
3484
4445
11859
5530
7029
12115
6174
8999
12745
14470
9960
390
1404
11540
4600
11502
4323
4441
14340
13447
3955
5454
14312
14745
11901
14671
7363
2251
2944
1225
5575
12178
14485
15474
13866
1514
648
7489
6028
15667
12240
3230
227
6783
1645
5356
6623
10305
5035
7096
7677
12797
8679
13209
3584
4217
10022
8442
7143
8234
13797
16134
4935
7129
14093
8942
11472
11317
3792
3233
8331
13351
9989
11293
1566
3670
12607
9329
1259
2631
14035
8178
6314
9746
12471
16433
14444
3804
14736
1864
12232
9201
15810
948
5091
365
1132
10310
15718
16666
5410
2891
13747
12148
1058
3694
14711
3069
3736
1948
9859
5866
4672
11082
3725
8566
13692
6762
15802
13870
7745
5426
6845
2984
3443
12141
10366
126
11599
16617
8420
208
7573
7925
13113
9741
566
2553
46
11483
2664
1890
410
11540
12644
8437
10521
11396
11396
1596
13089
4767
3698
15731
2293
11718
14276
2278
4569
11634
6808
1131
14069
2640
1267
10657
12068
643
6722
7397
7515
7492
6031
1905
10349
1789
12184
14898
15890
14668
15644
3921
14379
10563
9011
16148
6686
8459
477
10382
12662
1664
15472
3422
7518
12599
7225
16176
104
12044
4590
10949
10562
1288
12216
1414
5464
3349
9122
10782
82
6781
9024
15606
8542
9833
1809
14840
8473
5961
1485
10316
9508
6039
1706
13602
6293
10153
9936
5881
5336
13124
2330
6180
1455
2752
1513
3015
13234
14672
1944
2113
10266
666
16080
4267
9166
10547
10272
4583
4084
12669
5662
13281
11085
16385
10434
12824
15774
16041
6294
15803
11179
3682
5120
15857
12765
775
12522
12543
8861
4299
38
9360
7598
7977
15227
10292
12684
15989
2637
12574
11830
16488
5718
4398
4045
13023
12523
14241
6684
4515
8543
792
3818
1061
6707
2473
11113
16371
9213
12128
8405
758
8546
9830
2918
15268
8304
9744
8334
7048
11152
2628
12985
7819
290
3378
4217
13054
4927
8084
13421
3142
15199
12996
15877
15268
1159
13793
14491
1787
15176
9248
8260
2677
10005
7535
10253
14694
12846
629
2895
3867
267
7377
14222
5512
10887
79
8099
2691
8267
6762
796
16211
990
9594
13708
3948
14740
5728
5268
4238
11746
789
10618
3051
11431
1755
14562
13670
8733
3870
7114
4492
15242
13880
15652
6819
5511
16267
5293
488
9279
12240
5397
4373
10181
14536
9708
7085
6037
1126
10697
12941
15562
9199
11624
9731
16565
8559
3404
1871
14384
9498
15885
10586
9840
11091
14500
1687
16078
13219
10595
10959
6332
14248
7428
5475
3044
12234
14695
16550
12702
1438
12324
8837
6238
495
4340
9315
10521
5571
10874
10723
7923
9314
13285
5524
1084
14146
2442
8893
7395
1352
784
15263
14020
10888
13608
5331
5984
7787
3119
2068
2098
2209
1138
11725
13481
5885
5282
768
2015
12021
7513
11360
11212
1804
11066
1222
10583
7314
5290
2211
11651
14514
4457
8690
6520
6722
11262
3551
8474
9377
7049
9782
5046
1523
13054
9376
8283
6745
2838
7095
1559
6966
607
12990
15905
11449
13887
10374
786
13999
12254
1152
14428
13565
15154
7818
3135
7558
13511
7029
8787
6551
1660
10909
7039
8409
16274
15462
9684
7990
12853
802
13039
9656
7139
15007
2783
3336
9069
11958
1160
11321
106
14706
12000
4802
12014
9531
3229
1597
6616
9634
4213
6387
14479
4316
15785
13603
16632
3091
6154
7567
6170
10310
2811
10557
10517
2686
13321
11308
14616
376
7995
4688
1911
6876
14399
39
10596
6282
16000
13938
12948
6707
15059
12879
13094
8728
10870
11138
9822
849
14520
3443
9500
8507
1515
6055
755
7789
6381
12178
15722
6347
16250
1743
2811
13071
8651
1341
15048
305
15767
12289
3318
10875
5581
2352
11149
8556
12279
4234
2213
9926
12443
8652
7896
6439
10280
2234
13273
8549
2150
1189
3753
7810
8087
15869
581
11962
8311
15857
5412
12040
12361
7692
16275
16559
14926
10935
7405
11508
10515
13515
13880
6284
723
9920
4474
14549
10790
12620
9831
147
10665
3059
10683
3217
2496
9430
10836
8061
5512
6261
13715
5069
10400
13579
7230
14431
5700
15107
8151
10431
11902
4017
2037
11522
1142
3349
4305
8029
2497
1758
6790
561
4845
3585
15889
13173
1994
14988
1553
15125
454
8698
16061
507
10142
9361
14672
15391
5649
13823
13903
3377
1377
10919
12027
11602
15278
1161
2016
6646
13175
3450
2286
11811
11421
7321
6756
15398
12477
9987
9590
15598
14648
13259
2633
10253
12823
14390
14928
185
14780
16017
3972
1345
5604
2163
13761
14579
9684
15814
12303
4050
6925
8940
4714
2172
4313
3937
12333
13546
7703
6229
1599
12580
11923
4991
5926
5075
6622
10836
15222
6726
4774
15546
2926
3064
13281
7006
10617
4640
13641
11808
5081
16617
4560
9002
15418
7193
15559
3837
7207
1872
11341
9770
3191
13510
13533
4486
15973
16076
3198
9767
11513
7048
3153
7728
3944
4735
611
1554
8164
11845
5007
10928
906
13664
5658
11855
12778
16010
3113
1425
3918
8614
4231
10678
13520
10342
9793
7000
1204
11973
9831
4359
3350
5227
12181
7119
1579
4081
3359
11240
10759
16627
11896
944
12859
9220
2999
10873
1786
15513
11456
15969
6095
15380
6446
6797
5454
12199
5372
7906
2946
10377
10803
2085
12540
10121
7853
13111
5050
2858
1924
8549
1631
13016
15216
9235
1028
15216
3493
12557
6237
1366
9174
12840
4187
1438
10622
11142
11225
8340
5957
13899
13900
9897
13605
12474
7308
6031
12744
1275
5106
7885
321
6556
10844
16248
7434
2037
6879
4250
2506
6263
399
12605
13731
7701
12482
2831
12076
2159
4600
14937
12615
6927
10212
9926
5860
9822
8845
6016
10349
3202
475
16396
12348
11419
9031
3217
6172
14495
2414
10942
744
7004
6048
13435
6068
13778
6229
14162
11015
823
10513
3462
9167
3038
9508
5125
16612
9169
9574
3261
1931
11819
1081
8205
260
5828
4150
12369
8215
10439
13759
5971
980
13404
11849
6402
8191
14190
7224
7629
340
7701
16220
14085
4823
9948
14660
11862
11285
3456
3115
8442
891
6684
9540
4093
1364
15708
14227
3928
12193
1664
5254
13040
4512
14289
16536
6016
9137
8771
4631
11163
7883
11508
11147
2371
12917
15891
4887
2628
15382
2733
9605
6911
7144
7284
3685
88
4921
4531
11672
12443
3516
5298
1341
10160
3962
8131
12461
5192
8598
6098
6725
6020
15485
4699
15296
15650
12828
9074
8585
7367
12248
1070
6616
11692
3898
3866
9003
11286
4969
2787
3990
14755
3793
2164
234
7768
757
11260
538
742
14653
13224
13184
4331
8593
12139
6284
4789
12859
10213
12910
2600
13311
1832
5370
7324
7882
4775
4695
11683
12768
13393
1567
12730
12845
9716
14347
2596
4239
13812
256
11439
4122
15849
3091
7851
4897
3267
8415
13060
7087
13136
11213
1749
2434
4866
9019
9461
8380
9606
238
12194
14660
5243
2380
10187
11228
16343
13903
6904
7472
272
15248
8558
7536
9637
13581
5467
16422
14835
11363
10130
2141
10683
2824
13641
12727
4526
1156
4646
1716
7027
14931
13659
13788
2968
9966
11195
11021
5918
15379
2160
9218
6327
7124
3641
4174
1036
11747
5501
16253
7972
12671
8918
5734
14278
10397
5372
1254
9339
10425
14309
13143
14193
3173
6717
4051
9758
13723
7148
13211
14129
1724
9661
4582
5184
10819
9230
16551
3960
13193
8992
11036
2161
5438
15009
11220
6289
11887
2929
2652
5877
7154
982
7044
862
13923
2239
5113
1170
7181
9666
1649
12142
13792
5665
4334
15966
11037
4491
1265
4700
13450
4087
8899
9750
11315
12875
15761
13208
7559
14791
9775
8600
7917
3118
15397
9877
279
13773
1329
3326
12099
8536
8640
10298
9068
12637
6848
10272
6860
14319
13266
13612
816
458
8369
5737
8242
739
4570
14151
9747
2861
7740
15162
6656
4941
10415
119
7156
5494
16052
13034
8006
6570
4740
10257
6130
13138
3405
16627
3506
5230
13659
229
15204
15986
610
7210
1998
3915
15005
6896
11678
12832
7175
7892
13712
14076
4530
5586
16024
6857
8420
15443
7279
15874
11040
685
16333
14943
12163
8391
8924
6544
9935
14098
10548
343
6623
11589
3635
4224
9560
355
7512
13060
13401
3155
13621
9244
6764
4271
12895
13682
10208
6103
15653
4316
11504
5699
14166
2651
11405
3005
15406
9081
11125
4224
6865
3518
2918
14332
6965
849
9507
14179
705
2977
12418
108
7644
8135
9080
187
5201
11675
6350
16150
4283
9773
5407
13239
11879
4181
15844
1339
13869
16498
2883
4575
6147
4256
11596
10013
1310
6115
7850
8392
1262
6096
15827
10196
10419
13539
12203
5487
16239
8640
15337
10157
297
14506
6654
12185
13899
5399
2504
9006
9574
5354
11398
1930
2027
6047
15298
9188
8852
5785
5229
3432
8586
7431
16280
12192
13391
1128
4724
3027
4709
12683
13209
8405
6816
12617
983
1245
12855
2128
1271
11484
14103
8778
16024
6639
15306
13231
13258
15745
5106
16164
14236
2378
8081
4675
14408
16284
1051
476
7226
628
8604
13755
842
2400
2498
15217
13152
3917
16305
896
1043
14931
3661
3484
5126
4579
6574
5601
9248
14690
246
7857
13405
8265
1251
15222
9801
10113
1826
7597
14899
10158
2579
7835
13869
6817
15924
3176
12662
3939
902
10340
7744
6074
10847
13984
2520
6161
13623
16026
11565
13586
5197
14860
11624
14823
10695
13268
492
265
1630
4588
8080
6713
6520
951
6104
11325
9482
6635
10518
7884
13130
16015
5087
4633
8161
11925
7745
433
12289
15638
13175
1939
4237
7205
7335
4961
14747
15920
13999
7938
3721
10382
1963
8028
13101
14816
4797
11652
8349
8669
3194
4713
6556
2424
10492
2814
14777
3241
12774
399
12766
4076
13862
7844
16457
1598
14319
5074
6135
9676
15074
9536
2103
13521
2866
9946
13627
6527
10759
15651
10475
1463
6905
14405
16548
11304
7906
6835
8525
6329
3654
5530
9279
9373
15654
11259
8592
12813
9575
14357
4168
10898
6490
1897
13484
15219
3723
4792
9843
1638
6790
5551
11414
1157
9486
6247
8099
11236
7614
1504
4634
16156
5093
8389
5154
15030
6668
14792
10270
12056
13529
1381
7851
1067
2294
13075
12840
1096
9382
14032
7802
7564
1609
3742
7237
14022
1981
16278
2268
3363
567
2105
15123
10892
14449
356
16544
14422
6907
5172
10096
2212
8093
13181
6114
3943
895
1612
11144
10272
16522
8033
4803
7061
6525
5532
5968
7955
2861
413
7986
10459
10065
7328
10061
12610
5886
5140
3832
3407
12260
3205
11569
9836
11656
1731
305
3583
12780
3096
11639
536
12913
10748
15049
3876
9488
13379
2059
12505
10698
2138
12457
14095
8580
3349
12356
13302
10511
6335
3328
10541
12994
6651
10687
3431
5744
9508
10765
11474
4259
1032
7603
14739
13346
12405
11990
15189
1510
3757
7917
6905
15383
7363
227
10023
4842
5648
7499
15181
14559
3128
10179
15401
6940
1391
529
6196
13628
3729
12287
5149
11916
4356
297
3648
16697
11534
3104
1064
15839
552
8196
5402
16534
841
3590
9716
446
13762
6422
8799
10554
2738
8201
7328
3879
15760
14110
3308
4942
4341
4463
4680
2227
2918
5713
1186
8580
760
8127
6974
10005
16599
7573
11279
7670
10617
9266
8683
4293
14266
536
10083
41
6881
14066
6567
9996
5142
9484
12669
1938
9401
1216
1911
361
8883
11491
13746
183
9598
5585
9973
13748
11736
3040
802
15232
15881
9107
8687
5587
15588
7714
12905
3149
7454
15847
11563
7996
12702
9291
8157
13861
16177
1729
6482
5302
9187
8802
11878
2197
10337
2257
6405
3966
5131
6892
16304
1061
2191
5405
14845
4190
3993
13409
632
4412
7960
6806
5319
16105
1120
3188
6327
15344
3872
7117
7541
15323
9254
5201
754
16555
1194
9889
10434
10888
12573
13305
11652
12455
15501
39
9909
5544
8588
14217
7179
7112
14273
13730
11072
4147
14030
15664
14032
11449
11763
6755
5219
11528
10035
13480
1994
7966
5795
7631
5423
8658
1215
1967
9569
8722
4018
239
7552
13213
12609
12341
14675
3786
10449
4582
8159
5216
10714
6552
8087
10431
2945
16632
10150
13255
8642
4909
14994
10557
11662
492
10247
2110
9453
5080
237
3756
6347
2150
9200
13258
6706
6420
2029
6065
3726
14669
11760
8952
3190
14128
3903
8498
708
5353
10362
3783
12635
10924
10200
11633
13039
8088
15611
10735
12591
5025
9931
272
13039
14514
14029
6576
4401
5199
1356
7911
10564
15967
1636
7348
3802
7959
7070
12857
11787
14563
12332
9150
1334
11139
4293
7094
5373
6617
3643
11424
1799
11550
5458
6518
15808
7143
11271
227
5832
15134
10565
5947
6541
6562
2468
3234
2387
16618
4352
1446
9578
9944
12555
2971
8041
8724
7826
10803
12856
4725
11061
8285
8998
10308
15033
3355
12798
15090
5459
5348
15123
16441
8724
5098
11246
10896
15748
12969
13819
661
2313
301
16258
3238
3208
3450
13202
3497
9410
11096
10157
15525
15777
14412
15049
11717
15922
3891
15336
7774
5256
13479
2300
3466
15263
11282
6894
5559
13525
10468
8688
14857
16090
12719
11852
14887
10349
16299
8192
3708
9534
16678
14150
16240
6019
3672
11784
14331
1126
10669
13318
16092
15679
12630
13188
6714
15845
12268
5707
2417
9679
14005
16576
11435
12895
11408
4421
12604
1415
14216
2492
14459
10233
11192
5281
4465
5633
3268
7522
11120
13578
4713
9368
113
7475
5181
12567
9841
11159
10967
13560
14722
4799
16510
8182
11637
3236
2123
2274
10481
3574
10173
7395
4004
9929
14075
12815
10346
16263
12536
6866
11153
16305
16649
12459
2548
3308
15840
9167
10248
3725
9879
6696
7537
12031
5077
16439
4198
427
7337
11870
6818
10496
4626
15769
3810
15838
461
14529
15515
15371
13047
14665
15138
9218
12132
11726
815
11572
15946
10733
9108
2063
184
12183
13629
9225
10998
4946
7461
13269
8039
715
12624
3471
14685
11345
9286
10904
5136
14302
15310
8109
11783
1149
14138
4504
2280
4042
6228
6146
2061
1824
5351
883
7140
5601
7492
7766
4229
15090
16603
6335
13819
3056
14012
8301
10287
10693
7119
8601
15911
2589
1113
14496
6904
12406
2494
24
364
14187
9896
9369
15390
13638
15877
14133
15667
14445
4536
1096
3037
2573
8524
452
9055
1339
13337
10766
13527
13850
16398
10784
4976
9438
5700
5142
2295
12153
5243
4065
12540
14638
10028
12164
2127
2335
4911
4426
10361
7485
9424
16371
8409
14435
3875
13584
16170
14269
13043
5916
3986
5768
9166
14343
8227
14272
11010
5931
330
7827
5171
8949
1710
14040
11972
13045
4271
5917
7292
3104
9038
2001
15200
5511
5371
6240
7427
10232
7696
13832
1279
8337
5321
14247
11591
5906
14348
13273
744
13670
15167
14708
9823
12824
10391
13111
9691
15419
11464
15754
15854
16437
4235
11139
9287
917
3469
435
3188
1328
3507
16506
1244
14077
10857
11142
16488
8997
8342
3006
4464
11649
6508
5674
11829
4368
8548
1710
11917
8891
7033
8836
15744
7648
4457
16137
11273
15801
4596
6027
12998
1047
10559
1788
8235
5777
8172
16341
79
12760
794
4942
11686
11229
9713
5689
15486
888
11852
12741
10106
10754
14994
354
10973
16583
5240
1998
4068
1114
14925
2222
11548
12322
12647
14105
593
261
8574
5899
4752
6138
4913
1139
13193
7108
6993
3442
13992
12548
6001
10399
16115
7376
6445
2808
7364
1704
4246
5280
10571
16373
5542
12572
13455
11735
16221
1986
14118
4452
6548
1367
9529
14257
10792
8511
11997
10203
14996
7810
10774
4517
62
12775
10219
15983
13502
13483
2365
5972
11632
11424
15416
4494
13572
4041
13694
6923
6958
12873
7301
14815
15873
14959
5002
16353
1144
4114
16621
15350
8075
4746
2263
12237
12492
10377
703
7417
13990
6237
7908
4523
2816
9634
9137
14198
16034
3033
9138
7728
4562
14068
4855
11217
8941
3558
12634
11487
9172
6775
9111
9225
15437
1504
13913
7514
6653
9833
4571
13836
181
2796
6671
7016
1286
13375
7457
12480
5017
5652
2970
13111
822
13852
4903
6799
16541
1928
8838
3890
4033
7328
12932
4849
10503
12554
4030
15
7042
16179
9406
8415
4957
13579
10106
15880
15251
15202
15425
12954
10295
5787
6473
15821
4813
4949
1305
6352
12059
5881
7024
1331
2787
8122
16548
15451
14251
9841
5414
16255
13652
8294
4869
13605
9282
542
13162
8466
10295
527
10352
12174
6472
4063
9441
15253
788
4871
7141
15347
3384
15915
873
5778
7512
5839
4928
15704
11447
473
11266
7217
6606
2186
1144
9808
2050
5368
4153
1635
1544
9274
3241
11424
10816
6175
1379
11872
11428
15342
1482
2348
4863
13973
16421
9813
8022
1567
7937
15109
15059
15111
6062
2353
10850
6293
5008
16016
11368
6810
13300
4056
6548
709
4717
7558
7378
1566
16557
5945
9857
671
6625
10932
15843
15198
13918
15909
10196
9733
16376
10481
9662
11220
14008
7871
10708
10766
10758
10770
15866
15076
2009
600
5337
5228
13524
9158
464
2267
14697
12194
9945
12023
12149
4632
14079
4514
5612
12696
8767
1797
5639
2598
9316
11625
9484
13457
9639
1914
11972
741
1509
15048
15509
12552
1795
1732
7914
16111
1578
4357
9949
5007
8259
16327
12241
9269
7720
12323
13595
7296
11575
798
14314
6967
1633
11881
13013
3274
10075
11390
15514
12964
13183
16371
11337
15817
2651
2553
10335
7266
4059
13314
15559
4845
6057
6452
3386
14755
15204
5607
3578
9268
15650
6017
7942
12571
1219
10039
10703
9612
6499
11572
10445
4690
7374
13785
4321
5783
13450
15855
10196
14442
6297
13090
14998
15764
14670
10185
11333
12870
11743
5520
2595
6446
8400
10630
4596
14752
1661
10544
14553
4005
3335
4296
8276
12976
7622
7545
4553
9778
16332
7788
15204
11243
4591
13570
6462
15210
4448
10614
10643
10094
14024
6343
1344
11613
2676
13787
10598
11803
11543
11248
2651
4192
8974
16143
1684
125
4779
8301
8457
4332
9947
452
8866
12263
478
7835
9601
3250
3709
15062
15038
16573
2902
743
5498
5158
14974
9446
11098
8169
10060
10988
4655
12579
1506
13909
12927
8626
4922
8265
693
8849
1465
493
6467
28
8135
6994
825
14255
16305
613
7746
8482
12217
4190
16363
6024
2671
11185
900
10515
9154
14366
2697
14157
5257
2673
1313
1799
4303
5789
12344
12956
2074
330
4122
12936
4917
8973
6855
15095
2805
12527
5164
298
13815
2879
10498
2122
1455
5986
1054
6545
6260
4180
16134
13256
2892
12377
16230
8933
14015
6762
7779
7922
5324
10969
12121
14415
6284
2942
10267
12361
14722
4377
4840
9298
4135
7474
13876
13341
13414
16518
4891
429
11922
6537
15606
11882
14238
2936
4574
12484
7992
15955
6967
7886
9318
16350
12290
5210
4777
10916
12449
10996
14735
9710
12867
4521
8192
15002
6433
2597
16365
12759
12981
13010
12689
1225
4047
13731
4585
8134
6653
2324
12756
15757
3105
16606
1137
9090
237
5262
4962
10765
16003
3038
13465
1693
15847
15187
15786
15864
8610
9562
7809
3976
12371
3146
9342
6729
9301
12825
3679
8583
15969
316
14858
1833
15227
6987
7588
1770
10934
16511
1416
7771
13018
10172
8576
5665
11103
12789
6427
8008
9544
8562
9499
2905
8083
2563
2931
5984
196
3247
3457
5396
10458
13544
7082
5393
7965
1882
620
13130
6880
13029
7569
4861
9219
9220
1827
6882
4006
12536
13468
8793
6633
448
2631
6264
6327
6912
1973
12461
13554
11304
10516
3168
11518
16288
11335
1436
5393
2284
14119
8312
10221
10490
3305
9205
3208
1235
507
9194
14305
12904
10804
15888
8364
13768
9117
8197
4338
8514
5801
6411
12365
11503
16503
11143
8444
1825
13566
15535
5335
6418
15652
219
2453
12749
10674
12698
2713
9337
7464
2311
8695
13949
13996
11872
11030
10019
15145
3565
12788
10348
14146
152
14458
16000
15394
13568
4884
6948
7476
3633
4133
10533
8728
15310
10359
367
3114
13602
15562
9857
3901
8441
5120
9608
10550
220
10733
16295
6
5857
14208
14688
9865
8008
3875
487
14288
13950
16008
7250
4895
4211
9323
8994
6635
1760
16610
16445
14542
13089
12784
6175
13413
2237
6809
11791
6950
12533
5744
758
7409
3349
15320
6578
4769
13355
5179
7408
5785
10325
6258
14866
16265
16517
3521
2543
4981
12655
4770
8821
7879
15275
5113
12302
12417
11324
14584
8913
9168
1829
12578
12755
6728
4668
9169
16233
14395
13116
14657
1941
14242
12347
3688
3670
7680
1066
2193
179
1052
11715
4678
7514
8098
5505
5313
3018
8795
7654
13600
13903
7216
5004
11857
9518
16198
1772
9783
13862
12531
1098
3807
3385
579
2177
9657
10573
4179
13749
6895
5910
7863
9474
9099
9608
14487
6099
8816
118
16519
1132
6606
16616
10922
5714
16169
1398
4326
15014
7124
5110
15852
6232
7477
14573
5583
13572
16563
15798
2054
6092
5854
12541
3644
14416
55
4905
4762
5047
5407
11078
7424
1543
7976
15149
3899
300
7280
9303
16519
16457
15559
2089
8332
14385
3085
11352
4869
8904
12675
14734
9754
15626
8035
121
16398
14552
14307
3393
9221
677
12034
14704
15156
15995
16625
4736
641
9584
4933
15441
95
4198
4292
3785
12175
3209
13452
2740
290
8713
3363
4976
10500
4045
2017
4419
530
6924
13136
7243
3161
16504
2229
13280
7077
5174
8887
5159
3724
2741
6574
10157
6075
8876
1341
6417
13556
340
9263
4829
2827
4333
8410
8022
4962
9520
3971
2061
3254
10974
12963
1644
1065
11064
1850
9638
16308
11809
46
2728
4129
15656
1130
5542
14226
15486
430
9671
14221
9478
1819
3341
15029
1052
3883
12978
1742
16337
13017
8724
5255
6692
9321
9853
13065
7496
5648
438
15785
1802
3156
13284
6294
7897
8606
16303
10570
15744
16436
8298
16060
13475
11951
6410
6350
12110
9715
11137
3269
8667
2103
4155
10365
13250
12815
9569
1277
9128
7999
11173
10403
10409
5321
13762
13862
841
12351
2456
1255
15977
10725
7307
6165
1562
1711
888
5586
10939
3601
8155
7752
9604
11292
11494
9964
9371
8663
4299
4486
516
2509
14777
3107
8446
15236
12634
4112
14410
1460
15292
15175
14526
16642
15029
10142
6310
507
7696
10542
10316
2421
13081
7400
6907
3028
8054
5594
14795
8342
4448
1154
76
2166
6913
11980
10579
7673
11208
14529
9431
7120
10904
6356
10945
13363
8019
9317
8712
3788
6054
10098
14493
13783
7759
8159
12140
8956
1572
3902
12346
13609
3411
14536
5034
1003
16510
12244
14100
9852
11539
10766
258
13136
2611
6205
16456
15160
1944
243
13128
6628
7388
16573
15408
11775
9591
8484
15672
5392
10813
12522
5936
2028
8010
9570
14592
5371
9999
7429
16302
9741
534
8992
10850
7213
4523
15763
3358
6699
6014
811
1165
3204
12294
14034
4523
9296
10073
11989
9806
2747
227
10303
7061
11611
3377
13520
10445
12148
7620
5706
12814
12206
3661
13232
4627
14438
15980
7361
2711
4141
4653
9088
2682
13739
7985
7499
5117
8158
11233
9459
12297
3057
9838
15060
1436
3987
9505
12609
4479
10626
4714
466
3748
11185
12566
1406
10531
6605
894
14347
7484
4766
16335
2839
10382
3818
4166
14016
10566
16038
9659
1620
785
8594
16322
15491
13164
16327
2577
15740
1686
5715
11462
2497
9254
7967
4256
5215
1940
2863
11553
9521
5833
8656
9001
9244
12674
811
14086
8669
1597
15782
1005
2516
4571
1769
8775
7629
1034
1477
4364
414
7615
15016
8075
10534
12523
9828
11491
5621
5361
7635
8916
2786
5099
1059
4880
8120
15506
13745
4401
2319
6193
1231
4371
10619
13321
10740
7522
8969
5916
4019
4201
4379
15129
114
14370
4921
6502
11616
2727
2263
13175
255
10484
13999
683
12410
3629
2150
6776
4095
4990
9990
3492
7249
196
7891
15367
9219
11375
4368
2678
15042
15539
9353
9945
3553
5335
16364
2411
8650
15227
9289
15835
13275
4697
14406
1254
2658
2828
929
12586
12460
13858
6412
6756
7503
10447
16357
1552
4422
13981
14597
4837
8794
6654
5098
1603
4542
7676
893
15590
14941
14900
12322
13205
8284
3029
6526
15001
4769
9208
8894
4754
1320
2622
15901
11445
10752
14281
12399
3534
15127
4372
5406
745
4218
9084
11016
15652
2545
2502
8002
12515
4155
5274
10149
10964
16024
2189
591
7069
5720
2022
104
15025
9594
4529
2889
16161
231
6327
10965
11265
11364
7187
11603
12000
16109
11583
14539
13003
1590
5317
11381
15134
1720
14006
12676
2578
9667
12918
9331
5547
13924
3643
2447
627
6300
7118
7324
4592
6615
517
2106
7513
14642
13717
2459
10181
6127
12660
13877
15682
2044
3830
2546
3991
6360
6015
8175
9284
15150
10592
13967
12395
4665
8737
2432
11162
6377
2996
13752
4410
4773
7656
1634
16357
1688
3423
10493
12070
446
12183
2614
9217
10941
7743
14643
14791
15344
8122
14079
15461
7276
5124
3228
2575
9091
7262
8604
15599
4076
10989
6457
3479
3942
8244
10822
8937
5583
16095
12742
4611
1141
2633
13336
5653
13038
1283
15246
13785
10136
6740
3233
14874
11153
3512
15399
7388
8105
13712
3409
7618
14854
345
6297
2898
15512
11205
15014
508
9964
2918
10972
6950
13499
10711
2772
10016
11454
12142
9182
3452
9412
15453
16247
6740
549
12112
9981
8177
14299
2279
14078
1747
1045
9024
2848
11417
9057
12555
8641
9926
3414
10167
10556
14394
5420
4117
16208
15956
6367
1668
12543
1956
3186
10424
8632
13124
7700
401
5279
13284
16634
1965
8251
16592
14013
16144
8053
3422
5445
5761
10539
5679
9930
5280
4136
1956
12194
1218
6706
603
4433
15227
13038
14419
6023
14597
16204
12695
4574
3452
6010
10071
7410
12876
440
9465
10501
14393
10248
14489
15744
9341
2658
679
8554
12962
8831
4749
15942
13268
3623
1249
10157
2869
656
2660
14712
15974
6656
13085
15374
3758
13969
4913
7275
9933
12870
5551
4471
2638
13278
3506
2269
12335
9715
3708
7932
7025
16174
15280
5596
13797
489
4672
9429
9453
8960
13249
10501
14453
9564
12400
12123
12855
10070
12813
380
15550
7784
11343
12116
7513
10903
13285
3818
3060
12686
7164
5666
10742
5323
3968
12589
1628
16358
4592
2336
15789
14449
11037
48
2552
16521
1460
4291
9717
15972
15224
2109
14341
8979
3015
1011
2167
3149
5319
10782
1304
13566
12706
10305
6111
12042
15206
11569
5088
1644
13341
4507
14994
8881
5965
5981
7095
908
11392
12995
2489
5124
6262
3447
2279
8288
6007
16039
9847
9766
10193
10716
15249
14244
4631
14775
6544
15997
11865
3136
12565
2796
5573
16070
11695
6837
8944
14580
14856
3933
10809
15739
6042
164
13478
13833
941
3791
6821
16545
3593
10107
5297
4538
15950
7679
4806
3096
8245
13478
8290
10155
4432
9560
16201
1823
11937
7166
7104
5294
67
10071
6769
7290
13103
1045
1448
8455
1220
14527
1439
5213
12823
8582
4180
7490
2504
9870
8603
5027
8265
13782
5237
5658
10083
11843
4993
14415
13294
11317
10706
10432
4134
10451
13422
380
3961
9642
16316
3154
5077
5834
15017
13280
16057
6575
11771
4734
7969
5272
13328
11861
12751
12681
11737
8717
11836
14568
231
7454
11265
4873
11309
14157
6741
7644
15804
11741
6752
13303
6045
7091
491
6135
6880
7356
10829
11532
4206
11758
4093
8307
15573
10482
13033
9120
8482
12939
2946
12032
1994
14353
3346
10301
419
11039
9583
13628
13841
11764
13242
7462
4041
3987
5507
13534
14279
12672
6883
3199
14499
5704
991
11992
16390
8281
4655
3733
7987
14910
15032
3917
1546
14096
12449
14824
38
9541
15796
5320
1412
8995
11518
9200
4941
4766
4319
4391
5530
6897
187
3966
2948
13474
3216
6681
11706
9951
13327
11659
8392
2543
13616
6850
3286
11394
4560
5286
12
11258
7696
14786
11491
3216
9510
1001
15550
15290
13426
14131
500
1306
5080
9499
14191
3588
4370
10818
14373
7909
2593
8600
14325
401
11492
10182
15484
14468
250
16604
4964
3149
3055
10763
2476
8849
5791
6605
16450
1009
4996
269
10951
8197
350
4210
16295
4558
15558
8512
10522
9155
7530
403
12522
12679
13724
1395
5336
2750
16313
3259
8290
15696
12563
8994
12117
8261
8187
6702
13315
12355
14863
16553
14597
6219
1300
12496
7835
6536
7437
2607
2296
1108
1542
16251
16484
9207
8707
4276
253
15618
6770
9252
11391
15236
10673
6344
821
10862
4535
11427
8124
7929
6257
13903
10201
5888
1073
1832
2997
883
16401
12224
13682
11869
9268
14670
10099
14154
10417
12812
14712
8399
11261
11481
6815
10191
4886
7977
11776
13800
743
7572
7440
4659
4034
11247
7126
5362
144
13348
16554
3238
5333
14111
6321
7550
13228
12358
2084
2138
15124
4043
3275
11304
10380
12242
4033
12580
4534
1886
7521
9549
13180
9259
9653
8882
987
353
11282
1005
12013
12912
11907
7151
9914
4432
10876
13192
3755
4886
1394
3683
14542
3625
8986
11505
1130
15991
3228
7952
2617
458
11810
493
11342
10058
2265
14762
6785
717
3218
5881
1431
9161
15632
3674
2527
6152
10936
13566
13067
9054
16356
5975
11628
10813
3767
2699
5290
6424
7240
10220
1219
942
16489
6656
8269
16408
5708
6484
85
3276
12169
2300
16323
6514
12102
2084
1614
1911
12340
4637
7191
14642
9181
1034
9361
1142
5751
15915
10358
4182
10927
10429
6863
12288
14554
260
11080
4075
2850
11074
10293
1770
9713
15058
1265
4279
11601
300
7268
8069
12425
1405
13496
4797
15542
1356
11622
4695
10958
8253
11428
1208
10882
13114
7287
7369
13206
14167
13463
12772
10751
9692
3076
9973
12849
7280
7142
10239
15512
8794
5789
4077
15280
2255
9777
8555
14181
15385
761
747
15563
7343
15139
3931
10031
2115
14787
15339
13485
13246
16058
1308
15390
15992
1480
3821
9131
3244
538
12382
4101
785
2387
6
1540
427
3618
14153
11102
10353
32
4489
9149
4539
8138
1893
6452
9017
15273
4290
2034
15480
2284
15507
8042
5664
13360
12338
7992
15349
11940
3501
34
16311
7009
6345
7140
15349
1052
9346
6451
15347
10854
11663
10416
12750
13126
13867
11346
15745
1201
10935
13494
2706
12635
8669
1010
14838
13703
3316
1456
9293
2611
13679
16158
3372
7233
6274
6552
5711
5822
8221
16268
5604
12677
7118
8772
6108
1174
13747
4262
7344
7548
7096
15459
12182
13810
2470
4081
8060
12958
14392
114
4609
7691
5204
8078
6571
1602
13116
720
2234
9033
634
1504
14209
16288
12053
2329
13122
14598
5719
6830
15097
1631
4238
7491
3913
932
3395
7840
4734
7182
9724
10059
13162
3990
12791
12530
5710
13053
336
4537
11004
15513
2341
7878
6029
7492
11129
13013
1113
13541
10556
1157
3657
2742
1682
12802
8243
4281
8501
8769
10923
548
13701
11892
12260
4231
176
16300
15472
8602
10515
674
2290
7813
9101
7799
13055
13365
88
5167
14334
7228
14931
5135
15382
9747
3820
6283
10774
7936
10884
12002
2543
13439
1293
3917
6756
10195
16101
14813
15773
5167
6580
521
12961
10947
2490
15956
11237
16015
13077
2306
12640
13242
11496
5225
1237
15272
8177
1807
12131
14328
10178
15559
3226
11973
10356
6103
4450
13883
15479
8498
6659
2261
1403
8091
9647
12394
3857
16426
7136
6602
5994
3731
6063
5273
8816
8897
673
15951
4056
6080
1662
3170
12040
1486
10823
12238
6242
2351
857
4194
11899
8081
15780
3771
4010
14460
14328
15090
8554
10167
4881
11696
1195
5232
7319
15855
12503
12183
5539
16115
15340
15013
131
1448
13076
4390
2205
15002
8574
13882
5072
6169
5551
6248
4459
11195
11316
7189
13080
186
15075
1110
7882
15448
10674
9355
5127
5640
10688
3293
14664
7881
8172
6848
4301
8216
15521
10725
9183
7685
5630
9845
14973
15396
5890
7626
5310
6927
5148
2294
2060
8180
14043
8411
6966
12587
13909
14783
12908
6072
4552
11126
13620
5761
3479
4230
4599
8406
12925
8806
13600
9271
5080
8757
1725
4950
2433
11670
5695
14016
13048
11210
3973
1292
5266
9561
1824
844
6405
7877
12424
638
752
16000
11234
4714
1894
2422
14124
10047
9072
5345
3027
442
5764
1375
5475
9074
9636
13924
7429
11290
12328
3888
10137
13501
1748
6196
16512
8582
12270
11496
7852
4381
12716
2351
1734
15216
579
3076
10247
16117
13929
5955
10652
13206
8010
1404
11764
13182
288
1286
8966
12807
13423
3019
10061
12070
6908
12032
7053
6906
11996
8617
141
3090
909
9060
11751
15255
14088
13554
1558
7659
6227
9059
8093
6628
9777
15381
16060
3038
4833
12604
16365
12283
7397
217
4063
11212
9669
16617
5341
9994
15516
12903
5517
10448
2557
8747
6687
6587
14134
7268
348
13242
7145
9663
13781
4898
12888
11000
15806
2738
9339
6241
1444
13052
7142
14209
15014
11678
955
2002
12002
8229
3222
3796
16683
7812
3033
6436
9576
12983
16007
16246
10611
826
7888
5960
12752
15779
14239
10121
12082
5011
15498
11849
1649
8579
6515
14626
10991
5972
341
2166
6739
1340
497
3073
13195
14962
6046
10379
341
6349
6651
7592
12973
12080
7537
14398
15278
11793
2371
11818
16077
4535
7584
12050
14333
2540
10770
7502
10688
1170
9795
1560
9451
1632
15611
15590
6573
14397
8264
16292
15501
9476
13865
84
11231
7611
2349
15925
3225
12397
9614
9470
9578
9714
9776
140
12816
7354
6670
8316
13376
16298
7261
5738
4932
4243
6282
11477
7242
11528
14904
6198
4415
15399
15635
16668
11549
7801
7689
6953
9141
13414
10824
13101
7590
15926
3160
1735
13596
15060
15225
3889
9352
8108
9366
1941
5956
1203
7401
11782
8238
16624
12219
4001
11960
660
6607
8804
7315
3956
6008
3456
7256
16329
1863
13774
13404
14269
1343
3925
5146
10970
11271
6783
10770
6069
4282
15429
5221
16602
9341
13358
13530
8372
9522
14616
9353
7625
11669
15217
15081
1614
2359
11632
9025
2792
5220
3157
760
50
9656
11829
7468
12563
7794
10657
4411
5304
5862
13445
9061
12656
10579
8993
142
8778
16333
2387
8837
7247
6683
2812
12113
11157
12305
9830
14357
14275
1436
10080
2057
3789
4690
1021
3301
9065
15197
1321
11069
11316
4210
9468
14327
1124
193
8125
12617
5236
2328
11662
2822
1033
983
5362
4385
15473
14469
9179
7280
3301
16084
1173
10440
8242
9886
14651
782
13498
14925
9104
2928
5490
4426
14578
957
14447
2867
15134
5006
1936
12236
11295
5442
5953
3059
15877
11423
1381
7077
16034
7191
1728
4633
7697
1721
8671
15646
11782
12078
6075
16016
13448
12752
11328
9693
15339
16521
2236
14930
9079
5893
13647
16085
16106
7571
11491
1497
16641
3813
5520
12261
2306
4845
12664
1658
2183
1190
15820
10372
13920
14943
7409
851
2444
3801
835
2178
9904
6790
2550
10754
2986
6996
9133
10416
13621
16371
16049
3052
3979
14484
12783
9788
11786
15274
8089
8363
1149
16034
8800
1725
4140
14774
16342
16132
438
2878
1469
12531
15372
1660
9528
2058
8865
12492
14131
10613
14444
11682
5324
1825
5440
12267
12868
6065
10701
1256
2763
8219
7631
10397
13657
7528
13746
10766
6303
4630
453
10667
14843
12315
5052
3128
13248
3842
10597
2910
15182
12648
13996
13124
16695
10496
1118
10362
10929
16369
8305
11827
13173
6481
10173
15294
9145
2004
12296
2468
5473
10383
4142
4939
4684
4739
9933
14748
13804
5879
4890
16698
12880
11556
7130
7083
12288
15367
6941
584
10237
15787
3914
10941
375
15807
15479
16059
11755
4305
7381
5188
502
10440
7434
16004
4167
4933
8731
936
7752
2366
762
3271
13465
10816
2029
4910
5858
9258
9045
6551
12993
4325
12404
10833
13229
1201
8325
3126
8696
5968
6686
16044
4168
11213
592
5000
607
2315
14397
4749
10586
11945
16512
14401
16638
9140
540
271
1460
15770
5977
11380
5718
6654
215
13399
12151
6208
5484
7447
10564
1585
6863
9760
10097
14282
3072
7310
6192
861
8204
4236
12517
10957
13382
3145
13970
5284
6955
3184
9813
14561
13274
344
8518
14249
3098
5798
4011
10772
2152
5363
12011
3858
10980
8970
4127
5349
10048
5092
11480
2899
4277
6164
9268
13972
4492
10936
12575
775
8845
4539
8175
11867
5039
8531
10221
10322
3179
4678
9260
9008
13141
5342
3405
15939
3795
13127
15601
6578
6062
1038
7921
1955
15910
4610
518
3545
10057
4467
5314
6591
2685
12355
5432
3387
1092
16259
10505
8994
12739
6464
3834
15951
15042
15653
10496
12821
2731
16319
2539
12120
4489
2670
6439
2395
7101
5184
10575
2434
14384
7771
10412
6923
2132
7623
4055
1060
7894
16644
3463
8659
9239
16024
5860
16056
10534
467
4950
9585
13789
8031
15409
15924
668
12908
9715
1513
11679
5935
12769
6110
4593
1121
1484
13745
12056
14204
6423
14189
12685
14651
2592
6639
14229
16465
14547
16114
386
1466
738
14232
11470
1207
11542
9039
11364
16219
178
256
13491
4651
408
5015
11509
15274
2237
14199
9972
6373
14068
15597
1452
3411
1166
3392
2217
6081
6678
13103
608
12456
9743
3431
7147
15067
9206
2485
8843
13330
7881
9065
4781
9028
708
299
8464
13390
15545
2530
7667
9376
9607
10721
3668
15035
3808
14766
5651
15154
2273
6143
641
3466
3089
11168
4185
4261
9872
7243
8448
16551
1962
4841
11242
7545
7228
4993
15096
12161
13011
14268
5297
8241
5156
14466
8357
807
3954
10070
598
15082
6028
89
12888
1121
6084
9096
10318
16585
14806
13074
5772
9748
2731
3966
4334
2222
7562
606
1931
4240
13172
10290
10367
12228
835
1373
1280
5591
11077
14501
3836
8619
1276
15249
1614
14982
13091
11361
1558
12092
11750
6364
14613
15838
13182
10494
987
12227
14136
9509
16101
11657
7395
10065
16222
7472
357
1030
16318
14766
3493
12627
16050
10915
2796
5051
7006
9284
13436
10175
5450
14551
5070
4850
14726
8543
15867
554
2876
1674
5958
3575
13026
1276
983
14058
10258
9939
8194
1133
5094
4070
15532
12520
10544
12032
12085
7349
4613
10074
7080
14936
5078
15134
9890
13370
6091
9134
8859
2450
9712
2735
6372
16323
5719
6386
13509
12939
15196
6117
23
16040
10853
14337
12906
5856
1289
2729
9724
13437
14455
5213
3677
2965
5475
13585
3710
12336
15371
10053
11634
8613
5249
10946
50
6144
11861
1870
5754
15852
10528
2427
3497
13609
3689
5130
5794
9543
11653
2527
15067
7725
528
3826
5868
12480
7544
12521
16529
11539
10435
8623
8504
10310
5553
10218
8022
4179
6301
3796
1475
8838
4087
12130
9682
7081
2509
15990
4928
14591
11477
8235
10160
12187
5442
10953
9498
10241
13952
15993
13137
1516
1605
9036
9229
8674
5340
13100
14862
8535
4763
7706
4308
1978
8475
6390
12317
15252
5874
1468
8641
7203
6464
9355
11179
15356
6617
6740
12932
6839
6643
5592
15347
3242
10443
10979
13611
10643
8407
15160
14800
15089
11257
2368
6304
9244
10532
13342
10653
4201
2966
8986
9851
11744
11424
9835
6753
2907
2763
1419
5457
13911
4493
8910
10036
7414
2310
7031
15292
6627
396
4827
16449
1310
10478
10712
5938
10456
2731
3044
15967
14009
2943
11032
14264
4347
1849
9553
5069
2067
8422
1030
13986
1934
5567
8918
10545
3170
341
2168
11727
11202
10595
15907
9295
15913
822
11803
13110
15601
11766
2945
6852
179
4316
8380
9323
9499
1180
500
11455
13967
5589
10054
6489
8770
3344
13949
3243
13982
6674
16438
8367
6908
4578
5187
6671
5483
2339
1795
13532
14321
12419
9958
14509
2094
3278
6457
5127
5664
13333
8566
14798
10789
15789
5898
14786
8577
9697
964
8583
6009
13041
1947
2767
13358
9933
15115
7234
11450
3891
4102
10249
9569
8342
4850
5031
5556
7554
15657
1433
16183
10138
3767
12271
10798
13208
1492
7797
16002
3835
14614
11836
2156
4091
10194
7666
3157
6566
659
8588
859
9086
1471
2637
16091
6987
2194
1072
6018
126
4408
5717
11627
5220
14663
4125
13772
10427
10403
4206
5832
2929
9717
16491
13698
9695
15226
6750
16635
2987
11845
9980
8757
12895
13932
12311
8291
9981
9539
1413
11332
7488
3463
362
11627
13242
10065
318
8145
2217
5416
11496
1375
4602
7623
870
12760
7526
3517
10687
14103
5702
9948
134
7190
14748
3119
5212
5415
2960
13577
14009
15242
7019
210
5903
7612
11019
14047
15303
14863
7556
7828
2944
9300
15261
7886
6101
744
5721
7845
13755
11468
15721
13118
8405
14055
16321
9411
6193
15175
9351
6224
15487
5090
12639
1343
16199
9232
4097
6298
14666
14669
15011
12696
5333
10839
6802
9010
7165
11141
13688
2682
16256
6647
10913
9316
11053
957
9055
14552
9884
650
2790
12176
8149
13900
7984
1394
10133
6085
15151
6461
416
6417
11942
13014
10627
1702
6021
8603
368
257
13559
7257
6674
930
15786
1042
2426
9202
6038
16375
11969
6316
10559
15733
15118
8197
3743
7593
7670
3407
15497
15795
6636
8724
2077
6786
13434
10298
15792
8145
13759
5779
5849
15745
12364
13787
14564
5230
8724
15076
7520
1281
10128
10464
1181
9139
13689
3189
10364
5557
10512
14164
10199
7933
2896
11180
6235
14425
3523
11167
15121
2234
7673
13431
1382
2317
3915
4261
2711
127
16114
1381
16051
15467
7231
14034
15139
7803
8913
7589
2830
2053
13443
121
3018
11316
13098
6431
234
2415
1951
7947
14373
73
16642
12016
4013
5860
16059
15104
2871
3318
2667
5604
2294
11197
14259
9805
5426
10023
7102
7244
5754
12983
3488
5603
7016
14194
2439
12045
11854
7117
9542
15434
7120
10440
13804
327
5483
2645
3441
9969
2789
15546
11004
11028
1130
6574
2380
4244
3081
9684
14253
316
9324
4250
14205
3908
14097
15715
10597
3663
9487
14060
12228
917
739
4890
5951
7293
4037
4342
10553
2781
7853
15028
1110
11535
11843
9618
6119
3409
7229
9714
10419
7769
5844
8551
10364
8502
9053
6734
853
2530
3214
3027
7121
15995
16593
3119
741
14719
8972
11230
4752
16572
13992
11278
7006
5055
4336
7167
2379
12413
2816
7835
14014
7719
12264
14932
1464
11647
14218
15002
5516
11951
15626
15934
6741
8111
15804
16698
3254
1863
14939
2184
5879
15530
6453
1695
2417
6508
2302
2564
6861
14145
3450
326
9274
3665
12652
16299
13437
14318
12355
11298
6594
13422
11710
1773
11883
3642
4999
3484
320
7462
9680
12712
6145
10679
15462
2117
11515
11580
8024
3324
8992
4946
1027
8318
14925
9569
16500
8935
6082
4192
3473
9884
6790
15099
13331
6433
14963
15064
8753
3216
14255
10396
3834
6092
2238
13058
16267
14642
13456
9538
12533
242
4037
8108
16165
3270
5452
301
4203
6674
5230
430
13437
15245
15528
7799
3829
14186
7061
863
4201
3888
7415
10188
6546
5287
3838
3492
2472
12466
14870
8733
9990
14759
4660
4369
8902
16161
12931
13083
10329
13866
14247
12886
9650
9878
3342
11049
16409
2894
1503
2762
6407
1468
10831
2865
9402
7580
463
8317
1236
9629
4048
15848
14894
1467
14809
10155
4322
9385
14073
10100
83
9725
6350
15686
7709
5166
11971
3062
1871
12290
4600
11884
2037
10604
5824
1593
6349
12173
4063
4133
1155
3153
10361
369
7438
12024
6266
10012
11408
15595
6003
3702
12525
3332
11591
10583
8292
7604
8425
15627
11171
6703
3813
7800
12716
3080
4621
16025
16654
6063
16525
16498
11716
15126
7468
3676
13427
183
14356
16051
1416
5511
16546
5316
5911
8917
5198
14460
16222
13825
11007
15021
2075
10391
1683
494
13008
3661
12369
15299
965
13312
2252
4582
4096
6930
10180
8229
1259
10472
7288
13391
14779
345
13515
11180
8067
8126
16235
9492
8287
14239
9339
10824
2931
14466
16393
844
1967
8897
10214
11133
6228
1627
2904
12452
9629
77
13959
12496
12146
1642
3465
9707
1697
946
12171
6037
11086
3002
13971
6607
14503
10194
16669
12366
5936
2113
8893
2321
5493
7558
5634
2295
16579
1766
4997
4111
2554
13512
311
15311
10305
4348
3868
11286
10922
6523
10536
10562
12929
37
1721
10862
10580
5892
2503
15516
325
6644
4569
2597
6537
1563
6455
15508
15975
11436
9832
16384
3870
3319
3243
12952
11194
16393
6640
10517
16301
14608
15335
4703
3090
10628
10423
455
14015
8346
10571
8287
14798
11560
3380
7643
3994
6109
9419
2206
11646
16331
14695
13238
689
6496
16081
4477
7628
2250
11799
14261
8498
4112
11469
12349
6194
2523
15281
7808
16329
2610
4178
15508
7475
5892
2575
5492
7826
3021
5865
10052
13318
2757
16033
13477
2260
5890
13102
11458
14382
16308
10244
12758
16531
6404
8836
11783
9422
5162
4815
15917
13666
10398
8102
3132
10392
14315
5418
11128
10765
15960
5633
12838
14642
961
12758
5650
12256
1388
5660
7816
554
6947
16538
11853
6594
4055
6661
14851
4064
5367
8469
437
13240
11069
3876
1399
14351
868
517
10619
12544
4318
7338
12398
6208
6866
14671
9532
4804
10262
13476
15519
12754
19
16383
15926
6956
8512
15758
13292
2012
5160
4649
11832
10347
14127
16294
1590
4386
6478
5387
12382
15200
1637
8644
9385
10532
442
12474
8504
4394
14826
853
4774
11995
969
1591
3925
6534
2183
14334
7484
13475
3482
6677
4611
7976
11922
16047
4484
6237
10659
11390
7546
6973
9600
8358
15893
15408
11037
12089
5474
11458
1211
1294
2163
1830
4518
8514
5645
9783
15621
944
8114
15564
13681
7058
2784
13777
5713
5418
10705
12551
6041
5866
604
12664
8867
9595
6478
10138
5969
3720
3499
11430
13169
3269
16438
5605
1384
8841
13732
536
3655
4501
11607
14644
10380
985
2410
14583
12306
11922
11263
2298
4107
3778
4368
4580
7461
14464
10145
10964
13366
5294
13004
16336
253
14092
10814
2113
3286
13029
16158
14147
82
13109
7698
2686
7032
2433
14454
10467
9713
3487
9281
6172
639
1484
15698
4475
14206
13666
2574
15126
11774
2907
422
2899
384
8713
9885
3319
15851
14003
1962
12266
12577
12494
885
744
946
9648
11198
11322
7709
2750
1392
2874
8275
14181
11621
5463
883
2951
12228
1467
12947
12224
2159
14893
12760
5812
7372
7186
11851
2950
9099
12537
15431
2821
570
7764
13449
5408
3320
8378
12361
8024
8477
1275
12058
14682
4823
4674
6143
2750
10563
8001
5814
4428
10568
2892
114
6045
14281
10524
244
3479
16473
16058
11409
11061
10356
10054
2969
7211
6805
5560
5981
2325
6359
4971
5841
2183
8618
14781
7231
1340
77
7453
10268
13453
1243
13270
3192
11917
11723
10099
10415
3613
16407
522
10928
2087
12398
6955
12453
8519
2379
10407
15767
1068
6072
15567
12611
16329
15765
11879
7080
2591
2353
15097
7729
6104
15270
7330
13648
12806
7887
7712
13469
12888
9821
6428
850
14152
10695
3586
12566
11133
3558
6016
6330
10184
1568
13295
362
8928
11781
3770
9638
15434
14209
243
4108
7179
4711
11027
7292
15213
2448
10597
6332
415
10190
15683
14495
14744
4672
3005
9583
14529
5101
12163
5908
9962
2853
487
14634
11983
7866
4791
3582
14479
8726
12485
16623
5271
12612
14637
335
2954
10106
11682
9515
3815
16691
14302
4459
4166
3445
13741
15347
1456
12655
11826
3492
5882
10114
5389
4584
784
1463
6745
14654
3205
9938
2030
10800
5904
7368
5895
1608
57
11259
1155
9008
2871
16578
14930
5269
14493
2910
9672
5903
8915
16541
13267
8533
13729
15868
7243
12203
1516
12890
12958
9703
15005
12293
5871
4015
6357
10392
5566
13929
1488
6800
5154
8072
2098
6513
4222
11139
11050
2544
252
9037
16367
748
2077
12493
4686
12322
14257
5717
1022
14397
5832
3590
6136
12236
8514
14657
1165
14539
8948
11715
8985
2826
10034
9313
7348
8398
3977
12243
12981
6336
10447
6099
13512
12202
15237
1673
9628
1086
666
8054
12862
14152
11797
10322
3269
12602
16429
13198
720
4717
1728
9873
16221
140
606
9876
12395
13181
2460
5744
14417
15883
74
3477
8589
1136
7326
1910
12179
7728
1450
6617
4218
12974
7309
12064
10746
3206
13539
9862
11358
16363
8752
12127
4253
16212
1286
1142
5545
16294
8863
6410
4837
36
13268
8838
10011
1517
10876
12669
13060
12911
5956
15566
12640
16162
16613
6997
11460
7730
4271
9434
6360
4598
12928
6035
1523
3843
5045
16566
1542
13186
3540
9370
5945
8777
12742
14576
16165
10649
6847
12952
10133
2620
6459
14717
10203
13324
8872
7249
2264
10821
9814
15014
14025
5240
4312
6503
14477
6143
3658
6361
1150
16021
4218
8271
5756
5927
2799
7728
5131
5772
10788
1035
11242
6165
9111
12011
10893
10307
11103
14416
10544
6420
13757
16254
13495
4957
4674
2270
11757
13273
16674
10244
10704
6166
5195
6078
13599
174
604
537
4264
4506
14291
16228
808
14682
1564
1387
9353
129
1866
15264
10669
1263
6628
10650
9672
11814
12647
3351
10631
8922
15654
686
2024
14413
9485
12222
8172
4010
2629
6279
10662
9837
13622
14631
4518
14338
6195
6935
2936
860
16423
10255
3548
5748
13194
13916
7451
15901
9473
9159
2137
7080
4835
6946
10766
2042
15916
5775
14032
5825
5668
2375
14898
1908
6342
12202
16074
9036
11344
5377
395
890
5242
5064
15632
7199
16485
4783
9258
7963
10984
2248
6151
9780
3876
15651
8721
7957
9162
11866
6512
13500
9359
1067
9722
6019
6931
2652
14688
7822
16395
14789
9971
262
7597
2236
9960
12286
14182
3949
241
2228
3373
6992
7170
3440
3224
1309
6576
4079
9624
13793
11373
9466
12802
1042
10212
1468
13114
16240
6427
5025
7926
9476
12206
5451
12607
7023
3997
6745
10359
3104
5254
12899
14334
6494
15237
538
15140
4857
2398
5818
16317
28
5374
3865
5567
17
225
12056
6654
16430
15738
15420
14383
13615
2137
14714
5105
12635
14849
11159
7516
12562
2809
14062
2962
10852
5250
14042
16000
3443
10595
11322
13610
8487
6803
2393
15280
14059
9233
14921
8082
1072
3365
11966
10499
11949
9032
15982
3781
15409
2976
8737
16690
8924
15574
9012
5324
11727
8772
3220
5443
3962
10234
11557
4706
8749
9028
16047
2126
2935
168
12608
13839
2787
249
2927
5935
9844
15876
15201
5620
9441
13297
11462
7439
8944
9432
8795
5614
5156
5707
318
6235
11365
15284
16039
2089
1421
13663
14870
2870
7062
4611
964
6680
12209
1260
11802
15154
15502
14013
15593
1773
13489
13700
128
3950
622
4581
1276
16689
10165
867
2446
5273
6249
863
12709
3185
2758
15076
6194
8272
3521
4314
9932
15602
6284
1041
545
5396
7575
14581
7385
13531
769
3111
12149
14734
11854
5224
6118
5076
8232
12354
15835
13156
2407
10890
15218
2677
8144
12793
6358
12397
7060
16415
11936
1518
4492
3299
16125
9912
4925
2719
9502
8727
7886
13404
2706
16690
8989
16397
2266
3430
5244
12587
14216
7094
2759
12800
2598
2470
7843
14337
9799
14716
12125
4148
11695
14848
13013
6324
10560
8154
3877
5985
15813
3972
2104
4692
1261
11810
11455
15559
13860
2227
11213
5352
1454
349
2414
1515
829
13852
14339
14827
14193
1540
12823
685
3290
3545
8238
8855
8347
13979
5322
13896
13422
16065
9406
9193
11285
4625
6760
15034
14711
462
11372
5670
15162
11551
5478
10439
3057
2669
4015
12662
15709
8145
10738
1780
8640
4538
2353
16364
13793
7568
5219
6401
1165
11730
15176
6279
7418
9790
14881
8231
7517
11399
15433
1977
16241
11629
13466
8119
7003
3673
2982
15129
13954
5449
2374
9985
960
10803
16081
5701
5398
6987
7786
12876
2823
1861
3648
4452
13334
2257
2247
8441
15414
8579
5520
6970
13765
11292
8371
9824
14323
5599
7241
1784
999
8792
3565
6570
5283
15722
12427
10751
3785
3422
12604
131
6600
14245
2875
14622
5368
7996
2121
16488
4837
1691
4392
15662
13417
16089
15995
8949
7683
6116
10586
449
5548
5966
12886
433
4455
2406
16483
6842
7895
12899
16267
11218
6806
4269
3710
9893
14758
139
12529
431
15159
11730
5583
11270
16223
6717
10668
10172
9779
3676
6104
13449
5868
1254
14417
732
7448
1074
7618
12085
15981
4108
7161
13470
9338
10053
10368
354
7382
13177
11954
16143
15416
15343
15970
13135
16318
8383
12979
11902
750
15203
13866
4767
1299
7474
3562
589
15429
2870
13697
1057
247
7767
5299
2038
1776
9290
13009
13749
9269
16166
4947
13173
15161
13060
12537
4605
11711
5489
5339
14814
15719
10232
10581
13822
9475
7469
14397
4207
6547
3523
5259
694
2700
2435
7734
9474
15307
13703
1997
725
9099
14753
8648
3392
9403
13447
5441
12099
5355
5747
68
1354
15840
12490
13471
11775
1066
6351
13951
16688
12561
10646
10278
11764
12507
4520
8477
10454
3948
14948
405
10214
11514
11289
11955
12668
11877
12592
2492
12912
4419
5063
5275
6599
5562
15648
10010
6007
9868
15033
11293
10138
14585
1428
4948
16350
7365
15584
14228
14271
8035
15788
7776
14746
7293
14374
4551
14057
9902
2266
15229
7221
13353
5918
7060
8672
15177
14985
16098
751
7961
14741
13280
978
6745
3738
5830
2092
3176
4114
4747
5087
15855
4959
12766
9268
2506
9156
1732
9961
3031
13303
8250
179
14509
6234
1991
12259
5411
10163
5355
3077
15989
15543
14472
3992
581
14642
13478
8647
10697
1116
1815
5402
918
1216
2835
15665
8600
4461
5555
5576
7975
7726
4690
1365
12417
9496
8205
8832
15801
16625
818
6851
8156
8069
7838
13285
5676
11024
14583
10400
5638
8127
10095
11680
8719
1129
2529
6396
3685
9658
4444
11432
13737
8587
15288
8269
7835
4163
13600
4120
10787
1002
13646
8343
9711
12592
9594
12857
1796
10636
11155
10990
2996
4842
3509
1225
7581
9891
16420
3952
10690
9030
15270
2659
8081
9312
11889
1022
11989
5237
15181
1094
14870
10114
10024
10935
7716
5939
12826
12464
10732
16206
11897
14615
13942
13754
1143
3707
6072
1462
11610
4274
11298
3272
10594
9553
10982
7299
15905
16205
6431
7405
8333
5635
4432
15557
8256
16126
16171
9718
15798
2988
14313
15284
14079
1169
7511
2408
3926
55
984
6869
5520
8910
10959
5388
14311
9332
1203
7660
10949
3526
13984
13196
11618
14662
10574
15692
2510
15281
13401
16533
4398
6806
7217
12603
15091
5802
9252
14810
8692
7320
4166
7211
15239
14654
9435
2607
10693
7979
10882
10184
9324
5151
14135
6411
2703
4065
7973
13368
9172
4789
16213
6977
1172
1380
2037
709
567
12378
5162
15813
2021
12810
5230
9015
11479
12416
16488
12278
7034
14895
4346
734
6333
10404
9445
6311
1000
10581
2830
4222
647
13434
12208
7219
5075
13968
497
13137
2303
8035
12981
938
15254
15035
9929
2271
7975
4080
3331
10600
2208
14667
1184
3694
7023
15976
14855
14745
14352
16256
16228
2224
14137
15970
10976
3299
3958
9946
14365
9592
1744
6621
7027
12577
16033
14125
5719
10273
9803
13660
13973
6237
316
13788
11776
5395
13229
3390
2435
15379
6686
146
4848
13826
6190
9653
12914
10454
7083
16460
133
11143
10704
12563
15988
13446
15058
13839
9020
12038
15799
6175
13501
1882
15254
12335
12368
6723
9977
7070
5994
1578
13068
10230
13270
10793
5659
7596
13535
14883
4575
12830
9851
3559
14485
15832
16490
11962
7604
4202
5986
9420
8475
2019
11433
2478
4621
2555
10981
15933
16156
11642
14519
1015
11634
13427
5274
7591
15142
4812
8444
11621
3245
14987
3664
11769
13244
1577
8334
10103
4012
13570
14627
2970
2714
3224
4397
9135
15882
9732
10962
12820
10246
1678
9248
12563
13170
4771
7468
12839
5811
4129
9353
10894
8468
1080
377
2640
3603
11043
4868
3636
1107
3764
4218
9678
12103
3014
9899
16362
4464
854
13097
6898
15018
9750
7103
4794
11733
16442
14817
13998
12342
15697
4076
10871
10785
15765
3487
6375
1787
2330
4912
8426
10881
1918
3560
2770
2646
12985
10981
7755
3852
1737
14520
2317
13339
9476
3471
4104
13282
8178
623
3356
15127
12378
5839
2296
1539
8229
13192
153
9245
11150
8253
4131
6537
8960
7053
2737
1033
8581
6335
15683
6196
14723
9631
1423
16145
11802
8926
9196
9477
10081
12549
7179
10972
14977
13972
10822
16195
11345
6765
5097
11077
15182
11821
2468
2904
2971
12905
4711
5124
6161
727
316
1334
4615
11261
11120
7456
5281
968
4058
6602
4833
8861
717
12885
7729
6202
8845
13704
10692
6125
16296
9172
10557
8902
2480
7596
2004
6293
3189
9728
13840
3978
9168
12877
7370
3679
5164
9980
7111
10441
12955
11368
11941
14432
13653
2894
15606
11977
13045
5817
3602
6584
13533
7349
14777
11432
11036
4965
15946
11574
11867
2283
3133
13192
3742
16305
11053
14537
1747
3738
12250
12718
8038
14493
16134
15154
8806
9701
3674
10774
5091
4570
9480
16618
4020
9983
6715
12915
4504
11475
3688
8811
14213
13373
9899
14633
9290
5634
9018
15946
2957
5737
2100
2998
7229
15557
14685
14623
9921
13911
974
13052
2204
14311
15938
4893
15520
8009
7022
16420
1980
1368
10735
6546
5386
14989
11594
11310
1835
546
12515
12700
8739
12216
10449
16650
1384
8483
14883
1878
2795
583
5899
11886
14596
7128
6902
2155
13189
14794
3542
2157
1306
4018
11186
2699
12910
7052
3295
9916
2439
15402
6554
13070
7376
7284
8983
15777
12661
9562
1948
1413
9070
15637
8117
12755
5207
4283
14925
9823
8603
8519
12156
10635
14096
3936
6061
1553
4902
4184
10517
2211
7538
13484
11317
14420
11683
14957
3007
6767
6440
14365
1167
13119
7791
3981
5809
3301
12726
3684
11232
2037
12538
7823
3102
11676
15723
9839
1266
562
4992
3449
4968
13422
15493
2839
5921
16352
14516
14712
12736
10722
9533
15453
10634
5044
16699
1860
6539
18
8368
11123
13690
9621
701
14436
1836
6765
13227
4210
4762
5584
15193
12058
581
1522
14029
13342
4127
2990
5604
2574
9117
6081
15707
6403
2997
9587
3660
3391
1418
8875
3467
16170
9492
6095
13347
11746
1991
4731
4530
15827
5125
4458
4033
7760
1368
7926
52
13053
5650
877
10871
2213
5610
15936
10485
14944
10895
7396
13107
6872
2285
5074
638
1410
16075
865
6193
16
11868
6887
9685
13559
7743
1955
8299
5162
4303
11563
15546
2270
15174
11046
16375
15339
15940
10291
7239
16048
2227
6065
7418
2288
14551
9299
9871
1339
16255
11878
11154
10165
15021
8247
5415
4625
15479
15240
11039
3958
16119
3203
4910
12967
9465
11889
14588
5283
7941
16426
1258
5329
9600
2918
15441
6115
652
12910
13632
11174
2892
6523
6710
1578
4378
16573
8780
1171
1216
16608
16278
9734
8230
14881
1026
1321
7455
16387
6496
2397
1127
419
4114
15217
7867
5608
599
8322
8772
15168
8567
16338
1169
12418
3202
2327
5012
98
4564
10101
5247
3704
7194
12410
1148
9863
15692
12756
8658
7621
15968
3168
11141
333
9720
10475
13257
7299
10830
4048
6157
9161
7078
6535
15924
11896
9190
10192
2222
1042
627
12860
15397
11855
16573
9174
8029
6408
3682
12904
9639
1687
10043
548
11426
6410
7769
651
5172
6031
5909
935
3143
2507
13840
7874
12404
6285
1908
8353
2602
10185
137
1863
13087
11794
1565
14604
15785
4328
1879
14766
91
8096
5837
9590
6847
10030
7646
5263
14396
2934
13765
15341
2869
794
7301
13645
233
2098
11691
12680
13500
8313
1568
6157
11655
14633
13442
8806
6039
15420
12408
13016
10283
10053
1119
5373
2289
13275
10208
6082
9187
1002
14273
2264
876
847
149
11548
4061
14324
12179
7220
5583
11025
13997
8513
7684
3708
11177
10915
1415
2285
7791
392
7797
13974
12044
8250
14430
9075
6829
2585
16365
12197
6070
3478
13903
7173
8456
14523
10349
8851
13646
3154
10081
8425
6172
10226
14470
2641
14806
12581
1580
1931
8200
1622
3932
6775
10729
682
1421
11314
8659
8295
8313
16357
10650
12686
8285
10978
12486
6472
10880
9779
1809
9155
1878
10100
2548
11300
3047
696
12835
14575
8515
1808
13556
3962
17
11155
106
314
14119
7718
9614
14367
2037
10746
7911
1941
11263
10926
7649
8122
2533
3570
11900
10123
6161
13195
11669
12379
7183
13075
15717
11122
2225
6531
258
7021
15054
4595
508
9019
1050
10036
6934
9581
6977
4628
7045
14045
12579
5106
13130
8140
10845
1949
2284
13685
13247
2959
14611
15727
6789
12550
12673
9982
14334
9719
2395
3774
6213
4977
14365
1245
7698
6903
379
5632
13593
5529
6554
16584
7991
10597
16018
7026
2163
2785
2181
15797
8393
1666
13767
7546
14971
4296
1549
10117
11506
4648
11414
14933
11131
14678
917
303
10098
7260
1262
14153
14144
9803
3864
8107
14153
14937
15006
1311
12243
16448
13548
7814
4032
1082
369
10591
2182
8386
11790
13322
1117
1182
2041
11869
1771
7691
5882
981
14520
12092
3000
812
7284
11036
11443
1353
11624
8459
15926
5355
8361
8245
6795
13675
7432
14352
14355
14268
12446
9788
11104
6437
10051
100
900
5465
4288
9872
4552
6342
3901
8699
615
8079
7850
8518
16015
10246
4439
4470
12869
12334
12520
11724
5654
11416
15359
5863
8671
7847
8206
12776
3401
2505
4778
8406
12056
14979
9923
6063
8715
2473
9454
16124
11596
5259
3345
16085
2069
13315
9953
8640
5384
6386
15956
8625
14611
7018
4835
13951
3761
12625
12500
16109
10434
14371
8210
2706
7115
14440
1169
15810
4546
15034
1271
15496
13191
13780
16476
14066
6914
5080
670
14794
11537
11158
4431
527
5959
2169
12066
16401
15688
4454
15166
13898
2107
8435
16352
12050
6561
11104
9676
9406
13936
6520
7507
4813
3391
8769
632
13355
15547
999
8537
3793
5297
11568
12071
5146
11431
5986
2588
2413
465
2628
13876
11322
10016
16549
1646
11981
16072
406
12858
10934
5729
201
5513
14558
7014
3689
14120
5479
6440
5986
13204
14219
13809
569
7168
4566
3987
12932
9449
6463
11003
822
15905
10098
12478
350
11206
1925
1456
14643
8048
3363
5461
12745
5791
9637
5627
13470
6854
14848
14665
11316
14984
11025
7469
6093
10045
7578
3002
1346
12747
14730
15439
8184
11407
12637
10399
10970
12200
12082
4578
10376
7492
5126
10232
10204
10667
14695
10215
14451
14466
16376
15406
2162
9750
11145
10355
11712
13033
149
4567
3335
13388
11417
9992
6635
6100
1491
9500
4677
8055
14357
14913
5145
14242
6901
4028
3722
16097
3966
11770
2547
4307
989
15967
16125
483
1923
3614
2111
15971
5810
10938
1008
7371
16340
11278
14397
7039
6966
8210
15200
10251
710
15653
4159
4967
8168
4723
3556
16131
12913
486
3869
14261
1664
674
3774
16681
7659
16658
3760
5220
13279
13971
2296
5834
6436
10340
14470
7747
12704
11081
9521
7035
15144
11231
3288
10910
5366
2859
15860
15037
9184
139
9460
9593
13249
3138
15194
7722
14403
9948
4866
4246
3419
10573
16167
4335
11395
134
8183
3297
11462
3511
12667
15814
7644
448
4187
5019
10763
2688
4495
9614
7267
5164
12055
1195
11191
2630
1694
4163
14310
8774
8337
16013
3446
9992
11423
15696
14980
9660
4130
1821
16408
7635
4741
7854
11290
12402
11163
11322
8562
2505
6555
923
3016
463
11503
9380
10094
4156
13994
12968
15652
3662
7397
5301
2950
1359
12672
12626
6846
9534
13298
1055
15725
15143
12757
5341
2404
15506
10583
1053
11244
2200
15565
12408
331
11679
14435
7581
15495
15559
2016
10674
6306
8208
1283
16038
2627
15459
4600
1982
680
12924
10939
12768
10227
12104
7769
14438
15050
80
6062
5678
509
13163
14314
11315
13465
6521
6974
2872
6338
1346
3514
10757
8614
10435
483
9267
6264
9384
12806
13892
8198
11856
10591
15283
13739
2351
3124
11823
10859
11267
8435
11630
156
7808
15038
577
8643
16532
7006
7144
14351
10685
1455
3985
15563
162
1001
7798
14316
7623
2353
8939
673
8950
1128
15297
11865
9979
5355
16517
4672
4780
12584
5401
5569
6891
2800
2131
472
1948
8073
2032
5208
15218
15529
13391
13870
11401
933
6478
4754
5526
9107
733
8421
7387
7430
9792
1495
4564
10548
2854
11697
1326
14490
9177
530
2985
3360
844
1930
5217
1467
13736
12644
1005
13208
13098
491
6669
15814
10432
10696
14133
13083
1856
9044
569
13448
6484
13828
10343
8681
16
7504
10207
962
9170
6088
1281
14420
6897
9562
160
7816
11845
15689
8826
10315
8038
2805
12320
9441
14606
14874
1408
11586
3149
3889
1871
9994
3503
909
14627
577
1765
16184
14439
12491
6174
6387
9795
4763
357
12576
9700
15224
10146
2104
1854
1543
6924
7017
5855
1597
3876
8909
12306
6778
7007
14884
4642
8469
5783
6240
7258
10410
13938
15574
3323
302
14637
9182
14191
6251
8547
12731
13768
7029
7048
9868
15884
1229
795
10588
2335
9709
1930
16295
15877
8642
1480
3734
7066
4937
8825
872
13837
12985
11395
5100
10212
5072
9925
13397
16045
2776
10281
14277
12902
7001
3158
124
5959
5568
1234
4322
12689
8853
2864
14840
13000
4201
10594
1848
2761
6590
7228
3937
5305
4369
16222
8957
2167
14995
14819
3442
10436
992
11041
2161
13476
8030
8426
7907
13203
12289
13449
10927
15105
11481
2503
5168
7441
9352
6099
11839
3170
11941
5923
6632
15317
751
11135
15341
1813
1743
11069
15000
9506
11594
15629
8898
3360
6747
2625
11398
10146
15859
543
5283
14594
615
6906
12144
4553
16164
2866
14025
10468
13147
3477
949
2740
5516
11380
13220
6962
15358
5033
11949
4249
10572
16389
10321
3763
6282
12077
1566
8410
9990
9296
10893
10627
15830
3387
12751
818
4017
4975
4290
15974
11075
827
13359
15130
11909
13861
14307
7016
13915
454
145
7951
14114
13983
2742
13185
4128
14740
9136
10583
15821
3568
2935
16280
4620
9350
3199
7109
324
5639
3690
202
7920
2381
4574
939
14472
3298
8946
14673
1640
2145
789
10533
13849
13885
6817
2595
3486
14581
7648
15955
3663
15352
13057
7584
13057
4245
6143
10041
12655
15494
4696
12367
14338
10397
9022
6564
2360
7722
9372
3915
14205
9216
16008
12560
5888
173
3288
575
10855
11789
3948
3923
11111
5812
10853
13448
16513
9693
3786
12261
10169
15037
9951
6268
12252
8626
471
3017
1755
15905
77
2855
14895
1021
3856
3818
3001
11574
12632
2994
4833
13535
5597
5058
6101
4964
3497
16449
5846
8414
736
10201
2384
11792
1133
12793
5068
11525
3786
12817
3207
10900
10284
6253
6112
9308
6151
3871
13798
2143
5146
7239
7055
1322
12002
6073
636
1747
3264
14566
3586
15586
12198
11099
14707
697
13222
2617
310
4661
14379
638
2338
2374
11652
12592
14336
11199
7122
4782
3844
8019
5534
12
5025
6448
10071
11976
15337
763
7822
3943
9617
744
1866
12153
5767
3721
10665
15972
11172
2947
11432
12165
10661
10689
6648
4148
7761
6234
2823
13383
3272
2322
4804
4948
5192
6815
13840
2019
1051
8159
7618
13061
13321
4037
5519
14844
11988
16139
12555
16412
13216
13261
12799
5110
3111
5262
11096
8596
5105
11303
14717
15062
6103
4213
6371
12088
5580
8303
2723
7890
13376
16259
10683
11390
13571
13570
15349
12922
1317
14590
8226
16238
13615
7671
6677
4489
7549
13700
1875
625
11599
10026
4936
662
9347
15827
4382
3280
7754
8982
4609
909
5639
13978
9380
12314
7378
7856
2576
2142
15631
8224
6443
1859
14056
14618
995
3249
598
7505
155
14082
12906
7549
6246
609
7129
8486
1191
12764
13285
15167
15706
11292
16637
11421
16222
6242
10024
16589
14817
3337
11227
9819
4575
6361
9537
15463
12259
13987
14561
15489
255
8083
5645
11970
8834
8236
7506
4882
11729
9977
5670
8763
2757
6864
2860
15629
11715
13862
1727
12049
16255
1663
6673
9594
16342
1165
7558
88
8031
9598
9519
9546
13400
7584
5193
13963
7339
11582
16661
10565
37
7906
13332
12814
11850
5621
8309
16256
16103
9157
14843
13658
5515
11963
12141
16399
14231
16134
1087
6505
188
1046
13156
10810
13601
707
7878
16004
11681
14973
11484
7493
9114
472
11948
14614
12124
9337
13469
9840
15210
6493
14977
6089
10865
15470
7408
2639
7876
11206
3688
5770
2538
14257
11783
15694
12291
9877
11157
13631
16226
15535
13536
13449
10368
2254
93
1138
7400
189
16514
8645
15003
11277
3390
2268
9220
13554
8061
14891
14198
217
12196
2291
12464
16152
12036
3015
12256
12374
947
16431
2907
6419
5375
12130
5292
13870
14226
16314
14770
16567
10097
14484
16218
10859
14967
7256
3889
1872
2955
9813
6465
10092
8289
6845
2473
3895
461
6202
14
56
1947
7136
12720
1845
11683
8971
16117
9810
3589
507
7995
6580
14350
12251
14618
15941
2656
8735
7619
13484
3182
2105
8480
13796
1664
1171
11231
14217
15823
12686
6636
6907
1291
7626
4010
9263
12825
6176
5546
15585
4482
15062
12028
6668
11652
15750
7071
15500
11522
6978
16177
11468
1882
11529
8691
14392
13428
6603
424
14997
3589
11851
9055
12995
2601
359
9613
6366
2907
15424
14803
7687
12586
8869
7642
6229
6440
5568
13665
8076
11247
14014
1834
10209
10552
97
15814
12573
14477
1734
1661
2588
2912
2132
14035
853
14522
13055
5558
738
1254
504
13513
646
14701
5656
13449
7740
5269
10556
4289
11898
14488
5914
3111
15955
6804
10281
2308
16566
11951
15497
9044
4685
5002
7052
13482
2559
9246
13501
15908
16262
7780
14713
12005
14002
5455
250
7384
555
10837
2289
8731
6203
2019
3927
10047
3808
11202
10593
6304
1295
851
8905
16074
14589
1516
5494
8873
3723
2258
3087
10663
9059
11348
3050
3114
5034
7031
7034
2166
14903
15358
7011
14909
4182
13514
1187
12353
6641
3515
13783
7279
5611
11486
7046
12416
10585
12653
15459
15385
12393
16334
8864
5404
15960
16253
4880
12876
15382
3422
13978
11261
15186
5080
7824
9756
13367
12767
8055
825
5471
886
13879
11961
6818
12036
4544
9986
4385
8480
3912
2008
323
10180
11142
8163
1843
10804
1725
6864
6726
14279
7979
7180
13349
637
12429
13304
2135
9069
3470
1533
7880
15393
6019
8987
1999
9134
7369
9863
2881
10945
9885
13413
15192
8751
7821
14634
1683
2251
2166
8426
11165
8115
4063
2833
5392
12243
9056
16326
16406
8017
472
891
14530
12685
8894
4333
8334
6060
11751
3255
15063
10552
16472
2309
730
8397
8252
2955
10826
301
7883
16261
1941
6844
15386
14591
4761
7730
7580
6730
2205
2308
15058
503
15563
15531
3005
13368
4972
5845
16074
11214
2313
11896
13999
2390
8649
8922
13851
1918
10556
2219
6296
13010
12417
11692
9138
11098
14905
15519
8949
6907
10473
13807
12239
15367
10773
15267
3610
4059
1992
16693
10021
2957
4825
13935
4140
6380
2791
1574
6629
13938
11474
4291
11145
6108
5766
8905
8336
12961
3203
781
2230
15436
3421
6104
14975
3117
14369
12617
4690
13142
2024
13036
6044
8918
14927
5904
11616
14808
12961
9322
10193
13228
6859
14484
13492
8702
2929
8393
16249
5434
13816
8160
15154
11850
5096
645
5331
1384
5491
5345
11721
5310
1745
15218
10655
8095
7424
15457
4853
13516
515
10014
9568
1418
13486
3160
2661
9358
4153
15762
14251
494
6835
13836
16427
7801
2992
6747
14758
2965
7335
15364
11886
7685
3337
8154
12841
1115
14730
10322
11824
12790
9202
1488
12769
4768
8424
7595
12449
14421
1276
6543
12190
10162
75
5397
4241
4400
2398
9562
6641
1138
2467
9814
5418
607
6426
802
5106
3559
1536
14985
1549
9505
5107
16076
2175
16041
5657
13537
11057
11205
2969
3104
13667
8751
5061
4277
7708
15565
1126
7771
14876
2196
12470
16018
2775
16157
12936
9119
6739
2969
2532
2377
9971
3104
15365
3982
101
1874
896
10575
13872
5896
9934
4310
14794
8562
4954
8716
12475
14851
7950
15556
4104
2842
7558
16628
6397
13502
11152
6759
15817
11339
3888
11941
16399
7607
3809
7320
603
2209
6627
7683
4944
5560
378
11786
7651
9857
12453
5998
13848
4550
14989
1425
4638
9584
11440
3041
10276
11453
2469
9937
12316
12788
9643
2268
7768
15115
573
1150
9228
4701
13636
10987
2657
51
5003
8243
13822
7643
11761
4771
16139
5190
1790
2694
5316
11362
1098
253
4355
7617
10509
689
3752
1756
2563
15084
8656
2885
15273
8867
5619
4131
13822
5644
13483
13798
4945
8009
6451
14678
9652
7613
13836
10270
11172
11068
3303
5055
791
12035
10756
12173
14438
11169
12866
14328
9761
15440
7681
8947
15682
5783
3304
12683
11264
3923
5019
1573
7603
10095
5787
6979
9369
12870
14883
2769
13482
8066
11199
14831
12751
4531
16439
8419
12950
7017
8869
7639
1915
15641
2868
11641
1468
1512
9021
2872
1120
7434
14829
8486
9796
7614
2301
14850
10792
11249
3319
4586
9499
11326
11619
10499
6635
12498
2639
1214
534
11163
12503
11269
3426
7893
4335
3445
5845
5166
6092
3310
15427
1153
13109
10780
4046
13367
4948
16200
8245
16196
14004
8527
4695
15608
8674
13263
12088
3332
8441
6697
6303
10507
13233
15799
15279
1584
906
6054
5620
6915
14346
1275
3022
8368
1515
13891
185
5276
5836
10696
9026
4066
10014
6039
849
4900
13143
13149
8840
8642
9926
281
13905
676
8565
4036
13556
1714
13495
4815
11131
4107
13295
7581
12395
14340
3841
1069
11208
2804
8049
1804
1304
9051
14467
3517
15649
2061
13110
8249
9885
724
16050
3761
842
9820
14980
5648
14671
11874
2498
6845
3756
4962
12744
99
14014
9159
3046
11281
1913
9629
16637
8385
2684
3996
6693
7536
13873
13117
9691
7768
7941
12595
7439
2937
5882
15846
13360
15703
3252
4558
1545
7913
9902
6963
11696
15193
4530
15874
2729
14370
5366
4874
732
10529
508
1135
5337
9630
12464
12280
3080
2818
10487
1588
13132
13828
4756
12568
6458
3392
10742
6632
15452
7313
15857
2680
546
2390
13524
1685
14421
7305
4742
2990
1514
2094
13356
2093
14232
6139
11870
14494
5144
3303
14120
13362
14801
7835
2514
12724
7685
10724
11393
12681
5408
13383
12630
1537
2035
14053
1709
2203
6129
4186
11112
5617
2262
1783
5430
13681
6241
15828
14169
1787
4621
5840
7568
12932
1852
16470
12964
8748
659
15124
8656
15579
10070
2685
12172
9882
8046
10908
7814
13224
4712
319
5968
11590
2392
16147
588
14072
6512
7191
4642
15799
14865
9178
9603
14797
12980
13701
9480
1747
8071
4118
10248
15849
1393
3294
1358
7946
9302
8517
1990
2128
13395
12508
14998
8864
4545
4349
7462
7735
1779
6394
4397
15369
910
5475
2940
1237
13263
6056
676
13410
10962
10589
10394
5064
14177
2431
761
8318
1725
11122
13398
14139
2238
6903
4354
3365
10834
8146
5516
15234
6364
11245
13423
9024
63
2064
12066
1745
2838
9409
14110
2819
7508
8179
12702
13720
8230
14882
13658
7702
9384
14921
9815
6362
16112
6022
14070
985
1313
4994
6591
1312
16616
6049
12180
4559
2803
14255
367
13570
8497
5944
37
437
1459
16564
1683
16072
10236
11006
7173
2875
4991
12496
7850
5500
14220
10146
12251
15519
452
16676
2422
7791
6993
11996
16155
83
15647
969
7982
1975
4134
8729
6197
3122
8845
4246
14320
2630
15506
1191
9784
12629
3936
4944
5319
5047
7947
354
812
10262
13524
9421
4175
7957
9340
6062
8813
1212
10726
13538
11112
8176
1023
1465
1217
2808
1177
11925
15090
6696
12329
12025
7423
7419
14952
6824
7235
9979
12638
9300
9574
3422
13593
2683
13465
11425
1483
10019
14382
4539
3236
10652
10776
15742
4170
13703
12921
10951
11616
11410
12885
1285
10155
5790
2992
1801
6638
13175
12366
13523
6716
15638
497
4073
114
10967
11395
11721
8946
4211
7144
7787
5723
10965
14638
805
16207
10014
16253
6285
9244
2664
13370
6598
11536
6302
4101
14665
7354
8108
6212
1905
8954
1172
10006
5639
13301
12223
11837
7566
14775
2907
12620
9589
8281
12158
10485
3474
14923
4980
11880
11125
13842
9895
594
5930
1115
1640
13146
13842
7629
11003
8184
12173
7962
5981
7109
7492
4391
10152
1372
13694
5240
9914
4816
3577
7088
7170
1318
8423
8550
5550
8991
9385
2129
8397
1435
5565
11348
10953
669
2015
7578
2094
4547
7383
14183
6219
15917
13026
3461
10034
14881
1382
10985
15007
16078
8907
15537
11089
2701
16121
597
2990
2518
16169
11737
11627
10302
11484
2025
8467
2901
10742
12308
9376
2417
5471
5113
4758
6481
1723
12521
9606
10775
3888
599
15246
8832
2150
5150
6517
10521
7249
15584
807
14229
14187
14348
3676
11251
5811
10530
6392
833
4016
2632
14948
11627
10672
7894
14146
14362
8442
16260
1711
3733
2775
1943
7821
15949
3693
6638
3140
552
4635
6386
1476
8557
13553
9143
7107
2191
3322
4303
12882
11041
5402
2047
11818
6794
4011
9559
5544
11730
5308
1764
9539
1468
3711
11954
9060
8715
6306
7746
12647
4717
6880
5442
11243
11607
2806
8937
6936
13073
9758
233
10361
4458
15076
12101
11128
14216
800
307
13798
12455
3141
1259
4950
12697
6068
625
7194
5996
5964
16340
10345
16520
12161
13997
5667
4024
7354
7442
7095
7990
14572
2879
8281
9536
6367
9835
14904
10740
3544
4743
13020
3161
12317
11326
1535
16474
4012
1853
12836
3045
14716
11319
16678
3614
5207
11568
14342
11860
10784
12541
11669
8767
15431
3945
10283
1067
10003
13944
3657
1237
1061
4462
11076
10999
14642
7132
9370
15106
3233
5567
12262
165
10438
14722
2956
9969
11983
10408
13516
8152
6040
1544
16493
11751
10357
949
14034
8123
6523
6115
14180
5184
11010
15026
2193
9005
8467
2345
7764
15975
10863
7638
4730
10576
9862
185
903
16293
7421
1939
4196
11691
10498
6436
5632
16584
8989
15717
16206
8535
12801
12243
2401
1416
3918
11200
2260
6215
14270
13531
8042
13392
10278
8748
14882
6555
7060
14428
12970
4725
27
483
10469
6515
11034
13178
13779
10882
8192
11337
2697
12908
9117
9091
3860
4280
3836
12083
3451
5617
8476
12303
9073
1835
3226
540
10711
15233
14091
2376
6583
3557
6864
1830
13462
5453
8144
10644
1942
8281
7881
12723
8911
16504
7641
309
16506
1511
12356
3651
14280
894
14129
11693
7024
971
7688
5315
11764
3496
14655
14104
2339
350
5701
10557
11246
2779
1523
10559
5000
5907
15084
1675
13166
1816
2185
6697
15527
10648
7973
3809
34
700
15756
1259
16362
10956
5738
12303
15666
110
12310
8860
6186
15931
10279
11097
13589
9286
4356
6400
4673
8243
8229
4557
5007
2402
16558
7698
5324
4080
15938
2559
13342
8606
5519
7385
7255
6026
10035
467
4102
146
10792
10068
1457
13769
12013
14073
16602
14461
3200
11658
7963
6178
3064
867
14819
1937
13148
4985
13202
886
6961
1225
11991
6257
3810
15469
3052
7250
10115
16389
7491
11112
3815
11684
1691
9787
16269
14800
3628
12419
4444
11713
5370
542
13790
14820
5653
9602
9069
9467
12067
3762
12435
7697
6548
7630
15102
1899
7366
11546
15431
452
11055
15592
3476
1424
8055
14625
10184
6128
8309
12049
8827
657
2261
13333
8404
5336
14697
2449
9678
5810
5710
6651
5916
12308
5191
14097
12493
2045
7968
15304
10812
15625
13477
1761
10569
13214
13270
3837
13596
9971
4415
8592
14072
5129
15277
3323
5386
14503
3568
3522
11680
8405
10657
8114
13651
5067
3360
9348
10881
3884
7002
15991
14487
16228
13878
9404
7983
843
9492
3967
3024
13976
7720
14912
9858
8266
9717
5771
11274
2437
11152
13009
4475
13670
2281
424
15594
12571
11516
10144
3506
3716
9894
6029
1013
4475
9342
7955
10123
3727
8714
14345
13848
10099
5213
2811
16475
3630
10752
10467
14941
13067
10720
14230
2694
5597
11197
13506
12575
2411
12592
14875
16411
2565
497
15125
12865
4460
6116
4178
6584
4533
12185
10224
3483
7960
16636
12797
1335
11899
338
637
15269
9533
7492
15441
9533
216
8520
15659
10025
14743
14184
8550
9838
9086
8734
7939
12916
12588
16491
10499
6217
13338
14381
4992
5174
5276
16073
6858
6989
5855
14694
12572
7934
10577
3269
14762
11081
15819
2061
10462
2065
15316
10509
8701
1446
7452
8715
12803
5984
7017
7119
10348
3848
16263
11398
3739
14270
3939
4919
12451
11113
16558
16151
13086
7262
8586
9884
160
12502
15733
9373
15556
9433
6984
2304
11629
3323
6782
9049
8351
9626
16519
7014
14789
15046
8295
15331
6174
317
6578
8502
1677
9035
8155
5102
14907
16140
7825
4526
6030
4756
5534
15542
12980
15717
16143
9150
10432
8104
736
12950
15277
5139
1900
14217
7654
11844
8661
13501
5509
3614
7430
15052
7271
10391
13833
518
4025
8028
723
5500
15450
11149
6738
14284
8578
7248
4699
13420
15748
2794
15083
3223
1473
8415
13303
914
1020
2171
14892
1503
7224
9227
7721
5363
9723
14115
12382
3562
2113
3588
4676
14372
74
12700
13083
10118
1945
9839
11166
15465
7384
11431
9644
7355
16094
1488
15125
3711
15827
3245
11548
11001
2750
15130
3349
4118
1898
15374
7556
14079
13791
7711
12318
13408
15099
5598
14271
8368
1345
618
1408
14943
6112
1461
7272
10441
9231
11847
6228
7902
9914
2032
14470
12274
12408
6979
4140
9311
3421
15029
4868
13429
682
15039
4594
12947
2152
4919
9186
858
3083
15521
6154
16313
6924
15522
9288
9211
182
10915
4314
7750
6341
10440
3929
6896
136
3898
6140
2944
8686
1029
12728
4348
2275
7630
2801
14740
14396
1076
3072
9031
8334
14668
1213
14598
9777
10143
14430
12353
1900
11883
7086
526
9119
14186
7970
16263
13286
10602
14312
3649
8455
6162
14214
6085
16370
6428
8907
4744
16199
8594
10631
13606