3509
751
2302
2683
1436
2948
953
3181
3036
3436
3368
4258
4081
2941
1234
2467
1480
1079
3576
535
1635
1292
798
3776
2678
152
34
3211
3071
2571
3078
2916
2246
4207
372
2803
2898
291
2815
3198
3527
1936
1936
2576
1064
2321
3215
1507
2897
2612
645
2394
2034
994
799
1646
3576
1171
549
492
1204
2855
1461
298
7
1947
1679
3461
3032
277
3710
1724
2308
341
3358
3662
1020
566
3157
1646
716
3489
1458
3757
1594
2691
2069
1245
2471
2752
2987
1921
3600
3130
749
1968
2827
4037
3184
1113
3655
751
2290
2003
2969
3755
3048
1440
3593
1070
3681
1047
3818
2768
371
3421
2078
2575
1112
2089
3549
4076
465
1846
955
4178
2689
3559
1272
40
950
2990
427
3537
3363
3069
2597
3343
1774
208
4197
3077
887
2461
1633
1866
3372
256
2589
1707
258
2257
2757
3461
3185
3417
3091
1757
725
2805
1718
827
602
4033
3735
2259
2807
1052
3698
573
1346
2258
2472
2416
3363
3766
1757
1277
2853
1055
20
2594
4003
3362
790
2897
2875
997
115
3893
2893
663
3255
204
3159
2499
1030
2697
3003
2492
2191
3507
1525
3799
22
2060
4188
2884
3732
3324
4042
2428
3163
3751
280
2302
1644
2027
2985
1946
2947
1481
3251
3170
1923
3628
3748
4290
2347
1958
28
1176
210
2991
2873
2026
3764
141
1328
1918
3035
3926
558
2844
1877
122
3078
3973
2059
870
3108
2988
3995
4256
958
3697
233
3194
3433
3946
60
4150
379
2396
425
1141
1317
1284
3713
2319
2681
1889
3813
2779
2460
247
1235
2
4212
4216
3877
1620
2970
2130
2857
669
865
3232
1967
2010
1915
3629
3696
2728
3438
3292
833
1424
2898
2927
2075
2607
892
2923
2585
4080
1191
1313
1809
2753
2878
1684
635
2023
4205
273
2353
2927
1055
3437
875
301
983
4125
2728
3794
1326
1850
3964
3590
919
1332
1221
3757
2654
1859
2942
228
3115
312
2922
2636
3044
1753
1108
3970
1732
3955
78
1484
204
1456
990
1055
4052
172
217
3581
1573
535
1676
1846
2877
599
1426
2317
2799
199
1113
127
1615
525
1521
2966
4293
756
3746
2151
2527
4124
2471
2497
2709
1228
3575
1674
1220
1970
2304
3151
1469
217
1460
871
2514
2154
1665
4060
1195
1488
2407
3287
2684
1591
4256
4136
3484
2024
3419
1031
1551
699
2188
1286
350
3380
1103
1630
1705
2193
3229
705
2093
3416
4066
2847
353
3796
658
1570
3902
2868
1328
1045
2461
2511
1954
2211
1636
1704
3307
1976
2485
3988
488
3453
2554
1871
1354
3228
669
1627
539
2622
998
2711
3312
3698
4127
837
591
2212
2707
3887
3075
108
2211
1098
3696
480
2190
552
849
467
2976
917
4239
41
3192
2417
1331
1057
1812
3827
4056
4046
1830
1905
3684
2932
2462
3010
2848
2595
1639
894
3785
44
194
4231
3902
3762
3884
3729
770
2969
821
1394
1088
2351
440
516
2034
3984
1120
3094
119
2562
189
223
577
1307
156
139
1352
2622
2715
1734
360
3264
3384
718
263
1131
1697
3037
3641
529
1967
1030
2110
1111
2251
2714
552
2798
2027
2713
1579
3442
1061
2366
183
4289
2611
709
2993
3277
4188
1776
3650
1454
2397
1808
3843
1120
2785
2882
1830
2052
2164
3456
3664
4157
2017
2495
910
3017
52
2539
3813
223
299
655
2117
4178
631
844
1434
2387
2528
3905
3307
3590
2462
1261
2490
4059
19
1144
2292
1393
3307
662
244
1821
238
3371
1664
3407
1658
1533
603
2011
1290
4125
844
3021
2334
930
733
3947
704
1459
3461
1718
3866
2154
2367
618
3096
4038
4142
341
3925
3856
3596
4221
899
2306
1451
1373
2963
1389
3046
2887
2530
2627
929
4216
915
1993
3496
3289
2926
828
1606
2704
2783
2424
4141
3503
4063
459
3032
2818
4259
1880
2097
2132
494
1512
1893
2327
3029
908
21
414
4108
607
1281
297
448
949
2585
4177
302
1265
1468
1722
2979
281
584
3439
3950
1473
2533
1674
2603
1852
1767
3824
2585
800
1405
3456
1142
2785
2495
1689
2610
3353
4260
3929
76
1191
1239
355
636
1414
257
4081
2635
4036
3707
2334
1292
1706
1656
1368
4186
187
4190
3789
3282
1327
51
1861
3843
4001
3065
716
2545
2047
2192
1588
3214
2577
276
3214
644
892
2431
702
680
642
770
2011
1105
478
3290
4013
1705
1423
1446
4014
3113
1129
1267
3454
1231
864
354
2305
2914
1840
3417
2133
3513
1546
1794
2356
292
3624
2376
1154
4025
2395
2394
2240
977
2364
2814
2882
3525
378
4268
3981
3123
1636
566
2762
4050
4276
3964
3449
3568
2784
2869
1464
636
279
1418
238
880
3373
1993
462
4156
2240
1404
3487
3927
3252
1858
649
4262
2428
1853
2905
53
2745
4011
2973
311
759
2822
645
3934
1787
2786
550
1060
2048
3776
1326
530
294
3432
2188
1236
4160
1300
3683
297
3554
3650
1584
1270
2659
732
2708
2061
1896
3404
1473
4276
3450
4168
2318
975
2097
334
1538
2177
3967
1542
3670
2502
3025
347
615
3869
2460
1081
2365
2456
1460
1402
701
2487
3706
2586
3701
1143
301
2116
667
1934
83
578
793
3310
3775
3015
1581
3715
744
598
816
871
2111
3209
2921
913
3260
3449
3560
4272
930
1737
2960
1788
761
3866
2599
926
900
228
3399
618
3738
4223
421
3623
1378
2670
2244
1737
1284
1404
3320
2975
882
3827
1425
594
1773
961
393
1625
271
3958
2101
1628
4034
660
1700
4224
1776
1026
3585
775
3110
1774
3420
2188
2929
1430
3781
2900
2828
741
1185
1045
4112
3773
40
2050
1876
2262
3846
2777
201
2487
2539
3964
2107
3888
3738
1717
3246
2656
3520
1144
2523
807
3419
3314
3185
4218
465
407
668
3902
879
1191
1807
2173
533
3865
2603
3499
643
290
834
3443
2323
845
1446
2969
2398
3241
1657
643
2827
547
2421
685
2425
1483
1736
2368
1248
1850
3980
3324
1656
258
664
2246
1129
2572
4011
3693
226
946
3143
990
1270
2585
3360
3805
1440
2993
2354
3957
3083
3243
3867
3598
2610
779
1703
3083
1580
3499
1576
1864
1638
1193
3165
2346
1919
395
3606
2072
2301
1364
1267
387
4068
1677
2958
1951
2519
2842
3845
1047
2523
1193
2307
949
1321
3235
2988
1243
3921
3473
3736
1336
4221
2410
116
3968
3749
2050
3528
2673
898
3272
3043
3213
3230
2578
1497
1247
3806
2747
3537
1052
2642
2905
1462
1047
2957
299
2725
478
1955
2108
537
19
2569
329
357
246
134
2532
3831
1796
1107
144
902
975
3895
2932
4293
1496
4210
3673
321
1480
3317
1407
460
4020
1940
2720
3736
4231
2551
248
1091
1268
1828
3986
3164
4244
1652
1858
3588
1814
2403
255
2116
40
119
3533
21
3741
1031
4225
2212
972
2010
1359
2160
391
3291
1563
2641
964
3266
2337
4218
106
2793
1449
2322
995
1546
3650
4231
2541
258
1892
1860
1674
4233
4177
1140
2045
4255
1242
146
1119
2171
3824
2379
391
3185
1031
3491
3657
3171
61
2990
3916
3186
1920
451
436
3287
2369
193
2797
2375
2393
3425
1295
3644
304
751
1292
1296
543
2221
1242
2690
1122
3994
2622
1728
1459
1155
1768
1646
3363
3795
198
1414
867
3414
766
2418
1784
1388
1306
3762
3118
3616
4148
2625
1961
744
1168
2769
1937
3770
2301
2244
1511
2752
1847
3280
3289
3094
749
3130
3172
91
649
626
1824
1678
3100
3223
1058
4047
3256
4175
102
2717
1530
3736
2303
2247
2596
3907
3857
469
1842
3285
4150
540
3815
2617
3948
1348
3221
2724
2454
3886
744
4019
180
1207
2745
1114
2176
866
3209
539
2150
2886
2070
4025
3588
1204
2621
2396
1343
279
2467
1098
4130
1876
823
1774
698
3474
2831
1208
3029
3052
212
3371
2193
1149
3718
3641
1368
3147
2174
3813
1816
2423
1791
1184
2567
3221
3565
1518
3579
1351
3690
542
3415
84
158
1953
3625
4192
2719
3542
1150
2829
4074
908
3024
3921
2269
468
2784
951
2012
1234
1817
856
1587
1303
1036
3601
2485
245
882
73
654
1480
1682
1802
1034
1978
2423
688
3841
1508
74
1315
595
1483
2575
3557
3404
2970
1986
2553
813
1331
2499
3402
2974
3784
223
4290
3249
761
1055
3467
3169
3742
1414
3442
3605
4135
3684
1876
4142
4166
2232
1819
650
78
825
1352
1122
517
868
1654
2305
1858
1361
2050
3975
3457
3439
2719
820
3735
1526
2906
3653
3827
2188
646
3863
4229
1194
2686
2003
2204
2904
2556
344
547
1801
623
3128
1755
3674
225
1825
3147
2514
4110
2253
2199
772
3789
1584
1324
562
2007
1287
2196
2406
2140
4053
40
1960
1517
2716
3878
2597
2285
1166
1811
3043
3221
112
2089
3337
2841
1589
3630
1976
1920
3877
2057
2002
2309
4299
2478
2170
2876
3890
2598
2032
1066
3475
3236
1597
3801
523
1257
3105
385
2234
960
2820
108
3208
2792
960
463
2520
2844
1510
1031
3900
2566
2472
1117
4239
4101
1233
3682
146
3145
2780
4016
1261
3005
3652
1282
2591
3227
3491
2447
3509
2899
168
821
34
1530
2916
3646
1584
1654
1667
78
755
1690
1762
2716
2015
884
2722
2044
2097
4103
2173
448
2836
584
931
2081
3595
2253
3558
559
438
3817
1244
2849
1717
2607
817
3510
4245
1037
324
2886
1198
717
4257
1050
506
2054
3935
4290
49
2478
2758
1906
938
4291
85
2096
4
1584
3124
4009
133
3695
1930
3839
4053
217
2366
3089
96
1060
2533
3778
3603
1711
3486
2477
1142
3041
279
3570
434
1493
3439
3456
2624
587
3439
2463
2575
2326
4077
321
4140
4151
274
1044
611
1214
2536
2818
3168
2628
1976
3834
3067
1324
1174
1428
2721
3179
2643
388
3673
1698
3471
3053
688
2954
3143
1646
4282
3560
1133
3711
1054
2942
3926
2882
1527
3734
3726
2219
2868
299
2784
929
4187
2452
3131
1320
3508
3490
1780
3224
2850
3252
239
1207
3513
3696
2225
4201
3889
1570
1623
3286
8
1133
4253
12
1858
2914
4095
3968
2465
4006
2157
4215
537
1414
505
3345
1439
3698
2159
3776
1520
1980
2069
1288
2300
1503
788
76
3694
4084
1969
4014
3627
153
2954
1352
2689
3112
2969
4289
2798
843
1967
3718
3183
3745
691
2170
1736
3149
3777
4150
2458
555
2576
342
2655
3952
957
3397
3153
747
2858
3803
2296
3275
2335
4230
4270
1882
4275
878
2808
104
2305
1838
2188
2607
3457
3147
781
160
35
3904
4077
98
3857
3549
1766
2549
2599
2055
1152
2324
3241
3057
1255
169
963
1415
3407
455
859
2705
1409
178
2465
973
2370
1831
185
4145
958
1206
2685
1113
4
1340
3207
1183
2414
529
2984
352
2799
273
3662
1304
3922
1775
1748
278
664
959
2683
2743
2560
3450
1635
845
1720
516
990
2689
3649
3981
1173
907
2449
985
2544
2789
3020
884
17
2091
440
2068
3567
502
3908
2434
2590
818
4019
3544
1638
2631
1160
1239
1175
1053
1
46
1617
1711
2023
1047
1500
352
24
2843
1532
2475
1977
3047
2873
3222
3442
1804
2826
3298
3609
4056
1829
2402
3569
3206
1215
479
2487
880
3565
2546
2145
2393
3518
2207
4180
1299
346
2665
2117
3674
1952
1503
891
4002
3331
1068
845
540
3352
399
988
440
543
3479
1580
2931
4294
17
1165
2687
3777
2591
253
2246
801
129
111
100
4260
1401
3036
2222
1260
4102
1529
3253
103
3607
346
368
2464
3880
713
3639
2760
2802
4281
450
2655
2774
1491
328
1913
536
4028
843
3562
2372
4067
1368
398
704
2448
2253
3601
3142
1790
652
2168
261
4166
2442
4012
3470
2960
2002
3617
1341
2493
1363
3280
2673
3307
3272
1808
2525
3689
2951
3560
1926
3506
3039
1628
621
1579
1997
714
3564
3476
2820
3329
2671
3559
1935
1599
1350
1283
2935
993
1493
671
113
3410
1475
2461
2354
2340
3493
3434
4065
2569
3324
635
1406
1836
369
1179
2444
91
511
2645
2129
1786
2660
3301
2166
709
3763
1776
2611
3076
853
1003
4072
1174
3679
280
2491
1713
137
3079
3363
3175
1070
3731
4016
3004
2061
491
3611
713
3989
1618
2851
3314
476
1222
2012
3997
3578
1607
2712
743
2533
3641
2644
1956
1620
1338
2801
3522
3032
1005
2775
3454
1562
2126
3505
3625
2901
4028
2902
2159
1584
1639
1986
2720
1335
413
3676
440
2565
1712
3900
1600
915
1731
1168
2769
2526
1483
22
3073
2165
1525
745
2632
2874
3232
1108
2856
2019
3094
3810
1703
3056
3673
2275
3472
3402
1143
1547
1949
2326
3704
547
932
2596
3221
2104
3158
336
2951
4061
2909
193
683
3874
1253
2281
3843
1516
3952
186
4058
2186
4091
3781
2801
2831
3833
908
4103
1860
2392
2281
2280
4135
1798
2264
3594
3594
520
3576
2982
2835
3850
3534
164
3709
538
1947
2031
2228
2194
1162
3498
3034
3511
3683
3396
332
695
1535
2857
3772
1484
4043
725
3932
2916
184
1342
1424
369
332
1388
2691
1069
1210
3407
4255
3836
319
3636
3004
3410
1717
2891
1856
3186
3650
1997
2055
1720
3485
1977
3445
48
939
3918
1470
3598
1410
1716
2983
1994
1652
2607
3580
2381
1954
2073
1390
2515
1556
3361
1256
1080
880
3274
3870
2888
544
4040
4247
415
3376
2520
652
1229
2890
671
1480
1859
2259
3625
3357
285
2279
4210
2285
544
3467
405
443
3419
3021
1838
1403
437
2259
3934
3479
2667
3162
1279
4241
2399
1704
222
1263
3616
4153
1772
2454
3087
4030
1392
262
1921
667
2835
1923
4241
1930
1726
2824
3039
1
762
601
1521
2291
2852
217
2379
3619
246
2797
1446
1159
4140
1763
2912
948
3480
1456
3175
1968
530
3064
676
2203
4243
2471
1053
3276
3101
276
1283
170
2727
1922
193
3908
590
3819
3440
3794
3130
114
128
2960
2006
3041
3146
597
1897
2921
4124
3109
708
3212
3229
1347
840
1693
273
315
917
3311
3085
3976
1461
583
3746
1683
333
2877
3514
783
1605
2274
316
3462
2646
725
3728
4286
3911
802
2829
2535
4146
4007
1379
2143
2443
3340
3470
3232
2463
3834
2210
2371
684
3527
2418
1130
1169
728
1544
3870
3127
756
3315
3105
742
2531
948
2140
56
325
630
3021
492
943
2579
860
3405
4030
3158
88
4081
2441
1613
2423
4036
454
1081
3322
431
2831
1801
2223
5
2754
1005
1716
3277
4109
4107
575
1704
2928
1638
1957
1071
105
3009
2549
2845
2861
1631
2582
2868
828
2378
1368
1175
2600
1883
1313
2287
1560
2386
983
3533
343
2326
3779
3428
4020
3486
4013
1684
1588
4260
1089
966
1317
3823
2685
621
2989
484
123
2135
3822
2957
678
3891
3543
2870
2948
3732
4189
179
4169
139
2491
2562
1208
3532
2798
4268
3004
278
1824
1675
3996
2107
358
2559
4037
780
2525
2579
3663
567
2323
3376
4232
995
591
75
30
3029
4286
1219
762
4187
884
3629
4013
1994
1829
1172
3015
3647
3844
43
2269
4171
414
2618
3528
40
3971
4047
797
219
55
2530
1763
2123
330
365
2452
3967
4239
3298
3700
1829
1382
2266
2740
3457
1110
3322
3163
2445
477
3928
443
1655
780
4104
3138
3038
56
1701
1926
4072
972
3316
1117
3001
3570
2629
2474
3474
3836
358
2802
2131
2212
1280
2314
3011
2358
3278
1868
2007
290
2911
1769
3225
830
4047
1024
4237
4246
1260
828
1682
450
1990
3479
2979
1413
3421
1851
2202
817
869
1103
2620
3141
3959
3305
636
3200
2473
3007
1320
255
2648
809
2758
3090
1135
1640
3098
3239
1387
2613
893
758
4040
1987
3777
112
1290
378
248
799
1478
1256
2199
327
144
3448
3695
434
1550
1668
2872
2992
2888
2168
4087
21
3469
2172
3487
4108
446
2764
777
1971
1738
3356
96
331
3029
3870
235
2217
3759
2219
2705
2446
1507
585
872
2359
627
1421
2842
3985
4184
2938
3012
2855
2627
2323
4236
1970
658
1978
2983
1882
3473
3392
770
2821
2180
3245
1274
532
3153
1538
3280
2154
1022
40
1753
2362
2918
3504
631
4159
457
125
298
2966
3655
3994
3423
1220
3034
138
693
3608
2012
3100
985
3664
3676
902
1301
311
2959
2421
2934
3810
3318
2890
3918
1283
374
1609
4145
2737
1612
4247
2666
70
2459
1155
3889
543
2419
2351
3567
3161
909
2699
703
4216
1995
2977
2168
2676
2625
3658
1698
680
1887
2409
2755
3729
1021
2306
2480
3426
1375
1314
2395
75
3546
1656
2153
2076
3118
2510
4182
3027
3871
557
752
3999
1563
3515
2715
4170
1256
1973
1517
3436
808
4060
929
3098
1890
2979
1911
3214
2319
544
1669
642
2853
4005
384
3593
3387
1091
179
437
1670
3066
61
3615
3347
1320
3849
241
3437
2017
2720
559
785
1669
4117
84
440
3263
2079
3445
3968
3210
3667
1207
3896
673
2877
4291
1747
1168
2391
1447
95
3081
2784
2175
741
74
3037
4211
712
4282
2208
2656
3234
2463
524
409
2389
2991
3318
2156
805
269
3548
23
257
3829
1971
1525
3129
3344
123
3764
3703
1753
3771
1336
43
4088
2359
2630
3272
500
908
148
2775
803
3039
1426
4133
327
97
3470
1746
295
3609
496
3525
1170
3156
1281
79
1694
3622
940
1959
3590
3554
923
4253
2870
174
4124
1639
1572
4218
1499
2416
4115
3396
800
417
1554
3329
12
1373
3571
259
362
165
2068
3281
2127
1816
3302
3587
64
2587
1084
1973
2822
2046
2234
767
1083
1096
2848
1144
161
2899
972
4226
3785
1179
111
108
2986
100
4121
231
4130
1794
2077
3932
169
4190
1738
397
1530
2996
3350
2334
2171
3638
3330
2871
3249
2924
3468
60
2181
3317
1658
2292
2529
2413
3782
3870
2020
2637
3405
1589
1409
3480
3819
2644
2422
1648
1523
2684
563
455
2762
2833
1612
3382
2851
3033
316
2989
3174
209
3877
3546
4157
972
924
916
713
2681
2979
3461
1434
3798
3679
2757
3833
2644
1413
1581
1114
406
1912
112
2325
3844
2942
1348
1901
3901
2434
2219
2984
1778
1489
529
3214
3719
1806
2058
455
3510
2467
289
2965
554
850
3806
2176
467
3424
2004
1207
1954
3935
351
2905
4254
3065
948
933
3001
3187
756
1327
2844
406
584
3829
1158
4164
2085
3834
789
2325
4242
3771
3062
2591
978
3310
3866
234
1786
111
3234
2320
1274
717
1202
2215
2403
1734
3046
4237
154
807
1427
2834
3720
3780
870
3070
4271
65
56
3292
182
2434
1103
759
656
1993
3656
3729
2328
95
4222
1753
130
4055
1290
2550
401
964
2881
3381
1135
974
664
2359
3171
546
2438
1671
2169
3879
1
3147
3415
1596
3520
2636
177
103
1258
2153
3344
1422
2750
4253
3183
1885
4225
2906
3168
768
1917
2139
936
55
570
3605
2396
599
2700
3070
2291
3685
1838
1186
2272
132
465
345
867
1013
994
1766
423
2362
2999
3076
1235
4137
3640
3335
1456
1042
2726
1167
1142
3255
3647
2081
352
2149
3819
1934
1083
3591
3056
4203
2430
2690
3283
2303
3437
2372
2254
1635
1265
1684
607
1887
115
2092
1526
1198
3768
1564
1959
1683
4038
4170
814
1902
36
4223
3746
179
3350
2067
476
2104
1164
1187
1240
1612
4129
3736
803
2756
2848
3541
2447
2256
1389
4079
2180
2654
4208
2279
3797
1069
21
3064
1620
3565
2600
166
503
2751
943
690
1238
2278
1806
3083
2114
1836
397
3812
2216
197
1587
1654
3391
2050
575
1799
3286
4278
3843
1296
3965
2408
2702
1832
390
2278
1649
1463
3329
4106
3919
2660
2028
961
956
549
4227
1968
3011
1763
1859
1099
3861
4194
1574
3280
1384
2712
2597
105
435
1363
1843
2944
2314
852
832
4104
2138
3510
715
140
2956
1474
1200
551
1438
1347
851
3133
883
4159
4266
3384
4013
3723
449
933
4047
2347
126
513
1460
3689
847
3702
1122
1483
845
817
2486
4075
4179
3763
3934
3277
2459
1784
2531
2382
2041
3478
2844
2236
1830
2496
947
4171
1822
152
496
1494
3033
3519
779
791
2867
4274
3064
2979
1476
724
3015
2223
660
1163
1359
541
234
2278
2690
3933
1850
858
3233
2860
1283
3799
3804
1771
2529
4025
2299
1030
2559
2529
556
1585
4011
3256
598
2865
3742
1465
2099
1739
3884
3934
2117
1535
896
3221
3878
1123
1320
1188
1623
30
1668
1135
2603
3615
356
44
2311
245
4081
1027
1697
2943
1089
1525
2522
3404
1923
3061
3821
707
1848
3047
3556
1338
1344
1045
2655
3298
3336
2395
1343
2943
3820
771
2116
996
1318
789
467
316
2717
3446
2026
2257
1194
881
2882
2794
188
2363
249
200
2471
3402
2365
2573
2283
3927
195
650
2534
2130
3723
1261
1648
1179
2644
1182
3726
3115
28
2536
2342
3688
582
2354
1950
3776
772
932
3080
2809
1492
16
935
967
1909
1119
599
1696
1695
2332
38
2072
3322
1115
1900
891
3601
648
716
969
1607
1964
3278
1031
1440
3406
3959
2644
1411
165
2029
2535
1640
2365
390
3316
385
3447
586
3904
698
2459
2237
4017
3374
3263
951
3782
751
1000
2925
1700
4233
3290
3471
1103
3063
3011
252
2372
1109
2083
4089
3987
3287
2803
1522
3676
3182
2958
3036
2048
1006
2852
2449
4077
526
1526
937
2334
2406
256
2423
3543
1735
999
897
72
494
1365
2956
3379
4266
1158
2359
1306
4177
570
4296
2050
2251
3926
3408
1569
436
2489
1500
2901
408
729
3747
2211
3186
1990
3824
2348
3919
2264
1825
2081
29
2159
1793
2255
2740
3588
3048
1539
3835
4271
3232
422
4092
1425
2790
3882
1091
3235
4153
505
2384
2560
3
3479
2397
3864
3125
2322
2717
195
3424
3593
3422
2173
1574
2847
2197
1223
2022
255
519
2402
3963
2465
2704
3604
848
924
2920
1638
1285
943
3479
2012
443
466
1784
3137
229
3532
3069
4215
525
3297
1974
392
591
960
1968
1803
1469
1763
657
2331
2267
990
2492
1665
2789
1218
3531
959
1315
981
2012
2065
3736
3262
1513
3464
2346
1743
1452
3458
172
826
1735
2013
618
3523
329
1868
3324
3528
2711
2611
1409
4136
2046
2527
1723
2035
1547
2344
646
2666
116
3443
1353
2167
3921
1450
3254
3315
1587
1510
642
1858
2646
3281
906
2024
3365
4231
601
2861
2853
2212
3447
1260
3287
1698
1912
2239
3037
3356
1103
1804
612
3740
2309
27
2982
831
3859
4203
858
3114
715
1593
3633
1100
2562
493
905
453
3182
1890
183
4279
3520
134
513
2852
1082
2298
3117
1587
248
388
2703
3976
961
2780
3822
2012
4203
4190
3379
2355
1126
2300
703
1845
2915
3374
2961
616
2843
1970
484
2620
2535
1761
565
2329
4094
2213
843
3534
3593
368
1089
3659
429
1715
835
3861
424
1338
3999
4081
753
1274
101
4269
4087
800
2872
4212
2359
1028
1791
3122
368
3465
69
3777
2295
1249
1369
2440
2342
1470
2352
1356
419
60
1643
699
111
3388
4247
4042
1248
161
3437
551
2741
3091
2191
550
4270
1502
1550
2516
1039
1833
3479
709
46
3857
3612
3066
3933
2635
1333
608
2315
318
3823
3081
1544
2337
1384
89
1063
2467
1703
3586
3960
2612
4011
3410
4041
2869
3606
3511
4238
4292
80
1506
4148
3587
1595
2292
160
4104
334
2984
1122
2377
4246
3112
3691
2184
3970
4239
1891
3583
3687
660
2968
950
697
3580
3195
2979
2002
4219
2240
3449
618
4213
158
657
4021
2644
784
2761
4192
3419
353
2124
822
1040
3689
137
1077
3679
3664
63
3934
1867
1048
3493
1780
4073
3008
2743
1323
1024
1257
1631
1085
3314
3659
4005
3360
1114
3318
2921
1131
1997
3651
3072
2487
946
3188
2017
1587
457
3450
1273
2178
4218
975
2844
279
149
304
3340
402
947
586
3030
3998
3280
70
1087
2412
2295
1928
3563
2949
603
698
3088
2754
3359
2556
581
119
3061
2726
381
2843
2509
305
3509
2676
1196
1831
1217
3090
201
2331
2275
1347
2199
1820
435
2283
3947
110
914
4134
941
2713
411
418
1456
2880
2627
1989
806
1999
2024
3894
2129
4279
2878
409
262
1580
4231
2501
3131
4116
988
4121
1344
2325
1596
4166
1235
26
3436
809
2680
1284
3081
553
2167
102
2101
3605
1494
3462
1531
857
1434
733
137
1331
3097
2762
161
583
3062
2302
3649
1778
4125
681
1589
630
926
962
225
2931
504
374
1065
1795
2906
3631
3081
1008
2031
3294
2354
1787
705
3945
3230
1301
865
4261
3601
1557
2113
603
3002
2612
2206
3593
2028
1462
3836
1208
1568
2977
788
1896
3339
2903
3951
3343
3997
1033
320
681
1885
1325
2618
4144
965
1476
2274
485
823
68
3315
1411
3137
2557
3994