4969
4403
6416
3682
5426
4215
2111
3164
193
1848
1112
6369
4756
2530
22
6342
4353
3036
6792
6677
2106
5959
6518
4240
960
169
113
1318
124
5405
1458
6158
6946
4513
1165
2563
6739
256
4545
4932
1964
424
6698
1243
150
4241
2876
1146
4051
4104
230
3213
323
3459
1926
5070
2705
1464
3291
2642
4777
1058
6530
665
5643
151
2605
2010
6731
2560
5164
3929
5167
6109
5798
6327
5302
5239
2034
2120
814
2211
3256
1057
444
3819
3462
6204
5029
3705
3124
3289
6214
3744
789
3988
4073
4700
4456
131
5932
5019
1029
6396
4369
2395
5411
577
6668
6023
4495
2458
2225
1037
637
546
2558
5216
2220
1751
6573
4086
2802
6983
4871
5245
6362
4519
750
4712
3182
4017
6829
47
2480
2335
106
1913
6407
2733
6404
4615
1984
2465
2459
328
2180
5335
1672
6455
49
3694
5126
6108
5035
6840
1048
1542
6864
2146
6153
2973
2113
2894
5337
3778
1679
4353
3206
5475
946
3465
2671
5437
875
4302
6947
5781
1044
349
6136
3717
5066
1907
4329
4269
3485
2965
2748
1871
1561
739
160
4391
1945
6807
5690
6495
3794
5904
6737
2004
665
3392
1740
2421
2587
6122
5302
1424
6511
3058
2027
1150
5897
6527
650
133
5885
1905
6337
5200
4454
2253
3756
6191
3924
3502
4837
614
1520
114
2639
5217
4544
3822
2754
6696
1009
428
658
2006
4614
846
3089
6957
1563
1085
2941
1097
3527
4764
5085
2286
5244
1898
6168
2536
6191
687
452
545
4434
4195
5320
6624
2741
3778
775
5996
2860
2733
1015
6688
6013
2073
101
4452
2348
5168
3467
5174
2154
5442
238
6105
1568
6158
3084
5058
2749
4974
114
2583
1394
653
4595
3273
191
6105
6301
1655
5113
2878
5100
3310
5787
1912
2605
1207
2336
1060
6126
4887
3518
1068
1208
6890
6001
4817
1920
4886
1305
2180
5877
1323
2635
5772
2723
825
1522
2466
6089
3859
6222
6203
3365
2968
6037
3908
1107
3958
5422
3359
1076
1624
3324
2050
6515
5719
1702
1445
6070
3384
6571
1589
3265
4258
122
3284
2239
2038
6601
5874
1970
5257
6388
6717
2592
3294
5738
3150
5174
3668
3963
3481
4391
3224
1
4803
958
85
3378
203
3544
4274
5885
2870
4361
2219
2681
5279
2059
4526
5518
5299
4677
5343
2431
1874
3056
3894
4326
5870
1908
1033
6437
4668
2922
5216
614
2769
3820
6110
514
431
5329
5291
663
5650
6612
4830
4078
1634
3818
6365
2621
5349
3201
1341
1479
4661
4458
5902
2263
3559
1282
3548
3598
4893
1988
6879
4220
4377
2225
463
283
4560
3377
2183
1433
471
4936
2484
2394
5821
546
3341
1080
2449
5889
715
5657
5150
2375
1915
205
4971
4460
4625
2491
6431
6986
539
5186
2667
6298
6765
4615
4089
6893
6205
4328
1306
6784
1745
2831
2280
1504
1397
1535
2355
3654
3429
3619
2834
2445
248
466
3017
844
4815
909
6656
4513
860
3265
2243
39
6339
2630
6665
6611
1959
2897
5909
2491
6571
3733
5110
4609
3869
2260
3484
5082
571
3566
2756
813
631
4605
4986
6
2257
559
4890
1593
1849
6980
1655
6837
4803
6793
3949
3144
1349
1150
1694
4116
2780
1174
2483
2862
1611
4105
4626
5076
6762
2806
2222
340
5005
4282
4242
2
1273
5934
5510
2116
4603
4571
2972
1022
2364
229
4616
5301
5565
3792
2943
4425
3194
37
4622
5925
4172
4258
2267
5929
5297
1221
6243
3444
6020
5127
4724
875
6626
4877
2322
5021
4127
5511
4780
4728
4023
3562
396
3650
4109
2608
2362
5155
1893
6057
965
3824
1958
5300
3233
1258
5691
3465
6862
6042
5102
172
1822
2133
2288
4536
288
4766
4213
3428
931
1214
5249
78
6641
2300
6599
3702
967
5789
6111
3930
5205
2687
3077
645
4671
6669
1405
910
5143
2651
4916
3907
4141
3229
484
6815
4581
2056
312
959
5209
6426
3188
3017
641
4495
6396
2302
3359
5704
4459
1175
6379
4946
5880
2801
1017
2432
1175
519
4414
3478
551
4981
31
5531
1466
5543
3725
4017
3198
6819
18
4239
1252
1643
2547
299
5919
4979
550
544
6734
3740
2463
3822
72
5835
4665
6789
2312
5201
16
2546
6384
6358
219
3384
4787
3911
125
3957
3325
5618
2096
6728
3692
2517
6633
498
4828
5113
2847
1779
5697
3884
3956
3905
1603
6720
1933
1031
1197
907
3855
1090
4763
1831
5101
1840
5191
4702
2830
260
4766
6482
5178
4787
2791
5849
5831
4707
5498
6918
2250
1920
4661
6107
2477
3024
5432
142
4899
6724
4136
3556
5643
5315
4489
6374
4815
6554
4795
5968
5192
1
2612
2652
2810
5838
6343
3203
280
755
6434
4779
3439
129
3926
4960
1441
660
3095
960
5574
6586
2161
5617
3752
1490
4449
1922
2489
5692
1872
2508
2408
3588
5089
1859
4754
6497
764
5746
452
2181
2384
4549
855
1875
3811
6841
2745
4858
3
5902
4566
1467
1773
2744
1919
3369
5316
5672
184
1549
3547
118
2059
5980
4781
784
5740
3958
4849
5872
1430
6990
2044
2490
4525
6594
4533
4626
701
2582
1912
4749
5537
2350
5565
2243
3755
2949
1223
4319
145
1809
3749
6571
2676
3634
5300
4315
4781
1279
3985
2237
5163
5441
1551
4976
4528
1711
2900
5971
6983
2001
1873
73
6723
5437
793
3866
4718
4637
1017
3469
1152
785
2033
2494
6084
822
5098
3740
1968
661
4291
5213
809
6790
1547
3936
2558
1461
6652
3362
1523
6690
5808
2301
2834
920
3217
980
5062
5859
2917
2484
3833
1535
3645
4792
1418
5590
6162
915
1834
6886
887
1247
5576
4165
6929
2708
1508
3260
1166
6630
1600
1368
3267
1652
6540
48
3891
1126
416
5753
1026
3480
566
2445
2148
5165
8
2232
2417
2022
3878
655
6089
1389
4549
1157
1063
3276
4333
5561
1766
2570
3047
1778
4174
2944
3004
5215
1268
2132
270
2953
6197
5512
4373
6374
438
472
74
6696
1989
716
4721
4889
5649
4566
4757
3862
5264
2019
6236
4918
4576
5510
2250
5932
1459
656
1127
1143
3336
2093
3523
560
2819
610
5877
49
5773
380
826
3762
804
2975
4019
4068
5587
950
6648
6351
4893
947
2236
2064
9
3396
4460
1796
5434
1506
2123
6296
6954
6532
4594
2523
2050
2421
1897
2479
864
6027
5714
1313
5610
1385
252
4366
4826
3725
6071
3964
2748
6120
6102
76
638
5288
2398
844
9
4635
2208
6702
4273
1997
5798
5260
3299
5469
2725
963
2839
1034
4279
2174
626
879
2100
4105
5505
3387
3037
6962
6164
3187
6948
6844
474
6256
956
6834
4712
1867
1492
6854
1387
6383
3508
2199
3490
3183
1025
6045
1752
6539
1569
4583
4503
5996
6118
4985
6488
5711
1808
1116
3776
3941
3078
820
4490
6074
4242
1611
5763
6879
4632
5244
6711
428
3238
4347
1572
6787
3411
174
3389
2797
6219
167
1781
5466
4260
2441
4546
4480
5451
133
4273
467
1965
4503
5765
755
5005
434
4625
248
645
2306
3972
6377
4820
6157
373
4252
6409
3668
4700
2890
734
6847
4125
1749
6324
1779
215
1107
825
1362
542
4979
5834
4491
1303
2808
112
5545
6568
1839
6179
6961
2140
4098
3732
6706
3806
3212
4265
1
3127
5356
6469
4706
6320
3532
5950
6305
5559
991
322
3672
1599
5432
917
5977
4136
1102
6965
1663
3509
4599
6068
3567
5992
155
496
602
6789
5077
1586
6646
2001
4370
2187
4967
3652
2642
1718
795
3798
5986
4306
887
1396
5171
5398
661
3470
4356
2796
2938
173
583
1319
2037
4811
6121
5570
1415
6298
5284
5779
6597
6337
4629
1678
5723
5211
5561
4953
1499
5146
3794
4461
5790
5645
482
945
1996
2648
1872
4614
2239
5036
6154
142
5246
3310
3092
4105
1916
2387
5525
337
6158
326
2759
5764
4144
6152
5402
6807
5148
1642
1052
3330
5442
6992
594
4278
2030
2766
5996
2524
644
6519
941
6563
5781
3284
1652
1337
581
4575
594
6806
5316
1674
6078
6925
5889
5307
6836
1339
2085
6380
1688
5574
6697
3644
1375
1093
2018
1492
6535
381
6719
629
1959
2278
5877
5921
316
5001
5898
327
56
6456
5941
4742
2257
6971
6345
1877
648
1007
4568
4682
638
5066
3468
198
6956
4827
1266
1469
4607
541
641
492
4612
2125
801
2646
3679
92
2200
1759
5567
220
4649
6785
1144
3579
3371
1671
2234
773
811
3717
1088
6605
4742
1911
1268
4087
3535
4840
2177
252
3148
2817
4495
6151
1401
4616
6577
6362
4001
4873
4370
4418
1903
4768
5301
3488
5119
523
366
1949
6340
682
1577
5143
6357
6647
2743
2769
2076
428
6349
5606
1774
5217
6268
5563
5781
4985
1818
5098
2785
779
3878
6856
5387
2404
6535
12
1748
1422
4194
4358
705
5182
3395
3433
1254
5477
5020
4466
3448
853
1470
2245
5980
2114
5723
393
1632
3789
5088
1462
1620
5059
6439
5351
5587
132
5809
146
3007
3402
5897
6470
5713
3181
4710
1577
2373
1433
4991
3215
368
3892
1233
1745
3530
461
1855
4354
773
5015
1378
6915
5694
501
1119
6202
5019
3550
2456
1729
328
264
3633
154
998
370
380
5962
4785
890
4421
1641
4845
5003
1308
2589
73
5199
3161
2162
5220
4610
1659
3325
899
2649
5072
4912
5320
5209
5833
3005
6827
1568
1232
6129
4740
6280
5383
647
4142
386
1178
200
46
1605
6719
5996
2271
6894
1564
97
4831
5801
2287
82
5289
5733
1670
5324
6871
1796
2740
6217
4713
5791
6902
1389
3617
5557
4469
282
2742
432
2778
4316
4131
1545
3142
4341
4359
2291
3119
6938
892
1375
3284
2734
3300
5465
1287
6814
6574
5236
3480
1160
1355
876
6032
6418
448
968
1625
5653
2281
858
3600
1365
3389
3126
2590
4075
2316
1492
5901
4846
989
2520
1345
4867
304
2883
2607
424
4962
2398
4145
2655
3916
3728
4446
4774
3239
4295
6895
4356
1573
1781
4992
4100
1988
1353
3880
2426
1344
4462
3499
6450
6393
1274
6925
5827
2303
4862
833
3024
6550
3616
3758
1217
891
3675
4639
2434
6627
4539
4473
1656
1505
6360
3811
5327
2654
2132
218
1961
5912
959
670
2363
6234
1616
1546
4256
3950
2249
3366
5250
1239
1793
1083
3590
118
1694
3639
6876
5069
4514
3393
6523
3381
5375
448
5622
5154
6147
4490
3814
5658
4805
2248
4582
3871
6353
2264
1854
3159
3393
1117
4427
1221
2008
3671
1553
2660
5054
3670
5213
3321
3744
3200
6930
2385
3339
4974
5508
2166
1553
2386
1662
520
3492
4756
1971
5212
4099
6630
4153
6113
6612
251
2504
5435
68
5685
2617
4808
5422
5569
1052
2972
2199
401
626
1585
3372
4956
5640
4494
6404
6608
6321
1842
392
4775
1675
4307
4314
1854
2100
5126
6722
4439
3709
6400
2765
2681
663
2741
3835
164
6178
1912
6389
6825
5228
1069
1351
810
1947
6931
197
3824
1566
5222
3188
1394
4427
4301
6743
869
6421
3958
746
4769
6647
5888
341
178
5305
3419
1644
2203
3558
2527
5526
3008
5272
2352
3433
3662
3025
167
210
4414
3628
6035
4397
3960
6380
1188
1611
5403
2971
6477
4618
6391
3767
5010
6455
5207
1576
1561
6972
3771
6668
1795
913
5554
3568
938
1867
5822
4956
3414
1833
3470
28
716
6266
1055
1207
2589
4993
4069
2378
5147
6759
4514
3079
3827
347
6842
4443
3361
4853
1103
3845
1527
6893
1175
1136
5117
5587
625
1781
4504
5547
4549
2500
130
3757
858
3069
1008
2943
6132
3415
797
6462
6138
5911
146
6377
3210
3497
4255
387
3604
2191
1986
6193
4366
92
1622
6233
3507
4163
6850
2577
2043
2282
1107
3084
6276
648
391
520
2324
4768
408
3349
925
3023
4434
6218
6555
3453
3765
6708
6760
6400
6411
1183
6701
882
2479
6747
3731
6589
5099
2955
2886
1402
1678
3869
6833
1632
41
463
993
6998
3028
2148
484
4515
6767
5900
77
5051
1133
1817
5603
3240
427
1236
2522
6113
3683
4309
3158
6874
1515
6802
6165
5582
1394
3022
169
2738
5809
3515
1677
4033
5192
3151
4169
1488
1890
549
3779
1922
5868
2669
6527
1822
1867
6962
3809
3681
2326
5259
4363
191
4797
2086
787
855
5638
1099
4602
5354
6966
2615
3588
3841
6783
6511
4158
5818
517
655
359
4547
1820
5327
401
6071
4673
1654
3650
3604
4870
1513
4763
4470
2577
2710
6406
2799
6676
272
5791
227
5973
3600
440
484
6185
1275
6660
3375
1647
285
4866
130
5384
4107
6577
148
4084
3898
1102
2729
2734
3912
4791
4301
1967
2140
3700
3112
221
383
1880
1150
1635
1952
1543
2310
4245
3368
1935
420
3835
700
6082
6163
6748
4325
2284
2192
1840
1679
5648
3754
4622
6208
973
2311
2748
6636
6894
3669
3023
2318
1291
3106
3659
6884
6211
6297
1543
2710
2022
4972
6645
4646
6846
768
3610
793
1258
6408
5372
3296
3785
6220
5271
6111
6433
1717
3831
6065
5878
5261
5090
5818
1517
110
6732
5540
2857
183
3964
603
4456
4138
5696
4381
5665
950
4335
5359
4181
3529
5749
923
6229
334
2777
6732
6095
3998
3045
2997
6106
2526
4890
4514
5120
825
2479
3758
5767
3801
2463
3475
2915
3089
5668
4607
2449
3201
3238
4946
5076
1800
6199
5782
2384
4277
1108
2615
3679
2844
223
4350
3393
5135
5894
1820
1863
5790
189
686
112
3736
3562
845
3746
270
648
3235
2733
2993
5056
4913
6834
2005
5526
1668
2410
6146
610
6791
2617
5570
1524
2589
5322
1383
4769
2499
5933
1238
475
4169
1115
3811
1596
3869
6223
2891
3533
5253
1696
4239
974
5782
4290
6029
2440
1180
5191
826
4635
5876
6166
114
1800
4157
4518
428
6542
4445
6826
2402
2276
132
2669
6348
2497
3271
1873
5346
105
1094
6948
4210
1465
4721
3114
5513
2786
2182
4964
4343
4657
1441
2269
6228
186
1404
2703
3777
3250
3991
614
2659
902
315
1456
3378
3018
5412
6010
1827
4626
4196
262
4221
616
6353
1736
4222
5035
4062
936
2592
5504
4361
2937
6111
3041
4109
1474
5598
4656
5835
733
1273
3840
5418
645
5608
774
3156
2569
5843
3321
815
5591
1500
1658
4419
1435
1068
3930
4204
2519
1856
109
235
3520
4008
4677
5358
48
6057
1968
2567
4731
4505
3126
4350
6125
2374
2213
2071
1495
416
6423
1197
1601
455
5345
2186
397
3668
303
199
6745
4400
5759
3780
6963
1872
3112
4084
2362
4710
5420
4546
4032
2066
3427
5577
51
4048
4587
892
694
3378
2794
3744
4088
5781
1283
5800
2256
6538
5946
1749
2446
3427
3388
1324
150
3237
5884
547
2298
5812
2718
2797
4575
3356
3952
6765
2091
2711
3498
3751
3143
4877
289
1447
1469
5429
6442
407
1453
4859
2951
5105
6695
6137
6225
4170
5947
5158
1322
3476
5777
1490
5776
4069
411
732
2216
1480
6758
1039
405
3273
2245
6465
5924
5817
6495
6506
3195
2597
2162
6716
2700
921
4867
6132
6166
5110
5830
125
4418
2932
717
3989
3417
1282
2914
4650
4270
3136
6342
1966
930
601
687
573
3115
4084
30
4271
1786
5477
3892
1546
926
1054
2873
6893
1043
3767
6144
6341
1440
2380
261
3354
3592
1932
3667
1963
6500
1958
4376
4142
267
2388
6591
5342
1025
5994
4605
5376
117
6286
1149
257
4943
3954
1046
4061
1790
1454
1431
2636
6938
3584
1578
4702
2996
5753
416
5134
6043
140
5180
382
1915
4485
2151
3204
1630
5497
1423
2646
2848
5643
5719
4431
824
6820
1001
4180
184
5690
4038
1194
2632
4318
722
2218
3039
2168
2709
4775
6065
5072
5692
3103
2269
5804
2359
1435
2754
680
5593
6905
4967
532
701
1714
1059
2286
1024
5402
6903
1413
6344
830
6815
1989
5740
3030
5855
5233
4204
4260
854
812
5638
4139
4184
1565
3507
6079
2821
3675
2001
5881
2676
2533
2867
2811
1313
37
156
4728
3042
3432
6582
12
2827
2772
5799
3021
400
2917
3961
5402
4608
4225
3562
283
1956
517
864
325
5587
5755
5260
2414
4030
4345
6115
4644
1992
2105
4247
5855
461
2947
1836
1161
3024
134
3214
317
2679
1495
3113
2664
1535
4343
4127
4540
5930
3420
1063
1217
239
1233
4180
5164
4872
5359
5397
3826
981
155
1667
3799
5574
2864
3450
6195
1209
6026
5267
4495
5433
6576
1466
2109
4685
5848
2619
4608
6850
6112
2499
5478
1350
4667
1710
5552
5800
6150
6243
5053
6598
4608
1430
1787
1104
5454
2683
581
270
6555
3295
1386
5327
4079
2779
4963
1820
517
2747
4669
1051
4265
1169
5227
5236
1232
6614
3155
4694
2894
2005
185
1864
2578
6080
6954
4544
5298
230
2743
689
2677
1473
5684
5674
3409
3319
6086
700
5459
1050
6938
3862
4578
184
5900
3399
3638
2631
2129
4968
5029
4526
2516
2212
2764
6341
935
3659
1199
55
770
4816
1030
5799
2963
2344
5770
3055
2017
1450
3389
1572
2303
5266
1906
6787
5299
6960
5750
2247
4458
3351
2551
3933
2679
4099
5094
844
3683
1278
5596
3985
768
2355
6056
5954
1401
2061
4791
6001
307
1986
3003
4211
2287
1869
30
4092
1145
5599
1584
3723
3721
4827
558
3499
1012
3587
5394
1476
4919
5590
6623
2910
317
55
2529
6012
3753
5461
1005
3600
1208
368
405
6490
6689
4039
2220
3093
1209
4463
3223
5698
6490
2246
409
2143
1465
1752
3157
4493
1779
2347
6750
3161
4400
4376
29
773
5574
6270
658
3400
2815
2225
4507
4067
1242
875
2880
1342
4442
4524
3446
2407
6720
1035
6398
2329
1746
2992
5307
5711
2689
114
1494
5631
5220
3965
2838
4389
2957
4195
3858
6627
5052
6816
4958
1955
5387
254
5506
4145
5740
5465
4422
3856
4785
5423
3660
6886
3146
371
1214
2337
799
2380
1928
6856
6084
4092
3710
3316
6869
5497
975
258
6188
6309
1511
2532
6920
2686
1535
1015
3853
2973
632
2851
3169
6374
4116
4260
2286
286
2707
1973
687
2367
4348
5041
3046
5125
5183
6009
1947
1017
4741
5662
1447
1505
5442
3912
2147
1606
1807
3460
2805
6747
5401
1135
109
750
2536
2986
4833
2841
484
1806
3523
6829
648
2529
4318
4745
2313
215
4358
163
792
2108
3597
5226
3871
3294
4559
6161
5601
2803
1662
4981
4750
5394
2074
4496
5610
143
6380
5379
4093
1216
6456
6003
5310
2323
6620
5448
2096
883
6883
1615
388
4254
1185
5679
1851
4760
5478
3000
6083
195
2620
2219
4998
5897
3671
3532
572
5557
2444
5166
4433
4941
3766
1087
889
116
6029
349
2522
4025
2339
6937
2134
5544
2430
771
1814
4056
4430
1735
2167
3583
613
2611
106
3979
6505
5353
4772
5325
1785
1570
2819
2064
3516
2257
4343
18
3122
6456
1740
4857
6791
3147
2639
1649
6703
4519
2665
3661
571
347
1064
4740
2464
1811
1818
5119
1325
1538
2646
5717
424
1574
2751
4141
4200
4712
2789
4409
2972
2398
3593
3724
2554
5384
5273
3994
1288
5914
966
4304
5246
5133
4153
4968
370
1630
4032
3457
1348
3573
5956
2040
6079
5612
6194
1328
6340
4469
2860
1839
4580
1528
5637
1461
4833
2657
6160
2938
2370
6287
2973
6770
3587
269
6564
2168
2674
3047
1009
5424
1823
1894
4200
5912
925
2171
2542
3260
5435
5495
6454
2580
4233
4649
1185
903
1825
1411
4129
6677
3531
6820
1997
3760
4055
6829
2023
6480
6153
3767
545
2991
1923
5848
2876
5958
3267
1767
3617
1503
6445
3297
1493
2446
6107
2459
6764
2162
5968
5400
1744
5896
4544
6393
1708
4925
180
4606
1621
839
6426
40
3261
880
368
5851
181
4672
4812
4792
2984
4334
6191
868
2280
174
3525
368
2655
1097
447
700
2510
6057
3697
2892
6901
5145
3629
4528
3853
2900
6418
6884
4354
1624
302
4084
4991
5740
223
3009
443
6622
4352
4394
2411
3817
5672
588
3277
5437
2170
2316
6981
702
917
641
980
6399
4329
4897
5420
4651
3900
1486
747
1953
1041
1774
5023
839
3503
2618
2237
608
2059
3906
3968
4416
3734
4360
3783
5844
6479
3903
5293
3259
368
4926
6467
6984
2923
1822
2558
576
4211
3330
5167
4393
1447
5291
5398
5930
1035
2257
500
6694
5503
3858
3004
6789
3626
4481
5636
4094
2062
2594
5293
725
741
5937
2171
5865
5002
390
6526
5145
6893
2491
3225
2258
3681
1535
4143
6235
1882
1412
6385
142
2577
2662
2278
6873
6948
5157
2486
6313
2333
4065
6408
5304
5935
6570
4441
3107
2966
2189
4759
5063
2926
5349
4116
1195
177
4452
6568
1748
3809
3381
1673
5687
6139
2048
3700
1013
5401
6548
2690
2108
4317
5892
6063
4569
3872
6290
3454
6834
2923
2060
5884
4301
465
2185
2322
2200
6442
4293
5403
3390
3771
3517
2079
3927
1592
366
131
6677
4348
5021
4361
1186
5510
5414
2087
3391
1966
5354
1568
2794
4458
640
2626
4555
4692
1896
2435
3764
6452
4254
535
5007
6477
1689
6377
3770
6594
899
2446
874
4242
3984
1865
2916
2214
1879
2477
4151
1399
6168
4964
366
4133
3537
387
1662
193
2332
3744
1385
751
6593
5591
5401
5721
2671
5210
3930
1970
3505
650
4043
248
876
2412
6006
5392
3984
673
5860
3707
5294
2298
415
1623
5845
778
2406
1895
6675
6802
2855
1251
3376
3739
923
6305
854
3417
3796
1487
2276
1590
144
3870
1505
1500
3620
6066
1098
4697
3407
1533
3487
2625
2579
5823
1802
719
6937
3503
6693
387
5943
838
2892
3065
69
5462
4911
1297
5204
1098
5401
2099
4972
2823
4244
2915
995
4294
121
6404
3131
2447
4332
5337
6960
501
6364
3440
4176
6117
198
2077
3121
4017
6335
3587
6680
2055
5814
4629
3514
3527
4954
5509
709
6775
4374
3161
3323
1677
575
2548
2227
5360
6169
6140
6089
5072
6824
3946
1388
4511
778
6084
2030
1909
159
4658
1368
2259
852
6230
1194
6280
5537
3338
63
4854
2885
297
5764
4150
4416
6701
4592
1199
6927
1441
1314
477
4744
1482
1771
1159
896
3157
3500
2197
3392
5784
4799
904
3925
3779
3871
1902
810
2918
72
4329
302
6245
2006
3275
4225
741
3767
267
3278
5654
713
6089
5282
816
2381
3166
4958
1761
841
5898
6594
3235
4924
5774
6415
3821
2468
255
6822
2013
1756
6919
6547
3381
4656
3624
1735
716
5323
1735
3585
2463
888
6594
4236
3062
3281
6291
2738
3338
4313
320
6959
4312
5351
3141
6044
856
1851
3984
4922
5325
4306
179
3434
4237
4794
6274
2595
3087
5285
4571
1953
981
223
5375
2206
4099
6450
2444
1849
180
314
4681
4085
1747
6512
1858
4474
5929
2747
6412
4260
4364
494
1875
2314
3292
4662
1262
1894
1452
5108
3507
6459
5636
2701
3553
861
4455
4208
6685
2204
3166
4682
4398
3597
764
1246
6884
4145
5108
4605
4580
4144
5363
1243
2973
2607
4159
499
2219
2918
6449
85
4550
4015
6609
6206
9
6506
1518
3543
4343
4238
638
1468
5747
2484
3138
1349
5800
6396
429
6899
2469
2296
1113
1262
6192
3867
1111
2904
5133
1551
1428
1476
6928
1971
621
1572
2858
1729
546
439
2567
6221
4450
6272
6838
4492
411
4333
5740
3102
6916
4865
3777
191
972
6982
4539
1919
5905
6895
3863
6805
4768
4638
5815
802
1925
3965
5118
2679
4607
6495
6431
5429
6513
1685
2443
198
4845
1572
5395
6068
514
3395
4577
5079
2431
6742
5309
1702
879
6966
5539
3782
2848
499
3651
6333
4018
1518
3453
4739
2383
4659
5906
6026
156
1833
4922
2247
2586
5131
3270
3034
4419
4080
6852
1715
4009
5459
2033
2751
2016
566
1950
3495
3585
4494
5790
4032
5007
5615
5875
982
2844
2498
5784
3116
4677
3405
2726
6245
2378
5227
2309
5349
1037
1307
3602
4747
1630
6933
5953
1688
6422
791
1468
2352
2918
5128
5388
6040
6644
1926
3679
4675
2187
645
1526
1809
995
6147
2664
3241
896
3887
2612
5872
1975
3309
5252
2715
4430
3755
3200
2586
5127
2868
2995
2942
4469
5577
2497
5539
4090
1408
3562
6001
3892
5318
4327
4667
2037
5413
93
6680
1862
3455
3749
3971
4682
1231
2585
4477
2311
4275
3906
4499
3047
3293
3561
3414
3792
4722
4507
6501
454
1763
3572
2917
2431
4985
6453
116
6141
3356
4432
5564
1032
4618
4046
6488
399
5678
4986
2285
1641
1613
5826
2491
6266
3764
2047
1308
82
6872
6880
2921
4955
3924
6568
5168
1280
5178
2092
5331
5709
2287
4550
2882
1849
3632
3060
182
2016
3153
5451
3978
6718
4600
595
3295
4001
575
1399
662
6791
1041
6721
1881
2386
3092
3289
3986
5281
5920
6006
707
5714
5722
4450
1238
2250
6681
90
205
1207
1797
846
3255
81
6052
5682
6431
5665
1331
5710
4275
6641
2800
6224
3011
3383
2558
649
4058
4011
4897
1279
6911
4961
2194
5916
2176
6986
3880
5735
4155
2986
5534
1931
2783
4189
1337
4702
3959
2146
269
4553
1245
5583
5766
3715
881
2384
2902
3500
757
4526
1927
507
340
3463
965
2621
4963
5132
238
2812
4815
6694
2205
3141
1117
344
2918
827
6262
5846
3659
2778
3293
2570
4077
3511
4921
3114
1267
2598
2023
2449
2407
435
6544
4154
854
1155
1028
4427
4803
4014
4247
3534
4758
1907
483
4403
4608
6884
4623
4355
2787
3741
1125
6871
4015
3842
5978
5350
6802
410
3173
4475
4134
5271
4966
6872
2025
3195
5957
2990
5010
6063
422
1637
2746
2194
4068
2288
4016
3667
588
2649
3485
2301
2050
3955
917
6819
1870
1499
1823
6084
2126
3573
2042
6588
3293
5518
6928
6634
2938
2417
2893
4896
834
2731
6756
5036
214
2286
2252
4797
347
2226
3444
2944
2766
6233
6750
2783
6498
3626
769
6564
6323
1348
2595
3193
1704
71
873
2157
6582
253
2159
5
4800
5690
3496
2869
6097
4957
3294
3102
6860
1896
941
5530
2670
4241
1598
1329
1103
5328
235
3246
5561
111
4784
3202
3788
1279
3164
5718
3545
4842
2306
3789
1965
3049
5984
6805
2872
5427
2031
5406
2727
1152
6159
1582
3469
5264
5269
4614
1202
383
4295
3985
5496
331
6067
1985
120
4353
2810
5127
6682
5169
495
3886
6730
3853
3919
1393
1691
736
5262
1870
144
5164
6455
3707
4272
539
1625
3354
5636
4701
6157
6812
1321
3706
4954
5310
1816
4328
1461
5055
4817
5096
2507
6504
2823
6766
1870
5731
5097
3767
5612
5009
1181
6822
6530
6346
1630
3135
1372
3596
1134
1171
4320
584
5598
6616
3951
1344
248
5500
5017
700
253
4831
22
5843
5519
1095
3467
4924
4113
3483
4169
5476
5712
6414
1618
1406
5407
1257
5306
6423
6174
5685
6486
5565
5168
3756
1727
6746
5080
4804
6119
4774
6474
3903
1151
3176
1589
2917
4453
6802
2685
5742
2514
6191
5260
272
6729
326
2406
631
1553
2467
1341
260
6673
5843
4149
5430
6041
206
1973
2905
3946
6867
554
4422
5831
6479
1043
4912
4681
1074
2968
6407
2645
6834
297
5118
2948
4474
6830
320
6780
6072
301
6923
6019
3928
2191
4024
6605
318
5905
402
4257
3235
5547
2749
1287
6402
370
6950
6153
1733
5446
4174
6387
169
1507
2003
204
4395
3021
1240
1680
3088
5586
3671
6228
5533
2949
6290
2279
481
2847
5304
702
80
1679
5521
3977
5106
4935
6011
4015
890
5125
5781
124
6956
1909
1016
186
738
4743
6591
5338
2854
211
3440
439
550
1745
3972
2931
5820
2050
2972
1206
677
720
1511
638
2581
4914
6248
4000
2459
3800
3828
3
4868
3158
3314
2662
1969
1560
852
2307
4659
6487
1069
214
1713
3346
2673
2834
2841
2029
1899
871
6954
1510
4645
888
1163
5669
5067
2735
5882
1914
5276
5318
2579
721
169
240
716
5789
3878
6999
6596
3814
5505
2808
4975
4887
6986
2715
1800
2725
4012
5625
4426
5752
733
2694
5178
4470
3543
444
3410
5899
2530
3011
5334
4700
3231
6915
3507
2996
5909
4530
6405
6558
5607
491
989
5761
3269
1564
5516
2830
2812
3121
4506
2268
6983
3638
5859
3079
523
822
1643
2571
5161
3478
1206
439
511
4930
6589
3942
6816
293
1771
6192
936
3262
6352
3949
2837
6424
2561
6684
3426
1396
3722
2735
5525
2619
4259
3123
1417
3358
6038
2042
547
4081
2751
3635
1415
4177
272
2801
205
513
5967
514
5525
2146
3039
2278
3017
3723
656
4282
2030
3609
353
5537
4676
2630
2116
5336
3244
184
5757
2227
5534
2749
6185
4776
6625
694
6056
5166
2995
4901
2345
6668
5273
6576
3767
1172
5482
4976
523
674
148
3515
541
1760
6264
4410
2439
6968
3925
1191
696
5725
2373
225
3152
5363
3658
2399
6010
506
2203
2134
6854
3999
6384
2662
5435
1249
5657
1756
6283
3021
317
403
4739
2616
1275
1124
235
60
2772
3898
3743
6775
5009
403
1666
6965
4330
3369
5509
6994
6922
4665
2723
5248
1443
4430
3597
826
1462
1549
4517
1118
3375
340
410
3852
3388
1013
4630
247
4224
1341
1204
1782
908
4508
4015
6592
5099
5514
2632
6021
419
4269
431
192
1521
2723
125
3239
2049
6155
537
5575
3775
5302
1877
532
1365
1074
6392
5036
2207
2438
3341
5417
5436
2521
5365
1994
6496
3390
6996
4999
1946
6917
2959
3053
1209
2750
6251
6532
437
475
3770
5083
3059
6680
1900
1256
5050
6930
1413
1919
5642
767
6576
1265
1856
5819
4592
4662
1027
3132
5628
922
6814
5050
6035
5382
2866
5806
1042
2118
6394
1121
3092
5148
347
234
3078
1
5819
937
4804
3913
6291
1822
4734
3130
676
3020
5698
2150
6554
3131
4958
1368
5927
3788
459
6108
5198
4100
3394
2172
6447
3198
4742
5233
74
3097
3876
2794
3854
1268
500
6264
2750
3268
2522
3867
713
6212
4087
4799
61
4283
3747
4833
3693
3368
4312
1875
6802
6652
5743
2632
4420
2828
4888
4373
3214
5741
6880
4422
2640
5146
4554
1630
3358
4939
5734
1906
4775
3321
388
5266
4689
833
2027
5499
5061
2250
2855
6312
4397
1293
6669
6601
4212
49
4622
4474
3823
1716
4296
568
648
6990
6890
5770
1068
3410
787
6151
2559
3459
3047
5539
3899
1618
4418
1075
6282
1578
1250
2552
5573
3096
6989
1956
3280
3695
2687
2719
6775
2131
6005
4133
4330
6058
828
3886
6381
151
6810
4910
221
3121
5308
6802
6831
4335
4771
4404
3183
5894
1924
3171
133
5161
5387
577
6890
5080
3189
6094
2509
6219
13
3265
4627
4330
2606
386
5254
1407
3661
4332
5073
5884
3320
6957
2589
6271
3005
5554
2230
6103
2241
3251
5777
4251
1707
4995
4512
3168
6818
6618
4386
1297
4850
2497
6390
5438
1247
6779
34
4268
4017
5141
4459
1059
3877
707
1437
3758
5410
5980
3499
1852
4699
3539
2993
967
5220
3590
4098
6584
2190
6656
794
4231
6344
5401
218
428
6727
3431
1667
1195
44
4805
6654
5733
3595
502
1566
4528
4877
6979
3670
3625
5741
666
1200
6029
1905
6129
2354
1932
3282
1892
6263
5028
2330
79
764
3809
2792
6700
5038
6786
4932
4725
5575
907
2604
4614
2190
4627
1760
3064
4796
1596
3086
390
5259
3683
4932
5459
414
682
4951
1425
4131
5164
3505
981
3261
3229
3313
3801
3255
2256
72
6268
213
4759
4127
6601
6000
6906
6056
4805
1028
5262
6051
5643
2221
5580
3932
499
258
869
785
5081
1973
2022
5938
988
2118
682
3718
4143
3889
4881
2691
5879
104
3589
1012
6024
6830
2927
1635
1759
928
5318
3386
4969
1914
6293
1317
4779
1240
146
122
5705
753
6415
224
6239
3504
556
230
6045
1709
2495
4462
3974
908
5386
3220
5026
6406
3445
2356
2573
1534
6792
6181
3573
5822
5391
2408
6880
4899
4904
5620
6486
684
4706
6150
4389
848
969
4085
76
1410
1283
95
2235
1809
3325
6823
4111
6427
4522
4933
1645
172
4902
2445
5702
3015
6118
3747
6521
4586
2660
3866
2107
1014
5870
3236
4502
4923
2925
6205
5675
6714
2198
39
4957
1920
4675
5348
4483
539
4072
6316
2928
1789
3140
6318
3566
4497
5833
3015
6852
233
1357
3783
4744
6775
6830
2547
891
1554
3150
6636
6773
2915
1640
819
6288
5768
894
3635
5668
1159
6288
4279
1985
3937
1812
4080
4161
3644
1844
342
3455
3058
1522
2495
5474
5344
4015
3340
4851
1716
5328
3506
373
6808
2416
6146
5973
6549
1044
2933
1016
1926
4820
2569
47
1407
5911
3545
794
1697
6684
1357
3484
2619
6955
6262
5101
3536
1363
1188
1677
5261
391
6205
637
2307
4964
3981
4804
1911
1039
4687
3741
1097
4360
5464
5524
1867
5210
5678
214
2203
623
3742
3105
61
5651
5607
5100
5125
67
129
3915
4741
5174
141
2417
272
1027
253
6687
5654
1736
1884
6723
3211
1314
4329
6221
797
6163
5420
2226
2605
3848
2803
137
622
348
5710
6094
990
5681
6014
927
1889
1161
4803
4048
1380
6683
719
4912
1550
5108
4099
3302
2262
4194
4950
6433
6919
166
1162
954
3278
745
1300
5430
3127
594
978
2175
5298
3121
6520
6002
2057
804
619
3896
3933
5034
162
1357
681
6077
47
6918
6454
4003
6856
537
2533
543
2333
4256
3103
2551
4872
5762
507
3380
6556
2621
2665
6931
2648
5933
4932
6938
2967
5868
4471
588
6077
5930
4030
1446
3817
5520
947
768
5689
1793
6577
4857
760
1174
337
213
2598
6457
2492
108
1570
695
4391
1887
1084
4879
1246
5879
5216
6096
599
2209
2712
6689
1459
3515
4892
2005
921
2741
2748
4552
530
1204
161
1922
4313
1427
5783
3120
2520
3701
252
6978
5639
5329
5860
1316
5201
3955
291
5895
681
3029
6871
3606
393
6504
746
2760
5655
1047
5954
6211
4744
2251
2767
3890
551
417
847
1796
6840
4855
2312
513
1889
3451
4333
568
1344
3972
5636
1176
533
5265
2962
2987
1956
5237
5648
3088
4859
3588
3562
4015
2167
580
1476
5710
6185
4206
6628
5402
1730
4468
6923
1262
32
3113
2173
535
1971
1062
4540
1566
6073
4592
2143
979
4763
4089
2180
3016
803
5996
1289
1628
4530
4565
297
5118
4721
5191
1689
6561
2895
386
4325
6146
5662
6563
4380
6884
3636
814
6479
1939
770
6712
2352
4917
3083
172
5994
2725
4827
2059
3289
2284
2678
6030
4288
2210
2196
6358
6786
5348
2429
3617
323
1214
549
1912
833
1343
3027
3068
5531
439
6469
4161
3757
119
4542
1613
2474
3938
5496
6812
6450
1549
3538
1937
5804
3450
2901
3427
3319
6495
280
486
749
2143
4775
842
827
6731
6571
1808
5892
1647
2292
2440
1909
345
6374
151
3547
1037
2033
6272
6808
3316
1098
3409
3387
1296
2703
3819
1910
6999
176
1392
2816
2671
2656
4268
4071
5477
5434
5611
4419
940
6613
5678
5513
3655
2871
2837
4998
3166
1283
1496
5659
5346
4210
2618
2135
1593
5727
3542
3897
238
574
6299
2283
4981
2053
4956
5692
5710
5404
3156
3903
4581
65
5435
579
2154
116
2899
4329
1892
2361
3278
627
563
5587
3060
5815
3644
1721
5408
4660
2155
3242
4609
1464
2488
2176
2921
1205
2638
4876
4322
4388
4284
6892
6114
1058
4859
4807
512
6494
2506
3706
6944
4615
1686
5656
1446
6901
3450
3966
2659
1969
4200
5750
5577
2905
5960
6575
4386
2345
4653
6860
3354
1379
4702
5644
4731
5030
411
4699
3328
4805
4477
1655
3820
5485
1062
354
5013
4396
1887
6390
6462
6317
5268
407
636
5997
3572
1846
5222
490
1033
4964
5572
30
6242
2976
1328
4710
149
4992
1744
6521
5141
6910
2400
2321
3783
3523
5475
2803
646
4980
182
4356
3710
5882
104
931
6591
783
2069
3255
4278
3337
4853
1738
173
5316
4541
1819
4268
4252
4395
2399
3
1909
3619
2685
3694
1627
2540
4496
6878
2355
1471
2679
3784
6581
656
4059
5380
6409
2621
1835
2406
3350
3248
1283
5813
6228
4473
5902
5611
4411
6501
2565
5282
772
5102
5773
6329
6734
1839
3125
3503
4859
6118
2413
2040
2507
3964
680
6214
3549
1118
6351
4221
900
1378
1046
125
2173
5572
5684
3186
6581
3187
3504
3092
5732
2552
1750
2750
5812
4248
90
4473
2280
2087
1776
4360
4802
3647
3505
3901
5503
1984
696
1391
3732
5334
3024
2711
3905
4469
2142
6260
3185
5559
317
1650
5851
978
5927
3108
548
4157
4557
6654
744
6436
6992
142
6069
2633
5514
158
6622
2156
6715
2896
484
4358
6287
5077
3845
4971
554
4332
514
1856
1266
2991
5602
5849
1945
1229
6465
3208
5184
1511
2219
2476
2421
1373
2552
3672
1101
2287
1682
61
5318
6184
5249
878
5125
3245
248
1666
4133
5805
3610
4781
5210
4971
5061
2933
4685
4032
3809
1412
3666
1393
594
1142
4555
3485
3004
5678
4398
4420
6962
981
1404
4444
3897
3278
5128
1026
5386
6616
6104
5856
6599
2560
2599
939
74
5384
113
4026
3008
1072
1521
4366
165
2357
967
877
3017
3996
3520
1056
4279
671
1327
5973
4576
3131
6053
63
3781
1052
5087
2029
6201
6550
3591
4292
1670
1346
4943
3906
4666
368
2694
1437
5512
2078
2408
5160
1742
2527
6729
6669
746
2848
3606
6434
6828
4983
3499
3599
901
3775
6752
5622
54
374
3299
2197
3477
1027
4170
6
2325
4684
3224
3995
1863
587
6714
3098
1284
1637
6767
2591
3738
4266
5772
3881
5511
6279
4558
5342
6696
5507
4074
3490
2928
624
1140
5571
6170
2221
4958
5763
1973
5867
5351
684
6570
4136
3465
92
233
3153
5503
1847
5946
2368
4594
5133
6713
1202
2226
4539
4322
2241
5909
3870
4727
1209
5064
2604
2563
4704
6854
122
350
6702
3532
5453
4097
2979
3708
3055
2019
5134
3193
1983
74
5971
1212
4363
1942
345
2495
5450
1789
6356
1811
2744
3377
2792
3478
2109
6005
2922
2588
2881
776
4327
1139
6176
531
4589
5879
1672
4503
5076
1239
4069
5684
5489
42
3234
4899
6855
2016
43
1884
6982
6042
5894
5828
6693
753
3334
4471
270
4498
1900
4302
6217
4968
5821
4569
6746
6392
6341
3435
5929
5937
706
5799
5704
3461
1134
1665
3337
5726
4152
4246
4252
5865
2667
2998
6862
193
5438
5225
4340
6105
2922
561
3944
537
3681
2919
5252
629
6744
5873
1039
6405
4225
3787
3765
23
5413
2430
1830
5395
6061
6992
6390
3244
2282
6224
2721
3338
4392
6128
3089
758
5952
2259
6855
632
3898
3183
6995
2264
6622
3460
5667
1251
5715
1005
2656
2842
2512
3006
4205
1669
3576
5172
1567
6437
5705
113
851
870
2596
5412
1764
4591
3674
5699
421
1897
621
2312
5541
6761
3346
3261
5064
1218
1768
5669
5023
4769
566
6932
1728
2184
4821
3182
2679
3379
5577
2063
4164
6653
4143
4522
1832
2664
3240
6449
621
559
4547
1537
5142
646
1250
1968
1709
3403
446
6983
6388
6223
6262
4007
2359
2783
3934
3330
470
1410
2147
3333
6734
2018
6068
3465
6951
605
4715
1263
4204
6966
2882
4032
2524
2423
1575
6789
5313
4846
1931
2828
6916
285
4825
2703
3413
4573
6752
4920
5362
1946
4181
5181
3481
1630
1102
4621
1196
6518
564
2149
6224
3854
2249
2430
6195
1477
5519
6534
2957
2737
4447
2779
4946
504
6511
5424
5259
5431
6653
1385
6406
3531
4096
2257
6228
3031
361
3840
1519
2497
4141
5367
3748
6944
4958
1571
1293
2029
3918
5197
3927
1034
6570
2121
4761
4597
5215
4871
4868
6690
1419
4764
1506
3221
265
1976
4876
2625
5763
2527
3451
6405
3909
4484
1591
2475
3743
1360
3192
50
968
5188
4378
344
1218
2503
2772
1837
3985
788
4123
2075
290
1438
1428
378
985
4863
4712
3423
3115
3569
4069
5817
5283
4301
6049
2242
3107
6096
5385
1469
6801
4668
5535
6096
6136
2088
6013
3820
4752
2732
4511
6407
6880
2993
2774
5474
6457
4732
3265
3908
3950
6590
4749
904
3422
1894
6621
4379
4659
1503
3523
3687
4625
3062
4528
3265
2672
3892
1500
4639
3637
2121
4556
530
5418
315
4380
6184
6060
6447
4334
3958
3796
6510
3952
6272
3415
5241
4828
6560
5439
3131
890
2436
4711
4703
309
5553
5743
3439
4885
1712
1712
17
1954
2647
1126
2471
5290
5399
6571
4607
2466
782
1766
199
3506
1389
2232
4303
5061
3407
6661
6709
3550
1059
1460
5357
415
1258
422
3783
4457
574
2606
6547
6654
825
2701
1547
5407
1943
1754
616
2487
1467
1299
3519
6935
6962
4387
1848
322
6689
5317
2553
6162
5192
6369
2655
3737
705
2048
5563
4398
5199
2145
865
3299
5252
6485
5572
3481
6154
376
5522
2173
4801
2109
5265
2362
4595
6589
2196
1811
2174
4803
4396
6205
3798
6161
5986
6362
908
6712
2442
4199
5491
2761
4274
3608
227
862
6313
3850
2024
1846
3096
286
5145
5715
972
2778
4333
1560
675
6099
2880
3224
3159
1756
6592
366
1281
4876
4758
2444
6248
3357
3148