3768
3661
5307
5073
3430
2479
6246
3215
6834
6403
7132
1961
3640
4751
4593
817
3329
2342
7038
5801
4730
1034
5326
3111
961
6193
5563
6518
7672
6353
5865
5682
5204
5168
1973
5834
4231
7740
2134
6029
1257
6067
6965
920
5024
4103
7422
734
7418
7012
1869
5621
5314
5229
2137
328
1456
4508
3221
1337
7279
2398
7404
7292
3451
4184
1222
1850
1239
7624
7626
5816
5119
6376
1208
1564
663
3861
2130
981
1766
7582
5393
3584
4563
705
342
3492
3864
6121
506
4184
2936
4545
4657
7481
6262
1151
7690
146
3021
2960
1394
4280
1235
1678
3043
7447
6645
5756
6321
7420
6424
6389
902
4808
5818
5534
3017
5430
5310
5687
2360
3253
2089
2105
5450
4165
2384
883
3598
1821
3471
5543
1468
4000
7005
1208
5104
7533
7108
3237
6611
6390
4793
3012
6242
4456
2997
7627
5190
795
1606
3822
4127
6769
1595
3412
2799
2951
2693
2308
6097
4506
5745
3185
6707
1324
974
3365
6959
333
5084
2864
5019
7107
7681
3896
4140
1847
7026
2112
4619
3712
2317
4296
5642
4411
2486
897
982
4170
151
1521
4149
3611
3343
4782
7275
4435
4439
3492
1251
5259
5388
5055
3323
4369
2314
6197
5022
467
2347
3537
6040
1362
1141
666
212
1281
5325
5595
4264
7515
5196
3732
5732
3767
4906
3265
6710
4398
4157
2071
396
6146
5526
6185
7204
6876
7272
5177
5923
902
3607
904
551
521
2785
4684
948
1046
6641
6118
4426
4839
4753
2091
46
1993
5956
7071
5357
3516
5240
2180
1712
7244
6756
5724
5136
2832
1168
1768
4368
5091
7269
7263
356
2726
6973
1536
3147
6857
4161
5882
5710
6522
3999
15
7001
358
105
6726
1632
2639
5048
1407
7348
5420
1464
6674
7758
2898
5071
1428
2478
6209
2763
5884
3556
2119
2099
304
5141
5400
3153
7155
5303
3573
6631
7408
6109
3044
470
7266
4402
1193
3495
3415
7597
5083
6866
1525
2963
1741
1235
783
1398
4352
2684
3372
2111
7629
418
6257
4187
5803
1700
1335
2623
5308
4935
2712
1343
6047
7286
7189
2593
5045
2462
1485
4849
6854
3748
1132
5953
2243
6071
5757
3298
6178
488
4331
3634
5102
2136
1232
6461
2159
3099
6656
428
4516
6136
5289
3501
3696
6438
3532
3891
5307
1898
2928
1819
1007
4460
4210
690
7377
6139
3248
4079
7215
6099
6537
7583
5784
3727
1740
6429
7150
5017
1285
6213
4948
3968
5205
950
6422
4301
1499
7625
2627
6613
67
6847
3239
6497
120
4876
922
6018
2080
1207
2558
6479
207
4521
25
5103
1184
5195
2436
7583
5010
88
6257
5002
2168
6873
2815
112
2153
805
2533
2292
2713
6981
7019
6820
6814
2192
7411
2904
254
1850
2751
6802
1008
6643
6533
6367
4884
6402
4218
34
4342
4494
5639
306
3114
3598
3185
4974
1516
1121
3461
2599
6356
2620
2157
6193
2988
2231
6085
5827
7597
1001
5206
2138
332
3914
432
5243
5724
5380
1898
3814
7781
4097
4792
4922
2692
2758
6235
6897
3670
1507
2930
5763
310
7055
2752
1356
201
6435
3202
84
197
1457
1938
60
4246
1080
5021
5970
3113
2075
4544
3744
7610
1367
7116
5378
4206
261
486
1235
2038
6143
721
1555
137
5504
58
4522
5142
2147
4122
1584
1107
1850
2872
3
781
4592
6567
627
3458
3736
2317
5014
429
7675
3821
1235
5321
5267
7085
6580
1195
1004
1294
7505
4191
1631
2875
2793
2578
801
4368
7373
5274
5174
5723
4600
6394
4910
3599
1991
5898
1171
6130
5190
2917
7568
462
3867
5370
2818
5435
2997
4981
680
3965
2996
2413
4225
5278
3017
7496
5918
4124
6265
438
5549
6532
2190
7155
3757
5483
2518
6167
740
3910
69
1425
5326
2379
3269
1844
6250
2932
1112
5264
953
7282
5676
5662
591
6593
2663
7077
2503
5464
7317
6775
2548
4931
1076
5599
7217
4230
3245
2189
7226
3538
3436
1162
1929
6750
5125
2798
3001
1424
4770
221
2994
2210
3998
1613
7249
6184
2515
4737
6332
7420
6335
4648
1024
7685
2417
4782
3347
5842
5140
5372
3
3041
1068
5375
7060
5038
3337
3926
7251
3160
2811
2302
5049
4059
3549
3253
3406
7087
7439
5141
4308
6277
844
7445
5768
1365
5551
6015
4186
5865
5035
3249
4893
6589
5599
6764
3214
2876
615
5030
7444
5768
1240
1756
594
5426
3064
1151
5081
704
4290
6224
6292
5658
1463
6405
1979
6713
2767
3288
2399
6965
154
2708
3124
6813
2860
2613
3276
6460
2994
3953
1423
2126
4586
6156
4020
1723
2704
2851
1237
2512
3872
3390
1141
1177
2347
6664
4546
1903
224
1535
499
6688
4574
3488
5201
4925
1732
4130
5504
2190
5473
6361
5086
6620
3610
1727
4889
1164
4702
2971
3971
6625
2198
5114
4268
236
2315
5485
1846
162
3662
5932
658
1770
6024
2177
6937
7319
5520
640
6515
1776
5147
6624
5541
1719
5
6458
3828
7599
2201
1122
5076
1007
3872
7442
6624
441
5740
7239
6930
215
1921
2910
4822
6476
1504
264
7089
7142
6783
4411
101
3518
808
1682
7550
4753
5655
1033
4440
2215
1499
403
5943
1517
3494
2637
3797
1734
4794
7429
7105
1825
4109
7637
5966
4673
1826
4789
3102
4201
4546
5349
2588
5748
7618
1311
1242
6709
1952
2703
1428
4841
1448
7601
4624
6455
2457
4770
297
6199
813
6273
3203
6044
254
7457
7185
6887
4974
2166
384
2104
4478
2919
5420
3726
2381
6772
227
7130
2323
4760
2971
5236
700
7516
4563
6070
5420
3936
4561
61
194
3938
4520
4243
4926
6356
6256
5307
2692
4935
6310
608
2093
4788
746
7009
6541
3005
84
5548
5879
2636
7444
3249
6033
1357
3586
5649
5951
3970
307
112
1782
126
5428
431
3613
5018
918
2040
4252
4440
2066
5633
2901
6193
2181
4068
5180
7462
3790
2516
7342
1075
3560
4151
6727
3194
6729
1914
1230
206
5901
2870
2190
5046
6103
591
5048
940
1899
2188
6905
5786
7722
149
4660
296
717
1426
4303
3445
5560
5179
7370
4478
450
531
116
161
1753
164
1060
6027
1138
2536
2880
2408
7186
6259
3178
3288
556
322
1036
1252
6387
2887
2462
3471
5627
1605
517
832
1092
1754
3575
1997
4109
6257
2318
5024
2156
6937
5292
5982
1778
793
7268
2973
6048
5884
1155
750
5330
7713
1306
7533
3486
3615
2814
1006
7515
5644
3903
6841
4154
4191
2281
5470
2754
4652
6594
3732
4971
1643
152
1813
4666
2962
659
7582
4149
6957
5375
7270
3198
5424
1242
2362
2874
886
1245
3044
4218
4286
1923
6815
2515
60
3648
626
5290
890
3932
6290
4850
384
4232
1554
581
3085
6127
3513
2032
7604
3259
3012
6526
4372
6615
7035
3194
6667
4246
6271
4793
4944
7701
6869
6113
1059
3977
4226
2843
3299
4629
4137
4990
4552
2773
6151
1423
926
1411
743
2351
1086
4131
6627
7702
6065
4821
2397
6786
5416
7031
629
3316
4000
5701
947
491
3222
3526
2686
7656
65
2336
6768
4675
2482
644
6795
7123
3798
226
553
7670
2005
4994
5171
5325
2628
971
4724
1415
2743
6463
5248
4394
7003
932
5114
3369
2361
3340
4402
823
2544
6573
6947
841
6829
1020
7690
1441
3323
284
5821
5852
7247
7523
7300
7494
1479
4167
514
4556
509
1404
561
6717
2139
2792
5813
361
3968
3540
7685
4285
67
993
4539
2753
50
3337
3952
5436
5657
5498
4913
1686
1223
7001
1836
1643
2833
1528
2253
2611
3988
721
5848
4932
2473
3123
1490
7438
6046
4085
4927
2806
4848
6531
5778
1377
1291
287
5979
1122
4827
3691
845
7692
456
6226
15
3809
5162
6136
1452
7756
942
722
1327
2305
7332
1493
5403
467
4376
3295
5576
4040
4107
5984
6213
2853
2623
1171
3937
3935
5650
4695
6436
5898
6255
5521
4049
4171
4416
5132
7420
5016
5133
4484
4494
1645
6026
4411
4415
145
4735
4212
1547
4396
5542
6389
6181
6823
5288
5279
1087
1505
4316
7112
2163
1104
6088
5741
2058
5456
1310
2741
4655
7587
5320
1209
5352
7641
4280
6079
6100
4987
389
1032
4080
5825
6605
7619
98
6273
6727
1920
3305
2747
6669
3548
5844
6341
139
563
2571
2087
6391
6190
7774
273
6317
564
3071
5235
6028
4615
4807
3875
3516
6631
7369
1650
3906
54
5778
4212
7728
560
166
1851
2686
7045
355
4608
1478
1306
2415
3260
7189
5430
674
1087
5656
4439
4767
1282
6791
380
1932
82
5086
5057
1247
510
3115
2181
520
3408
2685
6012
2545
3069
1304
6778
728
3640
4672
641
1597
2735
6290
4826
6479
6134
483
5037
3755
4472
4951
2205
4276
6034
5948
5758
3201
359
5976
42
2022
1788
834
6065
1687
6802
6729
6342
7299
2958
1480
1533
1715
3020
6664
2879
4885
2274
6525
2861
3863
7320
4609
4290
7346
6833
4618
251
7474
4481
4096
3015
6314
7298
5285
5499
5428
709
337
1761
7256
3390
4857
3559
537
6274
6370
225
1632
7634
2119
5895
3369
6530
3435
2590
561
6656
2514
4316
5950
6679
6568
4416
4599
461
960
7033
2017
6516
5494
6462
7372
7591
7214
3377
2311
332
7120
4014
5558
6259
6160
7718
804
7190
5209
3934
6065
1739
6468
4094
5803
2367
1219
5274
6026
3417
2562
388
2494
391
3838
7619
1498
1244
2636
5628
5959
6490
3583
4783
1242
2646
2204
1061
6642
4296
2042
1841
6880
2915
5379
5873
5671
2652
6123
2692
5683
7596
997
5957
891
6452
7795
2153
6970
1804
1726
2992
6577
5818
3234
2679
2769
7626
6663
5924
4124
7475
5858
1482
6730
1241
3646
7630
4419
5437
923
3664
4046
6878
4046
3776
347
6335
4982
4412
1113
358
4874
7622
5452
6576
5203
4900
3617
1546
6112
7335
304
1235
2008
205
6423
1330
5976
4162
2902
7420
2336
7518
1416
2292
6167
3420
7613
4586
2568
1965
1057
689
3930
6275
4546
4059
4990
7253
2611
302
329
3723
5274
813
1680
3987
7223
4951
5275
3731
5310
5460
120
6759
3294
4248
1621
2812
6158
6172
1560
5833
703
4828
3483
1828
7562
6638
2501
1416
4856
2661
3169
957
4611
7534
36
5454
4718
3327
4831
4137
4559
461
6205
4830
4394
5692
576
7403
655
3806
5092
2587
1547
820
2105
3583
5190
1205
2034
1828
5642
4996
4330
3398
4339
7136
2962
1899
93
4836
145
7251
1557
4420
663
6533
4364
7758
7391
6830
7387
4967
7341
7280
471
3818
2381
1457
3150
6228
4385
588
2718
123
2342
4209
2705
6042
3909
1810
1041
7081
6584
2264
4961
2293
5324
900
5545
4062
6719
657
7315
5979
7037
3091
2130
6463
658
3474
2112
1304
2679
2917
3718
1025
4456
6442
5869
7170
2453
2067
5317
5114
3409
4324
3089
7066
6289
1949
5858
3070
548
4034
3389
5441
7022
811
6363
254
813
3482
5142
3837
2852
6193
5715
4199
4202
2124
2833
4331
3303
2534
5462
2625
5693
3707
4226
5323
6814
5759
6150
5109
1727
1601
5346
1078
6523
3200
3137
195
7695
5317
3987
470
6931
3027
2584
7770
631
1001
7175
7165
440
2578
3737
1210
5350
1296
6491
5400
7633
124
2469
459
2748
6976
2412
875
4554
3279
1715
660
1439
3930
5517
3489
769
2365
4252
2821
1494
784
6957
5567
6123
6982
2781
847
1043
884
5312
6808
357
29
3330
4552
7139
981
6014
1560
3373
271
4323
7592
1200
6349
6589
3150
93
1804
7090
5840
2267
5083
1434
2265
5238
903
4099
652
6797
876
7369
3725
2923
2548
2271
4912
2046
7119
329
361
1207
47
3809
5452
2980
5837
3502
5400
674
6985
6731
1521
5896
1106
4070
2036
4842
3227
3416
1933
1525
539
429
2352
5703
4202
5953
124
3046
6501
4743
622
5515
2320
4014
1701
4945
4630
3761
1594
2845
1589
3933
4341
576
6953
1005
5142
1519
6479
2595
5870
2015
2491
2925
1016
4818
4940
4568
2566
6303
5804
3711
6347
407
7322
2291
1177
5332
6057
2414
2599
2845
3947
6
7232
4249
3449
2419
3397
5574
513
4510
6175
6092
1653
7096
4365
5214
2203
1466
4026
6914
2746
5513
7145
4571
2583
5213
7770
2687
1698
2523
4994
3457
7438
4596
5104
5520
7189
211
7212
146
3160
2505
1868
7616
5650
3962
5414
1069
2835
5425
7572
3777
1894
4893
4049
4932
2681
1748
1618
3649
238
5177
5535
3635
5983
4103
7542
2019
3310
2920
7632
345
7067
5182
4537
4635
2561
5972
907
4144
2117
4110
2833
7438
4513
5773
2144
587
4003
4645
405
2396
4955
6478
1384
2899
761
3403
1615
5921
4760
6221
5908
4636
2023
1724
70
435
5090
1833
21
1388
3451
862
5108
4648
7788
3619
5648
810
6821
3632
6983
3395
5954
2310
1819
642
1433
4231
6447
6158
2598
7712
5120
7150
57
991
1138
7011
7127
1515
3459
4681
5233
7708
778
3559
6808
2698
4472
6912
676
3412
6452
2416
2110
1806
4389
4865
1013
728
2263
776
7701
924
6353
1538
6882
5882
7286
3741
1053
4291
1267
3892
4720
7644
1215
4952
689
4267
5196
4948
7200
4021
6668
1311
6859
4154
3630
7569
5279
1385
61
7031
1180
2399
6728
7607
172
7583
3750
5946
6451
4573
4453
6522
1479
1014
300
2288
1024
4126
6604
5029
5331
4668
2538
4
3549
3137
4771
1317
5794
4220
6356
2358
1567
3959
4324
101
3886
5542
2421
4332
2100
4249
6183
3459
2232
6103
2035
7241
75
2570
6654
2918
3386
4125
5809
2275
290
3125
1503
87
2245
3634
7252
5257
5019
5065
1266
7666
3768
334
1748
6051
3988
5830
6823
5708
7243
3549
7272
303
2314
5146
1043
1292
5185
358
6020
155
560
1933
2162
6268
2648
4682
5148
1917
3168
7320
5449
1229
250
5636
6625
630
2366
2668
4009
4853
2863
346
3313
4220
1374
812
1145
6167
3463
7570
5658
764
511
6640
989
1810
3802
2871
7526
4555
5954
5046
2105
1953
6628
5657
4808
2903
730
3029
5210
1716
7274
3678
1101
3993
4501
3757
1751
1682
2525
4413
5037
4137
3922
3568
6983
5085
243
13
4787
1871
1083
6750
4510
4371
1741
782
4260
6270
5091
6642
1386
3674
3426
7440
2058
7183
6153
1736
221
5949
5086
448
5282
7059
646
3165
1538
627
6165
6432
958
7385
6222
4777
3429
3045
7329
3040
7746
6832
986
2702
4192
5099
5774
7208
4619
4264
5013
6713
6944
2327
4000
1947
5045
2620
1392
4470
616
5017
1189
1480
6458
2925
5597
6434
3030
1611
6304
658
4631
901
5882
706
5227
5894
1294
3819
5435
4613
5683
911
3371
4268
3307
4605
5210
2855
6575
6212
5312
4741
5316
3658
2328
2687
1261
6203
3305
2700
6765
5988
3385
7069
1129
6724
4724
7363
7217
352
5890
1696
84
6943
2223
5534
5091
7114
1039
2029
4986
4695
2859
1998
1288
1230
4991
353
5735
1990
1773
56
6074
240
5261
5365
4414
6264
4919
7479
4930
5015
2827
4635
6614
1467
3119
5258
1799
3835
4424
7701
3376
4418
6818
1938
2400
2547
1377
6977
1636
6445
2783
886
564
4092
466
4887
2615
2706
7494
7640
6271
7097
102
2934
4848
1512
1011
4943
1631
1236
6170
2839
1987
544
2455
212
550
211
1939
42
2070
2361
6861
2881
502
414
4212
4684
7601
7730
1128
5415
2950
325
5834
3186
4215
4218
5242
7475
462
6969
976
2904
1155
2329
3657
2234
3252
5857
1011
4676
3599
3107
585
6473
1588
4722
7202
1445
2404
1842
351
5359
6288
4964
7171
1476
4573
211
5243
461
6811
2754
829
3142
6385
533
527
2582
1481
7764
4327
3397
7334
512
6030
6380
2289
7250
3668
2684
6116
5622
6922
6079
3817
2806
1271
2134
5424
4080
2623
2657
4775
905
3906
3942
3820
5911
3140
7301
5454
2549
2860
4366
3860
5949
1977
1778
3729
2474
4159
1910
1235
3586
3251
2306
5490
181
4718
5285
4414
5396
3704
4317
3310
2456
126
2543
1751
5532
6104
2187
3221
1768
7186
4981
5491
434
4868
1179
298
4700
3226
187
5661
4986
4666
3711
3706
1814
4091
668
2701
4261
2021
2920
818
201
629
4430
971
7668
3573
7712
4888
1194
2581
141
5923
423
4904
1622
4633
135
299
1165
4225
831
2532
4688
6600
243
5303
1162
4497
3180
3701
2047
2075
397
5146
1785
5752
464
5523
3961
5811
717
6821
5869
5497
1952
4697
2318
2259
5331
1509
6483
5395
4603
5892
1241
3742
3287
4907
6632
559
1008
1437
5656
7066
3250
3117
6986
6731
1052
6959
4254
6063
3927
4228
745
7178
1224
1887
740
5704
4860
6099
7316
6456
3750
4510
4181
1200
5745
2392
3835
2655
5683
4562
3269
5606
7606
4301
2162
791
4860
4674
2020
2700
2168
5506
3753
1073
6865
85
7688
1997
1037
5746
860
5700
87
114
2574
2788
7001
5111
3451
4333
6714
901
6201
6434
6961
5372
7087
860
1320
7616
6279
5928
6045
2864
4777
4486
2128
3217
302
5028
1530
2713
723
7154
3432
1745
5472
2366
1921
7370
3453
6815
531
1161
330
5568
2573
6818
5490
5505
4005
989
491
7178
7080
1833
6578
6778
3377
865
1753
4404
1346
1349
157
1233
4793
2384
5532
1482
7777
3588
452
2211
4910
302
4036
2994
355
1938
2879
4016
6043
358
6949
4263
1091
161
3704
6608
264
3393
3310
1957
1711
6934
2003
4077
5039
2577
842
1173
2080
3175
4089
5651
7612
5315
3446
3
6079
556
6034
2936
4374
5648
4587
3233
1045
128
3509
310
607
7660
5343
5538
3022
2008
7412
6711
185
2244
5698
5874
1719
1038
1965
1402
4876
715
5471
3110
4680
1070
3918
6765
865
417
7761
5189
4010
1363
6649
548
5570
6294
1649
452
4699
6922
7046
3285
2112
7171
627
2654
7190
4100
7795
2708
6411
10
498
3389
387
182
2079
3993
7606
7147
2731
2620
4558
4171
1555
4044
6591
1004
145
874
4738
1643
3149
5836
1075
7577
5806
4523
3478
2967
7089
1950
7795
3718
2338
3796
6445
5694
541
1972
982
5140
351
5574
7386
2541
7232
3245
7142
699
4965
7463
6152
6386
2197
5190
5112
7002
6783
3746
2673
5706
7208
1411
3673
384
2330
1945
7306
4626
4843
2852
6370
3439
4384
3340
6071
369
6987
1410
1568
3906
6036
3928
3195
4811
3552
5470
2689
1411
7722
658
1853
4973
4420
6439
7788
6827
1603
2069
6314
2595
2118
2174
7366
716
901
6845
5667
2646
2765
7044
5277
1052
1638
2107
4352
1292
5427
2588
7348
7078
1932
6536
3261
3527
4585
5209
4204
6193
6805
1923
1233
6690
6041
431
7266
646
7554
3734
2168
2364
2325
7340
5958
5840
4431
166
7529
1689
1576
3543
2541
6563
5641
5982
1596
3808
352
5549
972
3574
1157
3207
4923
5372
7018
4404
3389
1975
9
6018
7385
42
874
2192
5962
2138
2910
3102
3105
2300
7043
1504
1468
4973
1833
1859
7167
929
3048
4161
6554
2017
4446
106
5254
2621
3767
5100
5727
5803
7348
2049
3551
5509
4627
6645
4099
6724
6969
2142
6817
5750
2920
327
4417
4595
611
6898
4270
5122
5592
1569
1709
6440
6218
7325
7197
7285
1953
7391
4084
2927
5183
1495
561
6811
5540
4339
6342
6309
3748
2465
2838
4823
7469
1773
6281
5555
7123
2197
2010
3216
4663
4602
2718
7496
5584
4729
5319
4302
7332
6756
7607
306
5605
7347
5210
612
5996
2875
2848
4395
741
2850
3490
1833
6327
1298
5853
115
5784
1302
4469
6943
7680
1178
5864
5273
6485
4145
5490
7237
4980
6040
150
1931
2711
6882
736
313
1462
6941
5632
3621
1306
916
2540
1702
2351
1607
5618
2742
6208
4162
3950
4385
7557
6322
2790
7246
7406
7078
2856
2866
1282
6079
7780
3113
2478
4767
7024
2213
1693
1242
2715
6722
7457
1006
6255
189
1073
4230
3154
6433
2585
2537
866
2505
6797
3662
6261
763
3862
2947
6682
5583
2093
4424
3884
4167
1626
5877
5620
6785
3102
4870
341
1928
2189
2546
3650
7545
2507
6777
7660
1280
3537
2480
3756
799
4059
3954
5993
4264
6331
3879
469
1835
7547
6523
3899
1064
4047
205
320
723
2511
5075
4931
5840
7
7242
7489
6561
5249
433
7134
2269
3326
872
1118
3912
5453
2002
2176
154
5904
5684
4700
1803
4643
4583
2425
3572
7183
4576
3240
5848
1747
5694
5594
6888
4827
5847
7449
6459
5495
437
2592
3704
1821
3717
4265
2917
4971
1937
4411
419
5461
27
2540
5727
4826
458
2395
5236
3644
5373
5902
5095
1826
1308
6914
5104
6015
3351
3982
737
6017
1993
4693
6307
7745
2842
4019
2022
6682
2315
2834
3191
3593
4855
4792
2659
1992
4918
5563
5604
5815
3127
394
6072
1608
339
292
3032
148
1960
3701
1687
7554
5786
6068
2710
2039
5722
1618
6016
2655
2886
1053
6670
2302
4414
3598
5343
2555
3661
4789
4326
4527
2695
2786
1019
1521
5406
7460
2170
788
1791
6350
436
6035
1981
4900
7516
7601
3723
7246
528
1404
5158
5294
3921
6110
3295
6749
617
6742
3019
6422
2526
1682
2137
6721
7117
2920
872
4819
3153
6039
2385
3138
2945
5754
1947
5717
7661
2007
3152
5110
6266
6270
2431
3346
6423
601
930
1068
2920
1136
293
2893
244
869
3465
2118
7618
6104
2412
1402
7504
4638
5885
7093
2225
4600
2183
5571
5135
7317
4993
1501
2611
1502
500
1539
1465
5375
2220
5743
7750
5277
6033
1385
6
3793
3285
7547
3578
6685
6924
2881
3167
2815
34
689
3361
2494
6095
1355
5744
5181
7278
7163
699
6818
688
5135
444
7080
4587
6154
6471
2829
5980
4589
6348
1097
6077
3096
2116
4585
4015
4450
805
1076
7140
4862
6947
2651
1911
1080
1028
4668
5006
7020
7780
5777
1819
1909
3603
7065
6497
4180
3023
7561
2943
563
829
6556
5671
7762
4675
2914
1469
7381
1964
5941
3486
2117
877
107
1121
6138
5612
3907
403
2144
4787
4260
2110
627
6013
5497
6166
4285
447
2821
1713
1596
6768
4248
1068
1823
422
928
7110
2900
5823
4368
2885
336
7098
3504
3162
1174
5554
5240
3219
314
4049
2731
6234
4868
5140
1934
1838
7256
2170
3890
454
7735
4244
618
4696
2282
5035
4233
1181
4518
2780
1910
6467
5815
2804
1703
5197
6779
37
7024
2641
3995
7497
7574
4551
7257
6178
4641
2076
613
791
6455
6921
3878
3258
4215
6641
5955
5608
5408
2637
1726
2549
4180
2327
5816
2317
1510
3439
6677
5756
4601
7141
3792
6839
230
1441
1287
7037
5793
4577
5805
472
7674
1544
3004
7637
7162
2371
1064
4652
742
7062
5882
2955
2237
850
4240
2378
974
5196
2371
188
3540
7686
3022
6890
4071
4648
6380
7073
3031
7332
1763
5160
4403
3320
4167
7541
7350
3664
2
2630
443
4996
4592
7706
3466
6820
5366
5058
7557
6096
4963
97
2776
5656
1910
355
3542
7795
3665
4584
1477
5147
5419
1724
889
3306
4247
5019
7203
6555
2970
4061
2656
1176
2805
6120
878
1132
5313
6477
344
5328
3760
6121
1442
5902
841
458
6587
7615
2219
4877
7327
2903
5624
3673
2387
2326
1538
323
3152
3563
1471
2848
7184
1971
6722
694
6956
6311
3381
4180
977
2038
1499
40
843
5114
3701
4750
4444
4624
4626
3631
5401
3967
5382
5335
5440
2187
3810
4879
638
3073
2362
3555
782
7584
5607
4565
6699
4275
5635
1889
6370
3665
650
690
1307
1710
5358
7003
4784
5469
7491
3275
5695
2941
3461
1179
1871
839
1434
2766
2602
1024
2359
267
4920
662
2766
4121
7309
3556
5285
816
1287
4052
6526
6879
6939
2087
5832
3077
6439
2707
5699
5478
2144
5885
4794
3580
5532
2904
6499
1844
7049
7787
2092
716
4780
3502
4198
1050
4071
3990
3548
5344
3554
2890
2009
7256
3224
6805
6998
1285
5706
1485
4333
2375
852
868
487
291
1103
4497
7523
7771
4352
7547
2054
5576
6496
59
7732
6496
5673
2651
3659
6933
5465
1642
3539
2012
5177
4766
2989
4979
4442
5364
3046
1437
3944
6686
5044
3553
606
4916
3181
5181
1036
735
2514
6141
6237
5696
5658
6567
2391
3708
2105
4673
5229
4218
7025
1174
2880
6111
5614
4691
3179
2825
6028
275
4182
3824
109
7387
3805
7749
3884
5486
4830
1049
1390
1718
969
1861
4318
3861
1263
136
5211
2714
5663
425
1901
7009
2097
4768
6570
1423
2140
4536
6856
6460
5276
2230
2822
1194
6671
5206
4790
1401
2049
4145
5813
6437
7111
783
4365
2419
505
2977
1354
730
6221
2562
4014
7073
507
6985
4401
4936
239
7697
481
3856
2897
5757
3279
567
1563
1955
3428
7514
2341
3731
4100
3083
5460
6225
2905
3487
2111
6339
5235
563
5017
6720
4241
7582
62
5935
3352
3060
5626
1560
6546
761
3815
4541
3563
1221
5817
4713
6792
4089
5696
5037
7707
6258
748
1425
6459
5594
1308
6870
4337
1347
3703
1552
4170
6628
4910
7713
6676
1767
1918
236
7774
2246
965
2824
482
7578
5394
7115
7298
5781
5259
4805
91
2389
3489
3496
3280
2949
5232
5127
5861
528
952
2621
7744
2050
3762
4051
556
1571
5722
6404
4910
2895
2835
2824
1074
5189
3853
6183
6530
7074
2069
1472
7308
711
2344
443
5713
3745
4345
7413
2307
693
3452
4782
7230
5718
1741
2723
5925
3118
3435
5414
2351
3027
5496
975
2443
2764
1656
304
5000
4262
6174
4558
3005
1823
7532
6675
5751
2330
4768
6727
1783
4970
3321
6055
6602
4493
4201
6851
7604
6309
1551
692
4023
3755
5775
124
2701
3924
6267
4659
5852
1301
3256
2663
1596
2350
7279
7004
7282
4625
1802
4332
5959
4977
2494
1814
492
732
3572
6364
1018
5307
6586
5988
921
7167
5984
4157
3184
814
2057
5062
2084
6562
3219
1101
6726
7152
7307
6816
2674
4296
3904
5613
1807
4363
7450
3597
2367
3377
5975
4196
7712
188
1130
7529
6884
6227
6066
1890
6632
740
1391
3737
312
7441
6197
3092
5533
5719
7012
4446
4421
7166
7678
2329
5317
6112
1456
6518
35
6294
6381
5435
5342
3970
6144
2275
647
632
4616
3340
5052
3306
6447
2331
3142
6950
3406
2693
691
621
5747
4758
2018
7732
4832
3522
1932
3490
6908
4408
5101
3026
7779
6572
6068
3214
1404
5878
1585
3062
18
105
5828
1756
1712
1018
1615
2487
4407
5561
3717
2026
4249
4794
3506
5701
4985
514
2335
7347
6515
6273
3391
4288
478
5446
3055
6109
3237
5160
1803
2110
1403
3621
2639
4672
6697
1070
5008
345
3537
4266
1419
505
6010
1541
2734
2247
1125
3390
6123
3726
2440
4852
4606
351
4684
2611
2491
1151
6561
6451
7741
6634
520
7153
1444
6540
3412
751
3911
3013
3039
4243
189
606
4404
4116
7357
2774
1040
15
7534
7329
6365
7286
1729
4932
2137
2231
4533
767
2332
1750
3115
2023
3665
327
3043
7495
7259
5383
2257
3901
7765
3887
953
4833
7725
4609
592
7337
6013
4395
7065
5464
5685
2853
3216
1661
5327
7164
1570
5258
2921
2534
1910
810
78
4798
2313
1938
4815
6415
6266
779
2603
1605
4148
2469
7759
6442
6809
6669
7015
3506
94
5669
4981
7045
5560
903
1913
5672
2740
3381
5416
7260
7552
1231
1493
3491
1817
2158
1038
1743
6119
268
2394
4214
3685
5283
5502
6327
190
3907
422
5113
5363
4393
5812
24
557
1016
6940
1526
1997
4459
6864
7692
7122
6817
6152
6967
460
6423
3601
266
2469
4162
2495
3484
4015
204
2904
5056
3040
6201
1794
5272
5647
6240
6654
6567
7742
361
5220
4678
7794
3015
1434
243
618
6256
2170
7285
679
1652
967
1351
5322
4910
3385
7389
1817
7302
3963
1810
3459
7245
5017
1091
5747
5266
832
1718
6383
2061
1290
2779
2395
4987
4107
3457
354
4340
1550
3375
3090
6397
69
3892
3770
97
5197
6520
4446
5832
7004
1257
6125
2802
834
429
1506
227
4987
4762
3063
2855
4952
4548
1333
877
7471
1138
1764
1025
6324
1918
5910
5803
739
3970
7215
5611
3996
5639
4928
6383
126
390
6949
7521
5766
7084
2209
6397
6517
5416
6384
3086
5031
3316
1029
2340
7214
6016
2676
574
4736
6740
6673
6441
5580
6995
5642
426
2719
1082
7010
1519
7498
2148
4388
5747
2487
840
1223
6643
535
4781
1701
1419
7745
1814
456
6751
4200
4587
6206
5747
1413
3306
539
1569
2285
5036
5916
5952
117
3616
1295
5766
2684
6531
2625
5545
2999
1529
628
6778
2428
5594
3500
7760
4603
7179
544
1119
3692
5210
2950
7364
6104
4167
7034
2937
4163
2984
5934
4308
1263
1761
4478
3948
4456
5319
2942
786
7500
6198
4957
6578
3447
4889
7429
4923
7631
5983
3858
3494
7407
4954
2735
7595
7256
704
7469
6461
3350
2976
1517
4705
6230
2902
3307
1839
5058
3878
7487
4445
6088
4331
4894
1469
1802
5425
6008
3655
4951
7649
1682
292
77
337
1146
6114
6508
7289
280
1089
5398
109
6292
1616
180
4112
3422
7100
3664
714
2113
3422
1818
2121
4467
2475
3754
6060
5860
2882
5475
1720
6849
5449
6148
2142
3189
579
971
924
4204
3562
2411
6077
3379
683
3126
5792
4812
2510
5366
6352
6593
3913
7659
5137
5083
6086
1616
365
7093
5394
3811
4480
1235
4746
2397
6564
4047
5073
5321
2620
7158
130
1050
7245
4240
4839
1988
6124
6261
6164
7179
2359
7052
7233
4364
5001
5505
7569
2311
929
2686
4716
5352
7000
7429
6817
150
2396
1571
2824
6095
2088
3578
7220
5886
5029
4675
1448
2610
3447
6195
41
3769
1994
543
6854
4504
3211
513
1298
3177
5120
7497
1973
5045
2084
774
4129
359
5305
1130
3515
46
637
4548
4667
40
312
5124
3160
7167
12
3956
431
7793
4027
3581
5299
5677
5174
1785
4053
6231
6755
292
29
1423
3897
982
208
3287
4550
4100
3863
2753
3413
6801
3775
62
5081
561
4485
5966
2106
1272
6376
2142
5726
686
4999
6331
7323
2361
6851
502
2929
5195
3018
2067
6222
5520
1164
5146
5923
2864
7249
4028
3771
841
5251
6132
4650
5678
4534
3201
1135
867
4563
4662
7168
15
7297
5684
1987
6824
7053
1156
3090
6368
6638
1035
1184
6849
1150
3882
4963
1043
2822
6875
1298
1222
2131
6214
592
3082
3557
965
1415
755
7649
3155
2592
1921
3520
6004
2594
7283
1396
3549
5551
5871
3371
1484
512
2078
1583
7766
5648
6703
7281
387
3733
5671
6163
3444
5485
1890
6024
5652
3627
4378
5461
7194
661
5355
7753
1005
5244
3082
3053
119
4008
3976
3971
544
1787
5983
3648
7610
7271
1631
4087
3333
4341
110
3082
2168
5987
4961
2693
824
2496
7033
907
417
4101
2830
7246
1669
5273
7000
2516
982
6479
7310
6241
1025
6725
189
7622
6529
1807
3991
7764
4990
5965
150
1813
7610
7270
632
45
1409
4079
4804
4254
42
1411
6966
5029
2075
5414
4545
5183
3544
1174
2360
4420
6888
2736
5316
7750
2958
4064
4502
2277
5446
6888
3779
6110
7191
397
769
5886
5711
6731
148
1214
6511
7569
4183
7025
5172
4571
4976
5432
7112
5316
767
4577
6193
6617
1974
5298
6690
3998
4013
212
2412
1391
1434
3394
1181
2723
1532
2148
3902
4724
5797
4216
6407
420
5219
5721
5477
7608
5214
3680
3827
7060
3490
1871
3370
1081
3145
1907
410
922
6227
5398
693
2541
6383
6895
3275
5884
513
5610
1319
1583
2822
3428
1015
4386
5034
1913
251
78
2953
4100
7535
1510
2832
480
3493
5951
6994
5864
956
3966
6049
2775
4957
6652
1022
4396
6328
6134
7345
6062
6124
2280
1347
5212
1484
5040
1664
3760
5633
477
702
3722
40
5906
3880
7279
2232
3429
5731
7520
4265
2903
6386
6960
3295
7054
2470
2917
3221
4387
7129
6446
6021
3773
7306
6044
6881
2317
3672
286
7110
1714
7413
4968
4333
3423
480
5206
2820
740
5178
4016
2895
768
5348
5192
1564
2237
5631
3323
3875
1252
7053
6452
712
1098
2311
4069
2356
5291
6640
2154
814
4226
6157
981
97
5720
1421
6764
6045
974
1667
2725
5969
1232
6337
6389
3175
332
4402
6183
6805
4938
1439
5271
7603
73
3467
5207
1826
6498
811
2637
7459
5921
4262
4407
6228
3491
566
4200
3992
5216
2531
1945
1727
6789
1131
3725
4785
373
741
6341
7533
124
929
5850
5382
5094
3881
3540
1627
6164
3437
827
1704
980
6084
7144
6647
2870
1101
6787
5145
1239
1243
3906
5041
7768
6588
429
3643
5183
3955
1350
2114
432
5023
3899
2684
880
4498
4394
4491
4559
2739
5149
44
5976
7179
6163
7271
2748
2956
6013
4328
941
2275
4929
2457
1894
7454
7194
6641
6312
1943
2226
313
4200
3007
1013
6220
4034
1166
1096
3353
5345
241
126
5181
741
2785
4348
3024
6992
3622
5088
1844
1333
6370
4211
4597
5796
6823
5795
3290
3035
5182
4375
3583
6797
528
2222
4282
3449
1336
6496
1345
2874
7409
6932
4107
1802
5735
3854
2383
1144
4971
2596
125
2662
3299
1738
3039
1586
822
5758
371
5554
5151
3766
6268
1325
546
4933
977
6112
261
5911
3525
7161
3794
5060
4585
4683
4185
841
4492
6012
4980
7624
7315
3441
3428
1267
3347
4630
4880
6776
3678
622
6051
4735
6491
5394
6392
368
4148
4045
7336
1052
5850
2228
2236
3992
565
1131
1704
5733
7326
3769
7706
5298
3618
5800
6758
5895
3011
3799
2832
5859
1904
1521
6939
2103
166
2160
955
7428
795
577
3880
1349
4462
378
2540
6513
3539
3842
4750
2133
259
3821
3131
7406
4673
1199
4485
68
2577
12
5663
5212
1363
4822
3581
1827
4147
7576
4242
2416
1576
7113
6002
7343
2532
5225
4537
5820
4388
4644
7661
2879
242
7389
3688
2198
270
930
4494
2223
2087
5077
3342
3610
6644
1601
7197
6441
3105
4413
5838
5101
7616
2906
211
5932
4349
7670
6883
42
4238
7335
152
2025
37
2986
2144
7615
7671
6483
6408
749
1937
2723
4702
440
6023
718
1546
6134
6059
7795
1825
4013
877
2447
925
2832
5986
4420
1669
1914
5370
4828
1305
3627
4057
7231
2330
7351
1962
3531
5089
753
7707
4452
3083
1470
5
7431
354
234
2411
4403
5961
20
2809
6165
4261
5978
1771
6610
2398
5060
3902
3261
4738
6808
6428
934
6322
4168
1320
6087
4570
6725
2477
4575
476
4777
7244
7192
7108
1508
669
4270
718
5942
6366
7433
5276
4472
2782
4596
3788
1157
7558
2349
3127
957
3337
7099
1743
7676
3804
2026
2103
650
260
4527
1863
143
149
2392
6332
4004
1778
4136
4523
730
6162
4783
976
2009
5828
4873
3769
1004
7261
6088
6608
285
1583
5073
2734
4967
5834
5243
1650
3696
2870
123
6137
6488
5004
5366
7555
7179
56
3968
4368
1136
877
1457
1924
69
3207
4040
2924
7654
683
2790
6136
4704
7562
430
10
6648
3843
1551
5091
7793
183
4017
7122
176
2691
5371
2338
3058
7721
5977
1172
3919
4413
1530
5311
4449
5944
107
7048
2073
430
4917
4926
6109
5781
4952
2772
6305
6437
2308
6252
3030
5227
2484
7140
4161
3771
6187
5843
5799
219
3546
3542
6351
5290
972
7226
6826
3619
4196
6316
5109
7373
1441
1499
1425
703
5895
3790
7663
3166
4411
5814
7022
3401
6052
2788
6768
5886
5079
4972
1659
6948
4227
7199
4100
5514
409
5448
1671
3150
1346
4782
6856
2849
6190
2808
4205
2771
2793
5488
4633
4301
1424
5283
1661
253
7630
3349
6374
2127
1559
4188
3392
1176
5761
864
5972
3348
1464
4408
474
2522
4997
1475
4742
954
2122
6116
4830
1999
2010
5741
5581
4772
4052
3042
2238
5551
4539
3124
6684
5370
365
2903
5965
5558
4989
5476
7659
2630
5271
6576
4610
5997
6262
5958
7432
4373
4858
5935
5221
656
6476
2869
2769
2020
6684
3736
903
1483
4599
5377
6111
4734
4831
7010
4413
4361
785
4665
4415
7191
835
6773
1186
4582
4829
6472
3125
3246
120
5699
6462
4490
3797
2849
5946
1540
7653
4956
6576
6679
5136
5094
752
2398
3299
6783
4074
783
4504
981
6616
970
4781
6636
920
5906
813
6883
6258
3066
2034
5419
3416
1551
4332
4494
2930
7676
6304
6076
412
4420
944
5631
5443
3723
4214
2805
1657
4102
5473
6294
4764
6021
1469
4821
160
17
4700
7368
5796
3100
316
6877
6363
5549
7550
7299
2526
868
5208
5153
2838
673
2685
5668
3186
328
3233
3571
6121
5222
1624
2301
6445
1135
5007
1061
3189
1579
2708
7423
4569
2286
3419
540
7187
660
2085
3028
1289
6606
69
790
780
5896
4455
2507
7483
929
7422
6452
91
1470
1397
2359
825
607
3462
7109
6917
6953
5640
5700
1200
4838
6254
7540
7665
306
2084
2913
5104
4695
1644
3322
2145
366
4341
915
4011
5232
6552
1174
2428
1652
4484
7531
4458
988
442
332
196
1707
4836
1689
2553
3860
5072
1152
1940
5908
7334
6575
5623
2446
2000
6699
6367
5568
3826
3092
6099
7787
1388
4684
2005
2111
722
2534
4600
4083
4795
7329
4488
6477
100
2435
35
1892
7036
6606
1878
4862
2753
2872
275
3382
5828
3888
4182
6509
4650
553
2023
599
2864
5601
6745
3746
2103
2208
2582
5010
3188
6755
3329
5846
2006
4177
6547
5578
3565
5982
4100
6237
4885
551
6327
383
4697
3865
1965
5453
7280
4584
7251
1922
1563
7616
4476
1582
3516
3565
2496
4796
6427
4759
2975
4837
400
5285
5091
2919
5502
7301
2497
7196
754
4605
6012
7684
3394
1279
6217
6398
2525
2772
1251
2671
5632
1929
4969
147
6787
2732
2265
3704
4758
4369
3871
2270
7777
1998
2139
666
5324
3174
7121
2412
5505
2548
5165
1867
2362
830
5128
4160
2677
4868
2152
5028
4391
156
4490
4557
4568
7567
5408
6470
4554
5458
586
1078
4273
2408
5651
4430
4642
4569
4767
196
4725
7554
6757
4668
4837
7529
2877
1241
604
3811
2476
3033
1903
2062
34
3000
2887
681
2660
2992
3423
3288
1397
5107
3898
7651
730
967
6907
6877
5887
3764
5339
4808
5080
812
597
5433
5622
4476
4681
4225
1623
4958
4449
4852
5855
4536
1530
3716
1646
4383
822
7286
704
3561
4129
3909
4144
6599
6120
6207
1231
6963
4015
3931
251
3443
4936
2639
939
640
6625
3052
4665
3060
4312
4229
6613
2752
4792
4258
5968
7777
7548
1614
1289
4526
6938
6992
3154
3157
2194
3371
7699
2882
223
6415
2310
2017
7477
7258
7217
1250
2584
5784
1624
2277
2784
2561
751
6835
7336
7666
2194
4609
915
5861
4806
2379
5441
5784
932
5780
979
1268
838
6815
4028
1063
1130
639
1090
3009
7071
3865
5058
2671
2725
3017
6236
893
1999
1780
2117
1814
5246
743
1665
5150
7447
6534
1520
1603
5246
6886
3021
2166
2975
2583
213
6977
349
2298
7032
5616
4521
2458
4149
1586
7568
645
5993
1204
58
2695
156
7325
1005
6271
4767
3985
3295
1122
4868
4918
5018
226
13
6964
2335
4059
1419
951
1625
4447
2785
5814
525
4282
6142
461
6022
7146
4920
2840
6329
4795
2168
3627
5066
6325
3638
4276
7736
5006
4512
5184
1972
2863
6668
4987
2538
3381
5898
736
3587
383
5867
6344
1761
631
2524
5719
7136
4220
6115
7078
372
6144
2604
2067
1085
5047
1295
2759
1465
4787
779
2989
3645
3144
3287
2912
10
1524
2497
7379
5903
4610
5983
2222
6673
3625
7327
123
5898
4950
432
7522
1919
3121
4310
1141
1247
7081
5182
4954
4342
5958
3507
2761
4608
6266
5856
5304
6018
2087
2903
7500
5001
602
7183
5082
1060
5097
4428
394
5848
3833
1488
3341
6455
5075
3787
4551
1875
136
2269
3783
3139
5683
3508
1882
685
6658
2572
1457
1759
602
4662
2046
2121
4316
1269
5632
1218
6949
5115
3155
1613
2167
3659
4698
2
6229
6904
3955
4772
4443
6194
7440
6505
1914
7167
6982
1679
2142
2358
568
2451
5796
7620
2240
3989
5519
7288
1334
7023
2534
1576
6606
7591
2352
3276
4713
7099
5901
6479
5250
5628
1413
277
1643
1782
7034
7087
5811
4946
3304
6944
971
7533
2948
1571
1213
6607
2353
729
3336
3891
3202
735
2447
6702
6158
4403
1485
1958
679
1217
936
1440
6350
1111
4255
6359
5622
6009
7737
7540
5551
3941
5753
5223
2711
905
6604
857
7420
6974
5978
6811
6678
7001
322
704
7568
2024
3882
5999
6384
6173
3653
4796
6803
2804
5360
5487
1599
2187
417
4631
7213
1790
2671
795
6753
3335
4622
7222
4715
5575
459
5169
6024
6552
532
2110
965
5065
7032
3615
4132
307
3011
6219
1325
4883
1688
2038
3892
1790
1092
1280
2001
4261
225
5041
5808
3953
3617
6559
6924
1651
2677
1757
2736
3641
6517
7567
3771
1345
6968
3250
654
4473
3997
3693
3661
556
4944
6607
4115
3085
7324
7425
3445
5441
2570
4826
2142
3788
6613
6569
3332
927
3085
2317
1188
2684
3577
4384
7349
5117
4681
3188
498
6525
2801
2579
6729
2894
2979
5542
6691
6770
1906
1184
4871
6999
4031
5465
2284
995
865
843
3971
6066
7124
5403
2817
5754
1596
4438
1145
2038
5008
5095
2225
446
3815
661
3295
934
7542
5359
5110
355
7519
4390
1580
6034
2290
4171
6945
6038
3315
5012
4546
1538
7425
7062
312
998
5164
762
2598
5640
4158
2322
2259
3252
6008
7190
2703
5539
5125
3208
1299
2287
1436
6550
5256
1946
3347
6697
5888
664
456
5968
7208
3680
5277
2424
1800
7393
810
5904
2512
5004
6426
2579
1621
5230
3123
4699
2197
742
484
4893
1758
7314
3844
3256
4861
146
1835
810
7200
3580
5036
5775
3405
5052
5463
2831
2508
7290
7599
888
7286
3172
6858
2358
4169
7457
4799
4659
3335
7676
1939
6470
2310
2707
7017
784
7781
186
6902
6025
860
628
1269
6856
6294
2317
7393
5201
2535
681
139
7311
3856
3892
1407
5843
3212
4785
4949
7375
6506
3032
5964
1115
4947
7284
4502
5186
670
5740
2969
6624
4309
2104
2741
7480
965
4460
7701
90
5286
6128
1813
3094
5230
5820
1677
4245
4135
2557
4169
3285
7112
2008
445
4275
1324
2935
5787
6405
2208
513
6918
6626
742
983
7118
1194
2495
4413
1372
4501
1771
3262
3324
4900
6684
3037
1592
5589
7752
147
7729
524
2480
5424
6740
7524
3403
1082
1812
1256
488
498
7371
49
3642
1019
1717
7664
6378
942
1552
807
7344
4101
4647
3704
4585
2726
4778
6839
4822
6278
3152
6327
7352
1429
3191
3089
1778
5562
5565
3181
4720
135
2552
1014
3965
4470
6430
2731
5429
1233
4253
1331
5526
2717
690
4406
1724
5641
1490
6936
1209
422
6079
6610
6618
3896
2858
7671
4148
4271
2707
4609
1779
4450
3775
775
3910
3024
3525
4705
1400
5578
3702
5025
293
2301
1517
6854
1689
704
5421
283
4597
3969
7607
5881
1355
3828
3015
3219
971
2316
7024
6863
744
234
2926
790
239
899
1082
4358
774
4758
2653
282
235
763
2733
1990
4369
5883
2991
1105
6947
3317
6327
7582
7383
629
7462
5144
4694
4942
1765
1472
2245
5784
555
5515
126
3689
3535
4541
2760
6158
2714
1842
796
2153
2827
2227
1195
2794
1795
4955
5238
7088
5808
3826
3458
4872
4573
109
6374
7434
4518
3638
852
3152
5738
837
2988
1342
2903
5275
506
166
2166
2384
5654
411
1634
5712
3674
6576
2378
1730
3740
5235
728
2201
1780
5524
7413
4043
4680
2634
736
2785
7252
6578
1933
2882
4333
1753
6299
1165
761
2674
5377
3176
3804
5924
3499
2813
2790
1007
852
875
3075
4161
5074
7018
3254
6414
144
2717
2566
1021
290
776
376
6406
7591
7089
6097
5271
7071
4200
6166
301
3526
5441
6077
6649
3521
381
5268
141
2196
425
1590
4721
982
3330
1755
1461
5970
1948
6655
2255
6220
2932
2294
5211
4660
2573
7743
2573
4866
3650
1650
1311
4295
2014
4308
2589
2268
3791
2316
2652
6752
2941
5751
6929
3653
5130
1308
1169
5069
1717
3853
6939
6031
7383
2250
2225
6358
6716
3208
5700
2292
2520
5697
6429
7129
2598
5909
1400
983
7599
2708
1310
4276
2318
7251
3237
5476
1325
6673
5605
1832
7211
399
3605
6510
6694
3116
7566
6402
6166
1907
3353
6627
5884
5855
7453
4070
5254
270
7509
2938
3413
5110
6573
6062
7579
3506
2521
6280
489
2466
5354
2155
2159
4727
583
764
127
2214
5069
6034
244
724
1872
4373
1433
4467
7550
7296
4857
4982
635
4783
4183
2979
1612
3685
1128
162
3689
6134
2988
1806
1216
2033
7378
4484
1231
5286
1892
234
764
3435
4649
709
7108
3253
7441
4708
3682
2423
3617
5905
7136
7614
2249
4530
3220
3966
2455
2434
1711
5897
6539
1233
2395
7163
991
1088
1933
2659
5197
102
4403
2400
6747
3687
4013
4801
5447
202
3914
4809
4449
3481
32
7363
5324
566
6164
5708
6251
5714
7620
2267
478
6047
5369
2726
1005
7461
4133
3257
7797
186
1266
4683
2356
3883
3836
5094
5572
5920
6480
6519
5337
4873
6882
7307
5071
6741
6294
4841
913
6185
5782
6732
1888
693
2929
4936
6169
6014
3989
2720
1869
4139
3795
7508
3206
5010
4799
3213
4888
6453
3608
4832
2849
7520
4788
1153
3364
1567
2234
3999
3357
3293
383
7093
6831
5053
4789
1779
7412
4129
6689
6952
1370
2544
2635
4942
6883
7376
4226
831
1377
472
1111
5385
3515
7105
7349
5564
4832
1393
7110
1541
2170
2526
1776
4343
1118
7509
1063
2076
4715
1328
1265
5088
962
1312
6954
3472
258
3006
3984
4890
3850
3144
5270
4202
7257
6126
6595
3204
5548
2146
5499
2208
1782
6740
5599
1043
68
4136
143
2467
2056
383
6635
203
1723
3415
3293
2383
2961
5849
6093
6991
5891
5445
699
4204
3562
1525
4385
1834
3132
2031
7073
1907
4415
4944
7058
1113
5262
7287