2865
11134
6546
10569
11382
8971
1102
3842
5023
2868
14152
10301
11944
7771
6392
2589
4146
10844
3300
12251
15329
2299
12658
2644
14726
908
2344
13579
1995
14904
8902
4123
534
12003
14175
5685
4511
6391
1173
10089
15313
8389
11801
7101
8683
6271
8393
14384
15306
9000
13461
10859
5648
7104
14250
1255
10486
14787
10961
6237
8330
15140
4004
7196
8064
1392
8525
3995
4696
10190
1364
14387
5371
199
5661
14079
6003
3959
14360
5217
9714
4416
14209
8372
833
14261
9375
2490
10933
12416
14403
11513
8825
7209
2961
15582
10792
13237
8379
10110
1000
11225
5244
6502
5020
15054
1542
15726
6462
8149
5573
7769
9376
1761
11298
9733
13599
5144
10629
1668
10626
12909
4602
13703
11795
13446
10712
606
4473
3566
5756
4944
15303
1981
13042
3828
1103
12709
12677
15087
3545
13173
10619
9608
7533
521
14339
1553
4769
5786
3597
10067
15492
4368
5620
12469
9647
6193
13700
11261
7443
14017
7655
15127
4714
13864
5753
1770
13675
11558
7547
9050
116
4473
5313
9045
8679
11830
6611
8031
13864
6327
7891
11194
8097
4915
7364
3107
11975
3761
3993
9830
6504
13095
5818
8182
13946
201
2022
5071
793
3097
3483
2023
5413
992
10084
15221
11155
10378
10642
3140
4430
12523
2495
2854
6910
2545
99
143
13806
2916
1869
7012
1254
10886
584
11682
7218
2033
15621
5389
7248
13323
4596
3403
15605
2096
10104
10655
12888
12551
7738
12969
13072
13654
992
3306
11429
9407
2615
8036
10390
2047
9213
8272
7480
3756
8712
13415
4651
1758
1886
12342
4911
5189
15224
2887
14601
12138
1034
10240
1488
9665
5234
276
15243
345
4409
4286
11687
13466
832
10502
11146
1697
1576
13151
14041
8028
54
6328
2327
8327
6247
3674
3544
5838
6187
8116
817
2259
8659
15230
15580
60
13844
1368
9603
13591
13558
14524
9679
14031
10867
11633
1136
11439
14220
452
1805
2095
8262
5957
2449
3642
2413
13289
14991
14078
14580
3863
15656
11493
6383
3845
7558
2794
1157
13554
5871
1418
4123
8966
2110
4507
6863
3666
11114
14987
12711
3528
8611
925
9940
4166
6097
7647
8675
11659
15476
6278
7175
10403
2971
4968
13300
930
9413
4177
7628
9822
3459
5523
9717
3794
5960
4573
9356
8504
7573
10540
5185
11416
10543
10007
9509
14553
15984
6320
4759
6743
7816
14539
7897
5721
11264
13892
11369
9389
15041
7086
1255
3301
2786
5940
230
8042
15069
8038
1640
8949
5597
9111
7167
5283
14681
13421
5558
2495
10
8138
12703
9925
5546
7165
12256
4523
10084
967
1446
3877
837
12259
13546
5208
7535
10896
4817
6332
6415
5611
14453
685
11128
12313
13101
14095
5156
8575
9484
10540
11760
14130
922
13690
3467
15944
4542
10629
14950
2041
8256
2461
7975
8397
13598
6722
10839
6824
4714
1855
4554
15640
15337
9622
10081
2254
4408
114
8049
6301
2887
17
6667
9126
330
1598
6823
11654
8581
11049
9445
9544
14025
4247
11984
6064
7823
14083
15875
15829
11018
6820
970
9587
10018
5449
5229
10462
12191
13208
11028
5099
5468
4929
803
9213
5389
10231
4845
13796
5760
14447
6059
8411
11011
5053
11521
361
3355
10054
654
8849
10331
1513
1009
13994
577
8263
7882
12442
4190
11251
15200
2506
15042
4354
8479
1416
4331
8200
10184
7433
8922
1188
11249
4754
8702
14587
13599
13889
12366
6357
12094
8767
2807
10247
4106
13957
4554
4912
10972
13954
11253
10413
1856
15573
12330
4069
3591
3754
4166
509
11846
8842
11243
10571
10246
3178
13788
10033
13978
12206
6729
1857
12935
1082
9186
3836
12755
7516
13103
8094
4743
8193
10228
15501
7285
4230
9786
6086
9543
12076
12233
5578
9166
13447
2474
6976
760
8821
15713
14446
2687
6445
10276
14289
10849
6501
9669
3108
2413
8162
8502
2898
5681
13690
1328
1894
14120
3293
15698
12439
5413
6847
8377
4923
8512
14461
5774
3855
6844
8209
14119
9531
1460
3869
1131
6489
6692
6690
3299
1068
9118
7218
6256
6018
9054
9298
797
12720
15988
13522
14827
7838
948
9501
4629
5519
15124
3256
1198
8224
5981
7770
2163
3869
12284
7795
12102
6861
11402
5288
475
5517
13
14018
2994
8136
11030
1793
1786
11199
8392
12032
2878
3884
156
3635
775
10993
10691
15523
1443
1419
4962
6853
12629
120
9791
1163
1685
6637
2905
4760
14226
4421
15800
13152
12534
5284
13879
11753
13496
9740
14572
5030
13921
15846
11261
2227
15784
4290
14782
7776
5572
6553
11197
9289
7116
11132
1776
2972
8060
6797
5888
1324
2261
571
178
6910
12068
9762
10810
9326
13786
3026
3111
2545
13410
9259
3978
7665
15878
1914
8235
11108
12250
15527
5449
14068
531
10558
7895
14149
3853
12623
12150
2177
7916
14190
348
7092
5021
5783
8654
12783
13655
5854
8928
5941
11955
7143
3055
9069
1393
6177
10856
14731
1736
10270
755
9270
4446
11393
11046
1431
14678
615
10616
4684
15476
2191
8334
8807
13210
14737
12441
7380
2171
10333
4143
6048
1391
7493
11881
14452
13021
4938
15727
14939
2676
5973
10019
15864
6194
4694
3880
10591
14321
4886
15423
2731
13176
11247
5463
2703
4913
5142
11547
1951
8238
8309
15780
4818
8993
1422
6673
9825
557
12539
12169
13053
8852
5423
6925
3878
10029
3064
10284
12499
1009
739
12304
11621
8404
6395
10534
4885
8637
5475
295
1669
11377
9414
10160
11863
11920
1787
10070
14800
7846
12748
2114
4008
626
69
1662
4130
12080
13067
3863
7761
8269
15607
7430
10995
9885
8550
10823
12414
14316
14536
5981
15058
3515
9882
13114
9183
8933
355
12600
14187
2306
14873
8730
14447
15694
4696
13381
7572
6476
13274
15346
9080
3285
13912
7781
6045
9551
12884
15853
712
12602
423
673
3397
7824
15171
11256
135
5630
3290
294
14154
4868
4054
11485
12104
14588
9077
3463
5111
2454
10369
5923
3843
723
14974
1511
1995
15881
8239
2521
6160
8966
15036
12215
13060
806
8886
15818
1438
13302
15207
55
12205
10838
4875
5137
6087
15983
10527
6604
15916
3584
1703
6576
12962
14597
12938
527
6788
15181
14265
13151
1239
6791
14234
13947
14874
815
10869
605
10507
6681
14390
6027
9036
9583
7943
11866
6823
14209
10364
3118
12216
512
11986
11895
7195
11822
15382
3924
3361
9553
746
9679
11183
10454
4792
6878
14343
8730
15917
4216
12026
15247
5360
2983
1546
12715
3579
8017
14541
12141
3042
8469
1716
8104
1889
11273
14427
8015
14834
15617
1537
14087
9111
10050
11079
9371
9589
8366
3724
9040
11897
13177
12752
6544
11781
10686
15600
4049
15229
3833
4357
4532
13322
9820
6107
12737
5717
13141
5470
10986
10367
6555
8593
3986
9291
12897
3520
4001
15397
14645
9668
1063
9329
2787
6028
11208
10905
11455
7357
11914
12223
13394
12539
1303
1798
13106
12308
7011
7872
2973
15412
4030
2428
8061
1385
4808
7569
2382
15858
2543
12959
3387
10472
6031
4459
15861
9125
10667
11755
5915
12314
12406
1108
7614
6908
8203
8201
4727
15615
8900
15026
13286
1100
12947
15821
6732
10890
13775
9076
11434
373
6201
173
1043
1000
711
8503
1597
11768
6717
1102
14916
8366
9612
4779
7263
3960
6957
2430
6682
5320
13125
14387
15475
3177
2534
9073
9002
470
5039
8343
8275
1775
12734
6997
15834
10359
2846
7175
9884
12119
110
845
4405
8075
12382
5785
15959
5543
5980
4081
9505
2922
6304
11672
12811
13525
483
617
875
2544
12578
6217
11453
9670
4991
6726
338
11792
1815
10952
11924
4670
9805
1202
14694
5014
3900
10268
5843
5830
422
15852
8618
1302
2072
13468
3404
1186
9542
5946
10735
9441
4868
9336
12438
11644
10624
3604
2180
15341
2212
6138
4170
5415
6084
8376
10480
15539
6757
3788
12670
1345
5744
620
8717
10172
526
10438
12092
13442
7332
5400
5266
7767
3276
11274
2463
11451
479
666
15818
13877
11045
8640
7413
3332
910
14030
5609
14309
15584
15649
15493
14685
6883
11150
3703
1389
12953
8822
1871
9258
2518
9375
7715
1390
9145
10206
11690
6228
15785
5552
13126
12534
11605
8342
2257
6105
14603
15490
1371
865
2113
12040
916
4902
10491
6361
12963
2814
9016
4740
730
12350
8372
7501
6112
1198
7993
4432
3522
15495
7898
7876
12838
9971
9276
3463
10391
6815
4543
8019
7608
15965
9115
2780
1421
7025
2980
11806
14948
7879
15311
6624
13753
5380
471
6286
2155
419
8421
13775
3623
11464
10883
8765
12450
15772
10571
4191
4858
1280
11191
3734
1403
6645
8629
8821
1008
13725
15146
12804
4025
9174
8243
14280
7855
3611
8518
9136
3833
15997
13167
13112
49
14272
14193
9884
13800
10737
11830
7511
7500
13335
6614
11350
11693
15044
14226
11393
9412
564
332
15933
4820
10598
15413
9880
2287
2385
2838
357
4931
3493
11243
1156
13065
2537
5561
7683
6593
262
1918
2382
2297
11995
7054
13579
7798
8302
13034
11969
6252
6922
2680
13676
4610
2422
9683
12240
6386
11010
1409
1466
5176
7125
6383
6878
469
6840
1093
4865
10267
405
4635
440
1568
3725
15691
15763
1953
748
5672
5726
7259
9709
8276
1606
14913
12658
12922
7171
11513
2895
7914
2261
1676
3023
2079
10199
2892
3563
7173
3792
5389
6125
5672
11564
10899
3005
6672
7461
3033
4817
9454
7137
11489
15045
13295
13252
14126
11359
14151
15098
6796
6857
12459
5312
1397
4603
4897
2685
5310
522
9090
1011
1087
128
10678
5057
12610
9753
11990
13464
8700
14330
15102
8626
7935
4095
9741
10654
7085
812
106
2955
6471
2056
10666
11205
5036
7034
15025
5931
2544
6091
13205
15970
3066
15191
8581
12003
14617
11696
15979
37
477
3854
15060
2833
5474
7578
12230
13899
14109
5402
5876
267
11943
3891
2332
13168
14570
11222
14799
11865
9808
15762
1704
3003
3497
9115
9842
10318
2087
12497
10172
13141
3761
8156
5999
1822
8961
5435
11181
1174
10752
14426
136
3157
881
6200
10549
3718
201
922
13956
5282
11898
7430
2880
10383
9942
10051
15283
5779
1771
5016
15388
7850
7127
1882
6036
12203
7618
8712
7616
10313
11087
2822
7862
4463
14120
5486
6730
4301
9605
7641
2393
10456
4362
13844
739
8541
4183
9778
9328
7881
12807
6480
7511
4782
9517
15848
1070
12990
15864
14800
7927
14435
5367
5847
11398
12191
15482
707
6833
11907
5636
6126
9332
3173
15763
3307
14254
23
12527
7691
10484
3728
12894
8487
13838
5404
1010
12157
2426
14338
6828
11967
14958
9730
4092
5344
2768
15530
10346
15570
4774
12034
1668
13676
4412
2578
8091
11696
15400
5914
1970
11985
5666
10319
13119
12628
9914
14847
14688
1576
11767
5009
12217
3414
10362
13183
9281
9866
1199
1993
6241
7764
7960
11653
7991
4377
11647
14961
4471
8140
7731
5493
4745
7538
3147
8046
4668
5556
5397
3179
5846
10740
313
15813
9893
9822
7757
14176
5173
10665
2068
12095
11137
10545
3028
3739
12133
5951
1758
12377
5847
5658
4615
3000
2918
15572
2445
8166
4221
10624
8249
10933
14704
4757
15631
9075
6106
4240
6845
4931
1523
4063
13668
6559
3234
2616
1475
1784
8523
7393
9437
1304
750
15735
3557
14591
2421
13398
3298
11719
11456
732
5956
5826
14713
14105
7573
5379
2127
2650
2382
6072
4476
12295
1662
15753
3647
6631
14709
4367
15351
7022
72
9046
6160
7857
13253
837
10638
2033
15604
2596
8888
3647
7796
11779
6578
13166
9809
5436
5472
4001
4387
4730
9569
7543
13704
5674
6283
2957
11404
10749
14537
570
9860
880
8019
7449
8002
10454
2089
14142
4622
12706
3496
12693
1500
3920
12509
11403
15081
10705
3579
13697
13558
12722
7142
15176
6941
2686
2285
4089
6775
9588
1255
9849
5191
8157
12865
4480
1478
14766
1461
4514
227
138
1619
11709
975
10610
5561
382
11041
13234
6640
127
13450
11556
480
14769
595
15644
11869
12317
14443
1049
6347
14115
14083
12061
11315
10482
4100
4696
9319
11136
10771
10425
6576
10040
10221
9444
1892
10781
1319
2628
2702
6943
2619
1378
1632
7171
2055
15742
3906
2759
439
11968
10353
4649
925
8400
10135
10406
5066
11629
2647
4009
9682
15928
3472
6483
15825
11377
7052
11204
15345
1714
13010
12350
518
5286
2040
2218
7830
15260
3956
4767
12099
8393
13904
5649
347
10391
5758
11134
15047
7991
6599
6746
3405
303
15490
7746
9698
9078
15714
8379
7051
10569
13875
15849
1812
8946
11688
4325
5065
9584
12764
15120
2234
4005
4013
12455
7152
9642
4169
9712
10331
13552
8883
11944
3741
8441
14011
13849
2152
7426
11034
13981
5189
1676
6173
8411
15280
14361
8208
15317
11394
4330
5048
10357
13645
1705
11447
1712
14977
15249
8075
2928
627
3176
12183
11367
13312
1816
2768
9083
4433
14880
5967
13258
8548
4267
927
7267
15295
918
3090
4952
4516
3964
1249
4026
12804
13299
4105
9192
6256
8335
13356
13225
15215
1355
9117
13900
2019
5122
5267
8027
722
2712
15308
9770
15314
10279
10180
15834
14303
4480
10143
11305
2136
14625
4723
6857
6742
9849
13570
7511
13347
15414
12860
8123
4756
6731
3755
8958
478
5936
7520
4493
3046
15261
7653
10607
4690
5411
2574
15536
2149
13330
15266
12686
693
736
2325
13164
3991
11905
5314
503
8465
13141
15502
6936
3378
8399
15612
4426
12829
9762
7631
12018
8777
13118
12697
12630
249
12657
11631
12649
8069
6267
11559
13907
1700
5133
9282
9513
2178
9723
12721
360
7850
15276
15351
13502
12880
3463
2090
1107
2179
5171
12212
15413
11281
8726
3205
2972
7407
6550
12869
13911
6373
3740
1169
9609
7327
11870
13604
269
6182
4619
2292
2404
13664
6793
5908
6372
913
4484
3242
10048
1762
8549
12750
6295
4905
14243
5707
6054
13839
15306
10861
15026
8916
14293
11615
6769
10213
9819
1996
15963
3723
8160
7877
13149
14964
11926
4213
4310
5693
10773
15329
4897
9515
5842
2155
14294
6712
5213
10578
3645
7276
11241
10075
3219
9615
7522
10620
3268
15708
6598
4612
5577
3638
6193
6754
3281
8788
5706
3830
3390
10612
9762
6522
10405
10039
1955
15406
1495
4521
8616
4823
4946
2645
10539
4956
7135
5384
9010
2191
7659
14737
5012
3468
4312
6687
9904
4357
13562
12239
14567
11045
5463
77
7295
12404
1492
8690
2672
9086
8497
364
1997
5937
6973
10903
3079
1380
3724
6961
1354
8690
15025
11604
14622
11148
2538
1811
6954
2735
7441
2511
7091
14464
7185
8074
3139
5799
15713
13409
628
4567
11493
15492
3176
11582
15007
14632
1769
6997
335
1907
10030
4788
5586
5103
11676
2695
9695
8956
14186
389
8448
7409
13322
13085
4546
13332
2099
15412
2132
1248
3032
2462
8779
10039
4212
12620
9359
12560
4834
4554
12028
11285
5911
14364
8587
853
9931
14744
14580
8397
9766
6747
2910
11868
1705
1086
10589
11587
10372
3776
1884
11573
12
5282
13007
12946
96
13220
11876
7478
9879
3017
12370
8537
3562
5142
460
858
14928
12187
13489
3688
9783
6059
5124
14387
9348
13457
9735
5531
4013
14403
6664
10080
3225
3342
2984
5235
2751
3555
6704
7456
7231
2116
9794
436
15331
7955
2737
3143
7237
14878
5563
1571
11970
11665
13070
4193
2420
5381
6917
8320
15506
9917
3401
8761
12868
8569
11889
6176
11021
7911
2962
15972
15862
594
11106
6616
6346
8288
9050
667
10844
5399
5748
5367
12057
115
14458
11081
8251
1388
6296
10212
15829
1959
6261
11421
2172
15040
13780
8065
11473
5571
6089
1776
7297
199
524
9228
8030
12295
8876
13299
14035
10438
15757
15461
12627
15812
2097
3692
5147
8234
11555
14241
15914
3378
2057
11197
8944
12456
7138
6135
7640
3101
2992
1084
7911
9426
87
5262
485
707
8759
10383
5926
7212
230
15220
12450
4471
1867
9815
13433
7455
286
993
4361
3626
12888
6099
5420
14132
10645
15847
2327
1898
5125
4438
3919
10275
6779
2422
3473
5526
3317
5056
8766
15711
8894
3904
88
4574
1421
11419
1271
5475
6042
13451
15278
5486
5723
14792
9985
13045
7358
1290
8187
5317
7677
1556
13905
496
13222
7606
10482
5858
9095
566
9671
106
11986
4251
6929
14612
10565
14097
1575
12733
2923
4943
3765
7640
10592
10159
8813
12697
11004
12890
13725
6771
1799
8951
15665
12273
7175
11691
10600
12675
11936
11660
4936
14207
3803
1951
7003
9213
4213
7151
12992
3215
13779
8498
2973
8982
8389
12117
6733
6412
10418
2488
11050
6250
6354
8173
3549
3996
8786
4528
4842
8811
10505
9355
4794
11865
15265
13995
8043
1463
14442
11354
10542
12802
13742
4302
11195
4025
9593
13858
2543
13999
200
6724
2777
3196
14865
14757
7140
2328
14060
8373
5026
3753
6075
8088
5222
8515
5005
13570
15348
7861
11238
10400
12610
6139
1102
7178
7539
9169
909
1953
2781
4489
13428
13722
9119
7653
7104
3381
9323
9007
248
955
10116
13299
10154
6041
15462
8976
10959
8023
15904
1456
10709
5030
6705
7028
3178
12905
11207
7616
9287
13970
3864
1449
9602
14016
11712
3044
10656
7728
3323
14763
8161
10464
2473
14233
7611
6599
10977
5615
9984
8136
5052
8113
4249
3963
7500
13192
2989
6893
9157
7901
8339
1167
5075
9671
13004
3513
15122
5664
3448
908
13289
6474
13088
13551
8223
12331
12485
4669
9929
10321
8137
9538
2906
6598
192
177
11898
15343
7295
7806
11286
1200
7432
5363
10629
207
1993
1842
561
9048
12712
77
2318
5044
9074
6987
3717
6797
5120
3955
11198
307
3629
14963
3752
7324
15773
2945
8640
5206
10180
8810
769
9091
13193
4907
2517
7299
15891
13384
13910
7535
11174
15180
455
9490
3008
1130
11514
8796
5187
5100
6362
2458
11047
12963
13381
5107
3314
2159
3955
218
1249
12803
8932
10764
462
887
11023
11301
9948
8117
4569
2360
15831
9509
8010
1607
3777
5084
6395
8347
1636
15223
10874
9508
3331
11592
11457
13963
10275
4501
4369
5969
11613
4858
11798
8667
5136
1949
8123
12585
6509
15336
7310
12422
12291
12633
3378
12801
13072
12573
1901
2935
2645
13870
5425
12733
781
13545
4773
4355
1813
8721
1975
9992
433
2392
8319
12500
2983
10624
4532
5001
4192
6198
6661
9351
1880
6379
5347
5716
5513
6632
1893
6456
10541
12495
1465
8450
6854
11727
15807
3660
7799
11911
2841
10156
4709
11665
7614
1663
5996
6712
6634
12386
3223
4939
1588
33
14410
2317
7045
236
10492
249
10337
14393
3908
703
10821
7301
6188
14877
11932
2784
5736
1147
135
12407
15030
5017
13476
412
15361
5039
672
7063
13537
11771
8968
7433
6215
4669
15334
11261
5665
15446
12302
10459
2625
14628
13536
8327
12662
14784
194
3310
584
14216
9050
8718
327
2009
13761
7471
10701
7126
2249
5278
13811
10644
13408
13005
10858
7806
1110
3439
1478
13893
3520
5885
3630
15826
3657
4776
6925
14657
6730
6652
12559
283
15174
11811
13348
5012
2480
2301
3850
9534
10816
15818
4319
11606
10205
978
13926
5996
6531
9561
5425
4373
6509
6208
2161
12337
1943
4603
15882
10022
12445
3186
4237
13423
6960
1838
11876
3153
13198
10163
13503
1013
6300
5909
3841
2748
11280
12506
7821
6524
1372
9693
12267
10525
5733
12216
9455
10873
5667
10240
1984
7527
1766
11273
8113
722
14682
15621
2329
439
13096
9141
99
6876
9397
7018
11129
2278
830
11024
10577
7884
5682
4922
14742
2958
4239
10699
4082
5696
13605
7642
12886
3142
7851
6670
6256
10012
6618
2534
5648
1125
6512
15419
3804
8133
2110
7995
10904
11158
4204
7986
1865
15202
15352
14556
14054
6141
5651
971
10954
6195
4505
9807
12435
6666
4170
11347
430
8414
12649
15221
938
8377
10153
7644
2761
15331
6375
12155
7304
3007
7110
7624
7294
15035
2508
6052
14296
4330
3893
9098
6208
15318
9501
14280
13964
14407
2042
12715
7270
14589
5278
7376
3409
8403
11606
5606
10856
9648
15523
15967
7503
6510
4271
13478
15397
4462
14667
7810
3695
5060
1246
493
13510
13173
13022
1202
10723
10092
13787
981
13532
9100
7747
1708
1521
7562
4690
14665
10067
4433
8710
7249
15359
5779
8126
7230
5683
4563
6102
8563
9879
10146
12021
4939
12028
2660
15288
6049
14636
4301
8210
9827
3381
13392
9631
11070
11615
577
11982
7556
10309
7762
5975
4843
5978
12407
14014
4437
1588
13101
15467
5305
2971
8997
945
13806
8098
13203
1247
1412
15724
9933
11883
8861
312
15790
2289
15208
11812
7857
13743
7221
515
8083
3906
3619
6008
13094
15377
13810
61
4868
12170
7702
9499
15696
8245
12495
11725
2042
9872
6605
5205
946
5129
14942
10896
9540
10685
15112
4588
5763
8848
3268
6704
11796
14650
12345
9557
1576
12393
12284
15287
7935
9127
2227
11890
5151
7820
14193
12406
4170
7800
15988
8393
15255
13750
6115
14358
1489
8076
7904
8785
13336
10844
2297
15052
12415
8779
7460
9392
3631
9344
11352
12002
15500
9698
14745
12144
14625
10836
10651
8206
6334
4676
3979
408
12033
12429
14433
6505
9471
4279
10867
299
1391
7940
2541
10682
13515
13863
10743
7346
7568
5595
8912
8046
3533
5930
5692
2831
11064
2067
14168
15914
7404
10525
3281
13133
14449
7890
2377
10079
12654
22
3896
12904
6215
7155
12413
13165
2395
5944
11879
7055
715
4271
1381
10516
1307
12921
3179
9077
13786
12768
9912
11118
2559
5038
7986
14184
3674
5986
15880
13918
2722
6199
8155
15671
2125
5593
13869
9424
15296
14450
9137
13631
4406
5590
5009
8181
1561
15002
10448
5513
15061
13212
10190
15901
9920
5004
7880
13532
13758
7115
11664
14978
8437
12955
5926
6029
2402
5408
3139
15787
15113
3105
15112
973
1282
14458
15790
3810
1021
13438
13058
14554
10261
2444
8475
11407
6358
8711
6054
11900
1787
9820
10956
2937
169
7822
168
9263
10233
560
7563
12220
7438
8235
4703
9579
8442
8049
15192
2076
3360
11320
9523
1365
3694
8268
2566
9240
9289
10208
15823
12688
733
7244
10865
4971
8228
150
5718
2303
11656
8333
11879
4457
5785
1934
8571
6985
7655
8178
13673
5575
11588
2747
3061
2067
9663
7845
2174
14630
5659
13428
2068
9184
12272
15864
11076
4292
7554
14359
14854
4637
11139
718
7040
8807
13978
10275
2296
12408
11818
7362
4069
3777
14439
9703
7329
9517
6593
12979
5265
6784
3438
9517
5399
7996
9965
12442
9265
7114
8263
6976
7241
10565
15550
12669
8265
8821
8581
885
5569
3500
3704
13110
14644
801
9004
4785
3760
13803
15007
3668
12962
12420
14580
11668
15701
5109
12350
14468
15133
11673
15188
8163
10817
9339
11481
15885
4023
13881
3021
6589
5567
11272
5798
13071
15946
12436
1979
8524
8776
2652
11265
13654
12819
5957
670
9780
10964
15738
7460
8052
10731
4495
15945
7731
10318
12577
13451
9665
5176
3083
7129
9662
12936
9786
1299
14060
1722
5374
767
11167
10415
10510
14607
12557
12350
2743
7602
12469
5965
5659
9012
2075
2829
10352
12588
993
7316
6197
15428
7825
7256
11552
11307
6295
15183
1667
7464
6494
3275
221
2111
732
11218
6262
4723
11970
2595
3891
10227
6622
14780
3272
14531
6118
2614
1491
9945
12256
497
7700
10942
9834
7398
1644
11666
6144
5052
15951
3037
12503
441
5324
12989
3410
853
13087
4606
14247
1615
4171
10347
1135
12533
5856
5159
10675
10534
11330
5334
8835
4999
9268
1623
11197
9040
6410
7328
4633
14843
3351
1327
7157
12170
4866
4180
239
5169
3236
9479
15726
13439
7535
7876
15582
9820
10048
6024
10171
9956
6274
12498
11087
3152
15361
6640
14922
9527
5895
13388
15285
10406
15513
4737
5634
14903
13209
3427
12690
14847
5793
5712
2404
9697
7217
2156
2909
9360
14803
1843
9183
6744
14284
11331
2032
11178
11416
4278
14681
3732
11558
10087
2410
2871
13160
15784
5857
2514
8703
11760
875
11336
5656
5413
3147
11989
5300
15280
311
4836
11127
9482
9196
6926
8711
9170
10625
3827
488
1549
10402
1654
11306
12894
1932
1049
14324
5486
12893
10493
7287
11847
2897
954
236
2609
13207
3426
8794
12955
15536
7348
15579
6947
1199
10897
12421
5549
1827
13109
3320
11755
10860
13076
11869
3458
12828
757
13897
1784
9121
1997
348
9471
12842
1716
3181
2538
11746
5356
4405
1873
6183
4487
15477
9323
1845
15855
5105
12424
4934
1771
9258
8251
13692
8842
12695
10447
12198
3021
1242
15967
7565
3048
11666
15177
13513
8560
13206
15794
13319
15108
7734
13787
5585
8283
8248
5889
11153
5741
11479
14589
13504
11823
15619
9422
13145
14986
15835
9576
11275
550
15471
10892
14105
6493
11023
6012
6835
13299
2717
4165
1575
2315
11467
5905
14556
14940
2289
14496
5681
8944
6995
3735
9277
425
8541
15383
1268
8809
2950
14095
15560
11041
15760
3763
13645
3332
12794
6978
10147
3440
9831
9821
13505
9542
2906
12078
7566
11543
6123
4333
2777
2285
14714
2238
13814
5190
4454
2220
3325
144
1963
15934
7975
9996
9814
6919
1110
3988
8870
8241
7996
15036
5416
15025
14476
9170
7731
2187
6581
418
11250
2819
561
3796
9890
15391
6132
1508
12277
2395
6039
12037
7961
8644
350
8085
13705
7817
2991
10196
14720
1217
14693
14902
14736
5599
13823
15242
10466
5006
7847
14800
9218
14688
3090
3673
5456
2807
2229
12140
4966
2822
3868
681
1797
1794
9973
15191
4187
10764
5797
3350
12273
5643
12095
12193
2128
6262
12072
3966
15205
12525
7392
3166
12124
5937
3984
12829
13039
2969
14181
8065
6373
15310
7776
14087
8407
1332
13207
9338
2450
9317
13173
8751
11924
12228
13011
13459
7892
6180
4188
8715
2255
9366
633
6862
10849
15025
3195
9148
13293
4386
10241
6708
6691
8885
984
8369
15250
5483
13928
12593
8472
15692
11938
12392
12407
4386
2481
9259
4352
10228
844
6565
10985
438
11330
15481
9746
5057
8291
7266
10115
13607
839
6581
10585
4122
12650
330
3056
12977
8001
15620
25
3295
3229
3853
5290
283
9044
485
11854
10205
9911
11548
12144
3452
3791
15416
8209
10219
13951
1622
2437
7569
4626
10379
3213
8020
8782
1429
10519
12740
8935
2521
744
5647
14449
9317
6159
9596
10806
13502
12069
4140
5982
15078
5801
8671
2453
15324
8637
11130
5176
7563
10571
4343
8535
8018
13868
7580
4889
14868
6514
12612
15142
1870
15242
1559
5864
9085
6861
15312
12956
13811
5571
8770
12932
7919
4198
3630
15414
7936
12390
6426
13480
7855
15009
2163
9776
1889
5575
2025
9339
386
2017
9527
5827
8370
1277
14755
4888
288
13811
9294
14688
5711
883
13583
15741
11408
4571
3813
9934
7736
11645
2824
2311
5590
1454
7658
13553
3402
14790
7375
2382
9168
9788
9449
785
9532
1316
10078
1798
15493
8597
12173
12985
1324
13022
3678
5046
5553
15057
12392
4050
9712
7398
491
7531
3454
3428
3445
2337
14028
11303
3846
2667
9941
12617
1558
13615
6855
3770
2303
15684
12441
10462
4914
4481
762
5848
14490
9613
2586
11251
9127
10327
1084
10890
5232
6196
4355
10338
1416
8666
7772
8
14952
6618
15579
12073
12642
224
4059
10919
7455
7506
1112
10882
8086
9376
8790
12628
10144
7982
14905
11539
14669
13945
6640
13534
15266
15959
2692
9435
5443
5462
8295
7163
10733
7101
729
4062
4260
12029
4273
6250
12732
10539
7854
10250
5666
12963
10925
4558
1209
8114
6357
1409
13250
15421
6396
2876
13277
11197
12966
12948
9059
11030
13630
424
15633
12558
4199
8490
14970
1008
7349
13242
2283
7189
9333
10052
5153
8493
448
4234
3374
7168
7042
12166
13828
15342
320
11596
13615
14738
238
9532
12899
15443
6986
13380
4678
13328
11223
4419
14357
8208
4018
15994
11471
15083
13926
2730
14671
11791
11685
10201
10851
3028
10639
15191
11528
11924
4533
8462
9855
11302
8612
15174
15786
4117
5539
333
9286
259
11306
13401
8678
5376
4402
5472
6859
15776
7080
1416
11569
14005
11975
5934
2065
5475
4777
13665
354
2898
8869
910
15036
3492
9684
13861
14442
6403
405
7863
8489
13937
6591
14513
9797
11903
5773
4159
12218
7914
6948
6050
2327
11115
12808
10579
2746
8529
2654
592
4227
9080
15011
15073
13628
4054
7080
5344
5082
11736
2198
3968
2307
905
2035
4127
4127
3917
10732
3353
132
11009
3396
13024
10168
6708
9481
2677
13704
7834
771
821
9526
3003
1081
12983
6213
9311
10608
12990
14437
1162
10374
3596
6634
11871
10751
11617
2533
4066
9674
4113
13161
3575
8251
331
3749
4910
4631
10644
11796
3580
4846
4702
3159
3894
14224
10462
7630
8679
12974
2697
1865
5350
1449
12299
14311
15015
3774
2929
9194
6718
9557
2999
2516
6586
1295
6379
8973
9394
14143
7018
8168
1560
2522
5391
14148
6714
4980
11668
3662
3156
5977
10827
8868
14033
13340
6527
8273
9313
2878
13048
13442
7521
6678
365
9192
507
13977
13540
14223
5388
12448
12279
5635
11940
14435
12984
8135
11952
10286
15354
1234
522
4220
6668
15269
7641
14854
12267
6710
13022
7771
13295
1501
6106
11179
8536
5005
11181
6154
9152
7501
1958
13157
12733
15976
1433
3516
15583
8670
13984
13359
12328
13009
7259
13827
3580
15142
1086
3772
6781
6828
15137
9342
13247
1345
10542
7753
5132
10935
14347
13395
6465
3312
15794
2473
6486
11437
1556
12342
7163
12826
4399
457
7251
10497
7345
2990
1276
8802
13604
11582
14019
5761
4146
10764
12811
2470
1718
3927
15014
15680
1852
7921
2672
14774
12563
3725
12363
2040
253
9853
14485
11996
10498
9532
14107
9728
4500
785
7491
2175
12408
15545
15334
6941
1995
8281
3267
14836
12467
5522
2949
3117
3972
14409
11223
8616
7535
3698
1916
15768
586
12058
535
3517
13376
8344
5215
8039
13284
13546
6632
15175
13033
12626
4359
2210
7326
13563
4184
2602
2866
3698
7708
6613
6362
1886
13466
4099
13240
2614
12865
7716
1336
10053
9159
15471
1166
2934
13746
1419
8172
11814
7912
1651
11883
15955
11468
4724
6239
14198
1982
14105
2813
1084
2798
3078
12076
7061
8259
6418
7171
2414
3951
8760
3646
12944
10332
1430
11799
2637
15998
14425
2851
15394
2029
8146
3200
5212
13054
5145
6827
13446
3922
12450
10834
13413
589
6792
15296
2860
1735
9313
13820
2340
7025
8638
8673
15832
975
6909
14772
9449
8739
14535
2068
8469
9725
7096
1161
2886
3475
6384
468
956
11046
3972
3205
13695
5821
2766
9892
2521
6894
13835
6303
9926
5904
14579
13679
6534
15719
7166
9118
14133
9476
9167
10539
15932
81
13004
13509
6426
7079
10019
13386
14872
14120
9479
896
3717
10054
13433
10784
5094
15109
9171
1773
6043
14792
2185
936
1683
4312
2560
14552
8595
7704
13993
12578
2204
8086
7705
3365
9399
11633
793
8481
13655
13927
100
11438
15470
5511
9896
7503
8382
15217
5111
11812
1533
14980
15970
8890
7104
314
15513
13356
13797
15603
1735
6698
12317
4007
14380
7647
12783
5483
10947
3496
1462
5565
50
1046
10407
11400
4953
14408
14762
12969
782
14307
4629
9492
9340
134
11809
3493
6718
11522
1711
7036
12560
9968
10621
4640
10287
2632
6113
9740
9044
769
3505
6983
2527
6810
15438
11968
7222
8447
12373
1428
14435
460
2715
2999
9524
14463
11156
4192
15325
4198
14195
2698
1083
12489
7239
2908
478
4836
279
13590
5451
6548
13368
8537
12329
10641
6216
7959
2828
6844
8920
10384
3055
13852
6380
9337
14619
7247
12452
693
7784
6730
10262
2930
15189
4420
10847
1038
2095
2961
11183
2284
10687
3354
10520
8194
8879
15336
7737
3894
13906
15873
15595
15916
15185
2850
4525
6657
9585
12176
7127
6031
7668
9741
7772
2857
4323
11800
5859
4742
14461
8357
13994
12487
9740
9158
2560
13297
7298
8916
14980
672
13780
12951
4555
4654
13259
4897
12078
9358
13622
12039
1056
12345
8328
6714
7864
6058
6349
15388
9251
12200
15167
10191
11307
725
1309
4178
11678
12701
7996
8172
11940
13895
434
14004
11101
6131
15221
4343
11660
1213
12773
12967
4908
12702
12730
79
4868
462
6412
12260
12590
5809
15129
14661
3766
6056
1369
5133
7674
21
243
9787
7934
13712
9765
12828
6117
7022
12786
2674
12370
14707
12803
5776
1025
5487
1479
1841
14509
6624
11983
595
11143
5577
4598
7183
12941
6345
9863
12902
6822
775
5990
12350
8282
10914
3691
3100
6601
1964
2562
13322
11995
9385
5346
12946
3444
12682
8112
5948
12147
6131
884
8526
1657
15992
1348
6754
10870
13198
6350
1068
521
7386
11241
9891
5379
7334
929
5452
9851
10529
4014
4172
4164
15395
10066
231
12131
6639
10768
14847
14115
2426
577
10138
9396
3810
11819
7615
13370
8784
5000
15730
9391
15890
14063
14956
13478
423
15217
9422
8139
6980
5181
5039
11083
2702
6980
3173
11934
15336
3358
3033
6502
12067
9989
12819
11017
4693
1608
4256
808
14848
11413
8666
7003
4593
5673
14151
3034
2294
6088
424
3268
15383
11712
11323
221
15060
1008
6043
12216
7451
13895
1935
7536
11970
5349
13605
5304
5569
12985
2506
13595
9005
8494
865
2563
4866
55
7859
599
10150
11199
3247
13529
3800
2521
5217
8016
3422
668
8262
11798
12862
887
2477
10204
11934
9796
8505
3566
10427
4206
8235
12789
4616
14101
2849
6267
2518
14905
14004
8498
5300
4963
3105
10612
12701
8883
50
9055
15231
5061
10862
8531
8795
7604
1548
13510
11121
1163
11837
2588
12946
2784
8673
11782
15910
1816
10798
12623
211
11223
14303
8512
3060
1770
8515
2570
10684
1087
3099
9496
1387
1973
7974
9858
14048
12815
12789
8211
450
14592
8546
1968
11602
7413
7290
1654
8176
357
7179
10955
7616
12535
5150
6245
5300
2463
10021
9547
1156
5335
2750
882
10262
10288
13915
15653
9871
1499
1975
469
10130
15057
15166
12059
8429
4964
11972
8258
1845
13074
6360
1286
2383
2277
12010
15855
14780
9280
615
15557
2513
12913
12845
10988
8292
9839
41
11927
7692
11721
12528
8225
15736
13713
2592
959
5369
13715
289
11312
12555
13943
15191
14400
12555
10451
6453
5691
11020
11848
14717
12063
6688
14418
10611
8732
14340
2949
12114
13348
12718
8915
6020
6077
10825
4669
12122
10278
9351
2719
7961
11986
7072
6130
10457
8065
8717
4014
7417
3092
4102
1120
69
4012
5238
5275
4700
14907
1856
2593
12557
15571
10613
4724
10303
13969
15940
14748
1453
10492
6310
9388
12881
15967
9465
3176
1468
10091
540
5352
4877
7985
10240
12746
11763
4899
10347
9854
11113
14826
9192
6079
6934
9186
7963
5891
9272
5917
11274
11506
13763
354
8503
2411
1368
14014
9237
12904
10181
1205
6897
13291
275
4118
7400
3678
3443
7351
1749
2132
14064
7484
5036
14118
2209
10866
1030
8239
4224
4722
2093
12403
1242
4719
15269
1292
11450
11243
3310
8587
9723
1616
1043
1223
12744
8066
2749
6806
5753
9215
15614
997
6394
4211
7657
15665
11923
13850
4472
924
8949
14616
1734
11273
12565
15855
5816
7160
9046
4853
10943
4949
11541
15036
3318
3217
1218
11799
219
11849
3461
15498
10261
1220
14672
11053
9205
798
4403
7949
14241
2648
14031
2786
6819
12304
7731
6762
3982
12017
5515
7164
7070
11644
4980
10621
15101
2181
4089
13327
9725
13313
9397
4217
6685
10340
5647
7441
8477
13438
15117
5413
9344
13527
15283
1958
1649
5018
9456
4111
10588
13639
2794
2938
4317
3013
8487
3364
1810
11097
3821
10338
15465
9039
14683
5052
10084
13149
9969
7741
6128
4924
6509
80
367
2089
11477
9535
7057
9204
13925
541
13740
14414
8838
6247
11526
5085
80
8785
159
1371
2561
13980
6257
14799
626
6292
9275
3515
5782
14099
2653
9731
12519
7549
7303
15278
7591
10823
5055
11109
10121
3114
4990
7779
3013
15990
3467
8103
15140
9568
8415
15351
2021
7167
8718
11826
8620
14914
6893
2642
7880
3748
13481
11407
8878
9174
166
11504
6067
12895
11731
13390
11640
526
964
7174
2526
12087
4215
6739
2657
6978
6136
7710
2320
10184
14881
1147
12023
14427
1561
3194
15396
3831
11445
4019
14647
2411
6687
11740
1429
3597
6502
2591
1919
8174
14326
1097
4130
1993
5405
510
12474
15890
3384
14862
5084
9402
14977
14578
5960
8117
3402
6188
540
9958
8856
10363
1684
7109
11366
11524
14522
9049
12041
3730
5309
6255
999
208
48
2661
1485
5947
14750
7654
5295
12941
14281
4128
3442
4909
6144
10884
7681
11629
6481
11371
8955
6495
2206
3003
11699
11923
8069
8488
6878
8502
8992
14205
12263
7345
11034
11549
7131
2652
1257
8021
13837
12743
1956
14916
8791
15186
4262
8318
1274
7961
14161
13913
7346
12423
2001
12541
5599
11980
7484
1885
15906
6874
12864
3725
697
5135
12287
8071
13630
9023
7004
12909
9874
13186
4761
3501
6300
3539
7758
11035
3309
12441
10727
14651
11188
3417
5286
4495
1104
10907
403
11758
9470
6661
14830
11574
3937
13215
10962
224
4592
15368
5514
5404
10960
9479
12934
14341
4724
10395
9295
2293
352
14174
78
4838
7205
7903
2127
6448
1930
14917
4896
2246
8917
7028
8601
12280
12380
12310
243
13459
13741
15082
10734
11856
4291
12459
9454
5650
8768
15545
5923
9594
13545
4760
14559
3389
442
1634
3452
3535
5529
3889
12836
8411
12742
957
2194
13091
4417
3614
9788
11875
9107
11978
10814
6921
8552
10987
2034
5254
15252
7860
4528
8671
5719
6943
10917
1483
5763
9579
12656
10719
10718
10456
309
7795
4552
8653
12973
15321
990
3792
10780
1184
12380
12598
2580
6242
5709
15936
8881
11745
10820
745
5024
8919
8174
10465
12983
10397
14815
3230
3768
13894
11068
7074
4399
6608
12243
4641
12705
15886
10295
15384
1878
15902
13154
5061
10815
9344
11506
5338
12973
1898
7582
5667
969
6987
15588
12597
4138
11648
2746
7513
14278
2853
5313
9487
15646
7386
14519
12582
12385
3591
4508
3836
14780
11241
6675
9890
517
13209
13323
15099
9662
5593
3313
9736
3925
8511
15526
12661
8387
3629
1171
15929
13867
7337
9291
4956
2524
7743
11358
2781
790
1766
462
10398
5812
8060
10962
8887
13213
8497
10977
5318
9844
8089
1716
10018
1804
6117
9242
11368
4586
7765
11894
11070
9550
15310
1200
9805
2279
12545
15879
1060
7813
15507
5730
6879
1947
8820
14129
12934
3809
14863
6310
2953
6899
14092
12682
13631
5289
6701
5414
1970
9278
6186
2716
3499
844
2612
7767
4496
13150
574
10927
14948
14869
14272
13627
5298
9144
15395
180
7822
10141
794
15860
5065
13820
11334
9790
14946
3148
5445
2279
8378
12920
10888
13573
11688
8237
11671
12110
15263
10963
12439
8185
13768
10461
4693
819
1383
15322
5596
2254
1151
12281
5942
13891
13080
13805
6471
15484
317
15704
6864
5539
14046
3581
5488
4629
7786
2670
2854
5796
6288
10043
1070
7631
9346
12635
6157
4313
6646
14361
2508
3214
13492
7740
3101
1879
8398
10301
10373
4450
4153
9971
15461
12560
13208
9933
2170
14403
1603
9173
2158
4596
14273
505
5277
13584
11284
4997
3003
14008
722
2101
10097
5110
1390
14616
2888
3932
3761
11698
1690
3123
2484
6478
10082
4511
5730
4622
13794
1062
2557
1341
3071
14226
2119
5108
12572
13260
13306
1366
307
9642
14639
14308
5618
624
3176
2720
11709
12430
3653
13339
7663
8368
2623
15707
8993
291
14967
9159
7018
10828
3279
15103
5854
1229
7469
1694
14324
345
8445
13021
4787
8348
13328
5560
1855
6810
13313
4175
14479
12247
14908
10101
10496
14519
15223
12428
2031
13438
8517
2902
14337
6566
11745
8049
3079
1388
6118
3453
5133
6133
7324
14907
5986
3253
11551
14078
9702
9630
11968
12280
2211
6391
4104
6894
6395
2393
13184
2808
7180
313
9722
425
4791
13948
12343
15358
1268
7464
13335
9518
10940
9322
984
3712
13118
11826
4653
10331
10313
15709
6550
12192
13224
14982
10933
9683
8578
4909
14958
7855
13311
8175
13484
12733
12696
11332
773
5609
4049
6942
3068
11966
7477
696
3015
3335
696
9041
1368
8078
1560
12615
14645
13719
15574
3385
14461
13683
15249
13288
8819
8555
11978
7991
9866
14658
13048
1617
11991
999
9765
15094
4530
2409
11310
2977
4853
11875
15358
11713
5068
14252
12553
12100
245
4312
15607
10397
1301
5016
13688
3560
4799
15085
15198
3345
6030
15097
14548
8765
5328
13731
13080
1937
13163
398
12759
9390
8066
1313
1210
5811
5351
933
13758
12347
1244
8001
9230
13542
6951
8680
9122
8583
4087
10490
14181
1530
13604
3343
7155
4227
14646
8757
10974
10170
4848
7346
6017
3379
13857
9390
5537
13719
4582
13371
593
11911
3718
9206
5931
5550
4696
10617
12970
9953
7250
1336
11111
14308
4668
15719
15047
12081
10379
8195
12618
5201
115
11355
15877
11876
5772
1968
11762
3721
8160
2169
11995
9074
15257
2516
10605
5480
12484
15298
14299
14980
11016
5152
2754
2053
7942
8858
11295
8895
4906
12504
11779
12015
5712
13126
10243
13413
1755
5174
7454
5107
2978
3805
12806
5046
10484
8349
1372
2625
1646
8189
15118
4146
7297
1645
7857
8109
9453
8037
5805
13541
6495
703
6156
14688
13474
11917
1690
3845
11967
10750
1777
2503
13199
694
15584
3516
5804
1380
3847
14878
15472
1663
7445
12465
5042
65
11759
2706
247
2512
8061
11819
5122
6056
14364
15665
990
7816
7035
13128
623
15242
7118
8120
841
9195
15329
14829
4112
4553
8736
1790
7625
9284
14611
1655
15485
15824
6322
3653
1923
14835
5740
13924
5163
8877
10627
3512
3001
15087
6878
2053
7964
13873
11607
3552
11294
3344
11031
4685
4223
11882
12032
5926
2065
12060
13144
11611
1659
6337
2823
11776
10347
3469
6514
4063
8149
6864
7718
15879
2338
15347
6783
4023
489
10845
853
13536
6002
15378
15825
2247
13792
3972
10706
345
8224
8659
10732
2305
9042
13784
13025
9998
4362
5984
2787
12034
4703
5074
7326
2834
1740
15333
2875
12603
8585
1051
7014
2568
2893
10202
6390
12027
14670
12256
12256
10334
1310
11335
402
4480
9428
11258
7122
12966
8868
9577
3267
7162
7713
12560
2771
4728
6119
3499
14925
10899
9151
3225
15099
13895
2804
15946
3391
15370
4461
13127
8886
1689
8714
2671
6830
3570
10274
306
14907
8784
9421
6432
1984
10568
10365
12425
2169
9991
5995
9267
3384
13106
13330
13851
11528
4720
11675
478
11221
6568
5160
14390
2245
3792
5367
2207
14217
8408
11088
3819
4799
11044
7880
13304
15504
2354
2821
10572
8922
11653
13449
8940
10806
13011
45
7247
13623
4404
12015
4829
14631
8188
2107
8614
7176
15599
14467
4612
14299
12591
7086
6962
10988
13809
5735
15806
4242
6478
4921
9318
6303
9542
10659
6637
8619
442
3976
6875
9677
8731
5823
2576
6508
9772
384
12400
8287
7939
2560
3756
3037
12075
10883
5230
15108
4022
8742
11673
7515
9437
354
937
7535
15440
15094
10691
7621
13330
7442
12693
10230
5060
11988
1153
4582
3792
11537
910
9977
5415
10411
15024
10528
6742
9591
7893
9157
2101
3916
1886
7371
13641
8791
15775
14283
3672
3917
2464
15440
10866
14427
13548
9540
8949
13169
11361
13965
15748
6302
11625
2118
6478
11850
2
4351
14650
9211
11422
847
8359
2831
12757
11511
4604
9531
3707
891
6975
8607
7396
4032
391
9053
10595
13665
5680
5871
2534
3228
9484
15831
11284
8692
6718
2595
9762
13212
5140
7641
4729
8208
14646
857
11259
13829
15051
5191
3708
6849
7767
12507
12849
11233
10356
13611
8600
1687
6775
10605
5269
13621
7129
2177
11669
12004
9898
5726
11499
452
15128
15112
14179
9484
2549
15289
3816
1051
10138
13239
10862
11345
7007
6105
8611
13633
8950
10876
5143
14462
6739
15569
12520
3942
15202
6477
750
14745
2001
13196
2024
14630
9705
2294
3833
9126
12025
2338
3027
10170
2781
2028
2036
11703
7374
8754
4005
7442
14291
4768
6540
12245
6108
34
15478
2462
13158
381
4513
11615
13525
1860
12781
1462
343
6434
13311
4736
11664
13810
5016
2750
9360
10601
539
13996
4153
13719
3725
8733
1016
13861
8233
13061
4702
9138
8989
11323
358
9583
12117
6247
7846
5283
6179
2892
211
5645
13588
13348
5876
9488
14963
8153
4871
12511
11033
36
951
6981
9366
3065
4240
12845
10928
4111
1064
3911
5309
15544
15012
3445
3208
7570
1547
8985
13287
8188
12295
11319
15609
4509
2687
851
11314
10945
3898
5176
10657
3743
265
7932
6026
12917
10134
10577
10801
4731
998
8693
1152
15077
13885
13239
15287
10263
7832
1580
13301
2162
5994
14764
12278
6690
14267
10306
9184
7615
14701
1083
1927
14956
291
12213
2528
4908
967
11950
11100
15783
10031
15758
6366
6235
4702
14238
13096
11755
1972
3656
7861
15200
6838
12087
7252
15132
5690
15385
1520
4939
3656
13258
11032
9880
1163
2399
8880
15876
5064
7323
5584
2566
11929
3567
13620
11487
10442
8418
12379
15900
385
2824
885
5534
3400
10758
8179
4054
6718
14653
9863
2234
5193
3147
7279
10872
9010
146
3915
8679
8778
14132
11332
13645
12004
10085
12551
864
471
12292
14268
218
7973
680
12848
14984
4555
635
15381
14756
3353
2600
12143
918
7914
3857
8265
5379
641
5096
798
4602
1924
1243
4966
15725
6508
14028
4431
2324
4546
8284
8224
1170
7081
15463
10677
5209
9527
3634
15218
10157
8352
11516
12968
8456
6489
1751
9805
2347
1517
199
6851
6630
15473
6907
9375
11259
10399
6043
3557
6039
2384
10260
7879
10530
13242
1117
14181
9970
1523
6256
5249
14449
10922
2234
8309
2909
5049
8440
15862
2554
7594
12790
1447
783
9498
4930
1587
8350
7262
3812
12635
8157
13448
7696
1148
8065
10616
13959
6581
11228
2324
11496
2337
13706
4006
10261
9107
7665
15190
6840
5414
12737
15860
8557
6748
4534
7465
12434
10327
2333
8606
1899
204
2172
12139
819
8288
8518
7003
1326
6745
3224
1769
621
15165
1336
6955
4081
12326
8887
6385
2191
1989
12388
3572
6770
12115
2777
13946
1341
10927
3005
11935
15668
12625
10806
7858
3775
11588
8591
14605
245
3439
6570
5541
150
11628
10585
6003
1856
1561
6453
9193
13374
4575
11070
14854
14025
4010
12869
3810
11276
13315
13509
13466
14478
11751
13298
826
5939
5466
10394
2317
10065
1199
11686
7485
502
14603
9056
4407
14053
5810
10031
7621
5914
23
10965
14733
4983
10988
2009
7412
11580
6713
9423
7733
15751
710
3169
15282
11878
13095
9950
11892
13831
2044
2169
7583
3101
9545
3774
117
7640
10882
7315
13854
3337
8489
14563
15201
13690
4864
7560
815
13002
12130
2597
2809
12396
10521
11804
2117
13252
2936
4848
11573
379
5325
4184
15217
15435
3860
8744
13332
13905
4268
13561
15137
14036
7889
3390
429
2632
8785
4556
9117
6026
14105
3146
9186
4016
5618
15472
6860
10910
10867
13736
4916
4214
7338
6895
6006
6024
3333
5258
14837
705
12814
15317
3234
1650
14482
9099
1549
4717
5027
8692
12707
15305
14412
2602
3778
8777
2621
5257
2194
6871
11316
10223
9723
14857
11459
1088
1789
5320
13021
5987
86
9944
5784
15837
6151
5720
6306
1141
14903
11626
3781
14164
3187
12246
9
10730
12758
12352
7500
2215
3140
2468
9452
4816
11016
13367
12261
12762
7548
3566
2689
6709
14537
11489
2152
13620
14868
14918
1599
4733
6166
6897
2648
4386
12998
8602
943
3969
2259
8602
3824
7481
12818
3557
11712
4604
6278
12233
6849
5227
6412
3548
1871
8484
6425
9159
7907
3963
3701
7024
8400
15835
3013
6232
11256
6933
6233
14189
3818
15274
3824
2035
1265
3947
6023
1341
6910
14140
6560
2997
5728
12426
13553
10042
6558
10447
11867
2673
7064
4569
15620
11407
13806
4397
8015
2205
12734
7540
15720
9696
362
11121
12230
14975
1282
5695
5703
9605
10025
9544
3240
4233
1036
6911
1429
10222
6801
3476
15323
12288
390
14849
13227
13158
8120
11521
7513
15127
11511
14926
3313
6467
7123
11023
4288
10714
7419
7768
15876
10512
11146
4591
2079
10363
11582
15147
13985
1949
7128
1571
9452
13801
8734
8161
14998
14558
13390
2637
8744
5901
8100
7688
15638
2136
7439
4066
568
9327
10172
13024
8448
4001
9654
14715
3600
10016
2218
6346
2299
13423
11908
2781
13257
9633
11726
10844
13973
10817
11579
2942
1084
1583
11486
6234
6952
11029
12799
4791
3647
295
9502
1736
9969
5685
1206
9994
7403
4128
7508
14207
8615
15790
13211
15450
6354
15897
1862
9382
7717
5536
1053
11993
5813
2586
12579
11843
11033
8990
9879
11647
14916
14152
8325
14186
7949
9302
147
10464
14245
1027
15294
10184
6314
12185
4812
12927
8739
1762
7644
3712
7827
11598
4939
99
4077
8906
14857
7968
12595
6111
4848
8338
13557
7542
6025
6273
5806
13464
10898
12885
6466
5660
12426
11385
916
15732
4918
10030
895
11145
2972
13097
8553
10407
15092
10128
6621
7553
5589
2672
15333
4922
15384
11932
2360
4712
13268
1967
7304
14862
2952
702
11130
2122
4638
517
15547
2134
2038
5535
13064
1338
71
9279
6686
13143
9989
997
4538
12356
13220
555
8068
15907
9694
14621
7363
8728
6940
4406
14517
2333
8420
13114
7550
14184
1515
5677
4614
15201
14755
5669
1710
10927
13429
9406
12342
9729
2637
10731
1918
5299
10101
68
2366
9385
4542
13339
10960
9112
9713
11160
2999
7228
7343
2802
5205
8912
6364
14020
4206
6830
9734
6437
1780
12866
14376
2942
24
14713
13951
7838
4393
232
7798
15968
10087
9253
3548
7737
6350
14830
591
14864
10801
6785
14077
6920
2537
559
13979
11838
14131
9080
584
11993
5082
6795
13426
15677
14142
8817
8002
9135
15734
832
7949
12540
1562
15579
4906
2372
8782
6303
11606
14984
11627
1581
15290
1208
12892
14020
4114
2167
4663
4728
13862
4583
6421
7100
14188
1364
5281
9571
1476
6394
2801
10133
12092
13618
8386
10168
11123
3261
10299
1070
8646
14069
8775
7485
15982
4819
6845
1429
7707
8744
446
7844
7826
12266
966
4544
6349
9864
14026
14602
627
587
559
10155
11170
3740
9546
573
2496
7127
6765
6345
8708
398
2587
8631
15599
788
3319
1738
1327
8816
8579
4701
7039
7779
3853
8386
3540
9445
5527
9019
6931
1297
8678
7336
12860
7761
7565
3096
14088
5960
3116
11782
12714
7887
11140
8202
9419
5422
15006
1236
14693
15798
9246
7666
287
15770
12224
9237
3748
9885
8918
640
2690
9362
13914
15570
12110
13778
1115
4983
1191
10466
9715
3986
213
9881
459
11805
7713
14765
6694
10703
11384
5062
7172
1053
1991
7095
12992
9834
15998
12302
5923
9350
10664
1693
3986
12852
15898
7426
1418
15717
12297
858
3702
4121
15027
9343
11299
9620
15504
1723
52
4384
12697
2670
8218
2597
2650
531
2571
4608
7705
856
12478
1743
7795
13299
14450
5765
4864
8641
6583
3388
5643
13253
13872
15584
4968
12187
6728
10463
12073
13293
1269
9991
8885
8155
2184
14363
11733
14959
729
3934
11983
5401
4196
11411
10848
13458
4690
11011
6162
15662
6161
8862
12128
7729
7698
7916
23
3762
2490
15620
10588
10986
9241
4592
6283
1157
1055
1945
8707
1047
12175
4629
4677
15011
14971
11562
15720
438
10844
6067
8001
870
11304
5273
8959
7249
12596
6012
9215
3378
7209
11401
4813
6816
2268
1350
11040
6620
1867
15894
5732
14717
4055
2464
14270
2097
4881
14754
5759
11369
7929
11021
2399
14233
13535
10208
11147
4208
7285
13728
10147
2427
11506
10843
5515
2051
7251
9149
13078
15332
12121
12190
15829
10145
3232
14477
5850
3395
5516
13596
12591
15256
4599
15935
2707
15065
15712
2774
7585
2985
2823
14946
8478
14417
6047
6525
3488
6444
11986
2722
4296
341
7614
3390
2400
2637
7470
1546
5416
13425
1062
4145
14660
7946
5290
11732
9493
11009
3780
3130
6175
12622
6908
12286
2772
4381
11680
5016
14972
8693
106
5912
3293
12459
9702
6071
11642
7339
10399
1629
2548
7373
3675
2623
7823
9248
3300
8221
12168
903
4382
3914
4970
835
14706
15708
14121
9499
4468
1656
15260
10990
10088
14097
8721
9401
13786
6646
2548
6904
12480
3804
14120
1128
13118
11107
9891
14668
15220
12810
11656
14665
9849
12641
5380
7958
12053
491
3197
14546
2693
752
8512
2731
6689
2743
2514
11087
15464
4970
12800
8661
3718
13913
9927
8840
9984
11640
6756
10933
946
11802
10800
9112
14108
5005
11747
7023
6434
14837
6234
10235
3598
6078
6162
11521
469
11022
4806
274
10577
14255
9437
1422
1997
8490
3510
2562
10412
11781
3704
1725
13033
883
3767
4224
15253
14187
13036
5702
11336
8641
2727
6585
10366
13153
13193
14721
671
13127
10687
1332
4538
2231
4050
1271
11733
6461
11775
11622
15850
7956
5551
8165
8846
2496
1295
7803
2243
15734
10355
11307
678
11191
11972
852
2065
12617
9093
8076
3689
3641
12844
890
10711
736
4891
6924
4546
15188
9886
12495
6541
6119
4618
1818
8622
1106
223
13132
15239
4183
12714
11683
14125
10397
4160
4398
12004
12915
14826
267
4554
2981
15609
11987
10380
3204
11095
13260
6775
10697
14133
6695
13992
4632
11977
9079
9921
8624
3819
13215
13388
13762
6709
9116
13476
7908
5853
9749
356
4997
7339
1830
9153
6600
8731
11176
13006
7703
10007
3604
5513
14856
6893
11410
10571
6167
8429
11215
14616
10876
11046
7582
15963
3123
2243
8706
13473
7989
2442
5429
2810
6094
1300
15651
13538
14305
11058
12042
6302
197
12307
6333
4394
2690
10692
8139
12540
14812
10541
12383
8863
11030
137
6287
11194
6298
10988
5240
2271
7125
7120
15460
4880
1076
7766
5532
155
3503
14925
8055
5576
8731
11644
11133
11918
3797
5815
6894
4629
7272
4453
420
1040
10015
4870
3860
6796
9931
14784
5655
1426
3981
62
7968
1799
10659
8701
14899
8578
4060
10737
12199
15062
11300
9971
15128
7508
10156
13514
13460
4662
6379
7731
3527
3013
5005
1055
9304
12156
15561
7503
12420
14478
11188
5212
3131
9617
14177
9547
2035
2217
4285
123
4820
12653
2692
10965
1676
12052
15073
14171
3895
10168
8984
10727
12065
8310
258
13509
4906
12539
9085
3689
6844
4049
15991
3164
1883
12636
9977
4924
7614
4677
7792
15559
13768
15778
6815
10968
2860
11178
2103
15703
13107
795
5588
14708
4326
14276
5902
4591
1122
4074
11809
4145
1338
2792
2873
10956
6805
11888
2059
5108
4906
10914
2535
12924
6393
6210
5135
10533
6996
3594
7822
10751
3519
5212
6260
4440
15964
6916
13518
9377
3626
5429
14672
2507
8998
9710
5201
4700
7881
3868
4424
4185
11469
1178
5851
9034
13286
13411
14060
15555
6532
8366
14432
12007
969
8871
622
1398
8929
6967
13674
4361
14711
11887
2213
2813
7120
6979
15417
1586
13767
8525
14427
5343
1187
6504
14056
8999
8853
2522
10273
801
3869
14413
5957
9894
12809
2979
11134
14559
108
10248
6130
6771
7884
13264
13004
2145
5698
3492
12266
14228
6953
12562
13342
12471
5462
12015
761
11468
15147
269
4046
7441
12063
8014
8289
143
10837
9117
14947
12011
1678
733
15336
4562
11835
2534
2669
15643
6401
1074
199
4192
7529
3623
13480
3760
4858
11500
6129
1938
6498
15017
10443
2798
3977
8219
13730
5791
13846
11171
8758
12471
12732
11910
15686
10340
4930
6109
15751
12232
10096
13055
11478
11073
5981
15295
8859
11196
992
10664
3390
4776
1554
1325
3080
2720
362
7555
8124
5306
4917
4825
4317
9461
5129
15979
10787
12645
5980
3702
10483
11365
13337
10917
8671
14701
15122
8128
3867
395
7828
7327
10595
6673
9070
12287
3685
1995
673
11066
2388
546
12439
6037
11794
4086
1550
148
1208
3669
10332
15323
10930
700
10489
11255
6449
4774
11251
5752
2512
9020
2053
13064
14109
3050
6434
2706
11999
6454
4511
5961
6370
7402
13169
15319
177
399
349
1412
6038
10096
1683
9144
6888
12708
9415
7777
7229
5096
6490
12022
8156
4085
1864
11511
13724
2171
12657
10763
12090
9641
15183
8519
7714
15710
14178
14043
7686
1922
4837
4915
6294
7601
2314
13836
9350
12158
8458
476
8558
9103
13160
15853
2817
15008
4883
5229
407
8893
4400
1580
3861
5087
8217
2960
13135
5588
9795
4582
10456
7894
3857
12056
8963
1180
13822
13685
3927
11764
7433
4058
2533
7784
1046
2895
7075
14328
8154
11125
4002
553
5282
2758
5840
3387
7844
13067
8568
14788
7951
6930
716
14456
8730
12379
13866
9652
13503
4347
4648
11559
1219
2466
1108
15740
295
13662
11483
5093
8069
8009
8833
7100
2391
9989
1667
2306
9885
4435
5931
4768
15430
10284
15892
4059
14547
6198
13407
12440
3958
5850
1508
10147
11735
7340
8272
10345
10671
1325
9794
12254
4530
14194
10158
2182
6743
7947
4959
4423
4271
6940
5523
3747
2754
15384
8851
12629
10970
4430
4978
4968
4534
9383
9666
7548
12780
1322
12902
3937
2703
2908
2591
7017
1529
801
7215
8000
4620
13553
1365
1947
4623
4937
13715
15296
6812
11551
3841
7323
15068
4879
12909
10384
2768
12651
10627
358
10098
11129
2534
14960
3406
6913
14127
11494
13558
11916
923
13849
1191
10729
10809
1276
8652
10663
13608
15014
7989
11548
11034
6551
5266
7884
14683
13805
7115
8230
1849
7091
1067
14500
5595
14876
3891
6283
3876
2577
6723
82
890
13894
2172
3315
9048
9354
8429
7466
6297
4710
10516
12591
1031
14853
14414
8975
8787
6056
3882
2344
6565
13380
8331
11150
1353
4107
4409
15080
5056
6680
10249
6496
7086
5562
14437
12654
7884
244
9386
342
15701
12312
1497
13352
4536
2154
8432
14826
6642
1618
13803
10484
8276
791
6984
13577
13460
182
10545
13650
511
12352
30
1321
3222
14591
9171
6380
7186
6881
5199
9487
8395
8439
14634
12476
2821
6990
12896
2734
5071
12119
11706
12267
5730
2856
14276
11222
13981
3318
10830
4241
6245
3484
14157
15768
13726
13457
13243
13361
8353
8242
9752
2217
7440
1478
5747
4690
1311
9173
9909
2651
7128
13835
15740
4457
9881
11860
13192
15329
9799
14260
6876
1969
12766
8127
13566
3235
11248
14576
259
12902
3359
13649
3123
9948
562
14024
13462
1046
7259
8897
10861
4195
15242
8785
13316
2702
4824
15689
7570
3612
1116
15973
7950
11176
10909
7784
4140
4325
8561
3682
13162
8657
15697
2130
13704
5775
12692
3321
9092
7212
6355
14973
14763
1352
15035
4929
8409
12508
13275
6170
1960
8235
4335
4403
14186
13881
14767
4856
8994
6715
15106
7614
7298
10339
6579
8979
11384
1958
6485
4931
13111
6264
10558
15334
6911
5364
3724
3254
5222
9083
2239
10217
15995
11675
4171
12389
8556
2235
2778
4309
8910
7792
12964
7483
2252
4431
4146
900
3583
7326
1868
8885
15410
851
392
13822
2996
1689
12372
7055
6634
2645
9071
13563
15082
15607
15410
15593
14540
14848
1081
15121
2994
5106
15167
8597
8541
32
13619
11774
15489
9560
15479
5017
10995
9380
12845
5330
5336
9753
14367
7364
7989
12206
9022
14713
13331
7898
9736
1253
3654
13017
10079
5028
6310
15282
15444
13326
7599
10434
7194
15993
12716
2201
8818
2472
8068
11129
9363
2279
8794
2786
14899
897
5472
77
4167
3015
6115
5798
8704
3841
15534
358
7832
9192
6464
7562
11758
1336
4196
15312
50
9613
1598
7226
86
3681
9651
1495
4672
7895
7924
577
12257
5237
4754
6340
5430
12734
4674
14881
7502
6947
7394
5326
5037
3737
10735
13150
5515
2176
11551
15227
1585
10326
11482
8164
2670
11245
8522
7626
8934
9174
13129
3783
1154
640
6131
15067
15550
8171
12666
13535
14923
15070
10642
11165
8827
9402
5978
10450
10704
15264
15218
10138
12118
14503
6012
6408
9591
4797
4907
9308
14038
5946
9625
2516
4158
4163
2113
4016
15235
186
3861
970
11488
12226
5062
12861
13638
122
9477
8465
5532
11283
1958
15783
2094
4808
6310
10527
12712
2671
4212
9557
6771
6201
15204
9221
4603
7068
11327
942
6947
7814
8999
14063
12605
2438
5592
784
130
5478
4320
11862
9300
11242
15463
11685
9979
15898
1625
5207
15999
10644
427
14714
14731
5281
6388
10259
3021
9120
12028
6852
7619
10717
8432
2853
8105
854
7975
7019
2123
12293
11386
8568
3148
2817
5015
8716
8010
9538
14542
10976
4187
11841
15096
14799
13877
15237
14179
6147
6068
11909
8644
13234
7196
12979
6065
12772
5793
14696
10046
9780
7119
10029
5840
11164
10761
1992
4908
12801
12969
3723
997
442
10247
9329
6283
3364
10639
13087
553
1810
614
11839
7918
3578
11524
9649
1585
13304
11171
14358
7865
2309
9790
13186
14473
6177
3606
3973
3253
5121
15617
3032
2961
6432
10460
2695
9476
14351
14440
9111
11524
2495
14918
1996
12327
156
692
11821
340
5799
14371
1076
1678
9418
933
6387
8047
9288
2740
2103
5174
13414
3866
2514
9647
7361
4861
6806
10227
7390
13455
15543
5750
6543
9201
5319
4379
3008
5295
6714
14890
14566
3228
10603
15356
2190
10078
6476
8316
8858
12326
5919
3978
11025
2730
4993
10649
12117
9738
14420
12413
1495
8916
3970
1321
6555
10411
2828
13690
11462
1314
13991
8074
7283
11810
8785
5240
9634
7737
1725
13125
3020
15979
5790
218
10423
1587
5641
6873
2587
12280
6162
12381
10715
11880
7141
6771
2946
4448
10300
6479
11469
1158
2520
9195
15267
11952
1389
8070
15673
13251
10226
8157
4397
8192
3594
6353
1388
7942
6782
6334
7275
10964
2499
5953
9339
14222
8810
951
13611
4735
9886
12110
4978
7500
10898
13076
11082
6283
10283
6654
5142
7630
344
15830
13277
1322
15722
11311
11872
10814
11152
5829
9154
14190
1558
1342
4307
14582
1014
5582
7529
9219
1096
9315
4920
11220
2070
14812
15779
11775
10602
12095
7673
8604
440
7546
14852
1316
4433
6335
1605
15681
8135
2718
3339
2157
9348
4541
14369
13033
14505
14436
4494
2511
1844
7400
9060
11298
11726
11375
4048
555
8611
250
11461
15207
7878
12731
1388
15808
8393
5086
13157
12698
2848
15318
9074
9642
7835
15961
10002
11760
10491
10298
9332
9219
14079
20
6021
13933
15420
5487
1561
6251
2119
2508
970
830
4074
9506
1763
15568
6947
11360
10093
5677
3857
3611
9587
74
14133
15521
4809
1070
6643
13974
3504
7604
13667
12031
3035
11045
9743
101
13849
15447
9438
11686
3251
296
2073
4284
5098
4675
3316
8261
3767
7345
3469
6233
6932
7225
5269
6158
450
7561
14986
75
4693
11497
13756
1254
7071
8103
15721
3326
4410
7502
9166
5331
1873
11491
12712
1393
3877
5205
1124
13427
13571
244
1810
1777
1908
12946
6242
4732
5565
8302
12562
13815
12497
6226
8211
3936
9129
8374
11217
13289
9739
1626
11133
6014
13827
9182
6663
6964
793
5890
12078
11913
6981
10309
11194
3773
864
13845
7031
1757
11079
10443
13483
11973
5630
475
9278
10596
669
14188
13130
1643
8586
6762
2395
3654
704
8970
14998
14761
6813
11595
3642
2190
14154
6635
7474
12146
7038
11566
1688
7490
3568
14779
13428
10468
12048
13002
13014
3267
13660
12395
2165
2954
2137
11026
979
1291
8978
8607
14502
4804
1723
10152
5866
9863
8438
12855
15312
1313
9875
12433
13544
8233
1821
15238
10371
4427
15334
185
15402
3759
13496
1685
378
8477
6444
12307
5603
2040
8074
15969
15728
3140
742
9072
13204
2556
5045
15755
14957
10779
12715
4760
8227
10894
3185
542
11444
8280
15502
13219
12555
14573
10894
122
13328
8182
3759
385
11221
3793
936
9251
8686
15573
2093
2830
5287
1897
5112
8870
7087
6683
11352
4794
5145
12149
241
4863
9017
9586
6804
13174
3256
14646
2819
8480
975
1902
11389
5841
7193
4252
5832
4664
11586
2051
6136
10664
3418
10147
4368
9083
13602
12311
2274
14963
2796
5955
13559
13534
4333
1040
9926
6045
7480
14842
14083
3262
14603
11379
9521
6594
12686
3595
9222
10608
15730
8571
6895
4289
11959
10907
719
2334
8287
15119
3806
13150
5340
3435
7750
1077
2217
4540
6663
55
3859
4538
10887
280
7927
10826
6088
7788
5026
5579
15548
141
8148
5204
12230
13229
5530
5409
15920
10857
9144
1510
13105
1859
6646
7745
13468
2664
5466
14078
150
11833
3520
5647
10338
10307
10036
2350
6910
11194
3357
5582
15575
8485
2108
10514
2637
3248
11075
5913
7498
14338
1408
6877
13696
13531
3621
4374
14655
15771
3913
8979
5731
6637
12656
12774
15011
11811
2871
10538
9805
7584
6602
4004
6109
9890
15943
1917
3712
165
15952
9514
14087
2839
12098
12267
10484
10
10364
15881
12315
1041
589
2292
4329
1329
2565
3404
3793
9376
9247
893
12589
2452
1467
8431
9322
3051
10377
8376
3536
4762
12720
11847
15317
9940
9574
12353
3095
2471
7811
3239
4705
28
2471
5339
15425
11203
5311
5038
2190
10279
10728
9111
6897
15583
13895
7185
10289
8599
4103
7394
1045
5472
4576
856
14530
9832
9210
12407
9693
8641
3495
5971
3211
8063
8005
15603
13023
6591
11831
13813
3158
1156
13694
9380
4837
4411
74
8988
9459
13715
2923
8965
15362
10725
4026
13101
5603
12618
10086
14741
12960
11752
8125
13523
6566
10747
9395
477
13529
2350
10771
15854
1427
3494
5187
7848
12950
1646
15570
10129
7864
11136
11327
5067
15561
1792
15438
13017
10891
12531
13816
9188
9485
9528
9110
8615
13931
14872
584
11411
2410
15135
15754
1518
290
7303
13787
3737
8844
8847
10094
7208
3609
11323
8945
6965
1116
14811
14596
13370
8685
13353
10944
7493
542
10710
4847
5951
11513
13043
4872
13603
736
15814
1653
12194
7363
11771
10858
1174
1523
14017
1551
12940
13658
2101
4560
885
13189
14231
12670
11393
1437
13143
5330
1187
9506
4775
4985
15956
12460
2164
2612
11375
6777
13536
4141
571
12124
1300
81
1215
10495
2356
7297
8672
14783
12131
5504
9226
15196
1598
3961
10614
10261
8915
9824
6637
457
1575
8320
8588
8685
3146
14499
14916
2447
9631
10999
4548
3181
2726
5492
13150
12268
1998
11056
13967
10035
3760
251
8
8895
4423
8388
5187
13875
4239
9670
4729
1497
14658
13985
8924
7043
5448
2324
1098
13298
1092
5423
15998
9829
9283
3295
5812
15250
14735
14465
2873
1091
8904
8791
5704
730
13114
377
10771
4760
1676
5738
4723
3765
13653
3303
13056
7742
2037
15168
12833
3199
12860
437
4542
15899
10135
10015
7832
13527
9045
6581
7466
5211
11430
10341
8966
13132
6838
8856
12915
9380
2531
872
9692
4685
12216
866
14345
10750
12342
7550
13346
8378
8751
6673
13089
2714
12540
5014
4143
9245
4878
9189
7579
6288
14242
4750
8704
2658
8662
11088
12837
9126
6688
13429
6649
4056
2339
5387
4783
5675
9667
5431
9956
8302
1040
8392
6028
12963
3653
1257
15731
4372
13192
13306
3816
9429
1445
12844
12556
1724
8873
13155
7882
10991
299
14999
5513
13098
12840
389
2462
11286
1503
12639
8385
11027
15902
983
11535
12583
248
573
6670
2686
11199
810
2142
2595
12114
10135
7429
11742
12103
7239
15152
12956
1489
13353
3495
14184
10664
13041
11211
3104
3541
2456
3422
14375
12326
12569
8363
3547
14833
15549
15422
4803
2445
3922
6447
5289
5512
10856
688
7410
1848
9964
9313
14951
13194
4627
7261
2462
10790
4312
8594
2008
12591
13153
7736
3030
8254
10348
3323
10091
15716
12253
6970
13613
410
13414
8979
10914
3234
8411
1261
2418
8864
4332
10240
12470
1249
15394
2043
8576
4503
8937
5927
3421
14590
3236
3522
5922
6108
9823
14416
2849
6589
2665
6212
13629
15614
4537
6643
13042
7381
8009
13552
6485
12218
15940
7154
12149
650
9507
8785
11058
8512
5581
11258
15066
7984
15088
7928
15675
8128
342
15465
1533
8718
3489
2460
12280
8798
12349
11768
3091
7598
10841
595
6163
10005
5330
13855
3139
6540
9452
14449
13206
8418
6443
10370
2033
9451
12304
942
10272
9629
8992
810
6877
12576
11269
14384
12946
8040
1466
5612
12202
2578
9629
3598
4241
4518
8658
2068
4768
10710
11075
5671
176
11568
1841
5502
3044
5997
13538
13311
13189
1835
4767
13915
5020
14189
5965
8957
229
11880
1091
13074
8949
6761
2959
396
6856
7922
251
2393
14901
2310
11264
9726
4025
8197
9827
5399
5069
5315
12616
1906
9591
13142
4001
3834
3657
13739
4374
10509
1700
3395
7215
789
2944
8906
13141
6604
13229
3432
2308
9011
9801
7001
3822
11433
10771
15652
13792
2496
10886
3224
11091
4283
14308
5358
11583
2758
10857
4730
6090
2508
7155
7676
3737
13696
9005
10637
1773
14690
63
163
1652
14760
4777
6592
13013
6497
14844
83
1763
7941
6759
7041
10034
11050
2204
13197
4900
12257
15450
7442
4081
9437
9565
8297
2992
6590
7364
14898
9818
2991
6346
2929
14124
1380
474
7840
10559
7518
790
9178
1358
4155
11856
8791
9494
9161
4432
9185
7737
2651
4804
15623
1792
2738
12880
15944
1176
5472
1112
5999
5789
15669
11086
12022
652
7200
7608
5742
11094
14782
3366
4173
2421
568
4772
5153
10980
632
7471
7055
14640
7787
6674
10998
8372
11833
5070
3915
11427
1034
3497
12469
7461
14064
8276
12739
9275
15540
9022
9707
2381
6224
6062
4940
8151
13114
8615
6381
611
6540
1308
3968
10774
7828
4047
2976
7397
12269
2594
5325
10531
11185
1079
2375
11656
3038
9614
13643
11958
8108
7358
2021
10351
7374
14644
6848
11589
4008
3617
2303
12355
10045
7159
9028
9443
13368
10425
7792
15596
10401
10192
1133
5515
10248
36
10633
5594
13258
12290
9487
3593
4855
14707
6435
37
2482
13590
1827
4150
7355
10878
3801
3518
6853
4887
10031
14742
2938
3452
797
2157
14414
15271
11232
7498
4354
8596
14661
8568
10915
8887
2893
5362
13545
7887
8941
12408
4370
5140
681
13945
6113
15667
9062
2898
3900
2797
8920
6418
15908
7400
10169
1909
7735
5322
10128
4313
14966
5768
8295
12225
13849
15355
3291
4026
9498
13255
7246
4179
14705
7538
2214
6562
9853
2119
905
13456
9711
1307
3524
3757
7807
5713
11347
7893
14682
2050
11139
15989
9353
13868
4234
2490
10313
10428
6578
14199
3677
4642
12182
13915
10546
6859
6937
2529
151
5208
10577
6206
6
1449
9319
2492
15142
10171
13484
12248
5604
7620
13176
13993
4013
3749
4170
13985
9958
5683
7335
3656
6209
12380
388
7361
12975
15456
13001
1795
7631
1309
14847
11840
3848
4599
15231
8902
7359
3547
2515
15376
181
3714
15242
10126
8397
11387
1137
9442
3932
976
11934
9966
5538
4190
12385
8507
10034
10428
8924
6872
1331
998
8102
10845
10315
7451
1329
1003
6923
14198
13523
13282
6034
15862
2079
9012
10503
11165
5651
2385
3647
13381
5236
5258
10306
2806
12419
12648
6224
854
8222
3204
4023
15006
14007
14948
2314
2160
6414
3300
1641
4921
4786
202
7072
14633
4608
15910
1073
11605
15185
15196
1901
12959
1852
7581
7714
2483
10502
13046
4246
7441
470
7489
12373
9059
12587
4113
14755
9831
13295
4917
4344
12514
5472
3034
13201
5588
5709
3676
13172
4337
11295
7377
7269
12554
8357
9713
12899
6940
11286
449
7088
6957
1496
14868
11900
1027
5921
14710
7077
4634
10980
6772
5656
11183
10377
8226
6908
32
9076
15601
8701
14062
15018
7669
14501
7906
14136
4177
8943
13760
8201
11818
10717
8818
11271
9116
8111
2983
10108
866
5443
9246
12666
1315
8963
13265
14238
1073
10505
14755
3626
3248
2054
13641
2471
6928
7837
4950
4507
7385
9474
7689
11611
11806
15961
1204
4883
9725
2889
14211
324
12846
12932
880
9461
13514
7275
5590
12496
10528
7027
7353
5344
1436
9650
7863
9002
7587
549
7600
15515
10934
9656
15560
2746
3802
13755
9083
11656
9123
11997
15458
15739
12306
10883
7532
12152
11893
8494
6914
9792
1955
5079
4374
7126
12790
1354
4381
2629
14899
10348
13816
2677
2675
8527
2514
1646
1144
15844
15919
15486
8345
1635
7010
2509
1177
12740
2603
15092
4664
4656
3908
1207
392
11011
13451
6258
10517
10572
2112
13481
5501
4407
10044
12515
432
8283
8394
11902
12389
12307
6484
5477
1602
15588
7378
7392
6705
3832
991
4671
8465
9034
3123
11700
2920
5598
7091
260
10750
1614
6296
7360
2141
13295
11820
9165
10065
4682
9782
64
4573
9245
9989
9427
1845
12307
2472
2041
4985
13401
1966
14952
9411
1784
1690
3902
2781
10525
5208
1087
10660
12777
279
9722
4626
12422
4570
1896
8611
11430
8037
4764
7720
4274
13249
15721
14160
14332
4224
5878
3780
1252
3082
12881
719
12291
450
14433
1753
6557
9717
11916
6434
14928
10021
3314
15926
11139
10410
6155
14235
424
443
12090
3510
6302
6874
779
4908
4336
4432
10029
6948
5044
12206
4561
1174
9688
5369
14219
838
11884
10225
7479
1776
11479
10786
6609
8931
1463
2181
504
6043
9874
7172
15452
9016
465
4295
4046
4860
4881
3259
8982
2050
7987
4329
11483
4987
6844
14532
14882
15350
15083
4765
10120
15125
10539
12169
521
11421
6402
8986
7561
1842
15228
7034
14140
8814
1330
2546
12641
2629
12478
3107
12822
13014
12330
4114
5487
10766
11901
6538
9929
11563
6698
572
15491
9625
8697
631
9195
10983
2074
12360
14116
13583
5392
2895
7425
3207
2391
5740
7834
962
1426
9334
11205
15495
15857
766
4967
15110
961
557
9999
10110
6449
2856
397
3240
15762
8410
6220
490
14407
8190
12667
7425
7422
15726
15936
5243
15355
7820
3143
3968
14905
6862
2788
8517
15011
11679
10470
12204
1355
14144
1056
4720
13679
6686
11263
14830
11279
2854
9781
10064
4069
1204
1082
3684
4338
1730
14936
2227
1563
85
2504
947
15238
3854
4662
3797
8220
12127
15433
12453
1151
10966
4428
14311
15147
14018
2792
8798
9166
7540
3545
5144
8267
7288
13142
3194
13977
6051
153
14713
5448
3688
6039
8782
215
7225
11753
12135
14664
7584
15447
11391
14045
11086
9859
15903
6876
4152
9584
10134
7743
5339
11373
799
14224
5446
15940
5892
7852
5267
10845
4649
13829
14094
9844
9553
14160
444
7940
7858
8127
13212
10420
2506
5053
11083
11694
9039
8599
3240
1500
11731
4552
708
5648
15632
4019
5200
1144
5747
8769
6191
857
8887
1179
13804
2099
1066
12282
7762
11813
2843
14584
12975
14136
5344
5581
12226
10532
2797
11521
15
2105
6453
3145
10232
5561
10697
5887
9688
7961
8139
2769
8484
13823
4772
15182
14944
7820
2336
9124
13912
10309
12953
4266
6362
9321
13255
14215
119
324
3435
10353
1629
2674
14092
1389
12579
7526
24
2635
10065
7052
9276
15308
7300
7291
4013
15232
14461
4259
3686
7000
13136
3911
1320
7732
7248
8085
8481
5165
9218
15143
11316
1255
11376
11720
8125
888
5288
13574
8724
1342
9871
8490
13451
2787
13837
2969
9422
3917
6908
6901
11511
4343
15134
3226
7410
1093
4006
3189
12594
8059
7299
2488
6538
6233
10808
5922
15275
14072
11660
9192
5406
1278
6412
1934
13302
10533
13921
5466
9239
11917
15892
11592
3399
7283
13915
15977
4408
5174
12306
11592
6705
10805
10767
1551
5625
9230
3161
7845
2676
13187
3129
7278
8951
376
7909
9589
14777
3303
15089
1228
10878
2939
10943
443
12435
5052
14975
13941
3132
14107
10528
2736
15715
2457
11435
15663
3061
10984
5476
6871
15720
13827
12205
5615
7192
9777
9034
11805
15623
10233
5920
4251
7443
13284
13892
14443
13212
1732
8947
9021
8955
10768
3052
7880
13639
10670
1919
5793
14950
3814
7316
10900
65
2900
15657
15273
5119
4576
9788
11362
12871
14667
14177
11447
15899
5121
12875
3236
2982
11913
4617
11425
3123
8598
14561
1838
4348
5599
13053
3462
3329
9571
5655
15173
9477
411
15234
15884
8817
2498
4435
2490
1646
12092
9986
11023
10223
13322
9582
742
8552
267
1232
7054
2850
10086
4906
10466
5245
2710
422
11651
10152
10408
12409
8435
11404
14935
13992
1065
14633
3405
1499
3050
8631
7252
800
7422
12003
4881
10337
4617
2452
6715
9230
8349
7034
15568
14134
6639
6001
14427
8514
14520
4310
1779
13718
496
10065
11452
66
6087
9558
15397
7227
14892
5218
11909
10532
11098
10159
15035
15262
9047
5576
5606
12864
14489
5492
6171
10804
5577
1399
456
9318
998
3183
9463
13787
554
3236
5235
14766
3303
5623
10756
1566
1000
9694
7882
11891
245
9621
14760
12051
9276
12379
995
1804
11427
1526
8161
490
5461
6757
116
13970
8275
1912
11296
4590
6203
11897
8776
13696
5989
261
1491
1808
13898
184
4667
512
1258
951
14040
11545
10438
13810
7433
6931
12527
9109
14818
12060
9205
2787
11196
13066
5614
10707
14873
2874
10760
13165
12623
3884
12347
10066
2657
3509
12207
1486
2657
1434
794
7901
11148
520
5748
5631
14652
9140
15431
10726
8655
3329
11450
7751
7208
4033
6860
13218
13522
14141
469
6265
2817
7713
2723
2181
11446
2025
6891
12640
13384
4508
4959
15926
11148
8603
13644
8968
1951
3716
10756
8989
8469
14822
14233
9237
8308
3945
8877
15294
8300
1062
5875
8682
11653
15539
11712
721
7051
4855
9934
6951
11425
1886
7489
12176
635
9968
3989
15869
5619
2189
3775
373
14427
14753
333
5379
5670
14770
5132
4177
14375
404
13427
8698
2760
7415
5334
2634
5241
5919
2687
13892
4980
10059
15702
1407
6126
5038
1719
11578
8528
10751
9329
13061
8602
14705
7177
9864
6711
1804
1451
783
5844
9332
14202
13891
3247
12851
3580
7936
12027
10402
10280
2940
13383
10471
6036
10799
13367
5548
551
2807
13682
9759
8602
1277
7495
6337
6960
3499
6733
11881
13095
6510
13717
2789
13590
13666
925
4026
3467
9883
11626
1348
4814
5128
14372
5945
13822
12016
5220
7490
8521
7965
7688
4894
3090
4210
11473
10282
4900
5122
15540
13293
4742
7730
6336
6905
1324
9817
11482
628
5184
2544
5682
7074
15767
8042
5574
4984
1447
886
10402
6516
1965
3744
12490
7986
8497
7907
6425
11517
6754
11405
12843
12834
10774
15833
7876
3798
15938
4448
15775
11459
5066
5576
7609
8939
1536
5077
11475
7419
38
2209
8209
5590
5071
12437
13303
4072
8240
906
4595
12660
3786
3388
2544
8820
15411
12225
15386
6411
4357
9252
13075
4268
13710
4912
11405
3600
8331
15892
13327
4742
15179
2143
3752
9971
4511
1292
7973
2764
4652
13401
8886
1650
11701
1643
7723
12518
2876
10614
3022
3693
6453
2711
2291
7784
14472
14765
15084
6934
10664
10409
10939
11491
15089
1389
15584
2906
10292
1660
7317
11320
11878
12085
12706
6775
12979
12670
779
9617
2232
9441
13209
921
1720
14037
760
2075
5478
11431
5767
1576
13710
7321
8197
14996
15911
4018
609
2158
15679
142
14496
8052
3172
6482
15957
9599
9115
6799
6117
930
12984
12514
3266
9946
12262
699
2779
705
5123
11726
5072
13873
6473
10151
10882
4352
11946
13739
14756
9565
4557
10482
6117
10669
3912
15735
1373
13069
4537
11277
5210
4261
14159
10221
6089
2505
13119
4168
9233
1725
11510
2260
3439
10844
849
14972
3
2730
12564
10166
9040
1917
11970
10707
155
3206
5851
10244
6895
3804
4624
15730
12886
6282
14482
11955
2658
14762
3440
6197
722
10190
6158
8164
11257
9458
817
12785
10689
8584
3820
12106
13319
2573
2616
3821
12742
1621
9026
15070
14362
1051
12861
7500
11362
2567
2797
10126
9204
10317
465
2116
6479
279
11977
11137
976
11958
8347
8480
2645
262
4649
2161
9049
11609
9742
11818
12607
13881
8527
7914
1303
1373
7405
323
3636
13958
5600
13073
14016
10748
10004
12706
3866
3194
11817
7551
13320
1293
12835
6063
11418
8228
10599
1525
12960
13861
10917
3636
5053
5646
9795
14136
13655
13619
352
15072
1164
4887
714
12194
14751
11300
8494
8483
150
8825
8068
5657
4636
6776
5793
12893
14481
9349
3304
7363
15957
6231
13964
14469
15415
3311
7734
6241
303
692
1403
9060
6997
14314
6063
6668
10940
3004
5502
9456
14960
1960
7390
11983
4854
11543
13296
2483
15150
2627
15501
15753
5020
7005
15029
15698
4753
12099
3495
11038
2679
9329
5476
1456
530
8816
928
9372
4655
12832
12331
15875
4910
9590
408
14587
3960
6654
15240
13705
14868
6983
14225
1852
7167
12878
1883
13208
13799
12364
3373
11852
12665
4691
14915
490
13923
1155
15538
607
961
15106
13013
2115
13547
13108
11530
3565
1318
10616
507
14350
76
5829
9397
8720
5448
8928
6713
3371
8209
14394
8806
10590
7162
13790
10373
15069
12657
11467
15084
14352
10764
12093
11115
13042
14304
4585
1941
4090
6519
11371
15307
14791
3937
13155
13487
11604
2042
10272
4632
586
9606
14925
14333
3897
5836
9259
7395
10371
7406
2751
4220
8491
5675
1311
5473
1845
13414
2025
14399
4354
4319
4613
15913
8362
7739
9592
7453
2429
10198
10891
5221
7774
9104
4310
1647
13080
11979
3307
13888
9572
15558
8364
12738
7503
1221
6726
10374
13293
6152
8591
11273
14390
2295
9349
8685
1466
12876
204
5760
3345
7966
8870
6733
13591
9246
8714
6658
10539
10421
5154
12306
1890
5320
10860
3410
9422
6470
3177
9719
14639
2841
11724
10177
15038
1856
13744
3052
5193
3011
4932
185
12143
8517
4377
568
7269
12205
4177
1670
677
2472
2974
12074
5038
3706
10311
3348
5214
10042
15288
11255
15409
15801
176
6621
10232
6590
9722
15606
7623
9555
7116
9870
6222
7366
11662
9752
5498
5024
6146
5987
6269
14373
11952
2140
3447
8002
8405
12171
11644
1643
988
4642
12266
850
7835
12816
14047
4021
11951
803
257
9902
6867
2354
11175
236
15815
5434
2266
1649
165
1548
4522
11613
14514
4268
10291
9163
14417
11606
13901
7223
10638
3103
7208
599
3902
5116
8590
809
667
742
9955
14533
8522
8433
7137
15650
167
2788
2225
12716
6711
5051
5530
15191
14168
4277
679
5834
3043
2395
5188
14005
14633
10372
8813
5950
15055
15612
1327
7242
15663
8167
9083
13093
13218
3109
10669
9475
4327
10227
10741
6349
11806
5182
2472
14056
2079
568
329
5765
15416
4547
14662
7540
14417
10042
9672
6441
14127
15197
9272
14915
4284
2230
2058
1225
15023
8263
11330
11050
12895
15093
4717
8586
11012
3873
2197
7055
4792
8150
14824
10855
4639
9053
11501
3743
10775
15312
13536
1862
497
10787
15803
6960
4544
3452
2677
4471
8155
10158
3411
100
12744
15136
3264
13000
3851
11935
11114
2954
7689
15848
7509
12847
15083
3563
9604
12201
4568
1924
15638
3242
7479
13699
2726
3154
9847
3122
11631
10198
12300
15053
10991
10648
12490
5725
15393
3182
1750
775
2554
4273
6058
13080
13369
5423
12512
1694
7173
8732
12768
1683
8971
3767
2863
10090
3319
5809
1016
5113
14774
1128
2875
7019
12987
14764
10941
737
14128
6493
15946
8928
4870
11727
1366
14392
9441
2824
11805
11230
12257
8049
15171
10856
1367
6258
10562
4573
5305
4979
1678
3
10556
1871
1824
12134
7306
12746
4283
6730
4997
14276
3832
13362
10400
9496
11775
2653
3102
5774
11265
9030
10125
6407
639
12484
7882
10982
6441
1315
2177
11385
2117
7939
11469
9552
10583
13293
8075
9750
8611
1304
382
3859
1831
9142
8974
5666
84
13819
4404
12
10612
12867
2183
4498
994
11576
3591
3387
2865
3572
1131
11773
9584
1540
12507
5714
3461
14299
8912
2887
13822
8220
2883
15248
2618
4361
6990
2523
10480
9562
11293
1732
4647
9555
4406
14825
14099
10303
6163
5092
15588
2898
2888
1641
11405
7513
13830
5233
3833
6228
3622
4609
80
13305
6581
738
6016
14510
3529
12529
11644
12632
5041
10706
13045
2819
143
11322
7908
2209
2400
9794
15573
1269
5421
10450
13791
10488
5127
7173
8509
14220
3040
12733
8505
8083
5337
15019
8462
14264
5841
14885
13611
11871
3239
1336
14839
7495
14608
15633
5783
814
6119
6751
8426
1140
15482
15880
1180
10991
9767
14224
1698
4236
1704
13192
13933
12493
9587
6318
8223
4506
13844
10012
11652
10129
10943
6312
15826
14912
14816
13893
4247
12102
1195
5785
4960
13048
14869
15520
8818
12655
6373
12769
10033
4414
68
2932
10194
7075
12173
2086
6734
1554
6631
7912
7777
13390
15531
2923
8184
14820
741
2275
10171
5010
12660
2412
7026
9952
6623
10862
11568
14373
7898
1943
13199
2382
2373
12971
14741
13319
5700
5599
10788
337
4493
15222
15695
13187
3069
11794
2423
7619
11200
12917
3954
8475
2627
12530
490
10574
11662
7892
189
9122
10786
7680
13662
11669
13583
6598
4745
9845
10285
12321
11476
12307
13799
1246
13210
1542
6527
7
15643
2124
9354
1745
1404
5503
8695
14163
5084
1216
14793
3274
4251
13429
13720
8663
5213
15588
6600
6805
3865
13879
11934
2908
5282
1853
12092
10629
10105
12303
3568
2830
12874
13616
4084
8508
7658
2925
15238
2827
1898
9933
14130
13384
7491
15193
412
1040
14144
1456
3804
11369
673
11849
13311
2544
4053
5250
15448
13696
1385
11190
15778
10674
15297
12414
4573
8368
11246
2853
6098
7605
11913
385
3160
3928
5383
6788
1962
4179
4022
7220
3837
14231
14211
1684
15839
9678
2007
3379
8092
3015
10902
1275
4432
5251
3456
5815
6964
5993
3817
11208
11003
6030
11208
11669
8649
1210
12588
11876
10915
8701
14874
13942
1185
11230
9451
118
5516
7748
15069
14555
3356
6083
8343
11458
14483
10084
6131
2504
11324
1669
10838
135
12591
12882
6180
8927
12288
12538
2304
6540
4296
11220
3176
1916
1011
11162
4382
5777
11695
10022
1981
4627
7458
317
8118
11300
13714
5659
12256
12530
2552
13233
14588
6389
9727
15429
3458
11384
11706
260
1481
15330
8208
15927
2884
1411
15047
7474
1753
10829
704
7998
3985
1774
9829
8038
14947
8476
6917
1643
3289
2021
5426
15979
14596
14438
1189
12319
4437
11883
15165
1139
15363
5241
14330
14893
12373
10809
3912
14848
3693
10841
10656
15352
3412
7534
5913
10299
5352
8899
4248
4210
1336
4297
13819
653
9996
9792
9272
9728
7468
9107
7373
13097
5984
11954
13530
11394
4967
9546
4323
12481
3835
964
12528
7410
13579
11598
1234
9885
11288
3671
9262
1462
908
10884
5515
15273
3027
3318
3745
4875
3331
3457
9617
9003
10995
719
9493
6658
15336
12228
4696
12051
8400
9501
9015
13525
1387
8800
6903
9278
7143
10663
11317
12947
10863
882
4796
1431
121
15052
11579
14381
2454
15284
1789
14497
6649
12471
761
7945
15745
11715
11924
14128
7344
10221
4009
8755
15211
14262
8478
9134
5524
8884
9372
5287
8552
3827
10320
1181
1699
9770
11865
15601
4687
10526
15186
11969
8500
30
1694
15606
11764
1787
13960
14402
5856
3998
12615
15313
1440
15207
664
13592
9989
9079
2059
1709
5134
5370
12783
164
9915
15137
1345
6496
7040
14211
6337
2973
2021
2138
8318
2608
13879
14546
11406
4388
15393
6411
4138
10598
2698
7623
12493
11771
1529
11048
3193
10890
11371
6046
8898
2170
13192
12670
2906
5737
768
5586
3425
6192
6236
12061
6780
12227
5779
1815
952
8272
3048
12756
3552
8991
5070
14935
5078
4351
5504
7151
12862
901
7381
7272
4141
10660
3474
14706
12957
11174
7223
1055
763
11850
147
13359
294
6727
7020
5781
8972
3891
10122
352
4600
1565
2077
1190
14649
4667
5822
3759
14587
2433
10904
10344
11704
12210
1778
1869
2693
9305
9887
1976
4334
8795
3863
2050
7835
3190
10795
10253
11208
5841
3191
12626
6404
14670
74
3338
836
12714
1412
6882
14989
1591
2996
2895
7901
4547
3960
14623
6106
6679
12244
6906
14519
12437
12822
9082
6667
14545
6612
3962
2004
776
3101
4120
11173
11962
5477
13663
15665
12984
7847
13767
8015
8948
15477
156
7069
3814
5431
5417
660
7668
1805
10876
825
912
1439
7210
7114
963
8141
10262
1856
3823
12799
12025
6446
7001
15441
5330
4728
512
8544
5237
15164
13246
6021
12197
15360
5065
15463
2113
10225
14290
11030
10996
12906
4048
560
4439
3658
5655
2364
2143
7360
11139
15145
7907
12569
5353
14270
6817
12754
11710
4684
12509
711
5521
10977
14661
11860
5641
11147
9919
14244
11796
14118
284
7863
5243
1740
11935
839
5948
2963
3143
6999
14068
11284
12752
5585
9640
7094
11863
12935
12278
4830
6089
15461
3611
8170
8479
15728
6254
10901
2465
11307
5001
6773
4264
10470
6643
11858
15165
15796
894
5904
9391
12721
10142
14654
11489
10314
11616
6661
9740
2065
11834
8758
10857
3744
3226
9629
3998
249
9885
3931
10602
12979
14583
14065
10874
2280
683
7663
5650
2448
6302
15339
6065
15034
1666
1465
9030
3541
4328
13017
576
3907
2560
13755
9284
8946
14892
855
11587
6191
4869
2980
5031
10291
10056
8651
15337
7459
4721
2516
13401
3716
12104
13352
1750
1102
764
8648
1888
9601
5783
14742
8953
4875
6244
6370
2027
1558
7128
12560
8636
11281
776
3998
14176
6903
6019
15340
4721
836
1873
7674
2927
15646
9809
10760
9541
7941
8642
7908
757
7014
7444
2389
14163
13953
3064
7280
6108
2614
1256
4277
11411
346
4194
6418
4505
1086
10165
12268
10996
13639
6445
12152
6719
6835
7432
10046
5194
2087
5601
2114
15805
2438
15330
14010
3731
7496
1397
9844
12040
14196
8970
7163
3825
813
7408
4992
3593
5418
10314
1007
14647
367
14133
4427
79
12336
11133
10014
10310
12332
12529
9950
14966
13980
10890
7232
6317
3409
10491
6522
13909
10467
15631
1453
14124
7857
15712
14347
10422
12727
9745
8387
9248
14033
8513
13081
1897
9480
9184
1563
4565
1684
2204
7632
7393
2109
11393
8394
3683
14480
5485
2885
4780
196
11822
3153
934
7242
15895
764
9827
8625
9010
15821
6391
11890
12892
14454
5503
13481
65
5127
9853
636
11698
12257
15991
15320
10172
12450
6477
11344
15788
3171
9326
4296
8318
4683
8073
15681
8532
496
2279
8075
8224
9703
314
6429
2527
8370
2099
5067
14393
15791
14842
884
942
7165
7713
9637
7236
1345
2117
10832
8623
3416
12837
13103
15531
14256
13455
13883
9755
1966
215
8336
1818
8107
7549
11691
1207
1856
2817
4098
6907
5858
8445
11349
4528
9202
6099
11752
11664
3969
7595
367
15634
9660
15950
15749
468
1917
2593
11458
5377
7439
9341
10686
2484
6017
3652
14421
12959
14179
8294
14387
14833
5241
11711
9944
2632
2445
273
15490
11634
10661
7630
9728
1771
8164
1103
13280
13036
8480
5825
9476
7895
11948
11340
10880
4723
11472
7930
10554
380
15039
6232
5383
9690
14271
13119
11814
173
5106
8380
13935
8598
6910
956
6058
3853
9496
11558
7150
9277
984
7251
1772
15121
7504
11027
1383
13756
4156
5192
14577
9823
7475
17
13090
10169
10381
9224
3846
14022
5878
10601
5808
15983
2554
3642
2096
12723
116
15700
11287
5647
13959
7247
8749
15845
7440
14476
6402
10401
991
6747
14992
10112
15364
7130
4887
13832
8462
14805
3222
10731
3764
10389
3909
13300
2748
517
3958
2011
10939
7625
9094
1283
13832
15660
5753
8873
2973
6221
14590
10634
3144
9938
9152
2159
6239
14244
4681
4908
277
3786
14603
7024
1005
14723
8933
2666
4271
3732
8789
105
10334
6897
975
10504
8468
10001
9998
4822
11316
8393
8405
15204
11696
2775
5589
6414
9345
5999
8450
5730
7375
10802
2908
4877
8017
277
8531
1920
3754
15887
3506
5452
7488
9675
3848
7839
1794
6191
5812
7331
9415
703
13852
9247
15383
3840
1080
8442
10005
11464
9341
14695
13926
7522
4146
10243
14845
15056
14106
609
2609
876
14795
2131
4923
1021
15525
9942
4502
6795
7630
14766
1017
8634
10827
15148
6616
3352
8336
5860
8371
13835
4177
8074
14868
8493
15294
3874
15870
9849
11681
12352
13516
3748
3768
7168
9076
9191
2748
14372
6916
2311
1335
14649
14859
7729
10040
2512
402
5225
9274
13482
14102
9897
15936
3166
15728
8630
7682
8944
5945
3073
15337
12295
12411
5941
15246
2987
7801
6801
9836
5182
4267
4680
15626
13437
53
5320
14682
11200
10300
5844
11116
13888
14559
4815
7839
5119
941
12005
15567
1678
576
8499
769
11016
14543
14287
15526
6141
7564
6424
13970
5713
11305
3549
14913
4453
2510
13642
11432
13062
9815
2034
4475
40
6873
11490
12131
7810
3885
12179
2458
12442
14979
3851
6912
7745
8890
1233
826
14223
1042
14440
12970
10546
1902
6187
10287
5769
13080
7053
15430
8434
4815
9650
9729
10040
10737
6104
3315
9237
13406
5213
6491
4161
9040
9270
13547
8864
3900
3256
4495
5626
14277
12569
12190
750
8235
7755
13515
7461
508
12945
12017
8856
2330
14404
3747
9840
15851
15194
5700
6488
2149
389
1498
5314
8142
14856
7196
5011
5971
7447
7995
3568
334
15109
828
8473
10974
3097
10526
10585
4402
12210
7210
13454
14120
10217
5308
4321
1204
6704
13254
2
1125
12482
370
14607
8221
13895
7053
4278
6202
4564
13018
13659
3247
9513
97
10655
4030
4633
1160
13691
12823
2527
12610
9788
12605
2991
9338
882
7063
12156
1998
1950
5425
7028
15529
14014
13218
3765
14528
13375
6989
9609
3077
8802
13888
6860
7874
8184
13360
4231
14436
12431
6350
12977
2893
2618
11631
646
1553
15298
1181
10877
15871
9377
9380
2603
11445
5112
13153
1785
13119
4721
3419
419
15066
1022
5661
2242
362
12506
7372
11286
168
2159
3333
5351
6163
6974
702
14001
39
872
7866
358
4319
9759
14487
12400
6387
4105
6596
8369
12970
13270
4508
6615
4905
6524
2525
7445
3854
8688
6903
8711
7788
15227
13542
14189
9908
2126
9388
7182
7346
8437
7783
6975
9094
13063
9653
13890
214
5595
10999
2679
3991
7445
13332
7281
6598
8465
7131
12253
9253
4110
8546
8708
9600
12626
1440
15796
4050
8637
9025
1701
13730
1016
12093
1636
7241
3071
3879
8354
408
5993
6129
10855
15332
12585
4928
11662
9940
6153
4171
14275
13347
14068
6845
11300
9699
12935
12323
4877
10163
7808
9081
12173
422
3919
4818
4524
6196
652
13146
13269
1458
6345
7848
5417
12206
11158
6376
8797
11601
8467
7059
1670
3381
7755
9986
8302
9948
1831
3246
9295
9755
9665
14441
2409
9710
941
8738
608
3472
13247
2729
3347
3491
4782
11078
5529
9825
76
2033
7345
889
10071
8040
10500
8724
5531
6141
7970
11526
2231
14118
8312
5571
6887
9617
14023
1004
1265
6942
4058
10386
9666
14402
2749
2398
4347
6036
133
3089
3490
5421
4391
1247
13576
2221
1056
9573
15592
12367
3038
5976
6115
14083
3128
9071
14587
14605
6559
5287
5562
7341
5751
9677
5868
2331
7972
15595
9756
9182
6163
9739
4367
3838
10122
9580
4226
10738
7184
3631
3394
8927
11769
9956
3382
3072
11225
2130
12877
785
11659
5872
8580
5868
6684
234
8208
2834
931
8196
6079
13975
344
2667
6274
12305
8177
12573
3739
6445
1253
4282
12020
4529
2465
6198
3317
12812
2004
6261
12177
7249
10936
8391
3739
6815
8725
3503
1571
9014
2104
4024
8434
239
13866
7261
9852
3418
6001
15648
7193
15761
13501
7297
4313
5134
6526
3865
13800
6032
12805
8616
7246
8453
11878
3123
243
14327
12306
12097
12453
13424
14346
11214
15803
14315
8934
14636
2322
2840
14395
7787
15078
13294
13522
14991
7697
15133
6699
9416
14313
14888
11929
8678
15384
11472
12329
5264
7192
5989
15089
3189
2104
10263
9898
9453
2427
11383
5962
2413
14396
14873
11849
10727
7887
13475
9760
12055
9703
10334
14329
3263
8897
11182
7695
9602
12411
12399
839
5155
10057
6682
8250
7956
458
9289
1451
15972
15202
3292
2436
7894
7591
5155
8741
10249
8468
2159
3742
9794
4044
11975
11441
9038
5903
4625
13504
14674
12745
11755
11393
507
7183
15424
337
1956
8649
5477
6354
4190
7073
15824
2004
297
10449
6376
14010
3864
14891
344
3426
15939
15554
13234
15617
130
15478
8047
13067
13296
5225
10390
6271
15759
12701
14463
4718
2058
2065
2599
11834
6359
6828
1752
12842
15641
8615
15834
9234
974
906
11936
6149
6833
15006
132
14868
9067
3255
8429
142
7035
8714
15084
5546
14480
8885
3634
6150
9720
10903
2836
13371
3741
194
4158
8955
4284
7647
12671
5322
1491
7483
3765
11967
7210
7211
15643
1755
10313
9991
13661
3788
2753
5623
13125
5128
5685
5958
5502
12302
3228
14930
15236
11333
5722
4567
15660
12468
2620
7671
3633
2724
12223
10773
5386
9709
6710
4493
1112
12751
4191
5058
6154
4122
6118
4764
7500
7836
2052
11041
11182
5315
13048
5942
303
7840
5704
7040
2750
10735
11059
5165
5180
1953
5971
8439
3269
14031
2404
1003
5122
7947
7511
13855
1976
3122
2306
6409
12513
9485
15878
1671
14591
13072
15681
12216
9750
14081
12881
8472
14355
8966
14044
11695
1391
3983
7426
10404
1092
1780
9151
5747
7871
2446
3918
2952
2361
8663
7822
7503
6166
5618
4804
12062
1458
1228
11307