865
952
1529
725
93
128
611
829
462
387
1278
469
54
240
1816
1948
626
1457
1068
1534
1598
341
981
615
827
1801
393
1299
1311
532
1100
676
151
1832
1211
1657
1471
1363
1395
304
2199
763
1143
1101
998
388
1629
1822
1082
1479
1878
727
1504
942
572
1685
527
889
291
806
319
1123
888
116
267
169
2182
2143
135
1268
879
849
2146
1164
411
70
2113
1061
315
258
727
1856
1077
1739
1442
1293
1131
534
1942
1889
1999
2132
1881
2029
1612
839
1121
2175
681
798
273
847
795
532
359
475
151
1611
1840
1510
1790
2049
2148
2014
140
193
631
642
2172
314
1663
849
1246
1124
628
902
2129
55
232
1850
441
1035
850
913
1886
990
1811
1791
182
259
1466
1057
387
156
1881
249
1015
290
398
147
866
1250
1630
1984
369
1126
1153
1627
544
154
1393
1252
1814
1720
1952
613
287
1506
660
50
982
103
870
1264
597
1149
1320
647
505
1821
1569
126
1905
1778
222
588
1638
1006
1692
608
1087
2171
1173
880
101
1721
1409
93
1070
33
174
125
1326
852
1513
20
188
169
2083
123
1975
227
472
1736
998
1557
1530
446
437
1518
1301
624
2136
1240
460
411
1079
793
1427
286
1501
1251
2157
1986
1126
1140
1932
840
1178
372
1382
1322
1009
545
112
1762
884
1204
355
333
1462
337
2019
608
68
1624
2149
998
2040
1542
267
1592
911
1263
1393
130
90
1523
1353
1366
1354
1918
1153
1577
996
1966
467
323
1114
1583
950
1710
1943
261
1479
1946
282
677
479
668
1312
1544
2008
490
684
490
1944
1465
741
572
63
822
1058
920
710
1804
838
1844
2032
733
1961
1975
1911
1306
1539
2134
1912
1497
310
1153
571
961
1108
1126
95
472
676
1095
1600
647
1438
842
1885
1258
1283
674
426
1790
851
1143
808
1334
815
1040
157
2065
748
1324
1662
1691
647
617
1105
1091
1136
28
1407
338
346
804
164
148
1216
830
1334
2089
1172
153
1207
1438
1037
1301
2190
1919
114
1138
1953
1476
1423
1126
1467
1573
1422
1961
1016
232
1845
1129
133
1650
708
428
171
1003
1067
83
1646
831
1734
2015
321
1397
877
1895
122
510
1473
144
654
2044
707
1923
1011
1018
2181
383
936
583
1955
1630
178
1233
969
1876
298
2012
342
935
1101
1263
1254
630
1634
1873
1304
2103
1109
1885
1513
966
600
1351
1389
1732
844
2131
2187
453
907
445
268
1090
563
1701
239
835
1926
1093
659
89
935
1698
2166
1723
1093
2052
630
1624
1602
1796
1859
1543
102
1510
1497
1874
1918
1815
483
677
1386
2186
644
980
1590
675
2051
1368
263
172
2195
1544
2070
1374
293
1563
619
1547
1389
69
1933
1582
1648
1357
1817
322
2128
338
1185
2001
686
1544
482
1459
1842
962
912
1709
752
125
855
419
501
1637
1327
1199
1099
832
1214
460
1336
842
768
413
2188
1110
1475
795
1840
1936
537
678
630
1727
1137
1656
2034
1297
874
1216
2136
695
887
1512
1584
2124
1526
958
1926
1885
1983
2045
17
122
704
488
1155
1746
613
528
172
506
1642
2147
1476
463
435
264
2107
1593
1274
1773
1189
959
1824
1809
186
1156
1526
2024
1362
284
2108
657
2125
663
859
1963
1079
2052
1154
1065
526
1308
350
406
738
937
592
378
117
1808
773
399
323
1624
791
938
1639
2197
642
793
2179
983
1784
2080
1857
121
1598
387
545
1447
904
736
22
2093
1229
730
589
855
1480
684
21
1628
877
1700
1929
369
553
19
1982
1442
514
279
823
292
1683
768
69
454
1056
1820
1439
1336
764
545
81
1133
1506
389
1062
2141
1697
106
1652
1855
239
375
598
346
1454
530
995
1288
1998
1708
147
2179
708
334
875
791
1923
913
498
500
2017
1843
407
145
512
1546
678
1904
209
197
1352
2145
1809
2111
1656
578
1794
1426
1144
905
1064
976
1852
1231
2063
115
541
1800
882
451
169
470
325
610
1448
1226
182
207
1118
1640
2180
690
20
57
370
649
2104
1444
1490
754
208
1113
1308
5
1010
1763
676
1616
163
1473
1945
2038
1417
1379
278
1017
20
409
155
19
2141
84
680
328
714
233
95
2040
1026
1782
1978
1213
1564
772
1296
301
92
1634
59
1409
1524
2127
325
907
1679
1839
1350
1355
1900
1145
1569
900
2116
332
1129
447
1305
1289
1425
2070
573
607
2008
1817
803
523
755
162
1453
1323
2059
1363
510
1437
1139
1626
1773
2083
2197
2161
795
2002
1136
727
1585
743
1614
1402
1664
1365
918
1278
2035
103
1062
512
1336
1321
91
1816
283
349
1407
1533
557
385
448
1620
1545
1361
836
1099
1246
2104
1105
704
1317
2171
1351
432
166
2013
1709
1115
400
1725
1700
1314
180
719
1876
1243
2172
794
603
1045
1039
1785
1291
1525
1831
1915
879
1621
942
1705
885
229
379
1500
2077
637
772
1940
1505
1682
1567
167
1836
428
304
1215
1933
1381
985
1365
214
2189
322
1216
1907
486
1503
1240
1328
1670
86
873
1743
783
1384
2193
1575
2137
1112
1190
2084
897
928
1904
1331
1986
665
618
1032
334
1152
1016
1207
819
961
2006
596
963
1795
2097
274
1656
1829
114
130
1515
23
1518
25
94
981
403
1124
2076
2122
1963
706
1973
1199
219
1210
1692
1710
1659
1571
1600
1561
532
1626
506
486
511
1300
631
1834
1197
1605
122
1225
2012
674
167
380
1737
1745
2134
1715
1420
1875
1612
518
582
1277
1036
2086
1032
565
1474
1135
1832
1241
2151
1499
797
877
7
924
1562
1664
512
1616
1031
1344
1430
136
1573
27
796
1081
177
967
347
1960
352
1016
962
1350
1738
1477
1815
1258
2024
528
33
1748
1079
2051
9
656
1532
1581
977
1265
1576
1625
1296
1721
1914
150
1600
88
1941
221
1666
2033
397
1098
2148
1418
1888
1911
900
206
393
1273
184
1846
2080
1954
82
1512
222
1897
546
119
1055
1977
1989
130
1372
1486
1
1865
1581
523
1057
2075
1347
657
20
1664
1699
1200
1271
507
1055
1943
2040
89
631
1096
1783
1817
1269
1870
105
597
2060
2081
1885
1640
1019
1145
990
163
124
1825
11
431
1160
731
272
139
1447
1426
1582
1418
846
1473
1632
714
137
308
2025
2047
1951
1680
449
1506
1025
63
612
2080
1436
439
995
315
390
784
1933
2081
469
1584
81
437
860
107
1602
1442
1508
224
2031
1801
1318
1521
164
1811
1368
603
473
684
746
758
482
352
1289
2165
1992
1423
306
1510
256
703
674
1700
1151
859
895
1561
1091
790
1594
1187
240
1618
271
1309
1091
791
2155
1847
202
1237
1465
718
41
1472
1016
2145
799
718
1314
1897
1600
863
728
1507
2075
1007
1625
112
1254
875
784
29
2103
1580
392
173
1442
683
878
609
1920
1362
1537
1255
1595
1479
1319
2018
110
1953
731
1869
2076
1933
1647
1365
1688
1649
1845
1950
842
595
475
1919
1045
1878
430
1598
91
870
610
1897
745
2016
1766
2148
1759
1331
1862
147
1667
1287
1334
2032
752
1665
714
1409
804
1526
1519
1080
1459
1480
770
1777
1847
944
1938
2140
479
1729
353
1023
768
1523
1005
837
2092
1255
462
1718
1156
54
1786
447
1606
865
1710
2110
220
1001
1277
1342
197
505
260
2162
436
271
945
1533
1668
358
199
2179
1443
1172
230
536
1413
979
1722
1544
1583
760
1306
273
287
664
1340
1413
1798
750
1400
636
1132
1250
458
1315
2059
1313
2051
1074
2043
1756
1226
2083
220
385
62
404
1421
185
1893
252
534
1287
915
1880
1890
1001
28
1996
1014
151
83
201
504
607
1748
1010
1501
141
1189
1531
1366
1469
570
1262
937
46
1877
840
1285
793
171
1494
1965
1325
721
1337
1113
1933
899
609
1168
1776
172
24
995
46
516
1230
230
1798
412
1982
1892
260
1477
1556
722
1958
1086
687
599
1258
784
95
992
1103
2052
89
1196
1117
143
1389
1959
2130
99
1771
688
1657
1639
1541
1637
398
913
568
316
787
363
557
43
734
973
355
944
36
994
2199
2194
1069
843
1253
171
1521
2121
2042
1240
964
1301
722
2136
444
79
1734
51
798
1041
2130
1409
1593
177
1383
657
1256
72
189
1486
388
1217
229
996
1937
1811
2167
2128
1564
38
1532
1359
1629
981
421
1330
2054
1813
1887
1722
431
2091
2096
1985
1317
1692
1309
223
157
1056
930
1020
1875
1332
1585
1256
2007
1034
431
131
1415
816
1606
1621
1730
232
1179
1033
1714
2018
1422
881
1411
495
243
471
1349
687
556
44
2171
1342
1288
349
2028
1073
1665
1518
1492
386
823
667
968
1850
1883
730
863
517
1092
1207
1751
2073
1971
228
2003
779
2020
2047
2081
1728
922
1072
1291
2188
282
604
1277
1328
925
1355
745
2105
1392
223
614
565
1993
84
240
962
284
1158
213
1313
107
1249
784
88
291
1379
2089
1077
1188
1119
1680
732
1927
572
603
1510
1506
280
935
896
152
1909
2
1753
907
309
654
1421
173
71
1443
1408
1746
282
1798
2057
1270
988
1961
1231
111
1932
908
508
640
498
1498
160
1065
288
22
801
832
1605
1373
949
1618
96
1084
1192
798
484
271
860
1568
581
1524
1161
62
12
1745
1541
161
34
1177
1019
2137
1901
696
1849
2132
1457
947
900
1686
891
935
553
577
322
711
957
2062
1209
514
908
1576
1186
1099
2131
977
1960
1916
1975
2107
108
1864
1323
886
632
525
408
726
429
2155
575
1284
512
230
1534
890
1572
1470
716
1952
1723
429
747
1612
854
1226
2079
1896
2028
427
600
2019
735
1677
1882
999
997
1242
197
2166
89
443
50
1322
785
1189
585
514
829
1347
2081
1820
152
1792
233
771
1942
829
453
599
315
1579
541
1608
628
776
1646
328
580
1247
659
782
91
695
1517
507
1858
697
1175
454
340
662
1912
2022
773
1026
1366
2068
1669
996
574
25
268
799
461
1349
610
1920
768
1104
1841
1275
23
767
192
1937
1045
1570
1321
977
1220
1588
73
737
2065
464
1135
1013
1344
1658
151
877
359
1689
819
2137
912
2133
558
259
1697
1686
239
4
1484
1043
1469
455
1015
299
41
1940
1776
1125
2147
1229
1119
2087
235
569
1444
173
50
1755
2151
1624
452
17
583
285
29
1458
1254
326
498
335
265
501
1661
1615
24
1409
419
522
1896
779
82
1304
697
1054
661
303
170
1953
1530
700
1258
2038
2062
1111
469
1305
1451
211
1967
517
1764
905
1887
656
194
1756
42
1571
1494
188
530
1531
1848
210
1192
415
1358
850
1255
1562
230
1570
198
1040
880
1654
381
5
1969
228
1671
987
652
1305
1419
1335
678
929
397
1469
1797
484
776
30
1439
1791
2197
481
827
2129
1054
1650
385
1133
1755
894
401
9
1826
1703
471
734
425
1112
5
414
1239
1964
1442
1166
1691
2103
1220
2184
2144
1501
1500
1455
595
1117
1768
94
1843
694
1987
1276
157
332
1125
586
930
1563
1325
1777
806
770
801
670
436
2163
1573
1605
2099
2086
1239
1458
1171
1097
1183
807
2041
506
252
2104
1014
671
827
2038
1721
1201
1969
1383
1361
867
2074
1795
1733
491
1067
448
1288
1464
734
833
1935
1155
2055
1720
1901
539
701
64
1876
247
1897
360
1724
1880
241
1397
1354
60
545
1636
1530
690
793
916
124
2107
1599
740
475
395
1372
1383
1534
994
446
1790
1705
100
1736
980
615
983
1908
1750
810
1344
1316
723
57
1882
1744
739
1979
1316
925
650
1340
656
186
374
1501
276
171
1983
444
1431
1857
1297
779
1092
273
1437
651
856
416
1196
1857
776
1810
1651
753
1199
1769
1139
1309
637
133
2126
1486
1749
427
1894
228
1143
1769
1122
374
532
1509
381
1547
801
684
2113
1332
581
1780
236
362
1841
173
1859
1274
608
442
1610
1381
79
1286
244
56
1079
1349
848
1096
651
1
429
1780
971
1580
216
850
673
441
2126
268
1121
1614
1381
775
384
1243
862
1235