277
3323
6484
1782
4070
5822
1608
452
3568
2130
2305
5345
4005
3094
309
1605
3825
5093
5808
7330
4371
2704
1941
6216
5228
2656
3429
53
2982
4304
1134
4242
4251
801
4528
2770
6409
3865
6461
3222
3309
4866
6729
5883
7237
3783
3807
3142
2948
7111
2686
6314
4209
7142
2382
2675
1869
2345
5204
3190
4167
453
6386
4650
3244
1528
2258
224
5360
4816
260
81
5591
2016
4894
4890
2155
4709
6531
2549
2577
6544
1596
4513
54
5653
3496
1706
659
7274
7348
6546
1498
1468
6664
3497
5804
1056
7366
5370
4651
4539
3634
1870
272
4433
345
2294
3551
6374
983
6680
3534
2160
5316
3552
5035
6139
3868
2284
862
616
7280
1755
1449
5784
2163
7301
2805
1571
2482
571
2128
726
2557
419
5151
7280
3211
3387
6455
3552
4276
5522
1782
2021
2223
3021
424
5976
2512
2495
2056
4362
1635
1834
3696
6401
3983
6271
6208
3518
2277
7112
5776
3473
2841
3860
6808
2360
1149
2091
3095
1002
2364
4474
22
782
6973
5077
4814
426
610
6893
222
441
2195
3619
1763
1319
6324
3157
2132
6012
3675
5856
1455
3083
6046
4561
1549
1670
3396
2373
731
6121
2894
2510
971
3625
3396
495
5523
3221
3496
7465
5460
6206
3830
1896
10
4385
4026
361
1938
6995
2787
3871
1719
1307
6514
348
2024
5680
1830
7425
5263
6834
5594
4688
6697
3544
3345
5482
6976
3072
1575
5900
6307
3487
1850
5526
3620
7200
5259
4830
5425
3386
1559
1993
5381
6543
783
4634
4332
586
521
203
7471
883
5075
1028
6150
985
3742
242
4922
2663
2914
6524
4725
2718
7012
2841
2152
1441
6212
4535
5695
3697
5137
6234
1537
896
1572
5
5509
553
694
5129
5628
6482
4773
1046
2726
6142
7210
1852
2578
810
6626
6641
4113
6484
788
1913
6923
2906
7123
3184
929
3090
7244
6873
4462
3741
4863
252
2171
652
7181
5454
3756
159
570
51
2556
5389
6663
1211
6119
4826
2030
4037
3414
2168
3630
6007
1264
540
1252
2194
6876
6292
4221
277
3387
4735
2391
6546
6723
108
2303
1247
4424
6594
354
805
2196
1313
1695
5735
3491
6667
4439
7150
7490
3091
565
2771
6389
7431
3541
1846
2028
6134
6931
4751
6244
5334
5151
5534
3787
1592
2279
3585
1792
5253
4974
5305
489
845
6450
5278
6053
2482
1113
1528
1634
3050
6116
4544
4089
993
683
6021
2730
1511
2991
138
4057
4835
6113
3414
6379
6201
7089
4274
4640
4361
3515
2649
4225
5973
424
4931
4903
127
1499
7079
435
7409
5543
1470
5674
4872
6803
4061
7174
4629
7430
5229
2110
5447
6934
21
5400
5027
1154
210
7206
1954
3349
4233
4214
1907
139
4519
3780
5379
4417
4848
3666
5128
2241
1415
2486
1440
4399
2199
4436
691
4581
3933
707
693
1895
1177
505
7199
6892
2045
4676
3568
1051
5921
2547
853
2433
6628
3322
6984
4048
6009
2920
7250
7091
5097
5661
6489
1367
579
7480
2711
1750
721
2140
7068
2583
5432
2204
4701
3475
683
4777
3473
5524
3240
1791
6648
2775
6019
6563
5493
1741
1890
136
5519
5631
3156
4818
2563
5908
2339
2176
651
1558
6543
3026
2376
3903
7415
2704
1958
4313
3037
2450
1979
6028
4641
849
5671
274
5995
6276
3222
7146
740
5522
389
1375
6730
6115
6382
3725
1601
1871
2022
3236
5090
842
5813
4727
431
6640
2931
4151
5211
4224
151
1726
5598
5638
1508
3466
1372
64
3406
2400
4750
3344
5888
1063
1712
5534
1920
2789
7303
7266
5689
2959
2818
3035
5626
3792
20
420
2349
6901
7024
2853
5821
5522
4736
2583
942
2291
3134
5645
5458
2484
1100
3926
1089
6491
5021
4212
3954
2258
117
2017
7229
6354
7042
6441
3849
6528
3267
1881
4783
6633
763
4574
6835
986
7098
6259
547
2135
4848
3057
4023
1989
5539
7456
4775
7177
4185
5115
4545
1082
3877
3054
6673
2473
2402
4603
1033
6853
435
972
916
3191
6044
4648
4013
4430
3322
5536
1006
3934
374
4906
4513
5860
5697
7302
3374
2625
3286
4721
2380
2725
6324
5913
472
3192
4959
3110
1762
2780
130
2091
6445
3463
7175
2528
2928
206
6435
5086
7228
1573
4633
1117
1216
3681
5439
1764
4798
1898
2616
7157
6571
6197
3885
2017
983
6671
2181
495
1575
49
1689
3058
2694
598
6012
1276
4097
5918
1625
1695
170
1748
6563
7433
7444
4070
3252
1209
5045
2652
2927
603
4761
6087
6834
5861
3083
4875
1985
6562
468
542
4686
132
3097
6446
95
2002
5430
878
7010
5126
433
5044
2516
6172
3110
5240
6206
2200
5247
4928
1329
1283
3941
4954
7302
5513
2027
1575
1995
2948
7207
713
3906
1430
3646
73
5371
4325
2206
1961
1765
4068
3153
3294
6205
4697
276
3695
1603
3079
1286
202
3123
7036
2913
1599
2592
2383
1875
4894
3490
6468
6011
6771
1692
2309
3493
279
1120
3635
4962
2054
4323
4260
5683
6131
1988
3075
5245
2372
6687
5430
2016
5569
5253
4038
5912
4289
6479
2002
6244
1496
6476
707
2222
3352
652
2859
6521
4229
7197
4379
6050
2200
4932
3780
1784
6832
3356
1599
5980
6900
6321
531
3312
4827
144
2503
4850
2175
800
5502
1979
3847
5085
3403
5166
5355
7279
4699
333
7178
2245
1511
6030
3701
6964
326
4297
2122
6519
5236
3141
5399
6302
730
6150
4776
411
4506
3192
1461
2426
5913
3940
4197
5854
5642
4844
4019
1244
3234
2478
6310
537
6004
2641
3788
1211
4159
6175
1911
2883
4401
3398
3783
2442
1541
5707
4756
1433
6841
6879
82
6270
471
7264
5944
6018
5899
5179
5533
438
301
6540
607
1888
810
6470
6209
945
2149
5287
494
3193
2040
3045
184
1267
7308
3669
4839
6352
2939
2413
7044
4659
4945
3897
2423
5186
6821
5224
3921
4815
2883
6825
2638
985
5310
1296
7188
4798
5033
2238
1180
263
1745
579
4424
1010
2214
6099
1120
4191
7062
4725
5191
2621
1859
5008
7078
822
3047
7028
4401
3948
1080
4921
606
7078
3205
6581
775
5961
6149
5038
1195
1376
3433
356
5975
2881
4847
7487
6722
93
122
81
4634
7326
4932
4719
7384
5399
783
2258
2808
4639
7455
2767
1084
5107
3383
5135
4201
6051
2845
3812
423
951
4823
4222
7248
1216
2523
5918
5301
2345
5183
3350
2898
353
4914
3657
6484
7430
2043
1377
7079
1048
2532
4331
6871
4905
4219
5973
3222
7386
2891
844
2142
2424
7076
832
6411
3469
4905
1368
5432
1808
5812
6588
287
5364
6159
5570
5794
1054
3901
2584
4363
1265
2790
705
3407
6908
880
4555
3445
758
4125
7235
4360
6969
1173
2681
1548
6641
3197
4807
6944
2091
164
3300
3645
4893
892
6445
2117
1791
6217
3104
5900
7415
1148
1894
5022
855
3286
3740
4832
3441
4475
5785
2940
783
221
1171
6428
6110
5030
17
5606
5886
1169
5248
596
2054
3874
4795
1744
6382
2862
4648
1381
3940
6943
7311
1905
4955
4502
2294
7382
4070
6461
3982
3274
1061
5137
1565
7126
7366
1320
3822
3738
5697
3664
5568
7364
5880
5777
6520
1227
2286
1700
5307
4315
1939
1519
6330
5741
4885
527
7419
4911
3851
5759
3476
2763
4590
3227
4904
3140
6770
5498
301
4972
6930
6992
4253
1257
7210
7142
2422
6282
4470
2889
3686
3380
6893
648
1240
7291
5816
2668
2101
169
5302
2287
3985
1273
5219
1945
1158
6724
7427
903
5664
3054
5849
6088
1150
7066
4836
5436
3747
3883
6255
3461
1345
685
5613
5276
1025
2705
5303
2877
5523
2004
778
5154
6142
2660
2251
5345
3726
5097
4789
4347
7085
1754
829
4606
5859
5023
2197
3661
1555
2989
2398
7401
4796
4158
3024
4045
4760
6070
4177
1616
654
6655
1770
1868
4720
7156
3861
6617
5963
6372
7354
3105
1323
791
494
7334
4122
2095
5095
4282
931
3712
4778
2458
5201
5758
1747
4319
728
4107
1569
2463
2590
1191
868
653
1716
2633
6232
5677
193
1489
2729
1568
1572
3937
2414
1912
2522
6353
7088
5411
1658
943
6923
3844
4374
970
1025
3694
903
4745
4858
3978
7396
73
3213
1504
1252
3888
887
3460
2471
5606
5664
4294
3711
2544
93
7007
5067
4527
6316
3626
5157
848
6394
2504
360
3703
1
6810
3561
7352
1694
5638
2795
4333
2533
794
5208
4253
5133
4376
5705
2348
616
7352
4856
5697
135
843
5200
3817
6974
6266
359
4081
2240
2899
3856
3404
619
813
7311
6624
2117
389
1528
1152
7183
3295
539
6031
794
682
3691
4652
5528
238
2368
2511
4153
1201
409
1768
4746
6861
173
2357
2862
6448
5082
331
4927
3395
7437
4487
371
469
1634
2671
3265
5301
160
2467
5860
5604
2784
1224
4468
3788
3992
6124
5276
7214
1955
4339
2477
5749
3435
6705
4736
6948
5497
2934
5186
3807
662
275
837
2063
6437
3465
1806
2993
4203
6431
2096
3257
7377
6637
788
5879
5497
643
6755
4777
5332
617
2275
6597
1828
1825
2449
3034
1788
1112
2642
3986
5826
2200
7236
5204
2995
5619
2571
2045
2473
2334
3879
879
6272
4159
1289
191
6409
1915
6914
5241
4594
774
5769
3765
6626
5265
6078
5476
2250
3506
3012
52
6811
2607
7193
5171
507
1139
2672
4879
4928
687
1592
454
4771
7488
3128
4408
173
4617
4562
6695
1409
4541
7335
5720
4759
105
3336
644
6128
2167
3929
44
1201
6521
1561
6557
4210
3212
5643
2352
6395
658
4754
7365
4459
708
3968
2837
5085
2255
315
7071
5635
6710
4569
1282
5200
2422
2411
2053
4337
4536
4874
7356
922
6199
4746
5419
615
2790
5007
947
5790
4046
532
5481
5564
3475
4400
3547
6514
3958
289
55
5003
5726
6807
7257
755
3780
6480
2474
4114
1709
6136
730
5105
2952
3762
6544
3683
6887
5517
454
3781
1744
223
4395
1324
5819
506
1625
7119
2979
2953
6964
809
2506
5033
3373
621
5446
4008
1194
1110
4725
2471
5470
3515
6951
3334
2744
6270
3809
3069
847
2759
7133
1202
3954
1251
6947
2803
2990
7018
5261
6620
7496
6662
597
2331
5020
350
5757
5951
5328
1759
28
3290
3911
7458
2440
3589
749
2684
3602
3778
3051
4735
2084
6855
1513
3101
3867
1345
3926
6605
4653
4826
6752
4572
1549
706
3486
1228
4105
5638
4326
4340
6125
4243
2301
7187
3023
3063
1679
6135
1003
5354
1585
267
2613
7292
5813
4098
7009
5380
2555
3998
1978
6649
6567
3583
3285
2242
101
1589
3202
1181
1542
1882
47
1442
1099
619
6462
6667
7492
5844
1750
5381
335
6110
6458
877
3345
6504
846
3692
4257
4615
432
7465
6511
4350
2367
3857
1320
3303
4378
2866
5738
2423
2088
3156
5347
413
3165
2729
581
1955
860
1292
6389
1460
2778
5393
4024
511
369
2664
5750
7428
6501
1353
2786
4833
4938
658
4921
6899
3032
4927
4919
494
2452
1196
6194
1216
3303
5308
319
4992
5397
3414
6007
6008
4897
4376
2101
873
4256
164
3067
2750
1051
7106
1708
2429
4144
3650
2605
2298
5478
1320
5317
926
1628
3309
2796
61
2131
2211
4751
5627
6426
7155
3233
6709
1587
6103
6055
5931
3546
1863
6846
5055
7347
6706
4124
3776
3451
5256
3855
1707
4499
3487
3747
4631
2042
744
115
5818
3478
1758
598
1190
1498
4810
7089
2511
314
4584
3919
2466
2372
5460
2739
792
5782
6820
830
2065
325
1153
6882
4390
2543
1976
5723
2121
2938
1096
6013
6534
867
1085
2292
6992
2073
6022
934
4584
7150
4170
1723
6889
1408
3481
6704
4811
2300
2675
3156
5881
5459
5554
391
1627
5249
2479
7097
6832
4459
2067
869
763
5914
1577
2365
1944
2099
895
794
3273
4017
4302
5103
6416
2930
3976
37
5651
5860
6807
1029
3695
7184
1951
4221
2022
1495
5399
6701
2783
1958
4895
4740
7064
7451
2722
6094
2383
282
6053
1103
6731
1669
7483
6784
344
6370
2394
1641
3429
5214
2777
5848
7441
2499
3591
3842
6003
3427
2018
1328
2917
7103
5942
5763
7077
6884
5500
7397
2358
4629
7121
1569
5542
3599
7188
7117
4211
1706
4465
6171
7073
6588
3565
3789
5460
3222
4290
4744
1006
3768
6455
5573
7448
6140
423
1361
7208
5759
3192
2761
7092
2236
1025
6362
2644
6743
784
3555
3696
5577
3863
3788
406
6581
5273
4645
1903
821
323
1203
4332
5492
5202
5236
1173
1673
1138
3864
450
4330
5886
3668
6759
1620
587
6496
3898
5762
408
6844
5002
1824
2984
5154
4688
4447
3090
6572
3436
1134
1944
6301
831
1287
2116
476
6397
7339
3818
781
4723
2726
2248
1395
7132
4891
2493
896
270
3946
5390
5004
6066
5684
4275
7322
6178
4168
7209
1570
4524
3878
4910
6962
4770
5489
7249
719
2783
6532
1763
7106
3242
5028
6049
4974
5378
5007
535
7314
2701
7143
814
7231
1621
1395
1488
7244
2665
946
4719
4146
6684
1624
6320
3039
5559
6850
4634
2850
6011
2575
700
1751
4727
3564
3349
5225
7414
7199
3914
1053
5916
356
2814
4834
674
393
626
1032
7474
1318
2706
116
2626
6562
5082
5425
2748
3904
186
5806
3428
4768
4363
3389
5197
6226
2523
3348
6554
1798
1186
4527
2580
7305
1163
5410
5104
1632
203
5840
4715
6813
6376
6435
6742
5035
3418
7273
3454
1634
817
5276
4870
7326
7132
4332
368
1981
3980
5726
743
7418
7329
839
3786
163
2461
1501
5000
1793
3344
6067
1730
6140
6218
256
6304
6062
953
935
6621
2387
847
2746
5331
6162
3028
4563
6126
3294
3524
6225
2978
1387
385
6636
6513
6994
2753
4255
3240
6685
28
7218
4241
6404
6286
6294
5610
6701
711
5697
77
6379
3466
2541
3649
2047
938
5964
1571
6622
988
1126
3245
1232
1963
3466
1238
1224
119
3705
6336
865
1602
2160
7007
3059
1353
1661
5296
5952
3092
6931
6832
3373
1423
3072
6764
1729
3267
4851
7381
1114
1926
1015
5871
2598
7080
2822
3272
3418
1189
4925
7205
3734
4605
5649
5760
3738
3630
5207
2754
2608
764
3347
557
1283
7488
6922
6449
2202
3138
2164
5282
4928
819
3809
1962
1728
3324
1361
581
6037
1429
1587
2152
1225
1852
1219
5919
4223
2408
1844
6104
1325
4457
4467
4209
4331
4606
4265
4569
2745
3002
5466
5224
4081
4400
1711
2517
5262
3121
5787
3589
2439
7122
4875
865
3987
3338
5519
1847
720
4138
2484
1203
1124
566
6471
5395
1917
4532
5683
6491
5
1144
3153
362
6175
5323
2501
5175
4272
1830
901
6810
4912
7296
6824
6854
6343
977
5681
6029
5803
5652
6880
3868
3488
583
3883
6861
7328
3556
1683
985
6559
3
6727
1505
6011
6022
7328
6177
6016
7
3896
410
649
3215
466
75
6314
2038
1842
5978
416
2743
7478
2590
3725
451
5937
1955
5785
6287
7433
4958
4706
227
3214
7457
4081
2580
6965
586
1079
5724
909
1536
6878
798
4716
1982
307
2132
286
4381
1553
7413
4591
1664
703
6694
2595
2219
6314
1642
779
3167
6630
6428
551
1400
5631
5176
1252
729
6338
4603
5625
2920
7213
7287
1665
4151
1980
4439
6293
422
5050
6226
5342
2739
5952
1908
2509
4947
5574
1884
1158
3891
3483
2179
6660
5685
1979
4366
2255
473
5854
1157
563
3121
2321
3054
7089
1492
1987
2911
5167
4752
3297
5920
230
4204
4125
7200
464
2570
7033
1066
3347
2404
1892
3562
789
4496
3016
4536
1056
4980
4613
3173
7479
2708
1185
4526
1410
1221
1884
5027
6747
3056
5402
3733
5831
3457
4182
4348
6386
4696
2715
962
726
6580
7485
3395
5302
1711
2983
3239
6677
994
5577
2978
639
4457
4764
5790
428
2071
1228
2491
2243
4602
2754
7140
1943
750
6510
4818
7418
3339
1091
7266
7251
2392
7024
2596
6596
3335
536
6565
3962
3087
4006
4585
6963
4788
2421
6587
1195
1342
205
3884
5000
6887
77
1875
5051
571
595
4276
1545
5092
3300
5388
438
6815
5690
3329
1393
2373
1072
920
815
5635
3713
7141
2754
4460
7225
7151
1958
7447
1750
1168
5708
5277
5727
5624
1162
6572
3910
4384
5599
1214
7457
4479
6871
523
2451
6210
907
6692
1085
3619
6705
2212
1897
5887
1170
3987
1617
4088
5176
3088
3154
4770
452
5731
6233
6331
158
3671
1668
1692
6971
1622
40
2252
6047
2959
482
1749
6755
5828
3442
3639
6809
3448
6745
6154
5012
5402
2673
1459
1771
7008
3855
3359
7364
1346
5833
6161
915
1468
5600
6630
4605
156
4734
7338
4943
3404
5610
1661
3146
6980
2974
827
2447
2406
2016
7219
3245
4894
6587
4932
6272
2056
7166
4249
2980
7287
3379
5756
2273
5396
6538
7205
4702
3216
6111
80
291
7084
767
165
963
4896
2802
2563
6019
6775
4266
2151
1607
3522
4556
4939
2564
6955
6153
753
2768
6490
2115
6040
6418
6885
836
6944
1318
1871
2232
1925
1443
3443
3317
5048
6615
5135
6482
6955
3486
1718
5194
2086
2855
4409
4481
3150
6425
3232
7336
4604
3808
6219
3149
2147
1671
1002
7168
7445
635
7450
7338
1773
2027
4621
4351
5527
4158
5875
1283
5495
5628
4547
6922
4914
2812
3041
5315
6844
6852
408
538
149
3018
2806
7323
7366
3771
1033
313
5039
1275
7154
5053
5131
569
4713
1934
2239
929
2168
4190
5037
7285
913
3515
5585
2029
5042
612
281
6379
1414
2448
1169
7132
5810
6440
4441
1697
3106
376
3068
1637
4188
5927
5265
3786
2276
2791
4562
6408
4417
1093
3445
7012
5837
6280
5354
6893
5166
1802
54
2152
2761
2454
2203
5185
1493
1055
6892
3050
6928
1457
88
3100
6004
760
1489
1137
3778
4898
1017
1055
1825
4021
371
5805
3777
3735
5164
6341
6137
1743
6114
2823
1040
4590
1328
2763
1968
6439
6718
5309
2852
2276
3794
6594
3927
7340
5743
7124
1157
6781
1254
4833
2836
6037
1729
5007
4744
5095
2022
958
1234
996
4213
2218
4786
6142
3937
5433
5489
6593
5567
3690
2092
3649
4555
2568
4547
1397
634
6442
2919
234
3375
1153
5907
4058
3811
2610
6871
920
6151
1512
2152
259
7137
4347
4326
5769
3904
4810
5018
5788
6995
204
2127
7122
3382
5573
6980
100
4674
1417
656
1431
853
6503
1652
7398
667
774
3020
3512
7332
2650
7363
4254
3634
6459
1943
6465
743
6855
5882
2883
7304
1845
5487
1014
2357
1571
11
3142
4093
1200
1112
5663
719
2454
4561
135
2851
4706
5794
6155
722
5332
831
4564
6686
6965
5040
1818
377
4761
3878
5044
388
376
6308
2605
7375
7399
5402
7424
1815
1998
1816
5551
6932
1889
3735
3997
5954
1921
1603
806
5786
1882
1967
3062
845
371
5984
170
803
3821
4788
6526
4737
7355
5392
4932
501
4564
4497
1327
7175
5952
500
1721
2889
1461
1114
5804
4616
2505
4970
7083
6412
5270
3381
861
2692
5785
1441
2934
6263
1040
2210
2207
1603
6237
6935
2310
7256
6338
1417
7040
1787
3234
4166
1234
2484
2535
3220
203
2763
254
820
5695
1564
7264
1374
6636
7284
5786
1046
6341
5449
4239
469
3396
2768
1467
6423
5846
3101
3071
6931
4615
6624
7491
928
69
1125
3275
3812
3448
6501
2454
6630
4572
4665
6363
456
4307
3882
889
3287
3954
5000
2484
6170
3910
1900
6737
4613
6440
3278
6794
4102
7333
4940
7076
5415
5131
7195
1212
912
3636
2188
1386
6697
7437
1409
188
4817
2901
1813
7070
7073
7336
6388
3579
1412
1310
6303
7126
571
1824
2952
2284
5019
3569
5602
6391
5605
6177
5757
5785
1916
6975
6193
2393
1973
1462
3664
5816
6286
4187
6757
4261
1553
1834
4936
1406
5002
88
3755
7296
5343
6351
1242
3007
3735
4674
186
627
3370
7431
1824
61
5361
105
1173
4747
4036
2502
4385
2956
803
4954
169
2655
592
6252
6684
3586
4324
2632
5726
53
6196
5046
3178
2369
1917
7383
2114
1425
5497
3878
1603
2031
2318
2797
3506
4975
7358
5945
5413
3795
1248
5808
5640
2988
3269
5862
4442
4113
1663
3418
4207
2210
7034
2000
5796
5773
5029
7304
1001
6163
786
5237
4113
3533
541
1239
5756
6763
3686
241
7407
3122
1976
4080
6430
6438
2820
511
2155
6402
6749
4035
1621
5612
6221
1478
5115
6589
123
5022
2671
1084
4826
3597
3137
732
5121
7246
1518
383
4727
3659
1536
661
2407
2722
231
4259
1537
6047
1056
7055
658
851
3340
524
2382
334
6169
617
2696
6612
450
4689
6511
4370
1059
787
1972
6110
1893
79
5554
2299
132
6948
5351
3601
7055
3565
3452
6790
3502
2810
2082
1095
3766
952
2954
3451
2
154
2105
1289
6484
5875
2547
4219
5015
501
6077
5048
1419
6144
5269
6712
4351
5500
994
5628
2003
2979
605
2224
746
6433
6436
4677
2209
5832
5869
7105
7025
3298
386
4325
1248
1966
5982
7489
2032
2209
615
3136
1955
1020
7367
3597
1505
2747
2194
3145
4791
3559
5886
7426
3014
1232
7339
2120
4252
4869
3812
5465
7234
3509
7248
5979
4781
5775
6918
3070
1951
1683
6916
4338
954
7422
1030
7061
1559
3488
10
7135
4315
1163
4806
7031
3473
6139
5459
1553
791
1057
5676
4898
2428
88
6451
6413
4226
2004
3193
6528
4359
6967
7156
4311
2818
4964
1231
713
578
5529
6135
6362
6375
6995
5028
5842
3342
4101
165
241
3421
1756
1044
3347
5504
646
2317
5777
1706
5351
6128
4964
1802
2548
1400
4125
1991
5360
4262
2700
2445
3387
449
6935
2835
2428
6091
7098
3905
5670
7113
4910
2927
112
6101
2860
4743
2084
1519
4848
2589
445
3568
1568
5629
5003
3740
5196
4363
630
4105
1700
6851
5632
889
4848
1203
3568
3991
5479
7335
7223
3791
4129
1888
5082
140
703
4584
2930
449
2386
6951
3959
7322
999
7073
4927
3601
2969
3020
7119
3922
1158
5558
1662
2140
3995
3226
619
4210
1674
6739
2904
3812
6011
2712
2692
7382
820
3582
7211
486
3044
4436
1300
1771
4217
1943
200
1268
7466
5123
4815
4750
6371
2600
6496
724
486
6344
6275
4656
2856
1693
5176
405
1286
4013
5043
1411
5147
6313
3922
2153
1358
2665
4648
715
321
3466
5976
1011
7274
861
5237
985
3967
2585
4632
7045
3153
3761
4796
2039
2008
4516
502
6440
3902
4157
3093
6321
3748
621
2631
3641
2583
5414
2265
7126
5308
534
8
6015
4195
3916
121
1954
3555
2375
3140
2225
1078
3758
2533
3406
410
6932
5498
2301
3062
2073
783
655
2332
1287
500
7068
4115
3390
3208
2501
1345
1416
1901
540
5865
3471
5787
6885
5514
1479
5629
6973
2425
5313
3503
2125
1498
1643
4695
2675
3660
2633
536
4451
7091
2619
5189
4862
4449
5889
6810
773
5165
1398
2145
6237
6734
5874
3119
6229
568
433
657
195
1398
6441
1767
5793
7298
5499
453
2520
545
2987
666
1688
559
6840
2004
783
3049
149
6140
7360
3228
41
16
14
3570
4512
1654
3772
2522
5250
279
3006
3219
6043
3316
4716
4001
264
2855
3683
6126
5779
3093
735
5915
236
4340
7084
5247
259
6175
2950
3442
695
4741
2123
2753
6615
5907
6198
1795
4448
3133
1499
6979
2481
6639
3253
5472
730
3400
689
4285
4590
4485
2128
3211
5903
5114
3305
1201
5492
1295
3497
3117
6598
770
1224
2984
6554
6844
2263
3551
753
5022
3269
7485
4980
5866
1748
7107
1869
6605
3380
2757
7194
4740
6833
848
2014
5214
7196
4866
618
1171
1194
6310
5726
613
4563
105
5726
7366
2323
284
217
5241
4232
5226
3951
2266
2187
7089
6301
6525
6122
809
4752
3579
799
1880
4930
4925
3717
3023
2346
5312
3484
5425
2520
2650
265
3138
6106
4713
6175
3744
1989
1909
7165
292
3305
1658
1137
5248
263
1513
6998
1252
2699
2317
4131
71
643
49
2612
5899
1434
5375
2933
5443
7246
1337
1218
2911
1903
2243
6173
2185
2138
487
4563
5568
3123
1789
2402
144
5913
1375
1389
4292
6904
6073
6395
5602
7222
3220
6958
3131
298
7094
4514
3696
5193
5822
3175
3032
6175
1072
363
5996
6577
1386
3011
196
205
1912
7011
2018
6238
5136
5984
2130
4103
3757
1918
2424
6802
1791
4921
7446
6132
6205
4968
6157
2897
1558
5862
876
5924
5053
6133
7376
3573
7388
3447
5547
954
4030
2314
6473
1388
246
6663
6636
808
5432
325
5240
1067
3381
310
5168
5677
1089
2505
135
2459
1377
1018
1032
6523
4334
5058
6429
3839
4969
1233
6379
378
1590
523
7200
6353
1068
7264
7437
3116
704
2358
4714
1153
2794
6740
7438
4907
1903
5080
4527
586
6488
5079
1222
3179
4796
4385
3709
6717
3525
3101
6218
4644
1885
2874
3901
6019
3505
1893
420
2930
2265
7407
4650
1979
3983
2262
5142
2197
2831
5595
4982
2243
6695
3162
6912
1785
5599
7460
39
268
228
5585
5538
532
5770
3311
1976
5706
6777
6763
5337
6935
4791
2749
2850
328
5654
3358
4363
1975
1668
4222
3125
1158
6116
1134
4968
748
43
3303
5097
3784
5556
55
6378
7269
6760
4330
2939
4400
3021
2926
4603
3224
2671
6880
5928
1406
4982
3401
5723
3202
5481
4034
1787
4853
2437
5763
852
4151
5855
6566
688
6
353
6602
6852
5688
3164
4978
6124
4265
566
7202
42
4213
1060
6962
3776
2029
6153
5206
2602
6907
5200
7221
2781
226
2387
409
171
3194
3027
1263
5903
3059
2876
4799
6463
793
3161
820
5444
6689
2418
1965
2165
1306
3819
1934
6011
2645
5754
1532
4486
6821
145
4193
1974
16
2487
3558
5610
1318
4379
1071
1733
8
4281
3872
6166
5803
5884
1038
5860
448
6878
3299
3573
4018
6166
5245
5412
1898
143
800
4292
1222
5671
1717
7170
3231
431
1560
5043
403
2972
262
2557
3560
2981
5355
5996
2108
4856
4583
3945
1472
9
1765
3400
1976
5755
1445
117
6555
186
3113
7327
6713
3853
5550
5475
6428
3592
3872
6004
910
2361
4117
5604
4161
4910
4442
5166
6459
4216
5517
2053
1872
6955
1797
1721
7162
1271
5817
4451
6448
1362
6543
2124
887
5297
5636
4546
6371
1143
6735
4721
2882
3508
1611
1200
3859
2552
2545
3096
1904
4491
3920
6125
3402
7349
5644
1520
691
3834
1468
2591
6034
7406
3374
84
32
1382
4592
5387
7123
6563
3855
3227
1944
3913
1615
2745
4409
7110
3387
2125
5812
6527
90
4331
5434
6648
3678
2884
7305
3477
1004
5740
4535
3334
5346
5990
731
1072
1814
7348
5255
3576
7397
1587
4370
5762
4166
3693
3934
4044
5245
4266
2436
2034
6230
2439
6272
4580
7312
5951
814
7269
7283
263
6447
1986
6706
1895
3780
1940
5373
2460
775
968
7212
2323
896
1647
6680
5095
2857
3347
2650
1560
5709
2959
380
5385
6256
6495
4079
1780
1964
7222
2320
1251
5671
5712
1914
1565
3544
5348
1280
1569
6480
3612
171
3405
558
355
283
3888
6051
647
2989
7448
5892
4911
4149
4628
2795
1522
3203
6222
6602
2752
5536
394
1419
2330
254
2639
2425
6587
1007
3858
5440
152
5047
4557
456
5382
270
2229
3307
1432
4115
48
6601
132
3501
6091
385
6474
2416
4762
2472
5002
5545
682
3771
5079
588
3090
6320
192
672
284
4598
1960
3385
3833
3360
6361
3034
2517
6372
507
6097
2485
2124
4028
2265
5328
6378
4719
5960
340
2502
4285
2973
1553
4917
6526
5037
2888
6594
4069
4422
2266
6916
1362
2524
2096
2314
7472
5238
5212
6960
1599
7267
5775
4991
3631
5710
665
7111
632
1997
5420
4017
5314
4613
4158
5957
4646
6307
7300
1016
208
3893
1828
2796
3732
6555
5290
4989
1840
5204
7154
6114
438
565
6705
3013
3876
4522
2657
1743
799
7169
1006
3641
2478
1732
3089
5856
200
3566
1908
15
7350
4302
75
1330
1907
6699
2257
6390
4490
1873
4544
1898
6756
146
3243
2693
3761
7103
7047
6705
4472
6433
2697
5006
2656
1324
6178
3153
6417
2215
308
6614
1557
5719
126
3196
5599
6749
6310
3079
4633
2361
4159
3154
5321
6862
3592
5224
2427
4291
320
1023
4266
5313
645
6550
1428
1262
5538
1656
4223
7004
1522
344
2915
6546
5408
3023
5124
1220
6576
1704
6519
4307
3005
2753
1184
479
2838
4970
5314
6393
2693
3336
7229
2912
3472
5051
1890
556
6414
6329
6672
2496
6483
3798
7188
1936
5810
4892
1340
2926
6396
7365
5282
3
5256
1015
700
3570
7016
4014
1005
6513
444
651
3622
6807
2625
2801
6812
1991
6305
3293
5521
6709
4714
3642
7220
7101
1720
801
1109
3046
1147
2774
5023
1823
7374
4345
3357
3277
317
1614
6288
978
6063
7458
6339
414
2004
1520
4177
7011
5963
3679
6336
2486
3545
1761
2140
1038
505
1268
6459
6799
137
6099
3139
205
1181
4409
3149
7408
3549
1868
829
3726
809
1097
440
1330
7246
7254
6
2620
3054
3521
2735
2645
2944
6770
4329
7035
3067
5112
4522
584
3641
179
149
6698
6149
4343
4049
4954
7224
5494
4349
740
1715
4800
4090
888
25
3130
1208
2386
6603
4330
4663
3768
3945
4202
7479
364
5924
415
2948
2500
2300
6393
1376
3550
1176
1350
6705
6915
1763
2548
7206
5652
1911
4373
517
4925
6303
1779
5534
5895
5271
6102
5408
4375
4185
2881
5074
2991
144
6917
6687
1450
6726
1257
186
2065
3393
5440
5244
3117
3789
4002
4655
4322
1982
1530
1350
2527
1891
6984
2234
2323
3127
5671
5822
5019
2553
5325
4070
5403
764
7018
1073
3199
1341
4916
1709
2816
2469
4725
658
5331
3386
7168
1257
1494
3936
567
4686
4423
356
2423
4307
7480
1768
1870
5920
2030
3078
7081
4207
7449
2701
3314
5662
6170
1872
4092
6104
2567
3272
2480
937
4926
3777
3190
2592
6781
1310
6936
342
932
2291
5227
7138
3193
5267
6597
5988
308
2798
4531
6130
4230
4826
7185
5697
2278
5045
7259
6023
191
137
2321
5366
3450
1948
5055
6212
5538
417
6075
117
1323
4864
6529
2473
128
6427
4649
1889
7251
935
5078
5884
6897
6722
7297
197
7238
207
5554
5239
2606
3759
7166
16
987
6965
324
2156
498
3062
6305
4310
4915
3536
1372
4587
2023
754
1966
136
3146
4231
7019
3304
5604
1236
5598
5297
1948
356
1568
3124
2833
5020
3039
4232
7199
4220
5254
6433
7180
396
3968
1944
4943
3644
686
3233
4364
3574
4589
1
2196
6383
2351
5798
1443
5142
7161
1226
7450
3007
349
5662
2761
1648
718
1634
3357
319
3358
4331
4177
6019
4395
4224
6515
1150
3751
5722
2847
5112
5180
2313
653
5077
3620
32
2064
2954
1841
5274
7197
217
604
5055
180
2512
772
1167
6454
5847
2910
5634
3359
5450
4683
4625
6862
4592
5687
2556
3609
1065
6367
3887
6118
5829
922
6835
3857
179
4051
6277
4060
999
7421
63
4456
3124
1738
2667
1715
995
3845
6589
1848
3659
869
3385
6380
5971
177
5978
6214
1806
5915
3353
4479
5342
5648
1244
1195
4220
4091
3190
5951
1108
4134
5087
6366
6703
3807
6245
5281
557
2161
5831
5974
1134
2126
5320
618
6632
1890
3216
3187
303
5427
3630
3572
7489
1239
2261
1936
1155
6581
2149
3913
170
6298
5771
3608
7496
5308
648
6900
135
4787
1914
1144
6859
5628
3607
4634
2260
4031
6482
2294
3771
7348
1968
5950
7110
328
6913
2839
3320
5180
3518
5690
36
2571
6147
4104
5352
2263
4870
1939
43
1732
4657
2267
6895
3607
3856
3059
4198
6884
5452
2960
3502
396
5204
3607
6488
2996
4180
6913
2411
4578
1922
6734
4778
6395
2627
7252
856
2689
5533
4273
4760
1512
7210
3280
2127
816
5662
1606
5829
1140
4868
5601
5634
7257
6637
3605
3027
490
1624
5340
642
6290
6534
5438
7021
6792
2809
4942
1781
6934
2096
4317
3264
3941
4569
567
7038
2146
4165
298
6079
1646
4128
2339
7352
1269
497
1663
6536
2803
4385
1783
7002
2892
5964
2849
2839
3665
2189
263
3683
5689
4742
3206
4849
3027
2347
615
2603
2360
1258
5439
5513
2687
6668
4248
7282
4347
139
2081
3584
6392
1019
177
5588
1195
2821
2264
3847
1109
5556
5385
1842
2897
413
570
2966
6419
4424
5705
2111
6714
4790
4224
142
4973
2239
241
4907
4769
7142
5097
6284
806
777
2454
4233
3707
6993
6558
6231
5127
6346
4057
2816
1804
6245
2375
6759
7269
2343
7491
4207
5228
3687
1
7354
1059
5707
2990
949
4103
1101
6904
281
441
2310
1499
2042
3089
6908
3227
2937
6975
281
4416
6668
864
7426
5028
11
2747
3668
1711
6226
2658
2070
4373
6017
178
346
5518
681
2853
2510
3004
4893
5535
46
4483
213
4816
4464
7264
7386
2333
2985
4004
6137
4422
3279
6934
3917
3343
4668
960
4471
1867
2350
6044
1521
2541
1643
2196
6570
4110
1492
5591
4740
4749
3156
978
3566
8
1430
5796
4981
939
3128
5080
322
1755
5825
3445
5053
3812
4366
1257
388
3450
2068
4769
574
6735
3513
5666
6923
6562
6244
490
7184
7119
6873
1248
5098
292
5676
5301
3875
842
3554
2421
6486
2249
4993
3050
4965
724
727
2825
2018
2979
5365
3181
1468
6844
4738
2371
3093
1480
631
4934
1391
6280
2200
6770
4062
5077
3002
7073
4976
475
5256
1270
602
5675
3331
7408
5015
6452
3141
3818
3576
1883
4292
6231
2241
1292
1699
3698
1546
4248
384
6478
7300
6765
2550
1311
1447
3843
7228
4268
3976
7384
3130
79
3212
2938
6078
1759
1939
6854
5228
4966
6027
5402
5142
447
3312
5655
1910
7196
340
2768
5903
5760
3971
7493
4307
283
6269
565
3255
2802
3595
5116
6939
3682
6908
4653
3937
3706
7409
1474
736
5052
1912
5461
4930
7179
2023
4593
7390
559
6169
5371
644
5936
3210
4567
3802
648
6562
2406
6550
329
1500
2548
5383
2496
5813
2674
3399
1511
273
7120
1607
4270
385
1360
2639
7494
2336
7015
7008
687
4796
2462
1434
592
3850
6868
2626
4194
4667
3837
4406
3982
7158
3909
6848
3203
5360
4542
3659
1422
3878
3085
3162
7486
4601
6276
4765
1300
1388
6540
739
2790
1892
1426
3317
193
6241
1968
129
7052
2094
2082
5191
2250
2553
2963
5867
1598
589
1098
1837
918
86
6295
506
3572
7061
2026
2375
1444
3997
5904
2829
6243
4510
5898
3817
2506
595
5515
6549
3056
1481
2183
2558
6218
1308
5546
5103
2364
6473
7455
97
1674
488
34
7233
4813
3872
5095
7299
2926
2248
2858
2269
6321
1753
7118
3877
5110
3053
3085
7439
5408
5514
4106
7283
4101
3498
5642
4917
1101
6918
1271
937
6259
4194
1934
376
3149
385
4238
6883
3381
2207
7170
2953
330
6255
7329
1504
6539
4059
623
4058
1354
1577
3814
1003
6640
6785
759
2931
1818
3069
4368
5424
5229
856
6509
2122
6930
3554
879
2159
3458
90
2249
3649
3905
2070
1336
5256
6146
4481
712
4331
2427
6328
450
1358
6452
692
1591
2593
4057
1531
362
3618
4253
3646
118
4902
195
5643
1804
615
5676
1448
5040
772
3925
6680
1373
2866
3008
5739
1899
1329
6441
4537
1551
56
452
6697
2815
5480
3021
5759
4953
4307
150
2260
354
2329
3561
4977
1556
5449
6269
3338
987
6127
368
4005
7130
6635
329
5440
3340
2425
6321
2048
283
2692
6394
1825
3112
3604
6564
3295
4844
3763
6529
2718
5938
5156
977
4555
1185
462
5451
3706
1311
3240
2715
2876
976
2398
6385
4486
3039
7035
2223
3044
7209
5745
6662
1934
5878
4272
5402
2348
1693
4792
1768
2509
5662
7437
3191
385
961
1749
2710
5784
3088
1774
137
4562
7237
998
3769
2029
4710
1221
5800
901
585
3011
1887
6613
1016
6111
7083
2440
3907
484
5631
2281
2281
4244
5410
2760
4037
589
355
6227
1404
7499
4046
7381
194
19
1878
6578
4108
2692
3704
5560
2578
7324
1812
4629
2953
1557
7441
6871
5089
4195
3973
1932
4543
7465
2997
3498
1880
2887
48
7442
2344
7207
3397
1600
6689
1348
4340
4138
1571
1543
812
6969
1115
5473
7485
2174
1446
4857
2325
7175
3071
6223
4263
5423
4506
824
3295
5496
2165
1483
1183
1243
6646
4139
3748
7110
4570
837
5710
1151
1309
7113
2495
6142
4407
6293
832
3972
7389
5520
5684
2768
842
3639
4854
1988
4474
5739
7235
1603
47
6258
4230
6468
5175
1349
236
6516
5693
6326
6408
2736
233
764
715
3969
697
16
4208
2470
5813
6480
3397
2532
2812
4730
5315
5854
3872
1664
2457
1882
2879
3056
3663
1496
587
4865
2334
6937
2025
481
6671
3220
2743
3529
7344
4455
6978
305
993
3825
2256
6758
3417
1419
5192
2831
4136
2003
712
6328
5053
641
7213
2016
4643
1994
5135
1283
5657
1870
2821
4571
5544
5768
2889
1676
4596
3031
232
7199
4870
6743
2646
4201
7397
5689
5647
5492
1532
1819
4674
4141
6668
1956
5448
138
5635
7370
137
4780
3424
1642
4298
6254
2367
1372
3363
323
5452
6504
4980
7203
4251
6447
641
4878
2018
7166
1275
2059
600
741
1015
2558
6965
4330
710
1703
4980
1526
5958
5417
6755
2683
4587
1553
6208
3244
4334
3131
3693
6575
3136
3287
5534
2245
6337
6783
3125
5204
3639
331
6655
1825
3463
5594
5606
4756
11
793
4284
86
6175
1792
2654
4157
4256
6992
709
2031
282
709
7402
1941
7014
5663
3860
7392
5859
2696
6722
4841
3103
1940
5216
7459
7434
6259
4984
1135
252
6097
6944
2746
1947
4576
3642
1466
5258
5810
4841
2503
5635
6884
3373
3973
454
2805
6684
2252
3606
5609
1849
2831
271
2013
519
7382
5035
1351
1979
4574
6772
903
6183
6428
3975
5613
7073
3485
3341
1114
311
656
566
4450
4116
2678
5718
691
6296
4959
1079
415
6931
6663
2417
3220
3902
1463
157
7396
1217
4462
4426
2496
6846
5881
2071
6936
3163
4863
2972
5921
5067
4384
5811
6928
3160
6181
5272
2861
2834
6700
2515
5457
3993
5058
3565
6361
2401
3947
6881
2891
2425
5438
4219
2726
7086
6195
1540
589
6815
6622
3859
2229
4452
6612
3079
4826
2208
5863
1780
6425
994
1908
993
5086
4103
1104
3555
4965
4503
4586
1040
2682
3883
3233
6702
5561
1752
4281
1695
6683
4297
3238
2553
3900
3252
2763
435
1404
4782
4118
5940
862
4657
2205
1210
4820
2036
3026
4449
1206
5692
2102
3329
3453
2034
3397
1662
6439
624
5830
292
2808
195
1694
271
523
4298
4571
2729
4131
3896
7331
206
1844
1024
227
6397
473
5164
1889
332
1386
6720
1566
6536
6268
702
3102
5470
7045
879
6105
375
4337
3185
4452
2101
1212
2283
4270
6401
1092
4772
6089
620
6690
263
3912
2747
5724
3002
3483
6500
7245
3540
7463
4317
3680
510
2380
2894
6604
1791
773
3121
5613
1182
1525
3090
7450
3414
5062
5973
7021
1010
464
518
552
2078
1204
2279
7365
61
4184
3497
7056
2323
2245
2965
5431
1556
5568
4519
995
7202
2943
4665
2725
7428
272
4864
4768
2950
2684
6977
4250
5117
4889
5672
484
1792
6727
795
551
6103
6323
1901
6856
5736
1927
366
6448
7387
3951
2955
3987
2372
4448
2645
5378
1015
2388
167
949
1739
2930
6730
1699
2210
2619
6061
2054
2072
979
4133
7356
6883
3813
1798
1811
7249
3053
7474
1739
3212
4419
6872
3425
6021
3986
2186
1110
2926
5947
628
5933
5630
3434
5387
7064
3939
4506
2031
250
4949
709
3143
3022
7405
1476
297
5732
236
7372
1178
2628
5623
4301
5395
1634
4617
1750
2887
1863
2352
7381
180
2405
6633
4801
5845
6554
2749
2880
2104
2620
5012
45
221
1134
1436
251
2073
5067
2149
5176
6972
6777
5021
2301
3632
3873
5578
6012
6806
3672
3072
5398
3404
587
636
460
2318
340
11
6369
468
1665
822
4036
5978
5380
7465
6337
4060
2960
2107
3931
3247
3984
2336
769
3410
3500
623
2202
3390
1484
3425
5189
6424
3145
560
7026
1750
356
6343
2534
7481
6097
2857
3866
308
390
6816
5110
1306
2517
3686
7445
6877
5489
1273
3216
6657
7289
4846
4719
4353
6758
3425
1912
1756
5631
3739
3779
7102
5945
1930
3568
3216
2219
1019
1593
1954
6877
6835
1383
215
7385
1012
390
2047
2681
4167
7120
1079
5445
1596
3224
374
2654
2798
5296
6695
4153
324
6725
3503
6323
7024
5554
1438
5704
3997
1815
5726
6930
2046
4191
1454
5503
495
2190
3891
5224
1775
453
6081
6175
3077
6323
296
1306
5815
5948
2551
2962
3504
2965
3065
2668
2926
2059
5555
5006
2674
1023
706
7421
2676
1557
2394
3620
5373
3627
6749
458
6414
4313
6470
5812
3800
6436
6367
1616
5032
3879
4331
315
2733
100
3250
5313
5756
1068
534
282
4311
2106
2839
7120
2451
2541
6647
6530
2598
5561
5804
2409
6761
3895
5688
4565
2195
3727
948
6931
5238
465
3251
956
2877
4165
144
3091
5566
6645
2613
4759
1604
2160
6152
7141
5608
2429
4955
5624
6585
3026
1884
4751
4493
2305
3795
3895
4285
3584
34
4407
7152
669
3477
3922
6874
1298
72
3443
1024
4134
3679
5647
410
3910
6789
2710
3682
3631
3806
1550
6128
2461
6880
5971
4072
666
7434
4323
6869
3720
2461
1015
4857
6890
5625
7326
1672
413
856
5685
1034
5724
2782
3573
4446
6458
5054
5241
1357
6550
720
4490
5204
6382
1355
2025
4019
2433
308
4290
5932
5809
2776
7034
3434
5334
2918
6232
5534
3020
6491
1256
5862
6121
365
6218
1538
4889
94
411
196
5771
7397
3942
1543
943
6122
1208
6240
5467
5833
3453
5122
565
5337
5236
7188
2908
81
4356
4757
4064
4725
4395
3162
942
5893
5497
1874
667
5688
6765
6706
3085
5356
3323
1521
2075
5898
1621
2167
3954
422
5119
5458
807
1194
232
1304
4206
5122
2509
797
4100
5917
6572
4221
4796
2748
6271
5723
2531
538
3344
6700
501
488
4444
3626
6973
2780
2522
1948
6518
6034
7119
6425
7438
6497
1353
71
7174
3491
369
3696
4253
781
1263
4625
6301
6317
6977
1865
2222
7090
2782
3308
4953
2760
1410
3395
7456
6510
5218
5290
6383
4226
3921
752
1000
4699
6527
4724
1549
279
1077
4347
5651
5086
951
4280
7108
2494
3757
4123
6942
2409
831
3027
282
2879
62
686
2707
5987
704
2219
722
5519
5298
1378
3729
4927
4214
4290
4930
2749
5667
3736
1898
5524
2438
7253
6479
4339
4060
4999
168
341
6825
3632
340
1980
4813
5990
6378
4798
324
4512
6373
6578
5480
4741
203
6825
4609
109
2735
1487
2699
5638
3252
2589
4582
5184
7072
6875
88
1426
7108
1382
695
6926
4392
6564
2146
2363
196
5573
1952
5801
2688
5950
5773
3408
1923
6827
4218
6722
5017
7226
5689
2153
5057
2449
3382
468
246
2289
459
51
6854
1044
3365
3311
4141
3237
7370
3854
127
2193
251
2144
257
3213
3550
6907
6836
6710
660
6569
2267
3533
308
7303
1822
3168
2147
1095
3733
5649
5689
1030
1893
173
1170
675
4806
5662
6544
4494
2022
3568
817
7191
3269
3154
6680
328
4888
2410
3521
2200
6052
1195
3051
1577
6446
3551
4909
2863
5885
2032
3368
4299
3403
7379
6613
770
1750
6286
5006
1412
2454
6484
2373
892
824
2422
3204
606
217
4767
5820
779
4199
5149
709
7499
3870
5040
229
1205
2242
3279
2353
5047
4278
6343
6671
7131
6593
4540
4948
6679
5891
3132
4045
5832
34
7311
4209
2798
1813
1485
1913
3804
5112
2277
1714
6756
2814
4394
4650
7196
330
4945
6542
518
661
3691
1041
4824
3262
4460
3309
3974
392
5435
5032
6764
6102
2090
3930
6382
406
1781
744
1730
99
5342
6607
6456
5293
5895
4613
2159
2557
1076
1786
489
1973
5797
3112
1170
711
4679
1912
3841
3099
4836
5683
5372
5344
1302
6498
2928
6367
5831
2919
4696
720
6516
4323
1837
2368
4491
4160
970
5848
4578
5355
6833
5975
2136