461
8322
8536
1432
1154
6246
1476
343
342
2175
8570
4227
7738
6391
222
5834
2491
8912
7028
4839
5883
3174
1352
8508
5977
3118
9316
8076
5100
1585
8819
736
500
2288
1134
7215
7170
6588
9223
4038
3320
2114
930
7145
3590
3011
7633
3564
4680
3056
3975
429
1121
5523
5664
7550
4403
5305
6927
3832
3900
8032
938
5513
6211
7405
7049
660
5476
3448
3814
1857
8070
4910
1567
4375
459
7154
8855
8215
4229
8833
2696
6487
8314
5638
5725
4975
3022
436
5469
4101
1247
3908
1501
3061
942
2840
535
3065
7247
1645
257
6165
464
6742
6915
5590
3957
278
4056
7800
9389
3138
1397
7921
4417
4917
5803
9082
7899
5249
7524
8542
3933
2355
9065
8061
513
6141
7690
3650
5940
6247
7616
3839
8344
6161
4997
7803
4681
7789
7252
8877
8493
5603
4436
5088
6887
6039
9162
2072
575
2833
3675
1677
1410
9014
2584
6486
1101
1529
6838
8963
75
3774
6704
6009
6206
1884
1880
1818
6215
2057
4376
6713
77
7789
6678
4369
4117
1330
9334
4335
8708
3265
6877
622
3030
2144
4671
4970
4873
3463
5222
3406
2120
362
111
4101
2716
1728
4197
2201
4937
8694
4452
3180
4523
9327
2992
5108
2751
883
8882
1344
927
4685
4156
3405
8848
1878
6945
2685
9153
9251
6089
9154
63
9023
8817
4856
2531
2262
6974
4944
3965
4075
5339
4622
2986
1513
1668
1206
5594
4744
721
7636
4809
2120
407
983
1934
7364
3555
5240
6531
7544
2328
1642
1843
7311
6138
7122
730
9346
8687
6581
939
8456
7434
3564
362
9148
8856
6168
4690
8440
588
2578
1074
6032
7099
3135
1614
1761
7348
7703
8774
8362
3898
4520
242
2375
899
7233
6648
6793
4829
6992
3756
7820
1793
4213
9148
3320
4351
1788
8059
6032
4056
921
3041
9336
6140
5724
2002
8400
1942
3506
1208
6003
5324
6400
9194
8268
212
6694
4499
215
6778
1450
8626
6401
4837
2790
4854
4017
7804
107
4335
3187
5301
8872
6238
2134
2692
4448
1135
6853
7733
4533
9200
2422
2350
7503
700
5410
8481
9255
3780
5058
8769
2381
3594
7167
2298
7605
7491
4043
8185
3325
2058
7993
4979
8841
2992
3337
7377
1372
4425
1309
5483
4905
1970
4678
4928
9309
8452
7393
997
9054
2866
2217
7048
3408
2551
8114
2247
1054
8919
6101
6472
94
5052
6188
1326
9273
2104
8659
1375
8889
2335
3517
686
4239
1869
9223
5077
2314
7041
8421
3265
158
7115
6685
3510
3904
1670
6538
3947
3384
8549
3205
4965
8043
4028
7517
7440
6490
2142
2537
6692
2234
5904
5243
3132
8312
322
4528
5102
6586
2564
5794
3887
8802
4299
5795
2621
6407
238
5378
8476
6641
5067
3063
5073
3013
3840
9002
1756
8601
4370
1720
2611
7169
4860
3027
8615
7358
3412
1981
5163
1398
7935
1952
3897
1972
7307
4597
3253
1295
1938
3828
6606
3152
6536
4858
971
4705
896
5133
261
5120
2799
6805
1665
8480
5366
871
5670
7125
7481
7188
1833
4312
4088
1441
7233
8890
5827
3580
3330
4144
8059
5756
6647
3986
4828
7398
8696
2716
1214
703
5500
3692
271
4705
6082
6159
1760
3767
723
6033
3061
4318
337
8808
1839
9209
8277
5559
5619
951
5420
3165
8589
8307
1701
243
2910
3182
5991
5348
5862
5587
157
9333
5526
6740
4108
1072
2456
3337
8104
8650
5907
2096
2249
431
6143
7304
7767
5912
2273
5429
2319
7570
8562
4302
7003
4662
560
5077
9034
238
8602
1532
5876
6929
8047
6552
819
3965
1682
926
1742
7338
1962
8481
5549
9267
1633
9037
6286
3255
5273
1350
8831
6043
3525
5400
4387
337
7135
3265
5948
4128
6135
1394
5651
6884
513
585
8519
8928
7462
2300
2879
4227
3899
4822
3952
1119
6816
9307
5541
8900
1065
4685
4000
3768
223
2246
3954
7355
3021
7718
769
7828
3845
8695
937
4715
2165
3511
201
279
956
212
4908
5946
4782
7430
6927
3220
305
6437
4286
2547
5345
5493
6291
99
4918
7232
7490
3025
5610
3704
6793
9161
579
8164
8973
3183
8710
3622
3798
3466
5418
4594
7768
875
7149
3580
1676
8999
8809
8368
7550
466
2977
6158
1898
7882
5972
4800
3539
3642
6567
5818
7178
3675
5277
5017
2192
5040
7580
8849
6753
8191
6524
6902
2287
3308
6726
4498
1356
3007
3243
5303
8363
2440
3012
6459
7622
5014
7439
7657
119
3405
5880
2980
5279
4813
4775
4686
2036
4108
9173
6337
2650
9374
868
4192
667
6905
3829
6916
3276
9108
4571
1089
5146
6521
4634
307
2313
3841
2687
5828
6173
7220
5427
3742
279
1793
5999
5575
8362
2921
1714
7145
3486
5101
7683
6829
8235
7673
584
7523
2933
6425
5997
7838
205
7795
6734
8266
3086
2949
6745
8038
7578
5790
939
1539
2367
2658
8853
5836
3839
6259
8854
4938
9315
8698
6017
4987
7965
2288
7974
814
953
4703
666
1567
3879
8136
1094
2456
718
4461
8705
398
7431
2036
3558
329
6413
3446
5415
3241
315
526
3019
232
6878
2948
8941
294
9132
2784
4690
5223
2828
9083
4480
7383
8756
5213
6930
3575
210
6665
6923
1279
870
7614
6258
3943
617
291
6268
3174
3969
3813
1007
9249
6323
3992
6539
4977
7691
4674
5009
2573
7943
7001
3960
3228
2999
3802
2803
3681
5361
8679
1129
5256
3560
2588
467
6662
3500
4101
3804
9315
5208
458
9037
8479
3654
1928
5987
5791
533
8805
7058
6851
2245
8685
1060
8820
7101
5851
3763
5080
8692
298
910
357
7726
3067
297
1555
8825
1808
5285
7872
2
5459
3404
9304
7187
8108
6237
1678
8797
7500
7547
7736
4856
6318
3754
8449
6380
570
2099
4211
2046
3248
6305
5385
2618
2916
497
7225
4486
2007
2711
8603
1224
6952
5365
1074
7776
7073
3511
5537
7949
2666
9134
4436
1556
6963
4799
8635
6632
4152
983
951
6265
8730
3783
8327
2432
326
1601
4094
1777
3476
112
1119
7774
5454
5762
1073
3557
8044
5354
1155
8454
3316
7372
4930
4908
2707
2183
3598
9195
3382
1295
5116
5989
4072
7349
5687
1909
2351
1733
2963
3216
5724
950
7988
3837
7960
8011
7737
5372
9309
4257
7707
2534
1985
5198
1202
4700
1366
1078
2911
9255
8471
6660
5762
7681
5364
3664
482
4032
4114
6553
2187
4710
5871
8962
5940
2135
4126
4084
3398
8514
4508
4611
2900
7347
9159
484
9271
288
8720
4704
6404
1754
4812
2325
676
5224
1131
1238
3905
7712
3463
4261
1542
6091
3730
7332
4058
4146
1580
4858
4993
8464
7062
6378
3204
3209
3106
2972
2143
4805
2404
6322
2471
7819
4266
1898
3993
8609
8776
5697
6858
7494
2485
3933
7355
3505
5881
8852
4794
8105
2377
2687
7647
6676
140
1971
2293
7114
7014
7321
807
2577
4828
1348
8068
2820
9119
7517
776
4825
6579
5951
5430
4929
6849
5658
3695
7850
9351
1595
7374
2412
1297
8047
8924
1585
8926
4889
5413
8010
4583
4973
4732
2961
8621
8455
6867
7958
8014
4673
5291
6956
1043
1604
8064
4868
5645
5440
9057
9324
1415
9172
791
3103
3963
8241
1501
5537
4318
7665
2392
263
8936
2459
8456
6974
2198
2398
1496
2334
3190
2696
1779
1545
6000
7347
3843
1616
4378
6370
167
3898
1822
812
1682
7447
7465
2007
2686
1195
27
3668
4048
7934
82
5350
9295
8894
4292
5995
9262
411
3082
4218
6197
8932
6449
7011
2773
7491
1194
8878
4604
7740
7588
3764
5462
449
9058
3371
1279
5345
5801
4774
1329
7218
5149
7396
7123
244
4607
1414
4976
4064
8920
2415
7964
7395
3241
2920
6612
2098
7362
1575
3752
4384
9307
1390
6532
4312
860
3155
521
2493
7001
4815
4523
78
3023
6915
2703
7148
9099
8362
5119
79
5516
6904
2102
7008
2047
2185
6639
2605
9152
5120
4568
8145
8653
7803
4787
8808
2535
2214
725
3906
2645
388
4975
8313
8438
1421
1847
9241
7704
8968
3535
6802
9165
459
4360
2218
5578
7942
3389
6971
7768
3679
2730
549
2908
2801
3219
7627
3729
5872
3888
5670
7285
5764
8694
7623
4565
903
711
9217
7544
6560
2430
1520
3698
5697
418
3494
5301
6570
4771
5603
6286
9218
2720
7807
7832
571
6711
950
8269
7303
4287
8603
2675
8383
2163
7638
1426
6397
679
8638
693
4069
1933
3831
1148
1673
1020
1717
1496
3813
2834
563
4224
5350
371
8440
6186
5680
6052
2120
843
4218
5566
4544
1139
6117
9208
5642
6481
2672
5299
3824
1755
4925
2024
802
516
4357
5563
9197
1159
8890
4758
7600
9137
4599
3655
1330
5692
8106
8711
1092
7687
3855
8568
9021
4547
1047
8895
9122
2658
4568
3720
178
7572
2883
3211
2308
8355
4943
3460
7467
5354
6531
3291
1792
5855
4762
6407
625
8977
2895
5896
7202
3151
8031
6401
5869
3166
5407
6721
5263
5290
6240
718
8030
3846
6500
5914
2214
6561
3785
7863
8352
4423
1601
1993
8609
3710
5162
611
4668
1005
1534
8892
8562
1979
5667
5584
7118
2089
2500
5807
1387
7072
2995
8446
602
8128
5942
3955
4350
4377
6659
442
3300
5604
8787
3709
7289
119
8657
3005
2149
209
2441
3069
4886
5560
4924
1786
1602
412
6742
6209
5176
3034
784
8437
2711
5221
9081
8261
5671
8386
4292
8393
1525
917
8663
302
7747
6576
3364
231
8533
6167
1396
7706
3948
1327
4884
5116
1484
5493
8397
4115
9097
4313
4739
8434
1898
7043
8057
2329
890
8225
8133
5093
3205
3684
6087
4799
2938
8999
5198
7115
8094
4999
8488
1670
8378
485
2998
4051
6422
2095
3211
8900
9394
2583
4673
3324
5810
7588
7784
9213
6154
7715
4202
8874
5800
527
6570
7073
1962
7509
5148
5659
4200
4484
8988
8719
7157
7178
2031
5823
8691
7462
5882
5123
8167
7978
2289
6475
898
3882
1752
7615
6656
8904
1674
6550
4618
2445
1166
7019
4671
3671
2197
5879
2104
6657
5823
5599
6461
6976
1787
2808
4246
184
2143
5073
752
123
17
2140
5888
4602
5900
5240
4869
3021
6442
2892
6484
4636
1045
7640
3036
2580
2540
2436
1611
9360
5548
4618
2109
6169
9341
4377
3523
5085
3028
9301
84
875
8665
7028
8974
5362
1734
105
3830
7378
3831
2879
5173
4295
5847
2883
6844
4898
1077
2277
6212
5472
844
2330
1807
4383
1783
5534
6009
8946
2883
5263
7250
8051
543
4925
6758
7245
8836
8959
1667
4677
4517
3636
8160
3784
3896
2663
4639
5258
2561
2745
5921
8918
4847
4572
6357
8089
5450
1988
6989
9318
6152
8804
2545
2977
8753
8090
7552
3065
9324
6392
3725
3282
5905
6953
8220
2809
5889
4228
293
1892
8389
1886
4687
2224
4196
713
4268
2623
7316
3932
3598
6453
7591
7913
8338
2494
2795
8936
619
3059
8146
9151
942
2763
5336
3754
8128
7336
685
2922
4912
1968
51
1608
8221
7675
9033
2421
4846
6040
8599
1735
815
471
5813
3440
8808
1024
1168
3576
1623
2880
8912
8928
295
8364
1152
9038
1883
9190
5487
939
9068
8545
5063
9050
4978
1031
3840
3720
5889
2895
8065
8765
5425
7679
8991
9222
4430
7016
8785
6947
3298
4473
7713
4638
5366
4845
4382
8750
8598
3070
4353
3387
8230
114
6322
2011
2294
4273
5597
629
6396
2354
836
5844
4026
6602
8377
1769
2579
5333
2691
8714
3819
3049
8409
4272
3932
5226
7623
5093
589
8620
8595
4090
1171
7697
162
9124
7800
767
3368
2176
7680
278
8553
2944
1712
4103
3199
1242
2241
3375
5178
3300
4312
3985
2590
7342
1653
559
5245
7252
1689
3533
2484
1136
6552
5535
6624
4689
5102
4107
6800
235
6566
6972
9330
1089
8236
694
6698
1669
5683
8284
9129
360
8173
188
6902
8791
6263
9240
911
8694
7954
5690
8968
7735
8324
8726
4140
7681
358
1696
990
2780
2007
8779
855
5554
9041
8508
6130
4778
3011
5629
6637
4437
2416
4241
8272
1071
242
9072
5353
3445
8609
5375
3328
680
483
1546
1549
5442
209
2811
1219
253
763
9269
4259
8651
4777
6255
1595
3851
5864
2990
1317
1644
9165
4955
838
7203
7195
5671
3262
6811
6503
8663
7482
7666
8875
5437
8938
167
5550
1903
91
5275
2540
6582
5041
101
5799
2348
625
4780
1942
1198
9177
6066
3392
3418
3560
7574
9076
6816
3516
7170
6413
1560
8864
2813
6122
928
5608
4812
7549
4654
4091
5537
4929
76
1674
4897
9233
864
135
4960
7291
3668
251
4048
7993
3118
1899
9263
8842
9100
3408
3844
8365
7715
8192
1326
1562
4545
326
1587
8844
488
4958
5183
7269
7089
2746
3969
6536
1497
1407
3505
5213
112
7231
2426
3545
437
555
4650
8112
3229
222
6507
8284
6234
9122
313
6587
574
1436
2750
1020
5040
6744
3236
5720
2829
3723
6926
7906
8609
5626
6507
5052
8116
7306
1689
516
1130
6100
2946
3403
4559
8258
1290
4031
4999
678
135
1445
9281
4694
4109
5189
347
5582
7129
4502
2984
3819
8182
1938
6232
8364
2650
8908
8385
212
2443
2227
8231
751
5398
5196
3417
3381
5051
5312
4281
5784
7571
5847
3741
6135
490
8683
4647
7277
421
7872
8355
4422
4859
4913
1534
4001
686
3635
5067
6584
4611
258
2513
3810
2702
8184
1753
2912
4206
3741
9174
5042
937
193
680
7354
3683
266
8757
9174
7321
8111
4340
6856
2187
4043
3545
4894
511
5815
2708
7415
899
1945
3822
4805
8866
3007
8963
6819
7815
8333
1536
7811
5462
3701
3892
7475
862
2970
3143
2905
805
8456
5745
8398
1738
2995
9158
1977
7217
1915
7633
5340
81
8004
8774
1293
4709
4455
8314
4354
7528
8646
6886
8037
7736
4387
3850
6747
8981
8543
2104
964
8988
5521
1263
5371
5737
4496
1004
7440
5378
457
4166
7621
1709
310
4260
4715
2920
1020
3337
832
4528
8977
8348
3866
2079
1354
8042
4319
7382
714
8637
4125
6158
6202
1670
5841
7342
2974
4053
5672
2333
4010
4497
3104
2387
404
7290
6078
4114
6429
233
6264
2772
6607
7195
1293
6042
2038
3860
3871
5662
6324
7768
7179
2689
1237
4347
7459
292
4170
7170
2973
8698
6121
1736
1511
5541
4338
6197
5666
6070
6199
1318
4475
5371
827
8726
3346
8520
7449
3693
6780
8098
3639
159
670
5776
5768
3723
5678
351
7682
8220
4293
3706
8620
1183
4307
3470
260
9199
5670
7470
1930
8145
4696
7896
7724
5375
5206
8869
6780
3330
511
7486
2311
8372
7428
1211
8718
8599
5166
6057
7494
8931
3730
3874
6303
1202
2257
9214
476
3949
4198
19
1419
1918
8345
5635
659
3550
720
7535
6167
6720
2413
8695
5591
452
8158
1413
7241
1913
6918
2295
5548
3409
2990
639
714
6796
8394
7925
4078
6338
7959
6337
5469
9014
8198
6059
7991
873
5702
5999
4458
95
5785
3715
2309
2009
7518
2014
7984
1697
8543
3588
6319
7715
6179
1666
8441
37
1092
6686
2611
3826
6442
7689
1645
8318
4454
8186
5818
7295
1767
2363
7735
7525
5212
8391
5873
8035
3370
3744
7096
1111
9054
1197
2810
8339
6858
4811
1446
8478
6817
5547
4179
3994
2389
6100
2089
2947
4979
7081
9272
1713
97
3539
1257
7001
8242
6072
4715
525
2521
1509
7006
1589
8656
2418
8212
2537
6173
341
696
7272
1879
9113
8873
2709
611
5466
5700
4893
6739
6052
3489
973
6018
6794
1574
8229
3202
1952
8579
6577
6414
4394
1874
4029
4368
4023
4222
2770
3518
1756
1259
828
8257
536
8002
7198
6516
5649
4750
2552
8071
2648
5220
6122
182
2063
7899
8295
7311
3818
7331
1011
416
1122
3369
6453
4863
3960
7452
2848
8331
4578
7268
6586
2813
2884
3397
1078
4185
2697
4578
7300
5887
557
804
3419
6747
3684
1915
1146
3442
4054
1521
6126
2981
8098
5372
5112
7399
6496
1651
7521
2153
4663
4422
7009
5943
5731
9105
6264
8303
6353
1349
5886
6178
7450
3715
5001
9295
1522
4306
7451
7016
7723
1633
1621
5471
6355
7600
1499
5683
8951
8353
6541
4233
1846
7542
632
7695
4564
6740
7925
3525
7186
8704
5843
3134
8628
850
1742
1848
2699
8997
2762
4975
2080
4763
5390
1314
5816
7096
4005
5510
7046
8139
3028
3325
4136
4423
3282
1819
4282
5911
8097
6561
7975
7081
7758
2039
4909
1367
1623
4718
5835
9299
7096
2623
287
2300
1488
4784
1366
4641
6524
6019
1652
5951
8331
3338
763
3980
1060
7464
6682
4323
8698
7524
2496
8190
4669
4183
6775
3490
4291
4814
993
3271
1605
1784
733
3432
4456
4661
6749
3285
5386
3456
2107
6473
3791
459
5852
5847
2917
2622
6794
6771
3916
5143
2685
3505
160
5169
8132
2241
5127
4193
1097
8092
6349
7619
579
9004
8307
5408
2297
4479
3495
4380
8470
2353
651
7906
4803
6963
7774
6000
5612
7932
1572
8482
6666
6376
6245
9335
7388
8296
5966
6910
8094
8333
9099
828
848
3181
3302
2879
8748
577
190
9057
3398
157
6298
4525
2336
847
7537
3815
1635
4397
6665
3954
6209
2193
4924
7902
3664
2902
7181
3096
7214
476
8510
1398
3969
4694
4303
3016
2181
7151
5670
1723
7130
3518
3814
6695
1993
8517
1098
4711
1959
1991
6649
7815
7787
5346
8638
2780
8827
217
3833
3950
9144
3534
7182
7774
373
6003
8313
8446
6101
7405
4453
8145
5230
3929
7320
4031
7149
5593
6637
5336
7541
600
7830
7366
6147
7254
8798
8643
8803
4737
6617
6602
8412
593
6471
1682
1925
8364
8559
7623
5363
6176
1907
8641
6251
8603
669
8214
218
1810
6673
1175
565
727
50
1778
3323
1646
1430
1369
8418
7330
5969
8532
3379
3925
4449
1544
452
9237
4912
3245
438
8189
7233
2734
6600
5797
3012
9187
5933
7462
5296
5908
8049
8613
6825
2851
7737
5887
8496
2046
6164
4856
2897
1936
5279
8377
38
3624
1191
3948
4071
7456
9257
6419
4569
3211
2521
4581
7765
1810
375
5711
3646
5801
1294
3527
3291
5016
3253
8306
1762
5099
4468
7141
8214
5946
3060
2738
414
5916
6151
3222
8615
796
7615
7144
398
731
8691
2542
5461
3796
1509
5254
4706
8996
7335
1270
4659
5702
3074
5339
78
8759
657
1767
5885
8408
3456
1874
5362
8410
1518
3723
851
6583
648
8245
6285
191
6477
6101
8611
8337
3525
3563
6043
1911
304
5051
2558
2153
4615
8385
9002
840
5782
7795
6324
1895
7875
7079
3830
2661
7888
9133
4214
8699
7733
7638
5935
6774
2626
3775
8728
8259
8031
2032
1842
7863
5138
2841
1648
3765
5967
4515
2345
4644
8629
7874
7551
5893
553
561
4024
4619
2544
7968
8751
3850
8671
2691
3147
6120
7862
4043
4194
7925
1662
3285
1794
4022
2387
2741
4909
1044
6028
7524
278
3507
2395
2108
9208
3292
8163
9101
2300
4912
5575
8129
2776
6206
7754
625
6149
5359
6328
2945
6825
785
4078
1207
228
4794
2292
1338
2631
2216
1143
3839
1432
9248
5497
1837
4274
4533
1590
7733
610
8856
3680
7320
3006
7256
7424
9010
9255
1125
8767
7756
1557
4810
3535
2731
3701
2903
2860
6118
787
4535
648
3877
8446
3471
3049
1069
7345
1432
6171
1404
3510
4568
3223
7591
3318
5085
5068
3358
6930
6989
2713
7631
219
493
7426
6826
5379
6406
9042
1384
6166
1944
1956
458
8887
5633
1231
4393
7750
7925
3522
5254
7052
4101
9352
1316
2725
4046
8532
1177
7224
1208
4928
4001
9314
7023
3363
425
691
572
316
275
5667
337
2643
5443
8763
3386
4408
5188
1922
6337
8411
2584
1162
1266
1175
926
4993
8228
1958
7277
5921
56
5647
5582
3363
9389
4595
2924
2222
780
2131
7201
4167
4601
8080
5727
8807
3768
5181
6401
5803
2929
8111
6997
8226
3572
8225
7438
3797
6799
4611
800
2824
4700
2530
8891
2061
9045
4009
2230
5733
7798
705
7286
1312
7855
5708
4684
9319
5350
8099
5635
1933
4046
4561
4898
6653
6872
8600
7384
7450
5197
5269
647
1154
1994
3603
8938
4722
6296
2966
7717
8204
506
7609
7982
2185
5727
8579
5119
3092
5096
9340
5441
8652
3516
7734
1632
8357
3367
2180
8782
6675
3015
6823
619
6491
1601
605
4424
8151
293
3922
72
8962
418
6967
2403
9299
3192
7001
933
2656
552
1024
3763
3067
9224
723
1316
3184
6785
6453
2714
4289
950
3886
872
496
4398
9299
3731
1388
1875
6628
3144
2673
3905
6920
6471
8748
31
2099
4496
2102
7026
8060
4151
4954
3173
1320
693
857
5084
9300
9287
4802
1905
5733
2741
187
7498
8831
370
2082
3205
8112
1641
2709
9279
1188
869
1274
5364
8342
3901
7486
5762
3788
8756
8538
6713
1687
2293
342
5393
5397
7546
2079
1141
1729
7160
6068
644
4823
4562
2099
4583
9000
7263
958
6605
203
4715
3151
7260
5016
6919
4175
3321
6048
8685
5598
4873
7401
359
3884
7576
5843
8153
1369
4952
1869
5332
5683
4285
7809
2822
9314
8290
499
3243
29
5720
1385
2805
7674
6805
1303
6766
5734
5101
605
3369
5219
6553
7495
9012
3716
2265
8469
8802
6906
6293
1608
8298
3818
1382
6259
8486
3926
4655
7132
3999
4786
321
7753
8306
2863
2371
6913
969
3077
4368
5022
8291
7047
5301
6646
5258
6633
7381
7805
3407
3595
4192
4937
9327
3829
2337
6209
8643
8749
8416
8750
781
7699
2645
754
3239
49
138
7904
2815
6791
6189
2979
6849
2813
2324
6425
693
5632
4939
3423
4177
3341
6237
996
8643
5257
6123
6781
7032
7820
1064
3131
830
8510
8978
8615
1918
2
2694
580
4690
6314
370
1234
2777
2423
2524
9058
5702
6482
9265
9065
6124
226
6558
5047
3046
2934
5116
4943
415
4073
8519
6078
2300
8694
7638
8746
6972
8628
6168
8943
288
4577
4042
6574
4205
1675
8484
3156
2501
8839
2234
2059
4895
4671
4656
5835
3170
7234
5955
1509
8314
3946
3822
1388
7720
6009
5770
6256
4640
1538
3891
6182
3148
735
2565
5357
5069
5927
8376
2739
4591
1218
6348
3255
5440
6634
1772
6947
71
8504
2326
8326
6247
1625
5730
4509
3760
9158
2123
197
5915
7557
374
5120
976
849
8869
9347
7161
6591
6411
5700
992
7699
4454
9090
3803
7489
4672
7205
5815
5692
1062
3540
1251
7857
7942
606
7560
3445
6838
4288
3359
3789
8478
2468
705
3961
7845
7594
5980
2501
1161
1031
4398
6234
7383
402
6631
2448
8552
839
5787
4776
6112
4745
4768
6851
3110
2774
6763
1170
3882
7515
2396
4264
8943
8907
9069
4309
7060
2840
5760
72
6461
2393
4060
3239
1774
4657
1889
863
5021
5785
6161
7935
2571
945
6561
6041
8287
299
2764
4664
195
3769
8258
337
1185
4683
4382
3007
1969
5801
3444
8210
166
8593
2034
5008
960
2517
4948
322
9329
4481
8365
3766
5905
6701
7373
4262
7603
9230
4349
7890
1176
9393
3953
7369
2915
8433
6508
5418
6966
7458
5236
5525
2017
1731
7879
6277
5284
9232
4635
8530
5398
8972
2607
5478
1916
5208
1970
5800
9265
1980
3270
3607
5780
8538
8270
6948
9272
6197
1190
4318
3770
3473
1851
4120
6388
5154
3116
8757
6768
1595
8689
5824
2992
8536
4127
4222
5262
4134
3616
6985
6357
4832
5688
7645
1820
6088
3805
7184
9282
2123
8239
1604
6287
7379
8120
7284
4894
2033
1163
8667
479
8879
7011
2833
2939
556
3923
8678
6380
7751
5
5815
2534
7780
7946
975
8524
7637
5834
124
8872
7239
328
6050
2346
8965
8195
2705
2184
7630
1954
6802
7253
6534
4560
4316
4579
4202
6071
8435
4107
344
8169
4698
4266
2475
9174
6774
4428
1143
4996
6798
6669
5381
4090
6498
5490
6915
3802
8289
1062
5101
6555
2036
2764
2524
5353
4594
3709
5252
3124
5583
7554
5037
4973
1669
3932
8388
5514
8268
1197
9156
5680
8694
8642
9039
3995
6959
7978
6518
4097
6000
314
4700
3907
6370
2277
3680
7719
6413
2228
873
496
5314
6643
4449
4178
1490
9299
3758
4151
7458
6490
253
8894
3035
4991
5559
1515
1723
735
5851
753
5848
4660
7323
7127
3300
5113
2983
6514
3086
2244
543
6639
7759
9362
1556
9268
2715
5046
3270
3703
1433
7698
1531
4302
72
2975
2956
1665
6970
7018
2627
32
6133
5200
2769
5244
1795
275
1457
2936
9212
6333
276
3883
3985
5388
3961
9176
4953
2562
5991
3001
1739
2716
8229
4126
1963
4096
2156
7154
7814
7745
1754
1328
5814
1754
7269
5225
7502
471
828
7816
4168
4318
1403
3554
3409
4987
7026
5947
8837
8654
7831
7647
6870
4850
8489
5000
8721
5900
2562
7339
2822
8274
5109
2348
3987
3439
6760
5809
4892
6579
6659
6526
8146
8773
4540
5785
1797
8460
2516
4785
5518
2982
1528
2184
380
3465
2088
3364
7753
7909
201
9167
5521
1032
3362
8097
8741
6360
5952
6209
643
713
863
3922
4740
8322
4992
8187
7546
596
1787
4049
7855
2571
4809
8486
5448
4590
8887
6832
8448
4494
4300
5576
2247
2566
4538
8570
7223
7365
884
2148
4162
4642
89
3447
3909
9386
7435
6969
7256
6100
3328
3353
1454
9046
3679
5174
834
7162
7964
2562
3298
899
9179
6579
6328
3796
8679
7558
3970
3776
5542
4429
4828
619
1537
8343
8011
3748
4303
2121
4177
3072
7987
7249
666
6984
8075
5168
7188
5989
1508
3168
4671
2327
7048
2558
4
8372
6361
1885
2235
956
8489
4909
1202
8635
6443
4328
8269
207
8384
814
5993
6321
5385
2396
9165
7097
5747
2666
8800
7244
1668
8859
7078
8611
2737
8498
87
3237
1761
7253
7687
3076
8227
3777
2084
8828
6265
5978
2264
1868
1448
5177
7685
6489
6389
6438
8393
7528
2204
2074
2681
1454
2032
16
8264
1458
2179
3011
3843
4292
1479
6444
7615
4709
4957
1946
6346
5983
3010
9014
323
7170
591
7232
2258
4082
6184
8672
7575
721
4865
3474
4978
8902
2932
5531
4603
4038
965
5890
1421
2580
2237
8122
7932
1783
4066
7949
5367
4054
6250
3627
1417
6078
585
8206
7540
8252
8164
3757
3113
95
3154
6065
6507
1330
1729
5901
4346
684
4959
3565
6209
4246
6606
3228
8676
7446
4920
9020
323
2935
7161
7294
8343
2252
3368
6097
6229
7325
8067
4984
5959
2078
2906
4941
6825
2077
4215
1156
279
8210
7799
5815
6754
8010
3354
5078
8879
6956
5318
1600
2305
3974
3623
9319
8143
5311
4701
6711
5786
270
2254
334
8361
5711
6035
6353
548
3590
4076
2181
8072
2861
8114
3615
1134
746
5298
9111
8652
3941
168
1523
6535
9234
568
7052
4382
1697
1797
1390
3656
7572
4441
2778
4062
382
6776
4072
5540
1501
4367
9352
3779
6222
2511
4294
8086
8399
8260
4064
2321
7676
7636
8147
7747
6443
1528
1074
3008
4658
712
4632
3364
1099
1069
567
2873
7151
2445
4728
4289
5253
2514
669
6315
5601
1721
8213
4469
8446
370
8638
6473
4850
6329
4569
5397
2652
6528
2454
6947
187
8444
370
6116
1646
4284
5400
6905
5970
5015
8164
5056
6172
5581
7246
1802
5155
7785
2858
4327
5613
6424
5282
2609
2145
8451
4055
5950
4496
4839
7528
4126
7366
599
5528
2264
3243
1664
8981
5397
8154
593
6554
7937
6448
2186
7736
4907
8325
536
9090
2533
6405
8637
7066
2418
7206
3161
2124
9266
3390
6434
618
1946
6479
4748
7607
25
3617
6339
3922
5623
6285
2899
7333
6975
69
7657
1543
9205
6225
851
8765
4428
1931
240
2544
869
4877
1522
319
8036
4635
1340
359
2788
5669
4097
5255
9176
4366
1146
6810
3918
8819
6637
8444
7877
7616
8134
3803
8118
9080
3773
3551
5875
7893
351
4062
4892
1625
6374
723
8265
8229
4533
6429
488
6529
9192
853
7672
5739
9261
3326
6970
4738
439
5080
4075
3913
3530
7802
3520
545
8186
6773
2569
8260
6485
3216
3665
4160
7311
3326
5662
2868
3733
4450
1472
4972
1609
6398
2222
6939
481
9091
2088
924
9055
4930
3836
9334
5082
9141
6072
2814
7944
101
9044
1783
4306
5228
913
3430
4155
281
7873
3243
4837
3798
1302
9286
8513
940
4902
8592
8351
1952
4689
7706
8177
4170
3305
6207
4781
6175
4412
5099
9110
169
4926
5652
6171
209
1149
1508
8848
8747
3918
3397
865
8008
6231
2783
4313
2307
4490
722
2905
7924
925
4290
5690
8398
5232
1423
7754
6094
756
3097
6758
9204
8518
5390
6246
7783
2633
26
8798
1206
6997
3376
9382
2942
6299
6309
5807
9065
1676
1620
5305
4548
3112
2546
9008
7577
6448
4737
7023
5438
4067
4043
4855
8360
6049
6700
2641
6221
1627
678
4553
1184
5008
431
6765
4853
8319
8244
4465
7208
5484
1330
7606
1213
4721
9236
6341
6722
3324
5472
5185
2063
6869
1563
3868
1677
8948
2966
2351
7590
5695
8221
3171
6081
3513
2736
8960
2892
7030
326
2450
3603
9349
7709
2096
6469
3226
7527
8688
1895
9137
5881
5592
4683
2053
2688
868
3190
7777
8523
2722
1386
3821
8797
5701
4629
4309
2708
3007
4136
7077
1403
6705
3874
7388
3337
2984
1782
7409
9082
2103
2033
1170
4835
8666
9252
3915
1924
5110
902
6550
2228
2674
7832
3702
5723
2966
7581
843
9035
3893
3154
2268
8847
7377
283
2424
1078
9060
6905
8797
5731
4117
6156
8604
3155
7281
5065
3335
6708
836
3554
5049
3952
921
508
7424
6531
6091
5145
7186
1224
5743
3969
6249
415
2719
1559
9312
4805
5881
4875
2903
6930
7962
7649
8048
8326
1366
6898
4716
7487
7535
2554
3887
1196
170
7448
5952
5895
4307
3368
3435
6247
601
8220
2904
1985
3692
6642
7011
9247
7273
708
8889
4502
7674
8685
1573
7921
7950
8590
2542
4186
6652
2359
9048
3051
2054
8811
6813
872
7952
6128
5585
8866
3177
5279
1438
7271
1309
6130
4357
6345
6980
4489
7531
1415
2115
2213
7955
4598
3560
4348
8526
4939
4561
4504
7887
3510
679
3171
8697
2083
9177
8539
7559
2542
8676
1287
7298
4657
8382
5170
4052
2156
6665
1689
8868
748
528
9020
7778
4464
2916
8445
3113
1307
7912
5478
6515
1384
1735
1932
3828
4028
8469
1620
6186
5875
2747
1860
1456
7794
4596
8177
4113
7458
8636
969
5652
3209
6544
4844
2325
9182
1353
1913
1210
3773
4066
7918
2047
6839
4298
8949
5481
2609
5797
2096
1734
1074
5623
907
8855
4330
6867
3585
8277
5376
4660
1813
6066
7471
3473
135
6155
2735
895
5240
1091
4286
6320
8078
4812
4772
2320
1221
9058
6537
5702
958
8321
5547
1755
2541
7208
2205
3991
2794
6531
8551
5843
1212
3781
3444
2890
4348
2529
840
3548
9090
5967
3376
3911
294
2962
7454
5939
3711
4733
8027
5730
8611
3041
9243
2694
4206
3872
3712
8400
7284
2386
5031
549
4162
2790
6962
5357
5651
745
3004
4874
5256
5515
5562
2217
8915
730
4341
1355
2744
11
4699
2200
8072
5180
3369
2877
5735
1976
4100
4105
7540
3176
2478
989
4254
1061
6080
9012
181
8229
5286
9013
2677
2811
5105
2256
1283
3901
284
5521
5805
8961
8711
8342
3246
4465
7686
1034
1659
5825
7332
8056
9036
4123
1059
5910
885
3334
2586
6710
13
7873
5655
1144
7252
7318
1326
4615
6032
1297
7565
2870
6773
9121
5713
3157
5634
2758
1012
5571
8287
2568
4434
3259
2584
2399
9331
5188
3415
5708
8346
6093
3809
8752
5255
4529
7775
4211
5619
6159
7351
3640
3748
1966
6906
3313
8984
4954
7939
7305
6327
4635
883
2779
2475
8954
2868
5356
4526
4134
7216
6583
3968
4397
8473
8648
7099
5635
862
5072
2075
6703
8207
6944
5254
3466
1314
5847
550
7574
8064
8904
6749
4548
5719
2095
4413
5834
9394
327
2962
7097
9390
4782
427
7503
3801
1550
4231
5275
6813
7947
9200
2162
3632
8842
5503
8399
2864
5362
3443
1948
1811
6837
2385
5437
3263
830
6756
2268
4529
8464
8131
2459
7151
1554
1263
8051
139
1900
4651
5841
3062
2947
75
1695
3387
2719
6109
7948
8048
5843
5916
4179
352
6762
6840
6877
6059
4913
4963
4669
2168
6910
6432
5540
1667
1243
2374
2119
461
6888
2866
1117
2150
5801
8417
7481
2463
6171
9360
3131
7647
364
4523
8425
642
4191
1856
7457
6830
2240
3322
5285
5016
1515
2113
8296
7155
373
2989
6338
9295
8686
574
7795
8048
950
3738
119
4960
8671
26
898
2282
1715
4135
9328
1936
5941
8010
5993
3195
3494
1527
9344
5774
8231
5383
9350
83
4340
1191
8664
7223
3215
4596
7618
8528
9367
8706
7187
7739
1641
7292
7167
2346
8321
8195
2877
1383
3553
2021
942
7547
710
216
1256
6400
652
2120
3341
452
5314
9281
3624
8323
7427
8725
1769
1598
9160
987
164
6516
4355
4187
743
10
5431
876
5508
9287
2125
148
6942
7180
321
3234
2626
3599
2326
372
5203
329
3773
7794
7650
9067
5508
8699
5228
9315
5601
2221
1848
4645
6483
2749
733
9310
8536
6455
2653
3959
717
3417
5377
4409
2961
5781
2081
7745
1731
4390
7281
9010
1386
1151
3559
8159
608
7436
8586
8958
210
4233
1819
7455
5942
2767
7669
2576
2222
4717
521
4213
2477
1756
8182
1214
5713
1175
2578
2411
5316
3549
8056
1117
8915
7217
5888
6519
6151
5467
5387
4009
7758
1731
6115
5132
8517
1919
5733
3667
8658
8153
7361
4366
7022
5024
678
3013
3494
6883
4145
3678
5894
5538
9001
4089
7065
1240
9190
1059
890
2304
1435
8569
6948
3113
4572
5445
8771
3994
2998
4613
351
2158
2370
7329
4203
7951
2243
6908
3588
3859
2563
4842
3478
4991
5259
644
1858
3061
1972
7450
7793
3026
4933
4626
1962
1601
8948
821
5813
6465
4637
2431
2850
1364
7524
8627
4681
5047
3089
1120
2533
6499
1669
8981
1506
4458
8686
5363
496
5318
7678
8801
8476
1113
4888
1934
7027
3362
1437
2745
9228
4993
4124
8054
3581
259
377
8084
7323
3749
2077
711
6807
5142
9343
235
3978
5483
6451
3863
4667
8369
7023
1369
9059
2686
7196
6754
8845
7452
2752
1481
3564
2621
5162
3294
619
5360
8310
5156
4313
2179
3347
939
6815
1308
4065
7155
3050
7900
836
739
3272
5996
7721
6921
6147
3747
9184
4426
5784
3547
5552
2890
3872
4777
2818
3604
824
6983
785
6420
1064
2742
8876
4061
5825
6423
3562
2112
7095
2943
5674
5125
8309
3368
5757
7001
7721
7147
7295
1903
8238
2835
4617
8356
2475
5738
8323
7435
9082
341
5104
1240
3327
8956
4269
2545
2607
2211
397
6164
417
4192
6562
5127
9205
9263
5155
8348
3845
9089
5272
8941
2004
195
6618
8549
8919
2256
7428
322
7997
6594
8746
9119
4171
8779
6572
1301
6035
2665
1931
2157
2621
3657
3077
6491
1757
5984
7379
8337
7887
2403
4045
7668
9097
3256
9114
7400
1441
6758
2060
1903
8989
4911
5203
3383
3871
186
7239
9275
3955
2768
1754
97
3216
8197
4428
6622
5663
6515
589
2833
8162
7633
83
1321
874
5521
4707
2996
3578
1981
7774
2195
4769
4951
3559
8510
8981
5424
2258
7047
4212
1123
5533
7971
6853
2979
5912
2266
6860
4587
1787
3074
6382
7816
4623
4544
5132
6022
6490
825
1760
4130
1392
6266
5613
1668
7368
3959
5505
4293
7660
6443
1692
719
955
305
2126
5517
4142
7512
5234
2646
9166
2704
6188
2352
7925
4286
478
5960
7948
2150
5979
4122
5293
7740
1613
2696
309
5449
6363
3084
2425
1769
8887
8301
6627
2910
1342
292
7569
2984
2640
8868
4631
1895
5727
7368
4582
2513
2471
3554
277
986
9174
6813
1868
3994
6003
8836
3022
5735
1612
5407
4948
7247
1396
1603
9062
2150
3075
224
7783
9206
1068
575
869
1187
3048
7525
8669
9174
2989
3141
3477
155
3074
1424
5132
4248
4510
8047
1405
985
5765
7324
7516
5945
8771
6774
1626
7266
3279
1589
3627
6975
4216
5676
519
5288
4320
3702
3638
2825
6439
5653
413
5493
5578
9162
8701
1659
7647
9395
2575
2104
1212
7151
7836
5364
2930
106
468
9237
2675
2720
1408
1134
3067
9330
8881
3075
358
7117
2830
8453
1119
8800
4157
1184
324
2628
9067
3832
2489
6167
2439
4820
3726
2255
625
4084
1988
6236
9100
3527
3323
417
3251
9196
2384
7968
8509
4664
8597
1988
8220
6868
3623
886
6358
9340
872
5934
7628
6946
1159
7916
6653
921
2040
5405
9110
5598
899
5132
9149
1123
5015
5972
6415
4003
7801
4853
6511
2334
7392
3415
7564
1202
470
882
4085
5941
7026
6122
724
8331
2894
1578
1174
5408
3364
7273
8963
5275
80
3785
2168
9309
5947
1175
927
4551
6017
7708
8183
7600
7263
1425
8792
8386
850
1541
5002
4671
2933
8834
2918
1943
5592
7152
3719
1829
6712
4427
6351
7580
6200
4429
4329
3631
3864
8338
6885
4012
8897
81
7353
6479
8687
3403
3040
5053
9109
7850
3160
1634
1748
6996
8992
4466
2638
3545
1696
188
1730
6996
2720
2269
5823
7190
9153
6084
2989
821
1055
3564
6388
1727
7693
6160
8653
7840
2899
1057
7544
2493
9180
6388
5032
2366
3001
6529
2164
7319
1228
6101
5743
7207
6382
6727
6681
3765
4167
7454
8998
8627
6763
6043
308
8847
8674
4588
8729
4064
5026
271
605
2292
2750
7321
7167
7095
4254
5177
7450
8718
7136
5853
2002
757
4153
1106
7301
9101
1909
3606
2903
529
8566
2429
1499
9255
8318
1816
3975
8387
4403
8697
6522
4412
7422
6974
3282
1255
3889
4122
5653
161
6683
8595
3533
1645
490
1773
9096
8911
3813
1651
2015
4177
5395
5070
2874
3322
248
8169
1821
7754
5524
818
1632
4408
6797
7674
26
9284
1452
6205
1255
8984
3061
1056
1867
3043
2989
2537
8551
7535
3587
6754
1092
1121
8194
1645
7621
6949
8799
6265
5619
6036
247
7229
9145
130
4189
817
7986
524
3395
6447
4865
3715
9397
8444
4827
917
4582
9305
479
3493
1485
2609
7670
9107
5716
9343
4585
8976
3233
4542
4449
9263
4363
3972
6239
1221
3370
1640
4698
2421
3851
7411
160
1118
4357
3332
202
4440
2130
1548
9223
740
3787
5950
3396
8880
8176
383
2252
5113
6777
6970
6498
5567
7390
4856
3425
6885
5126
833
8264
8163
2629
7738
9138
1506
3073
1651
3645
1405
2794
6519
6948
5227
6085
2449
8309
4595
640
5796
1429
3236
9264
4202
1310
7003
4104
5876
9349
4572
6432
825
1555
3013
7190
5443
6127
5980
2051
6240
3107
6880
7413
5529
3941
3306
617
3713
1606
27
8950
2608
6225
6649
7846
4805
3472
5778
1389
5098
2776
6621
3717
6614
496
3379
8791
1447
2919
2886
7422
3363
7181
5831
6904
407
8227
7822
2615
7023
8592
8384
4450
1029
3405
2115
4273
8451
595
8139
1867
2551
5638
4166
3020
5423
9181
8281
5038
7474
3628
2653
8086
2500
4596
3494
6410
5083
6948
9334
5123
2040
7409
4991
1729
3404
6408
244
6252
8342
4157
7985
3978
1018
6949
7736
5779
2629
1871
3
2367
7759
2160
8293
8583
3223
6425
4994
8836
6636
6907
3220
1963
366
3222
3237
4561
6932
90
3827
2024
1950
1555
6798
5108
9120
7312
9108
1037
7295
6797
8405
93
5894
4775
6882
431
1058
5698
8210
4205
5680
4565
5487
5506
3311
6905
5617
7948
3793
8335
3074
347
5125
8181
3091
1229
709
6886
6147
2857
8940
8855
5091
6987
1991
8322
9320
5564
128
8503
6336
7830
3451
6075
7141
4855
2655
4688
2271
419
3908
3913
8938
8422
7701
3553
7518
3656
950
6462
3052
9021
6019
947
7713
183
5064
113
6435
4053
6621
7615
7605
4713
5634
7013
3076
8972
2912
5749
4012
3555
8077
5479
8862
3891
443
4017
29
6853
5782
2719
3799
5692
943
559
4001
51
2456
3059
6352
6452
3069
5391
3105
232
3559
9122
7151
7312
2411
6520
4249
3700
7866
8454
1032
1648
9083
9220
8654
8369
5971
7548
8971
2670
5165
668
8064
4237
9136
6814
6733
2162
3308
607
7139
6940
6832
7623
2230
5705
3138
3253
5979
2154
2076
6125
3779
4030
9280
8831
500
8432
4414
8985
3220
6786
1712
3746
3665
8071
542
4557
6796
1080
4813
3484
2772
3053
3198
4525
1534
4953
7959
8312
1225
740
2032
4205
7012
9055
5298
4672
4388
25
3364
3828
2021
5119
4
7243
1637
4039
3422
7554
62
5542
3011
6376
6188
3859
3164
8122
2628
2967
2468
6075
3438
4186
1472
5418
4289
2395
1602
9172
4453
470
6416
4479
4533
5204
6693
7835
3617
1539
6084
5212
528
5150
3557
2079
1217
4253
1645
1461
7849
1584
8543
7453
5792
5690
4547
2581
4456
5072
3288
6976
4222
9130
3240
2404
2585
3386
2910
805
7540
7232
5108
3231
6103
5079
7211
1890
3430
6685
9225
3285
395
9353
8137
4603
6410
7740
7405
7182
23
8628
9140
7435
301
6364
4685
34
3021
6402
1288
891
8744
395
406
9306
2647
315
455
4041
361
3482
2123
4816
4443
9214
542
9235
8638
3642
7084
7388
1420
2249
284
5906
9176
7751
1991
6146
4515
5130
2597
124
1936
1486
9030
8763
8114
6426
5915
4263
9045
6284
3630
491
3895
1520
7597
8921
1585
3508
6684
2973
6767
4302
5483
4994
8995
7127
3404
5761
7384
3179
6904
5789
1662
1308
671
4991
4996
5759
5030
9157
4354
1537
2258
597
805
4613
7342
8936
4067
2248
4684
3213
1188
845
6011
1726
269
4271
3900
7896
7532
1261
9024
3282
224
7886
3321
7825
8789
111
9238
1718
6721
1744
7794
1792
942
6768
1827
2236
3151
4903
7165
7233
702
2332
5352
9130
7443
4435
2759
4929
2631
436
4575
34
3582
2553
6990
4444
2554
352
1146
1113
3401
1711
2067
4552
1237
4467
8064
7074
5717
1604
3291
2025
903
8922
1633
8726
7931
2631
5649
4402
7394
4568
6888
174
1017
5292
5705
8049
7714
9212
2265
6114
2447
4732
2817
6027
8584
2603
6578
1091
933
7102
7394
8078
5105
1790
1303
8347
6215
7931
5138
6776
6057
6851
8313
4129
1966
9099
2995
6497
7537
1129
3568
2806
2665
5564
1298
6673
782
4951
5260
3600
8549
4760
2883
6753
725
9165
7899
2627
2644
3333
6385
1777
738
672
5318
5846
2384
7099
6405
3067
8593
5149
8349
175
7956
7228
5806
2213
982
6221
4295
6613
3391
5589
861
145
3149
535
4724
7936
6809
5445
5716
7691
4370
4376
6294
1385
6705
6252
7946
4142
4754
2444
8374
3650
3732
5644
2688
6993
6797
171
6493
4370
4661
4652
5935
3039
1611
288
6810
7088
2568
7709
2469
3611
1088
8366
988
6977
1264
349
7834
2069
6231
653
1569
4455
342
5563
4806
5748
3022
2779
8453
1405
1164
3247
6093
7158
128
6046
1245
8388
1010
1039
8179
1365
8626
7437
7500
4820
1597
2395
2332
4590
7127
4836
385
1832
5053
696
7839
950
5123
7050
6644
3778
3157
6264
3467
7287
7172
8672
1043
9115
7901
1501
4718
2705
6507
4185
6381
3645
7257
6961
7710
138
6102
2134
824
5742
778
3385
1021
5587
6734
3541
4734
1048
78
5690
4968
977
7843
6496
1234
8309
2569
6820
5868
2137
2985
6542
5486
7324
6911
5025
4331
5702
3272
305
3513
287
3102
8019
1212
1603
7945
5934
516
8629
1065
5707
1552
4155
7369
6830
376
8346
7992
9026
4268
5176
982
6477
8844
5419
7732
8338
5879
354
604
1000
6205
836
4734
8444
9007
10
1586
4262
4138
5425
7827
9399
2911
2947
5560
3339
4484
321
6907
4179
3316
341
3273
8356
8873
3972
7212
1975
7670
1684
2307
8725
1964
3592
2792
6977
4932
2713
2159
8747
3555
5892
2163
396
3168
5292
6385
8751
2089
9094
2483
3589
5084
5519
3413
2206
3876
24
528
8981
5053
2909
1302
8782
8257
3875
7625
6294
632
8195
8981
8871
3022
2365
5186
7077
335
491
4880
4815
6158
1405
3762
7252
6430
7940
3636
541
6767
5778
9184
1465
9225
7709
7713
2492
8754
5679
7093
7018
7922
4036
4440
527
1168
6472
8984
8863
6308
2440
2031
1546
2225
4569
1215
8137
5573
9107
8892
5453
6957
8237
5224
1251
1502
3916
318
1579
5511
3546
7944
983
4851
1157
6441
1428
7373
4188
1302
5411
4396
9357
3665
9290
4173
7531
7196
5017
642
287
9006
300
5309
7624
2226
8585
7783
8721
2504
2464
8888
7692
5490
5363
1697
1158
6694
3708
1411
2291
4125
258
680
5459
2529
7496
8240
3417
2112
4668
9327
7115
5347
5945
2320
6063
724
3967
2002
9074
8915
4241
6843
3357
3146
235
1737
6732
6616
865
8442
1487
7403
2898
7152
4407
1607
4587
887
5786
7108
8356
1918
2334
8346
2707
1938
2485
5479
1452
2683
2263
6828
5842
2079
9215
2201
7603
6895
45
4319
6881
4706
2891
6845
1596
8761
3427
4297
5484
2225
6206
7394
2345
8361
6426
8018
5853
5394
2766
3029
117
5929
5215
8615
2074
896
7910
9000
6483
6355
1862
8915
1319
9105
6084
3062
1901
8082
9114
5709
8972
4805
5730
4901
4586
7997
8063
933
3790
7213
2707
231
1357
7698
2277
9293
5689
351
3285
6579
4276
2373
8451
5788
2321
5218
6784
8275
2193
6793
5157
7225
8473
5491
9002
1250
628
7274
566
2933
6923
3981
2142
1695
227
3464
5102
5002
3229
1989
4390
7843
2608
6002
218
4512
3236
1562
2714
8322
3462
494
5347
4890
4191
274
4424
6786
1087
7474
2496
5413
4055
8474
8747
1631
2750
2941
2845
7905
9201
443
4123
4757
8741
8290
4492
4845
8317
8767
7695
4107
5963
6220
2472
9351
5735
8277
678
5306
5832
5738
1179
6630
5622
6465
3258
214
232
5055
1320
5672
8759
6421
8991
7471
5796
8599
9389
811
411
7218
1111
8713
3110
1186
5623
4436
7062
8223
8571
5404
4760
5972
5826
594
3119
1019
2092
1315
4378
7585
8136
672
7127
1442
2476
1653
4131
375
6566
8214
5450
4428
636
1628
123
3549
1258
1680
3075
374
3218
1383
3303
424
4531
2509
6157
2624
6089
1736
9211
4568
3157
1715
1962
6119
319
3647
7809
9288
7083
2697
5648
7256
2800
2181
4122
3099
2216
3835
9008
3825
2176
6307
5515
6786
8203
1353
8784
1936
1485
464
5648
8105
2756
2822
7023
4184
5748
8649
6379
4408
5161
5807
1288
3935
4067
8581
5905
6878
6962
8246
5137
803
8199
675
6410
1175
3395
8474
2615
7389
5499
340
9068
986
9334
5423
7317
8509
8200
2670
1686
4777
4896
5667
6097
4521
3216
5158
4864
2478
7284
5420
66
5062
2275
8285
6014
4530
674
7809
5173
6187
699
9157
8696
4644
6410
8667
2623
8296
6771
8318
2671
8497
4278
5180
9327
3151
5647
7568
5930
7813
1368
6472
264
1078
3833
5102
7561
5098
9321
4088
6371
8245
5057
2404
3983
6344
6016
997
9317
7986
1858
131
2336
6413
6633
1558
1391
6283
3169
7504
8511
139
8163
522
2972
9343
6338
1749
5416
2638
4912
6855
3791
7204
5526
1950
7080
1405
9097
3628
3872
8859
919
8716
8275
7938
5265
2660
7242
1668
7916
1450
444
6378
6164
6951
8688
2965
2769
587
2397
1551
6665
2633
571
443
2083
2806
6314
3027
4401
4130
1825
6856
1434
5831
1470
6440
968
6770
3910
7263
5214
2919
5858
7822
787
41
1851
5846
907
461
3800
7534
8140
1007
4408
1859
3602
6895
5333
4151
5888
8385
5282
5311
4397
2740
1752
9264
1488
5902
2891
6037
1871
1642
6040
26
4340
4107
8588
7280
6179
6312
2349
7105
116
5260
2456
9231
8783
7258
7433
6499
2824
4803
1377
7344
3367
7164
4958
3259
2277
6493
7452
3394
6670
8924
2953
1831
5789
8351
8645
8516
7381
8459
8147
5399
9319
2380
6494
1987
2094
8145
2680
6502
3554
1970
2998
1774
9321
1971
9018
917
5885
5014
1746
6626
739
9330
7499
2065
6523
6418
4768
5147
2686
9180
6259
9256
6104
4094
2780
5202
878
9131
4578
5541
8143
7782
7718
8927
2753
6307
8243
5383
2064
9079
4359
135
7849
3220
7025
1602
1673
1322
1881
2625
1769
8481
86
1270
8582
4609
674
7205
298
5322
7848
8740
5386
9363
9085
5048
2676
6019
2268
7655
2890
1547
1921
2821
5972
7987
7065
6666
9221
7739
3940
7345
2422
6991
6963
8748
3201
9125
6077
2777
8602
7070
8803
6983
7719
6628
2075
3724
3742
4622
1074
8032
203
2087
5145
2341
2833
8369
3790
3184
1811
6385
2488
5343
90
656
2332
8745
632
3671
2655
4152
940
3089
5978
1894
8354
2148
1663
6325
5080
5432
1852
8690
6938
57
5614
73
8430
2140
3030
841
7379
9012
6648
6962
7762
7585
3399
4395
8829
2487
8468
7526
8510
2382
904
7339
2239
9126
3186
230
8557
6748
1409
655
9390
134
8265
794
3758
7690
8709
954
8377
2586
4850
6536
1061
3868
8202
3619
6442
5453
9179
912
4437
6327
1169
6069
8716
2106
8631
2610
5225
8883
6708
1466
518
610
1176
1226
4176
8123
1310
2592
8500
2831
239
2930
2135
9257
4710
5453
7159
6297
5315
3541
6855
2216
1326
459
5685
8973
6660
6101
4350
1718
496
8713
6699
4393
693
1546
7446
2911
7774
4056
5578
1011
5151
3345
7988
6349
2370
5680
4030
6180
9172
8311
1080
5822
5298
4911
5161
7837
4386
616
671
2241
3763
7193
3911
5510
5755
595
3749
7928
3429
6559
8818
8285
6976
7033
3778
7497
8779
1627
2063
8182
629
7017
1496
8953
8001
518
5208
402
5244
7221
5675
4754
3212
6259
3175
9028
6688
4837
3829
8488
2743
7445
8822
1595
7535
3797
21
2308
9145
1516
5931
1559
4540
2787
7583
9086
8263
430
3915
8936
4797
8352
1169
3244
3806
4772
4091
7089
955
1257
4741
1344
1318
5062
3245
3805
2464
2850
8347
3025
8505
6227
811
3671
2660
5468
866
369
7584
3002
5103
577
5509
3525
9027
8315
4017
2748
7709
6290
1000
1358
512
2198
2709
5677
7848
1220
7731
4803
5432
3123
7945
597
7523
818
9064
3842
7118
2044
9396
8802
170
8556
3842
1603
9250
1599
6518
8651
8865
1453
5725
2500
4450
6020
8476
2344
866
4908
7255
3010
6301
2804
6122
8188
6671
1732
6622
7092
1105
3312
8424
2066
7014
8072
961
4620
4992
8339
7369
2657
617
715
6509
8501
239
2612
3698
9099
7292
1186
7077
8578
7380
5055
6849
6269
1758
2107
8766
4354
637
1515
1802
4172
2956
8048
3400
2387
2866
9023
892
9273
3161
6043
14
8395
9019
6667
3899
4162
6176
5385
3781
6807
2864
2878
5599
4215
7714
4347
4642
2320
2562
6488
622
423
2725
7793
5472
2639
3095
3234
2982
6779
6619
7374
9097
2770
2599
494
3717
9255
7778
1912
5191
5206
7332
4100
6131
6422
2713
3025
2881
8336
7608
1918
5464
490
169
1815
6103
5136
3470
211
9214
9201
6
9069
2538
1573
4301
3522
2355
6599
1300
2186
3118
4213
6638
5651
8089
8866
5351
8551
7874
3036
3094
1762
261
1463
4026
7983
1202
444
4635
367
8558
626
1117
8670
3492
2417
2825
2320
2839
3210
8556
6190
3967
8677
4995
3578
7549
1448
4517
448
7710
6311
5599
4706
1562
97
6345
5449
2535
1338
7694
8461
3770
667
9006
5255
6516
9247
88
4634
7523
9163
1286
627
2425
9218
7180
4072
8759
6803
5274
3647
8464
653
7446
2301
435
663
356
9049
3387
3134
8837
5396
4849
9310
2876
3224
8590
4320
2062
7790
2105
5788
2811
5089
7250
7550
1040
7510
574
4263
5866
5188
4972
4508
3307
9277
7188
6056
1834
3631
2375
517
5255
4436
4033
7623
1987
7730
7659
6475
7347
3728
4767
2980
9357
2405
7192
6449
6258
4116
5554
3111
3653
5864
5471
6052
5365
8509
873
9254
2721
4710
6083
1228
7742
8366
2723
4674
6972
6638
4584
8478
2780
8222
8910
8561
9178
573
4495
4298
3134
5144
3029
2052
7928
1085
756
3109
477
1066
8886
6206
4930
4106
5901
3925
6212
1503
4673
4118
6841
1536
5387
6688
6152
6688
931
9304
8747
5999
4432
6885
7237
2134
1294
3035
8093
5529
4548
5634
2924
1589
1384
5394
1639
8386
7343
4423
6422
2258
4786
4058
7531
1915
7916
1793
7551
1045
3746
6859
7217
8593
7527
157
2583
7271
6250
1930
271
4639
5642
4731
7036
8667
2383
5246
5348
8370
8242
8299
4175
4271
4801
2700
3009
3400
2217
3981
2512
6189
4255
4028
946
6712
261
9218
6346
7197
6051
4626
8946
8966
6139
554
1578
4856
8696
3291
2607
8002
3478
298
6482
8339
6416
5244
2965
6874
2608
7381
4421
1112
5826
1405
6089
671
4259
1883
902
2721
3946
3377
1742
1637
8920
913
4456
3129
7612
2202
1853
312
311
4469
1553
3666
8679
8762
4447
4632
2867
6816
8529
8440
214
8554
2662
4424
8799
1148
3745
5758
4793
166
2151
6102
7859
7984
2736
1611
5025
9293
9126
7681
7089
4482
2395
7501
280
5044
735
7765
5988
6687
5167
6064
7779
3780
751
7662
395
5871
4079
3942
7574
8430
4880
7130
5414
6930
3447
4536
3
1440
3187
7002
8141
1033
7050
3257
7416
8970
5997
7558
9061
6064
5833
8597
1996
3770
5270
6377
6547
3625
3175
4667
625
2970
8217
6078
2954
6474
3471
3725
8896
485
9121
2811
8676
7322
6297
1880
6500
8322
7032
5238
7219
1605
7833
6
9003
2444
2779
2734
1249
9256
2431
8223
6895
936
7911
8775
2325
6344
6570
8139
3276
7594
5468
1800
6977
465
1677
5110
3041
1989
3505
8557
2872
2700
4298
9298
1941
1844
2633
4194
7277
4783
3890
5539
2911
1469
5488
4469
7104
6418
4892
5347
1606
8747
8202
1718
3542
6852
6647
4687
4006
3007
7896
955
4363
7964
463
4964
985
7071
1785
3825
4545
2585
4767
3442
6337
8705
3963
3773
1600
394
395
9140
17
5658
4050
8292
7979
4773
745
4983
6315
9092
8259
2085
1446
7380
891
5612
5931
6546
7780
4083
8084
358
1934
9051
2954
6766
343
4234
397
9373
6673
3211
7893
2492
5358
5657
4835
73
896
4659
749
6238
8391
3770
3853
6190
7381
4125
2713
1028
6899
1550
7031
1169
6212
6699
1012
7261
773
7791
1490
6730
4075
1059
1271
6398
3569
5677
3365
3317
1272
675
2787
2232
6982
297
1703
90
603
6660
6989
8814
3818
3650
1746
6164
2474
2474
930
6265
177
8619
2325
4695
6569
2331
6113
3889
7968
6887
5584
9309
2172
9346
7526
7344
4645
5390
7707
7448
1331
9245
3266
6743
8478
4906
649
5784
4295
7849
157
2698
5081
550
5196
3986
8016
3171
6669
6399
2547
5771
7224
4590
8229
1481
6062
1381
8464
5738
5215
5085
5478
7961
408
3330
8556
4062
6258
2257
3117
2035
7797
5209
6624
4318
2241
2585
230
4306
3726
2929
7497
1227
3681
352
1766
8964
6109
3444
7977
8664
7716
478
4263
1597
1096
8812
3169
6488
8372
2320
3557
4768
5120
5342
1494
6317
2169
349
1398
3865
7991
4535
3878
3131
748
5923
412
8936
2378
2914
8562
4754
7690
8483
8571
4065
7754
4486
8601
7291
1452
9272
6831
614
5362
6967
9029
3492
5777
9254
2259
1529
7881
7937
4273
8717
1023
4978
1921
2119
2767
2568
2664
2574
5460
8925
8351
4030
6769
6836
6827
1493
1753
3233
4966
2166
6184
3579
5668
72
5067
6961
628
4750
4340
2948
2595
6803
7362
7046
6009
3433
1382
4341
8951
8924
5103
5325
3139
6521
629
697
1207
7337
1183
7125
7911
3492
2810
1672
2506
5594
2185
3047
2939
3310
7279
1208
9395
8537
4984
4312
8845
6582
8444
6632
7437
2508
5421
2226
106