337
4914
1078
1834
5006
2085
1521
7501
1979
3030
6044
6936
80
7464
4665
3458
3385
1149
5668
3741
6599
485
6485
6445
7595
7396
5604
1013
7674
3708
6296
6788
4808
6453
4722
7656
3804
4609
946
5891
7241
5495
3249
634
7600
4042
6496
6868
4929
2006
4587
6343
5459
3409
5843
5612
5696
5232
4942
1348
6918
2600
1226
4793
7027
2534
4545
5473
7133
2433
1957
2536
5620
5429
3324
7380
1992
958
3102
3596
5312
3608
1873
1382
7351
4313
3049
5316
1946
7730
6172
2571
740
3284
3773
4312
2098
460
1798
4007
3571
403
4327
734
89
2023
3438
723
1074
4608
327
6344
2810
2864
1445
2161
396
5838
5740
4720
5891
3494
514
6425
7737
2492
2973
6133
2798
7043
739
5134
1400
6081
7733
7003
3340
1222
7530
5461
4659
2398
7198
3177
7319
3104
502
550
4397
175
3036
1733
6810
2271
7430
5472
6777
2925
4921
3424
7899
2205
3827
1047
240
2751
544
6756
4042
5447
3506
587
6227
384
642
2381
6648
729
7455
7479
3642
3438
325
3550
7561
2945
7354
7002
6843
3623
3207
1552
3683
6774
5352
6115
3933
7387
4869
1898
881
6751
6003
2271
4122
6914
1729
6219
1766
7295
37
7636
2048
5084
5669
7013
4636
477
5664
3097
1826
6462
7509
3099
4104
6759
4634
2628
1731
3278
2609
5617
4392
6522
2342
4864
7663
3873
2927
1939
4542
1037
5244
6199
6419
7230
912
698
3318
6261
2236
1276
5556
2349
3704
4530
450
7011
4953
1793
1391
7524
4784
5727
2302
7832
4210
7348
7335
1939
4537
1464
5584
4031
7169
547
4277
4051
3517
463
5589
3005
6455
4230
3568
6879
7449
2963
111
4018
773
763
762
5214
5454
3542
3083
3899
7204
7821
7121
7770
4486
4680
7875
3959
1612
628
2127
4638
1645
376
5587
6488
2466
6041
6102
2830
1378
3872
4748
4988
4063
335
1845
5159
3159
4141
2820
4883
3101
5757
766
4399
6215
13
6420
6302
1356
5582
4524
6199
4829
5808
7399
5325
6379
3830
1504
7471
7465
1277
3219
2073
7060
4148
905
6462
5925
6301
7502
1100
1361
3547
1784
4014
3466
5404
1104
178
4599
5441
6559
1453
6082
2734
3059
111
2449
7581
3073
664
1012
4800
5929
3762
6417
5583
4354
1920
4971
3875
7120
6511
6661
4875
6995
3475
4599
5661
149
6023
4599
3247
5508
4417
4278
5077
5432
5975
6179
6084
1059
7185
5916
710
69
7230
2623
3338
5347
4504
2538
6775
7647
6115
3953
3157
4296
5070
6104
1469
4867
6032
196
3522
3612
6373
6968
5016
2584
2868
523
2801
6089
3424
3714
1868
1817
6656
1568
4053
2808
3842
1285
2667
6673
6713
1969
6501
3100
6340
4812
6019
2160
4933
5851
1258
3404
294
3498
5728
4314
7516
2964
3525
2724
1021
3379
846
3464
7612
6120
4227
5219
6068
2794
4357
3376
486
3910
3735
485
261
3237
4891
5431
2168
7236
1788
5765
6058
7078
6338
6731
3979
492
4242
1181
5913
2307
1369
5125
2499
7807
5520
1280
1925
380
7124
4367
2855
3159
763
7708
7080
6046
2636
2937
1638
5308
2851
5554
195
6194
4221
3567
7379
1219
5048
2369
1682
1715
2088
1791
7023
7294
4761
6087
5167
3617
3997
6536
3348
7411
6838
7863
1312
6316
1678
704
1150
3669
4981
5160
3123
742
579
6921
5363
1379
930
5494
2597
4436
1085
5048
7016
7251
1083
1677
3013
1728
370
7284
5708
2235
502
3059
389
4406
2260
1557
4484
1133
773
6778
6451
3639
5907
4146
2273
566
6352
366
1664
5758
7623
4155
7003
3480
2644
2432
4396
4499
5106
5250
670
3389
2215
6387
568
2457
1284
6291
6106
3479
6729
844
582
3564
3461
5034
3832
5162
2748
5897
7898
4563
1623
1668
1269
924
5598
1377
502
3744
6844
4361
6497
6648
6998
4844
359
6314
7255
1835
6714
4030
1919
2933
1990
7136
7667
7617
2317
1887
5479
4978
4162
2474
1573
5227
5985
7601
3601
2660
415
5529
602
683
1745
6418
1094
4737
2408
6040
2004
1388
2327
6685
2932
3570
2137
4724
2383
5787
2034
7491
4276
3014
3774
7548
3409
6281
5225
6937
2989
1680
1320
7216
6722
465
7584
238
3851
5405
4506
121
1207
6874
1203
6202
1568
817
2651
6038
5292
2673
2796
734
2666
6195
2082
4584
6543
1870
3602
6133
7760
5355
2552
4897
6803
2335
5310
4930
1086
818
1446
398
2828
7212
6408
4380
1494
1103
3365
3030
976
2011
4730
3215
4769
7496
7522
5669
1065
7270
6627
3266
6676
6317
3392
1190
5806
7120
5494
1587
7620
1855
3911
4597
5556
4289
1054
6223
213
1945
6585
6850
5175
4761
2686
5953
5976
3902
4489
2986
3770
589
4435
4161
6525
1657
4162
5880
3804
4958
6197
6783
4771
3152
6810
6561
1320
2373
5940
5137
7765
2906
6773
4529
1139
1935
6892
3020
6890
7762
3185
7694
875
2285
1988
6464
5047
729
43
2342
3516
5647
527
387
7259
6277
5141
1265
772
1250
7615
6985
2045
2751
6689
3774
5788
2948
6965
7592
7325
4847
4563
5111
6113
6381
2339
6933
2279
397
6509
6543
1658
5725
2444
612
3933
5895
3691
2050
1784
2516
6719
7101
2027
1713
3352
2519
4722
4260
7634
5823
95
6167
1571
46
440
7859
1076
7834
1027
614
2316
3292
951
6673
2315
3952
5450
2138
326
1357
296
5283
6640
3275
7367
5277
816
3699
3353
4163
6298
3448
2154
6313
5177
6033
7776
5470
6313
3151
6554
6745
3785
5003
2068
6703
4193
7087
6621
602
723
7290
6544
3926
4547
7645
149
1006
6958
3105
2401
4430
3295
3091
7722
2961
6001
5953
5152
786
5875
6329
3074
3210
920
7203
5884
3317
5979
1282
2065
6029
6243
4843
4498
1567
4813
6467
3356
3087
3220
1127
3844
2712
7503
3196
3565
6035
1196
1123
5092
4277
6635
7004
241
1117
194
7355
4104
5300
5624
1276
2816
2322
3453
7694
1282
6348
2253
2603
453
3314
5594
6356
6945
3483
3565
6269
6010
1894
5311
4135
319
1791
4091
7575
2558
5918
1218
6225
2924
7582
5441
6175
1872
5912
631
459
6234
5854
527
5269
4078
705
732
614
5637
2071
197
3103
904
5375
808
7786
7084
152
7877
3831
2721
343
1581
1660
6009
6438
4799
5139
7502
2200
4001
1171
1585
6675
158
6129
1457
7639
2143
605
3340
3616
3184
6980
1191
5128
4149
5414
1669
7135
46
7445
5179
2451
364
876
591
3788
6335
6720
6118
2620
2312
1756
1740
7286
6283
6381
4283
7782
6369
6197
568
471
3762
1312
6396
1583
49
4646
4266
1708
6293
1739
3054
3497
6386
1977
279
5432
5061
3214
7248
7537
7776
2154
1632
95
4542
6816
2484
5361
3196
5882
2169
3770
223
7722
618
990
903
6552
7679
2410
4122
6827
3256
3614
3837
6695
6440
5883
5691
3665
3519
4305
250
4326
477
3969
153
1783
3362
7632
2953
5768
590
7153
581
5606
5320
2587
911
851
5284
2134
7083
1491
7545
1281
2882
3401
6280
1817
3096
938
6231
5146
6674
4642
6306
2921
3198
610
1990
6959
5817
1680
3646
2598
6260
6393
1634
4041
2924
3144
5118
1933
1114
1014
1893
1757
615
2008
5579
5867
7118
2230
5803
1204
2966
1787
1974
125
3860
4815
7640
7375
5193
7685
7552
3163
3322
7433
6695
3514
4438
6168
5530
7787
309
1618
4938
3085
4235
7575
624
6190
3371
6409
296
1463
5467
6737
4100
3046
1553
3919
3236
1876
5724
3365
2189
1965
361
3906
6546
3662
136
6707
963
2231
6758
7545
4505
3199
1640
5513
5998
5535
5999
5591
4741
5375
1338
2172
959
6195
16
458
3062
3233
6775
7896
7436
5966
4486
3140
4373
3532
726
136
4575
2050
1087
2988
464
3284
1488
6895
2545
5002
694
1678
3624
418
4759
7878
3424
6133
3985
1158
1144
5008
5899
6221
7892
1201
1497
6427
6606
54
5218
3304
1240
4385
935
593
3437
749
790
6136
4829
4190
4257
605
6047
4033
5320
3689
558
2429
64
2617
1916
4761
5557
4618
7717
1042
6687
27
948
6627
109
7689
3432
2508
6639
5663
6939
6816
6058
5382
791
7649
7892
521
1330
4849
3753
4103
3582
4311
3347
7432
126
1930
2322
3156
1133
4494
7016
2463
1906
6142
1418
1421
5037
7867
579
5796
7545
19
1309
4456
6282
1386
6300
6237
4478
5683
2992
1573
266
2607
637
7659
1311
5924
4937
6247
603
2189
1831
2600
3505
852
1294
1381
257
4705
2434
3633
2383
6539
5179
17
859
5252
6582
7698
5979
5746
4999
7683
2064
1271
1742
1765
3452
7139
3382
3399
2460
5357
934
5272
3308
462
352
6254
1292
3436
7426
2588
6471
4468
5071
972
4950
114
2975
3250
4351
4961
6198
7441
7607
4632
5269
4933
3093
3468
1765
3979
4589
5474
694
96
3069
3673
5961
4582
4240
7575
3279
1704
6322
1675
4165
5082
234
4020
2675
4184
1341
752
6675
5400
2787
5968
5390
4092
1901
5839
4705
1979
348
1784
6199
5760
4160
7244
1316
6667
6326
2286
5414
2477
359
4738
453
4073
6235
6006
3940
2372
4012
3628
5098
7622
7758
7871
3987
2864
2404
7326
2149
5888
7511
6069
5822
3165
2905
6532
7397
6526
5168
5402
5727
6621
3758
2286
5616
5481
7317
2451
6997
5822
2170
6442
2219
159
5034
3923
7753
938
4689
6019
7362
1989
7282
591
2825
3129
25
5506
1064
5217
2560
6304
6913
4661
7531
6699
7784
4806
5973
2786
3844
3117
2496
6251
7608
1704
3599
6273
1670
5228
5435
5852
1539
3944
7226
2895
726
1545
2057
1961
1711
2157
3805
2894
1528
4755
5595
4874
5674
6730
791
5767
2257
107
2933
7029
2931
2302
1062
907
67
5966
3204
1612
988
1620
2571
2813
315
7247
7292
4759
5704
4114
4879
2222
4250
7820
681
3521
4567
7762
1405
1387
6519
3411
2150
3575
4293
1911
5522
2913
3706
2451
4899
5365
424
5055
3882
5536
7888
4867
5334
7145
7776
7038
2865
3455
2846
2301
5202
6285
3941
7368
7440
598
4675
1776
1494
6398
7669
6188
6875
6825
2612
1392
1985
720
5720
1082
1051
3585
5505
3958
7321
7017
103
7816
3257
1932
5035
6543
6175
7529
412
1080
5264
6856
2874
1821
486
7337
4460
2327
2976
596
1347
7699
2560
4185
5694
4008
7040
5961
3737
2848
7364
4243
136
4367
7303
5816
7201
6962
7719
3924
5814
6807
5051
3714
3123
1750
7513
4658
3324
238
5186
755
911
4476
4483
7246
1362
4073
4514
7195
2608
3291
4603
7321
7803
5134
4155
985
2030
5538
7031
749
2462
817
807
3424
3691
7230
3819
2915
4502
6928
4614
230
3796
357
3452
6980
7172
6990
3950
3216
5976
7784
6297
2058
3700
806
2766
5660
6047
4808
5069
4697
7218
332
5943
1786
1301
378
3374
349
6233
4536
1074
469
4152
4621
3076
4285
3324
6360
2418
732
3395
3065
2796
3029
7797
7263
6859
5168
5192
1679
2494
2296
7623
5595
7123
4809
67
4223
2618
130
4827
4034
3053
3431
449
3106
7605
3919
1327
6747
6222
4185
1751
6500
7265
5727
1518
2729
7171
2115
697
5119
1914
1975
3219
790
188
3127
5572
4809
4897
1753
5318
3106
1030
7002
6092
4253
2815
3814
2900
825
1089
6192
599
6912
6266
1784
735
7732
3789
558
5014
4700
6376
1911
3709
7058
655
5101
933
3785
4075
4280
7536
2498
762
5449
4090
1734
3859
4537
2246
3279
5732
6210
7825
5562
2218
5878
847
6116
7232
7268
7208
7493
1720
4978
7655
4021
6723
6227
32
643
7808
3536
4781
3942
6581
2968
2213
1782
5019
3075
3710
2562
4417
7669
4967
2389
942
6520
7248
1373
7365
1719
7401
3201
7155
573
2640
3400
2426
996
5305
7018
6866
7245
4969
7542
5823
5212
6624
4881
6990
1205
4241
6013
2009
5209
6249
3159
3833
4737
7691
6318
5970
3789
4040
936
2704
1803
4613
2067
1887
6418
7104
3048
1938
6657
5859
6750
5682
5681
2962
2489
2067
7671
2885
6256
7453
1917
5819
314
6644
851
6747
6542
668
245
4119
2778
346
3993
7369
7250
6220
1229
1381
1516
6165
7394
6773
5773
6819
3378
480
3185
1797
6087
4109
5704
2517
2347
1192
6277
874
4548
844
1300
4218
4560
2920
5916
4007
2224
394
416
2479
6603
3216
5642
1651
6023
2383
6844
2501
38
2825
2524
6697
1150
4375
4381
6849
2560
6799
1006
3119
6118
6568
1167
3189
4209
1315
6625
3556
6907
7792
4934
4889
3072
7201
5044
6755
1468
5911
404
4954
4678
1565
1067
3504
6963
7671
5079
3703
2422
3548
1593
2574
5585
2489
1223
4302
230
1678
1203
5846
2675
2654
763
7875
2628
3059
1116
7883
3888
2523
6463
5620
4426
1356
5136
5268
6986
6773
3907
1341
4682
1542
9
7398
7711
619
5466
1278
1093
3912
1371
4705
2554
7594
3988
2024
5601
6707
1986
7221
7358
5879
4445
652
2467
6776
6136
4676
2903
4065
7749
5247
6066
4319
3936
6961
2488
2373
6565
485
2272
5384
1402
3945
6988
2286
4043
1825
6782
496
7752
558
4945
5924
1897
6363
2151
2549
3952
2893
3811
4348
4441
6653
7174
1817
2745
3411
6012
7537
7615
4328
3533
1522
7480
3681
7005
359
3281
4888
5799
2899
5451
6842
7635
7339
3185
7149
2958
4861
2083
7602
7062
286
3160
4578
5939
3264
7864
2847
5389
6869
1478
5368
4235
501
7273
7107
3019
357
5505
465
5141
7892
157
1674
1617
4994
7113
6133
3793
3205
2937
728
1554
1720
3540
2290
307
4623
7034
2486
5815
2473
3614
3156
4637
3205
1266
3970
74
4339
5704
593
1500
1161
3295
4953
5950
7197
376
5863
2175
5708
4645
2841
5484
5046
4668
2502
339
7630
4263
4737
5392
5668
4798
1303
6602
6685
5058
4535
1889
4997
5491
953
5004
6177
4729
7463
2280
1258
5987
725
4514
2932
2042
5615
5023
2643
4234
6853
6816
1559
1468
3776
5160
4727
2205
6305
7035
720
7507
7569
5538
5470
4763
1417
1983
4746
3137
1848
5560
6240
7005
3547
6469
7364
1502
2046
5709
7665
2086
216
1105
5323
5281
299
5010
6232
3649
2828
3727
575
7380
3246
2896
7701
7880
58
4171
4488
3885
513
7699
2245
4190
4290
4322
5852
1081
7271
3016
4890
3698
3189
3929
3049
698
6024
3618
843
2057
2514
2745
230
4126
2620
5280
2013
2758
6617
380
1479
946
2498
4282
782
7702
5357
706
1488
783
3993
7402
5092
4934
6887
6213
6624
1405
350
379
2777
2310
2501
3074
4755
2099
3964
2961
4239
3602
3742
7730
4819
7535
2945
3800
2463
4997
2575
893
2442
646
5208
3519
4980
5977
2454
1849
3993
4392
4897
1326
2530
5618
2901
1367
437
7639
6429
6760
3455
7599
1916
4422
6946
7238
3808
2415
1240
4137
2817
1665
5884
4702
977
1110
4793
1064
1278
1956
1544
7181
714
1469
5027
6335
5522
3502
7317
1873
969
1978
73
5167
1926
6828
141
6917
6112
3116
4109
2484
2633
4503
2280
7439
5551
638
5033
7765
7525
6106
4105
559
6383
4942
7659
2162
3889
280
3125
1829
1487
5092
7128
6551
19
7643
1719
909
3028
5922
4967
4951
3144
3065
6761
5359
703
7693
1670
4225
974
3989
5448
6467
7226
995
4199
4176
597
43
7440
300
2951
6721
3354
5197
5583
4618
5768
5383
4316
4779
7633
2290
2119
7234
4015
4966
1836
6756
2054
7661
4032
7320
163
3700
3170
3429
5439
7265
3250
6490
7824
7241
4427
189
607
593
1285
3124
1525
6742
145
4664
7589
4874
3249
4189
4172
3962
342
7871
1256
4417
1
757
1135
524
4756
7697
297
1608
954
6754
5134
4348
3699
2730
6774
5809
2125
7385
7395
2237
61
3680
2326
842
5334
4550
7666
4821
3453
7285
3089
4350
6321
4976
4562
2111
1505
244
6515
1644
3604
5061
2952
6503
5442
1616
6728
6202
5806
6830
4706
2389
4720
2404
3195
157
4717
6115
3972
2063
4071
5047
6619
6213
7700
858
2878
870
5655
6698
1787
5575
6441
3913
3963
7754
5697
119
5425
5455
1016
492
2301
209
3294
1460
58
3111
597
773
5194
712
2664
926
4041
2344
5708
4590
2919
1116
7378
6535
1994
4699
3236
939
1674
5823
5626
6182
2230
7163
110
4494
1322
1637
6722
7211
503
2864
2004
7756
3359
6396
259
5589
586
1550
5874
1146
958
4528
3113
6364
7187
1091
4776
6651
4345
3895
2343
3707
1457
4154
4078
3979
1435
4941
7540
1303
2139
7826
5393
7730
3971
7663
4864
1455
4481
6108
7096
5196
6436
6539
1448
6826
3158
4958
340
1223
7187
3139
6414
1425
3956
3618
5672
3243
139
6891
1058
6725
6537
707
424
3528
7132
3581
2034
3958
6764
7535
3596
6993
3325
1386
5612
2950
4720
5509
3110
636
1004
5963
717
7042
4982
448
5936
974
1258
5675
4600
4210
6545
6949
3646
125
4380
7769
7820
2310
6873
5992
2206
3322
6693
5923
4449
6365
880
6718
4214
4025
971
7829
6138
1098
1910
700
2423
3128
1225
270
5012
2563
3857
5557
2868
3650
6642
2304
2622
1346
2744
639
6938
4435
6509
1187
2287
2021
5874
7691
554
5
2939
802
3661
6022
7308
1845
3270
6937
4442
2712
7603
4750
7400
2536
933
2248
7788
1324
5006
2786
6792
5234
2931
7590
4626
5730
5488
2440
7655
3290
3467
5300
3970
3789
6322
6683
5054
4411
7155
2442
7719
7441
3919
2749
6070
3331
5920
3490
5865
6874
2859
3176
1740
2297
2870
1567
2993
4470
7209
472
6661
4515
4298
7354
3329
4805
7489
1952
1210
4253
4596
3837
2664
684
1172
1518
6826
780
3842
5101
97
4766
2711
5084
7774
4069
6399
801
6051
1726
3315
7829
7777
7790
6624
4309
4007
1763
4651
1915
769
4604
3967
5371
1484
4452
2391
6279
3052
3809
5162
1133
5678
7691
5659
1684
582
390
1392
2242
7821
764
843
5219
6365
5443
4150
5035
7006
2371
1115
1067
978
6169
4903
4428
10
1481
7689
7525
5087
868
2195
5618
2166
7782
240
5744
4519
1725
5922
122
2298
3756
7414
6640
5337
5572
1530
7692
2852
1142
711
1128
7884
5473
3057
2676
4613
5940
165
1603
4755
5781
6552
2286
5657
1935
6049
799
4905
7181
4375
4109
1399
2136
4914
3033
6737
1644
2511
5130
243
4328
4
2901
7346
3884
841
1752
6286
5511
3972
1564
6723
7351
5520
5623
6431
804
2949
6599
4731
1548
2365
7236
5542
62
3285
6341
7799
5354
2404
6756
2692
6565
7751
7614
260
5981
1225
3145
7102
4350
5877
7813
2467
4977
2103
3634
7546
4558
1925
2823
1229
2804
6547
5848
6958
3765
4876
508
3815
2124
5717
1673
2667
6406
4410
7419
767
1915
2381
7821
2446
5870
410
1159
3065
3923
4985
6393
6640
7417
4061
453
6175
4123
454
2567
4219
4386
147
4152
6033
1264
4308
7361
6951
3544
2363
4756
7768
7850
6617
7062
1824
2199
4017
7631
1783
4014
6366
1310
6578
1551
4743
7397
230
5194
5697
197
1123
2054
7677
4445
1021
624
5954
3420
2356
1550
3601
4715
3369
1621
710
2139
6159
2126
4770
6625
6682
4414
4788
3041
2763
3027
5987
1963
4635
1800
4759
7309
5045
1496
3196
2260
6921
5674
7817
4144
7338
28
7433
1137
5654
5965
3372
6640
911
2490
3888
6767
633
1030
731
963
7582
1752
5994
7254
2706
6956
2069
2385
886
6419
6602
5041
537
6685
5025
3855
2689
4684
2546
3800
5703
5640
1678
5403
172
2446
3274
5391
6212
489
2631
7608
1317
3442
1333
5468
981
3405
4476
5895
3409
3532
734
4475
2990
4669
5641
5067
4649
6476
6711
7803
2951
6550
5917
2551
685
1951
2435
6896
1034
5700
4695
5800
725
5502
3393
3568
4629
6647
5156
3019
4671
7160
5744
1593
7572
819
1813
4754
2072
967
955
2748
6194
5006
4042
7726
4488
60
2702
1157
1164
2059
7185
3209
513
7446
2149
999
2956
7677
7249
6179
445
4092
1303
1216
2838
1325
4866
4641
7608
4017
2419
6318
7718
192
1134
4011
5834
5582
4687
1877
910
7371
1626
1880
5208
2950
2360
1650
3398
852
3818
143
7345
6998
4596
6064
3915
2409
5173
4125
2014
7667
1083
3476
3740
3385
5730
707
2496
3439
4288
1071
2959
5978
7319
2432
5913
882
2211
3656
1602
1248
3295
1891
5717
3681
304
6790
5475
4346
3289
2929
2607
234
722
946
2524
3457
3371
4930
4154
5948
3784
3926
1519
6201
4737
1961
4458
6518
108
3255
1114
2872
4023
1801
105
662
7597
6941
4134
4854
6791
1116
7134
1007
1038
2902
2588
5275
5502
7599
7423
4292
2996
3620
5879
96
6335
5461
2063
2659
3799
5400
5465
1117
4562
3500
6279
1008
4452
4595
7407
6757
5922
1842
6473
7820
5306
6399
5
5946
3517
4413
5293
5595
1059
3930
4141
1208
7376
4473
617
3122
7148
3924
4408
4962
4083
6035
6937
493
6297
3417
5878
221
1546
1550
1591
1119
6974
4693
4568
6357
1964
3549
121
7447
2516
5043
4949
213
4380
7891
2971
333
6305
7341
7618
2342
1625
2926
2432
2646
2293
3642
6257
6000
7252
6951
7603
4194
2974
3073
5666
5492
7385
2808
6360
818
6250
7650
3308
3015
6119
7259
3450
3433
4769
7816
2120
4843
5421
3033
199
4007
736
4439
724
1248
2905
5253
5209
2265
4797
2303
2718
4729
770
1310
3653
850
626
1317
1804
6401
2429
3861
1779
2296
1838
816
771
5612
2446
3280
3578
4876
3650
4491
1443
4787
3924
5881
3139
2350
5536
3540
6619
6530
4913
7003
4146
7580
6268
5709
1798
1027
3733
295
5505
4229
7690
1567
4398
4361
2826
2947
3233
33
3904
6566
1354
545
1658
1439
2580
348
952
7334
5765
339
4637
1248
1653
319
3431
5244
5526
5856
4369
2525
746
272
1876
4775
3832
1529
7870
977
2337
6676
5889
2002
2295
5462
2651
7035
3443
7471
1932
7524
6233
7034
868
1717
4216
7330
6494
1368
2149
2850
5181
4518
7561
1941
2946
1267
6714
3112
554
7471
3745
2840
5835
3591
1630
5869
1155
5290
5653
3323
5077
2750
7257
714
3812
2318
2194
1240
7405
1228
7008
3579
7542
1779
6178
3428
4728
5621
481
2761
2291
3926
1327
7730
6127
1183
4467
3806
4979
6519
4558
4106
3056
5258
6819
1021
87
5535
6170
6029
6487
2826
2311
4862
843
5480
2792
4167
1857
3185
7268
2438
1369
3103
3280
1110
4059
2566
5286
6495
841
7210
4796
1023
5467
4407
2265
3060
7754
4319
2694
6789
6212
5129
4221
59
4696
1053
5060
624
3987
6449
7007
1318
3207
1886
7885
6038
3701
495
4972
5193
6921
5644
3542
6542
2768
1154
2557
6906
5329
4989
496
6429
2207
1346
1326
3295
2064
913
3766
5727
6618
2088
3455
3347
6228
7010
6234
638
359
410
7173
2665
1217
4244
7204
3122
2785
3406
7128
7747
969
6589
1042
2902
6495
5572
717
3215
4363
3521
4247
880
1610
6305
2053
4912
1455
6739
7148
532
6518
6956
311
7568
5451
2885
628
454
1950
6999
5263
4132
3353
4772
1069
79
7746
3121
5032
1207
1962
2372
2418
7803
6399
716
2353
534
4418
6670
327
6681
4753
4345
7863
3303
7388
350
6740
4906
1032
746
2021
2630
6257
3423
2408
5819
7474
6281
2694
7625
210
1408
3604
5984
7480
4338
7218
351
6726
2656
3822
3852
1800
6839
5656
6098
4809
6531
4832
7500
6355
2135
4220
5083
5867
3021
4293
7509
1053
6908
2127
2699
1804
1117
6230
7555
2913
3166
4177
5972
307
5194
5470
4514
5650
3401
2184
5491
1148
239
2576
2598
2307
1608
889
3509
1326
6442
3639
634
3766
2684
5178
5831
7192
3238
3452
855
4260
5292
5362
5942
1428
5987
3818
79
4306
4082
1100
4321
303
2917
712
2558
2841
540
2250
4579
3238
1873
7494
4791
4685
4972
5912
3920
3005
6846
1012
5702
1287
6407
4668
2701
1223
13
2734
4306
738
1103
3348
2200
4485
3478
4766
6740
5842
6974
2057
3937
63
2466
5505
5122
7705
4012
4200
445
5866
7641
2226
5973
5470
894
7268
2128
4572
488
3341
1588
5488
7160
3188
2626
7090
7533
1405
3294
1180
4737
3987
1225
6487
1638
7743
4256
4461
4415
7892
1173
5672
1957
6104
6097
6937
4130
5561
3020
1114
7699
3478
6323
6734
706
5330
3511
7210
3345
2910
7734
3717
3153
6812
2969
3292
1305
7389
5962
3381
2622
2564
833
7566
5360
2040
5912
5752
4738
1043
2693
1244
7111
4887
5771
444
4397
980
2329
2137
4713
3853
2576
1975
6180
961
244
5891
6610
4231
3908
5389
270
4944
338
53
6006
788
5279
302
2703
6523
6961
2763
1564
5574
3004
1831
3735
2441
6979
4259
1316
2714
7137
6018
1391
7005
6718
3763
2473
965
1221
3067
3995
5305
3899
3188
886
4600
5177
2418
2658
3884
4538
2340
4336
3158
465
4897
5489
4868
4871
6717
3755
1107
832
5233
6644
6743
2980
2159
4110
3268
3097
1197
2116
6585
7621
4129
2363
2963
5509
5654
4047
4517
5723
5121
5741
548
5888
470
4917
2728
7678
6360
6095
678
5107
3266
7100
2020
7751
2350
32
1186
7236
4788
6437
3006
7044
6082
5827
4339
7504
6252
1384
308
2076
4266
1306
1562
4452
4762
5135
2452
1970
1638
642
3844
4458
289
2061
3377
6219
2679
6313
1864
301
2683
7002
3502
4613
5820
3390
6946
658
1580
6284
2905
3230
2217
6609
7281
1301
258
1564
1210
445
3543
4229
6401
250
4690
934
1800
2591
4564
4330
268
7232
1771
6814
1226
3813
4052
5635
241
4048
1718
1334
5076
4101
1709
1506
1469
7632
6245
67
5172
2505
887
2706
4766
6846
7454
1960
2806
878
5312
5743
149
3936
6607
3374
2729
6249
993
3217
3035
5237
7181
2358
1452
3268
5256
6532
7515
7662
2355
3321
6577
2632
2026
1313
1384
7181
4782
6366
2587
6515
5273
2151
3030
7168
1345
3139
5013
5193
3967
6210
238
1942
1453
3235
3613
7237
1323
616
3620
7378
737
2061
4078
167
4573
5313
2619
4838
5245
789
7021
4316
2683
7418
6526
1723
126
2756
6132
4599
1726
5809
3869
3984
3454
4613
603
4189
6277
2208
56
7773
7358
91
6409
2938
1276
2053
5509
6059
5308
3134
106
4010
7815
4083
245
3115
2800
2052
3919
6701
1427
3094
7384
6456
2529
4666
7077
3997
3572
6159
6033
2434
6959
2879
4966
7337
4198
2788
4825
7274
3379
4298
5146
388
4872
4382
279
6090
4306
4059
107
749
6020
4746
7333
518
3421
7787
3891
6609
3435
5330
5798
1237
1646
3953
5112
6071
5943
6280
1989
3942
2840
7126
5541
3627
4690
4231
2687
2549
5253
6416
303
1249
1022
4473
5553
2800
7407
3796
5860
704
6006
4989
3682
2989
4861
4973
6024
4013
1969
2768
5634
2200
1003
3192
5807
7218
6090
1912
7351
2263
2355
1837
3912
3221
1494
838
1573
3830
6076
792
3312
5148
1140
3191
4357
6654
6833
1767
7345
4122
4252
586
3972
3181
4864
4943
7670
7104
370
3859
4444
7761
4134
80
7404
7534
569
2848
1066
5700
5506
5595
1202
6987
4493
3493
280
882
7086
2257
3123
1001
3408
2729
2803
5868
4295
1929
1131
432
2428
4015
2159
4825
2068
1169
3889
1073
6048
471
6118
5253
1691
5400
450
6362
1801
3149
1984
4379
6895
5201
1242
3856
7190
6172
5748
5869
2207
4285
2719
6950
3410
5313
3159
1132
2972
6226
909
2521
6749
4718
2862
3680
266
3707
7653
1995
5521
6154
7281
121
5810
993
1000
3221
6533
6004
4093
92
4215
4451
7878
1188
5069
2172
7100
4051
1241
5139
4523
6604
1644
7573
4903
5290
2398
1202
3398
1322
7022
3651
4462
2376
505
6868
5923
5221
1578
821
812
2699
3778
1375
3020
7509
1405
5220
5524
3270
1133
886
6327
2130
6139
6630
3725
6093
6291
5742
378
1876
2689
1799
6616
3970
2998
6836
6952
4960
6236
6032
1129
3923
3536
4409
7156
1991
6348
2247
2428
1434
7829
2307
6860
7885
6510
19
2514
4884
2485
5023
3560
2150
3729
2965
1168
736
7309
4764
1242
6478
7169
2980
4189
7383
4811
5861
631
3009
3073
2787
1413
1270
7502
6372
13
2331
7714
6916
7419
1379
927
3148
3303
2675
7084
1556
1365
4705
191
7380
6645
6684
5387
7548
7896
4549
4571
2944
2511
6953
1164
2908
3682
6563
4580
2682
7765
5059
1643
3873
4394
602
5062
7396
2341
7436
6130
3575
256
4539
5747
1432
3004
5933
1383
6076
2059
3822
6625
4119
7527
4104
6144
1247
459
3808
5653
1366
3284
4117
3727
2055
124
1139
3631
7574
3641
7279
6062
7589
7287
1149
7824
889
6828
583
3484
2696
7339
6499
2619
3721
2278
516
7210
6468
392
1115
2111
6350
5832
2948
7323
7259
693
2461
5906
4228
856
3061
3617
2951
893
5616
2850
7168
2614
2150
4040
5520
1632
1264
3273
2918
7234
5037
3393
6804
3872
6914
296
1986
2389
3748
1087
5764
1758
734
5545
1106
1416
988
6346
3963
4700
2444
4832
2902
6838
3723
6667
4675
6628
7610
1890
1776
2339
4410
6727
1150
5452
6898
1308
1368
6445
6700
7577
6749
3615
5456
1802
364
2257
6071
5422
2442
1412
6138
2078
2010
6814
1957
4134
5750
7718
5491
1918
103
6438
5559
5547
925
2607
325
4930
3143
2752
3147
7404
7789
5484
2299
4738
1823
299
1462
7305
1958
5719
4436
1577
7796
941
4659
5980
7610
7826
5413
5260
7338
6604
3204
6828
6470
5930
1200
6271
7389
4979
6648
1711
1434
1120
5061
3134
3768
4891
6898
5006
3758
1388
2239
2052
1457
826
2896
3307
4052
6694
1870
7470
2783
5478
7567
2086
2744
7879
7095
142
5734
3515
5202
5559
3505
6140
538
6137
2640
3642
1120
7305
6752
2406
3029
1691
6572
6809
5272
1786
713
7746
6605
3335
4502
46
51
6718
2118
4140
5942
1481
1001
3970
3950
5099
2226
4893
3304
4641
356
6000
4707
4528
7252
1419
435
5940
1646
6753
5773
6821
7182
2326
3735
529
6840
5426
1386
7011
359
3060
1130
2571
185
310
2519
1668
2161
5853
6202
5729
6749
7357
4456
5258
1826
2896
260
504
3556
4217
4548
4130
3330
6043
719
369
6746
1354
5645
1933
1381
723
7620
2348
2844
3192
1980
1750
2323
2197
7521
5553
95
4151
1868
9
26
5856
2313
5948
5695
3257
5807
6527
6300
4192
3559
690
1182
5621
478
4008
4977
3562
7038
2
3603
5395
2822
1370
638
2107
6515
1888
1612
1837
6141
163
230
5753
6595
3654
3981
4871
4890
2452
7414
5568
4704
7505
672
4585
2676
213
6959
4293
5275
317
1525
4905
1500
6582
4915
5321
1264
6210
2668
2676
2637
7274
3818
7557
3761
4362
5322
5471
3366
984
5976
1820
5744
5514
3496
5257
3535
4426
3742
4943
4577
1705
3110
3530
1039
7529
7190
4702
3698
3338
3920
54
3319
6631
6381
7235
2749
5978
7544
6714
774
7652
6562
2455
7362
5874
3232
6678
5268
5476
1883
1801
1409
171
6138
1304
3114
209
5934
4020
6343
1731
3132
3497
5263
2715
4226
5133
2316
3817
4197
6706
5086
451
7178
1528
1914
832
3274
996
6927
7138
6504
5939
438
7009
6134
1697
4291
6123
4432
7359
4372
183
2699
4533
5912
2150
2358
433
4587
2141
531
30
6679
2656
3425
4007
4393
5550
924
6544
7894
7659
5145
4056
5051
4355
543
1166
4532
1937
5035
4339
2448
3999
1826
7881
4714
1868
2794
5131
1279
3721
289
1238
5571
2475
309
2363
7055
5734
7590
6503
4185
5124
216
5573
4752
5538
4596
1535
223
3344
976
6109
3102
2944
3633
7473
5716
1292
2129
4098
7289
5341
7237
4864
5547
1265
6320
1371
1111
5468
1139
2381
1154
865
7883
769
1757
7626
29
5886
24
5628
6172
6535
7643
4695
6512
886
7574
3881
3662
6904
15
4684
4315
1078
2923
1664
530
6936
7673
6019
5505
3497
7845
3489
6319
966
1213
858
5180
3229
4489
1368
4084
754
2844
5517
6900
956
6841
4039
7177
1338
3333
275
622
4273
6507
4681
7358
3691
6802
6696
3497
793
1461
7712
6951
3865
1568
6073
4631
1498
6924
3484
3408
5997
5834
3147
118
6388
712
4934
41
5293
4321
6547
4148
3423
7476
1219
6143
2951
5481
953
5878
7356
1507
38
7877
7145
367
4546
1884
2628
2659
3153
4645
5257
1466
6457
2391
7151
5368
3819
7366
453
309
7844
636
7396
2910
5087
2122
7837
795
4208
293
105
1316
7100
345
5758
3172
5944
5244
5904
431
5912
3208
4598
1888
2886
2718
6492
6403
5874
1404
6804
112
1243
4528
6308
4705
6244
7634
3260
1913
3716
4830
395
4991
6819
874
1203
7621
1882
3889
3501
2653
7239
6784
7067
177
1550
7611
4397
5673
2041
3305
5860
7738
921
7646
5918
1582
4587
4142
3510
6149
5327
57
3070
6585
2642
836
2927
425
6333
2643
3918
2470
591
5932
6166
1266
2146
7412
4075
4579
5857
4067
5532
2900
2978
6713
6580
5895
2112
6557
6624
4172
7219
3039
3215
2722
1281
5158
1591
5007
4946
1268
80
2196
4864
6729
2190
2722
4665
5459
938
6523
3654
1815
7428
1103
4049
460
5865
5061
4028
4861
4520
1692
7579
5985
5184
3884
2230
2014
4677
2411
4665
7242
6931
3773
3927
4703
7532
5724
2273
4649
4574
7325
1088
3184
1924
4572
5590
7341
1290
6069
3117
4279
1190
6877
2189
7463
5294
806
6871
7547
1120
3759
5176
813
4470
4271
4870
2044
6135
375
5407
3895
5102
5870
5045
580
1209
3917
1272
6273
6243
1580
2079
92
5618
6347
4948
1640
7050
4391
1013
2427
776
2630
7367
3639
811
1101
2960
7253
3270
5089
2847
5570
2108
4424
4881
4986
7688
5681
2511
6954
7441
604
3611
416
6611
5221
5496
6275
1870
2300
1603
3611
3830
3057
2302
5846
5216
7504
4353
4534
2960
3576
2867
5917
4764
2666
4232
7768
7260
3762
7394
7036
6499
3484
1970
1678
621
7039
1102
3465
1408
3579
2871
2490
5920
3996
6845
3405
5320
4875
5450
6453
3338
3865
6383
4974
757
4891
2803
4030
6597
5990
5834
4672
5947
5479
1407
1791
1303
4911
2437
2477
5778
3026
3243
2299
4986
7319
534
5867
3497
1483
2187
6428
3662
2570
4893
4936
770
3676
7432
875
6027
411
3787
239
4354
7821
7413
5727
4987
5959
2761
6819
5948
2411
4651
5890
2801
3272
4216
5746
3901
5362
3335
1016
4417
4965
1847
3009
6708
1668
1647
5577
200
5178
3502
604
7672
650
5276
5398
3295
89
4209
6272
4910
2052
2479
7176
7471
6043
100
2495
35
3937
7245
4814
3651
3890
2072
4066
5388
5427
6305
703
4437
4837
5410
4924
7307
6632
5151
1032
3367
3432
6988
5120
6387
4156
765
605
4887
4534
25
4349
6720
4182
5605
6759
2832
1950
5203
2523
3387
2521
1296
7413
3218
3251
222
2866
1236
3412
2533
2738
1876
104
5597
5984
2290
2827
1227
7629
4672
7517
240
6595
7518
2129
1446
1877
6047
1688
1810
861
5955
7044
757
7259
4219
4345
1939
7415
3030
2793
1367
5035
4882
619
6910
4744
3165
5451
288
4198
1644
7870
7090
2301
2735
2085
3179
5979
3432
5184
2031
5997
4763
5601
4771
5577
2555
940
1297
7428
5134
7853
3131
4058
6739
1979
1270
6599
2071
4713
6608
2649
999
7471
3452
5627
1293
2245
3717
1847
7339
3781
7899
1253
1351
1054
6443
6083
1840
6765
4962
2106
1081
7757
150
6510
4472
4169
4149
3962
5705
7083
4822
1612
7812
6651
91
7847
3131
4238
2358
5648
2050
5960
620
4003
482
1242
6404
4222
7283
5453
1839
5508
2440
992
5038
2131
5046
7247
4407
822
6679
2046
4875
6773
1676
2406
3433
3762
3928
5905
44
6910
3168
5288
5754
998
81
2736
6789
464
1610
2120
1213
3618
1780
1429
4679
6119
6043
1817
521
4119
874
3920
2811
911
1911
2484
7154
5340
1447
6878
6669
6473
1516
7886
7654
5547
3336
6232
7298
7625
7356
3235
6512
3695
283
4840
1379
5969
6398
4598
2523
3343
396
2191
823
6866
7607
427
103
3690
6863
7017
2177
6909
7232
3583
5596
4734
4516
2335
6273
773
3409
7328
5847
7469
1763
2424
1186
2583
3650
692
4332
3053
4869
2752
3924
7028
7191
4254
3628
923
2923
7571
4089
2225
5784
5282
1890
384
6079
1877
5429
3344
3562
625
7571
885
7768
3261
5780
3201
4623
6873
7023
5788
3787
5991
1185
5287
3870
879
4188
904
3167
1525
1409
935
3215
7543
4232
4567
3589
5537
1707
4562
4333
6910
2405
3537
1202
6992
7601
4404
3059
6877
1154
152
6880
7393
5855
1817
3950
2413
2288
1508
2103
1329
4389
2064
5762
6346
3070
4536
2595
1608
2618
7632
6214
2620
6583
4933
4057
2295
6427
738
7683
7041
4978
4040
5217
7874
928
5277
6246
1565
2219
4572
2515
5631
1876
2342
2382
3899
792
1826
7337
5958
6816
4231
247
5938
2260
3365
7848
5114
2915
3863
6842
2376
5805
3848
307
3271
2718
2642
4866
7801
3076
5098
1141
5966
1390
2256
3849
2780
6085
5995
6585
5664
7840
741
4736
1203
6286
6640
2421
319
565
5904
5790
5655
2819
1024
4775
7804
1702
2866
5480
7658
2529
3386
316
7671
1660
3303
4715
1538
6995
1723
2091
1071
5326
1491
3593
4145
6231
2921
1307
2400
7269
4703
4080
7371
1697
7831
5377
6342
6393
7699
5537
4036
2847
955
1198
4695
5616
209
2514
345
3961
4832
4073
4899
3709
786
7752
5176
1101
7425
5615
6456
5742
5873
3069
2091
4352
5277
5887
4494
3922
2388
3724
495
216
6110
4522
223
3636
2600
843
1170
4255
7229
53
3018
5974
4387
6750
6843
6803
5132
4624
2671
4174
5220
3814
7576
3769
5079
5026
1751
1881
3386
3709
3463
6172
6863
3403
6978
6456
3557
3839
1399
3895
6778
4902
1163
373
1805
4476
3643
253
680
7016
6430
6038
4705
6829
5437
3937
5523
207
2561
263
5588
2913
3733
1944
6266
3440
1453
5194
4458
3671
6818
3048
1114
5617
6613
6098
3297
3521
1351
3179
2567
4043
2261
3967
3461
970
5419
4631
2935
1264
5204
7684
4899
3099
3205
6664
3139
3385
1350
7062
3488
5306
7219
5874
1856
4763
1550
5780
4843
3021
4601
6045
5112
1157
4637
5512
4616
7287
2980
7549
7898
2726
258
6922
405
1711
75
2591
263
262
5792
6968
5239
2329
3711
6269
7179
3485
6006
6313
5358
4858
849
883
3463
3243
3130
1439
2695
3866
7584
6124
1226
4754
4792
551
4996
244
6340
7136
6234
758
2022
6373
1263
51
5660
6187
2066
5840
2744
3131
1302
1949
800
5973
660
3359
1083
3077
217
6591
3717
1267
1080
3293
7479
1327
4925
7310
7003
4478
6642
4771
7332
3192
4211
5471
2109
5585
7365
1593
6398
5773
1819
5461
3653
7162
1480
2125
1430
5814
4892
3433
3489
2599
1260
7543
5670
3257
491
5119
2620
2845
5170
5845
1489
329
6346
2207
5310
1994
2929
2203
4876
4529
20
994
7208
2439
5892
6044
3540
6790
6877
2533
3202
1302
1257
5773
5765
2542
125
463
5633
670
5573
580
6145
3430
7639
7499
3394
5033
3018
4610
3079
6656
4120
2000
4547
3458
4089
6124
821
3585
7292
761
4502
3890
5714
7446
875
3102
5198
1739
1877
5509
213
4736
6425
5669
1670
7429
6035
7353
1361
2263
618
7335
4438
2081
7236
7742
2322
4535
1586
560
6489
4738
4307
2210
5580
4292
380
5964
5823
1048
509
992
5248
7569
5132
7533
7867
7610
5821
931
4549
6957
513
3411
198
7571
2818
5282
7100
420
4073
7261
4775
494
27
1905
639
2338
4936
6366
3973
4679
4951
6239
7394
7324
7271
2399
6534
6548
6395
2471
4656
3145
4849
869
4877
7284
1289
6934
6829
3984
6226
7363
493
295
1208
1480
3523
7827
745
7681
7769
4477
3344
2124
503
6967
6524
7828
3003
4137
6801
3695
600
2821
1493
2315
4461
7033
1375
6401
6025
5526
7396
7508
2737
30
1942
1276
2540
166
6770
3623
2980
1492
7804
701
1761
1512
1330
946
7713
7094
2431
4831
1816
5631
7664
497
1405
1972
1816
3294
949
584
2252
5337
1204
5252
4148
3094
5628
6391
3820
31
5238
6030
5480
1018
4489
6655
1305
6963
707
400
725
6943
5741
1494
4252
5615
5395
6553
3605
858
661
1214
6111
6845
1839
6699
1396
3271
3404
3025
280
2079
1575
1737
5883
460
2754
3280
4492
1833
3701
2070
930
5455
4759
305
7818
239
6220
6922
4851
1585
7000
411
4610
7800
2640
5861
3737
7715
3424
6548
3933
2110
2388
4960
6962
6168
1976
1987
7513
6489
307
6601
57
4245
3145
4045
3827
5760
1318
4475
1685
5106
5623
2
4741
2722
6455
5370
6233
5901
1052
5844
2581
3932
4798
2204
2646
1936
185
7437
7676
181
639
7048
2791
5836
4916
7758
5010
3798
6468
223
4269
852
1244
4577
1023
6873
6399
5103
1018
5418
448
852
878
7380
4410
7697
7182
5753
5007
6278
4397
1679
1393
5911
1019
1287
1978
432
6188
3523
1364
1847
3345
2466
2783
7652
1534
6286
1905
1068
1120
6304
7129
1213
6571
2342
3478
7668
4133
5489
2720
1435
2640
1974
2930
1975
5031
3274
5095
6585
3029
52
1072
2203
6845
333
5311
5160
1615
1247
5240
3490
6508
5671
4138
1573
2343
6392
7251
6388
3057
7705
2657
5810
7462
5419
5622
7333
7148
5442
1005
7667
251
1036
5828
2731
6057
212
3305
5260
1217
3293
291
3911
6359
2766
3970
2683
4355
1396
7806
7598
1134
3013
5479
4972
572
4490
3523
1655
4551
7240
7806
6613
4240
5817
5534
6933
7877
2737
6859
2180
1873
3686
4363
3666
864
5211
1524
1455
6332
6743
2815
2346
5694
2486
2559
5106
879
4079
4494
3225
4924
5488
1992
3706
456
7739
7718
897
5182
4320
5230
2366
3853
2085
7740
4736
1285
615
643
1440
7497
7470
5277
7611
2028
3568
1329
7746
5385
3130
4996
487
2665
7757
4287
6065
91
2868
3074
7558
7514
3913
1877
4769
6388
3292
6053
3430
2591
7058
1742
3039
4668
474
6724
3145
444
5135
2672
4006
441
3069
3168
4162
4918
6938
7111
4834
711
4530
3059
3962
3111
784
5817
6253
3227
1555
6319
4421
4151
2353
6940
7550
6905
5298
1966
5738
3293
5305
6207
6263
5531
2626
2601
2262
1158
7634
541
2192
5202
4776
5605
1792
1713
5305
6218
7080
5727
2673
4129
2766
927
5318
7044
5274
6091
505
4528
1264
5189
3487
1209
2882
5347
560
4466
6371
5706
7093
1810
4538
4143
6118
396
1649
867
978
4487
7082
7516
2573
6637
2561
4019
4117
3369
1264
2425
7096
1505
6112
2897
4200
2622
6120
3796
1137
1885
1800
618
575
3773
1146
7843
4094
613
4134
3695
1330
5006
7555
6959
6870
2139
2816
450
6914
758
2056
7550
5394
7462
4297
2302
2411
1806
1968
1693
5879
4251
2871
4591
4702
2628
7143
5619
1370
2982
3585
7882
854
6315
2638
5014
7635
1799
7488
4653
270
3634
3021
2467
7158
7686
1069
5144
3145
5783
4360
2677
716
5022
3768
955
969
3614
2157
2677
7578
847
5344
3850
6719
6365
3784
2493
4475
4722
5452
5133
1224
5843
4874
2781
2593
2090
1215
6546
6451
4539
4279
6580
2428
4435
4871
622
1463
6815
3724
6195
5528
3162
3739
3234
2714
6203
2598
6796
6031
3866
4057
2393
4326
1804
2545
5774
2409
389
2373
518
6171
4027
983
1491
5084
6146
6400
1638
6582
1342
3022
5843
7552
3785
1801
4938
6079
512
5378
2921
376
1008
2436
738
7263
7089
6352
3731
3374
6131
7505
5635
3861
1238
6056
1765
3889
722
6017
2880
7096
973
7841
5471
5761
1897
6105
7194
7853
2607
620
1259
1170
2208
2181
2956
6055
5735
5279
1403
7258
6930
5032
4977
371
5613
4833
2729
1356
7130
3202
4281
710
2894
4402
4800
7821
3129
2071
1709
6737
7457
5256
7538
7317
5208
848
7200
6494
2409
4461
5225
1913
1788
6978
2662
970
4599
5356
5824
4814
4863
2354
959
1135
3585
2262
1549
2510
855
6830
4481
7047
1203
7472
178
6946
4442
4541
2289
3190
705
6781
3778
5738
7055
3133
4047
3347
7339
336
5825
1323
5079
3159
6064
5465
3508
7536
2052
6307
2375
2817
2612
720
3738
6496
2335
426
4294
3584
1173
3855
5794
672
5790
382
5530
7489
5092
5374
164
2020
2342
6863
5339
5982
2021
4572
2193
164
1155
3490
6457
7051
4788
3091
3177
235
6806
2913
4448
347
3048
7795
5041
59
1829
1929
3921
7070
2335
882
1796
4789
3161
5337
2099
4840
3465
4390
2278
1865
3006
7368
2582
6282
3111
2465
2637
3980
3942
6076
4737
7848
7278
7789
6020
4880
5406
2548
4092
2182
4456
55
5396
1111
1680
4164
114
2493
1946
3673
722
4874
2396
2934
7445
5107
5532
2696
7324
5138
6819
4924
4425
2515
510
371
2145
2217
154
677
5430
206
3330
4750
6184
6502
6117
2946
1652
2130
3419
5711
1279
4346
4340
7823
3490
1833
3567
7518
2637
6147
1449
1590
4716
5660
6442
5103
2771
3731
195
7157
4992
5773
2605
1603
2843
5865
64
965
2030
2241
4044
5830
6870
7173
7671
4794
7354
1485
4015
238
6577
2898
422
984
4922
7686
930
4343
4444
5876
3719
49
3455
2013
4162
2544
4514
4105
1151
1235
3502
875
1818
1756
7288
6817
4449
6541
2785
5138
7268
7892
6777
6616
618
2029
5656
6975
2947
2667
6630
4341
7261
2035
2016
2377
3187
7162
6249
5259
6947
4506
2419
4080
529
5753
6926
5627
2894
2442
5133
4562
4915
7462
2962
4681
1120
7097
3773
3582
3129
3798
731
795
4093
782
2947
5386
2340
1386
971
5719
379
1863
1608
4810
6576
7564
6385
4310
4357
4587
6107
6462
7066
500
1348
1092
3359
4748
133
2563
4556
3716
4357
3291
5218
3793
5605
3577
1280
941
5869
4645
6135
4525
6233
7098
959
2256
398
171
6443
2475
3673
3910
4611
1511
4389
115
1483
5525
70
4978
7861
2973
2985
7218
6562
3302
6686
133
4910
7317
4639
4091
5468
2498
344
4394
7780
6334
6534
318
7623
2136
4907
1636
2137
4381
4828
2314
7748
1581
7251
7511
5851
1596
6622
6189
7364
1427
5156
2685
2649
3016
3204
1381
3212
2997
6706
111
2233
403
4050
6919
5802
4924
7075
1440
7227
2484
4362
830
7416
6670
8
7134
554
4541
2484
3335
4620
799
4575
2096
7899
6371
2783
5189
5115
2891
4860
2497
7624
7833
972
5848
2960
4617
5795
5876
6035
6875