8510
1538
8298
1933
4658
6248
5250
6203
7027
4863
4529
6931
3722
7964
652
3830
4503
1163
8228
8423
3196
4059
5779
3901
3546
9955
6181
8522
3549
410
4627
4643
6914
7956
9572
2687
4354
1378
6154
4149
4161
1684
2742
1751
1234
9590
2805
5067
8968
3613
8262
9863
3234
9447
8925
3472
9782
3089
8890
8229
582
9435
2870
7701
9049
9208
9134
6075
1218
1650
3559
971
6502
2851
3775
3866
6166
563
3245
4717
2575
3880
6267
8399
8655
4081
4870
2446
4608
3823
3309
1681
7985
595
7967
3822
5867
6558
6875
7671
700
562
2386
7311
8804
2449
8821
3524
8960
3987
1352
1945
2687
7058
9629
8314
2125
7486
1233
3199
9675
4221
8878
9977
8062
5462
5162
3610
3141
1286
8216
1843
6784
1045
4908
536
7103
6730
1590
749
341
2307
4956
1847
43
4440
5768
6947
9366
6521
2564
1721
6586
6500
8972
4431
2031
11
8144
1694
6273
2251
3694
4418
7832
9446
1081
5736
82
8013
1562
5117
7903
8927
9185
8855
3279
6463
1812
4945
7108
2308
8390
9901
5807
5198
9711
6447
9750
1746
2502
6137
8824
1969
4928
416
1090
3537
9411
5645
1438
8002
9246
7107
4616
6081
7676
133
9626
4385
2287
3305
6532
1806
5079
3612
9192
3919
766
3370
1668
2196
8753
3984
6809
5670
630
6290
7408
258
9481
7639
374
4524
7009
6399
1232
2203
4285
4905
9004
5031
5449
6609
9384
7848
3118
2563
1641
4465
6233
3768
8510
2496
7821
2022
1178
6759
10133
1709
589
6622
139
9029
7843
7914
2137
2692
7078
9679
591
2521
3784
2424
5203
2308
3402
7931
8764
2982
7934
7814
4619
1999
9223
9974
6833
6320
9406
9295
2657
5231
5754
5657
5300
9195
2793
5489
9314
5482
9567
4046
3282
3332
4737
5073
1298
350
4193
9539
4398
3257
1863
3570
3252
4952
6282
7161
4774
2399
4235
7788
9598
8730
4046
9700
9934
9780
4520
7315
4211
6673
5422
3617
1526
5446
961
6600
8710
5627
5513
2264
6074
3605
5996
2576
2159
5203
8329
8822
10174
3372
10159
5122
8715
4521
4585
9319
443
568
4994
3389
6299
2871
8271
8048
6260
82
6519
6820
4184
9298
3700
6900
535
8334
9683
2966
6328
1967
295
1010
3119
2836
9156
4643
1065
1011
99
5287
3957
8888
3942
8740
9542
170
2726
3148
7479
7293
791
2023
1734
1606
6649
7535
8382
5353
5830
5888
7735
2112
8459
6945
2758
3015
6044
684
4150
5004
6458
3731
7222
546
8123
2523
4699
3040
6423
7768
6837
4161
5567
2517
6013
9197
6987
8842
10050
1870
2461
8785
7206
519
1032
586
1480
6843
9583
5744
2592
7120
1393
8111
2424
1103
7860
5513
6285
9611
4855
2483
65
927
8387
3308
5349
3572
1576
9462
5839
4596
8761
3273
5962
1616
1115
4404
5679
10065
2916
4825
1684
62
4371
9025
99
2129
8371
781
5031
5623
195
5714
8525
7914
9952
6305
706
4222
10134
2707
2149
7989
4209
2176
3082
10128
554
5467
6079
8360
8040
7233
2046
5584
2240
6172
527
8089
8500
7978
4467
788
6111
5271
3872
9957
6256
1577
8548
2006
4286
2500
5564
813
4324
2793
4984
9238
1625
10153
5558
9621
3432
230
1126
4495
9809
4614
8527
2485
7134
7859
2539
80
3691
3829
105
4398
9699
9419
2525
3387
6904
6302
1003
489
5923
7482
5979
9555
8862
4106
9160
140
8346
5975
3297
8369
4564
6476
1628
7688
2411
6702
5854
5115
1704
3853
4040
272
2119
943
10092
783
4415
173
5916
2659
57
8050
113
7583
7880
2390
4568
2276
8681
1851
6108
117
3513
4603
3929
3685
9352
8987
7588
4555
1345
6397
8244
9778
5980
2858
7618
893
5444
862
1982
2378
3972
7861
2097
2761
945
10100
921
6073
7551
9671
2735
4630
4226
7792
9046
892
176
4544
5391
6940
4489
1552
2891
6551
6856
1365
4066
4308
2043
1686
3058
5259
9748
1238
7458
7593
4063
5128
368
7275
4700
9276
1520
4142
9955
4270
2120
1837
6338
4933
365
4108
7905
3562
2673
9536
889
1283
4442
4221
4837
4117
53
6113
4392
7818
4968
4330
3441
231
3378
856
50
5211
8094
658
650
3117
1699
1276
6873
1088
190
5283
7577
9043
6712
7085
6580
3382
2960
4512
1748
4513
5658
3535
8278
2852
9396
728
3759
6853
236
4017
419
5199
7693
3819
8735
2445
9829
2636
6204
2261
8573
8043
8419
5616
2363
4195
950
6533
818
5603
4202
4145
2145
916
9290
705
7070
8828
1676
5163
8062
1901
2247
6499
7471
7073
9223
1962
7618
658
9289
7159
4372
3369
450
5998
9896
8306
3137
2495
6654
3747
10188
4193
4605
3209
2047
9978
6896
729
6178
898
1068
7593
4362
9018
2564
8540
7684
1101
9829
3308
4688
7054
6855
3728
1527
5763
8990
3951
5602
4511
2417
2888
6960
1392
7292
914
5403
7754
8307
1950
695
6071
2835
5224
404
4231
5766
3033
5873
8032
9851
6080
1210
7250
5313
8315
2130
1314
5744
5514
10175
336
8036
2125
2863
4471
7121
5771
3757
9108
4857
1002
5254
5221
3839
3796
9806
3253
4481
8195
4577
8983
5524
4990
4590
3066
1756
10110
7992
677
9352
9793
7526
5383
5858
10173
8023
1334
10102
9520
3363
5798
1392
7102
8506
5331
6323
1137
3575
336
5464
231
776
4065
7129
738
6200
4754
7272
5049
6669
2413
4791
5121
331
5831
6075
2970
429
611
156
4506
5215
4716
966
9619
4414
1280
2782
5118
5267
8446
3519
4552
1623
4541
9727
1784
9641
1879
2609
4120
9615
1331
3607
7663
9035
9896
4380
7841
4574
9068
2765
3594
5530
8735
4594
8344
2892
692
5887
6002
6621
9253
9230
5489
8837
4784
6911
821
4398
2357
7586
4068
5572
8890
6019
2070
6975
3036
8730
5405
9524
7355
5934
6053
1470
9902
3782
4360
2664
9675
62
1818
2103
1353
6238
5477
5843
8252
1900
4270
986
3324
4402
59
8449
897
2471
9091
7232
3618
102
8330
4307
9899
4598
6100
7141
8841
3935
4017
6230
4219
9199
3451
762
8602
2222
2252
5825
5559
7825
6099
1855
7435
210
8601
9949
3877
7020
2264
189
6021
9505
9103
3596
2953
5198
443
4197
1048
9091
7879
2287
6234
4077
8495
7841
1620
8794
3123
6369
9173
1192
9105
4945
985
5262
1614
1933
3090
4802
8527
3235
2780
2972
1321
2107
4354
3649
4630
4173
7435
4370
494
9511
8102
3504
2478
5115
10112
9665
9176
8614
7701
4307
3274
8502
786
5773
1710
7398
1240
1856
5572
3663
5685
3240
9940
6940
6498
559
6015
3183
2680
5526
5906
258
3533
5821
699
4298
8076
6643
1559
6044
4836
9588
6064
3668
1074
1798
9907
6593
3101
6131
7106
1487
6626
4193
2066
8002
1967
8417
7412
9167
3555
10195
680
8239
6485
7198
230
4381
8643
3217
5167
3823
1420
3446
1371
1125
1531
5811
8660
1872
3659
7778
10060
5953
460
6037
3904
7228
4158
5249
3183
8298
5532
205
6519
5458
2044
6478
3448
3367
9234
5539
837
6738
8231
7080
4922
9655
595
2616
9491
2788
4036
4029
4386
597
3068
6060
8751
3907
5529
6746
6504
1366
5741
6572
1237
8005
3655
10073
5749
532
5142
5258
5263
807
6113
7431
5818
298
4076
329
8430
8237
7946
5235
9331
1862
7760
8767
3450
3801
3040
1786
6212
4414
1736
6648
1509
9028
8951
3377
6889
2356
1789
7109
6922
6224
5717
10003
8929
1969
7880
2100
973
5289
7940
4600
3555
118
8439
4283
9417
6004
9363
10024
8762
8070
6422
8953
7650
3911
6099
3631
1995
8708
8819
7414
1559
7536
7486
1369
4969
6579
3737
7640
5589
5950
9862
734
720
5194
7170
5572
3692
8299
2792
1015
5755
9216
7738
6183
1899
3665
1295
2483
9531
5021
5519
6159
4045
6686
9742
6939
57
322
6685
6209
689
7032
6622
4417
2764
987
3364
2624
5200
6395
1568
9986
8109
3629
4267
7197
3004
3089
3535
9219
4912
9207
6757
5864
804
7003
580
99
8411
8061
360
7694
872
4854
1247
4334
4003
7675
9303
4761
3313
9360
4788
2411
5791
4653
6399
8689
5648
541
4409
9018
3219
8586
2333
6487
608
3008
5007
155
8781
7822
4955
3904
6199
6168
7315
9033
5174
9105
8425
721
311
2468
2606
10017
2384
3077
7416
6716
6696
6057
6017
4227
7441
6715
9688
5869
3922
8855
3496
4053
6645
5063
9026
5796
7774
4620
7805
7620
4077
3522
3295
2393
3612
8540
6111
1475
4555
8725
10126
491
4603
2072
7226
1292
6265
1655
6237
7478
4606
847
4883
5216
9937
1138
1463
7445
5583
6099
4908
2004
3291
8757
7421
4382
1861
8451
3014
5784
9947
7352
7897
425
6216
6836
3247
4375
3456
7065
6309
6387
8193
2037
4142
9387
2828
790
5547
6882
6320
8869
7414
9426
3427
7361
304
5427
4680
378
157
8933
5169
9779
5576
8297
6369
173
8480
3627
9875
466
4578
1225
6777
871
2117
7978
3688
4715
7155
4821
1563
966
2545
7428
9352
7008
4316
5173
3968
5122
2351
5777
10110
6613
417
9922
1360
5467
6121
4668
1135
355
2534
7285
9406
8513
6825
1892
9181
4768
8696
4610
1210
1594
7002
9602
5954
16
5195
7983
6106
8816
1813
958
6234
3742
7345
6320
780
3389
1555
5568
4555
3389
8451
6158
9575
829
596
9346
1968
5504
4025
4630
9258
5998
3477
4303
7571
7264
4879
5396
3772
7819
8755
8032
10068
5235
1264
1500
5893
7936
8554
1856
9726
1640
4322
6256
8998
5043
6397
6528
9372
4528
6584
9595
806
5829
9380
3161
6757
6569
3635
8579
8233
8435
889
6052
4162
4717
9392
4436
9241
9531
8399
7964
7559
7510
2908
4015
5759
618
9167
10041
8614
5718
2587
7321
7178
6343
7055
5948
4154
1544
4322
6774
9396
1915
8356
3632
4779
4605
1467
9599
191
6687
7360
3023
491
9874
9829
2415
8910
6964
6404
141
2970
9254
9632
1977
4747
675
5167
391
7064
1958
8671
6044
3495
466
9156
10073
3707
3075
5346
7636
1091
4408
9129
3396
1610
273
7324
8011
734
7370
9627
5099
3871
2141
9946
242
4023
3540
3578
9240
498
288
1328
974
6564
2735
2523
9907
7632
2049
3468
8560
9838
9518
1742
3165
9167
7898
3570
2261
9599
2325
1809
7604
7878
1483
4585
7878
5041
4302
338
8241
6740
5703
1035
7651
150
191
4714
1573
6296
362
1589
9504
1842
3472
9608
8997
9979
4906
286
2333
9650
7710
6548
5655
4369
625
5480
7063
6780
6656
4942
8659
4599
9481
4775
756
2978
7130
6014
8918
7930
202
167
7668
430
3770
9387
1780
9157
9927
5051
6743
7506
7621
7147
2240
9632
3644
4702
8639
8371
8433
8953
4305
7453
8350
8360
882
5286
6722
8714
1188
8142
2503
4341
8536
2822
6354
1985
9076
6404
7029
431
9079
6191
8382
3921
3008
2792
6598
4354
2320
5244
6840
1148
5140
1982
4633
10155
9228
8809
5168
8501
6149
9396
1591
9010
7869
799
9566
3133
7559
5029
2643
6023
5724
3535
9217
2364
3736
176
2746
7542
7175
6732
6394
6677
10040
964
9072
4361
9358
814
4939
428
2035
537
7262
8509
3921
1323
5935
7126
9745
2756
5791
2641
6055
1982
5187
4864
9586
5744
4695
240
9691
6182
1712
5702
6195
8942
2122
6346
9161
8035
10030
5129
2549
4681
6119
9133
2017
92
9069
4826
1796
8371
3989
8366
763
3878
9945
10013
986
5954
5658
1872
2039
9134
4219
2209
7108
7181
1415
1721
9469
828
9403
4737
7696
4572
2185
3814
7961
8150
4215
5894
4265
1786
8862
6862
6376
4764
5866
9802
2516
5179
2522
152
5741
3192
2114
5957
9903
1234
9267
10180
3984
7373
5699
5277
1946
2986
6509
3437
3131
7096
9510
6524
8008
5596
6600
76
9086
10072
9851
4569
4303
1483
6163
1277
8929
1191
7824
521
374
862
474
2185
1999
9016
5641
1462
7002
3217
2266
7367
724
4161
8645
916
2487
5127
7715
3761
7637
5330
8449
7252
1508
1275
146
5444
9849
4122
7841
7897
4834
4356
2753
9316
9708
7580
10076
2320
6474
8370
7826
5917
2010
4159
8173
7608
9924
2712
1896
7163
2164
9697
9481
6425
6489
7389
9571
9159
6737
9595
7964
2012
2980
581
9383
9475
9909
5061
5795
339
9869
6820
9634
2872
1566
9235
2028
7549
1084
7445
9715
8020
10167
9498
2766
4908
9995
1014
7672
9441
6664
10101
7660
2062
6532
9641
8876
4515
7099
5132
9366
7756
2728
2611
9956
1991
3132
3656
5007
6979
3053
8130
3243
9991
2069
9611
9417
5571
2011
4565
1599
1650
6788
8485
9233
1561
55
2357
2047
5617
3211
3693
7057
9019
9794
7195
2013
1927
7606
1070
7126
8699
2485
2041
6331
2598
1799
62
1325
5380
4287
763
6099
9833
1178
5958
980
3572
971
6146
6001
9024
2084
7804
826
9835
6998
4278
9271
4052
8191
6627
7621
7925
7775
5795
5713
6620
8178
6653
7969
3907
1798
6412
467
6485
5790
379
101
2088
7914
8316
6252
652
1636
4157
4588
2582
5520
7576
4905
7053
4320
7690
4769
9193
8914
10096
6070
165
8098
5375
3154
2056
4611
2303
8805
8022
4222
5330
5272
2567
8170
5496
8
4984
6492
1292
3894
9716
7400
4546
1672
3139
7937
513
7817
3501
7652
9939
6221
5052
7009
9010
2586
8596
5663
7929
1298
10023
8775
9877
9872
344
1387
2122
10161
5804
3897
5747
7887
91
9824
2942
9036
8068
2786
4208
400
9821
6379
8915
3367
3958
6239
3418
4052
2838
2823
9013
3963
10079
8100
7327
9895
3104
1712
6051
3004
285
9242
4866
4511
5834
476
9764
3568
3573
2715
2519
8675
10131
9716
8510
4947
6949
3588
2629
5718
9329
5718
9456
6794
5000
9324
9469
8904
7509
4813
9285
2973
8621
6213
4009
7233
651
1789
5893
7386
9783
396
2083
3260
1232
317
590
7701
590
2296
9388
4639
8145
1432
237
5324
4278
4664
10039
351
8993
4177
2331
7758
977
8107
8742
4696
7101
7503
7749
2830
9832
1184
6478
9785
2806
2578
1531
8705
6211
3325
7127
7998
6340
5239
7110
2260
10137
6234
2350
148
9903
1237
3798
1510
4715
8676
7717
685
7349
9367
2693
7925
7333
6796
5413
5714
2407
837
5690
3701
7013
6670
8951
1305
1414
10198
8876
921
2803
9267
1243
2336
907
5429
4126
178
7090
7119
1423
5485
9870
1396
1211
10084
2900
5287
10060
3624
8729
356
5690
4927
7380
7119
5679
5435
1689
122
1245
2304
5052
8853
6933
7179
8389
4337
4634
9509
402
5191
3561
6077
3972
10082
6686
7160
4335
10091
7221
2953
6454
2423
8395
8082
4983
5311
4141
4487
4413
1726
484
8960
8298
1042
8880
5768
7131
8049
4757
7701
8073
2047
2392
1623
9230
8217
9834
779
1009
7067
31
4458
8596
7915
7950
7699
1470
1485
1740
1326
1634
2316
73
8504
4011
7160
6096
8833
1593
4556
8974
4537
4239
3699
6409
8095
6323
8453
4839
5176
6437
115
2843
3653
921
4990
8107
132
9425
9276
8278
1701
6668
3625
6185
607
5679
6783
3131
2380
4490
5758
8548
691
6079
6026
3516
6166
5156
4645
4076
9152
2112
3786
1667
10064
1006
6075
3079
4689
7898
3049
9372
3163
7693
3694
6151
10039
5682
8536
5230
1368
82
3425
8437
7569
1812
8036
9435
900
6159
131
3472
2119
2024
2835
6194
5654
4579
7650
415
726
5670
9237
5823
306
4628
8406
644
5867
5690
6092
6681
9189
1467
7653
704
4130
3372
3062
2638
1845
942
5062
4407
6467
2651
4838
8443
4911
9402
3947
6551
8382
9193
7090
1007
4706
9412
3555
8301
6082
4371
5054
9739
7595
7032
228
2025
3397
9106
5068
7711
721
4218
2670
7631
2754
9764
4359
8402
9957
3258
9089
5016
5653
8116
1306
4328
4694
7687
9296
8382
6502
7235
6104
8663
1850
5692
6235
2200
8818
230
2568
1441
10168
2910
4099
5590
4953
9811
9369
5788
9599
7022
7029
6483
3160
440
7569
6028
6337
1086
7001
7786
6051
6172
6957
3277
5320
4007
9396
1479
1981
5870
548
6864
5816
8524
8235
7962
6004
3489
6906
3836
5081
10161
2829
5452
4576
309
8864
7477
8890
7255
3998
7128
9981
6160
8369
5291
7264
8972
6324
2389
3068
4140
280
563
7844
890
5803
6507
8498
9103
6741
8390
7658
2740
10026
1212
6405
4707
3461
5684
4031
10080
8502
5598
1532
6867
5708
2444
2385
9882
9624
5264
6251
1364
4197
7343
7156
2754
3769
3174
8976
5574
9530
7730
2202
3686
6725
7745
6615
4171
7660
9782
8628
4365
7894
8950
6585
9369
4444
1265
2363
22
8166
2317
2391
854
4433
3022
1058
3866
545
2818
9994
4135
2083
1502
6546
9783
8947
2994
6102
5532
2275
6923
5051
5317
2081
5657
2366
7313
4818
6343
8842
3428
5644
6309
4569
35
2894
4471
8742
5453
3927
46
9252
750
3562
1774
522
10194
3936
1938
5741
3258
1522
5423
2989
10036
2505
4303
8425
3625
3704
3554
3865
7361
2622
3047
6491
8949
8436
6362
3865
1332
8948
2626
5577
6203
2091
1111
1844
2267
9292
1134
3459
7709
2896
7531
4763
7212
8763
5600
5606
2016
9261
7863
2531
10100
6904
6196
8283
4583
2331
4502
6090
8544
6311
1022
5719
7256
8366
1496
3452
3437
9583
9788
5616
7946
8999
652
5379
4576
391
7030
8326
3865
9383
684
5083
3620
2369
1747
7372
18
1295
1369
5198
3970
3808
3395
4339
1048
7375
2443
5325
4574
7737
3796
8217
7364
1576
4562
1531
3442
656
3286
4740
9853
5425
2565
6136
5051
1041
4202
3666
5256
728
1145
9554
595
9380
4563
9594
6783
9629
5901
9012
6681
9052
5836
825
2311
8458
9416
10036
3772
4476
1100
7445
4100
2151
1956
4750
2383
282
6616
7718
31
196
6335
7021
771
8266
5717
5946
2344
3744
3153
1977
6627
4717
1145
645
9859
5478
9304
4702
6608
15
7063
8783
5362
6238
8146
8221
4128
9897
5602
3728
6701
5627
3810
4578
3160
2875
1521
5443
2886
6368
6683
4279
5756
2435
2463
1052
3305
9515
2824
1397
4004
5961
7078
2534
7020
2787
3718
3659
9548
4636
7111
9190
8520
118
8692
6867
3487
3178
6345
84
1947
2375
409
987
4371
1141
7124
5521
3772
3842
4809
4959
1182
4212
2195
8836
6435
9680
1012
96
8821
2345
4316
5188
3804
7545
2832
6151
8071
9778
5228
18
10145
9260
2777
4946
602
428
9735
383
8609
1525
9225
9637
5048
9352
1402
9078
6260
9096
3253
2105
9175
1499
8745
351
9822
6975
2903
9074
9297
8467
1576
1530
7513
502
666
6824
2313
6647
7700
5115
10039
3714
2259
6120
9638
2334
1331
8852
3810
3521
8401
7233
7420
4527
4391
1755
240
2637
9418
7616
5970
9345
1436
1388
9822
9513
7553
4567
7278
214
5123
2768
7546
3535
8439
9363
4764
629
9335
8884
6908
7078
8131
3447
678
7254
4605
3378
9372
3448
8182
8467
1417
501
768
2971
6374
5780
6687
6738
7151
6075
2797
8157
8911
3898
6877
8014
2198
9101
1856
8482
7468
5284
1737
939
9515
2809
3674
4750
5056
2795
5912
594
1654
5085
1404
7550
9112
6566
8931
6884
2231
1868
3280
6068
5423
2923
9389
423
7822
6186
7706
9911
8316
881
696
4858
5471
7821
3943
2288
3993
3198
8922
6672
9666
4205
2544
8138
8980
8066
8794
1635
9244
1389
4991
3476
6993
6317
5050
6553
3519
9216
4072
5667
7919
8841
9187
4841
1723
5320
2934
3821
3461
1144
7465
1584
4897
8384
3749
2086
3900
9140
9923
3912
9805
7993
8027
471
920
3277
4087
67
828
4953
6371
8432
5319
8677
5771
520
9983
2189
5406
1799
1711
921
5302
9717
5849
987
1268
5742
5487
7651
8545
6961
2554
8700
5999
7101
5494
6286
1200
5950
2383
8137
1990
5202
2041
3314
17
8882
6556
1171
7461
3927
7093
2253
2097
5435
588
4303
9374
4543
6002
6404
4635
5452
7891
4621
3272
1020
8581
4460
8768
2014
1239
3774
8959
9862
2889
10106
8686
7257
1235
6675
5510
3941
8165
1673
9575
1217
3317
5692
3936
4381
5604
8990
6471
9297
8245
5473
7627
4120
8701
9867
1597
7818
1262
7502
4663
3381
4767
2023
1121
9865
9920
9210
3624
9176
685
4579
3386
5710
3385
6191
7515
1504
1479
7584
1499
2588
2733
4955
6971
857
8922
8619
5754
8768
4016
5083
6518
5513
9248
1134
7834
5409
7858
8378
7579
4694
1826
2010
4381
4626
4417
9059
10022
3425
9851
8861
3433
9550
681
5118
5023
2229
5763
145
8066
7840
2859
3802
422
10146
261
3844
8098
2136
8385
6903
8335
3954
5675
5015
1158
6115
2366
6063
6593
7836
2477
8849
893
9754
631
2459
6840
5993
5359
4880
7552
8696
6010
5011
2042
5223
2997
7008
6324
8523
9019
6839
6998
1640
6176
10129
867
6471
6676
7185
3366
2564
4676
1155
8055
8918
2455
9377
902
5148
1113
1410
3564
3983
9255
7836
8886
9748
5297
5302
362
9541
3282
2881
7419
8357
2405
5101
5030
5868
4692
3342
572
4591
2721
842
4637
5550
8770
7429
10084
3660
562
2039
8465
9473
9747
6558
9733
1031
4702
3347
611
6893
6404
8603
3938
3187
5635
7838
5348
1623
2993
35
4253
1126
8888
3761
8289
5853
3139
85
6979
919
6557
8380
2412
6301
8443
6510
2386
7879
2512
9717
5397
9841
8499
9358
1951
8199
4245
2553
5025
266
4968
8947
583
6469
5153
4719
2117
477
8150
3063
2123
3281
9531
8253
5107
6886
4994
275
5160
8348
2835
9903
6953
6404
4663
3098
6294
7811
9534
8285
2668
2651
209
7877
8041
3339
1681
7511
8134
9782
6969
9779
474
73
862
1003
7560
7795
9817
4945
4560
1679
2697
2069
1502
8488
8583
2148
4855
5465
9450
5409
5506
9596
8718
4044
4623
6376
6069
4417
9572
1846
5869
9123
2735
6092
2437
1777
3734
5465
9
3509
8665
8378
2554
3514
8799
8949
9272
9707
3144
638
793
2363
151
3634
7241
424
4142
2836
1313
1493
3133
68
9474
3726
6446
1635
1166
5912
7563
9835
1493
1452
6207
1154
362
3744
6484
2769
1628
3298
1433
3138
1678
3142
5866
7313
7137
3033
270
8003
1668
9139
7494
1116
3370
8301
8005
3310
4948
1490
7854
3957
3412
2442
9070
9941
1203
1291
4122
9479
3339
6397
816
8649
8474
9870
4019
5092
5654
6052
4895
5450
30
6520
8763
6792
9457
8452
4250
8436
868
10075
5822
6155
3123
134
5152
2802
715
3192
8342
2136
2257
1108
7878
4816
3920
898
8587
5382
2404
4726
2210
4647
9138
9460
2444
6731
9474
3892
9345
9759
2068
838
5947
6371
8940
5095
168
1536
2897
2539
9272
4517
6529
2696
8601
9843
8138
3934
5449
8111
9266
5242
1825
8593
10154
4099
9527
6474
5497
7366
9707
964
470
5682
7507
7402
7863
2186
7483
5803
1203
680
6333
5450
3753
5990
2164
8772
1777
4478
1529
5730
8898
185
4553
2449
688
7723
4460
2037
1330
5930
2226
6204
9047
5609
3495
4309
1344
869
5034
4338
6326
4958
2936
7956
8576
5400
1717
6729
6461
6787
9751
10026
855
7324
7075
9477
461
4059
5898
7969
7306
5582
4411
2574
1800
417
3134
2624
8676
5072
8207
2137
3208
1388
5592
9827
9389
1295
5255
6374
3852
8972
9142
1568
7702
6187
380
7527
7892
9797
5764
7067
2415
4499
5317
2645
4763
7220
5990
7836
164
1739
7827
1050
5304
3198
5417
9736
7204
4190
5856
286
3931
7441
7445
575
9543
1036
3580
8860
7191
6708
8477
8884
5852
8452
1379
2789
2883
4672
1837
905
9197
2362
9045
6663
1641
4892
6655
2949
3706
3078
3583
5832
8183
6374
6218
4848
8891
4108
5100
8381
3137
727
4475
1042
5818
5483
1514
2664
1567
1120
5893
4136
6650
9551
5120
3474
7758
9594
4240
7724
9552
3348
8853
9476
8138
5826
9531
2157
53
8495
23
1805
3936
6262
3880
2037
1547
1674
4876
6539
10147
3828
510
818
920
6829
4399
9283
4188
2583
8872
1129
3180
1548
8569
6843
8847
9290
8018
3857
8096
7059
2432
7893
1364
4780
5655
7950
4760
5799
6754
9832
5028
6689
2318
6617
9403
7970
5083
3841
3207
8476
7422
8460
7927
4108
10104
1177
8399
6586
759
3406
2401
4119
8890
6328
2565
9147
5351
9750
6604
5103
5806
8019
489
6923
9981
1237
9217
4910
4482
68
9460
6722
4249
670
1751
7801
2811
3033
4389
900
5967
8150
6343
2527
6043
3514
7890
7042
6786
3175
3652
8165
5224
4609
1706
9994
3151
728
9967
9812
6790
1610
7331
8204
6006
537
6768
7179
6501
114
8207
8860
5066
9781
2345
2345
2097
26
5080
2859
6215
1876
7302
10069
7743
9342
128
878
7023
3675
2465
8725
9601
4526
6693
3642
485
757
96
1933
8085
2472
4355
1680
6416
9784
3728
7925
328
9540
161
2548
5836
2031
9547
1089
3953
1446
1177
6801
4210
4676
10122
650
6867
3937
999
98
3888
8490
7176
10152
616
2327
199
10096
9618
48
4506
4991
1986
10188
557
7640
8910
1513
7174
7556
8298
4574
8040
1663
2064
298
9083
7871
2962
885
7450
1453
8250
7381
9742
7037
7055
2979
6363
1501
9881
1879
1499
3752
7690
945
582
1842
1966
9235
9739
982
7440
3953
819
2261
1329
4837
9250
7477
5122
5938
897
3084
6159
2642
4588
1984
3808
434
6112
2876
2455
10162
4925
6107
9884
2868
8841
5222
8772
6763
4898
6678
53
9476
1946
3581
6960
4511
4684
9098
3339
6172
2562
8683
2627
5965
5370
10119
7540
772
9460
6950
4443
9744
7960
5097
8217
2760
6805
6660
8307
4874
9949
10118
2246
7180
1709
3871
1237
4899
2785
551
9282
4769
6680
4846
6659
4251
3928
7477
6866
2650
2120
9714
5392
5337
3886
4670
2093
4927
4369
1365
1639
1692
7582
9609
3543
9926
7733
7760
5869
6004
3875
9195
1075
6711
1238
4958
6639
4759
6076
1269
4537
8187
7373
2507
5349
1618
8416
1707
5377
9680
1589
1756
8733
10139
3430
9958
6107
2916
9643
1553
5814
4349
5241
6529
3371
5213
2182
7327
1899
7981
4201
7050
5679
3941
2570
844
9520
5154
8812
8541
8538
7502
8640
6599
3361
8938
9379
6010
5638
1659
6565
7611
1447
1414
8617
6902
4936
5077
8175
1247
2640
3251
4290
8549
6988
9931
5485
1245
2020
9524
3599
9877
2745
912
8636
10055
8492
9669
3949
5902
1327
9806
5469
874
6139
8119
7813
9813
6074
8377
3805
111
846
3591
4673
6260
790
4241
1678
721
6479
8363
9836
6198
7433
6515
5468
6355
3845
1119
5971
4420
6383
4533
1321
8433
8716
8295
7626
1095
5709
7706
9105
5938
5547
1911
8118
5417
1400
8966
292
6935
1176
5302
9310
4182
3101
2881
2483
9057
4532
925
2439
7744
1323
6386
4906
1176
6413
7313
5915
1891
528
4737
2311
2497
4318
9026
4674
9192
5265
7611
9395
7813
4838
1370
3547
961
6145
57
2044
8377
119
8821
3097
4114
655
6526
6558
8021
86
6097
2493
6874
9233
9110
144
5075
428
1479
9974
4014
7088
5592
3722
9503
8544
2288
585
2852
1876
9424
5891
5241
3053
2378
4089
7424
8649
7972
8254
2083
4955
1036
7357
9188
5416
3587
5557
939
5015
9349
7445
1264
3570
10027
2561
6494
1473
7690
9413
4900
5162
7955
78
2705
7821
2585
3448
7054
1299
9025
1844
5583
2088
6490
9829
2756
6952
5356
7230
5000
5077
9548
4081
4341
5257
7308
4415
4380
3216
8772
7165
9053
3869
4851
5560
8099
738
8598
8637
7120
3829
4910
8011
4712
886
2249
1279
2866
9771
6687
3734
917
9480
7594
8676
4031
8738
3913
6451
3386
546
4240
4291
8050
6354
6799
6201
7593
1860
7085
6251
139
9305
1938
195
7636
7830
8628
4084
246
2533
2305
2555
8866
5189
5192
864
9683
3783
7828
4521
819
4641
4447
4551
842
7113
4851
9039
3473
4699
4067
2631
6322
1567
5549
5977
7629
1377
7391
473
1580
6119
7890
847
6335
5121
481
7654
4125
6245
7551
1453
3137
8856
1762
6143
9520
320
2088
1010
8907
8152
1872
2469
1293
1203
1541
7858
9719
1680
2325
1688
1322
5906
103
4166
6490
1248
1441
289
1557
9195
9408
4520
3951
8317
5560
2682
9853
8773
6345
1141
9859
50
8879
3567
2530
4742
1998
9791
67
3195
6486
960
113
2709
3229
7175
7055
6488
7609
9110
6088
4408
1889
1467
9040
3950
6859
8966
4017
649
4754
6233
5685
4701
3940
8904
8837
5674
9930
648
6996
7444
358
5875
5180
3092
1223
5479
2470
9413
6888
9198
9977
6695
6342
7074
3962
9644
374
8792
8165
7611
5429
4050
4371
6399
4630
6295
8644
7594
10182
10013
10116
6593
9025
7169
9472
10028
1353
3847
8025
7524
6825
6268
5755
7447
4260
5882
4342
10025
4049
9999
6126
6084
9491
5041
143
2691
2166
8593
4540
1195
413
1008
7129
9459
3085
6885
6568
8512
3797
8901
9198
288
157
6848
7912
6309
2167
892
9450
6868
2314
1552
2318
9422
3105
9219
6828
5855
6937
9721
2960
7157
7262
9925
9617
8193
1046
6628
3454
8957
8942
8942
7076
5528
7507
3235
2458
3114
3355
467
5202
92
4210
5431
4334
3459
8667
6393
2560
3782
4052
4299
2925
921
2554
1436
3507
8959
136
9812
4272
8387
2541
3286
1548
5300
4800
1637
5436
5207
6829
9000
7964
7638
9058
1579
4343
8087
9443
3408
4952
3396
3707
2740
9530
7788
9342
8526
3463
6652
6032
4868
5081
6538
4224
9318
9266
2757
2470
5315
5152
9233
2697
1886
6989
5874
5176
5633
6568
4208
9738
9518
3695
7966
3774
9823
6232
5183
572
269
1813
2974
3295
2918
4654
3504
6177
928
1734
5113
7772
7408
3576
3836
801
7572
1525
7913
59
2060
905
9260
6563
2797
5460
4615
7706
5810
9142
4523
9713
2332
4486
5743
9255
1782
5964
9112
3712
7762
8693
10083
7316
4450
3251
461
4776
1949
9577
4861
595
566
3683
804
377
817
656
10150
2230
8696
3899
715
7135
6249
10046
2859
9187
1448
3530
4397
9468
3524
8508
7290
10194
8431
3550
506
7272
3372
4622
6686
2296
10010
8807
4182
6517
3714
7243
7071
9844
6598
6320
5968
77
5928
8087
7336
1285
1015
6256
1841
3873
5171
10132
2816
1811
9675
2745
2082
3789
5595
3316
9580
3123
4370
7209
8218
9899
1564
2188
3887
10113
1729
7221
6664
1273
1617
4280
8398
4594
1843
4892
2409
785
3002
9287
3807
3209
6659
2855
5051
5651
8401
9829
6443
3047
205
7076
1776
8881
6125
5483
2699
5224
1052
3466
10070
2306
2908
2261
4978
8025
8256
2288
9842
344
3511
4851
9259
8086
5752
5526
3076
8056
6018
1508
9107
1639
3990
10008
7268
2123
5984
8161
8746
8689
6527
2734
4523
9070
7653
404
8
2004
7766
4557
7195
4015
8259
4176
8436
6880
703
3172
1573
8987
3062
6077
742
1490
148
7694
9593
9687
5438
2249
6706
4585
7381
8863
9516
1959
739
3927
3664
9900
775
6625
5936
3373
3561
7072
2417
3420
212
1901
2687
4025
7583
4183
1380
5098
1563
2960
10170
4819
9223
5930
5696
2346
3150
2570
3290
7105
5384
6160
6250
5596
5994
8522
2827
198
5240
4676
7363
1716
87
72
9387
2282
6458
2017
8873
3156
9879
9155
4225
396
1335
6349
63
4895
4499
2079
3537
6682
2839
9390
1561
438
733
4415
8939
7058
866
9039
5617
5003
7231
3740
6947
3510
4923
4421
5536
3840
9508
6095
4367
5589
2449
3485
10053
526
5522
7860
7058
6772
9730
7718
6103
4523
3063
8600
8260
6276
4131
2683
9680
627
4480
604
5821
9121
945
3639
4824
654
3223
7058
429
4111
1865
6
3163
3726
6038
1775
4157
6341
9851
8384
7472
1352
672
5976
3351
3438
6629
2088
3301
6968
1662
364
7739
2640
1923
8588
6599
8717
1823
560
2638
3262
1262
2246
1109
5295
5908
794
5524
4169
4011
2411
3404
4824
9223
6543
7507
10018
6259
9070
3680
7048
10160
5635
6758
2017
181
6581
2487
6241
7348
9823
9891
9601
7064
7054
5928
5824
5288
8819
8950
2800
10033
9872
6845
5676
245
5576
8953
886
10182
2289
3179
2697
1229
4631
1630
9938
3113
3828
6488
5445
416
6853
2091
1983
5220
8616
4289
9869
10034
3114
9428
4110
5548
1263
2365
364
9152
4004
3125
7340
3489
9578
3984
1844
4398
6540
7980
4058
4331
8400
8809
6844
6896
6488
3532
4254
7483
8031
1062
4108
4740
5236
4339
7659
7463
3618
4154
1032
7327
988
6707
5422
7668
8545
1835
8218
9925
7759
4966
3261
5096
1133
10164
8438
409
4858
9526
7412
1988
3668
9701
8334
9207
9533
4126
906
9297
5809
7816
4307
5063
9155
3773
3956
5799
4890
3288
3244
2837
4974
3251
1615
6934
6982
5801
5496
1553
3544
7333
4641
533
7505
6937
3250
6769
10066
3858
5958
2701
10
668
7091
9969
4124
4003
4550
8017
7520
8235
1062
455
9198
5814
6730
8417
3481
4562
2804
5360
5966
3434
1808
2701
3342
4576
4956
4249
8806
3391
650
4138
9157
3017
1544
3377
9479
3178
9105
4168
3484
5306
1061
5976
2973
3324
1198
5430
6606
8467
3005
8666
360
7068
928
4991
7664
639
5535
9854
8102
6839
6263
6137
8047
8984
3382
9441
2133
4196
7894
8115
2151
6487
6728
7615
9258
1211
3067
8270
5727
2210
4568
9476
7125
4779
4457
466
6282
8489
5547
8221
8054
5802
1580
9690
3378
6338
7832
6383
2798
4622
9460
3972
2281
638
5264
742
150
659
389
8598
6186
8438
9700
6172
6492
915
4267
5021
8759
6073
4658
4016
247
8102
3934
3809
6406
1846
1111
6195
9247
7312
4857
5656
1050
1329
218
2854
4438
3554
4828
8955
7087
4820
8097
6594
6274
7411
218
5306
2758
7258
4743
5731
8457
7563
958
7252
2686
3150
1353
7264
3988
2143
10156
9695
3381
6750
9247
5225
7790
933
5298
2786
1958
2196
5401
4621
6324
4497
7759
1924
9438
5401
5094
6404
1476
6191
2453
2669
9673
36
4021
2798
5157
8028
2629
3999
6429
2875
2487
9381
4690
6951
4034
5260
3640
7896
9280
3536
2748
8868
5522
7482
8027
4178
6935
157
8257
868
9104
8081
739
767
3683
2787
9208
6519
5360
7079
2210
4030
527
2238
7856
3137
9288
3923
3017
1791
9050
3938
1827
538
6405
7643
9247
1916
8266
8937
8094
2359
6722
535
4159
7848
5464
2984
7826
4884
5201
1434
9496
6358
8777
6957
6464
6412
2413
7954
8682
4610
10047
2929
6084
3780
5318
2364
7886
4484
2290
3928
7727
8572
1355
5183
4571
5858
989
7135
522
5274
8553
5485
5546
9347
2235
4208
8642
2145
5783
4078
1921
4695
7112
6271
6861
3212
9175
7183
574
9033
635
9582
7525
1108
1140
5454
3074
4715
9297
8586
8574
3973
7193
1360
3641
8347
9896
6605
8710
7846
3030
3853
3291
4297
4754
8436
7348
6935
5558
1410
2232
2292
9997
5035
4580
5062
3180
9905
5963
7087
99
1916
1353
1973
2758
4563
6057
1713
8814
7996
6860
7747
4495
3750
9522
2060
4197
1981
1719
7527
1438
7875
5623
3163
62
3834
9931
457
3763
10000
3227
6772
9583
7736
8044
5842
270
9859
9979
9946
9105
8314
7928
7629
8360
557
8387
2754
6049
148
465
8048
5817
8246
1371
724
6679
4508
7711
5047
7870
5308
7957
8663
9308
8063
1215
3647
5147
7504
5326
9026
2174
8840
3825
8512
7256
2100
2479
8660
7612
3383
9144
7724
5127
466
101
8470
7955
1941
6911
7817
558
7892
6066
3085
3745
5674
3320
5020
2032
1615
8705
5899
7086
1565
1255
2863
4103
2497
6392
7915
2168
2579
8484
7225
1766
6975
2493
1089
3927
3390
3737
7001
9418
9925
4316
7938
6790
4746
4325
5420
4677
1331
2876
7810
9100
8393
5705
7237
6396
2701
3217
3193
1394
6875
4971
1332
2579
9704
2876
7883
8026
8751
171
2448
3884
8771
4193
6185
6218
5833
9240
1814
5621
814
3125
9946
6177
4066
1896
1495
1780
4586
4593
205
4930
7653
4404
2955
6153
3427
4225
8217
9489
1155
7340
2459
4782
2547
9337
4136
4821
7701
4391
10111
7667
1244
7698
327
9826
1377
9553
1127
8695
168
313
5184
574
8140
3429
2689
8628
3167
5446
3311
9380
6442
7662
393
1169
5257
5560
5919
6332
3439
2281
888
2008
7113
7937
8500
1558
2212
7071
3033
3729
22
6630
536
6716
1313
8944
3675
4474
2968
4003
9464
5098
9695
6195
4312
3238
772
10187
5819
8906
9213
2584
9456
6933
4613
7919
2596
3303
701
3052
6309
1844
5358
7203
5899
3868
4781
7240
3387
1776
1448
1208
751
6451
8737
8182
3054
10175
9900
4722
25
1870
2660
2782
1538
1725
5059
3768
9007
597
490
7298
8503
1890
1158
441
4576
3553
1663
5570
3020
6107
6839
3283
3461
3335
5227
253
1729
4719
429
6216
4645
2889
297
8907
8429
3750
8865
8355
7814
7372
2801
9821
1737
3938
4674
1281
7990
3216
271
4740
5992
7647
8245
7860
7633
6872
291
3431
9394
4471
1501
6637
6671
7390
603
4900
3422
1019
811
8684
5903
5370
10158
3071
8256
3609
5085
8033
9959
1697
8138
6531
8749
7989
996
10089
3109
5933
8100
5035
9005
2308
6848
2106
6783
9282
3210
789
5179
501
2487
2269
9322
835
1007
8
9480
2029
9597
8855
6048
2392
6668
6901
860
10032
5252
1008
2933
5632
8451
4182
1026
4307
6337
6830
281
8312
858
2167
8385
5914
434
10159
565
4148
9688
2371
4411
330
9237
2704
8309
6030
6589
8230
5427
9226
2601
2151
4648
1091
938
2171
988
8518
8297
6046
5757
774
5994
3508
625
9844
4240
7020
6569
8657
7191
488
2621
8163
5653
6698
9032
8267
7753
1003
4560
8353
7293
6778
4568
6736
9815
392
9466
6538
5414
5734
381
8790
2202
9032
3415
7631
4056
2171
6897
4972
2842
5717
3334
5426
8212
2081
3286
1527
4238
3232
5111
2832
403
2842
7801
2404
1521
9167
2695
973
3419
8400
7887
10151
2304
5454
7722
1754
6963
1566
8364
3186
9623
6175
6261
9405
5677
9618
9548
8288
5173
8565
4415
5061
8249
8893
8541
4879
561
8286
9363
6517
7237
3586
4601
5070
8040
8441
5627
4475
4881
5094
4266
8047
4589
7127
4268
2926
641
9069
614
3318
6325
1498
9161
3576
5990
372
585
1950
2179
6387
2354
3845
783
6113
3231
3108
3566
5010
7363
5855
1307
4987
6718
5101
1370
986
5085
6881
2988
789
10114
7330
3554
6393
7817
2428
9823
6309
4753
9237
9776
5131
1108
3739
7788
1922
5226
7142
5862
1970
3721
7106
2541
8093
9161
9252
10091
4658
3203
5690
5702
3452
3664
2233
2287
9394
1668
4940
1921
65
2662
5351
6025
8418
9603
5789
6442
8295
1929
358
9565
3062
2102
6649
9163
6667
6476
8954
9319
849
2706
3684
9334
3237
9469
6790
3820
6762
2427
4939
8936
1301
416
9180
4655
2119
10072
9227
1008
1444
2706
8985
6456
2061
7669
9900
6333
7307
312
8095
1205
7816
4714
1445
4657
1048
8050
697
614
180
5563
9782
1016
6484
2444
3945
6122
10077
1742
2309
7421
9757
8527
277
4663
4153
8869
1162
5827
4958
4736
2073
2033
4566
5618
9050
5684
7996
8192
4043
4099
4826
8839
2626
5626
9047
8893
1996
5612
5876
5404
1558
9858
1580
7322
3268
1727
6511
6775
7959
7142
6610
1797
795
3273
9928
988
5726
6931
564
5302
8814
4685
1966
3100
9865
9282
8539
4461
1377
6993
8094
5077
8538
3442
4936
9662
5294
5859
9775
2854
5835
2994
3497
918
9570
6968
9422
3848
1693
9107
10171
8315
1433
4183
3009
8944
9835
6026
3604
9221
704
1537
5340
5311
8514
8902
4641
7528
4714
1460
4418
4740
7283
466
7391
654
7928
4705
5937
10118
847
3830
5102
3337
4989
2704
5400
7518
8118
762
9348
1890
6258
10041
4792
3386
5993
9203
369
3627
3736
1273
6862
6081
8942
8842
2049
8301
3916
9544
7800
2836
376
6010
8324
9014
9237
7912
9515
9678
1210
4998
7223
3882
4284
3166
3820
8059
2167
6453
4932
3653
6081
7000
3520
9485
8358
9824
1723
1051
3387
8185
8742
6412
10149
1167
9775
4588
9256
9897
4348
9789
3338
8550
535
6242
6310
6368
10073
968
837
1760
4254
6977
8880
1990
348
5543
6689
2578
7166
8669
9835
4341
3527
180
4230
7923
4720
345
412
2735
2007
2976
5091
1334
4312
2711
6673
3979
8556
1013
3205
6014
8266
5709
6204
9415
7347
4163
7616
653
7809
6526
1907
7712
5522
2609
6463
7442
9418
3220
5467
5036
9388
7054
2921
2503
5213
5653
6751
2815
6407
5439
5864
5733
9527
3646
10188
5093
1125
6955
9436
6177
9470
3855
5762
2919
3289
1829
7052
567
8277
1025
9359
5377
5239
501
4148
2868
918
667
149
6577
2810
8639
999
3355
3923
5263
1478
301
2669
6421
9901
9907
4774
4233
396
2628
8590
2815
9499
2436
3334
6663
5390
122
8220
4046
3410
2896
1534
3650
6056
8636
4103
6455
7808
7778
3071
7127
835
7947
6098
838
7211
2435
2864
1218
815
3413
6285
6340
5084
4010
3111
8168
9189
3162
2263
3365
203
9002
5730
370
3974
7970
5385
8310
509
2762
4011
6455
9335
10000
9944
7027
2889
9275
9989
1843
9710
2381
8202
3181
5502
9936
9347
3985
6503
9923
3015
1891
2351
3967
3074
7035
1087
10094
1566
4273
3150
8470
6753
8726
1190
6887
8369
10062
1674
4894
8893
1154
8218
8908
5307
2249
5035
6783
3852
6278
7015
9225
8895
2463
4890
9152
5303
5619
3391
9938
2799
9371
3336
5532
10113
2210
3749
5673
9784
4942
8047
264
7576
7038
8716
2257
7907
1449
6128
6058
4454
6207
3787
9250
9598
3951
8144
7550
4151
632
4824
7497
4762
1884
1411
9114
2553
5457
7581
3117
8343
676
6826
1864
3135
5724
4910
3402
10032
819
161
856
9771
1448
5056
6948
1914
1215
5569
953
248
5586
9626
9650
9129
7594
5313
2596
4868
8897
2541
5104
2396
3398
3657
7674
9212
7698
7351
7969
1971
6121
7215
6499
10161
4399
2295
3118
9648
57
2133
8199
5940
2786
6920
834
502
7378
8181
3289
7988
217
7194
6952
5909
1463
2562
9316
6946
2518
1853
8390
5147
840
8269
4927
6585
6170
7372
3297
2984
8906
602
577
3541
3977
9626
8166
2125
4921
3971
2482
8301
1040
6856
3021
5697
2155
9566
2110
440
4944
8992
2060
4843
8246
7001
8203
3158
3905
5885
517
5218
1469
2363
4068
10181
2006
5647
2557
1042
7492
1931
6250
7649
83
5361
8136
8893
7465
2797
95
366
5503
227
3627
114
8349
9051
343
361
4900
2877
9533
1014
3909
6214
1464
1356
2922
1501
6747
1910
1940
7110
4979
325
4744
5450
3347
2148
9978
9501
1349
1120
6449
7166
5086
303
3067
1249
2837
509
1207
8925
6196
8788
7455
355
5036
3158
6610
7131
5127
6046
6229
5048
3238
9895
3796
8383
8714
5039
8768
8878
6638
10137
6716
627
9882
6286
5595
4131
9101
3226
639
8588
2088
1273
8751
7478
7982
1133
7908
5454
4594
3717
7985
4721
963
1516
1773
1044
4606
7003
7522
4233
8495
6930
5267
2121
5715
188
5219
9920
7951
7808
7038
1944
1105
7948
8490
338
1553
7557
4327
3616
1776
7238
3709
8682
4713
254
8940
10011
5962
9552
8444
2664
709
4446
9852
7641
289
6006
4778
4291
9983
9925
8218
5788
8298
3918
2009
5039
3322
9506
3688
6479
1297
5835
9450
4611
6931
4388
3646
3311
1457
9154
6247
9541
6419
3975
5968
1749
5382
7812
7237
1745
487
9266
3279
3710
6746
2948
3452
2985
6297
9115
3493
255
2842
1313
2339
8264
135
1899
2258
4076
8317
1605
9211
5211
9539
1611
9907
7954
1801
7981
4790
10083
4852
4360
4916
7364
7096
4678
6698
8497
7272
1770
9878
3359
6295
7292
1680
9491
3887
4242
8851
7238
1331
789
6961
2974
456
467
1221
6292
5219
6755
3833
2826
9696
9397
6500
9782
9533
6218
4401
1615
1717
7204
8913
7433
1190
3193
6214
260
1527
6573
8249
10017
3461
6030
9458
7201
881
9314
7422
2681
4026
6716
2363
5965
8951
6776
3704
784
1225
3042
2974
5705
9547
3455
2459
8082
8199
9960
2818
2421
2019
6046
4363
496
3167
6361
2468
4109
6171
4780
1078
4113
8950
9362
1320
7810
1338
6835
2231
9061
2412
7756
840
3987
7206
7156
9307
9598
4352
6014
4043
8665
6614
2329
7351
2976
4839
1847
5047
6161
5739
9483
7671
8914
1415
10095
1018
7896
1351
3654
9922
1916
4172
6004
7120
1245
7663
8716
3985
1758
481
8055
9218
4588
6445
1393
9519
2470
5299
8072
5643
7766
8044
6228
3815
7270
7742
6496
1891
1145
6399
2395
1195
2106
6103
8050
4124
7322
5540
8807
1922
7475
5963
5625
2540
3007
6402
3292
5054
7374
9197
10117
7519
2254
5906
8731
1521
7987
8374
6635
8663
1413
1098
7721
4635
4155
8904
5326
9099
444
9300
9090
5304
4010
3440
305
4229
2576
2861
6755
6867
1128
6146
1989
4741
2912
3378
8874
380
559
4566
7566
1102
7700
6766
1055
3004
3319
4326
9528
1173
2815
486
5018
6750
6070
6384
3239
292
2904
3013
1307
6573
4928
524
3757
9057
6301
10009
1053
7673
3088
6454
5941
9789
4061
7279
3802
1494
4840
9733
7662
7286
2707
6735
1330
9597
6740
736
9445
8088
5266
9995
681
316
1946
2268
3737
8159
7331
1944
4045
9004
9932
5882
9926
362
9642
5235
2015
5743
522
2438
3202
2385
7346
9503
4346
7553
6073
5765
4522
4423
2873
5917
114
2411
3640
8536
5583
4187
7291
3658
6724
695
5423
5029
9936
8559
2185
3508
3674
13
7726
6504
6123
725
8373
5728
7808
7670
5896
3201
5307
7299
4405
7928
9612
8227
8698
5419
1039
3533
4476
6020
2516
7781
1540
5201
1055
9241
7608
5082
7062
2204
8349
1000
7459
6674
9492
6782
1576
6900
6791
9625
8782
1126
255
9772
1061
2715
5878
6090
8497
6203
9273
7120
2655
197
195
9526
4497
9254
3515
6220
9251
3640
2075
1822
4026
882
6469
4982
4027
1063
5763
2746
4402
6248
4151
3720
9686
5875
9169
3508
3765
8934
7364
1561
5442
674
9407
994
7954
1366
3293
7630
2884
7370
1120
274
1500
10197
4525
46
5891
8346
2719
6373
4638
5089
442
3117
3039
588
690
3304
687
10162
1580
8522
2226
10102
2604
9677
6380
1856
6809
2813
9795
8534
1259
5241
9452
1096
691
3848
2650
367
4680
5327
1156
4854
5910
2801
1757
5659
9372
3772
5884
2974
3601
4454
50
2161
1093
9641
333
912
3524
1334
3384
9564
3216
3625
6102
7566
10082
3086
6052
4961
1315
2084
7671
1698
7183
2416
3269
7225
460
4530
3847
3859
3906
6715
3470
4608
2443
7632
2348
5981
6176
3476
6242
9838
361
4307
8978
2995
372
4393
4498
71
4530
2193
6916
1131
2942
1364
659
7269
5456
7374
9359
1666
3813
10016
9289
6724
3102
9384
5475
9768
238
2999
8949
9155
6845
4685
3547
8153
4188
2431
4850
1319
9895
4393
6916
7537
5338
10043
1108
4468
7502
1349
9742
9913
3605
4214
9300
8089
7298
4670
7941
7240
110
182
4329
5912
8747
5523
3255
4603
10117
7021
7110
3560
5888
5693
2363
2161
2242
4236
6404
4087
7055
4068
1195
9987
701
5190
3764
7895
9913
351
7167
3272
4383
7293
7446
2285
2117
7815
3660
3122
5308
3006
6001
4449
4784
7011
618
9363
4811
5598
8580
220
1373
2673
1097
4045
2681
6938
6579
5376
4819
2099
3795
4330
3494
7103
3288
5223
1956
9667
2887
3899
1484
7001
6329
5099
3381
653
4710
5158
4414
5631
1670
7900
4884
8063
5368
6658
3170
263
9456
1230
781
1887
8732
769
2847
6769
5970
3997
3109
8447
2464
6254
7468
273
3898
8901
3375
10009
5611
6392
6436
3710
3095
8862
3934
9230
7654
7852
7557
143
1638
5084
5052
6594
2041
2133
4452
4252
2703
9692
7799
47
5207
4112
5835
3238
3310
2180
2240
338
8769
8508
5584
1667
8599
5483
2405
8662
7585
9526
4850
4471
3799
2272
4790
7169
6472
9743
692
8417
1512
1823
4118
9206
586
8830
1128
1476
1103
723
3063
367
6499
1281
2086
9351
6285
5741
5389
7128
2458
8270
5389
7928
4154
5897
639
1594
5521
952
10081
6119
3982
9
4538
9028
4381
4716
3726
8536
8699
1042
9158
312
5212
6577
6570
1648
930
287
3004
7744
3335
193
2309
2345
1430
7910
471
8119
9331
4966
6441
1883
2079
5374
1484
6074
4884
7713
9270
3158
6668
1406
224
1992
978
9740
1621
994
6817
4922
7956
3336
2585
5548
7431
9986
2073
7453
8808
9600
5866
3741
6024
8488
4494
4542
9895
8317
3894
9309
6943
5873
7439
2212
8381
5033
9635
9505
4421
4755
3215
3530
3318
5875
2117
9650
5524
7754
3255
9286
8037
8597
7894
4304
1589
5582
999
5874
5497
1713
393
4820
479
5046
3383
2265
6374
8996
2748
6093
4085
1913
6966
1298
3904
5610
6825
8333
7658
2887
1720
1598
2313
6622
2362
5981
2849
10020
3945
7083
5293
6943
2789
8852
2391
3866
8740
8063
565
476
6166
3647
5177
8247
4978
3883
7350
2795
6326
3802
7231
1962
8141
4940
3725
3786
1568
9741
5700
2307
4356
995
5440
5555
10157
3400
4246
8057
8752
8654
6906
2276
8556
3401
3324
5710
999
6438
9775
6436
1660
6448
5026
2525
301
8424
3253
7335
6972
200
4727
9441
1978
5818
343
1422
7495
7450
135
6989
2633
7628
1573
3668
4291
7300
2262
3809
8663
3268
293
8449
7843
1828
3660
9267
5409
4893
8273
1985
8814
4584
6746
5466
322
10061
6170
3367
7828
10103
7603
6715
7683
1098
2709
2630
6477
7346
1527
6141
8891
6648
2446
1723
2741
2379
9114
1578
2980
1038
4955
4905
2301
7879
1790
7937
5296
5913
609
7784
1332
8043
82
5376
5594
3202
6963
10170
1201
864
3593
2292
7138
5043
8467
1217
7363
3444
7041
7475
4886
1190
5268
4057
9031
1862
6748
9413
5686
4886
4702
9330
3187
5490
3427
5747
7331
7784
7751
10071
7672
4227
3017
9057
4075
6792
10153
3970
6282
8614
5191
1596
3423
2669
7524
9945
5172
7177
132
1493
2365
3975
7878
833
4952
4904
9216
6829
2316
1407
6774
5587
180
2895
7800
5277
1196
6182
256
2270
7361
4597
7264
9732
6986
5942
9143
6926
7089
3715
6168
6622
4161
6453
4254
8104
8507
7658
3272
2610
8045
9987
6155
701
6438
9783
3581
4562
3683
5884
8631
4186
7821
2693
1884
1789
3315
6640
4784
2684
7835
4618
4632
146
172
842
1519
7040
8890
8050
9903
1996
7253
9140
6642
3190
7102
8553
9745
3750
7628
8411
10160
6235
7365
240
1164
3365
8432
220
1863
3942
3682
666
9446
3413
5575
6727
7419
538
7977
2396
6495
9451
8447
6233
2660
7719
9735
7369
2788
1876
2703
2770
8622
8511
3572
7579
6045
5171
8349
6639
868
5412
2524
6120
3466
7891
3631
9673
6423
1255
2301
2942
3891
8584
7798
3580
4849
8882
2559
6405
646
9417
5165
1433
8210
2626
3607
1301
1291
667
880
8785
9534
8845
6191
10137
10145
3181
3446
1597
5314
9649
3619
6512
1972
9622
5335
8167
10029
9745
5075
8788
4227
5301
3718
346
9945
52
7717
1085
6932
6283
9327
8938
75
6619
5937
9311
2974
251
5430
9339
7705
7834
6533
1093
9257
6449
7550
4390
8569
905
9403
8553
4805
5704
2192
3519
7225
8320
808
3519
6855
9293
330
8078
7731
679
4003
571
4216
7079
1531
4589
3833
239
8023
5409
4025
2609
2883
6474
8124
1440
4734
783
5187
3122
7605
7437
603
5275
8435
7078
1415
3110
3416
2157
1957
8277
8297
9308
1514
349
10035
4447
5709
6342
7286
1771
1219
4626
8425
2136
8836
3315
5243
9143
1373
5683
5087
5406
8817
7631
3681
7472
10176
5735
218
3605
7854
2798
10129
9584
7797
9809
8126
6325
2922
1027
3147
3432
1388
9580
4686
1534
565
7330
2680
8853
1192
5492
4636
8059
991
121
1638
2502
5109
7671
2046
4021
3064
8028
2981
9624
279
8966
6122
5783
8582
4696
2168
830
3342
5657
1414
7878
4568
1463
3535
1048
10083
6580
6413
720
4479
7226
7254
2496
4088
868
5545
2660
3267
8309
6721
9607
6097
10070
2290
6473
6704
8884
3186
7038
8356
2927
7200
448
147
8019
6362
585
6327
438
3327
6316
2297
8120
2800
7525
2705
4974
5958
4293
6149
1154
6416
9699
6639
8560
3463
1249
3219
10053
8315
169
7724
3351
8534
1716
4006
9457
1536
10140
8783
4627
7478
6827
4912
2791
4971
9686
6885
5427
6684
8256
8862
3365
6818
7935
1209
9712
2887
3494
255
305
9770
705
4211
8813
2631
3882
8313
10025
4511
8200
4699
3872
2805
4050
5340
7468
3387
9297
873
2535
9319
7112
1354
1313
4286
1023
6684
8954
6831
8617
8845
2915
4820
3935
6631
5037
2715
4030
3276
2683
2691
6376
8038
8675
5918
225
2214
8767
6332
2403
2311
3879
2581
9207
9665
9557
3035
7457
5838
8608
8458
7677
3118
8667
3609
725
8076
4447
887
7603
4099
857
3060
6742
4767
7783
5400
1913
8100
7435
5633
37
6961
7516
8067
9181
5298
3257
2519
3812
1599
8234
5460
4282
1488
4615
7277
9526
3394
5977
5747
7263
4394
2758
8188
6230
9310
8477
3349
8900
8384
7932
99
2142
4130
1270
4508
7886
6706
7166
7962
2625
9545
1392
6243
247
7656
1015
7674
6649
9732
173
6732
8605
7526
5843
8802
1502
276
9343
7638
291
9514
2014
4502
7625
9066
4639
5181
9740
1937
1892
506
1122
6518
5780
6803
7797
5295
4399
7047
6974
1294
4570
3223
8900
3192
557
7930
9874
1773
8433
1869
6733
8761
1312
8044
9750
3978
929
2856
1236
30
2868
284
1162
3049
5217
9433
3878
7088
7559
7277
7281
3001
1576
5113
4947
10064
7761
1478
4058
2076
5568
3103
5478
2902
4399
901
4305
9764
5137
7582
7283
563
8498
679
4615
4816
6133
4634
9932
8575
2344
1781
7758
2906
7277
5203
7230
4070
3976
7207
8045
1495
848
7436
352
1702
2601
3423
3683
589
6695
4767
5008
8628
4581
5605
4898
41
5722
4913
9847
2888
2542
7609
6935
8649
6309
3541
2046
8606
5238
9987
6348
8225
592
8985
8777
4960
4750
213
1741
1380
6924
441
2061
8299
1819
2621
2264
2716
7151
954
9648
3049
7948
2157
4008
4940
5588
3798
6882
5878
2566
3016
6220
2941
1547
4326
8597
9313
7132
5551
5685
7203
4071
9633
318
2119
4602
2549
8874
10195
886
2660
8787
8579
5440
3194
638
3930
8127
4664
2220
9154
3024
5052
504
7948
7270
3380
9664
9798
8779
3026
9586
7916
659
9930
8027
10
4563
9033
6037
6474
1831
293
4607
3466
9277
3721
8569
6965
8696
1816
3535
6538
6057
4938
30
1971
9782
2754
3788
499
6726
10181
6405
6971
1414
9680
7359
2175
10180
5978
994
2291
1132
2776
5962
677
4358
1093
7876
5835
5706
8395
7797
7133
6414
5956
4680
9147
8451
5529
991
2505
8679
3379
1704
4779
1089
6800
2267
2
9035
3772
7637
6772
7043
5886
2218
286
8521
927
543
3801
4474
4263
7936
7184
2282
1847
4293
8247
5141
9056
2606
6541
4246
4226
533
2155
1984
8857
1150
7767
8096
1923
4327
599
8642
5489
2314
3689
7784
9467
9558
4984
2826
1280
7048
8637
9291
8086
279
9021
4397
8609
7007
4557
1749
8581
2169
1279
2026
7554
2335
6890
5643
8655
1894
5563
432
23
4390
6744
8136
6557
4739
8329
5737
5486
6045
6145
1249
6564
1984
899
8956
4804
1614
5115
4773
7038
8109
1215
9076
3660
4136
6730
6853
5196
6362
7963
9192
455
1406
7582
228
5724
8269
1434
9959
4509
356
8472
3810
2876
9434
2640
8783
4999
9436
1338
8911
7714
3703
3617
4916
9208
5546
2409
7
8726
1306
9981
8340
5298
1766
2323
132
10099
6512
7297
8424
453
2908
9367
1467
4668
3204
1475
5686
4166
8056
5819
4352
8894
2073
9523
2372
2789
4256
3376
283
4723
1616
5400
1346
9003
9193
709
3704
1362
5603
3567
4510
3847
6389
7089
8664
1892
9515
9247
8961
740
9014
2924
5394
4866
2980
2657
1141
8080
7913
6701
8237
7753
8879
9992
9653
3253
5349
9278
5369
4654
5534
5690
4740
1283
783
3338
9161
2621
5667
8448
2153
8417
5486
3148
1763
7815
7640
1318
1026
2694
1914
8138
8893
2274
2418
8245
5070
3108
5454
6722
2468
6636
8504
3676
177
10089
683
2458
3210
4620
1237
1768
8757
3068
9965
6234
8145
2374
3375
6098
2871
8276
4860
7446
3716
10065
3407
500
2951
7729
9851
341
2789
5718
4284
2553
353
5012
5553
6750
5282
3123
5647
8995
2612
6815
4421
6174
893
6879
9358
5117
5353
5294
3858
9934
1333
4767
5983
6172
7250
2112
9217
2096
5548
1313
5925
1251
92
3666
479
10147
1830
238
8523
6348
2860
9273
152
4273
9097
1773
4439
1768
9386
4321
2384
5248
1910
2326
4932
8816
8263
271
4060
548
9792
6721
4118
7526
1194
3973
9371
8337
1811
1539
4656
7254
10118
2054
3216
9067
6530
6248
4804
7798
6042
1304
830
2213
2391
7272
2658
3087
4081
2030
3303
7118
1609
9588
1846
7513
5938
3447
2584
675
4467
1209
3009
5697
3196
9125
9441
5693
4425
8970
7662
8688
6017
3205
6175
2684
8883
171
1855
464
7620
7475
4717
301
7869
2324
2032
3055
5829
1075
4776
3064
6119
9550
3919
1914
3159
4218
9077
1494
8493
9679
5675
7113
2451
7581
2388
3840
5394
7189
4558
2852
4143
8003
3693
1256
9094
2555
2649
5073
8316
6504
2020
1508
10051
5343
7874
9202
9027
2542
9324
9838
7106
7584
4935
8127
3053
1067
4646
8906
450
1495
4422
5651
8025
2550
472
6504
9254
2786
6295
3165
139
8322
717
7876
7421
5038
9960
686
3060
2956
6997
1463
2529
6712
2299
8186
6206
6365
4070
8944
8115
91
7430
4299
4401
8186
6734
1412
3995
8131
8547
9392
4692
1133
7957
1703
8375
3008
7811
2673
5872
1657
3723
467
4312
6792
4131
727
552
8569
6941
7157
9122
10006
9687
7806
7572
3215
1086
2522
5806
6133
2514
4717
6025
9261
8798
4788
7396
7163
8188
6124
2260
3787
7858
9036
4437
6827
4309
2050
5535
6774
8530
543
2558
5323
2643
1635
3306
5586
3004
16
3428
6354
2724
5452
3228
6909
1555
502
2417
2113
2209
9777
3325
4271
6238
6239
2626
2743
4942
4428
6534
279
3476
1297
4499
6222
4009
3647
4554
4403
9322
381
533
2218
1639
5963
4343
7775
1995
6840
9744
320
2968
6255
6572
4439
5553
3395
3886
9525
4768
8077
2154
7696
7762
5777
728
503
901
6818
765
2327
2069
3215
3372
9946
4110
1090
6365
8080
8839
2597
9466
106
2593
4864
2747
3029
6396
2287
3129
8184
3039
4668
1264
6981
1203
5955
1137
2309
3478
10187
8792
8461
193
1277
8705
1941
3154
1488
661
8931
4094
7714
5692
8958
7080
4274
3140
3646
3965
5621
8104
7356
3858
9569
7378
2410
4880
6867
7613
9725
3486
1971
9374
7457
9362
3660
9654
3008
2575
2386
7063
1347
4966
9019
3549
6795
7360
5462
10080
170
642
7692
4253
8741
6066
1334
3277
7652
707
7881
4749
3322
9456
9337
6601
5116
277
127
7217
8555
7508
2940
5693
5509
5186
3509
6312
7830
8554
7219
5175
7390
7552
4961
7092
8422
7179
3261
7318
4516
8814
4427
746
8910
3159
9132
3933
2934
150
5826
4415
1847
3759
4699
6811
6451
5819
8918
4130
8323
7593
4493
2432
1873
6401
4977
6742
5286
3144
5702
4894
700
6259
7227
4866
8976
2732
4059
4345
10171
160
6568
4334
6261
3703
2274
3940
4549
1521
506
2635
9539
5740
3486
694
6542
10086
927
10036
6608
2979
2952
10038
6430
6963
9750
2872
9539
8716
4930
5536
3893
10058
1807
4100
2943
3409
7406
8745
7144
723
3578
9693
7708
3718
373
4187
5953
8023
8888
1395
4125
1902
1148
7715
9193
5948
546
3376
156
5165
7083
7256
6293
3742
7801
4508
2344
685
4857
4070
7344
7518
7673
5797
9354
6452
6562
9856
7168
7828
9832
6479
4935
2793
4081
9815
3477
7754
3350
3129
3590
5979
3743
7915
8245
9861
2443
5164
10199
783
2167
8717
5830
2809
9617
30
5778
6148
904
8282
627
8356
9472
8543
2782
5477
6594
272
7374
3320
6775
5235
4840
5224
8282
9084
4382
4066
8646
4176
3961
8670