2756
991
1106
1821
1847
1084
2419
338
1732
2169
1562
930
1630
2144
1030
1436
158
2297
2855
971
2182
2270
2085
1622
2096
830
2736
1310
680
1216
2184
354
1126
357
725
2812
2689
795
2966
2916
1368
2200
1365
2349
2030
979
310
2943
2171
992
162
1451
1511
1780
2854
1299
1092
1388
445
603
1416
1783
1035
1594
1677
530
2910
456
1139
1230
226
1751
1395
2630
2894
1063
2122
2562
1893
2055
1854
2954
1267
451
336
1040
218
588
1124
2619
1150
2466
205
750
2085
1043
1977
436
2388
522
2558
2959
2858
1495
2021
2980
2139
1822
1833
2347
1515
2975
1814
2071
2485
2150
242
1297
1512
1980
2964
2111
2452
862
901
119
2658
758
786
2367
598
2683
2842
2352
756
2628
637
2759
884
1841
1933
562
1688
1689
581
959
1117
2098
866
1095
1517
2219
2970
437
390
401
1501
2553
608
48
164
571
2730
626
2123
1848
2437
1898
1394
869
2554
2048
2297
2962
917
2572
288
1605
2363
579
1417
63
647
1984
2354
1231
408
2617
1221
1047
2916
1137
1743
1690
1640
870
169
787
901
733
1947
1984
2126
16
2560
2558
2342
2985
1188
1707
764
196
1594
2633
603
2705
1887
1274
1428
2289
1889
2687
229
2083
2560
1235
2201
424
1101
2408
2474
2693
71
2182
1930
2201
440
1599
1668
2243
1142
1986
2332
1188
1546
2432
1109
2413
2028
1638
377
1338
2758
2247
1502
2060
283
882
1872
516
1374
1884
185
821
2368
741
1267
1021
698
1690
1299
2359
857
2425
1418
1920
104
1633
1977
402
362
492
2532
2650
726
36
1440
469
957
2663
289
748
768
1064
2663
368
130
2514
464
2342
481
421
390
2464
2826
2210
2348
760
2268
698
2256
233
689
641
2374
881
217
1074
2210
2550
726
631
2727
1941
1709
2061
1024
2100
1065
1030
2296
1660
164
1247
320
590
424
1087
2253
1266
2928
43
2238
2022
1558
453
661
2480
449
1859
1930
2352
89
853
1412
1966
1827
1522
944
652
919
588
2069
1162
637
1845
416
262
2254
2262
452
1656
1261
2396
1818
1315
2078
36
1031
1785
2872
1307
725
2482
2368
1955
348
2149
2278
1968
2904
247
2696
659
1172
1817
1255
2665
150
1760
1347
1775
436
1708
761
1087
438
872
245
696
139
650
2343
1693
1102
2027
1983
2398
1714
1889
28
492
1611
559
1732
377
1867
505
1489
2387
2401
1704
1922
318
537
284
330
694
69
2571
2561
581
1753
2412
2339
2715
2072
252
1224
2293
1943
50
2446
1878
1742
345
2625
2990
1036
840
795
1375
2579
2227
1821
1486
493
1179
545
738
1379
370
1649
2342
1439
232
1400
2521
190
606
869
778
109
1705
1760
2902
1622
1628
116
1900
2268
372
2718
1660
1093
1034
781
461
2191
708
102
1267
187
2882
92
2026
1261
1879
2310
412
2897
768
1590
1439
755
2018
633
2703
1873
180
2960
1939
2436
1705
497
2159
2164
2753
2049
2937
2132
436
2574
756
248
673
918
1982
654
2399
122
945
937
2576
1020
925
1455
1930
1322
941
2810
2961
2411
345
864
808
1003
2173
1180
1030
1518
926
2268
1210
850
1120
983
2023
2842
1044
467
1281
2402
1312
2448
595
2090
1956
1601
1249
827
2852
2136
2520
2644
859
2353
2806
202
1637
1246
694
1739
1115
2128
1339
1352
2304
1627
2611
2863
1175
2987
464
2458
195
385
2124
1491
903
149
1750
114
629
134
1645
650
1313
1344
2677
2704
1911
2327
557
2454
1046
2069
392
1550
912
574
1387
1196
1482
2430
908
928
1767
374
1603
1593
563
488
1674
246
1113
2713
1028
2979
2095
115
137
983
1070
630
182
89
1552
2671
1867
2568
1387
1279
497
978
553
1812
255
1227
2430
103
1080
230
78
1236
1077
1657
949
2764
1896
2921
2946
1185
1878
2956
570
1323
2510
1643
2413
2677
1577
785
1994
649
2354
179
1993
2021
714
1468
2720
381
1630
2729
2783
1153
2685
2769
905
1890
2408
2213
2276
2531
64
226
2663
1810
2831
764
2093
673
2418
2699
755
1212
369
2672
2740
2524
917
853
1089
76
727
2978
1153
1167
1204
1291
380
2805
2950
1644
1059
902
158
1981
2711
2089
415
1854
1183
2574
454
2462
2724
2714
1675
2651
107
2828
2760
1764
826
1247
2054
2385
2243
333
2932
1287
1214
385
1658
1737
422
2259
1567
2469
1409
848
2182
720
796
145
1683
2453
1826
917
710
1686
24
1418
2960
1713
753
1155
1228
485
679
2320
1822
435
650
1786
2329
1450
1072
2183
18
1757
2254
1573
612
118
1785
1535
2995
828
1441
2239
2695
1814
2042
1210
1658
612
2620
2271
639
739
286
2173
2186
877
1604
856
1293
2755
669
93
393
2942
627
2755
1226
2385
1905
1688
1251
1508
1117
1353
2589
1830
2995
2550
1389
2646
1744
2460
1550
1548
184
2499
864
1069
2867
449
19
1227
325
1283
2408
1288
2703
2559
2269
2134
1079
267
2576
2264
731
1156
2758
2361
1765
2889
2130
641
2134
2249
821
2254
1392
1542
2310
700
2167
1184
2381
218
1265
2335
992
202
2533
2339
217
2358
1187
2304
2673
805
2578
886
108
611
2966
424
313
2874
2687
465
644
505
2950
806
1838
662
2264
1203
1825
2317
1529
143
1512
953
1885
52
1224
2616
717
1611
1566
2430
681
1593
2071
2356
1055
1890
844
2542
2292
1399
1256
2062
2044
2599
2023
1094
27
2174
477
1413
726
2022
1875
370
1458
1832
672
1223
962
2784
316
1594
215
2637
824
2742
2177
1921
1583
844
154
2431
2837
827
1214
1308
258
106
83
2799
1181
2010
152
1978
172
2651
2828
742
1654
1411
879
1146
300
2121
168
147
993
2822
324
712
2468
2594
1716
193
2382
2409
2231
942
1129
1820
1839
2021
505
1340
2954
14
1973
2414
2887
266
2926
1512
2029
1954
2961
1158
2850
1475
207
1158
1684
2751
2799
1981
379
353
2236
43
1755
254
2021
1705
1918
234
2143
2241
1585
1161
2982
1562
2297
2341
2003
2767
2946
2207
2704
1289
2314
2677
1935
392
1239
800
2465
1870
2398
2214
1965
1906
2315
2279
2363
2901
1776
1403
1754
2388
2602
556
2966
2199
2623
2490
11
2077
2182
522
2297
2645
2226
655
974
702
2243
1780
866
1331
1160
72
2949
764
129
911
344
2011
1501
2421
1589
1707
1853
1464
1924
2089
2266
498
2995
2418
1359
2899
1804
1926
716
22
1087
2750
2680
2537
185
2105
103
1027
971
2707
2274
765
1817
1265
1990
1458
308
1043
865
2610
2442
1970
546
2829
1465
2760
583
2130
2303
350
568
2239
2389
1872
2381
537
2382
1263
1907
361
547
771
32
1851
781
2489
1361
387
2819
955
2764
2156
1805
2188
2471
343
1680
1017
1697
2555
1506
2629
868
965
2097
2818
408
26
372
2976
2067
399
56
1226
2381
2314
2091
943
613
2241
315
16
1711
1703
75
2551
2806
1703
2777
1801
238
1006
2821
2183
2307
1138
1002
1413
552
2651
2175
533
1254
2018
2011
2696
1696
430
1658
2404
1860
1605
2845
2162
1632
1315
1356
2252
1280
1272
1810
1898
1979
361
1772
599
837
2412
1118
115
1358
716
1420
1570
844
2679
2766
1059
2546
2123
2209
11
619
2128
1014
522
1889
167
836
558
2581
2987
995
2096
2737
1045
2939
23
2245
1717
617
1027
1472
1545
2854
97
908
1057
2038
2599
202
763
928
1768
2818
2400
2836
2689
2874
1534
2654
1522
326
295
1844
2691
2974
2725
1858
1390
2292
1430
2657
1597
648
932
1478
518
173
646
674
2019
2524
1691
213
2249
1162
1044
920
548
2596
2936
2980
2746
2913
2582
1428
1137
1600
969
1243
2776
981
2596
751
900
2459
1170
347
2234
1113
1255
1438
980
2380
2106
1855
935
1321
503
2190
65
283
1163
1981
881
1394
2934
76
585
1824
90
2230
853
381
2273
634
774
1045
481
998
603
66
770
1727
2238
1120
84
365
1256
2999
1260
1719
1866
947
2514
730
2430
645
2603
81
1298
1391
2686
1222
1976
847
1407
91
722
197
2293
1830
1177
2239
465
1070
1936
157
1168
2406
699
2066
2102
2201
2285
1828
1804
2132
1439
1987
2702
2424
2625
2512
1867
2856
2197
742
1442
2039
115
2807
940
48
2806
2326
452
1460
716
601
981
84
557
899
1474
2164
1477
866
1593
2938
1974
1583
2253
2640
2726
1553
2421
2597
953
1136
1296
2802
1881
1415
1884
1199
440
713
1662
895
1249
606
2925
1575
447
2204
2218
1178
368
286
1222
198
902
2450
1642
2505
292
377
998
828
2961
595
355
1584
30
208
647
2386
1335
84
552
552
1864
1628
1906
1
1464
1063
2037
1988
2466
2483
355
2163
1094
2810
621
1783
163
1143
1487
774
660
711
1785
1332
1042
498
2974
2158
635
632
1944
2133
585
2882
1647
2010
2768
2272
1905
2534
727
2989
31
445
1690
2054
1612
1096
297
1767
2326
1109
2352
2552
2277
2105
97
1783
2091
1662
2661
1093
1451
1576
498
669
231
1869
1379
2638
1973
1733
1962
770
1598
729
204
696
237
2428
1325
2288
1219
1790
1289
2287
1085
839
525
2781
2664
31
1572
2576
1325
344
488
86
790
1728
2616
2241
787
1988
2590
2884
1781
49
1382
1984
166
935
748
1460
300
2629
1581
2177
1130
1074
2408
2979
2011
2283
369
2407
1259
2260
368
2514
182
957
1128
2322
610
569
1439
857
1290
1699
2226
2234
1365
1707
2959
1008
1492
321
360
104
38
2275
699
2054
1219
282
466
1248
964
1681
892
2321
2140
2562
2862
995
298
297
1773
1006
1178
198
13
1636
2390
2526
442
1491
753
2193
2174
687
2904
670
2325
193
650
2672
2806
1039
1303
237
1696
2065
2496
2718
1905
788
1147
2595
1390
1896
2266
2216
2662
726
2556
2286
1540
2213
2196
2255
2414
2062
1839
1864
456
2336
1675
247
2258
2967
1445
2785
1668
1462
371
1718
2759
2696
2070
1522
2930
1633
598
2890
2108
1672
2361
1572
876
214
1738
1922
984
2206
572
1652
669
2132
1189
1513
193
2910
2626
2792
1530
2186
2310
2421
1853
2967
1938
526
2413
2394
1029
2915
2316
1527
943
574
2204
177
1194
2943
1791
632
1241
155
1017
108
1804
1782
195
2414
1281
2541
668
2774
2379
835
499
2349
1103
2852
2327
2819
2860
448
646
1894
1106
160
1328
1457
2334
2710
311
208
539
2615
726
811
740
2849
1581
2754
1602
2416
2790
1352
1537
49
2609
406
580
2093
1629
967
2111
1809
308
1279
1131
222
299
2892
773
1875
1795
952
901
1802
525
107
1611
253
2706
733
2914
979
1020
2423
936
2583
2095
740
2732
2811
109
696
247
96
673
2415
2111
271
274
2657
251
431
2748
266
1497
321
1716
1633
2664
445
2326
1525
2925
376
1323
2039
326
651
1173
2316
2466
113
2007
236
912
1721
2487
2320
2250
1030
2102
2959
2212
289
2915
1162
715
1472
2136
62
2352
1353
1495
2766
1931
1884
684
2838
2024
541
1995
1182
1124
1814
2994
2180
1397
2793
334
2991
1796
853
135
828
2630
1522
1159
674
1143
1427
960
2446
1639
20
2998
2551
1348
2186
524
925
2998
2344
2010
1850
376
922
1735
35
597
522
2689
2474
344
1751
1809
286
1174
1332
1532
517
1376
397
1618
2027
1107
1380
2853
924
2339
466
2298
378
2865
1811
2310
2443
1946
2284
2956
1928
2329
1057
589
2079
2738
2558
2151
2243
374
1403
287
2733
30
3
2629
1126
2592
232
927
2235
2712
1800
1319
2943
2679
508
2947
632
445
2901
2214
2438
795
1234
608
839
2248
1547
2685
69
2041
2919
528
2015
1214
1889
1369
2464
2946
714
300
1307
1862
2864
2095
2877
884
393
1309
2966
778
2254
1898
2560
321
275
2531
692
1741
771
155
769
1448
604
936
874
1401
2154
2525
1381
1057
40
1053
2316
1246
140
2457
1335
1975
2674
1384
2525
957
231
1610
519
2171
1528
933
1039
2951
1989
666
529
2705
687
2075
1411
1534
1624
2186
1027
2735
2183
2888
510
1558
2855
1126
2236
2758
458
1719
1364
1622
1804
214
1373
1027
1471
1945
44
794
1207
1148
954
1077
1960
1018
945
555
2572
467
1262
460
730
656
1336
2838
736
441
2267
2158
488
1467
1544
1252
2417
413
2218
605
2847
2886
1272
2686
1199
1983
2890
1479
2476
1895
2712
2969
2000
2369
1452
361
1884
2705
22
1277
1363
2333
2591
369
903
1485
2050
1899
1491
502
2340
1526
644
47
33
2326
275
759
2104
2209
1143
1423
937
2496
72
1234
2261
2654
2010
1370
2215
1959
1908
2361
589
944
1167
1029
2135
2040
1092
1481
2502
2760
1387
459
2716
2673
1227
1130
136
2573
2647
2424
2129
1757
1528
2797
1485
609
1542
775
630
1497
1901
224
2114
843
2103
2392
985
2296
2170
1967
2379
780
2350
2055
421
954
2291
835
2487
679
2226
366
1985
947
371
2059
41
2068
848
1490
47
1621
717
1669
447
239
1042
2939
919
1170
1437
96
1579
1430
805
2469
2918
2160
1030
1845
2510
1066
785
1611
307
2429
550
2634
30
2396
2922
2371
356
472
1977
1690
2940
135
1226
1289
2477
343
222
1274
1653
2336
2114
591
1134
1548
160
2956
2619
613
658
701
1547
1918
749
2324
1222
316
1204
2886
36
1484
405
83
345
335
1426
141
1390
2119
2760
2851
730
1157
1938
545
2118
525
1687
414
2070
2702
1503
1039
2173
1047
1199
805
943
1963
1155
90
1613
859
1638
18
383
1110
2162
219
2071
313
536
2946
2651
1754
732
822
752
2078
2223
490
1432
2857
25
1407
1543
1236
2475
1512
2
1731
1428
1313
586
2337
1987
1914
1102
2035
1007
2104
1879
46
1035
2526
1548
1411
1057
1746
1795
2766
2175
987
898
2334
2754
873
284
903
1824
628
2999
2780
639
2342
1359
2200
179
786
774
2140
403
1414
2667
2037
87
693
1941
2045
1105
2520
2691
2233
928
2851
871
1016
1180
1446
498
1145
427
2504
195
2279
1868
380
1274
278
2521
1151
2275
333
2836
2959
964
1857
2016
2175
2423
1074
986
167
2600
484
20
1264
2635
210
914
684
2231
2251
2188
546
2561
2283
2489
2881
881
1338
977
1998
1761
2982
2579
2246
2242
725
1329
526
1879
1400
1517
27
425
995
2444
1046
2510
714
1062
2769
2619
205
389
1160
2892
2711
1200
1928
2361
554
2109
2412
1275
2928
1274
177
1873
574
2167
1408
357
2082
1633
3
1350
261
1134
592
2111
1790
2227
2886
293
2071
1152
248
2662
2936
162
1540
980
2598
42
1219
666
127
1449
328
1863
608
2326
2219
2320
2454
2794
2382
876
958
2869
2210
2027
2425
2334
1086
928
542
1535
692
1709
319
2013
1298
1819
752
1643
2423
2847
36
1483
214
1241
156
952
1455
1770
418
915
969
1883
617
1640
169
714
61
939
1188
179
2034
598
2241
1170
1641
939
1357
2860
1482
2604
366
606
604
1751
2995
2975
431
869
726
859
988
977
2787
1269
2066
700
155
302
142
1225
1561
2216
2022
1971
1581
1914
1961
627
1935
1925
1694
407
1092
2241
1940
802
1319
2245
158
2719
2584
1911
171
1335
349
170
2515
858
1286
2908
1568
2530
2084
2857
97
2510
897
1445
1472
2192
1049
2843
2224
1410
253
1714
2847
1340
261
2413
134
1790
1712
1719
808
362
384
2379
1039
934
2016
1742
1809
577
970
1107
1998
2689
342
1310
1349
374
1527
2524
1913
861
1399
1610
2790
2874
318
1188
287
2349
57
1454
530
182
2243
1972
2065
260
708
2010
815
2234
1688
1274
1797
2421
2379
1859
1380
1245
266
2456
925
1947
1230
496
1622
212
1296
210
972
2016
832
1564
2993
1476
1898
832
1699
292
209
725
2036
1026
1092
442
1860
2892
1989
2055
1890
1482
1323
2191
2563
2271
2503
961
729
780
2030
2390
560
608
96
1872
1358
2894
1232
2473
1458
2810
69
1012
1790
2126
2600
1690
2939
170
1933
1673
1907
260
2655
1850
2339
1325
1447
1916
2547
858
305
1947
808
674
2531
747
1311
1957
1689
247
679
1968
1384
659
879
1811
2019
2171
793
643
2621
1546
2939
829
1484
2084
1694
1863
2050
51
2804
2162
1806
2985
504
1847
612
71
2799
2734
1264
800
2449
1635
1772
2022
1563
1038
1026
1654
427
1915
2667
2309
754
1148
1788
313
1892
1011
185
1841
2382
911
1027
68
2390
2173
1753
326
2729
196
2059
1039
2345
1943
1412
2549
1331
1165
276
1896
2753
1059
1227
2761
1422
990
355
1309
1722
1240
2790
2361
90
829
377
2602
597
2285
1625
1638
500
1337
2629
1968
1973
265
1557
1948
824
1663
986
1546
1941
366
1402
1947
2802
1725
717
938
781
1976
1880
2680
537
401
1402
2773
2067
1732
2590
249
2618
2966
2259
2681
1810
2003
1453
41
1305
2890
2868
2006
2078
1175