1210
195
1051
1270
547
759
662
263
1086
597
418
680
640
1179
784
501
777
607
344
471
848
521
1296
863
718
1163
428
662
671
743
467
294
971
797
1276
815
339
228
160
1232
1192
27
386
945
863
328
969
586
598
648
400
148
866
1159
129
1137
1073
163
716
820
1055
595
1259
1191
729
908
131
386
160
28
1265
341
376
1090
717
365
933
1173
1296
261
591
415
629
872
222
144
388
1261
1086
806
788
1108
115
557
149
762
224
389
892
993
125
1242
1097
308
99
431
1078
1152
455
615
504
1253
981
39
547
279
839
712
32
1060
315
1123
427
1004
497
956
468
1220
276
837
236
1129
522
626
451
1080
83
285
982
963
510
463
939
946
962
1013
136
350
708
93
407
1135
539
1003
830
1270
566
334
1261
1257
1034
1082
1025
151
702
1185
943
934
24
976
740
265
472
269
506
709
335
1004
705
1087
457
36
747
579
131
283
496
772
1016
621
51
251
150
1199
776
1183
619
887
347
1061
534
1261
521
670
809
818
508
471
451
978
589
1037
372
1127
996
1124
308
1021
1069
1233
290
530
859
1200
621
894
658
1160
686
769
294
673
441
1281
699
706
78
715
1231
745
749
905
947
901
497
896
847
1145
203
45
1029
1271
835
358
433
709
1228
1057
1076
702
1108
102
1296
1
1248
1235
317
274
491
865
838
309
248
423
1244
456
884
481
82
1162
854
49
145
756
493
506
617
541
333
324
1099
1079
1261
530
286
585
937
1216
896
493
288
1012
283
352
660
152
1133
1076
992
153
376
879
128
780
26
299
683
179
763
471
497
49
398
1218
600
563
1093
162
107
745
1029
361
935
856
1158
673
193
664
393
12
1018
1057
415
280
599
401
703
603
472
1165
909
450
528
302
235
617
765
5
88
1266
19
662
585
1248
165
975
1028
347
812
639
189
1176
34
498
1087
817
27
767
959
526
187
581
841
638
228
943
372
1087
1167
1263
689
287
741
718
573
94
588
142
1278
1229
189
651
537
1085
1182
150
994
914
911
183
999
759
555
1105
576
704
31
465
223
222
616
337
971
958
980
1061
1171
248
1070
98
626
43
207
290
1158
1241
186
249
76
28
872
773
164
1004
870
94
579
966
1176
945
631
513
999
175
1000
353
575
1299
1134
894
811
522
305
751
568
40
1210
402
1203
466
592
742
876
1125
741
1241
1112
617
477
173
76
288
544
14
1187
319
180
214
565
2
453
359
110
685
152
752
376
633
1006
69
1256
593
419
1128
659
788
398
900
32
976
750
231
660
477
167
137
409
561
187
859
587
557
392
102
1029
1052
720
448
438
640
389
1282
641
414
336
198
931
697
459
760
6
454
544
745
1016
347
218
439
1278
956
722
936
150
36
1259
989
52
985
614
588
250
323
125
506
960
71
1008
1231
1253
1288
319
229
957
306
1112
1031
1038
35
597
386
875
1283
397
456
703
667
656
75
993
938
1161
951
922
151
674
353
267
570
827
199
478
302
200
434
80
846
200
131
1133
91
1021
1211
18
939
1213
610
931
726
396
224
585
283
426
971
889
567
357
1121
1185
5
708
5
1082
902
307
1117
905
64
973
541
517
913
1163
716
383
826
542
1209
1118
764
905
924
1093
805
37
81
1014
1054
1158
107
1289
814
56
326
936
117
1093
862
748
693
813
940
823
662
599
93
601
263
223
281
86
213
746
375
277
392
1104
427
467
426
413
1189
530
528
226
114
940
733
163
631
115
671
704
146
893
99
943
1045
495
1208
857
834
15
769
405
1046
1286
1162
1281
1262
1017
328
562
1099
355
1141
514
716
1048
168
560
1086
1070
320
504
338
283
169
246
334
473
523
1277
707
677
695
865
286
432
521
663
871
310
666
1013
618
1135
607
1127
410
1077
553
17
907
1225
702
1143
414
252
980
920
535
346
31
66
918
210
720
758
1204
519
835
558
231
1008
428
852
793
197
140
308
1021
1143
240
767
1135
1008
680
664
283
164
1174
720
265
1227
49
785
257
330
478
800
365
314
36
1048
369
1004
50
446
657
536
282
151
913
165
200
1040
910
513
247
1237
217
958
484
343
776
952
586
332
1288
506
46
211
822
1072
547
869
647
381
1219
1207
637
879
182
880
1036
1191
315
604
647
1287
333
346
253
1200
56
846
263
709
33
666
331
1254
563
946
734
1129
318
625
1032
414
961
777
34
933
1173
790
1249
6
764
223
375
452
1168
695
328
1131
457
524
370
337
903
905
653
51
868
599
752
260
20
21
815
1241
575
280
107
214
1049
867
163
278
829
1165
142
63
686
915
1265
428
816
542
778
33
1286
633
159
132
1091
896
376
98
622
130
269
947
1155
676
150
744
898
856
715
1158
65
614
595
64
574
157
693
192
489
171
518
793
973
7
195
1253
790
697
43
43
346
175
660
1001
1037
848
983
1247
574
211
1266
306
1206
458
417
1237
579
978
1039
502
450
807
955
134
345
640
654
316
428
1215
817
511
658
1126
977
309
1282
734
1181
932
1139
1100
175
1008
776
1156
693
114
914
625
671
558
608
170
334
1238
162
799
391
768
1285
783
801
1210
518
789
1031
301
316
1220
1119
124
613
662
1296
661
361
662
908
856
963
625
1221
426
922
506
136
838
485
400
699
509
37
454
191
365
151
1110
833
432
325
462
1026
10
850
137
1177
549
228
247
377
87
865
996
943
551
224
372
1003
405
292
849
77
362
667
836
694
821
795
347
388
1258
195
710
153
1242
825
526
497
473
102
200
1178
57
244
343
173
736
526
306
102
827
90
252
139
211
856
697
760
37
69
191
368
109
1208
38
22
617
739
29
865
146
1050
1196
927
853
507
587
620
81
947
1258
1196
346
831
402
1262
115
886
54
458
748
611
1127
874
616
754
526
203
91
293
1109
793
599
615
288
1014
996
1114
578
474
1123
670
972
81
218
203
1004
337
253
205
1091
105
916
869
183
1122
126
1215
681
217
1253
344
509
44
87
160
653
1
349
1048
1044
197
989
783
424
185
549
697
636
572
831
110
835
143
88
212
112
17
219
250
1297
253
100
31
1054
1277
957
690
430
623
281
573
155
429
1271
720
730
359
379
37
69
45
859
442
900
69
30
951
251
987
498
470
931
41
463
461
768
695
1116
801
689
467
999
1029
677
273
1164
1094
762
367
597
530
831
956
526
776
1113
264
390
845
1154
211
569
781
610
1246