2649
7139
1853
2776
8391
7036
7536
12188
649
2689
6906
11264
11898
3902
5073
11524
3271
6108
9720
2382
9092
2642
1709
2747
5964
2247
7039
11608
7719
2616
7243
7527
176
4422
10490
7565
10114
11755
2391
6021
778
4660
1061
10292
5459
6668
5826
2688
10574
10892
5555
370
1986
3506
2908
1805
11139
5191
9854
2473
4603
8532
12067
12162
8219
5207
880
12134
1478
403
9930
8180
10604
2384
6277
5894
4667
8418
3177
5234
4839
11270
7258
500
5810
6543
4335
10502
11649
700
4583
1187
196
1263
6133
4841
11176
5406
11115
2161
6397
3106
10416
10617
3902
22
11451
10386
8461
3524
11243
2490
10077
1602
1354
10944
7952
6025
10704
8352
6309
8178
6890
2467
11844
3220
1852
5379
9013
2068
5472
2791
5212
5100
11965
1353
9262
5501
3236
7356
8412
10891
1512
703
3461
4418
7750
8241
1490
7276
9206
10088
10595
6237
1150
3667
3101
433
9694
4494
4357
9274
2044
7733
2102
10471
7328
5091
10525
1430
9385
2710
1141
5111
11632
3228
7029
2772
1196
3932
6428
6653
9515
8287
7735
7275
8201
8974
5896
7100
8194
9469
11619
2530
546
1887
9834
3158
10125
6226
11930
1288
6087
6184
1471
4299
2604
7768
6264
6101
313
8783
8990
7565
4671
1355
7833
3182
11916
11824
1843
7655
9293
1144
3209
3278
4908
2383
4602
9752
8624
10666
3270
2277
2752
11367
9548
1889
5492
8583
8830
2638
9018
8285
9621
10514
2422
7494
6070
8154
10962
465
10561
10201
424
4688
123
5463
5434
1663
9867
10454
140
10631
4921
6249
440
4859
6040
5002
4309
2472
4799
9695
10187
5224
6280
508
6667
5642
2400
2751
944
48
9900
9508
6848
1299
3726
551
10740
2272
4132
8517
4735
10332
11878
1948
5005
122
11915
9918
11340
7144
7703
8976
9217
10475
823
11511
8949
5985
4805
9965
8998
3307
3749
8583
3108
7465
191
9537
5645
10855
6184
552
2224
9961
9560
8253
5317
8154
4188
7028
11885
10155
1517
5852
7292
8395
6446
3199
11099
1295
8350
1107
5693
10925
5830
6361
1106
4824
11614
8447
11803
9393
342
8275
3540
1827
2553
6864
11275
4332
3517
100
8792
4510
964
11015
10571
3015
4853
10353
9422
5565
5430
7721
11437
332
10813
10571
4430
8708
6515
2780
452
3210
6554
10180
5559
3662
3534
6034
187
2878
6016
9380
11043
11647
4933
4022
9105
10560
6307
5702
4881
2917
5392
2140
266
10451
7998
5956
8136
1795
9656
8840
12081
2841
4878
3571
3494
5045
7048
451
4416
11802
4952
8981
4117
1752
9252
3006
2254
8316
317
1164
3922
10999
6287
10117
10056
5352
11802
6874
8753
2068
7641
9228
11624
10376
7732
550
1692
1617
7813
6465
8449
2023
11648
8215
3333
6433
6727
4965
5990
9601
3858
6769
11693
9401
5790
9717
9945
7653
1567
7460
4032
2491
1789
4356
3620
9971
6280
6413
12140
6110
1869
4024
5785
5163
2646
12085
10433
2153
3367
815
2406
2666
4666
2184
5320
6721
6178
9907
817
5368
8879
10101
9264
4645
2901
5238
9125
402
6655
3452
8456
708
8613
7714
11716
9964
3782
6841
7413
2287
9973
10236
11585
3095
11084
1577
7549
3426
2196
1950
2726
9134
7570
6815
6128
3956
8293
2527
10770
10039
1477
10762
2948
9740
3146
7221
11784
3796
9982
6669
4655
6964
6281
10156
672
8343
6304
2062
7117
11649
966
11690
7961
6235
2979
9238
5969
9406
7350
3210
1253
1396
10867
10362
4042
3410
119
9825
5578
2771
9804
11392
4510
551
5297
11650
4237
1024
5129
5422
8628
9618
8234
11158
413
10185
11004
10596
3279
12000
8075
9752
1443
5428
2977
7561
11851
20
2421
11320
3578
8399
10723
2504
9258
7704
9938
4449
8926
675
6950
2119
4986
5027
3499
3642
1093
10868
11901
2039
6067
2785
5841
3800
10065
1896
5841
5757
8877
8967
11145
4000
11960
10370
8585
2710
479
4106
882
5519
9400
4768
222
4204
10960
12173
6994
4350
221
2054
6747
9632
3362
8058
5319
11708
7845
7253
8364
9893
2505
948
7924
11806
10376
7144
10122
5044
3293
9287
6384
354
11312
8718
55
11406
618
8738
9181
6766
11624
2872
119
6840
6178
10165
3179
1399
1530
11957
6339
5442
6382
8666
2526
2293
11488
1294
6681
143
9955
6028
8764
12176
5455
5026
7271
1623
8896
6140
654
5726
5291
5646
9770
3596
4736
10940
4944
9009
9152
8696
6887
2100
489
4967
1790
1457
9960
8435
10439
7492
43
5640
3507
9638
11788
3591
2720
11116
8678
7148
5010
6854
8441
5297
771
2218
2710
56
5550
7156
11414
11963
3950
1206
2023
5455
7914
10684
10120
3387
7622
4517
11736
180
677
9822
4285
1728
2600
1618
10050
6999
3458
8918
6289
5072
72
2680
2561
11909
9385
3526
7285
7370
11777
6734
12148
7999
2394
7687
5665
9596
2988
9238
7546
4613
9609
3951
613
1548
1731
11319
2130
10720
6467
11327
9374
835
2105
5946
2963
7444
10277
1655
7600
8772
2370
3746
6892
9790
4991
2300
1776
10731
8311
11265
11894
985
8598
1280
3895
11185
8143
143
11560
11259
6438
6855
2369
4506
12090
8482
1308
5283
9613
1695
9467
5158
8780
7367
8113
3914
1485
11810
11239
3276
2077
10474
9907
3137
2877
5065
10636
10858
5129
7626
4654
8432
6187
9303
8994
2401
1814
3254
7353
5479
8716
903
11583
2387
9715
11650
889
1079
2437
10376
8903
7932
7295
7801
2280
2538
7365
5922
1947
4197
6254
8812
10552
6328
3165
6622
8514
7213
1698
12098
6541
12110
9567
4343
12040
4417
3309
1087
8076
6298
2638
3126
3752
3731
10496
5885
101
5892
2780
9447
6340
9746
5346
9934
6178
5004
6230
4448
4348
7123
221
5098
413
1823
6031
5964
11286
11193
8600
7680
6312
225
4545
8956
4191
11452
5558
6856
4425
1800
6125
4226
7062
3127
730
9582
5331
8246
6545
9944
2198
4349
7782
9296
7529
10728
10064
6008
8066
11880
11253
8074
5999
11858
9680
7290
453
5811
470
8868
9709
10718
7606
6841
4853
640
9731
5616
2877
7415
9603
11805
5913
10579
4946
1782
4978
10883
5100
404
6496
4604
8225
536
8540
936
5883
822
7034
331
701
3485
9820
1876
11558
384
10164
1580
5103
640
6951
528
8101
10271
113
1493
7271
598
8898
10539
9781
357
2696
828
5846
4750
9682
5324
10973
7394
3267
8828
4581
1968
9684
9574
4034
11486
8709
154
7392
3140
868
3441
8836
4221
3040
7580
800
10666
9024
11696
7811
10366
5087
1083
9017
1529
6989
8685
2925
10626
1508
2016
2916
11919
9058
363
4425
11244
6256
6149
7745
3041
4770
5474
3915
10586
4971
3308
4699
58
6486
238
11059
3324
11504
550
2902
6471
9390
10733
4668
11851
2213
3101
910
10179
7212
7315
2961
3083
10984
9027
2050
7819
8802
3275
8634
6145
3006
8326
1729
7099
10734
6952
938
10622
10096
3441
8292
4439
1479
10446
1931
4430
4764
5671
9669
2252
3333
6536
4186
2404
9938
5025
3383
2993
683
7776
1968
10030
6339
6739
5042
4754
3400
6374
10726
3189
1267
2650
10973
7955
3896
6664
11628
11441
3018
2041
10435
7237
8706
8264
4837
9535
8254
9352
4701
1541
10727
4077
5460
1487
5364
3331
8062
5758
1319
5357
10312
282
5003
12128
11189
10264
9780
509
5341
827
10033
7823
6831
873
11375
338
4470
5599
10164
6028
10520
10033
6491
11775
6733
7597
799
5912
6577
5213
2627
8099
2750
4285
2913
665
5779
3335
10726
5115
6580
9252
11840
4472
2966
10025
3868
12184
8317
3133
2770
10746
2608
5
2627
2187
1913
7524
10019
3041
10603
1549
5707
6819
1671
8472
85
3091
3789
10442
5126
11738
5937
869
9479
11537
2202
19
7356
8251
11909
3628
6099
10412
3088
8114
11493
9327
10333
6848
8360
10491
5677
2796
9005
8575
6052
11428
2502
6347
11822
1122
11113
10586
5408
10226
1221
5942
4889
11133
1504
9116
7352
4205
9161
4464
4904
9533
1176
7932
1784
2025
5566
7311
12066
5614
4501
769
9939
11397
5730
5332
12087
8725
3615
6234
2159
2031
9420
11839
11729
8299
9054
2919
8988
7534
5908
8669
1951
9366
2090
2031
7526
7702
10077
9730
8459
480
2236
2621
9760
11768
5302
165
391
3077
1359
2802
11982
9877
61
4250
9321
1653
7708
3877
439
1645
4027
2188
10130
2419
961
9276
1098
4827
5255
9291
10215
3816
12061
796
4726
10371
5850
1470
591
5910
4234
2795
6931
2794
3110
12032
10911
7190
3353
10084
8914
10487
2637
10945
3268
11600
8985
9836
8247
6337
710
3098
6073
2012
4335
7887
1564
956
11325
4145
8967
3790
8647
6440
6069
2
7831
5966
7264
107
7521
4867
1035
10540
58
9784
7864
9177
5101
8465
8112
4837
8880
2842
5965
647
9000
6690
2211
1557
11879
404
9819
2340
6330
5576
405
12173
8790
4573
11905
7917
9400
2646
10273
1632
10200
11008
7207
8842
11838
11201
5732
10291
10511
8443
6597
6889
4160
9232
2340
11410
4846
1363
596
6599
1629
1132
6765
6102
4344
1853
5459
3428
10918
12163
2219
3435
12085
9416
2913
10795
1570
1512
2873
8255
5388
5396
8610
913
5979
8737
3477
3151
7939
6993
6370
3288
8266
7411
9367
4362
2354
6229
4105
16
4202
3661
402
10088
8431
4417
2013
11168
3266
10353
8682
8626
3256
6099
1801
7833
11875
9044
253
7222
2583
7841
5567
9170
3190
1394
5682
11653
316
2209
5675
5144
4762
5315
4602
7212
10009
7669
11605
261
8141
9626
394
7672
1324
7324
6805
6635
8535
5185
5836
3112
3813
9261
8846
5911
9098
157
5649
3587
7721
1506
3508
10993
3925
11629
5168
5015
2288
6270
618
40
7982
6486
8150
11956
3473
4349
5179
11212
2816
2556
8876
11930
10728
7217
8312
1215
9319
10197
5550
11179
11416
5867
6012
8307
5323
12025
7384
7015
11062
140
3535
6239
11750
3885
9719
4784
11118
5777
7666
11291
6526
10529
9358
205
2579
2962
2564
6180
10150
10099
11549
174
1727
308
439
2088
12138
8958
5354
7140
7220
2822
8947
7975
8127
10608
2378
5379
11135
7332
9997
7035
4379
3910
4515
9322
8377
300
6511
126
11904
8569
1390
12026
7858
9011
10559
9922
3168
9005
7653
4530
1838
3541
2914
7432
7223
5618
4948
8185
8697
9784
1548
10851
9741
149
8261
1994
6501
9499
11631
7919
5838
6449
1069
5470
8806
9074
12022
3866
3118
8735
7105
6477
8246
1225
6829
9302
8041
9193
2068
12155
6756
3484
10989
6220
4619
8274
1664
10579
9967
7852
10081
3815
6542
2197
4796
11389
2313
10574
4918
4924
1551
12029
5464
11505
8515
5132
1883
7333
5067
5427
10480
4098
1990
10183
8771
6763
1743
8537
4100
6254
11087
3129
5147
6551
2598
437
7625
11062
8862
12070
8955
808
10056
12100
6664
1069
11923
3460
5500
570
9487
4210
6265
8141
2528
548
5150
8485
10022
2197
5510
758
4667
8899
4706
6136
1769
3750
3015
7033
9897
3256
902
7380
5039
3419
5423
2423
3136
77
5995
8548
11098
2111
2231
6692
12051
8440
3391
8414
309
6457
1998
379
2808
2670
10880
1031
8892
8777
11149
7838
4651
7111
4882
8652
10360
449
7250
1341
5825
1628
5417
7208
9573
11822
8654
7093
8975
1814
1208
8483
3285
5667
2829
1040
2332
6074
9410
1403
11812
7379
7869
2042
399
2330
2235
4320
11869
3969
1639
1406
9247
7667
1450
4584
994
11258
10841
5122
2614
3605
7662
6462
7320
2101
6984
5502
4995
355
3102
449
544
9865
3100
122
4517
6266
10288
10577
6324
4706
1243
533
10897
8082
3408
994
9719
2732
9791
8073
2863
10726
6473
672
218
9087
4177
1768
11498
1547
4356
9011
11802
636
8677
10062
3108
10381
6385
11461
7567
10959
2219
9759
10103
1074
2150
4320
4236
3477
4421
520
4358
12153
10619
11974
185
6939
262
7286
781
8842
267
7799
8418
6633
12179
5351
7103
12183
6156
10776
5519
2702
3011
5214
1712
8557
4995
11375
1365
7188
4969
3077
8104
4410
2016
5408
3489
10036
11375
10390
2295
10091
9123
2324
11084
6372
4083
6120
9468
1247
5353
7686
181
7559
3865
10612
4241
8499
6213
4977
11670
3571
934
4723
9985
4483
2604
7623
2604
5183
8597
9677
11358
9606
590
8779
2778
6300
1048
3832
7252
2982
4558
9568
5879
5571
4977
1164
5111
2754
3885
10988
4221
9651
6964
85
3353
10614
5407
8343
10580
7053
9878
8071
4465
9506
583
1951
3008
8862
76
6582
6135
3411
4650
5995
1953
3305
11742
1042
1463
9792
9602
9469
11746
11747
6511
3486
12159
4888
8465
7915
1253
3007
6274
3679
11780
5052
3615
4023
2759
3988
8506
4160
1022
7557
6140
9381
7073
20
1072
1423
4769
2409
3804
8249
8285
11384
11924
11664
4677
4417
6471
2696
319
951
2888
8254
3276
5340
7806
8142
6065
5551
11390
3339
2568
3556
6975
12
7799
10088
6576
3355
524
9307
980
3515
11380
2458
609
7212
11629
1433
846
9855
11778
2435
9749
11777
9663
2596
2911
10641
2760
8442
197
11274
7741
5809
1952
10539
7413
1300
7612
9630
2136
199
8741
8851
11450
8454
565
12040
8876
7141
6491
11408
10621
9006
1610
3914
8345
8232
9019
9874
1433
4142
7866
6198
5606
2863
8171
3805
4846
7525
2968
884
4238
1397
2005
9904
3429
10289
2895
9306
10750
5604
286
10958
6182
7996
11759
11000
4257
10814
717
12115
7117
1352
4292
1226
6518
7800
2372
2430
9037
9317
3507
9371
7912
10512
7240
7569
2636
2113
303
1667
10146
5268
155
9377
9536
5973
787
686
8266
3288
9196
3112
10975
2187
3040
10891
2083
11770
9570
7983
5497
8729
10132
3781
7803
8854
6640
3169
10205
11089
7039
11422
3251
10305
7205
3193
4972
3002
7446
6969
10976
5201
631
1097
3248
4040
2703
7519
10531
12114
5688
10725
2458
2893
8118
9290
11578
2762
10498
1340
6220
2394
10180
2557
7388
10118
1639
8260
4124
6370
577
549
201
10866
46
3600
9197
4393
4154
2685
828
9061
3476
9255
11627
11904
5149
11703
4278
6823
11890
6970
6931
3367
5884
2973
11151
387
5867
1428
1520
6386
7738
9757
9406
4168
4719
4909
3974
7244
4514
7398
6879
9794
440
7151
2756
4322
1721
3500
5747
4592
9040
8831
10223
2404
10156
6585
3002
4597
311
3371
1888
11184
4341
8955
1613
5376
10685
5523
5623
7961
11593
6996
8046
12059
5531
1955
5318
11917
11610
31
11341
642
10157
2595
11058
6954
9954
11589
1605
3588
8557
5125
6516
11219
2794
6954
8680
8327
885
10885
4619
11665
10314
2108
6419
7786
5893
3042
9200
6286
2674
3962
5219
4139
7780
6410
8339
11288
8448
1594
380
8100
9201
2882
2933
351
2274
1032
3258
6615
8583
452
10381
10165
5282
3891
1187
11045
4158
11023
2231
10877
7646
8806
7653
3997
10906
6576
11692
428
6495
8626
7904
614
1147
6589
6103
9492
2998
6445
11289
5527
10961
8552
4375
11388
8933
9529
2643
2015
1914
2216
3009
10988
7061
9331
4538
9359
4286
11948
6471
7284
10097
854
6437
6140
8295
3734
11957
2681
10451
8029
591
12188
3157
4519
6792
10973
2187
10878
4329
3867
10247
5611
9503
3409
11411
11591
5059
9826
4689
6656
3112
6440
9773
5778
8809
1798
1418
1453
12122
9886
7713
886
5746
5653
4274
2759
2049
9846
10133
9958
9292
10401
9605
8257
7214
9272
2497
9007
7155
6625
8662
8011
9468
3220
5810
3489
5407
6069
4021
7253
12032
1469
9142
4827
2678
1185
9793
1480
8676
4408
9636
7628
10851
1907
10639
12041
3754
2411
3504
10394
5160
5520
4102
7130
7992
9851
10220
1801
3157
2667
55
1404
6834
6885
11193
5990
7578
3850
6618
3165
229
10913
5064
2631
395
10359
11174
2406
8643
5852
479
8863
700
5617
11837
1195
2841
5694
6433
4523
11681
4815
5259
7906
2652
1534
3317
5021
10881
7611
5747
10439
6600
3250
11945
3428
10137
10314
5739
5778
3706
1692
3573
2452
2930
7370
11079
9051
11499
5035
11245
10776
8108
4333
4084
4958
9412
2593
5516
9270
9796
8064
581
12116
10161
1996
8493
156
5345
11625
6523
6458
8173
34
2991
8569
3695
11498
8949
9243
3701
1977
2225
11638
1342
7830
3222
6115
11248
6119
9252
5991
3071
6967
2917
8202
86
2347
3300
3452
6605
9699
5767
2665
7461
3350
10876
6649
617
3740
6356
10784
3068
8882
9678
6096
10197
1387
9345
1242
5598
2308
4837
4400
3618
3546
6857
11938
10039
3049
772
226
7400
7938
3480
1310
5830
5160
8986
6916
3454
3261
11476
122
745
8704
2903
6951
7607
11637
11756
2871
4120
2293
9762
3953
3147
3601
4349
11288
6014
8116
11622
860
9367
11452
2373
7281
8722
9924
3584
10714
550
51
9494
11601
1020
2057
8544
5762
2584
183
5871
3028
2876
5308
3530
7638
8129
8421
5671
11906
2203
7966
387
1820
6603
5133
6316
6785
1547
1628
7326
8399
9196
11271
2170
9030
5788
10688
1791
8103
1219
2623
3314
8089
10364
10670
2417
374
7785
3655
8967
5257
5000
3333
2757
8773
1175
6785
9875
10685
8727
7556
3381
4636
3980
11604
1778
4258
4056
8949
4860
8687
4097
10476
488
6029
167
5583
9996
10489
4748
9976
3043
9303
11258
4357
9143
10141
814
952
9294
5661
10328
1312
8911
4234
10584
4616
8357
11967
6852
10702
10438
7706
2516
2008
7447
8324
133
11448
4858
4209
11647
11799
11636
2452
8142
2052
3812
12055
6893
374
7165
12131
5897
11063
2915
1629
5354
4308
7983
10381
10018
8560
8735
9890
9921
6000
4334
10313
9705
4383
5598
8662
10409
815
4930
11660
3652
4477
7968
6228
6637
1778
3774
12142
1795
1523
2959
4282
3692
3097
9054
2816
7513
6541
9016
1532
1104
10194
3217
3066
3798
5606
11327
86
3848
3642
7972
5020
3824
8633
5394
835
10143
9109
1262
11920
10996
9799
5689
5327
5941
10831
2527
7165
8107
1588
10280
9707
4227
4916
4333
4416
7647
700
10626
523
7642
1741
8016
12183
2222
2510
6295
1422
5829
2566
2818
9743
4434
7863
5149
11450
10974
5154
3523
678
11781
4772
6829
5588
6639
10730
9437
7271
9805
11278
2425
3123
4761
2028
11233
3788
9911
4012
6493
1338
271
2458
11797
9250
5278
1047
4150
1931
7403
7030
1343
4981
1866
1470
9517
6940
5860
2987
1974
2780
436
10026
6854
4817
9519
6232
6633
8004
5645
7972
8667
4126
3222
3934
10312
9152
10367
11604
8841
1432
4457
9221
5258
10261
5377
2890
5502
2207
8909
7464
5691
3904
2912
3341
8819
1148
4765
11177
702
7015
3768
2351
6805
6226
3578
4655
3006
3678
9726
6627
7897
207
8905
777
2145
3915
8337
4219
7234
4022
7988
8813
8628
9788
9933
6788
9367
10402
9617
3403
11529
3492
9997
11638
6964
4575
7364
7415
9036
5305
9169
6188
6045
8875
8708
2293
614
8304
7679
5694
3012
13
92
11362
11565
9423
10302
4948
9635
12011
8099
9468
2595
4446
7081
2014
8098
3583
6006
6564
10211
3641
986
5346
8242
8883
6427
11517
11856
11827
3057
6503
1065
4029
7514
869
7637
6461
464
8954
2948
11569
2532
8358
8495
8872
2562
11296
4192
18
2812
11483
8310
7481
1784
4113
10985
9874
9294
5115
3972
10749
8449
277
12102
8135
6212
4651
9652
11497
7192
4589
10295
7735
2606
6449
9645
11082
4972
10673
11571
3749
556
112
9377
2520
10529
8034
10333
8595
8560
9635
5440
11316
2565
11131
7947
10017
724
9715
11592
3513
12098
1221
10151
7062
746
11836
2027
9254
7650
4884
5363
8786
7979
216
7099
6798
742
10727
176
10792
2826
3552
33
10497
4326
6053
2048
6940
1235
321
6886
8855
3181
5833
439
8363
1180
401
9869
2117
2541
2149
5185
9027
10282
11675
7778
4090
11314
5364
11614
6354
6859
2291
6276
2283
7133
298
8196
8333
4884
2217
10896
10770
8166
7399
9473
10040
2570
10056
773
5759
4988
3374
8968
9420
1945
6872
8922
9528
3325
9703
11314
2645
11700
51
11784
2054
6113
11052
208
7186
5490
734
5414
3951
5407
8351
3830
2063
5380
2500
576
3190
4883
4962
6310
810
7086
3136
3956
10382
4637
3267
5329
8612
11962
10176
8378
7206
6449
3545
10932
1527
2974
1399
3950
4532
8757
11154
8017
6785
10710
3525
6483
10754
2628
10829
1652
5242
4557
1919
6799
4513
681
5169
514
5603
6896
729
6058
9987
11743
7487
6908
12018
502
830
3274
2121
1239
11022
7435
7652
4167
858
9903
7783
6951
1789
8450
7070
7119
9938
331
3690
6048
2943
2795
11647
7877
220
5001
960
11988
10408
1915
230
869
648
3448
7631
666
11627
10844
6162
8741
815
1122
4375
11404
7888
5850
5371
3936
9790
198
4552
12087
6855
2219
8103
1518
6470
6323
3982
5368
4405
11658
4154
4134
10562
11369
8173
12032
5742
2330
6351
1797
2801
7566
11969
11013
3704
1183
4659
6997
3373
762
6802
7577
11562
5769
6054
377
11893
4223
1164
8452
1824
12150
8196
10119
6325
1587
6935
5650
2864
10566
1374
6417
10307
1022
10316
4891
192
5789
5433
4062
6951
495
6588
5836
3313
10401
4747
2322
8552
8145
9217
8852
7830
8001
1376
1675
3213
3048
2860
2686
2415
3462
9473
4012
9105
7110
7670
2608
11756
5130
1513
10890
3013
793
2435
4267
4602
1230
3154
7819
9873
9621
8498
7958
6460
7201
9311
6095
11893
1302
355
8859
5300
2487
3619
1930
1741
11652
5906
5917
11180
5457
2786
3550
8053
8088
10378
2543
748
2149
9549
7025
5222
7549
2349
7176
4635
11573
6877
5930
9354
12057
5407
8494
725
3366
6353
9706
2685
1692
221
9723
3495
11453
10396
6487
6669
11845
9885
465
7879
593
5215
9497
4362
3163
1567
11099
5479
6855
8656
6500
4734
5581
8456
1285
562
5856
4246
4585
4525
7016
3885
11055
9688
7896
2674
9270
12145
10649
7619
2012
6558
9981
12128
11756
7331
11463
5139
1470
11418
4080
3968
6718
5711
9362
9615
3193
9482
2362
2036
8850
3517
10332
12044
10602
11322
5484
840
11653
10903
3310
9998
437
547
510
8609
2562
5407
7419
7840
3124
806
3360
4819
4984
3026
3551
642
3111
2458
5788
11131
8618
10706
2394
2784
9186
1389
9549
10767
2166
10377
6488
8948
3640
12132
9434
10883
4212
745
1713
3820
4034
4357
7183
6049
11217
1760
7385
2904
438
1082
6173
339
3771
5814
614
5687
9737
2252
8415
973
6273
189
877
11929
20
11354
12127
5795
56
2719
7182
3532
2411
1707
6294
10785
5475
4970
6214
7385
2322
9963
10665
6698
5208
1068
2788
11510
2687
1005
7863
7131
5527
9849
3616
8584
8500
267
7821
3675
6275
2347
3610
9460
1659
4812
1922
8872
4325
11148
11662
6854
9182
11738
1145
129
5715
4420
4160
1241
1172
7433
9546
4094
10005
4873
9296
7366
517
1723
11981
5238
6487
11451
3879
9166
8008
2449
2468
4206
11177
2369
4565
1159
10250
8680
10549
4434
9138
10866
2766
8790
3979
7223
9716
11595
4715
1644
555
6047
10174
2149
4417
7357
6828
5857
9480
743
580
4410
8680
7566
9883
2539
6611
1492
8030
11331
1778
5298
10052
10620
10667
10329
8474
1942
11628
1567
1635
6510
1420
8517
5602
11606
474
10663
8314
11559
9030
2395
1549
11302
658
3077
4798
2885
7856
4908
4532
8304
10699
8340
11400
4290
8185
2715
8974
6189
1048
11353
402
2320
4266
6535
12166
7945
3710
2422
6847
1164
11692
3475
10874
11202
11646
3435
3625
540
8034
1488
7023
11710
4794
5616
9062
4672
3599
2412
2865
10651
4980
1894
1739
2177
4622
9509
6606
12104
2306
11107
10904
9766
12117
5055
3000
8004
9730
2645
5068
1820
1664
9743
5240
9632
4521
11838
6717
3400
2835
10254
2449
6952
8589
11228
550
2998
1283
2012
9730
5630
4803
4870
6703
3809
6658
2110
8702
8136
9895
1365
1000
3223
1869
6061
2056
257
11831
3170
783
10641
9798
4256
2970
7267
3769
5838
5589
5913
293
7474
2138
7657
5073
8104
12103
4065
10364
5305
42
3859
6677
6088
7761
8912
11125
11703
1233
10965
3244
1575
5029
8279
8250
7140
8557
6797
5222
8637
8770
3424
918
10731
9514
2343
2530
6266
2406
3069
7722
3410
2206
2129
5688
11210
5959
6620
6529
1279
3149
3537
11119
9095
7968
3532
1821
6162
6262
5941
3827
11448
8492
10322
12099
11002
5099
11723
1955
6836
4381
10680
7638
593
5656
1179
6691
3928
7704
8604
7556
7526
4925
6909
2452
11787
1175
9811
10464
1039
8095
9986
8206
5390
5060
11006
3961
9319
7752
8006
5705
8730
11135
11101
4430
1929
11202
11556
2325
7546
9549
7543
9336
12043
2248
3867
3437
6599
3512
10283
2773
5323
3487
11080
2961
1551
2784
5253
11883
11172
7329
1832
10314
10049
3877
7580
8349
10001
5803
7914
10953
11907
3592
3429
3045
9777
7852
11274
644
7466
8811
3081
8051
4294
7462
8274
5983
8872
8088
3535
11961
9756
6358
9377
6062
7698
4751
10209
8023
3206
6564
4948
8826
8653
9309
5400
10708
3235
4669
9183
472
6747
5175
240
5197
8692
2614
1037
7395
3854
1763
6938
9444
10445
10402
10415
8110
2057
1679
2653
7648
8804
9441
7822
8774
9043
190
10946
4974
4293
2049
1796
7436
1873
525
11856
514
7343
3482
10930
8966
5147
5911
40
11371
10918
9358
12157
10278
2228
7846
12036
608
9974
10854
448
1432
545
12042
1492
11013
7582
8761
7298
2273
2177
1695
11492
10601
2120
11976
9579
722
10423
4923
3071
4515
11449
5254
3980
1354
771
4988
11933
11808
2743
10459
9015
9616
11344
8010
613
74
6587
3174
6545
8657
7208
1488
2778
10131
2636
7750
8018
8778
1704
9926
10675
4944
3916
2301
10584
2158
3793
3006
10133
1879
714
12083
10270
9546
11867
8147
5068
3490
2605
8732
8413
226
4890
5711
1906
3882
3680
9069
2024
7596
3018
9946
5252
9166
9646
376
7809
7875
9478
7781
3837
2587
4791
9512
7327
156
11242
1776
10047
8567
8794
2284
8313
7305
323
7124
9154
10995
4906
6974
9108
10375
11277
11041
5313
8547
10778
1346
9259
5476
7099
8159
7784
732
785
8585
3618
3415
1608
507
9248
7872
3235
2956
5222
6228
9174
12043
3247
8244
10427
8363
333
97
9280
11082
3053
7100
4245
9114
5644
10637
10120
3949
11764
1293
4400
1357
4123
2839
9143
8930
6065
7761
6956
11924
4410
6091
3362
1581
8269
8981
165
4139
3517
3275
1103
2149
21
6296
10550
6020
12018
4534
2448
3973
4941
5410
12093
9591
781
6307
10387
9786
8745
9847
10375
6368
8560
3201
6088
11999
10037
10093
3459
11086
8060
7776
2597
8995
9895
11671
11951
2101
11499
1525
3341
891
2540
5707
6662
10009
5524
9009
5175
6715
11001
2422
1097
1926
5727
11046
4752
8022
109
4592
1624
10962
6025
6429
9205
8203
11243
9275
3749
3417
221
8516
2315
8331
1525
3032
9027
9984
11331
7267
8395
672
11717
10193
8179
5405
5024
11365
7394
4494
9856
7274
602
10624
6633
50
7966
5225
3476
2048
5720
10390
11271
10597
4755
5463
10755
7722
10357
1123
11769
6255
5489
3477
1470
8035
364
5316
9975
1495
5288
9077
202
3353
6385
5826
5679
3234
7071
1365
6018
11919
7261
1871
300
1106
1373
8557
1181
4755
11772
2342
811
7251
8073
2193
11808
5006
10296
10056
82
10631
8576
7990
5250
516
6122
10113
2588
6741
503
6172
3316
8588
11556
129
1910
8528
3581
3086
9829
3041
6615
1870
9912
5777
4521
1290
4567
3867
1115
5875
8446
746
5040
7116
11139
4429
10690
8541
9203
5790
4388
9718
1770
4459
11988
1098
1912
911
7736
5578
1493
2825
38
7577
10194
10375
1679
297
4151
1208
5362
2362
6914
2989
1530
11746
4137
6338
5737
1888
11435
11285
7008
3854
317
11126
1381
7976
5941
9708
7032
11486
5353
8072
5140
7103
8341
11961
6456
8229
7330
12126
12098
832
5685
11221
11586
3825
3166
10295
11588
2564
10713
3840
11057
10939
8029
2351
8396
12074
2247
6887
11191
2778
10622
8489
374
9539
6265
5711
11598
8819
8715
5202
8005
2204
8523
1868
2489
6132
5893
7052
5246
3967
4709
10098
6582
3492
4748
8944
4766
4669
6960
277
11865
141
6926
7570
8048
114
9182
6565
5642
8105
5786
7690
362
4054
9615
8648
940
9017
5362
1140
3858
4883
10026
8631
7637
1001
1695
6854
11026
6921
4810
831
1375
3283
10004
732
9889
1007
1509
11981
10711
4239
2436
5171
9040
4936
9598
12160
9443
553
6512
10655
4905
6830
11713
1513
1833
5215
4470
12172
3899
5647
12034
947
5143
12014
1208
10317
5512
6055
876
8867
11940
2195
3460
11806
11121
2048
4958
3457
5706
10094
4143
12197
11747
582
616
3225
7131
7139
850
6194
8743
3231
3086
10914
696
6953
8797
4102
2462
289
7029
3957
9854
11692
11797
9732
593
347
11236
5158
7336
4314
3061
9705
6090
1562
1738
10044
371
597
3581
5896
4473
6256
7561
10203
5947
920
4304
8890
9538
9768
8405
9089
10436
4084
1048
2095
9680
5868
97
11791
639
1400
12158
6251
6008
8898
10805
3462
4661
8213
7817
683
2581
4642
4902
4057
958
6982
7524
4412
10317
4920
9758
8614
10044
4956
7605
6852
10707
645
10022
11550
2883
11499
10442
11726
5314
11689
5106
1979
10040
3914
2548
9875
8211
6860
10227
5466
6833
10525
4052
2517
1032
11448
1282
1000
717
514
2538
3973
8664
11570
9578
2137
44
2453
3683
450
6798
8688
1529
5456
1721
3328
10816
11353
7059
109
9373
5123
9426
7233
2881
1434
2435
2433
54
7290
11283
7501
8486
10248
11052
7958
6330
3373
885
4366
11522
12034
10975
101
742
7380
1094
2176
2055
10876
1922
4480
4538
6224
6537
9060
10992
9950
3789
12118
2075
8363
8061
3383
11908
1603
1745
2864
11588
484
6431
1921
1725
8890
11441
10701
2605
5083
833
3500
6491
1359
10130
4104
745
2916
4838
10656
5786
1768
9348
11519
10755
7523
9510
2980
4115
1034
1012
3601
6541
2553
12111
4109
10791
4732
6032
2694
4263
9850
7242
376
3745
3843
6228
10007
2135
2530
10229
2804
2819
4404
6536
8847
1252
3205
2142
1456
10668
11582
1985
11742
3023
443
3246
5984
8864
4724
12053
9150
11254
8886
10541
2676
8886
8307
2469
6470
9692
11552
3259
8539
10695
6450
10330
4612
3297
8531
6293
6393
410
4197
2859
11765
10646
6674
2939
9850
4892
4046
1042
9483
9755
10951
6927
7155
8943
1347
10146
11500
9048
5023
3914
4080
5114
3706
6051
10993
5544
6779
2325
10678
2544
6687
8344
2205
12065
4568
248
9964
112
10305
4314
6064
11771
8930
10358
2478
8727
8306
8137
7902
1079
3527
6095
2434
9275
5501
7535
4432
4935
6830
6277
1910
5790
10810
10749
8641
9679
10715
6381
7626
3698
5256
8715
7262
343
3057
12187
7616
1729
5235
8547
187
11677
2487
8759
6473
8067
8476
10230
8667
7290
10472
10435
6289
3695
2767
613
6893
9810
1010
934
4920
4922
11607
6331
5646
9224
5065
8560
6355
6225
10043
10339
2050
7576
4100
4127
1844
6554
11799
12084
10600
3101
295
5567
10847
9301
5041
1447
1288
10621
1108
7785
3285
4577
8904
622
8166
4439
6772
9418
9323
5874
7269
3034
4582
7081
10370
3608
10064
9357
41
8582
819
6477
969
6543
8208
5381
4410
878
4717
4130
7332
10176
9911
8347
4350
10989
2438
5013
6073
6985
11833
1347
8635
12000
8937
4139
1685
366
7776
9570
4931
1521
1102
4570
27
45
125
4200
7226
8809
7238
8552
7713
6584
10407
2468
6155
1754
2203
7064
12127
2307
2808
11557
12183
383
10837
3304
7850
2741
2664
7162
4445
5758
3153
11566
9136
308
9457
9542
9259
2907
2023
4412
1980
4
300
6147
3856
5012
10149
6538
2193
8670
3588
715
4986
152
2104
6251
8758
4359
9344
5744
3598
9050
7517
162
8004
10508
9827
1192
73
4922
8938
8255
9396
1489
3522
10157
8603
1599
3981
7982
10223
10893
9513
9434
9508
4156
1409
3906
8770
5900
315
1975
5085
6367
8849
8643
5938
3448
112
8526
11302
10409
8030
8240
882
11145
5385
5581
2679
3200
973
6991
7075
7709
8740
1389
6755
9341
12136
9186
8695
9173
4672
4267
5321
2912
8335
5348
9423
3033
5610
7418
6131
12055
11616
12132
3474
3872
8665
9958
10291
4869
2272
2727
1942
10791
9943
11354
10122
9771
2368
5523
2494
2431
3120
84
9172
4386
9732
10040
3012
7133
5794
2379
248
8118
1008
8181
6228
10465
5287
1014
1630
5143
9727
4148
9754
6529
11849
5018
8882
1995
2716
2470
9194
799
4860
12051
1284
3020
1024
4650
11084
11326
3648
923
6390
1102
9617
3105
4098
10567
2405
5693
11930
11411
6537
915
4053
1760
10565
10419
5401
498
4916
4811
3276
6462
895
1658
6481
10370
9706
8273
2811
11623
2231
8470
7439
6263
3590
1885
1200
5082
8177
9988
1345
1270
7874
1735
10092
1751
11828
11779
6252
8006
11451
10929
365
5841
5833
11633
2828
3850
1538
10784
5992
12184
2136
7250
1969
519
5117
10435
3271
1645
7176
5064
12076
1704
1870
11476
4534
10662
8833
5108
139
5512
2187
5938
10653
4925
8932
6082
10898
11388
7410
5028
11565
12037
4442
8786
8211
1468
11660
9543
55
10601
2497
2290
10779
3089
8109
529
5642
11054
7554
10251
11674
8274
9875
9194
4707
7222
1691
834
10309
12071
5617
8915
7344
5653
5492
6522
10203
11412
3534
41
740
11787
2758
5251
9894
7742
2724
11844
9310
3907
9802
10955
11803
7816
2961
7546
10558
8747
1400
1190
108
6955
10804
1594
1951
1099
6370
12074
484
7335
10070
2357
1708
2695
1078
5450
6026
3935
7162
11020
1991
1046
5200
3945
2164
6142
434
4535
12159
12129
11823
4587
8537
10565
3778
9095
7722
10029
9866
5277
277
9800
4567
2253
7683
11027
9250
2999
3634
3326
192
2639
10360
5404
9398
8957
5854
5985
11196
2053
4957
9288
8050
2532
6943
2646
10608
10535
4113
3639
12012
8230
6049
10844
11187
12060
4217
6009
1719
1492
11585
5409
5000
3474
4105
1190
8974
10406
1190
3583
9954
9682
4286
3549
1006
5817
9888
6981
6326
172
142
63
9867
3429
695
2885
4869
5649
3286
405
11693
2768
7932
956
4834
10723
7081
6213
8033
2252
4999
9758
9264
7049
6439
6051
3602
5992
6122
11791
3033
11258
1181
1087
6299
7040
8415
2363
5553
340
4892
10693
4959
4970
10496
302
10046
3261
5577
8583
9857
10323
1079
4694
10759
5792
2325
7917
8513
10697
6480
5638
4692
7096
1752
4607
10686
7109
8700
1968
10482
10786
9941
2667
11344
1436
4394
940
5255
4851
5779
2438
6246
1321
3172
11361
5983
7164
1662
10485
4141
9051
6252
3270
4606
8099
4590
6401
4402
664
1943
2533
11288
5278
6381
292
5373
12005
7152
2947
7736
4634
2669
10942
108
3285
727
11408
3514
9019
440
11017
9040
344
1702
3638
2333
3028
1663
3092
4064
11199
10741
8485
11633
4686
1382
6916
4745
11522
1905
4306
3540
9338
12008
3246
7692
4698
6664
4550
22
6232
11866
1495
560
9525
2861
1002
617
5443
8660
10414
1239
3196
2497
6960
10947
2723
3092
11857
4684
4419
10979
7989
10032
6054
10349
1368
2595
4961
740
2823
3160
4052
1823
8568
8252
4255
7834
3457
10900
3860
6796
7333
4373
6247
6663
5657
5121
3120
5283
216
5125
4089
9749
10886
3607
24
5476
838
11630
2688
8644
9507
2347
11263
9507
6044
4252
11730
10733
9985
406
4548
8711
10500
8210
8928
7364
10692
6984
11809
1775
10482
3458
1512
10130
10331
11877
10397
4299
6392
6643
3086
11861
2233
6323
4241
11918
7075
5646
11571
9714
6925
6048
10787
2998
2011
11842
11198
8996
7183
5999
2524
9491
12107
3758
257
12183
11955
4036
1318
12152
9596
6971
2597
5957
11803
9223
8435
4365
1067
395
5866
7230
3090
3946
1015
1938
3621
6895
7109
3954
1649
6316
7638
127
9498
5289
9937
9427
1719
3092
1105
488
7115
2191
301
5934
805
8141
9526
1205
4178
3337
4465
12146
356
7799
9840
6740
1478
1988
4992
8566
7390
9443
1853
6742
9546
890
5166
7981
7089
7817
3440
9212
1437
9071
986
1897
1304
3802
8362
10542
209
9011
6228
9495
1859
920
5716
7563
2966
10873
6595
5209
7757
2874
8732
374
789
11313
1442
536
3153
6204
2251
2636
7648
10048
1998
5946
129
2523
5946
10843
10698
8991
2085
11380
1384
8807
2018
7426
4235
12068
3679
10123
8295
1805
11676
11054
9921
1799
5249
9536
4434
3692
7345
4571
2836
10301
8769
4129
3848
2336
1186
7573
11171
6300
11461
9259
5362
10010
2294
4338
11321
2568
7696
11946
6519
10790
4172
9025
9687
10699
5650
3505
11939
5974
5120
4850
3068
8428
1442
5436
8325
1245
6576
7074
3263
6440
5695
5518
9564
4989
9239
5661
3442
10235
5770
9718
10036
4428
11624
272
9973
11670
3617
8915
903
4839
1825
11694
4972
7340
7625
4566
4906
8035
6297
3979
9702
3846
9360
436
2524
7746
3611
7729
8750
2161
6207
8601
1609
7526
8691
5261
11333
855
11009
8689
9396
2641
4777
11553
7491
12138
3048
487
11999
8808
1718
1037
6880
11095
1818
3986
1525
5874
213
10782
4493
3386
8499
4485
1862
3541
12111
5564
1502
5778
4951
6516
6578
2874
8845
7983
317
381
6717
5546
6246
6583
4810
408
2145
1043
2625
9853
3742
3920
11061
5748
610
1406
10851
5885
1077
11335
4297
8079
8505
5942
6640
11747
8371
6335
10076
6411
8854
266
2950
11528
1175
3807
9657
1057
8343
6822
7188
11404
10993
9909
4375
1211
681
4915
5905
6193
3043
4544
8332
8826
1330
3296
10394
9084
595
945
7530
2675
11944
3919
9467
9817
6760
10497
3509
7265
7503
3331
4817
6947
1150
7287
5305
6206
9017
5634
668
8808
1908
11399
10867
10518
5037
1105
8573
8810
6456
10149
8063
5892
1827
4327
3644
4088
8970
2174
7817
8888
461
1747
9475
1007
6226
1941
9271
7160
8556
5780
4055
5744
1932
3102
6751
3804
2002
9128
11070
1771
4620
214
9765
8875
3211
4387
5525
6481
947
9063
2481
10546
2396
11934
11930
6055
4272
7363
6910
9696
9698
9211
10762
9250
5710
2890
202
9274
2644
9451
11173
74
7646
2886
8862
2440
400
9428
5177
11594
4914
10342
358
1813
10403
5811
1628
9998
4893
550
4441
10967
2306
10859
4519
9496
4609
2515
1612
10559
1794
4810
5826
783
11927
529
85
6093
1322
2971
1429
3645
3104
1289
404
10809
1613
3194
3326
3421
2079
3883
6751
470
10768
4399
2524
10469
1356
2549
5160
11918
2291
6126
3562
9319
10051
6365
3594
9430
12078
3029
8046
5809
40
6670
8401
281
7828
9850
4738
2344
11999
8958
3252
5738
7628
6388
2351
2482
3056
2530
6427
3584
11783
11261
1446
8411
11738
4619
8357
7612
7479
2357
9770
5849
10867
7032
9204
4330
4208
5159
92
6754
8011
11203
7703
10562
2123
5515
7672
3198
9070
3296
8940
7575
8312
5746
10179
7010
8240
751
6420
7320
4586
4740
3835
6770
8768
2530
1585
9000
804
5876
3337
5724
1719
2
9646
8743
9458
10406
4807
10540
612
2460
9566
9270
4848
8378
7415
10825
10504
5298
6149
1668
3445
10678
8117
8352
53
11512
5817
4979
8231
10073
4399
4085
5001
11805
7933
1486
7799
3255
8240
2628
11731
5475
11698
6986
1358
4266
3109
619
2138
5486
7487
4681
3708
1222
3516
10532
3643
9372
11951
5395
1486
11765
4819
854
2323
11570
9826
12039
8854
6011
2678
11713
8753
9568
5495
6494
2052
10084
8568
3431
10384
4282
11559
2664
11459
2867
1271
10696
5493
6967
7363
9810
3542
4626
5682
8952
783
4840
10195
3562
1483
7815
1968
3080
6378
3715
7715
188
2376
1331
12020
2078
6530
8377
5877
3139
9590
10926
11672
4726
5084
6456
1957
8078
8201
1745
6253
3313
7082
8110
5025
10079
7237
6521
9737
11743
9112
9523
96
1738
4630
3943
6862
9734
9334
3691
5794
6853
10503
10175
10791
3191
10316
885
8160
969
10002
11188
7160
12008
5550
2426
6867
7424
1268
11610
9866
3505
7058
7257
8944
7790
2769
752
7171
10835
11741
1323
11777
9382
11789
6791
2980
7575
8830
7509
11831
4334
9268
12185
2652
2610
11389
6884
4135
2784
686
3476
10223
103
7199
11076
9488
3305
4507
9821
3697
3186
11313
11557
7378
3001
5621
3410
8612
11373
1490
11449
6329
1087
5624
7676
7631
5797
5255
5092
10618
674
9891
556
447
9880
6305
11275
6635
9173
2234
7453
5866
5122
11952
1644
2334
3897
4666
968
2985
11374
1215
10754
9217
11071
4681
8623
660
10302
9845
7196
72
5574
4898
331
4521
10909
1285
11720
8566
8985
1479
4179
5266
5221
11429
1019
4479
4780
6298
11116
1699
7484
6677
4663
8099
4061
302
11433
1728
8199
12082
1074
10430
6953
6101
4600
5044
2023
3128
4804
6945
8728
7889
11553
3147
5659
3513
7344
2599
10941
361
11398
10801
1260
3822
947
2558
2947
6231
7019
140
1589
11385
3643
1942
9758
10358
5585
7893
4360
149
3731
7448
965
11920
949
8621
10073
4048
10927
5972
10175
3157
5921
7188
3313
482
10694
11695
8775
1290
2300
4296
4440
3969
157
9579
11782
2623
1369
9155
5759
390
11795
1476
5057
7548
10098
7982
289
3339
2590
5900
10593
2977
9493
7169
11689
6196
8453
12110
11496
3088
2767
3675
11996
2495
7790
1628
8586
607
7447
7716
6516
986
6512
701
8704
7651
7469
10874
10537
4632
11507
6804
3466
8344
6688
932
9014
3012
11526
1373
11191
2918
9611
11490
9290
150
10853
6605
3922
10660
4976
9202
3900
4018
9173
6679
10657
2096
8174
10575
10100
576
2621
2968
12024
7160
5609
10432
6675
4244
12187
11628
9039
10003
4397
11637
10866
9394
5085
11949
804
9394
3530
5690
1379
11692
2183
301
10509
8516
3802
11700
7884
3988
3577
4060
4992
5048
9230
9095
9703
3553
2329
9406
9782
5713
2908
8231
1734
8136
5740
8787
11689
12176
9238
971
21
8123
10332
2596
829
484
1125
3095
1786
10434
7280
6591
10623
9098
10984
6960
534
8946
5147
1759
3397
8773
2951
1268
10535
4092
5505
1198
10122
2745
10916
2126
304
236
6500
4630
5148
10866
11487
10193
4321
6066
897
2887
5051
9387
7636
4231
6936
9105
4328
6949
6378
5601
8488
9829
4721
952
5915
4884
3654
9296
2306
1372
1706
1569
7199
4283
9493
8191
10084
783
5797
7620
181
9143
2301
3119
10006
8222
6308
10848
3101
5715
3304
6124
6576
7036
597
12138
12167
6283
7911
4859
10740
2363
8192
5346
11750
698
6890
2274
2873
8900
8471
1097
9124
8152
9502
4717
6399
9952
5397
11605
4312
8852
1249
11542
7353
11676
7293
7468
6154
1396
2334
2490
2562
11841
4041
7266
3479
4210
6386
5544
9276
5226
7220
7905
686
2973
4092
2145
212
4009
1545
9534
2884
6768
345
9628
2649
3368
10196
5454
7281
4872
10356
1352
3886
9431
10782
5929
3985
2855
4919
3151
11409
2310
11184
1582
835
11659
844
10071
5744
1132
10292
10894
10707
3697
7509
9462
8201
10596
8280
4809
10946
2545
4596
5822
4676
7765
8196
5169
1355
72
10112
5395
4212
9776
12150
5577
10405
10446
3761
11017
6366
3654
2055
2295
1784
6736
4205
3003
7462
640
4556
562
2296
5903
5145
5285
10054
1345
6419
1116
7566
3965
1312
10750
10903
3878
5660
7693
10445
6914
12020
10153
5470
2428
9971
9038
8662
3132
3426
10402
9843
1686
3004
11192
4796
4875
8185
8763
8212
209
10776
10912
2243
9942
5757
639
11069
2112
4356
4638
3671
10811
63
10141
5112
11970
3707
3391
7624
2940
8842
9819
1906
1649
267
12134
1283
10188
68
10823
37
1623
5304
9266
4810
372
4551
10109
5578
7841
2161
4664
5031
2404
1944
165
1077
3732
3864
6392
6729
10591
4495
110
9331
8448
3656
840
8899
4212
1631
9627
8055
11697
6666
4235
10150
7709
8752
1748
8118
4873
4550
11005
7472
1780
8904
7823
10279
7429
1652
8035
2353
4747
3997
6357
9616
2161
3326
8766
9440
2174
10413
9322
2187
7679
4124
698
2181
708
8414
6849
10716
3718
4893
5487
6873
1839
10873
8016
2808
6310
1106
11425
7542
5630
958
2946
5606
11344
7545
83
5720
9908
954
10248
7732
7076
8823
8608
7945
7676
8060
8474
2080
4466
4731
221
1966
7077
3967
9325
10005
2951
6519
775
66
3259
3849
2735
5293
311
5431
7429
4243
5327
6244
2580
3522
1324
9714
9143
3561
7268
3912
5464
11279
10853
5862
5592
7801
2548
3879
10576
11473
203
3193
9684
5888
2187
9504
3244
4358
2414
9483
5200
6597
8757
8842
3087
3493
8677
3376
749
3550
4054
7770
11195
8629
7073
2382
1170
7020
8185
2703
2662
2127
10452
4078
2452
679
7689
11287
3487
7791
11541
11305
9053
7268
7522
1174
4238
8467
3099
6356
2023
3427
2574
10349
7727
1706
10679
700
492
11650
10933
5215
11886
487
6989
11740
7400
2842
2757
11612
1654
10999
11814
5178
10242
4913
149
9454
10004
8274
11616
6979
4665
10184
8537
4950
695
11449
5501
431
12149
7561
6695
11088
9291
11278
5053
9869
10215
10416
2925
7434
11762
9976
12101
10034
3757
5165
11293
12152
1106
4509
9649
9405
6624
5475
5885
10934
9492
9917
4717
8534
2932
1295
1122
3912
10161
11452
10252
9363
1315
9411
7466
4833
9872
9377
10473
703
1886
5424
9115
11635
11674
7086
1745
1282
7529
5932
6974
11436
6437
7525
3396
9748
267
1831
5087
3810
11649
797
9353
8887
11885
8031
9653
4161
10740
1696
1168
9572
9672
3193
9735
9262
440
8245
2914
10975
1012
6577
4370
5239
8464
6764
5886
4379
5990
8839
8052
7460
1756
1450
7518
7922
8283
116
11960
4216
7957
9479
1455
6517
1221
11899
5408
1266
7572
3278
1431
3257
11652
3144
887
9776
7549
7873
4402
11561
1577
1590
11719
6978
1822
5350
9345
7639
3707
10864
3464
4549
3147
2286
5352
50
3247
4662
4061
7930
6194
4708
2097
4534
7807
11242
538
11270
2717
7543
11498
749
5875
2271
543
4475
12051
4516
2685
1504
9262
8681
8313
4700
2579
2603
3386
10922
2388
5274
11421
9329
7915
700
4490
2578
3485
4471
3195
1614
6497
10167
9081
5140
8386
9835
7736
5369
2657
11377
10579
1774
2839
7925
3187
11779
10772
10898
5947
10132
3532
3164
1786
4208
3835
7986
5153
10876
12032
6328
4713
87
10690
5425
5210
10085
8170
7300
10219
1477
10481
10666
2941
11002
10760
11469
755
5204
7099
1102
5628
10407
515
4358
11563
5008
12140
6505
7031
7363
7240
1955
9437
8132
599
5129
9991
1999
7463
486
7433
10848
1337
9119
2232
6626
3275
4755
9699
7999
10028
6747
7682
10512
1498
2863
7757
9777
845
5219
1591
10010
4145
1035
851
9527
1591
8891
2674
1776
7710
1131
9059
1888
2653
11940
5367
4596
10494
10397
7407
3579
6200
11085
1418
1678
2116
5842
6426
1229
3713
9454
9655
4817
322
7464
6175
4433
918
4911
1136
8097
9791
10681
515
11740
5340
5038
4844
10034
3082
95
4246
10868
9731
9275
1139
2653
12165
1925
109
2297
5959
9766
7794
11780
10673
9441
8949
3522
2961
9362
1932
11393
704
153
3050
1868
8744
1549
4121
3903
11646
8940
4459
9540
11726
934
10464
2409
7312
3942
2654
4547
10597
5865
2190
2795
1646
4796
2547
1094
3231
1769
6513
7978
867
190
7329
4888
2521
4106
5653
9649
1372
5875
2939
988
10140
8620
10885
3050
7620
6079
3764
3786
828
3380
8721
9201
6627
8313
3250
3352
6116
7569
4436
7256
7875
11967
228
2222
6015
5455
10817
9431
10640
2861
5204
10580
237
4428
6301
12038
8687
9801
10252
4454
3251
8628
9167
10863
11166
1222
2597
4111
11359
2876
2053
4454
3180
4925
4555
2121
1563
2321
1529
3381
11782
7492
11798
9901
7972
1679
1894
11905
577
6166
11001
11274
7049
1003
10100
1528
10688
11782
8051
3212
7116
2861
4032
8212
2869
8880
8219
4351
2126
3024
8531
8677
7403
3635
6337
10301
2892
5356
8289
11012
11866
2588
2877
8580
10954
2877
1184
5291
6772
10751
9282
5354
10005
5900
7358
6328
3297
88
1516
4284
7009
2724
3770
10600
5275
10209
9718
1980
9247
5499
5616
3591
8718
11972
7249
8891
5372
11182
10231
11169
1269
3835
8179
8190
3712
9630
8597
4443
8562
2997
8739
8847
10563
3625
8910
7953
1331
11008
9135
9309
11063
1950
2396
10046
7206
5187
5953
9133
7847
12102
3545
3916
1850
10264
5108
11501
4117
8674
3230
6879
7315
5079
12089
8895
6916
1745
5035
692
7848
7521
2266
443
5315
3136
7524
5253
9127
3722
11542
672
11333
11590
11333
352
5370
3024
10680
8483
11961
9336
8705
7059
5082
5411
4843
11943
3109
3898
3864
8162
3453
1125
5449
6886
1216
3733
5848
9180
47
4710
5819
6256
1284
6778
210
3363
6272
8413
5207
10774
9337
3295
10070
6635
1427
7211
4983
2556
4866
5968
9620
8962
1581
9847
2681
5141
11726
7430
3290
2919
3234
6775
3563
5361
2862
10738
12174
4163
11592
1829
6921
8344
818
7071
7285
8536
6762
6154
3169
1202
6828
7856
2411
8511
891
7161
5834
1638
451
4751
9993
3056
4134
9592
3499
6296
3740
3102
8087
8415
6847
619
6098
12096
7761
211
4709
1296
5639
3733
11565
10641
3423
12099
2291
2067
10601
8619
5090
7327
3342
7562
10771
7951
6239
4301
11522
4491
3306
10973
10519
4042
9205
11639
7820
9733
3336
11
8109
4862
6106
1293
10989
5380
8984
9997
1194
8625
3623
8888
477
3777
1105
10446
6956
9733
3170
3270
6930
811
4844
1308
10568
9611
9994
8341
3493
11801
967
6470
9345
7498
11388
6745
6554
2316
9804
10768
4877
6729
2121
2108
261
4680
8580
11171
4755
12062
5097
6593
10654
9664
11213
6136
4251
2020
2146
6615
2554
9523
11178
400
10357
8668
7168
5681
1700
4390
7782
4070
5056
2549
2956
230
2656
5791
12079
2458
312
8070
8768
2015
3392
8134
2088
4554
5821
1440
7902
8799
9356
3832
10778
12123
87
4809
6439
1846
3959
2852
1322
8143
8892
968
10204
5303
3902
11167
5752
11180
6837
11206
2123
1240
475
10016
3534
10558
11401
11546
5438
11557
4615
11716
5846
3135
10030
1212
1439
1387
3887
5044
2093
328
9108
12182
1501
11076
6053
3529
42
10109
5494
8390
864
10843
2882
11177
5544
9295
5072
2200
981
6982
3381
4237
625
7031
26
10706
6216
10562
9922
5092
5598
8945
19
1708
11634
7569
2799
16
10053
7516
7639
4085
8841
2419
7883
6245
866
8270
9466
550
9055
1120
3762
2330
241
9435
4613
431
4308
3383
9803
7565
5601
5774
6357
6911
10262
1015
9531
2162
1654
3453
11576
6585
7314
392
8265
4844
9494
9801
2724
6738
5331
1460
3314
12065
4262
10431
9990
10241
1487
2726
3540
10069
8132
11679
511
534
8687
3622
7494
10727
3853
1027
9099
1948
7056
10510
6871
10796
4110
7519
4892
10088
178
10584
9495
2681
7559
8263
9721
1781
3812
6873
11998
5958
5049
9767
3090
3256
2823
7326
11338
1733
3730
2323
2111
5842
9101
7443
2004
6223
5337
3916
8221
10866
701
10967
59
2372
7311
12034
4545
21
4625
5849
11280
3466
8413
3895
10040
8554
11658
8272
8816
5619
3559
2884
8862
3853
9421
11361
5659
8321
5976
1581
5810
11095
969
9979
1699
9088
4672
7409
9092
7794
99
7277
9407
3954
9490
6518
980
7134
2251
4866
6703
3655
4353
6476
9270
11354
7721
2082
11971
2336
8627
5382
1784
1156
9537
6598
5675
4194
2707
263
3706
2893
480
2261
5436
364
5780
305
5078
4763
5463
7689
3870
9373
4255
11475
5702
4622
5946
1440
2883
5511
10628
10851
777
10407
143
11943
471
4244
748
2287
5568
3294
5288
10423
9236
6011
1533
548
158
6962
2155
11581
9568
5778
4493
208
8734
4276
4409
1793
5470
6780
7946
819
10577
100
4078
4328
2459
4376
3556
3586
8470
66
1284
7255
7942
896
2812
3041
8283
5366
4790
4807
1062
1722
137
1300
8551
1136
8281
1936
8174
4762
11076
2518
5947
7495
4112
8589
7904
6161
7946
4361
2982
4096
1302
8551
7078
11436
8852
4612
7776
843
10466
1929
2087
2592
7134
2187
5291
11366
1301
9698
11905
8517
10743
11769
7647
5669
7187
3141
3022
11879
6978
3773
8873
9884
6134
8649
11011
7042
9379
405
5538
7221
3212
1655
8394
6774
9123
10650
11313
918
9333
7877
940
5305
12072
5675
12009
1709
6119
6528
7826
3731
7229
11372
9998
8909
10557
3592
8016
12036
4824
11680
457
8971
2486
3065
6201
4408
1134
10214
5236
10587
3288
3175
9401
10149
2629
10852
10878
9278
9202
5569
2741
8447
11544
10934
11432
1948
11368
11611
1242
3103
11271
11293
10069
3812
11429
5438
8112
1320
1174
4249
6550
1451
3429
1033
3963
460
11784
7459
8292
9032
6832
11392
6582
8838
8985
4864
5086
1432
5134
3512
5995
9236
5174
7796
4496
2826
9732
2426
11377
991
580
11300
3216
1020
8391
8963
122
3287
3986
10804
6494
4753
8369
12025
259
11961
1877
2954
4458
4854
7635
3758
8045
5915
5537
170
5421
9372
7675
10728
8351
2317
8156
5985
2649
7791
4731
5595
1910
10174
81
8975
3706
8732
3275
11922
4865
8342
10198
5933
8425
10975
10584
9748
3950
1307
1012
3792
1604
1348
649
9006
10144
3704
10450
11384
6726
12021
7393
10318
4100
10967
5588
10248
11623
9388
6601
5782
6363
4834
5199
5425
528
3585
10025
410
5975
2020
6458
6395
7535
3946
8545
11962
4091
7461
11072
10647
5344
8019
421
9413
4252
1796
2363
11249
4668
1269
6761
6137
6118
3171
3377
2449
316
11208
5117
4728
6709
7863
11147
876
839
9005
4547
10362
4646
6874
1176
11079
1048
2128
9785
10589
8211
7547
8393
6413
12047
2729
11198
8391
7395
5328
7612
704
4580
4258
101
4264
6865
8667
6016
5742
8895
6343
8629
7886
2643
6290
3118
11830
11804
1756
7704
8038
8013
8373
6911
779
3643
11606
8492
3215
10868
12056
8846
11686
7685
9498
11029
1412
8172
4153
6827
10957
8878
1522
1946
11257
424
654
750
5928
6820
4614
2346
9272
7345
8938
6366
2162
9311
9601
470
8029
9852
135
5375
1302
10821
3801
3123
7038
12170
3215
6723
8011
11133
8679
8509
5608
6958
9909
6748
6495
6440
8561
6623
1604
1658
2206
5020
11361
10363
5074
8880
4948
2272
8970
2676
1708
11308
5989
7411
4986
11333
12071
6587
2242
3683
7038
11360
7491
4464
10077
7498
4806
9773
2680
12021
7502
3579
11228
9686
2131
6700
11256
1814
2078
2454
6139
9173
1791
12011
6091
4159
720
12067
12072
10892
10248
7081
6168
4794
1928
8778
10596
3053
9846
5058
1743
10055
4312
1302
2213
5948
8622
12144
8188
1020
9427
1732
758
8993
3224
3307
8001
2419
5071
8350
9344
5390
151
592
5075
7630
3836
9033
4444
7977
6745
11904
3378
4123
688
941
4995
731
7092
11922
9121
3284
2736
5011
8470
11921
9429
7433
11051
1064
7367
4378
5091
7446
9931
9139
11200
7598
8016
3962
5500
3391
16
7345
11406
500
11897
1077
3963
8306
6901
11798
8586
6835
2979
10598
4001
590
10482
10646
6868
11390
11200
7427
5234
8615
5386
4268
894
83
9980
8108
3071
1217
9535
7958
7759
2239
6077
9820
1262
8054
2204
10750
7813
11225
10
9651
304
5739
18
2332
11716
2479
8692
1301
8503
1732
3569
8163
9138
6478
11516
1969
3638
6396
4443
1883
5077
3347
3676
10742
8939
9326
6978
8330
9375
3831
3754
10651
10813
8185
428
6474
4029
2922
9608
9288
5353
2724
10659
7856
10783
1313
1616
7037
725
5345
926
5453
9400
6750
415
11961
5116
1731
7146
10927
1575
7333
4577
3121
3264
11588
2269
6213
8386
1233
3996
4127
4893
3312
7908
9146
2102
9839
1201
5525
6267
2178
923
9549
5081
588
5686
5345
9616
1211
1796
7549
2756
11296
1968
693
10539
2477
815
6362
1680
678
1356
720
6288
1415
11856
7413
12072
10118
9307
1204
5514
1353
9307
11632
4269
2609
11943
4750
9770
902
10700
8557
9173
3032
5545
9426
7912
6186
3746
5197
7613
11988
7759
6556
1292
10733
211
4228
3021
9733
10265
6086
5340
6540
663
1404
3249
8563
11895
6929
108
11041
3666
9582
2330
1974
1467
8354
1267
4351
9640
12153
7074
5565
1101
9345
7137
8236
2999
6863
4033
12158
8090
4657
4415
11986
9870
3067
10207
1666
133
5407
8775
3935
932
5151
11520
104
6406
2324
2351
3524
2733
8604
9574
8915
9540
624
1604
5999
2246
883
11792
3364
3881
7030
3882
11915
5833
8486
7398
1766
762
1449
186
8448
9567
2732
5072
2734
6626
10848
6525
4390
6340
3009
9694
7758
12114
10145
2275
5683
185
2864
7053
4040
4875
1565
7129
7009
315
4472
9413
3781
4678
2407
11862
9609
1238
3594
12066
7277
6033
5590
1473
6134
1067
2629
9565
12033
2109
153
4701
8413
3058
922
7763
10936
8453
7360
10969
6698
731
2240
10303
7267
9723
2823
7264
1694
3483
12068
2911
654
10305
1138
3167
8264
4877
6058
1018
5083
4388
3476
11282
6675
8164
10940
1268
8446
3466
4711
10609
11789
7746
11331
7195
550
10786
3260
1070
8978
51
3625
1969
10169
11408
8360
4248
8427
6109
1488
9507
245
11209
6459
6852
7979
1603
11981
9563
2448
11440
1884
11920
911
11606
9625
3886
10774
2708
2684
1973
9080
337
3982
4807
12014
6728
1844
4897
7018
7234
6233
4169
10402
3810
6075
11803
6449
4314
9219
4539
10866
2933
1648
5983
12150
7762
8849
3830
2056
438
4984
5753
1772
12115
11983
2573
4734
1640
4614
2541
10964
7204
8878
5502
4327
792
1144
6872
5710
98
1913
279
7671
4231
4101
9359
843
7202
3969
526
3640
11734
2335
11421
11190
8751
3824
9339
11989
7437
229
6761
3890
9400
9992
5100
9953
5587
5888
1210
10985
9974
8707
6119
10236
4238
10316
9650
423
4021
6255
2339
3449
12086
2888
870
8186
3513
3543
3712
6774
7392
1377
8536
9857
5659
7582
4185
5308
1024
10162
7087
9771
11213
4964
9077
5045
806
10143
5874
7095
5648
1129
5064
1397
10149
5325
110
1356
11258
2624
2488
11606
6488
5807
7624
178
2804
4898
376
650
8516
4879
2782
5831
6029
8803
9587
2681
8696
7700
11471
5038
11472
10499
3004
4561
3246
475
10816
42
7330
5483
7369
9528
4614
3561
2059
11104
4062
3547
11653
10237
2224
6931
2029
3096
8465
3023
1748
2724
3828
9074
11701
879
9581
11517
5554
4063
11446
3609
5053
8994
336
2507
236
5509
9441
7811
12031
8107
1770
9677
8877
8526
4405
7469
3041
7289
4532
4167
4619
2599
7224
5857
5467
5026
4844
4830
6963
3496
12004
5939
4239
9624
4510
2441
10796
3185
11258
10241
4415
9227
8438
1977
4939
10692
5441
8647
1345
1672
6683
6392
3244
10539
4675
11665
12007
4759
6325
3386
3769
8050
5445
5413
7338
8135
10992
2314
3975
2298
1213
5699
2728
1164
2236
975
1854
6413
5557
5084
4530
9213
8362
11630
4719
2152
2623
12108
11161
2736
11371
11110
5338
11342
8891
8211
4716
7618
3571
2875
10523
10883
11994
7334
4583
9302
6272
5731
11216
9368
3292
7060
1331
193
2343
5171
867
4725
5369
10282
4070
6394
4462
6258
7174
11103
11786
1767
2496
1301
4657
9954
7677
9519
9196
11620
3343
9630
4257
5102
10442
11124
4991
3681
2563
5257
6439
6064
6033
8509
10317
9608
10915
11040
9337
6783
3775
3331
5516
3262
5657
578
1972
6225
6232
3301
3429
11156
5945
6622
8366
4998
4265
4106
9587
11687
8148
1057
1103
10855
5575
6805
6623
4182
4287
3240
7920
11372
3785
11476
6556
2786
2424
1245
2921
8291
11799
2501
4040
10433
553
8654
6264
241
2508
427
2968
2457
11163
4342
3282
5558
7953
10666
1309
8567
5324
11616
6454
7404
6116
3881
7902
11607
1821
1621
2361
4271
7131
10178
6507
4911
4959
5411
4947
8344
9211
10923
8335
1312
9473
11182
12164
1573
2665
9976
2151
3609
290
2691
8657
8918
8777
2032
2042
2512
12164
9300
7365
6822
9847
10354
9156
3328
2795
12146
429
3763
2527
11287
10181
9159
332
1006
11562
1378
7221
9935
7914
4241
7853
6316
4113
4284
8587
8295
4799
9332
11889
6767
11701
9437
7683
10115
1191
16
4361
2493
2539
6595
1525
4552
3666
2692
862
8029
3522
3264
2153
11346
3133
11744
3504
6272
11150
2854
5013
9398
10814
9647
8533
11770
5485
7264
1153
8983
2145
3883
9164
8353
5184
8412
11481
2872
2661
1553
5229
188
8285
909
6153
7117
846
6257
104
1475
4275
1166
333
558
2158
2074
1294
3358
4823
10277
7752
1266
891
8057
7090
1499
11155
8566
2016
951
1167
677
5601
2657
5918
6516
1376
5909
8571
5045
9912
4405
4114
10623
8121
11351
12107
2424
7658
9247
3720
5349
10703
9855
3506
10838
3179
4717
4160
7887
8166
180
2473
8082
5617
9528
11249
11512
1674
1221
9538
10225
3470
664
5824
11660
3550
7021
6555
3685
11108
10810
6675
3462
3485
8666
4438
10648
11508
183
5344
11402
5250
12177
10884
8877
5925
6936
11541
477
8880
2596
5420
7643
11908
7004
8565
8566
4514
4198
4918
6654
8648
4501
8638
9319
11461
9645
7402
1148
10698
2773
8135
10896
3617
4200
9423
10734
7344
8108
1761
11946
10995
10782
1447
12072
2899
11245
5560
9962
2243
11969
8419
5361
3470
11159
3230
6570
11829
2210
7072
9677
8736
7785
1899
7227
2918
11435
7446
2350
5915
5740
6771
6601
7628
11327
5918
9241
155
6283
2139
1724
6185
1864
2420
5035
6776
3303
2724
1793
4585
2483
11728
8798
6234
2265
6924
7015
3852
7535
9573
971
2229
8826
6110
8374
8012
7754
10489
2725
3662
1781
11692
8014
613
3307
11454
3789
10933
5090
8363
7694
3179
6210
2498
3479
4863
498
3728
3859
7176
7694
6335
6110
5350
6191
5425
3703
2009
11314
3276
3890
10715
4012
9959
6660
1584
7011
8470
2439
1133
7051
1394
11163
9422
1318
10417
8409
8934
7594
1920
7626
3304
8014
11141
6758
5181
3446
9044
1573
7208
9167
5582
3082
6761
9662
783
4547
8434
2339
2041
4806
7736
636
6936
2307
1646
12046
2310
6746
2752
6952
9820
2705
11058
497
2956
4195
1896
9727
8455
2366
3961
11889
5338
6697
8901
8188
3991
10889
159
11775
10252
9756
11734
10294
11571
5276
8155
5680
3253
7946
1036
7372
9021
927
11372
5152
8861
5125
8932
500
3044
8245
9309
6380
12167
11380
5645
9911
11229
914
3020
4331
348
5284
1738
7674
5220
1788
1832
9000
5884
5860
1795
1885
11954
11728
1410
11498
9271
6562
7127
10952
5879
3209
6249
3786
9496
8248
11308
6171
12033
4469
8261
11459
4830
11772
5157
5688
3271
9641
10437
1489
3146
7842
5827
9813
8106
10050
9076
8673
11936
7986
8445
1473
3169
5631
5624
5012
1102
10925
8455
6173
9386
7953
3610
1476
11039
9381
6285
756
7468
6563
8614
4091
10419
11935
1892
11886
11102
9068
3018
9018
8744
4142
10170
8671
1949
12187
802
1148
11415
1503
11818
3288
414
6989
8697
11665
11260
8867
239
11961
6172
5636
7292
6334
8233
10311
10391
8449
3294
8544
3809
7737
3804
3763
8562
6993
4761
7365
891
4806
9345
2901
8655
3169
672
6506
3739
3497
27
7543
9819
3787
8945
5982
9694
2376
5125
10291
465
9784
2826
6636
1282
10541
4207
9402
7151
7807
4436
6107
8243
7468
11400
9300
3468
6302
4454
6850
419
5786
5569
7944
11510
1257
1875
9513
617
8646
8108
10219
241
7329
1604
4109
7134
8662
4094
676
8285
9727
1122
8122
9087
1664
3422
558
4626
699
7914
9212
8304
3074
430
7044
3058
7345
6909
3453
8705
8225
10599
313
5737
9910
9323
4878
12058
428
1512
2396
3654
7845
9350
5486
1011
2197
9750
3021
99
1368
2900
7821
252
4419
7516
2833
1955
10127
4293
4121
1660
2847
1805
6633
7443
4067
9605
3199
5990
5790
10666
1202
1935
7375
6854
11849
9371
10979
4105
8120
9717
6524
11176
11009
5863
3347
5030
6010
8061
10461
6975
6039
626
10739
6919
1702
12133
4077
85
9771
11934
7803
11915
11862
8883
4746
2127
7293
7040
8337
620
12072
12078
9764
2059
7403
270
8533
1205
2023
11785
10788
11573
2138
11205
1490
8510
9626
9535
6875
1686
11945
4190
5770
1706
129
10353
11754
5209
7014
4782
9146
2403
3294
11395
9577
4566
8496
9539
6272
11210
9648
9250
6488
3938
4859
6378
9937
4140
6082
3096
6185
3086
11181
2422
2737
10220
7774
8436
9330
4690
2037
10407
8703
10728
10711
3872
9000
12047
11183
6063
8929
7488
10961
8599
1461
7389
8079
3185
5995
573
8045
9335
6825
8721
8419
6945
7385
11820
581
10515
11775
3073
6188
4029
8974
8462
1446
4617
6103
7811
8039
11826
958
5612
2678
6146
3566
7643
2943
1038
3807
2497
7914
375
1030
2408
565
5384
1109
10868
6729
11179
1878
3653
4763
696
1148
11115
575
7380
7474
10001
5663
5484
5948
5264
4585
917
8085
2212
8374
10785
9975
1559
5896
11950
8314
8607
8041
7686
10730
1757
6691
11509
3385
1590
7525
3714
4904
9357
3210
9424
6007
2443
6864
10131
10439
5462
9292
11197
4575
1726
748
9535
4837
1209
2331
10722
3681
2958
5365
6880
1319
1191
9800
1583
11878
8010
5385
3075
1526
5800
7816
6607
9382
4091
1038
4705
11984
7244
326
828
7174
3571
2005
2828
11361
3549
3970
5989
469
4299
7403
2418
12158
10444
5830
1066
6184
8691
3615
2048
8085
11814
9342
6742
5699
8542
8169
989
2547
2333
6666
4396
453
8032
5899
5216
10067
8883
3524
7401
11789
3246
6811
3693
864
4601
5255
11008
3868
1237
3518
11392
628
3991
1467
11698
7755
11225
2226
92
7993
3291
5616
153
3843
6810
8515
1477
5828
9102
4828
8310
8032
4046
2399
379
9024
6359
10662
3769
534
11029
6627
6378
7516
3821
4394
3819
8977
7461
10991
7091
7565
3386
3113
7004
1040
492
11390
3216
6966
10454
9264
3017
11407
7754
5574
10931
2604
8109
5251
1470
977
6573
3239
1277
8846
215
10320
10459
2056
8732
8302
9334
8797
2653
36
5471
7057
8438
552
7956
2815
7673
536
8632
9435
222
6948
3536
326
4034
679
6733
7154
3702
6080
1063
6882
9581
3767
7933
748
2359
7274
10354
11813
10398
12072
10177
10345
10548
7858
10269
11016
10237
11183
7310
10945
3258
5167
7640
2217
9543
7836
3794
11984
9527
6253
4258
4812
2894
11239
9106
9749
6420
862
6272
9811
2887
6792
2052
8592
9142
10559
5880
2136
9491
8157
2587
3359
1213
1050
7930
4306
5203
1907
6998
10771
4489
964
2566
11210
7896
1820
3135
4015
6955
9537
5333
8189
3022
711
7908
1224
9998
9658
11999
3490
11129
5046
4175
8378
3380
3826
12129
98
2729
4347
4679
7422
6877
4318
1339
3633
8587
5305
4898
5861
2931
4552
225
3671
551
5020
10042
2252
6543
4092
5735
4221
2095
6658
11128
1643
508
491
12011
6349
10360
3855
3950
4263
9527
3856
4535
8691
3276
9688
2730
11192
11424
2317
3038
11203
4542
6250
7077
9803
8996
8802
10051
4516
11410
608
4544
3664
6880
1161
4892
6084
9934
10857
10171
5627
10526
4600
1434
8207
6441
9893
3449
11101
12015
11027
4032
8081
3038
9120
2386
8585
5690
4588
281
9012
11965
10113
8560
10076
9349
4960
9506
10181
10753
2660
9454
11392
11186
1696
3082
5187
10409
6931
4513
9693
3789
11564
789
8015
8184
10275
10422
596
10209
1548
8190
4857
10571
7344
2435
2683
2171
8336
10587
5580
6022
6752
10689
5615
10533
4868
9706
2150
4837
562
4618
792
9901
6572
10962
9135
8599
7538
8430
7935
5896
12106
11083
4706
7495
4367
8900
7728
10953
10215
6049
9441
10973
5323
197
10007
7165
11141
7454
7584
11953
11031
5311
9426
4032
8076
6296
7526
7394
5637
2168
4915
7361
9187
3697
9127
7355
9409
2876
2444
8437
7969
8672
11035
4882
635
6882
12004
5874
137
7552
692
10377
5933
10427
7585
11295
4794
9029
1476
10893
4128
11762
11855
8340
10395
2103
1402
9561
2286
9688
8560
4609
11499
10368
5198
5698
11098
9266
4291
2900
4835
12092
5885
8669
4524
1934
4508
2705
3490
7254
7998
11168
9149
4972
9296
8621
9157
11817
5640
2002
11103
12196
6044
9625
1600
10843
957
3258
10286
4581
1489
3263
6250
6271
2298
6721
3555
9184
3097
8753
538
11703
10996
5547
11806
10842
11462
6911
851
10311
7078
3203
5314
3861
6218
6819
1207
8907
11825
621
697
10085
8455
5205
2529
4402
9896
11366
9222
522
3819
7363
6856
10819
516
11350
2459
6364
1174
10033
7141
5337
3836
9453
11393
5821
150
6243
4212
5242
5513
4287
7078
2956
9456
8463
6674
7906
1764
2607
10572
3016
8440
3744
6892
6750
3896
2232
2467
4807
10694
1032
6334
2762
1084
11062
11585
2346
8764
11728
4298
7534
11603
11678
11575
2857
5753
727
11640
7385
11846
11498
11584
982
2607
8930
1999
5043
556
1079
2345
2633
6327
288
5464
10240
12120
1963
10681
1457
1164
1254
4844
4316
1888
4489
866
6355
4551
5565
11091
4330
11559
11357
7
9748
8037
415
4968
1732
6479
546
5341
5295
8578
6422
7553
2742
11749
9822
10599
2266
7885
4606
8925
4693
10200
4523
7619
11127
4234
5176
2118
1963
11192
2116
11445
570
10915
5351
1082
8002
7550
10854
10615
10402
7363
3791
4288
3616
3079
8999
11627
6139
5467
10010
2161
11069
11050
2373
4440
3293
3323
548
6174
9159
1929
9769
8808
6525
8293
5009
8023
1498
483
5728
1550
6137
1534
2868
10719
4346
1216
170
1724
9949
1304
6732
3127
4918
10981
7580
698
7929
6007
5685
5332
6398
4895
5571
2497
4647
6776
1034
11855
3353
1310
8471
1048
10789
2892
9470
4023
3245
9142
10220
8379
5286
767
2347
7987
1582
11086
1634
378
3198
5583
519
12126
11490
6011
2996
9565
4304
6777
11379
2588
5860
2190
11682
9787
1003
1170
1534
3952
1312
5000
2113
11197
931
4445
11069
4867
8519
8795
2616
982
8665
468
8123
11210
11609
1937
4484
3543
12039
2785
11272
6482
11011
10695
4140
8652
8336
9050
2732
8183
5610
2987
5147
5216
9490
4167
2155
2830
8235
9139
9724
7979
8402
937
1777
6147
1238
3362
1335
5057
9164
4307
4054
5425
2951
10321
7756
928
11713
11996
11430
9420
500
10766
3406
8010
5429
6094
8452
1797
4180
8370
1796
9908
4058
7336
10394
10843
10823
11822
4363
6633
2347
7101
7489
11281
4662
8912
2624
3127
9999
3702
2146
3778
9327
6008
9940
6570
6124
5455
6583
654
5365
3722
7449
8508
6624
3291
942
12073
8981
10643
6028
4996
10873
4166
11041
4430
2666
2884
7074
11798
8293
867
11165
4176
196
11640
7737
11273
9437
11839
1318
6619
9564
12002
9697
4048
7928
4318
656
9733
4231
64
8410
1179
4864
9494
11280
7072
8596
526
4379
11998
8049
3946
11209
5964
5748
107
3601
4124
1110
3976
7364
8357
5733
210
7965
4747
6777
11654
1713
1635
3647
6319
8075
1687
11315
4765
8842
470
5553
3773
9141
195
1293
1822
6729
8872
1679
659
996
8705
11858
8485
9626
4658
5512
6059
11143
3103
9598
6225
9009
7639
9839
12185
4689
212
2328
10444
9405
8825
9639
7677
3307
11295
8582
10979
489
4833
6658
7702
471
3602
5625
569
2037
229
8424
9271
12094
1879
6198
7276
7409
11098
12186
11328
435
10379
2438
7051
113
1180
2129
8268
5685
4907
7474
2171
10489
750
4425
8716
5291
5436
927
7423
9747
3063
8729
11562
4447
4774
2025
7248
7999
5792
10934
8023
5786
4651
6486
2785
8313
6665
7589
4637
1814
3036
748
3198
6034
4451
1295
6686
9079
8657
701
6634
2506
8454
1877
372
9634
649
8862
1450
3547
9820
5218
4703
2688
769
5054
10718
8661
9207
9944
1075
4815
9610
2976
11069
1109
6883
5226
6567
5233
8218
2703
530
1544
4608
6784
6482
572
3758
11523
376
11823
7587
6938
11035
3161
1635
1778
1400
464
11186
9424
5457
2004
1042
1335
538
549
6870
2166
11970
7427
7882
10416
11207
9742
2964
139
11084
2691
588
2449
9929
3084
8102
8447
8822
2831
11999
3027
1071
6141
10184
9080
8900
4114
7038
4095
8806
5438
864
9803
1899
6412
2460
1494
1105
4194
10210
2728
1436
7984
2513
3373
4112
11422
5725
381
11231
4132
1976
1104
2512
4582
5338
10052
2388
29
3549
3408
8569
2763
7902
7417
3235
9840
11580
823
1410
11830
197
8023
1206
7230
4073
10706
4987
901
6847
4230
1683
264
3562
9574
8547
9021
11330
2774
2386
9268
8619
8993
10817
8667
11494
2083
10460
7297
4208
9474
3692
9948
1307
10137
6919
11856
6736