8205
1259
2785
1261
5833
559
8048
5600
6325
1716
4334
4307
2264
2958
8159
5986
6662
5223
1573
1662
4882
220
6960
6373
3456
2616
2068
4403
8531
135
4508
5574
3406
6782
2813
4706
5396
3659
8487
2469
393
8581
8623
2035
5966
4788
5024
2804
556
1178
386
952
6651
5827
3861
575
5822
4174
8354
4137
4557
7394
2783
8304
3892
4907
1079
4081
3334
8086
536
3805
6960
7217
1579
6056
7533
6163
5212
4075
7882
1339
8040
6325
901
7683
3224
8104
7563
8255
7503
7392
7892
763
7992
6167
6651
3244
3704
2141
4348
5867
2335
2962
6250
1756
6637
5294
812
8031
3320
5188
7868
6270
997
3276
8140
1906
6969
6300
6502
3949
2485
340
2089
4841
5710
5255
4146
7737
3271
2861
5739
6140
6441
2891
6173
5810
3581
1076
2318
2882
1696
4895
5061
2320
5875
5051
4605
8052
756
3606
7741
5394
3844
8224
3504
5615
4295
1867
5949
8687
6699
5490
3710
1702
2142
2111
8337
4596
879
6496
7353
5960
6346
5536
2981
494
131
2282
4275
2863
3094
5907
6171
1585
455
7075
6159
8228
4955
5888
4234
3622
1944
1917
119
7497
5988
669
5210
2357
391
7381
8120
3305
8101
2946
4911
1937
3105
4115
2412
5364
4513
5958
7692
8504
8593
5567
2021
4160
5035
5893
7801
1641
2907
6574
5577
340
4487
6040
4235
7334
1905
6399
7248
833
274
4857
4492
7099
3984
3569
2140
4211
7413
3628
6907
8407
4701
3087
6973
2472
3264
5265
2739
3098
3177
2989
788
4555
4260
5609
4245
4573
605
6208
1002
7641
536
4806
3204
4118
2994
5839
5233
7355
7914
7517
703
1874
6647
186
6211
5308
5149
2278
478
4193
8226
3281
8009
6399
7123
1553
1277
814
4415
4702
3756
308
7087
7970
3620
6045
247
2633
7238
1558
4229
7302
2160
7116
2315
1138
5647
1972
515
1495
7193
4359
7045
831
4121
8388
7304
3307
5936
2472
7645
4879
1588
1875
3711
2568
578
7024
1146
6256
237
7045
4975
7982
1576
3925
3659
2306
7222
4779
5487
6443
3370
703
6416
3160
4790
6120
2808
5145
1134
4461
3752
4954
3401
7421
5157
5235
3534
2838
1238
4974
2905
6604
6858
281
5477
2336
1199
6788
7404
4624
4706
7430
786
7839
8045
6659
2047
3748
7227
5911
7114
3743
1404
3202
951
5425
586
5101
5440
3628
4478
7969
7330
2569
5775
8649
492
904
7719
7604
6176
2160
3072
3773
7225
3521
2655
4798
935
2454
3672
714
2196
8099
5290
7672
2298
4085
2897
1932
8533
7180
2950
555
4752
7109
8437
5576
5204
4987
6528
5524
226
4280
4331
1174
956
369
4935
8572
2109
3059
1830
1958
5572
7353
429
633
5230
886
6733
1847
8197
1287
1537
3758
5929
3939
3911
7954
1026
1747
2602
2209
3509
2775
4517
2894
5587
6828
3600
6687
7607
7019
5292
6694
4643
934
7941
2864
2832
635
6559
4490
7087
4198
6044
8006
7395
3925
7730
502
3581
4485
4608
701
7952
1889
5230
6298
6054
3540
6694
5277
2844
5985
2962
2386
5609
8165
6387
2163
5075
3763
677
1641
5202
8448
5190
1047
852
265
8108
3928
7261
176
1914
6006
8428
6413
2399
3756
3840
7633
8398
6626
6201
2730
8132
8525
1908
3760
5015
8466
2620
5561
973
7781
3645
2772
2761
6279
652
7795
6528
1936
7730
2381
5937
4053
5519
4180
6180
1398
926
7589
2397
7289
5113
4771
2146
248
5578
960
2400
8574
331
47
8114
2948
2657
3030
1881
240
764
5062
7673
695
3217
1557
2538
8593
2838
3787
8295
6550
3608
1358
819
7115
7835
3794
878
6596
2129
8493
7668
6586
7412
5533
1638
2381
7590
549
4773
1111
5813
3504
1000
4711
7467
6123
8233
4993
3478
8283
3542
7319
1424
2625
5444
8036
2016
1030
3687
5747
204
1632
7082
7578
2880
3138
5859
2799
4224
2688
2694
1687
7219
4880
6405
6085
1853
6828
8259
1737
4212
3231
5715
1198
2827
6424
219
5432
4696
6480
8593
2360
8161
746
2238
8239
62
3382
3498
2799
2212
2395
5390
3871
2683
4790
6752
1913
4550
1452
3797
6312
6629
1909
7666
6345
1135
7768
751
1481
8570
3165
5110
3159
1046
6998
4042
4599
1833
2926
6441
7025
7801
8438
1374
8624
221
3731
2514
3831
309
3110
1717
8303
917
353
1426
208
1661
8668
8320
7485
7964
6066
672
6935
4830
5861
3956
2942
4957
2682
4502
6055
3041
3734
4556
2799
5270
1454
835
3080
5834
2922
6538
2438
4243
2086
2811
6133
1161
1137
3608
4446
7821
3742
6194
4694
7045
1023
7967
6925
4132
2232
7486
8274
4528
2120
1836
399
4595
8650
8544
3733
4410
8617
1487
823
6021
1402
5302
4179
2506
6336
2248
648
2108
4267
3822
7689
519
5318
7804
7653
3221
6364
1208
4148
2695
6823
8042
8388
4403
7812
4370
2883
1257
100
6210
3573
4504
1324
619
549
6494
2449
4347
6557
727
3971
6189
2505
8336
6556
3507
8366
3696
6258
1599
4972
6269
8680
5264
4297
1000
5459
4997
8105
6310
2466
4739
2742
4669
1381
4959
5762
4913
8240
3076
5584
3812
7633
7315
4104
8343
1429
8542
2022
3309
6282
3308
6081
6933
5302
2319
2360
4392
6897
8458
8060
1892
6185
3730
1645
7747
6263
2147
7670
3501
4735
7058
5811
2873
5690
2734
1578
4059
183
1409
625
6786
8080
802
2946
2649
3682
2680
5149
7467
7827
3951
1058
4937
884
5156
7822
6362
8053
6537
2824
783
1975
4251
8186
4921
6515
4535
7045
1428
3918
3456
2314
2880
6980
5706
4688
7543
6934
2257
1733
787
5233
1754
8110
7160
718
6425
7907
6887
8077
4237
4073
7587
6016
1180
333
3613
798
1892
1727
8330
1950
1087
7009
7661
4659
4179
271
5680
5193
3529
5983
219
7409
1251
6799
6893
761
1613
486
2062
8679
2506
6689
223
2630
3851
1488
1689
4455
404
5259
2412
4175
5612
4114
2160
7366
8567
5331
7967
7459
3945
4772
4949
3041
7634
718
8266
1065
3118
4915
7475
5216
7383
5542
5848
7995
5319
3642
4392
726
2201
1480
3507
4699
4738
5870
5158
1535
5512
2743
3084
4714
7953
3175
5636
7397
4239
3856
6146
7715
6831
5487
8409
7492
128
5878
756
4811
8413
7075
5860
8099
5032
4930
4428
7185
3379
6196
1122
4852
3916
5699
922
5174
102
5444
882
8017
8373
2870
2412
1860
2806
5335
7914
8322
4349
3317
7912
392
5520
2267
4669
5143
5306
5616
4939
5491
7431
3999
5903
7490
4370
3131
1168
1636
4931
2869
5735
354
7037
1985
1993
7145
7059
5377
2803
5173
4421
7845
7611
1959
1730
7888
3274
5047
6702
4685
5926
2131
1315
5697
3599
7217
7499
7278
2944
6771
7532
5809
4619
471
7774
4404
5010
7960
4909
2340
6897
542
4594
1156
6520
4234
539
2758
7719
5595
5790
7265
2610
2349
5446
4979
2067
3718
2499
1480
5741
4369
7824
6337
3185
2099
7562
5357
1182
3765
7053
8134
3803
128
762
5482
1456
152
7624
1877
1388
768
179
5283
7997
3057
7063
3390
301
2902
2604
468
740
5102
1412
1498
2776
6265
8513
6642
2042
776
2659
3726
5374
3600
2276
2803
574
8456
8213
3758
4478
8347
5520
322
7246
7457
3567
2010
5793
3199
377
2765
3262
3111
950
2506
4573
4830
8445
1493
1399
6389
2052
455
5251
6959
8549
7116
450
8508
8378
7243
4601
7895
2881
7572
8222
5044
3759
7172
3183
8499
5780
1847
8406
3889
841
8627
7180
2974
7625
3603
7133
2178
2615
5536
6011
2240
8200
8046
4077
4868
917
286
5511
8655
282
5369
7836
6288
629
1605
5959
661
8132
5074
4024
5257
741
3897
6261
4522
1606
1175
4383
3852
7234
7870
5945
6231
4064
133
5707
7132
6834
5270
168
4081
839
3306
5747
455
8119
4316
3799
1099
1765
8443
1566
3547
6609
8520
3639
6154
8019
8218
28
152
6191
2376
6093
5803
6847
4875
4750
3269
1908
5210
4133
7049
7400
5269
211
2741
7295
4245
1518
653
4916
543
8543
2614
4470
132
4252
7310
2398
7404
8206
3434
1734
789
3161
94
3534
3999
2861
1884
5409
7757
3228
6477
2741
608
726
2391
3853
2408
426
8493
2563
6457
8021
1825
6425
5681
6247
680
6140
4157
2021
1064
1896
6205
5465
2627
4427
5430
187
2978
4991
7519
4186
2363
2770
445
4771
5015
4407
8253
4023
6925
2570
8502
6482
942
911
7569
2127
4107
1410
7475
7111
3942
6342
7096
7856
7266
810
934
7409
6964
3154
2367
4602
7186
5774
7437
5515
8627
928
5714
5420
8578
5515
6439
2562
8352
333
3722
1877
1528
1761
5194
3699
3379
27
312
8094
3381
2582
732
7504
6973
965
4923
3821
233
7655
7773
2835
4054
5674
8549
829
4999
4078
443
1147
7180
2608
1900
5863
8512
3335
2269
3641
7727
8457
895
4384
6807
5160
8546
5959
8019
8348
6424
2487
3574
1769
4129
6333
1725
4135
2485
3409
8664
4886
4215
286
3478
1361
563
964
1170
1293
1190
4479
4908
8394
6964
4113
436
3337
4351
2215
7291
638
6566
6651
6970
1120
2405
2235
6459
5974
6670
4553
359
4248
2453
5256
5867
7894
1742
3485
5835
331
1804
505
6333
6745
2849
3644
4133
7870
1945
6607
3008
5874
2271
4103
7818
6183
7056
4085
6980
6815
3638
2618
1917
3292
2467
7636
5326
3080
8666
2454
475
5386
7407
4692
367
5602
1661
2432
2022
8457
174
185
5350
4228
3399
7923
8009
4471
1172
4889
4663
2253
6417
7695
2699
4913
44
4315
8114
5535
6870
4408
2019
5018
6169
6231
933
2032
1698
3293
4105
5115
6835
1694
3159
3375
2352
2059
8403
2981
3772
8537
3648
5546
4123
7662
7790
2205
3971
3983
6656
3860
332
8619
1150
4641
2556
2127
4886
87
5763
4570
6083
659
5091
6994
251
6056
3563
6733
5290
5811
2050
732
5237
5565
693
3229
1423
7195
193
7769
5951
6713
7364
4741
7953
7642
7629
7178
2989
7347
3606
1758
6540
5500
3192
4683
3670
6554
5816
4189
2068
2594
1908
3368
3466
7578
5199
442
5184
5231
3599
1546
1979
7833
1760
5575
5943
3283
5428
408
3550
3926
2442
697
1997
3265
4890
2783
2165
3651
237
8470
1874
4118
1592
1206
939
5652
2024
6739
2514
4020
4982
3627
7712
604
2619
1170
7911
7245
5902
4015
5514
2323
510
2448
87
8288
8591
3804
7539
2397
44
4127
3810
5927
7906
934
2607
1471
448
7154
1507
5993
6703
5934
2972
4487
3912
2940
3099
8114
5376
4100
6877
7060
2976
3856
2103
1586
6942
2987
1974
2658
5621
1899
8474
5190
4698
3774
359
4263
6355
7963
7213
4973
5612
4035
2458
4619
2743
8552
6697
1696
3200
6119
6530
7871
8578
4184
7524
7667
1370
8267
7070
2819
554
8659
3526
1271
7923
1664
1661
3674
2385
6042
3226
595
8176
1145
803
3947
6383
81
1292
3349
5607
3145
6731
3287
6567
6395
51
7334
329
8075
2176
7634
7840
4978
1224
2892
1361
4681
7483
4930
3279
8300
6565
2182
4552
5581
5815
2005
4576
7936
3575
4190
3951
3928
5
3855
201
7751
2912
8105
4932
3094
1096
6298
8634
7523
4224
3363
414
6053
8638
5999
1266
6135
485
3118
6292
2910
1047
196
4867
4286
7205
6805
4423
5927
792
4491
4362
942
6497
265
3391
3428
2016
7022
7988
5184
807
7975
7971
4780
7022
6535
8624
4455
5286
2818
965
4265
7489
5488
2620
5439
2917
2141
3106
4582
8319
2104
8209
8404
1518
6195
7100
2691
786
2828
6022
5363
1001
988
7457
1025
3753
3839
5324
3346
3064
7551
7159
2418
1676
3471
4086
6404
3367
7885
2333
7043
3042
8157
6117
1611
3825
6836
5868
3182
3529
6634
633
5450
2087
7856
486
5431
8265
6930
6829
4749
6165
8139
8214
3744
757
2248
6858
6199
1794
118
4878
2867
8647
3113
715
1015
5692
1679
6186
2127
8561
3248
8264
6509
752
473
8457
3733
395
5402
169
1633
1902
7711
2105
4121
4975
3455
5286
4271
4235
2841
8442
2274
7592
441
5739
2768
7521
632
8514
1111
7234
3799
3404
5035
5274
1885
8623
3845
1029
1518
2748
2461
825
4719
4351
7476
6924
4795
4990
562
1709
4625
1273
818
7125
1202
2300
3951
7012
6900
1908
2811
6769
3227
2475
3205
2148
8292
5844
4949
6481
7505
709
2021
4148
2100
6378
6160
5837
2496
4249
1561
3944
7419
142
1821
8096
2268
3397
2345
3915
6634
3689
6689
3574
2886
322
5676
8421
973
2457
6913
5257
1380
7392
6668
265
1047
5282
6011
1408
5723
89
5844
6920
2719
4155
5772
8275
193
7042
5111
1398
7554
824
3221
6883
8573
5059
6810
7294
5814
8360
466
3888
2250
6720
1043
3629
5604
6078
57
5341
709
5592
8575
125
7773
1195
6976
7385
2263
5326
2268
4311
664
6332
4921
7940
4921
5366
6758
2620
6690
2121
164
6404
8332
6539
3485
4365
7600
6936
2419
3990
7285
4237
244
241
3564
646
4528
6891
99
5672
6338
2734
2978
7930
2123
908
2424
7287
6069
6890
6189
7676
1163
4062
3252
3457
2981
3847
4812
4781
7684
8362
1998
6967
2872
6978
7333
2758
3048
430
650
8035
4184
119
7901
764
3629
4977
6532
7211
7554
8242
3934
1910
3932
2843
5016
2623
7064
2324
810
4268
8657
5799
772
1769
1557
2793
8416
4060
64
2029
4498
3573
8336
1275
5986
3810
3472
7936
6997
6185
4762
3592
654
6731
5801
413
5116
185
1893
7249
7867
6320
4872
1040
2589
8524
6344
4480
6224
8111
4717
4399
1539
2241
8543
8498
5734
6473
1909
6860
7502
6499
3714
8550
6094
4617
7658
2741
1857
250
896
5961
5224
956
8287
4434
7749
3376
6255
500
2250
3546
5061
1797
1269
7639
1143
5972
6409
5812
6051
3694
2512
3392
368
4400
528
4368
399
6815
1735
3586
1516
5557
3883
5795
5196
4616
2250
4263
857
3428
8464
5530
2167
1636
8224
3748
1842
7678
4551
6395
7252
5309
7978
3864
446
8178
8346
3155
72
1465
5973
2261
7650
6115
5210
2768
6513
3734
6215
177
5052
7819
7370
692
965
6839
7950
5076
5994
3270
3793
4251
8526
7116
919
2792
1324
4292
8679
4001
7263
4916
1312
3905
800
1283
1893
8397
3172
2876
348
3548
2654
1423
1358
1912
6685
2599
2336
3441
4896
6735
3703
6161
6264
2203
16
4183
1589
1871
3496
7535
7469
785
6083
5233
1534
7911
1451
326
2779
625
2708
6327
5692
274
5482
8142
4409
389
3643
6399
6859
5786
4375
5357
8440
8493
3929
3873
5234
8299
3023
1501
3003
1808
7739
2787
5071
5116
5606
1594
7725
5621
7269
5622
796
275
7808
4439
5321
7966
7515
6808
8399
5378
272
8009
5669
15
4426
7550
5609
7072
3305
300
8486
4599
4451
2078
7413
603
437
7246
6929
1455
2546
1510
8570
4502
8690
2790
8183
3526
4182
7566
934
6832
3184
4876
3610
3331
3791
608
7812
4382
2605
2853
3364
897
7453
2365
6108
3225
585
4852
288
6623
1836
4617
2966
6178
1823
3769
1096
7175
3243
1857
1536
7476
5139
4414
7666
8322
501
5181
6112
6531
7694
1428
7909
7176
225
633
3511
7025
4791
6436
6461
7492
6881
4867
8132
1759
3404
5149
3057
2159
8477
727
6907
28
3379
427
1199
1242
4393
2136
1428
5490
2433
1466
358
8589
8269
7091
7725
5864
4020
1763
3919
4711
8558
7684
8406
3036
5090
5916
7257
3482
2400
5531
4418
4908
5734
314
4597
7764
6228
6241
3212
5913
1483
8515
2451
80
7951
6782
8397
7207
7713
1092
370
1616
7841
8412
6520
5125
3868
742
68
1044
541
3057
6010
1309
759
1755
7736
1891
4765
6338
904
4885
752
6028
3273
6960
653
5428
456
5315
1104
359
3679
6937
4893
3816
5671
3084
2111
2277
4761
7266
6118
2497
5172
2874
6148
5583
5739
1875
7429
2135
2128
3886
6574
3934
2662
2820
3721
4894
1956
1335
5934
7441
2936
909
2864
1646
7971
468
2991
5453
4989
4868
2130
4738
6634
3212
8006
7800
6522
7712
6744
2239
3628
5123
7522
2735
510
8432
4714
8303
6776
3444
7962
3342
192
5352
4750
3238
4697
3751
2435
6228
2978
5943
7023
8385
4164
2180
6386
3357
6018
5064
6769
1840
3498
1864
5420
6552
5477
6998
8690
5649
5181
4114
5501
5488
2857
3756
8155
824
1689
7606
3199
5037
7666
5389
6091
6729
4865
1182
4308
8134
4858
1768
3902
1838
8158
1453
2359
7949
827
5138
6620
6599
6939
8176
8686
5009
1387
4424
6486
5129
8021
7831
2823
2950
2701
3027
5947
4158
682
6155
4118
8637
6096
7689
7267
4722
4374
8161
1464
2804
2415
3551
3413
482
7166
2052
5202
1673
2547
5802
2090
2542
6036
6918
2557
5323
3837
8044
5252
1376
4804
1337
2108
7508
5708
6503
1496
6629
6408
1235
201
7560
5312
6020
6639
5202
8148
1174
4104
2357
6139
2125
3902
8050
8591
2448
1662
4682
5070
1584
567
6010
4427
4340
570
205
8393
2912
2835
8057
6579
2587
5847
7993
1312
5246
3902
6397
6883
6424
6488
1695
8679
6208
820
3480
1152
7412
8362
4220
2640
878
5477
1850
3261
2725
8214
5373
8035
3486
5940
5431
2646
5012
7751
2253
8039
8157
6682
1668
1284
3338
6957
6839
3468
2390
4442
1540
848
2125
7467
6479
929
2956
4275
4300
6966
1523
6078
5463
7231
34
582
7815
4976
3942
2517
8504
5695
2022
5680
3989
4155
3063
281
6108
1827
2023
491
2454
8405
216
3050
7940
355
6111
1107
7471
7855
5536
5405
7603
5990
558
3044
2754
7925
1214
1384
3219
2638
5306
1616
2685
955
1689
1729
5610
3503
2264
6985
1641
4556
5186
8042
1864
4847
3588
7620
1363
3775
8366
732
3012
6993
1659
5384
2487
4755
1799
6900
4782
434
3674
1825
2125
314
5243
1744
7240
1395
4552
2178
5081
3738
7583
5181
223
407
1086
5701
8574
1104
8206
5941
5872
5199
4236
6097
2601
168
7707
1156
5977
4875
790
33
7045
8180
615
5284
4609
133
1233
6165
8544
2610
2494
8116
6081
6269
6338
4215
8315
2996
5056
7334
4212
6769
3572
5292
2887
825
6201
1045
2637
2214
7740
6034
4488
5708
5907
8642
717
5945
5891
4236
1720
224
2836
2880
3436
8043
6752
1261
2845
2437
5970
6593
2361
7060
6266
5069
2934
7494
4654
6737
3385
3785
800
8548
290
890
4869
988
1931
1402
5352
904
2451
324
2637
6312
7181
501
3499
5229
3170
2444
4
3699
2501
5156
5174
8108
7601
1881
1239
5316
1788
3829
8218
3723
406
5733
8584
7922
5650
5453
4152
2936
2540
4420
8610
7503
7946
5525
5741
2067
4428
7797
8368
264
8416
6960
1269
1146
7117
259
3076
2347
2534
2768
6176
7502
3613
2693
2831
6891
406
8589
5047
117
6943
5537
2844
4639
8334
382
431
3057
7224
1026
2933
8353
2885
8632
3474
5100
5407
1387
1722
5551
4496
951
2432
286
6766
5984
4696
6233
3121
7188
7516
3120
7582
7029
398
7238
4767
8575
1588
1092
1670
4813
3553
5009
4868
6235
5306
8392
871
7251
8384
7606
3245
7970
1452
1228
5859
8021
7440
8671
547
8673
4640
6200
1268
4001
6794
397
4361
1360
2705
1201
6847
4745
4506
3477
5214
3522
206
4259
5603
5148
7156
1119
8670
5930
7513
1001
4280
3012
1402
1181
6788
6276
3478
3435
6584
6072
1717
5937
5173
5302
6100
3149
3477
3528
7310
7340
1639
7610
2967
3079
5480
3930
5643
1208
3081
2386
258
3633
7065
3417
2120
4929
2396
7575
6224
1054
6609
8113
551
8110
7767
3140
1754
4510
6208
8162
5801
30
2762
6375
5846
729
2579
3072
7645
5632
4535
5016
5235
283
8391
6915
7123
2111
3807
6724
5594
8056
2102
5666
6443
8195
6677
5486
4554
2950
2102
6366
5317
7746
5659
3632
6132
5913
4066
4508
5492
4256
8118
4093
7577
6470
7686
4583
5028
6100
2201
7935
26
4096
8404
8029
6051
2265
6827
8310
2207
4376
4933
4281
3999
7102
2485
7262
462
5837
2042
3910
8525
2514
3307
2636
7781
6796
5954
6885
3796
4877
1727
3814
592
6805
6456
4715
7735
6508
6521
5358
3311
8081
10
5610
4169
4176
4050
8064
1022
6218
2026
8064
2166
7969
667
314
6798
7058
7381
1935
6868
4946
280
7644
487
7385
5792
8556
2978
1607
4808
3857
942
5928
5968
5328
586
4110
4822
7919
276
575
180
8635
644
3812
5186
640
730
3621
3198
4844
3885
5705
3992
34
8227
2081
7763
4339
1721
366
6145
2349
6007
8161
8673
26
2110
3639
6489
4097
3657
6349
6245
787
255
1555
289
8467
6560
6532
5962
4320
6024
6510
7956
7877
7953
452
4740
8388
5030
3052
3613
4896
8227
1410
2888
3836
7918
7476
290
7867
3271
5668
7791
6751
5884
5348
307
5717
203
7614
1294
4818
1421
5282
8272
398
262
6848
1698
3052
2267
7474
4462
4070
3050
6798
1289
4329
1891
3292
5083
7925
6419
7202
3212
8383
2188
3726
1156
8174
183
1089
3894
3152
7998
7886
2450
5145
8363
7995
3464
4006
5746
8163
1655
8338
7433
5668
7673
149
3725
3212
692
6736
6439
675
6078
5297
3435
2984
5908
5181
5352
7210
7986
2648
6003
30
3124
4071
7113
5422
6891
6207
1489
8553
4646
1256
677
6988
1364
112
4102
2237
7581
6752
5107
8077
5998
6827
8431
6820
2710
5676
8479
61
5423
3026
1867
6084
1390
4275
8071
8397
914
7018
6783
212
4332
1193
8043
3063
404
2256
4264
3457
6016
2927
1444
3578
1456
8074
5542
4155
4139
7534
3798
4391
3122
1202
120
7650
954
8630
5098
2168
284
8273
264
8221
8515
1159
448
8114
1981
1780
5048
7467
3094
3510
1513
4206
7551
1622
3577
8680
2703
1159
835
1792
6818
2275
5188
8138
7540
205
3121
2715
2680
6576
7161
7088
5537
865
1469
7024
3952
3975
6592
6187
5128
1064
2743
3247
602
2198
3669
6078
5958
6272
6752
8070
2784
3743
3927
4786
325
5403
2629
4642
3635
4011
7016
4544
4970
950
760
5480
2030
3894
109
5233
2976
7995
8108
6252
7130
3226
8310
7827
1133
4570
3097
4386
1737
5700
1066
7135
7701
5479
6662
688
6577
4260
4187
2016
2908
8227
3485
7136
4411
5695
4264
5385
8226
8060
7921
6682
3139
3325
1582
93
2621
6458
1059
7674
2188
4250
6884
606
1313
6069
2677
6731
3431
6113
5463
6758
3246
8607
8419
3499
4752
6568
5783
8313
1350
7502
7240
3967
4398
7722
1289
1443
1449
8022
4615
6995
1113
778
5208
6769
1612
6839
5394
8481
7356
3189
2373
6457
4442
5794
3402
2363
4363
4322
7409
4972
6711
374
7347
8338
5579
5986
3909
7057
630
1211
1400
6876
7666
5673
4081
7102
1255
4830
1663
6541
7804
6924
7175
598
2055
2515
8426
749
7662
2251
813
529
8376
3629
7354
1619
8549
5427
1412
3883
5199
1696
8259
8008
656
1594
8107
3087
4593
6726
5828
6954
2275
2823
3680
1685
6518
3667
6259
2529
8420
1315
4143
1735
679
8295
8538
4690
8620
4698
6766
3455
5407
8696
8415
3490
3054
2919
4780
4070
4194
4298
8171
8366
1268
5062
8668
85
7226
1481
1886
7470
886
7933
8499
5125
927
5805
5213
4169
7948
8140
5702
5120
1083
2609
5660
4411
2391
7725
6018
4441
394
6923
27
6216
2475
2676
5791
5635
4691
4889
6659
1774
1288
2141
6850
6227
656
8021
6752
4497
6663
427
5916
4596
2378
7945
3615
171
2542
6525
7354
4817
1965
7716
1440
7687
6083
1581
4705
2175
637
6504
26
8104
1952
4574
4879
5129
7965
7951
1112
2985
378
5475
1830
1101
1665
6229
4562
4182
7759
7269
749
915
2308
5991
1299
6601
6802
5638
7454
683
1369
3425
5227
4470
4480
5000
533
758
5708
12
7173
4381
3442
1413
124
3485
3993
4885
6721
6634
1208
5560
5185
5753
2797
3884
6014
1043
1220
97
7262
6997
8258
341
3992
219
8497
213
7814
1613
6311
6577
2070
4124
8533
2341
5351
3341
2081
2481
8395
2147
7949
5780
4111
6114
3062
5629
2627
749
7839
8523
4665
8246
7733
8483
7681
2264
3766
3670
5918
5482
4520
2775
7903
4610
3796
7240
7309
6020
1980
6398
2861
4515
5210
2974
8485
5099
3962
1270
8017
5745
4287
2500
6864
3680
4969
7820
1669
1418
8453
8141
8549
3986
5678
6696
6519
3115
105
5909
1152
1059
2589
8209
4005
7408
4274
108
4218
287
601
1808
3970
8640
4646
5189
8018
6718
1182
5912
1870
8401
7480
2636
5585
1502
1868
210
841
4562
4911
3373
826
6899
6297
7490
6417
1337
706
4608
2570
7094
2861
4434
5913
6987
1383
4842
5314
352
4390
2586
5882
7498
2820
7051
2487
3736
2493
1791
4044
2561
554
1789
2618
8640
2225
3094
5056
1774
7925
5126
1126
3331
6403
6004
7849
7604
256
4472
4497
2864
3262
1497
1165
5732
2254
1553
412
1709
4247
207
5964
1432
4057
5217
7277
6216
383
968
5219
8419
2889
8114
840
5867
6109
7404
3298
7093
7681
3397
894
7150
8523
6291
1087
1133
4708
1965
6973
140
4161
4221
7318
1455
3711
3390
2034
1204
6199
426
1606
8459
504
588
4427
859
832
2324
3481
6626
3511
4142
3563
3186
2919
5554
2515
2908
5182
7563
4705
1921
1001
6640
4009
3028
1168
4731
6682
7348
2795
2698
6715
5560
1726
6731
5711
5104
6536
1995
1749
7076
1152
4924
1676
6437
7996
5980
243
4686
1502
1351
6837
228
6838
8539
7430
6574
8375
722
5585
6724
5563
3799
565
7056
1903
3174
6504
6494
3657
1378
4288
8507
478
4609
6522
439
7052
1838
2131
6014
4040
5994
3272
1731
7930
8623
1368
1152
4930
3570
7621
7159
1622
5922
1459
2191
4473
7274
3994
3701
2537
1473
7433
3986
8051
2782
7419
1464
6860
6064
91
3168
378
7019
4328
4086
8673
4406
1908
669
6785
944
4726
7942
4650
872
8437
6640
1458
2779
3087
8454
7870
4245
6719
7475
5024
6083
6635
6905
4714
5960
3416
4664
661
6320
1571
4009
337
5628
3479
1641
3860
241
1255
3299
7700
6548
1899
6084
5724
2692
1634
7646
3626
4233
1375
1090
1900
324
1497
3186
7702
7314
7478
3726
5545
3766
182
6411
5520
2487
8143
2158
4544
521
3155
5600
3508
8118
7303
1569
1470
2502
8655
5373
4280
4825
1122
718
8226
505
6726
5570
5031
1536
4508
2437
4242
8426
148
141
2029
2736
7524
6825
638
724
7582
2827
2216
4700
802
5118
7469
6779
7214
8270
857
5735
8053
404
6281
6928
5354
4426
728
4284
8431
2807
6910
772
6519
1814
3098
3433
4335
4341
4252
4366
1559
4903
889
3494
5121
5990
5687
5913
1881
1316
6667
2379
6786
5103
421
7470
3244
4322
4784
306
2072
8396
8230
407
8196
7959
2420
7568
5851
3419
2487
2835
6811
8026
6960
8683
6087
883
3870
5547
2804
3693
8313
113
4447
6523
7889
7379
4007
7920
940
6143
3244
4963
4939
7099
6394
5700
2653
1470
7622
982
4185
4458
6440
4383
5872
3534
5353
7980
3287
572
8267
5117
7828
5029
2388
6234
4398
4348
2411
6191
471
8257
7720
1353
8237
827
257
2761
5580
5227
6467
1156
1776
2827
3878
4323
6565
6312
3745
6069
2397
5853
4676
7059
361
1616
7116
3793
577
8103
6291
1886
1272
6745
3505
7405
1271
2458
7407
1791
7664
6742
8645
1707
1767
2683
3636
5029
5783
7962
3366
2594
883
2654
6861
372
6632
6952
7074
1248
293
1754
868
4173
2650
2073
7111
7281
4357
7877
374
3679
4632
1727
7786
8580
3729
6881
4202
1772
3438
6140
4530
4722
8319
3197
1176
8190
5242
5718
3317
6125
907
7959
5691
7099
6768
17
156
1956
2274
5753
335
5680
3256
1550
2410
5162
960
8166
2657
8102
8188
3567
2771
4210
6779
2565
1483
2883
2950
3043
108
4314
5219
1680
5122
5560
7635
8066
2949
468
8036
7510
5601
942
810
2721
5579
693
6149
7244
8004
4079
2598
1473
7531
5422
575
7260
8540
5154
5091
3959
6257
4115
3161
8292
5675
8149
7343
6071
2342
1104
7876
4059
6547
6327
4063
2501
8549
2922
4909
5543
7258
1243
4
1872
6934
6926
1834
8103
4699
514
3399
4306
2828
2499
4953
4432
268
2866
7899
8630
3473
207
4972
5099
3509
6719
8018
5208
1353
7232
6798
6875
3007
4317
1419
4609
6797
4175
7855
7509
6831
2565
8098
5302
3586
3887
8121
4494
6239
7672
366
4412
6987
4103
3358
7544
1289
2031
6591
3645
5887
4770
389
1318
7448
394
2187
4084
8154
8555
276
1108
5769
4024
6453
7558
7804
1375
1031
6926
6895
6222
4847
5741
5493
2259
2999
6837
3995
4117
1795
1306
3248
7853
7515
8374
7137
792
7085
4155
8611
132
6952
2934
2212
6521
5468
1450
2076
2777
6853
2220
1635
2152
3832
4027
4303
7005
8477
7649
4384
3357
108
6348
2649
1095
826
7398
316
8585
2737
3542
1733
5402
7161
851
2575
7653
8250
3559
8621
2988
7080
290
4055
5413
7836
6799
7288
483
3249
861
430
3012
3129
5671
3674
7969
7986
2365
3898
894
789
1964
3965
7383
7134
3096
8028
4530
3350
8382
1486
746
4146
1994
3373
2033
2764
1681
685
1860
7859
5294
2562
4555
5975
6148
6031
3011
7679
6568
6734
1130
7396
103
5840
1184
908
3190
6034
8398
2568
2044
1104
1859
4243
1798
2388
3589
4580
120
2624
2340
3841
4113
1148
4902
3194
4593
1731
2354
6572
3811
1078
1030
8289
2452
7736
1702
8366
7292
592
2568
6806
7917
7981
4811
2013
6371
5329
8476
3605
5259
4042
4236
5063
4429
5706
2993
1898
3194
1917
1295
6075
3057
2321
3436
4298
5984
3527
8361
7568
5992
3436
8663
1156
5034
1538
4772
2491
2276
595
1387
8234
6100
3836
4259
1612
2063
7570
8168
1256
5086
3270
3446
36
7382
3292
4258
6120
3600
8552
5728
5575
7971
6724
717
7865
1863
847
5368
7061
1
2604
2996
4774
2951
5550
3975
6731
4244
3771
6622
5966
5576
738
1706
441
7612
6185
4876
387
8135
3120
1155
2267
8367
6621
4628
4858
6620
7878
1490
8258
7221
8170
5696
5824
8483
6636
4904
580
8476
4552
4267
6404
21
998
3938
8162
2151
2931
1216
4817
5934
5923
6638
5390
6949
3707
8231
4399
3558
7352
7084
2390
5705
7918
5342
4078
7834
5362
7939
5396
5960
1321
5190
3369
7743
5661
6595
8677
4022
4758
4307
5015
657
4267
6527
1063
5719
5711
5322
7092
5006
2200
3303
2308
3988
2340
3624
577
7891
1533
5122
1622
6705
1930
1412
1901
4250
145
4634
7442
5608
297
5103
2114
7490
5058
1258
8543
22
4580
838
1586
4843
726
1184
6000
5216
7741
7882
3812
6509
2659
5951
1535
7545
3927
1210
6423
6679
2418
1942
5164
3939
8565
3375
1277
2871
6459
3059
3663
226
3196
7903
1127
1719
5027
8589
4764
347
2731
7315
7406
923
6962
513
6429
6705
4744
1358
4138
1794
2937
6226
578
7044
3296
6591
15
5507
1999
5184
7803
1153
3920
6708
8470
905
5516
2855
1855
5192
6244
2945
7731
2297
1811
1308
6271
7690
4504
2382
3076
7122
8638
4617
5039
5971
1595
6477
665
7789
2169
38
4256
6135
917
952
2068
893
3458
1309
2503
798
1817
8634
5667
6351
3616
6425
4698
7338
5357
5108
6220
8381
2603
7908
4328
2448
3046
5348
675
2503
4159
6156
5464
559
1866
1311
4019
7389
4510
2979
3214
2674
6534
8387
1207
1237
5890
1224
1091
361
5490
4775
3759
2804
180
3954
539
6130
8193
5040
6431
2441
2764
5532
1532
7453
7182
7802
5490
5234
3296
3473
4469
719
6879
2813
2686
5580
4072
1901
8518
6095
3602
7211
6212
2524
6868
6143
3040
1354
2687
1322
8101
5562
7947
7316
3806
1078
3022
4094
1373
2979
6453
4766
5972
6054
4360
6409
7888
4151
3433
8249
29
2648
4006
4171
2165
8024
6712
7285
32
1528
7358
6017
6364
4294
7556
5236
482
3263
2160
2224
2710
1515
3959
1441
4586
6857
3023
4542
6869
912
8209
3640
6041
5609
4161
552
6541
2218
6152
3594
2379
5424
5568
1183
5850
449
872
6440
4835
227
7054
5958
3059
3689
5272
4045
197
4691
2310
8522
7271
5846
1696
7170
2598
643
3530
5944
2205
2957
4539
1827
5974
5655
7198
186
1285
3323
1616
4305
3180
1892
1715
6411
1045
4544
4692
1915
3517
1676
1804
8046
4763
1456
7044
6847
7220
7400
7848
3299
1752
4087
5541
186
7771
1293
3671
1149
7060
1394
4197
7148
4872
7746
8039
4188
8414
568
3370
8331
6682
3263
2896
4811
4781
7052
7331
2998
668
8442
807
7024
858
6250
898
5237
5533
7123
4646
1701
2312
5844
4970
7941
5825
2104
8337
5770
6092
2063
764
2477
183
6481
2315
4360
1146
4284
2559
3074
6615
7746
5397
905
8425
3323
8563
5025
1284
6693
3282
6327
8027
6770
5423
3358
1304
8394
4016
5917
5441
2706
6609
6854
1676
6299
1044
4967
2596
502
4360
1675
4679
6275
4256
4307
1143
6550
7259
1294
6477
4538
1872
7317
6261
991
471
7045
4003
7663
3241
2201
4706
8069
4591
459
4069
102
7345
4316
1835
365
7874
7625
7841
4437
8477
588
1681
5636
3579
6997
5928
8047
7294
3535
604
4789
136
5602
4767
4124
6930
1597
6928
7
6271
2977
5154
6583
4429
2720
6247
6001
904
1875
7967
5779
6757
4248
6869
3361
3712
2510
2459
4622
6445
859
4605
5785
7772
2695
6264
821
2724
3126
2081
7005
6253
4285
1663
2874
8075
4556
7995
2685
8162
5741
7959
1125
2408
8599
949
7008
5499
3174
6096
2053
3269
8559
6354
3737
7205
6511
5913
7101
6289
4823
6782
6036
3654
145
3032
2348
6254
2987
1690
4622
4385
614
8580
153
4213
7448
4841
6406
1157
7721
8673
7529
2150
5079
4729
1199
5598
3362
3600
5587
1534
4961
3112
1449
7547
3260
3976
1954
3953
2118
4242
976
7903
7628
3654
7218
106
1914
7737
7799
3419
5184
2199
6740
4591
7152
7875
3106
3919
2914
2020
7152
674
6306
4585
5086
5793
6063
1044
5515
6458
3331
8352
4649
8585
6070
2860
580
3758
5946
7056
1391
1992
1223
3511
563
6458
2252
3500
1167
2441
6813
5315
7835
6309
1127
4088
5782
3604
5547
8111
503
7133
2336
2406
5668
2940
3688
7102
6259
7690
1245
3856
5445
7519
6648
5390
8604
7532
7806
3361
58
7096
4987
7362
6576
8149
2810
901
591
6798
359
3842
7177
7151
43
6870
8057
1265
5435
8640
2375
7014
75
7848
3304
2818
4885
1751
1535
4442
3782
7924
6639
3665
5826
8601
7263
7143
2514
1311
8268
4031
6501
5515
6128
4101
8298
2886
6194
4233
1730
1811
853
603
3465
7724
3416
6776
6352
4849
7784
3037
1951
47
6551
1478
1141
915
1056
2242
2874
3317
3320
1275
822
5206
2205
6680
1205
284
701
3718
4939
8160
4219
3667
5093
2450
2231
5986
7123
6928
4396
559
4879
1601
6601
4327
5696
4709
6971
8160
5748
8031
7115
5992
5485
5268
3929
6508
4087
6693
669
3296
4473
2083
2529
3658
6888
8562
5178
7074
5462
1691
639
1070
2691
7335
2644
3379
5413
8154
7505
127
4619
6391
4221
5868
7577
4549
7694
5914
5857
8276
3844
4835
6286
7450
2965
2617
7904
5454
4521
1798
3369
3019
6499
3675
2798
136
1128
7750
4737
2571
1024
441
1537
7841
6073
1351
902
2077
7431
4517
4870
2510
161
1829
2858
1820
2307
3174
3852
1924
2726
6602
5085
315
638
2334
6498
6932
4130
6818
6284
7597
4073
7439
2150
7361
3786
8382
30
3079
6107
5349
8673
1841
4082
1870
7998
6672
1044
6720
1082
3317
3968
5163
1301
3375
3828
759
267
2828
7712
4883
3153
2603
5837
7889
5879
6526
798
416
3489
1764
735
194
7545
1017
412
4713
5009
2004
5607
3666
8062
2747
170
1856
3984
539
8243
598
5987
2470
7773
5389
8260
3293
3956
782
1249
8102
6017
8078
288
3474
1083
6561
1801
7799
8305
1041
1471
4849
5034
7317
2700
8059
3820
5807
5686
6951
8651
5771
2748
3974
8100
7041
913
4286
4272
5113
4620
6670
332
1262
8159
6166
6028
5540
2723
3587
7901
2756
4021
6427
1770
7044
735
5740
7127
1015
2319
4617
513
8002
3543
6366
2261
3558
2285
2042
4122
7984
4702
7630
4446
6025
8353
3523
5459
6580
6619
3747
2653
7512
3524
5775
3599
6822
563
3286
5206
4670
3075
3570
5936
3994
1417
344
1720
6371
7371
6401
2643
2851
5829
3519
3885
1183
6942
3080
6923
4588
7522
2364
6656
6369
5912
4324
4888
7729
4499
5233
4493
2796
3644
5133
5256
7965
1869
7508
1433
6971
1345
291
4724
872
3756
4618
1582
3938
8260
4599
8095
6061
8537
3445
6931
7551
6967
5475
7343
3224
1847
5680
3517
343
7512
1281
1140
5977
869
2054
4156
667
3848
8673
241
2188
8588
8219
1598
4520
790
7342
7207
1197
1130
3869
1515
7390
3133
1637
1701
5541
6453
2915
866
4849
4907
4577
8615
3828
4307
4118
1781
183
1484
3511
6015
92
3371
5151
6855
4931
7248
3099
6655
5340
1063
8191
5990
6759
5123
2066
4394
5914
2548
5232
6953
982
7910
459
3476
4946
5018
3929
89
8659
784
1019
961
5341
802
6532
7770
4897
3347
3965
5824
4072
2835
5468
4194
3913
2224
1846
3721
1838
2895
5480
7984
3875
2269
925
4161
3117
1920
2683
1830
5109
5213
4952
6163
2120
4664
2261
7335
6620
7141
8446
7397
2347
7034
6854
7767
4837
2945
2006
3155
7460
422
5265
8236
5026
2022
7905
7796
3369
2665
5279
5474
6931
2471
8582
1892
2310
2363
4676
6529
2712
4491
7709
3278
3070
3813
478
4159
5999
5919
670
5550
7539
6811
991
4447
5441
4406
1942
7525
4378
5428
7138
346
478
478
1525
4937
6821
6742
8310
3044
5502
8589
8271
3285
5409
7670
1270
7970
6831
7353
2042
5438
1367
7233
2622
6204
4650
3723
8532
7744
4402
7601
5683
6324
423
7586
2050
6790
5208
2411
7324
5485
6181
3663
3784
4080
5467
3135
3430
7544
2002
2600
7696
4578
5743
572
3021
3477
695
7402
342
2463
4737
5321
2808
5562
5678
1638
411
4536
7281
7247
1208
4542
813
4259
7111
2545
2016
7565
3934
4713
2681
3133
5566
5202
7268
7560
63
2191
6638
3505
4743
4187
2683
6388
7143
4597
960
4288
1436
1953
1321
7280
479
1102
3104
1925
1102
8209
4898
4757
8698
8570
6788
4475
4469
7114
8484
911
7084
3561
798
8538
4481
4686
256
869
3279
6815
7283
1770
4719
2796
2511
4692
1286
2121
1359
5733
4992
6962
4668
4294
7256
7021
5428
452
474
1479
6857
5699
4263
1282
3957
8334
3391
5084
1290
3425
1822
5789
3537
1166
5762
6882
3425
1004
1303
7379
5035
5240
8419
1370
4099
6104
2997
5759
4484
504
388
4575
5689
2978
4617
3812
5136
6868
7948
316
8395
6461
8026
8482
4644
8203
4788
8351
3339
16
2806
8230
7464
5044
7133
6520
2575
1381
5508
2570
258
1603
7326
4569
3011
7926
2436
2947
3670
8648
5888
4212
2390
7104
2019
2840
4439
1474
7899
5217
1483
2149
3512
2762
3039
2883
4744
8414
7664
6884
1665
8305
7544
6669
3680
7031
1959
5746
2160
5546
1203
6122
2005
5801
8605
8571
832
7663
7584
965
6616
3305
60
3226
3971
4013
4571
7854
5913
2587
2679
7205
4278
3505
842
4261
5369
4544
1044
3993
3046
7621
5038
1078
2741
3949
1560
399
4392
4128
2410
6445
4813
2889
4529
637
5528
7792
5527
1665
7464
7360
6265
2766
3699
7676
7581
5055
7534
572
94
5503
427
7429
2814
1831
3563
3015
3736
5227
7981
5220
4022
726
4856
1222
1653
8559
1502
2260
4545
3232
3427
1321
5257
2590
6274
4014
7126
6947
4837
688
6168
349
6186
1809
5236
5274
3545
1545
8386
440
3903
239
2729
6615
1457
8314
6516
2238
1194
5474
7195
724
6211
8560
8329
2571
4585
373
7474
8342
5126
2711
6298
2154
1894
3731
468
5042
6381
7705
4481
3117
6580
1410
4211
6687
7248
5462
1048
8310
8474
3601
8284
4696
3516
2067
5719
6152
812
7137
2998
2277
4338
2745
7516
308
809
8402
8589
7083
5772
1762
4305
8381
1445
3423
5369
1586
1369
4922
18
3934
1830
3410
3531
950
6995
1133
5144
4818
4753
988
1400
5510
1889
2465
5939
823
8353
1108
2972
1731
3599
8072
8130
1667
4983
4463
5700
433
5667
3026
734
7985
2020
2444
3387
5910
270
3327
2175
4383
4977
8295
3139
5483
920
7899
4085
3142
6286
8162
4519
6210
7723
5688
8312
5938
6878
6343
8586
4926
8076
2853
7885
7709
8611
755
7594
4020
4134
1636
4924
5307
6886
4335
163
7417
1060
5295
6282
4768
4544
3971
1650
4805
8328
8402
5794
3694
5976
7600
1340
7732
4747
7355
4998
4871
2478
7011
3891
3335
6638
2265
1363
8033
3968
1298
5710
5923
834
4736
8037
874
3685
8321
4231
7842
6881
3341
4990
4662
6938
7384
239
1296
3642
5607
816
5165
8377
6489
4652
30
1607
2541
6362
455
6438
4783
2337
1503
4593
2234
707
3749
5738
6674
8497
7917
5846
7669
8498
3804
761
2256
5968
8239
2378
2490
6444
7304
6511
8175
7378
2121
1763
4946
7021
2567
6773
7142
5887
4221
5730
6655
690
7349
2118
4123
5902
1300
4193
4064
8034
4317
6846
4819
5039
3301
650
8239
6993
6970
7840
7681
5036
6770
7227
3278
2341
939
1711
2342
6201
2738
6413
1363
5643
2230
7231
6232
293
2744
5267
5825
2173
5756
2373
6504
1768
1278
6713
5445
7375
5422
6803
6001
8058
1986
6072
8081
7176
3381
356
3071
1482
94
5736
5796
1428
327
3621
1805
5951
7335
5065
3054
6361
105
5866
8330
2765
4861
7079
2194
6868
2669
2194
6038
4666
2324
6970
5246
2794
2976
6804
6833
2438
4379
41
7568
6020
2533
56
3029
2156
3108
686
8159
7369
950
6617
6928
7946
2983
1236
4907
6911
5716
7746
7649
6905
776
1179
7133
7109
8525
4117
5199
4842
4569
5738
783
449
6976
8532
7699
5070
1643
2317
6144
7875
7591
8452
4575
199
3774
782
6065
1408
4331
3043
5430
6009
3397
7415
4150
6970
1137
6009
5115
16
3644
3028
7417
4443
7266
5693
372
5746
2397
6458
4988
5824
2572
6301
2212
1530
3226
1166
7632
971
4417
5125
874
3906
1127
4111
2184
1975
4359
3195
5368
582
3544
1919
4006
243
3020
3259
3088
4070
2579
307
7147
8590
1841
4536
7341
8541
5959
1901
2542
6963
1710
246
4673
6540
471
3185
7448
3949
149
1394
2653
138
4059
4315
1477
8180
4250
6300
8616
5527
321
2685
2022
1788
6448
5608
873
1076
3914
16
2626
5518
5647
6007
1073
1719
7384
7992
3874
6766
6976
7190
556
8274
2600
2787
1192
6002
6642
5802
1490
1157
4074
3275
484
3497
59
7569
3781
8355
6564
2484
8659
6282
3792
8641
8266
3589
6813
8021
7341
6209
530
1308
5623
7992
2607
1575
8341
6727
1800
6738
7621
8081
1248
3253
1871
4820
5165
5100
4950
4183
5198
8215
6136
3924
6154
6994
3398
4779
8510
3222
1805
2887
520
8645
1317
741
221
6559
4467
5699
7643
8234
3755
4315
2130
1467
3508
3927
2620
6853
3041
3343
1706
247
1620
8445
5097
8496
7305
7661
8212
542
6934
1200
1228
421
5666
4409
3608
4982
4345
3713
4128
4082
1741
141
2593
7763
2666
6601
8100
6737
1564
7793
4319
3341
1151
6504
5558
4401
4819
1105
7832
7108
531
4083
1810
2414
6895
2547
1097
4762
7467
1429
5012
7979
7222
759
6567
2981
4534
6778
4466
1918
7498
2309
8195
4186
2528
7907
2372
1866
4890
1479
5610
3764
5608
8453
3659
6286
7296
1952
6998
2497
7795
8450
2542
8528
4943
6452
5600
2618
2455
2851
4621
764
4932
4877
8694
5926
3059
6920
7492
6506
4570
1240
8280
4027
6818
3482
5126
6698
7543
1847
6266
3404
5094
3034
2719
758
8434
6086
6990
61
3997
6789
7832
7263
3498
6025
3971
2523
3324
462
3072
1531
2794
1504
2798
453
8669
1934
7831
873
1547
1390
2384
6286
5970
3546
64
7273
6112
2760
7429
657
2121
6955
5077
8019
5277
4868
7290
4592
7321
4080
5775
4045
6369
5076
3871
4248
698
110
8226
6082
2511
326
3989
8460
4402
2322
551
6926
5765
7815
4471
3401
5823
2490
4725
6343
2192
7866
4085
5833
8570
7625
2439
3000
4200
6829
1675
903
2096
2732
7176
2570
6841
7736
2713
1632
2475
8159
1299
1171
3783
1563
3000
4629
3457
7133
5336
6260
2621
2031
420
6060
6311
4819
577
7805
469
7127
6308
6332
2569
1996
405
4527
7767
6302
7724
3135
7592
3832
5564
6565
2188
7639
136
101
6693
8436
1896
7475
5391
1542
3158
8229
6070
8011
1772
8406
1168
5162
7482
3031
1601
3093
1907
7568
2113
1777
3289
4905
408
6191
382
1029
3058
7081
5314
6823
463
1013
374
2385
3810
7076
2499
1309
1236
8322
3708
1883
3259
4670
4545
1640
3300
1574
2098
1949
1589
3868
4622
7103
176
716
458
918
962
7093
8061
3141
4334
7937
5724
7703
1478
6003
4873
342
7649
1845
7143
4905
3791
4275
4406
2564
5645
6099
8216
500
1101
5430
4633
3237
5688
988
5166
3764
8013
6457
4727
2278
812
3018
110
4894
7212
4876
8302
2938
5806
5932
7283
4024
2861
19
4434
5761
8310
88
3084
702
7002
2410
1201
5890
4291
7608
6307
1238
1850
8579
7269
7020
8678
721
7626
7039
6028
6193
4649
3544
4436
6164
5756
5384
1879
5183
5133
2040
4556
2119
4055
3448
1733
391
5760
1242
5315
6620
6828
4079
4954
7898
433
1059
5523
193
7167
8402
3169
936
4623
6740
3879
4422
126
6429
4307
6081
2507
5616
1934
5719
8075
3559
4349
8317
5421
8579
8493
1711
710
3098
4526
346
3286
7818
8669
6711
4300
8129
1523
5984
1143
2123
5036
8085
6291
5522
6014
3943
1366
5457
7228
3521
6888
5375
1809
6120
6851
186
7097
4982
8364
664
5351
248
4931
5588
3344
2170
4917
2599
6872
2350
5183
8342
5966
7700
2216
556
372
1981
8480
8043
725
8422
8047
5695
898
5591
6316
1164
1461
4997
7522
5050
241
5436
2321
3073
6151
3366
500
4043
3769
1916
6371
6455
6952
2787
2161
4263
6323
545
894
3459
7632
6073
683
4740
4955
4364
1433
3204
5698
1443
2627
293
2825
1406
3773
2990
1011
8114
4029
1765
1558
2150
6624
2439
7249
2686
1056
4564
4422
1255
8315
1593
7541
3208
5727
6289
6940
1259
5340
5589
4380
130
239
5785
896
7123
1631
5900
7049
431
2745
5482
3185
6945
3193
6424
2164
636
4841
2634
8564
4274
98
5794
7793
4097
2757
539
2970
174
6773
1423
3630
5001
4029
8651
1536
2843
7310
3387
4788
4368
5480
5717
3279
7942
3821
4544
6145
4736
1202
4559
5873
501
6524
3492
6430
5145
2070
2000
4752
8051
2894
297
7295
5103
4780
5827
292
7251
1609
1036
3840
6056
7444
7749
77
7224
7819
747
7697
2388
8061
1086
6198
4879
7144
4086
6685
6407
6840
956
7827
4628
2362
1322
8075
4808
7650
6531
8009
7656
4955
5067
580
365
1846
5836
1002
5916
2276
6178
8372
2204
955
1743
5623
4348
2827
7844
5122
5632
490
4688
5359
5714
4680
1608
6607
2122
2457
2994
6211
1251
3540
2551
8202
3760
7474
8367
4747
852
4686
1623
7917
951
7978
256
7953
3266
7342
5248
7392
2772
3306
5915
4786
781
1898
280
1911
434
5569
5791
5609
8352
7894
123
4540
795
6147
5302
2711
1396
532
2392
1973
4182
7229
4872
3034
756
590
7426
4740
5257
4696
2918
7573
6078
2183
7455
2766
1947
5254
2571
8623
1962
6995
5095
3031
4400
4357
148
3869
1411
3763
83
2432
2092
1829
8270
8315
4215
5212
3039
2225
4992
5611
5150
8013
2313
929
1176
235
8688
6888
3821
8296
2974
7283
1957
3447
2996
278
5514
5385
3130
4758
7499
4133
7376
1170
4964
3976
3900
7751
4756
6262
7171
1492
4975
8085
3285
241
2802
1073
2734
683
265
8219
7
1085
6085
4678
6339
8469
7551
725
7762
6154
7736
6882
1871
8532
890
4648
7766
134
8083
4127
2109
569
3689
3635
3139
4632
6138
4752
5367
5504
3585
7786
206
3486
2860
2052
5584
1671
555
1994
7967
933
6345
6140
2684
4363
7526
4456
2578
1389
6523
2456
5746
635
1647
906
4233
2924
8569
6943
827
1164
8586
2469
2184
827
653
5416
5328
7304
6422
6565
2446
2203
5164
4979
5859
5674
3315
4592
4898
8343
3810
2570
3902
8673
3515
1368
161
3513
6918
7324
6995
5966
737
1439
5427
1229
1656
4316
7267
8242
5408
5929
2487
4074
8383
1939
2650
2233
8256
5400
5895
2956
5003
4795
6920
2870
1517
6601
1156
558
2757
314
7752
3334
5871
508
577
7743
8341
1773
2654
5886
1443
4445
1597
415
794
5996
115
1899
8307
5202
551
6138
6719
4125
5302
3864
6480
6788
3690
921
5040
5151
4145
794
6352
451
7713
4598
3189
219
6171
7276
4254
3362
3656
6333
3095
4015
1668
4529
6019
4742
1755
5697
4088
7245
3687
8150
4065
1911
1077
8115
6525
3534
3453
5726
2415
5393
3128
1316
4459
6061
6645
5335
3617
1956
5792
4211
3194
2744
117
49
797
1965
5888
7979
2137
2533
4584
6079
5503
8526
5416
7305
6646
4459
7083
5307
38
7797
3461
1075
8374
3805
6379
2129
7281
675
7839
3166
3308
8154
666
8189
988
2475
5174
6906
5245
2703
8267
8622
3854
7793
1700
1544
1995
4848
1824
3060
8483
2632
7750
7816
8378
278
8065
5311
6946
1693
5321
2811
7062
7961
8000
4589
1601
825
2632
5448
5620
3074
6833
2314
3190
5672
1488
5228
2345
5538
8054
7953
7648
357
6308
3723
2477
1662
6636
1753
3859
3812
8252
8401
2319
2796
6326
5006
844
4771
198
6653
3358
5010
1589
1705
7786
2985
2600
1436
7601
1480
6937
3212
4999
4959
1308
5377
3389
4546
1645
7567
2086
4165
3049
5148
8234
598
90
3877
8664
6685
7918
3186
3245
2285
2424
4915
2122
3181
4045
848
3477
3075
6225
3404
5949
1574
6961
5412
1162
7367
4334
8201
8084
4372
7649
4983
7422
2238
4085
64
4805
7547
4410
6542
5558
1386
2334
5393
8180
725
2333
8324
3505
5222
5516
4382
1508
6812
8317
2335
7406
5606
7894
2444
2441
4980
5569
3315
4778
4317
2190
2712
4287
1186
4761
6771
5964
667
87
2814
5049
4359
1992
3401
1372
7855
8488
6777
3842
6855
8043
874
3004
4673
6163
257
5119
1227
3194
6702
7911
4114
374
1998
8522
2359
90
6058
5124
4169
5804
8608
6725
4283
6505
4535
4687
4867
5891
4931
7702
4953
6629
4729
5271
7889
1842
7498
3341
6764
7480
2236
5925
5568
5646
4676
4400
4503
4324
7647
2669
7512
4447
3916
6568
4679
8170
6938
1047
2871
2021
7379
3090
1440
1925
6393
4917
2648
2295
8345
7177
1291
1550
2204
4679
6778
8547
5764
4283
2507
2005
6458
2298
5092
7894
76
2297
6986
2364
134
1802
3264
6570
6404
7265
7223
263
8111
3359
856
2109
560
7328
4545
2250
6192
1963
3328
8064
4413
7215
8468
1970
680
1816
5443
2029
4526
3362
2335
6174
7566
1708