10924
15966
777
10519
393
230
11203
14726
1606
15997
9837
5865
5500
14346
14261
16938
8942
10279
14523
15884
17330
9412
17226
17153
2044
3969
6778
14257
12437
10249
9973
4383
13694
3175
4483
806
10087
13999
15474
6733
15346
12699
12582
7235
13974
6142
3632
12062
14845
6623
14806
5648
2796
12144
8865
14859
10717
4081
16940
15431
7204
7740
12223
1426
10867
2379
15790
9992
17739
7
4107
13909
7506
5370
2470
8338
16403
15186
103
12019
11196
7380
2032
16137
16809
3438
2187
7060
13860
14369
6690
14089
687
2623
5516
9959
1834
12266
10568
15051
17856
6291
12454
17836
780
5043
1858
6847
9107
17754
6687
12057
16415
15678
3237
7181
10201
11040
9052
9860
4311
13910
16410
12414
13746
12922
12605
7112
13065
9464
15715
4704
17887
5060
9725
12189
5719
10255
2039
5337
6349
431
17658
13748
15701
17881
8121
16140
4833
6861
1124
9938
452
514
136
8783
14094
7650
8968
10084
2219
1607
8897
7674
14188
8748
7686
5950
11257
11604
13405
8352
10931
16605
1611
5004
267
4601
6614
13102
17875
8694
16719
1046
7495
3072
952
13456
10102
17199
4932
9745
6752
8134
16449
7269
16122
2610
5599
3513
7904
6064
9591
4582
4716
6895
15044
16348
10935
13131
10590
1559
8592
13200
4454
4315
7133
4344
9366
5609
247
1340
1821
12797
13642
17631
10380
15641
5854
16974
5648
4067
7726
16231
11405
5508
13812
16794
16402
11951
4300
4397
6024
8001
14036
3751
1901
16046
8425
277
10751
9799
3608
11273
11960
4532
6463
12590
16184
17851
2866
11825
4344
5007
4827
6722
12452
17800
610
5526
13964
7528
11104
10944
14666
10500
6054
6672
12341
15072
1049
11994
11063
3395
11117
2401
11209
7417
8185
451
15933
17131
2207
1856
11713
14413
7963
1263
8660
13427
10280
17058
12703
13437
11033
2858
1443
3646
6624
12147
2063
399
13704
3884
680
9133
12510
10703
12872
1711
16385
111
5670
5642
4675
6154
8511
6864
6054
2294
17395
6916
7024
3031
14821
15603
6226
4599
6604
17399
9362
8213
7797
14129
6888
16509
9617
15732
9643
17899
6600
1218
11418
5478
12822
5423
14336
12435
17151
8724
13272
16064
16453
15953
6311
1209
5678
17713
3116
3701
16146
10652
17726
11481
10513
13588
4391
6998
5960
3102
10559
12566
1931
13297
1839
17311
11451
9928
2728
17592
3320
2188
12108
9749
5791
15249
463
17193
4277
9911
2639
1163
13491
1316
13219
1866
16816
1873
7087
9405
11505
16948
73
4725
6614
3392
10276
13208
1409
15025
13986
13129
17002
11664
7648
16264
891
17732
5077
9434
9177
17192
15
10812
5744
10602
4660
14377
5206
8701
17563
12025
5844
16894
4017
16767
11830
6229
1386
8768
10644
1789
8226
937
9790
999
730
9399
14729
7149
1576
967
8053
1526
13214
10340
2892
8780
7676
12040
5067
13645
185
3969
2770
8056
12844
14824
1071
17691
7979
7910
15367
8433
11015
9846
4547
10626
8955
14688
14129
2172
4119
5685
14584
7938
17683
4796
2756
11515
3122
982
12556
5877
2845
1253
2045
11352
4655
12648
16891
9487
3217
11406
14036
13953
1327
7060
14743
11529
2263
15446
974
1873
9873
12935
3538
1179
9628
15726
17611
13386
12494
9889
9996
13233
1527
3407
17871
11658
11768
10040
10187
14577
1448
12697
2761
11991
11347
9913
14759
12985
9777
1638
17886
1383
8417
14173
3822
13988
3647
7692
6629
9844
15716
14871
1037
9923
11430
2609
6521
8333
11310
12183
2499
16590
10731
1223
13820
17509
14940
17466
5527
5235
13559
5002
131
12942
4711
15620
16932
11964
13272
12703
3224
14075
16854
17325
7001
7668
6541
6086
13025
2406
912
1931
12844
16665
668
16008
9568
15653
8843
9025
3348
12094
5033
15200
3203
6860
15185
17884
11270
17618
15255
12770
3782
14105
12971
644
15858
6203
6881
7315
7986
10626
14138
4805
11462
16805
7001
1327
12888
5693
16040
3431
11020
10321
17275
11836
5382
1387
2996
5316
6456
5319
9983
15558
10896
12214
13744
17024
9214
1094
8970
13872
11879
10987
3614
9970
10523
12988
8654
6540
2827
5100
9394
3731
5182
16887
7317
3231
1279
6261
517
2495
841
15969
13710
15351
17011
10377
3177
7188
6042
7432
15897
6772
10491
17326
3055
6405
5022
16175
8411
2941
13673
1767
3940
2204
5500
17352
11765
11340
3303
12981
3579
10695
4209
10971
8617
8206
9445
13891
14671
8219
882
13810
11725
4426
12109
7464
7703
10194
7431
8028
10774
1222
7782
11550
4626
4148
6848
7844
5863
17214
5637
7237
6943
6007
16790
16934
6048
7771
9056
12735
13
12090
3066
3441
13600
10337
10297
6086
590
935
7094
4369
670
8827
2436
9843
7972
6412
2620
711
6098
7797
17580
3385
13495
17312
2237
4636
6577
241
6384
15680
329
9833
1757
10752
5081
6801
7563
3811
3582
5925
2391
5148
12105
16574
17740
1180
8146
14506
8315
2746
11542
6233
17321
11058
13348
5170
15757
16582
11890
9088
3176
14739
5836
3908
11085
1893
10304
6695
965
17381
6940
6906
3331
4615
846
4767
14910
15987
9660
7832
4869
10608
2493
6966
15415
4058
1683
1802
6977
5067
14452
7518
6595
7585
13792
13935
14139
554
8304
1713
6681
11341
1264
506
4988
8125
16849
6035
16360
14498
17213
2409
5710
1344
12259
2318
12454
12684
2592
831
14720
5435
10975
17020
1587
17556
8208
13643
10011
1522
6773
8708
14781
14675
5213
4202
7841
17396
9911
15725
6897
15163
15584
1012
11348
2088
247
5948
11980
11166
16376
14057
3712
10288
16331
719
14738
7975
16040
9758
10048
3345
4315
11711
17198
7080
12655
8469
12689
6874
16967
8933
5075
5869
12404
17649
91
10898
9548
8990
13618
15696
16263
15689
8786
1722
7423
432
6716
11079
10059
4362
10887
3509
6972
10384
17116
16726
11518
3533
15050
2325
2094
6983
9218
3848
17145
17606
8595
15910
1094
16971
12822
6729
11924
4648
2601
931
15017
8760
5250
383
9906
5493
17396
13462
8317
3628
8331
11679
5482
13595
12530
9717
5304
5681
8254
5371
3362
14700
2943
5625
16785
8348
4968
7829
6519
5613
11925
13224
5567
11071
12640
11239
14209
11160
3035
9060
11371
10987
6591
16125
11663
6209
16009
12016
9220
3926
7789
11437
2483
394
10356
7244
5762
5800
4115
10656
15712
7329
5578
15842
16587
12689
4480
16901
6243
6787
10779
14321
13200
12360
11132
885
574
8053
17405
14918
1
11782
11853
15608
8729
15118
4061
17871
1890
8315
131
7594
17701
15691
4809
2446
12905
14753
5615
13273
1832
7882
9440
964
6392
12130
3674
495
14222
7734
17872
10429
1423
4956
16795
14288
15683
3742
516
17598
6062
6208
1936
71
11653
6706
14225
8402
7379
8909
11026
16951
12080
5131
2563
13134
8092
8495
10696
10312
9560
16190
16948
2495
6937
1524
10478
10651
9162
435
10381
15044
5716
1580
15719
16946
13129
6768
11482
14120
9438
13295
5510
1615
9166
1883
13713
12847
307
10148
14356
15872
8888
13665
5559
4317
11372
9020
1124
16891
4243
13899
1732
16338
10548
6471
17852
15184
1257
13849
17379
1393
16665
3928
563
13106
3203
9523
4245
7494
1937
13901
12482
7970
12325
8317
13206
1642
9968
3548
17619
3984
3358
3406
7567
1661
14841
9308
11948
6740
13150
8686
3482
13640
1650
4908
14515
17149
8280
11059
523
6195
10025
3457
8044
2125
923
5599
6356
5138
14204
5722
200
15837
14665
8756
16043
844
4480
17608
6344
11292
13636
14016
17580
15690
15055
118
11446
6050
3942
1408
3238
8060
7087
8706
10505
1435
5635
9608
14327
16761
5110
3625
744
2568
1485
9185
17594
17603
3104
12047
12137
16952
8771
17509
16474
1339
8169
9587
8932
1026
9768
5338
8833
4891
15783
14035
13663
13077
17823
10593
2059
17794
40
8699
12581
13895
10086
11465
3309
11624
525
7250
4458
3579
10293
3341
17572
7641
8392
14227
11368
10303
12901
5884
4235
768
6575
2951
2252
8412
2621
12904
7251
14607
13397
15839
3246
254
16380
7025
1229
13273
2965
5988
3051
9094
12306
13071
611
11714
14605
3546
12031
919
5671
3153
7159
451
13320
5852
17787
16880
16248
790
2026
16196
15745
9398
7901
13028
4280
2225
12047
15835
17359
11924
17434
4114
3561
9415
12798
12003
2885
5534
9713
3240
7169
6539
13077
1862
5796
3241
5640
15903
13372
13095
12476
2264
9752
10085
1367
6070
2568
14835
12745
15383
4786
11109
10972
1681
2071
13892
9305
8496
721
2870
14474
15244
231
7882
6885
4987
16471
15800
6491
13154
17247
3786
15142
13362
11371
16244
6308
8469
6167
4254
1910
16929
2732
3986
2359
12976
8357
17721
11978
17077
7887
2582
14533
8168
8579
13744
16450
5032
5162
11378
16447
7124
4257
13642
339
6175
8746
5969
7728
4497
2978
17341
8901
15394
11383
4137
11841
2981
6651
8841
12322
14190
2137
14734
3572
15074
6866
1975
8851
1556
2037
234
5047
12865
17662
16480
17130
3942
14149
10771
5315
5152
2552
8331
4549
16675
8543
17148
17679
10383
5634
2550
12647
14441
7071
8856
8207
5311
2981
16254
10549
2902
11042
16870
1550
3862
6078
326
8388
8855
12848
11092
10115
784
8450
8085
9136
10520
15163
17284
16275
2648
15373
14376
1101
17058
12124
12587
16135
6373
7308
8954
6220
1619
2028
14235
13278
1048
112
15304
8278
6438
12738
1246
11048
14065
1022
3946
15661
3729
7083
2842
4611
582
14969
17120
13895
7415
17422
4942
9372
5265
13707
12194
17132
14011
11914
3531
2921
4476
3957
8736
8568
7004
7862
16837
3851
17215
5012
16140
7019
2083
5711
5020
5621
795
14565
2733
7688
14468
7501
4168
9510
16103
16486
10114
14972
11775
8822
11459
11595
10879
15214
6222
2381
11869
15149
12313
17525
4527
2269
6611
15650
2702
2793
167
14955
7394
1980
2255
16267
7048
6316
9865
7127
16867
13743
2286
6203
13501
1216
8657
15274
17082
15063
7208
1825
8472
14981
14890
9254
10428
8766
7388
16020
2466
6572
10746
11271
1303
10838
8336
3091
13721
4141
14456
9627
8488
3790
16582
15849
8669
9592
7172
4187
8579
1891
15108
609
16090
9951
7592
8273
3100
2243
6524
15690
10622
11061
3049
17062
16682
10692
14442
14283
15708
8097
15423
4396
14062
14448
17717
12490
500
10700
6556
4102
14662
6031
14050
14914
9381
7864
3441
3361
4675
6565
12721
12676
17262
17383
1033
11195
10634
11765
14542
5591
15540
16215
1834
14995
1502
8552
3528
6166
5059
10621
16778
14713
16698
3753
16110
10766
12975
11608
13012
11513
217
17870
5934
14721
8611
15262
17785
12578
2124
2243
4664
14687
11221
7487
13225
2983
5234
1033
1338
16902
10089
3728
16726
17437
5401
684
12951
12568
14421
4004
6063
400
8749
11016
16162
10490
16563
3780
9825
8771
16551
11178
12086
707
7216
6505
16587
2851
14076
2588
12438
4411
5017
4073
11633
9069
9282
5740
7807
16201
15886
2063
9391
2236
2649
2008
14274
475
6264
12781
993
6302
11231
8549
1299
8178
12630
14721
4772
5147
3084
17860
14538
14377
3008
11743
6009
6306
7684
14813
16748
11678
7148
14821
11352
5864
321
12642
8318
1659
1803
15097
1111
1926
750
10736
2365
2977
16888
958
13378
12146
5234
5117
3521
8018
13149
13308
12237
12447
1270
8002
3432
11997
6982
3210
5863
17553
13313
10999
7266
15940
8604
8556
13276
1468
3296
2275
9924
7457
12999
3085
2025
13104
11802
3303
17251
12426
8257
950
13584
8369
9014
4074
9462
17759
853
1546
8287
12455
6385
9158
2953
13247
5304
13698
8809
2740
7739
9625
9232
5998
17106
9315
5457
12317
7145
977
14705
3947
17755
10088
3300
7689
10194
11760
3897
9823
16996
9606
14744
5401
11670
4054
1632
13623
4328
12898
1363
7086
14222
7098
10199
12499
17378
8273
711
10203
2248
9675
234
9560
2788
14813
7346
13441
9367
13648
17288
6886
10984
9425
15135
3053
3205
4738
9586
11192
6522
9232
244
17453
13106
13587
1539
17481
11842
9282
15366
11220
6998
16663
9691
9230
6760
658
10525
470
10967
17502
3578
14210
14883
13947
1387
7296
5241
5742
12485
14286
12448
3269
1740
545
5342
1138
9687
7447
6147
15065
8216
10465
6895
7004
5123
14157
11645
9129
3381
1613
7603
12172
12113
13885
9020
4592
5923
17054
14480
6315
13466
6487
13629
1131
5111
3598
6901
231
8668
225
5058
14379
1479
10213
13231
5972
11826
1961
11465
6912
5447
11939
4415
4771
295
9444
6608
2378
11871
11008
6543
555
16484
15607
6064
2249
16826
17272
12418
5284
3898
14491
11585
10556
1102
5472
9115
11967
13539
5688
8452
16457
11072
8432
13721
9886
3901
17092
1718
13974
3343
14831
17684
8578
1352
2428
1301
13123
8347
9471
11266
163
4088
9155
8346
1615
9887
11886
2872
775
6877
10043
17834
8614
13325
2830
2821
5410
17255
1348
11605
667
10760
142
1014
3814
7997
8028
12064
12336
14303
9206
17079
8110
11176
3778
3789
15830
4210
4348
5391
16015
3911
9408
429
2963
10793
1513
3675
17868
16202
11585
10503
13408
10095
5630
25
11366
14508
13039
6860
1360
1342
1058
13389
6394
9613
15274
2386
17292
2838
9100
2845
1083
11666
15017
15194
17266
16443
7824
14807
11310
17562
17171
11646
157
8078
17689
12658
12341
1679
9791
7071
10678
2772
4809
1468
11114
7345
13315
13221
3024
6514
140
2093
2276
16979
6671
9016
1538
1601
1645
8419
11377
3136
4383
8729
2597
11218
4343
13361
3814
9813
14330
17517
13845
2375
7566
17388
9644
17058
9937
15717
5353
9325
15267
11936
12095
2347
15843
14285
14867
10723
846
724
8235
4324
3609
16882
3873
5918
8396
7338
14130
4139
8888
16523
9538
17590
5247
10269
7653
13957
5730
2607
9226
15367
17605
1731
6571
3758
14123
9275
7861
17582
9064
5249
13120
9495
446
17847
13179
9460
5329
16693
16828
6077
5197
7134
17173
11753
7571
8043
15957
14054
12985
14722
6562
3910
9795
4165
8537
2361
12119
8761
9063
4243
11330
2786
10459
7337
11612
4544
2226
8593
9345
5825
14572
12607
17643
1930
2152
14210
15590
16759
12374
16319
15023
13520
12537
9654
4183
2973
1289
5281
14906
17511
13979
17178
9272
1999
2051
1035
8719
1894
16409
14444
10585
10373
11389
13028
10934
2309
7487
9131
6319
14910
5445
15231
16845
10787
14053
557
5393
17663
2893
3379
3857
7817
8618
9677
14696
7083
13769
12763
9326
8072
14129
1034
9568
959
3542
13849
10443
6348
8309
6371
5225
5595
1777
15847
7910
13730
1297
12210
8419
10984
877
12296
10539
17369
6329
1149
14376
1493
4338
12216
14628
3350
10048
8333
7437
6960
13800
10619
1418
10616
14033
5144
3576
11954
11375
17284
12188
9273
10404
5340
2171
13089
17678
12244
16322
2335
9637
9562
8209
4397
12742
16056
11126
11851
12946
13730
13003
9938
8143
13370
6284
14276
12001
2591
12782
3342
17102
4929
8807
7647
11187
16636
8196
4828
9178
13484
14294
6650
405
1262
9947
4266
7775
5399
12960
2531
2227
441
2915
14490
4922
3027
8872
5929
7843
5079
5394
1384
2476
20
4374
15001
2677
6892
14687
3494
3844
17785
1083
3652
979
3883
8964
3696
1351
7336
8581
16979
11548
7611
10744
11423
3321
3217
5099
15782
2031
11746
16182
11848
3668
14089
8396
9793
13592
8187
3010
3500
5481
3190
15827
10255
5325
12766
9834
13312
4310
10386
12371
824
7831
13860
12158
6268
789
17590
7829
15959
7129
4159
4325
17353
11978
4231
12799
5442
11127
16379
11155
6641
1634
17389
8182
9293
2316
341
10372
5661
2677
5611
4403
3723
9804
5189
2612
16864
12552
9231
12870
763
12505
7991
13304
7536
7381
14867
11792
16503
819
14483
4327
10191
4816
3274
5370
12016
10490
10943
6679
6999
7656
4335
6396
5014
12505
1270
3579
17177
382
14551
1715
14967
13982
14844
17043
10195
1577
9727
8310
319
9655
1769
2834
17068
3637
5068
12621
14202
7417
16942
10776
9006
14453
17300
15571
421
7995
3139
5592
9282
9107
13664
17585
7773
11953
3312
4780
5774
787
10298
10634
9078
12077
7610
922
16959
3215
12578
17864
17791
7631
17667
6872
14512
989
8591
17380
14286
9742
479
11158
3838
10110
10955
124
13613
12146
14876
12173
10889
12722
14963
12818
710
1163
14741
13798
370
5248
1321
2396
9707
16125
11224
4646
14103
13177
9238
13814
7771
13858
39
10170
11015
11144
103
4169
7374
5540
9397
14673
2623
4571
15403
9880
11314
16550
231
1038
5793
10696
11942
9337
2842
10684
7960
14346
4348
7388
6433
10051
190
10319
6378
10257
8523
2691
507
2924
10487
3673
11252
4011
10926
501
582
7457
17262
1924
6102
6376
8125
3669
12658
1200
10664
17308
10046
2691
17541
10213
6990
1399
9159
50
2978
11765
11410
1585
1665
3077
10694
1600
17016
7855
15156
956
1546
4849
2875
8895
8435
1640
14949
3740
4090
3244
186
14951
17348
16429
11889
4702
17538
14948
15748
17354
5607
9337
15805
17810
16463
5993
8771
5703
3806
8780
13572
15358
17213
13179
1491
12934
6505
15376
13552
9815
11824
5363
14634
8531
13538
16002
3174
12803
399
16971
4032
11579
10767
11085
12647
1052
10473
17830
6139
8880
4129
14369
13711
11864
14829
13931
15300
14938
13109
5033
16925
6019
10203
1174
17698
2103
1311
370
7061
5187
11658
1088
8502
5050
7689
2647
638
9882
14672
10269
13609
1156
3530
12967
742
17582
6322
5412
869
6459
9232
10112
6420
1837
16461
17118
8593
4969
10913
16941
5943
7658
4645
14551
2758
11216
12794
6247
15175
2919
16213
12179
9582
7545
5691
5366
14448
16103
10910
14580
13668
12148
7573
14308
2795
11104
15274
9195
2534
16313
9199
14603
5912
9658
5151
15104
15986
13901
1664
3004
16420
3395
4796
13958
1067
15317
3323
3825
8068
13724
4681
12494
2350
5190
9926
6115
12854
13137
6653
7501
6088
16416
1033
9574
14594
5907
12901
8992
944
2328
15102
7950
17652
15092
11711
6996
10766
76
17059
15117
229
12432
17013
17848
666
17874
11000
6955
4141
5968
13872
1767
11381
11487
9479
14719
186
926
6256
10644
13137
170
3944
3519
10088
14380
13661
2429
12799
13181
1427
2073
232
9254
14259
4698
11774
12629
12568
10090
3844
3781
4516
1938
5359
1700
16147
1005
12692
1835
7000
15192
279
537
11245
2441
2822
12203
2253
4800
9571
1080
2128
8514
16571
15891
13985
15702
14922
281
15475
10322
1241
17596
14643
11653
15697
189
6791
15292
2552
9512
16355
6149
11519
15236
13278
11103
6400
219
17004
8925
14859
12210
16629
16359
10215
5203
4121
10428
10728
11961
2837
13906
14332
10847
3441
12573
12541
10874
16491
10680
14441
9214
10125
132
4118
10092
759
1367
3252
5123
11868
16330
2608
16658
10257
8588
4068
16932
1726
13220
13684
11919
7910
2777
3528
12242
9645
4772
17005
3368
938
4203
15636
3127
9269
14569
3272
9580
17328
11054
17472
3675
7423
2908
14339
14710
9311
1231
15003
7898
14067
11511
4126
2367
9146
11600
8269
2315
5738
7578
6901
14305
12737
6552
16966
13487
1499
8097
15391
7048
4757
10704
4137
3830
9769
1021
1945
8231
4034
5848
13517
5047
16899
15767
10463
16974
3127
8027
2599
14145
12239
15773
3995
5071
13561
8496
12265
12466
7423
6900
10159
14718
8271
10875
5407
4257
14603
5976
13211
10668
10855
16746
16913
14073
17414
14449
17272
8815
108
4572
15057
13309
686
4152
1406
2675
15730
12008
5731
4374
1469
4315
15079
6901
13450
6562
17358
7110
640
15508
6723
4682
1309
11316
1624
10794
2758
17549
3941
830
17836
11466
17400
14639
11539
1587
16162
3832
10375
12799
8072
13970
4130
5495
13207
11903
14878
11024
3084
5383
17775
7664
10596
10831
500
5366
6927
1452
13538
588
15643
14509
8647
12958
1347
15358
12474
16793
2622
9145
17146
7577
13780
4854
14418
14285
1325
6517
1136
7079
16455
403
17748
1105
4043
17341
13090
9762
5478
17499
2712
5991
9786
7154
15676
1874
10011
12
4767
8640
6709
8670
16545
17652
13999
13503
16298
13316
10254
17079
8432
16196
2280
9972
6201
14784
6906
15490
15476
6197
3882
6555
17618
15867
16963
5158
15421
4736
4654
16597
2368
17103
13320
14396
2424
11352
16608
15959
2969
9337
12450
6153
10073
8035
5218
6965
13296
8430
5318
4731
9030
5190
7736
12848
10125
9759
6696
10526
12780
9492
1475
1217
708
9705
7057
11094
760
14860
7742
12735
14799
17307
17731
14934
10047
6590
6239
12265
123
3192
16944
10542
2566
756
10918
14589
11085
1263
1046
11908
11354
11860
3762
534
12819
9021
192
573
896
13600
1388
6074
1876
1666
1694
12148
7694
14971
471
6612
3663
1799
17377
11104
3606
844
13943
3141
16645
4745
14001
10469
11543
8376
653
15252
15715
7241
9016
11669
13807
17419
5435
15270
2704
4761
12159
15394
11896
15269
16053
7192
15145
9495
15023
7234
15173
614
7103
466
12489
1179
15378
15005
7794
14155
5822
7030
12306
6108
16670
10213
12604
13876
3054
1927
15161
8431
2940
11829
7610
312
5258
14895
946
8625
966
13215
16895
14664
646
17504
13203
701
1454
2777
1055
6627
2458
9134
11852
12584
16794
13232
2606
3464
14426
3801
14069
13865
1379
2585
14816
13406
12544
13276
11099
3663
14528
16490
3268
14211
2835
17154
13784
797
5680
7840
3989
4742
3981
6899
17431
9640
7934
10568
9295
8800
2964
6302
996
8451
4090
6755
837
14887
896
15060
10421
16781
5626
15204
11569
11187
49
10341
2952
9695
7537
9666
759
3473
7928
546
4956
633
9986
5556
13357
14120
2613
2931
250
15177
10077
2352
374
7787
14103
15857
10375
15785
12579
7108
1113
5079
3654
11559
2643
12044
4703
145
8612
9154
17471
4260
13946
12428
1613
15871
8763
593
5728
16428
1678
5898
12262
1091
12899
15818
13901
1024
13263
4828
7212
16495
14269
6905
4414
10879
17517
15021
11300
708
9196
8598
3748
5749
15677
270
17321
3046
8966
3796
16126
769
14117
7126
4400
5570
13317
15968
5295
15225
4324
6860
10250
5440
4639
5094
11012
5280
2740
16704
7802
417
4016
108
15904
11730
406
10773
13570
1904
10133
14442
3775
2390
3041
941
613
6301
16385
13473
5452
695
3450
7354
10246
11702
1562
3839
12352
5512
15930
3208
17370
13856
3697
7642
6977
12290
15156
9895
6520
15313
10928
10715
8530
7689
13352
13797
8055
2740
10291
1655
1325
8584
15778
17749
604
12634
2122
10699
17722
11924
15822
15895
12950
17247
4966
11936
3163
14638
11830
16433
2048
5349
4904
14664
7872
13565
2221
13935
17816
2656
2619
2269
13617
1894
15668
2388
16034
2568
17557
15652
12292
4009
15181
13265
12076
3569
15798
5205
4660
8583
4228
1812
4659
8145
6101
13240
11784
4169
12799
4712
17745
17332
3449
11400
14082
9101
339
13837
10665
11324
11270
5551
6678
8318
2637
5851
341
7129
5738
5300
11471
15987
2071
11550
6697
13257
3318
13025
650
36
4292
3003
12067
6106
15840
8840
14501
15070
10656
14601
3763
16972
6859
9668
6227
7228
14848
16663
14339
10575
12707
3877
1904
460
3878
8771
11245
3941
5017
16897
1301
2651
1705
815
15935
13302
5092
10117
7209
3192
17265
15515
17483
9747
8551
14881
16464
10636
661
15801
3559
7535
11919
10996
12475
2938
16790
4979
4425
14866
11124
12557
1294
6621
2566
6811
9297
15926
16126
7576
2666
6697
10065
7922
13211
12688
16742
6983
9212
8341
6954
13249
12752
6744
17616
11799
11474
12049
7682
8688
4665
495
1632
703
17687
16816
9178
302
12674
1739
3785
8436
777
3749
11325
15184
1445
9973
11109
14216
9147
4411
7383
2886
3914
5735
7659
13525
1536
11110
2617
3004
15663
3068
10577
11936
13575
10076
2169
4025
17849
17775
16323
10567
2319
8812
682
1354
7239
15953
15093
5123
938
4790
4593
6284
16031
4518
832
4002
11076
14925
15558
426
12974
3690
800
5688
13001
16120
7906
7725
4303
2413
4907
3346
3997
411
3775
13410
12634
1502
8597
12884
4279
13228
14028
7010
753
7552
13432
4725
13052
13287
5022
2586
1984
11147
10714
6100
10554
1609
15534
6595
3492
10121
5811
16653
2647
4428
6533
2019
15677
9259
5403
6037
2856
3845
17871
3030
5028
9369
16802
12258
2895
4466
5823
292
9054
14883
11159
11782
1951
9600
4449
15239
9049
10962
2832
11152
12710
11371
1310
10560
13466
7895
13731
13572
13285
2782
7525
10490
13950
7199
10110
6424
8375
1714
14103
5151
13584
15520
5481
17059
17159
8607
5032
6213
7422
7625
1385
10498
10747
10265
7986
8418
13778
16153
13512
6336
7540
1443
11565
641
14475
7598
9551
13216
1158
12409
15724
17727
14491
7243
4626
12356
4616
10443
3182
16178
595
16363
14450
185
5350
896
5633
14479
1044
74
2862
13228
10046
12894
2888
15557
7011
16500
2723
17848
1048
8604
12535
5206
8321
16846
5251
3995
3798
9838
5342
1247
14789
11167
6738
13541
3162
14854
6613
12262
13225
1954
5100
818
3206
17473
9327
11771
784
11673
8508
2347
8744
1896
11341
15381
17346
2277
779
16306
5780
12432
806
16382
12609
3028
11878
3372
3700
12644
6260
17754
5676
10625
8683
6829
14999
13811
4756
12486
5200
7413
16516
9376
16309
14459
1193
7085
6185
16519
15399
7251
17765
4712
10215
15823
10604
10874
2422
13704
16090
17284
784
5375
836
14291
8198
17815
599
13422
10239
1782
3242
14744
13048
4958
4992
3424
14103
13496
4358
8849
15801
14192
13607
3920
17878
2057
10370
11911
3524
14365
10507
6403
3847
1547
1221
15484
2073
4511
10947
15230
11269
17473
5722
5764
15381
17173
1177
15467
4010
1694
11122
828
15812
1553
8801
14716
8660
2846
9075
7746
1931
3301
2657
14792
7575
7487
15528
1519
1107
1974
10371
8791
15929
402
12434
17454
3227
15999
11125
17524
5025
4717
13048
9084
7498
4966
441
8547
6200
6886
3590
8039
5291
14355
8069
1309
14795
11378
550
13165
6289
15459
13123
9019
7004
16296
4032
9196
9737
2869
17566
13067
789
11933
1755
8512
9402
12424
2232
8258
16491
14309
5950
13085
1195
14265
11470
4051
9941
17083
17241
15244
3909
8424
13670
8933
16196
16596
5888
17531
778
454
5761
3470
15981
7850
16312
513
1031
9383
279
10688
7452
14200
5264
16291
10775
9246
7774
3977
6224
13967
1769
13670
5139
8595
3486
13731
5130
219
7556
8867
12704
2867
4755
3003
17446
2397
8742
16302
16279
12772
993
16536
14054
15618
8015
15556
14314
12833
17400
2770
9881
14512
6215
11539
867
9271
1112
8206
14842
7114
5915
15784
15708
12486
212
17258
3488
15242
15956
2659
10881
8360
7801
4903
8261
17105
13962
4282
714
9367
15804
3729
11938
17402
13758
4436
4995
11709
13018
3600
2790
8739
10985
9851
7118
218
16699
7084
962
6119
9951
14981
12866
4685
16810
1077
4877
16302
16031
15982
10970
12145
4880
9752
8788
14480
7506
17504
4320
4958
4726
2837
10855
1764
7734
16660
7019
9348
8737
2380
2543
3869
1181
16340
3151
3770
3735
17542
13689
3188
15720
5561
15106
601
8384
14730
5495
3020
14447
6808
10429
4148
11919
13793
12872
15232
2067
12160
10062
3525
9126
12877
17320
1250
968
15795
10966
7839
11946
13377
8598
12461
11027
11818
5745
5272
10339
12851
869
1126
3497
7685
14598
220
2328
6319
1304
10551
13878
6213
14914
16403
12573
4184
9446
6206
11101
5883
5911
16925
12772
97
9941
3963
5917
6031
675
17378
15488
16052
2685
5379
15082
4290
7960
677
10480
1012
8990
14070
870
6471
1650
11648
2700
9254
9810
4282
2183
3293
7980
5633
2741
8482
12587
1020
8514
12424
4597
17211
11731
4670
11163
5085
16861
16653
9988
10472
16565
7138
16433
4057
12086
10779
8755
9845
6402
16088
13415
14211
15666
12147
3131
8595
12614
11738
15780
12878
14367
11210
4606
1548
10689
10675
9961
9741
5909
11165
8938
12435
14127
415
1923
17064
15736
573
10273
9069
4840
230
3855
7336
17687
13743
1873
5228
16749
10609
9814
2158
14663
3617
3471
14106
12774
2923
11488
11872
12628
13920
3255
9347
12592
7289
7058
9037
8084
8933
15669
7348
3992
7794
9634
6811
4054
4400
13830
9652
2469
12783
9276
4619
1713
2081
6328
2403
6056
15806
1166
11982
6769
15960
2305
12334
8882
11331
2965
9542
6740
1326
15712
17032
16211
757
10940
10951
8835
9871
14358
6346
11074
4261
12023
16704
15244
12333
6518
11769
16258
3522
6475
7967
3772
16732
14187
467
13859
1240
13331
4652
10340
2330
1498
723
6182
3006
1873
6183
13764
4954
14579
13711
14423
952
32
6994
14442
9360
1540
16787
4359
17336
13540
14699
16758
7063
6871
5587
11800
222
8329
15474
10495
2460
14999
5667
17775
9800
17542
14763
14776
16357
15185
17808
15412
6975
512
15705
6339
5618
5442
2783
12349
5451
15995
3836
16625
3655
16475
4752
1202
13518
15184
9633
8737
12616
15704
16554
9726
17352
9977
10803
516
7248
7004
14372
15843
14929
16514
7796
16684
4655
7758
8576
7498
16332
9656
14452
8869
7838
8201
3004
3556
16359
17451
12435
16716
6812
16469
6005
15146
10186
6578
963
15061
9362
16480
17029
1921
15934
16294
6550
11608
15905
3300
12960
3778
12634
13239
6791
5687
12175
5752
9626
15571
1136
3062
7491
8025
15243
4529
4644
5701
12504
7125
11137
12586
6303
17121
7495
14883
2364
15755
7281
1117
15782
7656
17684
13725
15224
5954
10506
5439
6888
1178
16686
16197
15041
6210
12079
17698
8096
15503
10362
3895
10078
16416
2097
15092
2986
8050
16624
14756
3431
16184
6054
10466
7131
13911
1914
724
14631
16852
2706
6980
15983
5441
6894
14595
8167
10200
2671
10432
15582
200
14055
12013
9161
7069
10785
6331
11505
17424
12109
6502
17579
17560
8417
16592
4534
6837
5744
16250
16678
12777
2344
17488
5692
5730
11248
757
17142
10094
1699
2241
13444
3330
17483
7911
2532
15607
13988
3773
756
15965
6680
1438
13197
12815
6048
4613
6959
9196
15187
6893
10295
7319
2273
13424
10033
3873
2901
15435
16629
9473
6676
13727
17671
126
7613
5269
389
17730
6235
14555
11287
11359
5039
16990
9679
2929
14960
4141
15159
11083
13740
13113
15375
104
17231
8555
17113
15810
4176
14905
14610
17094
7228
13836
14751
13137
371
15145
16793
13123
4530
17264
13052
8037
14388
1824
17654
15702
11100
16407
11719
5068
7303
4967
8814
17757
2767
10688
8477
3388
10185
1875
8253
1127
16436
11654
15331
11697
11285
4017
16573
9692
1990
5819
10835
14511
16065
9440
6875
1173
6515
7891
5175
226
16857
3468
2484
757
16982
17426
3551
538
8257
10670
10801
6301
1810
5759
12633
11265
10019
1196
6375
2231
4718
116
16755
16294
1944
14748
14080
3815
2854
15831
2769
5558
15968
2473
15598
211
15434
1023
7435
10835
15773
1131
11853
5473
16135
8366
8871
15682
14303
10245
4523
4843
11466
1363
4
5370
2357
8415
7501
14271
14213
11740
1046
6351
17889
11969
12051
5962
4420
15017
12453
10303
14164
10210
16442
5647
13817
9509
8539
3439
550
13289
17416
15851
5089
8642
5079
4908
2684
11421
12108
5986
15751
116
12726
7438
9827
1930
10905
15683
3564
2601
141
5485
9355
1389
9402
3335
10148
3380
8391
372
17675
17348
11636
12980
14025
7208
1299
9601
15997
15962
16071
17660
17637
1624
13862
40
14138
11634
2799
4661
14718
5831
15363
17498
11811
9746
3035
10869
5783
15402
5991
8116
7477
10080
8868
3485
13003
17588
12938
12466
13175
2587
17202
11805
6984
12101
510
12750
7512
1170
16962
11128
11433
6714
1648
11065
5131
8832
9180
2033
6920
5401
14577
15871
12790
9194
12800
16111
16710
15764
17461
17665
9208
14198
6191
7621
5490
15748
7529
17488
6935
9379
3187
6405
14073
4227
13643
966
9912
16967
16945
15931
13221
14375
12843
10533
7069
11186
16749
5084
2707
8052
2680
8840
12683
11217
5815
11976
5337
10728
3756
10420
7145
8294
16897
6525
3138
9686
12548
12418
5470
16396
4216
16314
6231
2214
17612
9538
14005
2840
4625
12167
14186
8845
3060
214
16848
2463
10648
1698
10946
7465
5993
8922
8082
937
3474
3803
14897
13214
17706
1552
15468
10846
12483
9852
7230
17166
10447
6812
9252
16844
3757
6260
14840
12519
15902
15112
15683
12988
17672
13827
6047
12608
14834
8553
2513
17711
8426
7442
6
4981
17690
13884
8475
7128
781
864
6545
15574
10010
16421
2757
13417
9149
14894
9895
8660
14126
1798
3031
6728
3183
5150
7107
11758
14724
7489
16254
14351
7156
4088
9091
13064
2994
5040
15683
9574
5643
3009
9503
3450
13544
11448
4550
3742
526
17182
11899
9566
9960
6960
4587
10540
10775
3991
17054
1191
3131
7280
13099
4056
2954
5619
12385
2650
6898
17400
12116
9938
3140
13416
13906
4254
5446
3376
8244
5426
4065
9880
12611
16342
13240
14491
5898
2925
8464
6541
7357
7111
8961
1349
10952
15222
3994
6007
6667
1
16901
16443
15247
3189
12282
13279
12286
15828
12074
2252
16786
12325
7173
13640
4201
3965
17882
14548
2707
9171
3719
4429
11270
2996
8855
1876
11687
8832
9007
14111
17222
1300
13386
7934
6807
11457
9339
7007
3152
8370
6193
13064
11996
12905
950
2416
12419
5457
15177
14090
4207
5432
13741
14924
17862
11739
5682
5471
10708
7487
12792
6411
9270
3514
1980
7599
5294
7308
17244
7568
13673
12472
16196
5845
11929
16381
8491
16717
8806
2958
15318
17160
17273
5481
15631
4389
7473
13030
17655
10849
8399
4204
11442
833
12073
12717
17825
2039
4830
6047
8896
17883
2700
11713
3823
2228
14634
9796
12960
10963
14656
95
16571
465
1785
12017
2510
4846
13619
2257
11877
3038
3375
8385
4868
10552
15330
5116
15299
1156
1214
11567
13284
6052
535
7912
14851
13455
2015
9708
3388
7155
10785
6887
11478
17674
12969
6612
8608
7532
9369
5229
9508
5849
10278
1181
16033
12782
6125
4410
13602
15165
15646
7162
812
211
11378
12072
306
9894
16585
3410
3819
15243
4409
5505
15179
10968
10520
9154
16816
13180
10249
16078
15618
2513
6865
6466
14890
9736
579
8765
7505
15701
4478
68
2000
12223
12582
828
702
4757
6915
9864
17333
2834
3942
1331
12070
15755
2387
5728
1178
6430
13023
195
8772
483
17024
9620
7906
1783
15849
4710
14954
17122
5243
664
6303
15322
8553
851
11477
13144
1608
6433
13707
8056
3708
11130
2127
597
7788
10107
5125
16720
863
9752
7879
14005
13766
11421
12746
9832
9515
7820
13490
2743
17103
4404
9839
16929
16121
15733
6599
12374
12588
8704
12222
11900
9294
16493
10256
16953
11935
7877
8093
3905
6559
4641
1110
14739
6833
6151
13415
14345
13552
16477
7609
7214
3316
11465
9338
764
4313
5039
10212
14753
14421
4210
7413
2482
13912
3177
10756
7322
11827
14619
8175
10193
1859
6655
11976
4552
5195
14596
15417
6536
3138
9616
12639
1393
10590
16025
354
11207
11238
12130
14998
12478
17205
17815
11033
15365
285
7226
13625
2692
12663
14795
11808
16099
17374
3656
1638
17383
13144
2814
9967
10476
14119
8882
17174
14334
11574
7381
10882
16811
16669
9102
17293
343
13080
16149
1496
10917
551
13102
9935
13318
3294
16932
6985
963
17844
4487
12052
17347
2858
13696
3724
8212
11612
5344
16599
9022
12243
15675
6525
2571
8603
16320
9295
14707
5753
13743
3515
6507
7039
4359
3112
5876
13122
5027
11142
7998
7800
5366
14
6704
10635
10803
2536
11788
8096
11682
16575
17201
3678
814
4572
16224
7780
11777
2899
688
12530
8414
8564
3552
7456
5635
13188
4451
4900
8640
7492
8905
6731
6724
7932
9398
5998
4507
15403
12618
10123
12382
16480
16821
15995
1484
3795
17425
8430
7808
13042
14442
17760
265
4627
10195
11109
3530
6409
5434
16114
3011
6763
16300
11155
4142
4484
6732
17734
991
2224
3959
15942
13634
4154
7499
5960
8981
4003
13453
15517
3577
9761
721
3159
1782
12739
16757
5727
16932
17331
12236
1546
11628
16213
14733
12845
8999
10930
3052
4237
3029
11474
4097
12550
42
634
4537
17190
7057
17043
8455
12043
8429
1612
5895
15635
1748
15975
9360
5109
11382
9858
5120
4866
3683
6259
13412
5943
5323
10751
2446
10901
281
1232
15946
11499
382
3696
6315
947
15787
315
9133
8220
13336
12672
3117
8646
11389
13069
4492
13066
12096
10507
16681
15913
3633
16661
1697
5295
8432
4916
9842
5501
1157
12966
14754
14601
1226
15488
9180
13704
2535
17898
11283
15572
12626
11456
9002
9059
7438
9551
10340
13120
10694
15197
6783
7959
9036
10400
15052
8556
13166
11225
6201
3273
16462
4526
17422
17574
919
10145
5714
16847
8053
3054
10977
17705
5329
3411
1347
17499
2156
3668
15135
6272
17891
2038
10470
9691
13306
3346
1397
2486
1784
14
4560
13614
10660
6679
10482
12732
4142
17340
7582
2951
5949
13851
15631
3384
10199
1417
14750
4394
14708
12251
11333
10911
9629
257
1820
2357
2347
16741
5277
6003
4072
11905
17078
4167
15570
12150
10499
8785
5262
16965
237
12751
6746
9924
10279
9717
228
5054
1190
6455
3484
9316
14715
1242
15414
5212
14538
11910
9084
9243
9527
2472
893
14062
5828
16376
6803
2354
16385
6557
14148
6283
10663
8563
16108
14730
14522
5927
4608
10330
14139
4979
8870
291
9258
10901
4262
17053
12900
16409
14925
14403
6936
11736
16672
4403
2181
11798
8273
3447
4381
108
749
9936
16802
5544
13188
12168
4318
7886
7388
17067
263
7625
2504
13812
395
8224
13899
3969
3688
15663
58
7458
9176
10243
3606
947
6681
1157
16342
11492
860
14688
9962
15139
10408
3992
5378
3228
5441
15575
9294
9018
2557
4134
13559
11846
5918
2216
8558
5261
15525
3493
14464
7200
9540
15362
6895
13081
13198
15773
5781
13163
14085
10598
11931
10341
16318
7761
17501
9768
2002
902
15348
16597
347
3210
15771
14088
9874
16703
15558
7405
378
6863
16371
115
242
15253
8488
9311
1672
6080
3602
5028
9123
15721
17736
7380
8173
15441
6181
6486
15253
15993
3991
8712
6310
1306
2018
6656
9751
12366
8108
16666
3507
5790
7690
13511
6462
16246
13855
12450
5968
15938
17511
13988
16510
16330
17438
12306
7705
16696
12510
8441
5319
6753
5587
15004
16573
4558
6704
1823
7864
13756
1906
8981
11162
8469
7428
3386
8984
1305
5782
17297
13594
8859
5545
4085
5916
11180
2401
12112
1637
15547
14240
283
16012
14098
5910
1344
3337
2261
11541
4585
6043
1263
10388
486
603
12039
7474
3352
9459
12271
17689
12502
12313
4491
16821
13216
8798
3632
5545
11680
2499
611
1101
9219
16877
1263
7918
8815
16308
13675
3805
17860
3496
15492
7575
11522
2389
8011
2963
3891
11793
6204
1420
5644
12120
15341
14243
3999
9570
17562
494
1583
8318
3977
16294
6007
6060
1228
1329
16626
15661
2698
7129
7314
12171
5133
14789
4057
11529
17295
10354
14356
10050
10537
5600
4458
8366
298
10930
16773
14588
3439
2693
5718
13004
12781
8093
9153
17746
14219
11608
12188
11127
395
12758
16718
9661
12822
704
3483
14484
12867
8161
9590
6521
3582
4205
780
11788
13346
3915
8357
16843
6839
6201
15517
4456
16018
13363
4507
15119
884
9278
3750
1526
8665
11716
10973
9583
17492
15891
11831
16851
7898
13165
4224
3690
7166
17125
3256
10859
6636
15852
4677
14551
140
14553
4846
11932
17568
11428
2506
16683
12339
8985
13415
1684
12100
10369
15030
15472
14141
862
12282
16243
13804
927
8951
4387
11489
11089
7849
17035
14780
10783
14738
8612
9682
1271
12027
14421
4308
15365
10494
11829
14952
6903
3752
12390
2402
11994
6680
11370
16353
12741
17081
9588
5926
14965
17813
16582
17458
5373
3475
5036
15167
1603
1298
4204
736
2282
16322
2032
1670
5155
16445
11333
355
5087
4248
1204
14391
6010
16359
6504
5067
7996
12927
651
2280
9784
7515
13074
9916
15976
10474
6330
2253
12439
15614
258
8957
11459
5498
7416
9007
11348
2325
12041
8283
16735
14598
9368
10708
16198
995
3311
16334
9564
4248
5305
7734
4316
13512
12231
9912
4618
4360
17406
5473
15875
669
12546
5927
15841
3090
4347
5677
3999
15854
12234
4492
9712
17252
17299
2566
17790
11545
13277
11156
4771
10724
15403
6393
6352
14322
15614
9348
10237
7891
2276
16288
3334
1951
17510
16081
17250
12319
6444
16840
6885
6217
16196
9659
11920
13590
2052
9408
12143
48
17605
5387
9437
12863
5098
12293
2908
4658
6612
1128
12174
858
17121
15369
7281
13515
9904
11183
3220
5782
13214
11536
14827
9744
9928
12668
7977
3166
14768
17426
14643
5809
14291
15632
2739
5112
12501
9655
16128
11748
8595
16881
15026
13748
13049
16248
13120
966
16597
5516
14598
7065
13748
16958
16697
4702
14503
2199
12886
15284
4987
451
7663
2744
6714
15666
11921
5894
9320
6114
9695
16184
2156
13793
5327
8319
6336
16867
3414
14534
7967
9680
11348
7951
15345
3299
13504
3372
2885
2434
1539
5877
12919
7197
12984
6334
7032
821
3703
3186
2455
53
398
10826
6449
8578
10426
5512
9064
1749
9778
13930
17124
6049
3711
9754
16544
14050
9168
5947
2077
4166
7158
1444
15282
17318
6842
2229
17462
17728
13147
15130
10787
6518
9821
13427
9653
17081
10480
12705
6291
12037
8378
12417
9414
10145
4981
11388
8547
13484
437
12459
7395
7481
7437
7378
186
7352
390
3229
17251
1328
9761
7630
10074
6465
17181
10898
15203
5920
16907
13953
12200
3637
4242
4605
12060
8929
9759
8385
7619
17528
3543
5565
1178
11936
2959
67
15572
2176
12576
5713
8488
17005
11593
9576
14030
10082
10190
4921
15045
1156
17465
7229
17060
6046
8222
2169
7549
78
392
10813
3454
9896
9344
8701
5961
10296
14738
6895
12503
16877
12525
10878
5934
13627
12236
11506
2297
11726
5277
6635
12113
5385
4536
1326
4159
10983
10185
16701
14911
12231
16286
16395
2897
14309
9374
13126
11401
13880
3184
103
16242
17419
13879
10767
15349
1987
13641
16038
2318
1088
54
15325
13990
3618
1660
6166
2472
1019
13917
16292
4457
9215
5264
15989
11883
15411
11335
4962
6788
6288
1663
14214
726
4267
8618
3316
15541
4245
16023
13347
15299
13740
4231
6680
9264
5270
12792
7557
12650
2182
6924
631
8746
5652
3634
11105
15504
12202
9611
7637
3553
3775
11903
3869
8706
1513
8674
15235
4906
1630
9578
2741
11541
15397
6226
11218
8940
11491
4928
599
7773
12376
6007
10069
10098
14645
862
8034
11344
16298
11775
3387
11014
7150
12706
862
5693
10646
7800
8353
3379
17647
6935
17825
4475
13050
13161
9144
3261
10939
13835
245
2066
17536
17525
13104
17210
4631
16589
11372
9448
5421
13729
6191
5773
14375
5986
16022
637
2240
10996
15063
13580
385
6747
6538
11483
6687
11145
3227
2842
3749
5453
2074
2765
10485
3122
5763
15537
10002
17270
11816
17079
3195
12739
15555
8739
10452
3789
3983
16012
12736
6365
4421
3709
11354
2742
9996
8072
13963
5301
12662
17524
9814
252
8521
12234
9103
11584
11400
3245
9319
13102
15300
15620
13589
6079
7187
6085
13457
16946
11997
5040
1928
17038
3656
4715
5322
5648
13394
15786
1596
2064
15630
2442
8111
9033
6605
14718
14846
10204
5839
11328
16264
9142
13976
4431
16569
13629
4673
2877
3602
13270
2694
17065
3438
9734
647
16680
9455
17283
1380
9644
9149
977
7082
15007
6654
5050
16138
2324
6584
10909
13087
13671
12675
5692
12539
3600
7901
6780
11182
10443
599
12033
12847
16792
10569
6835
4661
16386
4039
1403
1457
4278
11534
8614
13972
12231
5508
12572
11169
12151
17777
7841
13479
824
14597
11191
1106
4641
14213
2808
8482
9213
4847
2564
10295
6068
2635
15723
17046
16564
8220
8521
10621
6654
530
2031
6852
6484
2966
7640
9413
664
3828
13831
17677
11296
9681
14529
16445
10047
2249
5193
14697
185
1306
10108
7494
6288
528
13943
6807
8348
9340
12238
5000
9654
565
12262
11781
5367
3487
5574
5233
881
10939
5386
16211
2090
697
9528
5123
12064
13877
2360
673
1333
17317
11661
11001
17391
13676
13780
2474
2203
828
17791
8071
14622
10861
15177
16018
10206
14876
7950
5963
683
17463
7466
16077
5778
12865
13221
5755
9740
6552
14422
5047
247
16527
4448
4669
899
1069
6304
7888
11646
12544
4676
3785
8530
16589
16271
11128
7487
10422
4219
11341
17784
9645
17505
3582
17703
7497
17346
16775
16591
16595
15073
15125
3993
10488
6496
6810
9875
5560
1000
12332
14411
5813
7088
13364
14469
1551
2316
3484
8976
8589
3784
9429
648
6651
1457
12127
11672
12656
10179
9428
12001
14499
14642
4425
4290
7882
9275
12222
12184
6862
13530
9305
16264
9552
15010
1142
12094
16583
2821
2759
6761
12725
9825
17107
9496
4602
8632
17701
4911
7793
17537
15244
8032
1379
10614
9473
4706
17098
8730
8823
4886
17437
10512
7829
10361
14660
4864
8048
14545
14095
671
139
4434
10347
5051
13479
14482
6994
9497
7438
10071
2261
7875
13173
3809
14531
14392
5635
10629
8583
5844
7304
9378
9428
14615
13756
7154
15052
10985
10765
11201
9247
4495
1120
5229
8663
14678
9914
4186
3950
3454
2406
1529
5030
9682
3098
9000
7802
1647
1047
7557
4757
6039
5114
12249
9362
1275
1787
8136
8652
908
1055
7256
4700
1550
17312
17717
7401
5934
2990
17320
2168
8617
90
12223
16235
12704
1725
5244
3144
5723
1052
8766
7701
5530
13
2822
12570
2314
4783
14180
13654
12049
1912
12919
17576
16764
15865
15135
12380
4798
4966
757
1070
16825
1541
15116
16055
17399
10839
8353
12914
4374
1501
13714
10500
12453
10907
12221
11336
3488
11006
12497
7094
2282
7146
818
5257
4646
14409
12099
4277
15630
8275
17158
8972
11774
154
4366
8026
11369
2961
9716
13327
1581
4486
4667
4002
5955
5682
11464
11952
14856
12378
920
6924
2225
2495
4032
13262
11528
10491
254
10417
6199
10959
13618
17809
4573
17418
295
12680
5730
6780
5901
5375
1520
6127
15301
2021
11262
13084
11735
14399
4710
6104
12061
6931
6201
16126
12778
6268
16569
14853
14545
4261
6085
12772
3926
13636
2529
1916
10837
5063
13015
1646
14825
4843
8932
1335
2678
16248
9350
9302
13494
12601
14649
767
7259
12411
5097
11358
1175
12069
9597
2492
3296
11793
14977
15976
5105
5001
14900
935
156
15441
1935
1131
8844
14392
1263
3359
3789
2571
5206
16252
17306
7210
372
14108
12678
9813
10087
8701
3769
11152
9930
8185
3426
16994
9751
13960
7049
9843
12662
8994
6402
9945
532
7288
15788
4134
884
6052
5213
3565
6646
7840
16647
7944
6411
15123
9981
15158
15733
1415
6608
2124
13511
10945
17182
11884
6140
8519
13354
1842
13970
2637
9367
15826
6770
16527
1131
759
12241
14489
2903
9822
2202
8891
5383
7795
10066
5802
4272
2398
1483
12117
393
6993
14531
7916
10850
9760
12068
725
16822
13234
1871
10160
1312
15477
6593
13485
8864
17311
3734
6847
16119
4950
13166
16108
10127
14558
12268
4647
1871
16301
3660
8513
16196
16351
77
8783
1266
1313
8982
581
16086
12705
10056
7378
15091
17863
15417
2196
14227
4417
16599
6228
11928
7390
10964
2533
5005
17181
4526
10187
13090
15257
6413
9294
9927
16971
8585
6821
11112
12390
4945
14766
15984
6875
9061
16121
8331
3916
13432
7192
9226
11683
16877
3765
6343
240
14881
12951
16306
7559
3942
4588
16305
17319
7192
11062
7403
13611
1991
15604
14441
8234
682
15497
13820
7896
16549
12911
9983
14667
7097
10263
144
11573
12503
13373
1785
5954
7237
13391
17388
12044
6232
12571
13622
17093
6377
3133
12348
15912
8524
11414
4469
1948
10603
4612
11867
1587
2174
6371
1495
1519
12035
1597
11724
16676
4509
5323
11791
1437
3266
14588
13834
7371
2119
5111
11169
11053
12520
2693
6377
10692
1808
709
9778
10640
10056
12742
3328
6127
3973
17803
7246
9720
9966
2153
12193
1476
170
1964
1411
4658
3200
6263
12837
15528
10554
603
15805
12337
12898
15488
4969
16428
8630
7017
2692
17252
17798
11821
13405
3105
16427
4613
7768
15055
8687
17526
14542
5128
16478
2477
12592
7187
15170
10248
6302
4563
6464
15140
3669
5713
16804
9703
14407
415
5621
17072
2455
11330
2780
11176
12965
10413
10350
10086
14872
6342
3848
8097
16708
7932
11194
4003
7865
11252
17023
2076
3936
9648
11131
5115
16987
13363
3162
10457
5719
16205
15637
2024
6604
13812
13453
17781
15460
13944
10845
17581
17747
15011
6437
5866
1120
16569
14626
10995
11920
5705
686
11723
16050
6986
11267
746
4690
11605
15960
4619
3331
2113
6390
7999
13554
6212
7711
6589
2099
1720
378
4559
13273
10284
6207
14057
12873
17483
14098
17685
6068
17705
13725
5203
2434
6157
2030
5299
9405
1607
11033
1336
6395
8097
12367
623
17612
14339
14956
13729
1095
8617
8896
11297
17055
15152
15983
11262
3315
5691
7837
16684
10875
15637
17896
542
12078
13891
4980
4863
13533
981
223
11986
15416
236
15353
4239
6806
6393
3749
15133
16612
17369
16721
6304
14535
6309
11943
13699
8483
14879
10114
5193
4475
17810
6932
4635
12614
5420
6849
11905
2020
10580
7234
4388
4371
6035
17759
4966
7019
3384
3278
12848
12149
6986
2911
12235
14326
8000
1247
2015
13545
7382
14460
3706
13503
13255
11639
8192
3678
12383
10094
16120
17225
7501
11386
3829
17477
15852
1884
13474
17276
8489
2520
12824
6941
213
3286
8692
5554
6223
524
15238
4905
9828
1381
3378
15961
6628
5463
1891
2630
8524
3672
17859
7304
12895
5544
4051
14802
12408
8440
9686
12307
11291
17397
5775
12344
9816
14099
3893
11206
10634
12042
12413
3580
9901
17655
6436
17443
16956
4596
3776
13091
807
16576
13967
1823
5010
17049
13195
12069
5933
7294
15577
14614
15421
7450
1711
3828
7911
10337
14992
10972
9202
3601
13289
2931
11144
17804
16731
5730
16511
8086
9900
15319
977
8563
16473
9706
9831
4746
8864
4176
5124
12247
15139
7792
8851
2695
1773
16146
11933
15633
5222
8832
4610
9015
14932
10532
16787
17627
16614
7996
17407
6293
4710
9577
12917
14962
7595
6089
12022
9120
4954
17630
14929
9930
2513
17884
12416
4017
16994
10652
17565
14935
11180
6171
9038
13338
6685
15680
7922
5572
16842
951
1420
5056
17865
13331
17388
5548
1344
16090
14356
14728
7293
16513
15090
14084
11711
10703
3583
17745
2236
1194
6854
9792
10223
3021
3776
4885
5624
11504
2937
12274
3133
6647
9104
7519
10230
5565
13184
7783
5845
14148
70
11965
13480
8313
1985
9967
2290
5810
6376
332
575
11446
13895
7457
14177
5929
958
4617
8749
1433
10230
2406
14493
14953
12120
6491
10931
17704
14711
8682
555
8300
14980
478
7232
11617
2009
9682
627
6377
7262
74
3034
15987
10453
12463
16540
5360
7280
14536
10421
16069
13712
10963
5370
15753
7953
10315
1748
314
2711
15931
4549
3415
17814
6834
13687
1796
7518
12607
2536
10322
3113
5280
15931
826
12045
15836
12603
8365
15485
9599
17151
7191
5120
9048
10710
15263
5720
17281
10815
12778
15138
5329
1646
169
14788
13320
2484
12863
1092
12197
8809
6652
2083
7849
14427
8470
1729
15637
10579
7279
10003
9302
1386
264
13200
8029
9803
9301
10112
2051
8998
7022
15516
5266
11183
5193
13609
7006
9658
4068
8281
10997
6266
1002
3781
7014
15499
12872
5276
1824
13225
10668
14131
229
9206
10668
17402
9958
2448
16724
6393
17805
6994
11149
256
5397
17236
1387
14991
1810
935
13236
14910
15911
3097
17221
6480
10973
13572
5708
10441
7053
11421
5954
3246
17652
13163
12657
16642
1776
12718
16543
3817
8048
11138
7934
7930
6917
11370
2022
12857
4193
6382
5494
10059
10333
6363
10364
5067
7779
16337
4915
55
8457
2601
14589
6951
16540
6167
9100
7809
1635
16392
1410
14142
8259
12587
15462
1555
8881
13631
12379
2139
12303
6049
6380
8953
5525
15908
1717
11104
3286
9324
9049
9913
11984
17807
16405
656
16082
9531
13665
4015
15947
8752
13667
13757
110
17791
13621
12562
10056
11615
11242
2272
10192
15854
7957
316
10179
8131
2093
7667
15800
17682
17698
13083
3290
6734
8156
15832
8321
14583
10930
2792
13854
6350
16001
15871
12845
3359
7116
8464
13383
8061
11443
3825
12876
2812
16450
3200
10507
13350
9894
15829
9692
17114
9110
12572
16415
5804
13653
7131
4802
15872
5612
8022
17343
13072
693
15714
14479
12136
8048
3318
11124
8065
17517
1122
12361
7209
7134
8694
621
14410
5841
16978
2524
5163
4513
9723
777
15523
9946
10434
15890
3743
182
9281
15367
12142
5442
13051
5068
12126
9228
5652
183
15852
4134
9157
14270
9240
11420
5376
17042
3121
4483
16437
9674
13235
3040
4589
2278
13364
8544
15444
9243
4957
2442
13749
4993
17727
17146
13197
6403
3981
10635
16472
16990
9836
6956
4575
8198
9514
2267
11714
9354
15094
4316
3231
2681
9815
7164
14950
7048
4932
1601
16559
15637
13121
1446
17236
12856
6819
9262
10098
8110
1655
6947
2216
3228
12806
14492
8072
1535
5833
5484
3665
549
706
17513
2567
2522
1036
16445
9286
2681
2652
17895
13824
14599
12228
15475
12524
4747
3362
8976
3833
13983
14860
14682
12454
1617
1060
6286
9866
5965
8451
3270
12199
2642
1733
3689
7634
16857
17439
10758
13748
3114
1875
14574
1341
14399
10888
8035
295
10960
13763
16981
8892
4541
12998
3425
15758
8455
9106
13507
14903
3255
2846
8282
15708
10803
11231
4552
1185
489
4029
12564
6507
6418
17326
4567
13266
10253
962
16673
7748
2566
7293
4945
8154
9673
10894
15987
126
4532
4971
567
10191
9613
13742
17537
13758
16602
5330
2515
12090
1651
8573
10048
8373
9619
16789
7864
7479
14272
17296
759
3676
13057
1294
13451
6807
6239
14452
6424
358
13072
7524
16838
16594
8036
4057
13532
9666
5219
15315
3216
8479
16721
17290
11644
1345
1927
4650
9203
304
506
10458
643
2865
14753
9959
11292
6001
10142
14805
464
10848
8688
1345
10884
17642
2901
4706
13458
1640
12413
2438
11517
8010
1112
8837
12568
4948
7129
15202
13076
8682
2716
1431
12341
11295
1772
3877
7732
2419
16019
17546
13002
11233
3729
2543
173
8069
6168
16199
10135
13721
7634
111
5022
5084
17543
12508
3147
7996
6815
1627
11503
15614
5726
373
600
4226
13545
11151
10726
11876
10845
13638
4274
10934
9488
2771
3225
1037
1047
2236
3997
11175
7510
9288
4700
11331
15653
6624
2008
15938
3053
15424
326
17597
7163
10821
8288
13956
16215
1366
16509
2565
15088
12699
2909
6116
5592
16513
16210
12805
17284
15236
5372
11685
15620
15778
4699
91
10370
278
7192
16064
3326
3026
7283
5604
4727
2212
3990
13571
4870
17850
631
2574
5673
4652
6260
16763
15520
15025
6154
5663
12389
3601
16786
10264
4468
7637
1168
3579
2777
3875
7737
3060
15304
5384
7063
15886
1996
1040
2635
14138
7204
14523
10492
6968
17683
9057
8283
4956
17490
4434
1195
9561
7882
1741
8940
1231
6049
14779
11882
1964
16406
10502
331
9730
4291
6634
6934
14279
13722
6572
5164
3001
3882
17752
5241
15902
2884
9448
5434
1290
8431
12233
13047
5646
15
1651
16755
16786
16776
12202
6089
2284
16053
447
5959
6532
8056
2319
5070
10651
15925
2252
2873
4834
17094
12855
1381
175
11011
13113
9208
10675
5373
2102
6065
4327
17288
5034
16741
11731
3881
2680
11329
10750
6181
17561
3224
3833
9169
5168
8942
1756
7295
270
9417
5063
6162
1148
5342
13781
3517
613
11400
12731
7665
8401
14823
4594
2770
12189
12580
7378
15416
8649
4490
14002
7256
962
2944
1052
15391
8860
13612
10227
8888
15077
3282
4565
4706
14200
3513
10666
10773
13156
1674
7738
3687
3737
15676
17291
5708
8067
544
4609
12161
8973
6514
6750
14237
6122
5702
5870
8475
11756
716
14027
10598
916
8911
4160
6638
13590
12561
5016
9400
12232
3216
12777
1472
7946
11057
10357
1026
15125
17359
4181
2854
8723
9360
10104
16612
6894
5066
13619
5269
7209
10454
6962
6006
10462
14166
3779
5672
2172
6642
5391
12286
3682
2988
8274
11848
12645
1221
10133
10428
2462
1709
15535
3051
17479
8786
610
8545
5966
10575
14136
17304
2525
16324
15871
10346
14264
8859
3342
13742
11774
9554
5779
6401
12492
2933
8951
8032
996
521
9184
1479
16806
3231
14028
565
647
10256
7432
5996
12306
17352
12729
16914
3555
10491
817
17843
12561
7063
16677
11146
7365
6835
4227
4371
14042
1594
10687
1786
15646
17397
269
2662
7605
16669
6881
11421
16665
3753
14847
2920
285
12849
883
2121
3074
6890
17159
1461
10839
363
9774
881
594
16291
12012
2442
12620
11422
12482
4641
5678
6530
7893
12844
1708
4661
13226
12411
13599
4747
9381
14320
12644
8979
15626
10110
17407
5698
509
12665
1672
8616
4699
13636
1775
13295
8288
1449
8748
12446
5196
12098
1065
8516
5767
10461
7826
7461
16317
17862
15324
10043
15650
9536
3371
5057
8306
12748
14371
160
16549
7676
17049
9895
3751
11073
15036
3115
3851
16030
5006
4389
4774
15789
4919
3118
11002
16926
9744
14753
8419
524
16093
5135
4
2617
1556
16250
17309
6345
2332
4222
8075
13246
10602
7729
13203
8544
8571
7484
6527
12877
13684
7774
2622
12837
15512
6473
3412
5952
3778
266
12246
917
6327
17806
8711
4008
13955
2122
17173
4696
16743
1667
8467
10602
9298
4210
9111
4629
5852
12127
4961
11833
12278
2605
11149
3411
12677
67
711
13976
5608
8216
14263
10333
1486
12583
3223
997
15980
10565
4183
17360
5293
14399
5843
2450
15729
14211
11123
1703
6351
14326
1074
10527
76
17013
6861
11154
2765
11629
633
12563
14398
3252
5332
14325
1195
9699
16511
6335
3657
9643
8539
830
11789
4882
3046
14887
15185
12438
383
2834
863
1619
11330
12685
1791
3932
5891
5934
5880
5141
8053
6462
11510
12853
16867
15262
4870
9438
3223
15031
3810
1168
4640
5405
7753
678
6424
14584
14869
12146
4706
12512
8225
2656
15918
10007
2284
6515
13728
3247
16082
15978
4421
13336
13490
15845
17238
16262
13176
17666
8312
4374
5328
13580
15241
16782
13763
7256
9944
15488
14572
5377
16288
16846
6715
17304
7558
10896
15679
9162
16075
12145
14238
1186
16937
15793
16056
17160
13383
16278
81
14257
4370
11945
14726
13557
14937
4317
5221
5743
8564
4034
10599
15739
5844
2456
1565
12715
7211
16419
10775
3154
13182
7845
6665
15949
17563
12817
10494
16830
6220
2186
10527
6599
4937
1723
6945
4506
12788
3572
4359
1160
10217
9410
7366
4422
7198
15766
5420
4152
8996
11142
70
15115
4655
12630
152
3053
3383
4979
14688
7166
10019
1656
5849
5305
10358
5709
15723
4306
4999
8189
17686
14671
9308
7355
14531
10366
10442
17086
1037
3619
3142
3693
10165
2298
14910
6398
15033
9501
11378
4287
7493
10398
496
1676
8983
14751
2306
17873
14454
13622
5460
9466
8921
13961
1138
8496
6170
13536
4735
7546
2699
5876
9685
7522
4330
4010
9293
9165
1278
5202
13476
10493
14124
10765
11428
4136
4522
13869
17092
11763
17100
17455
9662
15369
17450
8731
16047
2466
21
6030
7046
8029
10492
11661
2911
3355
9943
4484
8840
9337
4574
1410
15461
3240
15148
17607
13663
11820
11443
16215
13674
15600
11566
2172
7188
11555
9746
11525
15334
1241
14164
5215
14918
7564
15824
8953
16154
8106
15798
7601
8329
9340
2807
229
2438
7606
8469
8707
11198
3633
14725
9075
15372
7024
12192
11178
3160
7455
13466
2014
15956
17270
6509
2144
3228
13310
17564
16513
7752
17683
9771
1611
3522
6243
210
9139
9383
9510
1707
14699
16922
3689
16602
15798
5476
2706
6538
2683
7719
3657
7509
6427
502
2925
16196
9787
16372
17057
439
8387
10960
17449
5620
13694
17631
3509
10588
6750
255
522
4399
13175
15178
1907
10165
9303
2830
16992
15013
10462
7096
4434
3197
9803
17708
11394
16615
8124
9191
15700
6846
15750
5426
15613
7107
7933
12742
3031
11354
11933
5541
5534
14497
10606
8970
16802
10725
12100
2733
13275
6460
6914
1733
11899
16
2457
15959
2546
5031
3605
10443
1329
13425
13153
3558
8449
1515
2283
8135
6928
12778
12122
17254
16349
13813
2763
13244
13843
3001
5013
15849
7693
16187
6567
16701
1023
1442
1905
10898
8616
10992
8589
8056
9857
380
7189
13682
17444
2934
12500
13484
13011
5736
7943
10876
13210
15933
6736
6608
3926
1039
11974
11252
1015
3814
4325
17195
8894
13621
16936
10401
14734
13691
17358
575
17133
9452
6706
6061
3964
5587
10348
14801
2266
2991
9002
2609
132
13002
17394
688
3091
453
11568
14487
5306
2789
7999
1515
12965
5715
9100
13832
9529
13611
6818
8458
4490
287
12946
7942
12105
4162
10584
12171
63
13683
3784
11700
110
12377
16136
16129
11923
9213
3793
5563
1321
11288
6671
12434
10101
4317
16951
10869
15920
8707
3081
9440
13888
5746
6031
9643
5726
13337
12353
1196
17080
15940
5593
3709
8190
2672
2364
6385
13196
16924
4326
7465
10124
1620
11181
8063
11929
7281
14511
1719
2285
8319
10180
12128
5445
9620
14859
16425
5753
12946
12413
17137
13729
4421
4197
7840
3488
2191
15164
3705
16693
15582
7435
8199
17818
3153
8323
2176
4378
13058
17328
12715
16211
8603
6369
3542
10162
1883
17897
15436
16639
10324
10446
3374
12375
1007
2848
10659
14319
10852
13269
5525
8394
10583
7256
9808
17154
8495
2786
10983
3773
298
17130
4812
3338
507
10766
6921
6504
3370
16766
5525
16010
10143
13597
14524
1550
7200
12572
12232
16565
8188
15397
12407
9782
1813
11792
7500
3757
755
8858
3443
9440
5273
13529
313
9354
7007
10671
6703
17366
16949
7390
3254
471
11985
8619
3284
11654
11032
7785
9978
4554
4706
9316
425
5292
6687
8209
10798
7719
5034
14929
9882
15485
14090
4051
6906
15915
2158
13783
3700
683
13930
6749
16834
746
8946
2273
13608
3355
3927
9795
4903
10745
5650
14051
1764
17288
7799
14202
2292
1686
5747
1505
12310
13879
7625
17685
356
11466
1008
9143
2617
8494
710
5078
10343
14548
4346
437
9021
15732
14550
14046
3519
15805
2650
10567
6218
10742
3574
6256
3712
1310
8730
571
1601
5548
15483
8048
12756
4489
1844
17198
16047
14593
12747
11937
16664
1692
1923
8594
12427
5172
5706
8584
5038
9825
4695
8148
12418
6349
1601
120
14719
9865
9136
5830
12227
490
368
11889
15716
12810
2404
14377
6693
3615
14027
6774
16848
8802
17327
9427
4454
10498
12597
3579
12034
16144
16197
4760
5691
67
1520
5475
938
4985
14455
4122
9178
14923
3546
13164
5953
14611
10003
11837
11636
14748
8067
7369
11738
855
10589
9354
10443
13843
14371
10202
13985
6564
16340
14788
8798
14300
13640
6503
9408
3998
15111
4351
16194
7816
2836
14524
6639
8438
12232
17388
6876
2219
4333
2626
13590
384
7473
7628
751
3677
6785
14485
4905
2153
14041
7313
4259
16229
9266
9493
16256
4203
12901
787
14767
3578
6148
4139
362
91
16949
2977
3844
5730
363
11195
16702
8533
10864
6488
1541
7684
10150
16023
14154
8293
15040
1041
251
7045
13707
16429
7692
7357
2368
9977
15349
5243
3921
9454
12642
7461
1661
5746
10328
5148
14621
13741
17350
14845
3907
5481
6794
6172
7706
12025
6259
1523
13047
6843
1771
14618
8740
13785
8686
123
6352
632
6372
11406
5652
4891
6515
8482
12734
2081
1199
10219
9291
3733
14421
5063
15424
15532
189
10612
10383
3530
7737
3457
9857
16857
5943
11230
15600
15685
5770
5788
3380
5222
5526
4747
9670
1808
4853
9607
10814
1766
4571
7150
9794
15181
12006
4599
12113
6718
723
9969
16876
15379
10416
15301
11172
2740
14152
5436
1993
10291
15500
11682
8548
7928
12332
14596
4941
15792
6510
13513
1609
2130
5283
4763
16211
651
10760
4610
4578
4742
5514
879
16309
3235
4814
7965
3368
8913
2183
9933
4187
13848
12711
14295
3694
817
14663
16436
2244
12366
1401
8215
4849
5330
6966
15640
17285
1625
2227
542
6817
8941
1496
12278
9573
16796
2350
521
8588
13415
13762
5956
1515
5446
9211
11751
6756
4196
9761
10438
13738
6492
13712
11499
12555
12231
4068
17370
10320
16606
12743
9546
15932
7005
10726
5402
2100
5003
14977
10647
6119
15345
6839
4850
15422
10300
16293
7769
10759
9317
7396
11348
12448
5409
13120
12240
2794
12553
16147
17210
14673
17880
13759
10303
507
2104
8313
11903
5550
11453
12314
17515
9775
16508
7056
8692
16773
15890
12189
735
279
8073
14182
7289
15134
4610
7075
17537
16879
1541
10846
12672
12910
14125
6297
16773
5142
4112
10608
671
5707
15248
1324
9263
15130
12588
6031
10014
10815
10696
10223
8330
13512
7758
4481
3397
4930
10257
10311
12843
3880
10702
8791
10953
15117
2567
8897
6795
4240
4364
16148
11707
17280
14361
1959
7761
17347
14359
12200
7001
2359
812
6002
16200
2562
381
12137
10429
13468
425
16589
17109
14037
9883
9289
3193
6886
2208
8366
12357
5896
16889
4913
16759
14920
7902
15537
12563
317
6790
10824
5105
6385
11981
1034
7572
12692
11266
12071
9181
9453
4424
7449
16595
3708
11745
6428
2791
6379
11267
2994
5778
3570
12242
10971
10880
17154
6428
1022
5448
4528
8899
10213
8235
9513
6873
14336
4332
14151
14502
995
1297
14860
16042
10165
3213
15015
14852
14580
17579
3431
14689
16547
2538
15844
17078
17090
17657
8032
12807
11240
9584
2628
1400
12814
16135
14548
3371
4771
15213
4573
4725
8920
12405
16067
11059
4536
6937
12301
1094
9575
8
17616
14949
10305
1221
5272
3443
4621
11725
13778
1438
2301
10241
9855
496
1494
6172
3007
17542
5784
3475
3134
8384
17829
6138
7343
13764
959
6099
12800
8081
4425
15147
8437
3689
131
17287
3354
14627
1245
7756
14659
26
15340
684
4021
12328
8357
15454
1858
7909
1108
9224
1485
1127
11615
2584
8609
9544
17671
12453
2031
8874
10195
4270
3045
9518
8101
418
6433
11134
776
4837
14881
2040
4767
5110
17810
6120
10284
8405
8885
14048
207
11269
4637
7841
10864
15873
12612
2490
1608
12417
1171
12521
1202
12112
465
5954
5828
10241
3644
5370
4356
8872
11740
12391
1258
6462
132
11450
13071
12873
13938
12204
8171
3998
15169
10528
10041
11068
13345
9764
16565
13573
15450
13214
3410
7280
15639
12110
16860
6713
7316
4122
470
5963
8117
14414
2938
12263
4631
16811
11976
2575
6500
549
3354
1819
8496
1074
3741
635
15040
6233
9382
3535
13687
2377
5066
1182
800
7323
11305
11224
9157
10195
12244
597
13925
1705
14435
13128
12985
2201
5221
9247
17769
1321
1822
10226
12665
2179
16376
12653
6041
14291
2548
6661
4722
15289
352
16792
12906
2244
16807
14123
2827
7025
16891
2050
2109
15984
12763
9947
15798
13657
6011
17439
120
2793
12458
13822
7435
7403
6127
2326
5557
14395
15649
14931
8720
7682
8754
5007
9083
12107
3214
442
10321
4428
11167
9674
5057
762
1238
3689
14263
17822
14534
8004
488
1636
2760
4745
14572
6832
13153
14205
9177
16993
17420
4500
14848
4769
5588
1223
6040
6421
8101
17500
7324
2396
15903
5760
2926
13747
2422
11968
12471
17518
12887
4629
8349
11792
17003
3671
12531
9771
3700
6357
2194
14720
2116
9629
3094
14912
15785
14795
7822
2587
2024
5090
16783
7061
13244
12608
15137
1730
924
12655
15914
8993
15016
3554
10356
17119
6804
15060
6555
7836
4746
12445
5274
11909
1473
3918
8134
15896
13541
17043
6368
16570
8837
1501
8209
6143
12029
16113
16979
6541
16552
7621
5350
7292
17839
10915
16199
3208
7287
4648
17361
3323
5258
8039
10368
12639
8026
17288
15558
17690
1276
3570
3479
16178
6309
6115
9697
1966
2280
5920
2780
15902
13934
9283
13005
10535
11621
1002
5015
15445
12290
10185
11509
14833
16972
3957
1854
12473
15020
531
12335
11217
17155
3021
14205
16508
9177
8923
4302
3019
59
12196
9367
1571
14262
11268
6561
4200
5456
15118
1956
1531
4494
12818
12685
7912
510
10900
3776
7293
5260
7899
4229
9335
12215
14240
373
12447
15895
2646
14242
11865
3968
5052
10025
7753
8142
407
5758
6221
14250
14222
2527
11730
15032
5624
10204
7618
8843
1532
5334
7444
13103
12465
1995
9987
5459
6136
7165
16243
16566
5890
8168
10066
12461
14435
12726
6284
6294
13102
8001
14917
15659
4115
11417
17293
15760
1765
6553
17736
3921
8367
3571
11973
10764
775
14565
11915
12183
12366
8829
1404
10888
13998
13849
8037
5732
14311
16487
13795
1362
10359
3774
11396
997
14741
10183
8127
7667
17539
1958
8056
11626
4676
10166
15560
13694
4471
12332
15601
10885
6343
12404
4145
2903
15794
9487
13605
17045
3065
431
1674
7167
5937
1903
5486
650
6246
4893
11012
7553
9679
17412
10472
4697
12738
2769
17125
13173
15543
16288
2954
9490
15832
10022
3816
377
11528
3944
7837
3451
16560
1516
2176
13984
10021
4785
165
10170
7755
326
8524
11886
14472
10044
10800
1563
807
10174
843
10319
14317
17185
6659
909
11040
2434
9326
2526
16611
6838
9355
11723
4887
7735
15274
6652
17889
13819
11483
1962
16339
17645
5443
15052
5449
12320
525
5244
9681
14201
7964
17154
5828
5106
12695
14102
9281
11937
703
16902
919
252
3472
9068
14398
8335
16082
8377
16042
4363
1799
8401
10581
5324
9744
17128
1151
2855
11902
9725
4812
17862
4037
8158
13569
17183
4050
9707
1876
16030
6818
10927
15734
9780
15580
15119
15190
2303
1039
9918
4460
2165
1928
6936
4380
13313
10814
4290
2425
17368
8829
10500
435
8657
16951
14917
16058
11091
14730
6271
799
15895
17344
15571
8713
8160
14949
213
581
9105
5085
4649
11733
5178
11001
7057
203
890
2734
10657
15459
16767
10409
2275
177
11866
17156
14385
11869
5624
12247
17371
3274
1016
7827
4634
14848
5562
15056
8446
10158
11725
16057
10153
6787
6941
16850
397
17503
5804
6256
4167
3904
7978
10070
6793
8845
4892
16967
5247
4300
9373
2729
17027
12371
2893
8614
14244
5816
12181
15382
15205
10355
441
16353
2527
13202
15427
11606
17746
7363
8337
944
4637
2956
16170
11589
77
13338
3476
15387
17831
6093
14665
8391
7284
1805
465
12193
2797
7760
7517
5479
13972
8483
15057
13729
11289
9748
241
13971
8718
5095
10888
3073
5946
2161
16969
16607
7054
5749
7368
1982
5011
4652
8058
13715
8050
13227
2365
2982
7434
3464
8250
4383
14418
12127
6350
9003
7753
9682
9944
16168
6018
8058
14715
1488
2313
8435
11178
14885
2832
6288
9422
4605
14472
12552
8557
16956
6040
223
16814
13031
6157
8407
7144
8989
3721
10496
8630
313
10339
9
5401
5464
17450
4078
17730
6893
3485
9760
11429
422
8030
4188
11052
713
3763
5271
6302
3844
5188
3956
5236
3707
15463
9667
8713
14227
15654
8674
6789
8571
8738
15541
15438
13704
8766
14451
1419
4532
633
14939
569
5152
1302
17672
4155
8080
4730
15090
1924
9941
5237
1561
4326
1746
4978
11232
16423
9161
5731
1477
7881
851
2420
5018
8261
10425
14864
13991
14922
8153
17138
2442
3747
11542
5160
7182
319
4934
16468
11356
5378
168
15201
17683
7454
813
2271
5040
8151
11604
167
336
7779
4996
2607
10850
8351
411
3536
17193
16358
448
1365
7966
8316
8841
1871
14699
3298
15692
14433
4517
12801
13842
242
8929
4837
3212
3757
14487
4939
1770
17574
10501
15244
321
10710
994
7958
1632
2192
8001
3642
7730
10037
8017
8094
8530
4132
14383
6367
5283
13568
6108
2285
8724
14132
443
2372
17147
12580
6215
6220
10052
14670
4964
14811
2950
5785
5841
16497
9815
14883
15112
9126
9857
10929
8595
11396
7595
3492
289
5843
17152
9097
4404
5649
8956
16896
8260
7977
377
12601
2140
5028
9934
3540
551
13982
1568
15967
7865
17799
11662
10858
4140
12530
5043
689
5494
11879
10974
195
13239
10430
12676
7450
3659
8450
1040
13913
4650
8718
10549
12488
3011
13919
6164
12095
8778
5688
15145
1891
14837
12188
1232
9033
1099
10667
14320
7774
4923
10923
10653
6465
12988
8478
11765
17888
2196
2358
7196
9432
7695
16968
1679
12323
11902
3895
10315
3802
16763
5955
9123
13474
9938
15494
10318
14911
15810
1149
16476
7954
2932
17263
14145
2222
11125
9005
400
9066
1837
15501
17363
16601
15025
9219
17275
16996
9707
7130
6998
16576
14955
4981
6841
185
14399
5998
4770
6418
8651
16453
9176
422
17092
14433
11542
16579
11312
14706
6148
9470
5823
2954
5863
7596
16419
15688
4757
2801
3847
12018
5766
11072
2912
15945
8010
11807
10794
11246
6253
14550
11314
7376
77
5269
630
4973
3358
16641
6260
8749
16589
5903
15544
2990
16264
15522
2712
13665
10040
8025
10962
426
574
16562
3919
9835
1518
16567
7231
5051
7449
15080
4656
4765
5670
9772
12582
17280
1142
4428
16851
2505
13899
5122
8425
12496
9072
12851
4442
11774
908
6933
2342
159
10700
1944
3871
5402
14314
7844
7704
13651
8568
5468
17176
104
9132
9302
5003
17774
6344
5732
13436
7478
7175
6131
2816
139
1726
13129
16271
4375
6348
15351
15423
8323
11783
7902
1956
15219
13152
11903
5234
9755
13503
11897
11904
9871
10918
2393
1816
3613
3050
4803
10792
17820
14486
11776
3857
2697
7623
6559
3765
5452
7292
11931
2392
12657
15742
13647
2814
5965
11644
17624
8905
14420
14794
3330
7077
123
3486
15291
15617
10474
13013
5786
17326
16570
14586
14976
2531
586
8998
16239
13518
7760
4404
16056
13756
11354
15115
14942
16544
10140
1248
11682
7313
3488
7467
5588
9053
7789
7288
4178
14963
1950
15795
11696
9385
2374
9050
3287
16980
11039
13785
6661
7842
8703
3196
5809
11960
11814
4543
7297
5735
8312
8054
4809
17164
6192
1371
1293
6889
13873
5278
13936
14704
15172
6648
3493
15873
8227
15125
1371
12334
7821
15289
3513
9438
1927
8203
9559
6779
14785
7214
2643
14591
17855
13718
9099
17662
7955
16050
13353
8049
6298
16936
5913
11992
9511
11399
6384
11756
11164
11496
12640
15116
16386
17284
11711
4691
16712
6834
2964
13837
16712
12193
7231
13093
7063
17085
7416
13195
7780
5972
10995
3706
11726
12087
12875
6531
10385
14979
4496
5668
1732
2587
15377
12329
3503
8841
9539
16471
6708
9404
7356
11228
3133
17456
5964
6693
3110
8602
13766
2256
13164
11815
12465
10181
15
13938
15917
11668
1717
13092
3659
14343
14892
6748
12375
10114
8395
1251
8241
17732
14656
15564
9643
17176
529
10607
16082
10662
7596
15987
15502
4960
2981
1135
13938
7645
9257
13041
14017
10667
2846
17818
240
13859
8163
3465
880
11782
12513
8401
5491
11630
10039
6552
13377
1247
11494
11987
6161
9455
14024
17518
11019
16457
14071
12789
6970
7509
1500
10979
5068
17864
7245
333
14458
907
17718
15028
14155
11519
6103
6664
10013
2449
1811
11630
2036
15343
4995
10692
10014
11634
11032
6242
11715
10572
11751
7448
2241
17130
4301
12969
10059
16949
14887
17146
1980
9982
11058
12663
15978
9922
6417
12010
2416
14005
7841
15470
16144
7922
318
599
2693
444
15494
6665
8570
1864
13171
2440
10302
1292
464
5174
10021
13303
10185
12062
10396
10585
13733
15789
11062
10421
5599
1233
17717
12586
16178
10764
14656
10120
17563
3388
11445
5948
4607
5099
3084
14930
10608
14656
17745
8686
11259
16605
7855
14673
15817
2911
8114
5957
16205
16738
39
12896
946
10058
3009
3185
10373
17188
6236
4929
8054
16515
13486
1236
8692
3704
10646
10180
4331
1185
8928
15116
7032
6701
11972
14163
6680
16318
10885
5366
17333
15475
12388
9869
8105
888
16480
247
419
2069
14786
7502
7995
586
10967
10855
12715
1006
14220
16244
6897
16755
13172
16696
6315
6263
402
6060
8784
1211
4100
4201
10574
1906
5376
9032
3987
13561
10000
16265
5506
4229
8190
12876
14548
17177
12119
13158
10398
8131
8824
10019
6001
12433
427
10072
12676
9626
4968
4302
5860
5223
677
11928
278
12622
1024
17651
14841
12976
15151
547
9911
2678
6521
11420
2820
11092
7606
11154
15964
10204
794
15474
17212
13457
593
7327
11520
12321
14473
12297
8659
2508
16001
1016
1615
11732
8408
3822
6939
17452
4521
16995
13697
5480
2227
17711
9643
13568
6311
1949
287
14606
16478
10324
9736
6572
2860
1034
5079
1150
12328
13085
1392
383
14981
4555
4171
8892
12243
6507
1755
4038
12071
4870
11587
15643
10286
12986
780
4172
10139
17732
13541
4671
5843
11525
11435
7960
15146
13930
2694
9498
7437
14571
11658
7513
16679
12548
8659
7214
4967
4485
15374
459
14600
15285
1488
16056
6683
46
4372
17541
17684
12423
8268
1999
15843
7707
262
14666
6996
1687
11160
17592
16818
8708
13496
9249
9154
17678
15250
9073
11002
15067
5280
13312
13223
7302
7656
17792
6780
10592
9564
6510
4333
1160
5287
9736
1860
5324
13586
6129
4685
13296
15192
7720
12205
4755
14362
15090
5029
15732
14800
14872
11118
9382
15418
8334
9056
16718
7787
17357
7893
12779
9131
1448
6
4252
10065
4908
3713
15589
17603
8515
8629
15804
6242
15312
15891
9897
13213
15501
5485
10559
7731
12266
8544
3384
17449
273
3903
14255
11193
13912
4550
4967
3522
12067
9076
10726
3368
1269
12710
1389
4263
16585
7264
13887
16632
3126
5330
8526
1686
13561
4008
507
8075
13001
2335
13373
1199
16700
5066
12016
4241
13207
9762
16867
7122
2118
12464
12243
3688
16858
3751
7501
14869
2801
5015
10014
6150
2359
9732
3416
3817
17423
11253
3089
3488
3383
3518
16319
9660
14895
2612
13610
7506
2031
1858
15782
2052
8614
6330
1304
14811
13675
17351
10274
14808
7586
11859
9729
604
4896
672
1859
16622
11272
1332
6965
6023
8542
750
2440
1510
15323
16521
15437
11887
7393
3031
10204
11448
386
12993
9766
4096
11604
8776
13546
12618
2509
14005
4896
9758
5658
11183
17376
14404
15774
8804
3321
14907
297
16646
3319
16031
17751
5806
6478
12806
5538
1769
10311
7413
15637
2196
9220
17497
3278
9206
2183
12625
15584
3829
2799
4670
6967
7898
3094
17611
12430
11828
9970
10054
14810
2020
15997
17526
6269
17418
1312
17807
4735
14571
5009
12263
4579
14378
1719
12098
241
14601
4658
8228
13281
7480
7876
5390
16456
4441
6228
5568
3225
13744
16201
8503
13093
911
9051
1607
3389
17607
17601
4963
16199
5414
4395
5216
12851
5633
9074
2691
9670
6559
2264
16468
4351
2078
15823
8847
246
3093
15626
13032
12357
15140
11274
13644
12166
4734
1968
3240
11949
5366
9469
5161
4657
7505
1889
4662
3684
16016
6399
537
14588
12644
11230
9431
919
11457
16439
9426
11828
16028
4216
17786
4453
9623
7762
14974
17385
16893
17323
1892
7560
10406
16423
4928
4219
11346
3395
1433
15186
522
8575
406
828
7061
4134
8588
14742
17417
5714
17745
7824
16764
17300
13926
10088
11946
10650
16662
2482
2604
2851
12021
8935
2922
12799
9757
1723
13925
5437
11759
16247
8265
12514
5183
2355
1491
14511
16112
4514
15043
13683
5925
15171
5598
363
12038
5872
16194
12749
4863
4774
14012
9291
16094
7781
15153
10381
8999
12379
8801
6336
11533
854
10701
8107
3846
4774
11434
14623
5961
655
9845
770
13673
12058
6021
1453
17875
3766
6769
13043
2386
7429
3834
1249
15422
3372
7846
12067
7294
6558
13344
4342
15742
15382
2797
16288
14484
12037
4638
6743
12158
3913
14523
12530
2521
12716
1486
14129
10262
5226
9267
15206
12178
15324
5547
14765
8604
13557
17250
1000
4915
13836
304
12668
3615
2239
5409
3953
14895
7119
1444
15837
13040
7922
4444
7220
16596
9688
4624
17872
4010
3885
16297
9474
13593
17244
16123
3699
6804
13825
9815
814
4865
482
15831
16676
12809
10163
6997
13138
10447
5862
11221
11579
13839
16740
6810
17357
1382
5583
15878
14987
14315
5018
98
5750
2602
14644
16206
14978
5907
1449
12847
7987
1607
9676
16861
4856
7328
17270
14965
8494
17497
6639
3065
3643
16051
5473
6972
12108
9944
17129
14868
8350
14449
12014
8948
3890
409
12341
8701
13316
13131
17794
2775
4700
8780
3213
11032
7982
13842
17233
11842
9737
10799
12149
8496
2107
4081
14476
7271
12002
2974
3860
7276
10837
14256
673
15662
13676
12284
16004
9070
5877
4716
3129
1332
2201
3721
15783
13528
5654
3729
17264
16022
13489
1461
1375
7908
6252
16592
5642
12505
11409
4099
5943
6644
6200
14378
17352
4127
384
17003
5857
1223
4951
11566
2503
13777
9260
4427
14584
13390
7101
6887
17076
15211
8211
10147
12841
17034
17467
17816
9470
5950
12499
14566
15270
4257
10275
16963
16774
682
6272
17582
14224
5574
12463
9560
15487
9866
14948
17620
15738
7704
9157
2850
12004
10175
2359
13650
1313
9655
5112
7215
14608
6982
11378
6720
942
4081
16545
14557
3248
7568
12156
2521
13519
536
8384
15112
6738
13476
4318
12988
1475
7303
3785
6928
17783
16632
13817
5876
11223
11283
7198
17735
1215
9326
13958
536
13346
2450
9228
335
7977
1435
9052
15089
11009
15641
5230
14131
8256
13211
5372
17517
10316
16487
11958
7110
10805
16568
8512
6300
1431
10919
7327
2671
5253
13051
13054
9496
9374
15243
13855
9297
970
1014
8213
3937
10648
12648
11983
7556
6605
307
5761
918
10467
17651
12160
3293
7422
16319
16202
12857
7213
15569
8419
13293
2171
13762
10669
7562
14801
15544
10799
1720
3760
7899
15369
8049
4960
5445
10400
11913
17220
13160
14851
11487
8313
9460
13232
9223
6674
12898
8975
8936
8649
885
17033
5544
15761
6039
492
7551
16729
14227
784
17503
2025
6697
6885
1681
3741
324
8384
10204
5853
4855
17759
15223
8607
7363
12799
14817
16136
17573
2106
14629
1830
5408
11198
100
534
17256
11427
9400
9942
8861
11799
7739
9106
13178
17690
16683
9723
13033
4533
55
654
3161
14624
10604
17664
7998
409
10027
483
14013
17762
11513
8618
2275
2219
1504
16902
10009
5688
14738
829
15980
12309
6988
8633
13814
12491
1651
1132
5677
14613
12475
15120
17287
3981
15518
4723
11471
14627
1791
4376
1421
11615
2407
12859
5527
9832
2361
6136
1909
5159
6792
2833
11586
11354
13787
9018
8021
9135
12482
10162
3859
15184
17257
1645
9101
17050
15948
5158
10730
8359
1932
9207
1697
1830
4634
11120
12271
3124
1765
5919
16939
7289
7399
3949
3797
8938
11608
4025
585
218
15971
15416
7485
14856
8390
2754
1363
16634
7540
15299
4052
6011
15891
6559
7177
178
3303
15356
13746
8110
3942
8717
1513
13941
11767
12390
4707
1804
12339
15280
16997
16301
843
14749
12219
6692
1674
1262
10091
386
16741
10211
2063
5727
4930
11385
6361
16426
8277
4084
1001
9270
14207
13359
17232
7785
15044
13907
10233
15162
15491
3051
11428
1375
11602
3139
17126
1555
13387
2280
5362
380
8430
10788
2670
16871
17396
9690
8091
6596
7145
13848
10095
9446
4679
15357
9695
2727
12146
11299
3080
3870
15192
5139
2173
8534
9233
8060
2091
9059
2081
5046
7197
1185
12246
14515
7545
4800
1922
8912
1375
9527
494
5766
5840
6388
12140
172
17569
1670
1310
4787
11006
15378
14487
17869
2389
10220
2728
15027
11794
501
14550
9564
11987
5601
15828
6331
6838
8516
6641
9450
12567
2081
3595
8451
1488
16765
13115
5128
9060
8944
12220
13114
13418
15360
90
17393
6781
11145
982
12422
289
9318
6644
5909
5621
11293
13268
6804
15475
16454
2546
12632
7849
7662
12179
15112
16102
14832
2019
8582
11638
14515
16921
10743
7365
3689
9873
16067
9075
11255
3302
11173
5187
9988
544
16476
15719
12624
9284
578
12136
620
3555
10451
6329
13134
9080
12398
4243
10181
2885
5157
1827
1937
411
15584
17679
6404
14620
519
11343
9192
6373
17448
15475
15008
1538
6928
1387
10303
4704
7891
3617
15402
12004
6950
1581
5446
11838
8033
16747
10172
1363
1459
3536
17743
8904
12672
281
13171
14652
13324
14238
11556
7036
14262
3518
10765
2392
14575
6321
5370
3745
11478
7732
7685
16565
10204
5439
8846
1092
5015
7708
260
1492
13263
12511
5330
15994
17682
540
7410
4430
7828
16142
2624
8120
8404
16503
14385
16633
3397
1982
11842
12727
15932
639
15297
4168
17623
11319
5411
783
2720
4055
4708
1447
11319
4442
14446
6034
5516
10066
2531
3489
1881
17107
3363
12780
5895
17041
8149
2640
11095
16902
1738
14860
6026
2885
13887
11027
8366
11909
12805
7471
1892
16696
4630
5739
4512
15492
9036
10879
5615
12544
16596
15255
4153
1410
12870
3671
4700
5633
17775
16883
7021
9552
9336
15047
7276
3991
2751
10184
12348
3197
8161
13986
14130
15168
15326
1683
15044
9060
4543
7483
14539
11937
7661
52
14164
5759
14072
11890
13930
16660
4004
10453
7801
1510
12966
1748
17822
16263
259
2310
7847
7472
6473
6228
1100
2708
410
1879
17336
10315
5888
13001
3855
8134
13039
10114
13484
16196
9897
14105
7630
17517
8631
2866
3272
16024
2546
12686
9181
10580
14194
13560
1171
3420
4276
2904
5276
10329
11760
9179
12638
9029
6134
13598
1668
11536
6028
10
9380
376
7101
16750
15873
1322
7392
2560
16980
14301
16615
3957
10586
8057
9750
1537
8909
15880
13145
16780
10207
17271
12469
858
1277
4942
15345
11093
13911
12640
7525
75
12621
4377
16790
14039
9797
7590
13959
1083
9887
508
9345
8032
12377
12111
16039
3590
11778
12215
15444
598
2380
16938
7622
2273
10500
679
11634
2863
16848
14611
15731
6826
10830
13910
15354
10635
7542
12299
2946
8343
10943
522
30
1534
14916
11958
9846
1767
7202
16419
3931
1822
29
7719
15548
10505
393
6730
731
11058
16789
7692
10944
10823
17410
5360
10708
6925
824
6659
3321
13507
1011
4989
15325
1246
15548
3139
12756
10632
13886
12449
15924
8356
14796
4102
13573
14885
5395
1189
9245
6416
11018
16364
17215
1826
2235
13369
5908
6243
817
9317
15896
8751
4346
17296
11159
6872
14816
12781
8574
11739
11737
7125
8312
4776
1458
8546
533
3603
14726
3390
9181
14043
16738
8850
4123
14067
12173
12267
10873
2727
478
7489
464
17492
831
526
12218
1693
9050
8716
176
7250
10032
3281
1000
15333
12085
3843
16712
5130
5381
6462
9491
14897
16209
1446
9810
11575
10025
7208
3766
1762
8660
4302
1210
12232
17370
11668
10665
10981
1190
8766
3353
17773
2987
11404
3524
1039
4796
8627
658
1785
8807
9292
3016
5666
7044
3519
9256
6754
11311
3116
12830
5234
8195
6091
10554
17535
1492
5063
4292
12205
15860
13247
9185
15913
2676
14657
16424
14620
224
2639
17652
9409
16911
2814
17479
764
4173
13020
5565
12131
1183
1265
6533
811
6253
7511
16149
8105
17814
3247
14964
13175
14100
12611
16676
17819
16861
3108
6911
2008
3733
3712
5018
10066
2064
839
9771
10722
8728
3321
8342
2324
11097
14948
11794
12567
11892
5654
10405
15426
11594
16588
2242
4365
13722
11133
10844
16672
7007
12367
1234
3066
2524
8606
4106
16109
15617
7643
10565
11654
6775
15371
11517
4398
17018
500
12088
15218
11548
966
8220
3176
12917
3692
16707
14907
831
14027
3081
14601
9355
6988
3879
5258
16414
14561
16773
17763
5438
13970
16623
16537
14216
9081
10281
14321
8883
10953
3179
13231
10103
10234
14376
699
10046
16688
8244
17726
2292
3862
9628
6137
7448
9193
14631
15905
9695
8264
11399
336
11897
5149
7582
7080
12943
13241
11602
1973
6143
1192
14770
9563
16991
7566
15314
1070
1225
2759
14121
10961
3370
189
700
13844
2532
8750
16976
12785
310
5937
9621
1249
11640
348
1623
188
903
89
17135
9100
7468
16164
7217
17360
13017
9815
2787
5602
16222
8279
1843
9951
16111
6286
10975
2232
10941
2611
9803
9348
4160
13374
5603
14815
644
14360
5703
1268
315
4038
3315
15528
5350
5131
14053
17614
15131
13304
8498
13241
8373
16127
17019
15114
9163
1285
16951
11792
6139
3646
6726
15993
6937
5943
5450
5438
11721
9918
4559
9680
2666
9225
11821
1398
4724
4361
5390
15243
7952
11685
5601
4005
5470
6832
3525
17614
5037
16362
16976
15807
1537
14332
16384
15860
421
431
2522
2338
7408
16574
8524
14524
9251
11328
17115
6371
9401
9272
16472
12516
17001
14367
5596
11034
7934
17420
11094
6124
9735
9862
11761
14942
17269
13491
10192
9935
12089
2719
16148
951
755
89
15922
11315
266
476
8475
7710
14378
17398
4199
6089
5960
17362
3097
8637
15775
241
8647
9998
6102
13715
15466
3083
14968
829
17663
10291
6446
13686
4103
387
11190
4264
4578
1144
7201
9238
4069
8982
11906
14014
6338
13910
15908
7612
13938
16074
10493
1308
12303
6375
9404
2813
10516
4158
8887
7150
7159
7740
15249
2434
2421
5215
4443
16860
8035
14842
7909
7315
14336
10296
6621
17213
1308
15933
5715
7777
1153
1022
11084
8034
7317
425
6384
4972
6256
13948
4465
13087
11051
13842
3751
13222
11237
5677
12760
17184
13519
436
13827
15592
5274
9737
9204
14429
5470
17866
15915
480
11229
16692
11552
4865
1382
9816
14106
10749
5897
8430
16576
7404
6997
9058
7847
3880
16039
5318
3956
8738
6342
10768
3123
3797
9988
4867
9082
12384
15639
11940
10183
16842
12890
12430
15754
7224
13158
8070
7467
15958
16994
5130
15879
6173
16872
12438
4419
5688
5875
6814
3668
15353
6583
5070
14033
11615
17833
5947
3466
12297
6972
13071
1159
10777
824
4385
255
15936
16072
7419
15385
6520
7988
14885
14384
14246
4803
3782
9563
2384
8662
1928
16898
17724
1795
11558
11420
10249
8803
14586
4833
6279
14830
16117
17500
6536
13346
16521
6907
4878
8989
1752
1082
12762
3148
10535
3567
16164
16472
356
13360
12496
16863
562
574
13628
6215
7454
10369
2682
2686
12107
9324
8285
3844
12330
4415
14612
9896
17525
7764
4707
3714
3429
10854
17777
11216
8280
11854
16665
3930
4137
6134
7475
6047
568
8548
17171
4475
5474
8002
12233
7391
16845
3648
16104
9675
3249
4066
1922
2313
11748
17516
15911
9454
7962
9782
9575
16914
6482
1378
16166
3506
11255
4191
13235
17123
1725
8475
17382
816
11015
10066
14462
15471
17417
4718
8340
10188
11434
1577
14794
6053
11085
15111
3216
695
7053
14794
16960
16857
1452
13248
7137
17892
3973
2774
16393
14590
4694
14379
5225
2068
4245
9959
16079
17836
7741
2318
7319
16456
16246
3375
16129
959
12919
1147
7100
17019
10744
16296
5475
16558
4378
15455
15106
13596
6042
707
5945
8814
9856
6939
9198
11153
14698
8317
10953
15368
14230
17521
9358
12767
14586
12192
8016
9551
15330
7950
9475
4755
15646
11049
11680
6886
13267
14186
9890
10298
9011
10488
14263
5318
11574
1183
5791
1004
17319
13992
10580
13158
9642
521
4776
1359
3070
11677
15325
8248
4329
6476
10864
2403
12292
5266
14465
12931
14856
7494
6577
2227
7289
6793
17200
4482
4104
4629
17805
159
1683
983
158
14581
3693
10805
12439
6743
17641
3335
6443
9339
1922
2090
8422
13772
9768
15051
9717
10911
2998
10216
10699
8160
5397
12842
7823
14686
8320
15540
3578
10456
16566
6575
14396
3146
481
16483
5307
9137
6028
10953
2490
10366
6180
15092
17497
16255
8119
12080
14415
9271
2450
17333
3352
9466
16497
17251
4838
15902
2063
5728
16980
5324
14000
7693
17255
3019
3306
1005
2562
2614
3701
17502
13056
13964
1026
10402
13002
16401
3348
7553
15071
7524
7247
4945
5708
12616
5794
13231
4661
11088
17722
2986
15261
12816
2292
3178
13474
3753
2371
7
15367
13684
6809
6514
14857
2078
15820
1484
11112
14907
10820
8801
6079
11481
12264
2248
9037
13863
5324
8716
7064
10998
15596
11099
3969
13134
10281
8292
16396
16134
12761
14511
10140
12855
11848
7743
13663
10233
4997
7314
8495
3697
13030
15007
6018
17304
6526
13649
9808
7059
16140
14443
4693
1149
3316
1332
2713
12798
12808
18
2277
9591
12000
7600
1981
5770
10870
9282
4547
4087
7307
16298
3772
12417
16393
4643
6423
12439
1910
5041
5752
4121
14777
14511
13582
228
3888
12218
15890
6307
2121
16541
16815
11728
12982
11133
5701
14099
758
7193
116
3725
12329
14873
8185
8741
262
6470
7724
7804
4234
13228
14579
9521
432
12316
16787
14840
17720
13701
15324
10211
16595
11008
2401
11113
8393
7301
6312
4851
9335
9629
2047
15372
9589
7043
17238
10256
17510
1031
5577
14703
2649
3578
12569
1290
3726
10760
4687
17601
9712
16922
5775
8073
5447
14867
14665
3987
4207
12557
6765
6520
14637
3630
2753
10022
6047
9892
16745
13365
14635
12177
9427
16707
2081
16835
10323
5714
6594
15066
11603
15752
4957
10706
7127
12967
17203
2706
13248
2269
15931
16068
10019
10815
6306
16225
988
11988
1941
8059
6146
3284
8676
1609
10166
12824
10601
14973
4414
16007
5005
991
5863
9446
13821
1005
17020
6889
8046
7915
5941
9458
436
8964
249
1469
10109
3527
2096
1313
17013
15671
958
16972
8036
16701
4072
4004
11219
12366
5439
15368
11788
17088
9922
17744
8244
2161
6272
2086
3594
17728
8184
7823
3500
11046
4853
8604
13834
16139
8148
4629
2387
17447
11521
5487
14121
10161
925
14994
17543
10080
14914
15409
6981
2279
16459
210
12709
6397
4866
17319
774
2993
3045
11310
1302
4826
1199
4853
6725
16434
3347
8002
12166
9185
2782
5355
4286
13887
12136
1910
3449
15304
12026
2244
5778
2641
5993
5259
9439
12549
5848
12530
13380
4623
6774
8408
4753
3331
8758
14747
4581
4458
2983
16911
94
16795
14058
2187
11626
10280
11190
7566
16833
8967
5226
7987
7116
6875
4826
14720
9168
3067
9671
14526
1941
16362
10580
15411
16119
13861
4255
12377
3450
2387
5730
6264
13666
10535
5305
12545
11360
16829
3197
8976
7439
4618
15274
9049
11192
10969
17668
181
11329
1953
9751
4158
3039
14890
7793
10174
6223
2479
3789
12036
9099
4906
8133
6507
5818
6174
177
4002
4949
8982
3565
10829
350
13387
2146
7790
16415
9096
1
1302
5884
12800
4773
15614
3557
17024
13984
11441
16617
5926
2246
16178
15288
17537
8615
11669
17302
2171
10556
7919
14252
3044
17679
15313
15150
6133
4882
1264
4286
13391
14576
14999
14575
5433
8767
15092
11780
16153
5775
6693
11325
2770
1664
4897
2772
7820
1972
5080
4069
6062
17477
4875
10108
11998
12126
16589
7121
10879
4929
1718
401
10401
12997
12670
11454
6293
11406
6778
7329
6321
17343
15026
15953
14331
535
3491
10167
10859
10104
6274
672
4817
7534
381
5819
12484
16756
6781
12556
5273
5045
7238
7833
17157
12450
7624
15493
7014
10777
7036
13785
11635
6647
14168
16855
1199
4824
2780
6310
10862
1164
4359
12684
2500
9582
12987
17689
13109
11764
1044
12748
17694
4080
11066
16569
10265
906
14955
5591
9378
7116
15978
17809
6373
11053
6281
5315
1133
2082
9143
7756
1385
9070
3278
2143
12380
12729
13481
16447
4328
3536
4209
511
17751
15237
10956
11732
10677
17430
12269
11359
4918
4906
10129
13856
10023
17002
8976
13143
17546
4404
14570
13507
14076
17856
16932
16603
7024
1425
12556
14587
9345
9781
17743
6410
10375
1504
5826
13519
3176
4517
17193
10701
12891
8241
6888
1547
13557
2200
11484
10067
7447
14120
1541
15903
17539
7917
14275
4550
1060
16824
12943
17415
5603
14744
1892
12321
11859
16582
14098
6777
3070
15496
10347
15433
15285
9379
15427
16757
10623
914
13521
17237
8021
3002
5739
14117
12852
13960
1891
10321
14861
11932
2888
16239
5945
13453
17387
722
16895
14917
16555
13132
274
8948
15882
8150
6245
16732
9345
3752
10196
5241
9597
6219
7529
15251
16996
2182
8682
1713
10695
9724
16359
11630
15603
9107
11417
11349
16432
12692
4990
13841
5257
17643
6032
14761
15551
935
3579
17467
14499
11916
9178
11001
2026
8529
5725
11670
2112
7467
10987
15096
1951
4482
15219
15483
17634
6085
5224
347
13666
10321
17701
433
8161
3743
3773
1599
5290
15800
5552
1490
1822
6314
850
10575
5368
15080
733
2716
2412
17646
2475
7315
11217
665
11069
17334
3231
12186
8806
11565
15936
285
3275
10043
6571
9016
2590
1558
4454
12308
10410
13764
3152
17820
11663
2245
14084
4999
9428
5821
17354
14154
1343
15757
3706
14770
17192
12650
4207
13256
5666
13741
13397
8614
17635
17166
14973
4070
1340
14776
4996
17137
14281
1592
15469
1924
9694
17092
8440
6665
9840
4272
15207
8922
5229
12790
16712
14825
14419
3034
2693
13538
8896
13011
12185
2091
4714
14367
8062
10909
8363
12742
1798
11024
14579
14846
2704
13284
3828
8037
13074
4384
1827
6425
3494
9521
13363
6532
3607
6006
7457
16224
6474
8703
2452
15702
15850
13391
10470
11418
9325
14
14315
12335
10952
4079
12403
2395
10665
1719
17058
16002
12805
90
5059
13837
10120
13193
4973
87
1588
17471
1093
15216
17247
2662
696
12716
12881
9712
16758
1645
15803
7299
12591
5839
14773
738
11909
3292
3505
13437
8246
5951
16252
12223
3956
4292
12297
6642
16176
3587
8788
13662
8702
2725
1974
9524
5173
11918
5806
7802
12044
243
6707
121
836
12857
7867
5852
8896
8471
12159
3970
5883
11378
16546
2464
12583
717
2891
15558
9633
15302
2236
10339
11369
4919
13659
15572
12801
6094
11178
3833
6436
6716
12125
3417
7284
16555
8120
6579
15632
4540
8697
14580
6157
12588
16394
1415
3625
5449
9009
76
15182
5908
9307
2725
8001
1673
11398
9985
17118
3944
9275
11865
12173
9498
15964
8538
2950
12469
6606
1097
17550
14160
13321
2334
16835
10254
207
11345
2910
9398
2537
16094
813
7694
16280
16702
11443
5519
16570
7177
16785
9372
16769
2278
2574
13325
3702
6256
10216
5080
10475
10111
4638
15130
13125
4651
12296
15504
17576
10310
6894
11594
2944
15951
13124
7238
561
1184
670
4925
3914
1043
3293
4325
6110
14086
6986
2837
6809
9246
11863
1387
14475
107
16847
11846
15350
907
6399
14319
12948
10915
4225
5331
2021
3106
6201
8546
7433
10809
5459
258
17562
4523
16829
11198
11350
3511
17046
10849
10942
17630
4797
12992
3695
14211
16439
8413
3367
2786
17564
80
2382
14955
6061
5638
8677
10815
5979
10221
2646
7825
2493
3301
6173
12897
12570
2103
4451
9520
5936
15646
9685
12275
16601
14690
4184
3088
2926
5525
14483
11419
9367
4285
15610
296
6593
3255
12066
1905
16069
16114
5930
8954
557
17640
8242
15627
11649
15214
11271
4504
1367
1722
4002
5340
11876
739
6158
16202
15412
159
311
12060
8394
7268
9727
16091
12132
13838
11998
14190
16308
10651
16845
4927
569
1730
14258
6823
6211
4542
10902
7502
13576
10349
14799
14536
3291
6562
3257
11274
15090
10181
2286
17087
5746
2663
1588
13055
11390
8687
5955
17387
10329
13085
1231
5658
14108
16424
2972
13402
1012
4700
2537
1260
17624
12563
3432
16569
4635
11600
14878
3680
16058
6481
17796
7549
7235
3080
14727
10226
1768
10219
16092
17796
3633
11472
14646
11610
8105
5170
16204
11219
9405
8426
6016
7760
12065
6052
10652
2146
963
14514
3450
9773
16627
7411
12071
6230
4229
5215
4017
9776
17137
8405
12050
2269
9291
9574
3166
129
12017
378
11820
3573
13862
17452
16890
8673
13373
4800
8884
15999
17712
6624
15455
9710
12692
2030
15607
3359
1550
2852
3184
7115
16628
13307
2074
14694
13150
2788
3867
12762
6236
7312
987
11495
17082
16287
11476
6701
9871
14969
5103
5293
16426
9034
2816
7659
7165
17732
10398
3755
11282
1032
1235
2428
844
6763
8552
846
7961
7905
1223
2571
9659
584
10247
3033
15418
16940
501
2770
7981
7529
2402
14025
15637
11772
15120
16291
9567
15940
7565
12580
16088
6851
3538
12689
4267
9634
4825
3210
1544
8849
10560
2678
15815
12635
14541
8744
13826
10963
9620
3982
14360
370
10287
1999
15353
13932
1177
6365
4737
2065
16774
1289
6986
14819
16772
10968
7745
851
15098
11128
9613
11985
380
17681
59
9734
3014
17292
16068
8593
5607
16916
2058
4318
4172
13624
6737
5013
8791
322
15385
12716
14388
2249
8849
7601
11061
13405
13818
10114
4071
15655
2074
14685
7725
13913
17229
15773
3758
11949
1836
12290
8519
8417
11255
5763
9657
13079
3495
12727
1895
16658
13437
9834
1570
1949
11981
2738
16789
10185
2216
3140
3766
8656
14932
14773
14856
3130
10859
3756
542
10391
5732
14397
10777
16203
7656
2500
16281
14681
5981
8814
2678
2608
14726
15635
300
17013
17367
838
2672
13774
9178
6902
16118
6805
12805
13668
13046
13671
10689
1991
14432
2929
5414
14263
4672
11348
7267
6559
7965
5607
14602
9914
13286
8070
3758
8754
10741
17192
1157
5157
6530
1812
6533
15910
12548
4637
15862
4992
3767
17230
15214
16428
6022
1893
9139
13148
9180
5075
3779
9655
13944
9034
16300
12113
4625
10557
2921
17792
7098
15887
3668
2242
12497
17454
5158
12408
14530
3203
6664
640
12970
5372
14289
8030
14319
14868
16057
7233
9961
13133
5001
12406
350
4392
16449
9191
2165
11381
14001
4290
1540
9839
16801
1331
8997
2047
451
16408
16759
11365
11010
4555
13018
3608
9020
10209
11022
3961
695
17327
13218
16190
1011
11031
11053
1373
11604
4899
12509
4338
16895
7951
407
4715
8276
13482
15885
9382
15879
2008
10996
5182
9517
5879
2134
2536
304
13879
1284
4897
13232
8844
4392
12505
15185
12013
16070
7685
8468
766
8845
10554
1155
9794
17366
9006
2370
4176
10646
4474
7086
15565
11229
1347
13898
15059
16270
9613
2884
1498
12734
925
837
1548
1736
7032
10287
8015
5067
13402
17057
1661
8477
2645
4552
13193
3102
4353
15509
10501
4950
11052
11488
8006
16116
14362
13615
6631
17213
17647
14892
13682
762
16078
12048
14503
7214
359
7977
5145
15476
7119
1138
13648
1426
8203
14556
15643
7530
3105
9912
4023
9335
7552
3676
7915
7410
1035
13312
1657
6407
8963
9776
12641
5533
17003
12571
8358
9553
1812
7714
13059
13539
295
14281
5268
12205
8938
8229
14247
757
14747
5876
5524
4452
1745
16723
3734
15715
7102
9373
558
5484
4100
6095
2890
3522
3777
17177
3583
1476
1323
11209
8189
14427
872
17437
10921
16318
7061
4645
2526
6588
9192
5437
16513
15759
11826
11720
13126
11630
16896
4736
14607
11076
13078
9967
8625
5725
11549
9213
11524
4513
12824
13986
16404
3716
6252
1648
7826
11158
9763
16075
6005
11493
1879
3176
5154
16979
2121
13774
14438
6787
5803
15905
2703
8278
5261
1262
1298
9274
6605
16243
4096
13574
15307
16080
12761
2151
15323
3990
11010
8158
7874
14931
11582
817
9957
10716
9920
17759
84
15152
14676
11312
13789
11724
17471
12194
350
2993
3930
5220
4135
14838
12019
9709
17578
3105
17214
2485
14578
9784
341
6654
13254
12591
10574
6417
14066
13554
14302
6283
2121
17732
14730
8013
9323
16639
14305
819
162
4030
331
4490
1989
8976
341
8009
2049
14354
15344
8246
12929
9216
3260
3267
11096
8087
9724
13325
721
8102
4039
5043
4089
13665
12406
10403
2403
12140
15198
1480
6994
3823
1380
1450
9967
9281
11734
12918
9091
11079
5381
10976
13231
7561
8517
12017
8682
6689
7180
15933
7492
3762
15198
7694
1236
10111
16564
13312
17513
15020
11605
4870
11130
8031
9389
9060
17049
11114
10999
12484
7879
1163
11735
1005
15835
1013
12130
17831
6063
12272
13332
1557
1316
5235
4357
5197
15864
4586
3629
7751
5037
4361
15130
2572
10066
5060
2224
6620
15750
17862
13695
2838
15673
5948
6486
981
10714
4618
8019
5638
10209
6837
8687
6734
17772
7218
10253
10558
8578
1687
6812
8556
6333
2603
10264
13837
16828
6172
9086
16394
7387
11566
14714
1915
14383
15578
1037
6761
15439
9656
9610
3022
4884
12561
9868
6756
14316
13532
11818
2398
7551
8012
12984
15666
3650
4724
4090
16676
8535
3846
15636
15423
5439
11953
870
13435
7186
16826
11371
1983
8512
7936
747
15729
2389
9465
9690
1425
2057
2615
3884
10658
5399
4254
11396
4819
1844
4266
12179
1730
15615
4783
2601
15009
3496
6700
716
7673
13949
15292
5077
6382
5358
5120
10737
4050
82
4517
4286
9549
17651
15831
771
12840
5018
9886
9333
16238
4019
4582
13974
14341
2351
11294
12862
9985
13442
9324
7513
13337
9469
16991
13513
8201
17892
7141
7272
4095
17153
6914
2623
5414
634
7977
3768
14181
6068
10624
8073
536
3245
17350
9183
12831
4367
4254
17687
10468
14392
16416
3690
12312
10430
3813
1798
15864
3549
2458
3161
15752
9648
14949
10968
5584
5200
12150
13155
14301
3522
13295
10144
3042
9516
11358
17764
3534
5753
13241
707
377
3491
16076
10890
17410
13763
1956
10729
7686
17612
17649
3919
6648
15929
11885
3949
14435
14975
13817
11553
15109
16006
41
5699
13136
7321
14245
4452
13173
14695
2346
8503
1233
4247
16673
11641
13059
6114
1927
2665
5603
966
11805
8774
11697
33
9594
2490
15464
10835
3575
11135
15985
16900
4560
9781
1115
16990
3852
14057
16066
77
16823
6421
13566
4926
14328
2111
16504
16408
15284
10313
1523
5504
9087
1762
4873
7177
13610
2441
4929
7246
14160
1366
2291
6814
10879
16212
6361
5136
14633
5869
12703
221
8895
11949
4230
4150
15836
5823
6346
16557
12161
2724
7138
7806
5164
8124
14721
2977
16247
2461
896
1013
6542
2333
12113
16764
17377
6043
5720
16122
16901
4353
5159
13061
5289
16154
2309
1214
2109
9590
2278
15859
8802
13024
3204
14044
16596
614
6626
3860
12349
14193
2441
17743
10047
6566
16115
10963
14840
5917
9082
3899
10682
16165
11516
17378
8211
14877
7371
11806
9722
16759
10120
1846
2104
3298
12935
4752
13927
3493
4692
2206
10806
17716
15205
1570
16575
1242
8265
5569
11053
9835
9039
11038
10726
3339
16771
11756
13978
10870
13004
7449
17778
11526
8020
12275
3190
17864
16738
15827
8039
6258
10519
12860
1539
8657
8270
10153
11069
7746
736
6033
5049
6049
2196
15023
5654
7817
4017
12879
14289
7009
13245
5947
14091
4519
10494
16632
3332
6268
16822
4819
9745
12013
11938
12071
13233
2481
784
7995
11247
7769
4279
8444
13394
9205
12513
1128
2348
10601
16899
10295
266
15522
9979
15141
14397
12497
11350
6884
4688
13823
10803
1047
7760
4423
13240
6581
8340
11311
4163
7629
4302
5069
9202
5005
3852
6679
978
11693
4883
4649
13349
11484
16595
16960
7719
11694
10143
1315
465
9988
8394
8806
3834
8331
10083
16085
5691
6231
1243
10929
10572
17591
7938
7744
5468
3960
8573
4199
11760
11903
11496
1631
2835
15878
11161
3149
13141
3521
17040
12548
12605
6171
3889
12972
2394
5091
10394
2598
5487
575
15661
12929
914
5635
14289
3257
5285
3709
3272
1360
2201
9193
1860
7494
9847
137
10460
6184
16906
16001
14096
9396
1771
3295
13831
14005
250
3153
437
6861
11962
7292
6737
14659
3637
1922
12348
15747
15861
11088
15413
7303
1370
9891
718
2400
1303
17002
4437
16361
12205
12841
6711
1197
11575
13660
16379
12199
5222
16896
11568
9741
3534
10471
5450
3167
4549
7595
12178
672
2464
14710
16080
2399
13137
8706
4630
11857
16505
17019
6623
3675
5503
2308
1933
9563
6540
2011
15923
5008
3781
5675
14273
11564
2668
4427
13779
12004
3767
6968
15903
3588
7725
16828
4972
10181
9864
1395
11825
6435
7010
1526
13811
12844
4535
11308
15518
14332
8307
4704
8140
16419
16643
3855
16001
6797
1080
4240
5768
6205
9936
15489
9933
11316
10248
4545
6108
3056
8343
3534
14630
7572
7705
5036
1332
13122
17674
2796
6389
5926
7697
7944
14812
3018
2480
15240
7432
4034
3165
16961
4497
82
1210
8182
11729
10581
11468
13199
11651
14258
8797
8107
14330
16371
6974
16132
15689
10506
4944
11226
11406
7380
7861
2996
12305
64
2701
11111
3473
2863
16377
8491
557
11812
17873
1666
9889
4517
6099
11005
4407
15140
9902
3354
16632
6826
14668
10445
8383
8288
12614
415
12725
7296
8533
1948
14029
15961
16838
10626
7899
10725
17429
12349
2402
3673
6518
341
16660
17039
2299
2009
13392
8912
17797
9136
17134
14319
3768
5181
12302
17683
13390
10903
12714
16670
866
5570
2395
8510
15526
16325
3670
13061
12252
15699
7199
16043
7589
998
14816
1564
15942
13544
2114
12051
4249
9722
3669
3216
4343
6526
13978
3162
9090
13473
461
6045
11701
10901
4412
14367
17710
1143
14410
6110
15861
335
12661
700
11649
5345
7693
14681
16145
7860
16364
311
4599
3042
1750
16437
6605
16649
17254
15186
10919
2806
1168
14925
3981
8320
15079
11057
17462
3378
5579
5621
5822
13461
8706
14301
15725
946
5510
4413
14268
5558
7635
11728
13401
10311
14874
6179
2380
9662
12559
3910
9557