10536
7058
12935
2741
9942
12206
3201
3709
45
3597
7519
8628
8223
12454
6578
5587
5539
9459
11029
7027
11156
1575
5366
7123
1380
10665
9401
7384
12886
8948
10342
3732
3728
2911
3293
631
4529
9946
5901
3646
2976
10847
5669
12271
1060
7578
4098
3888
3022
8031
8841
10214
4668
10753
4099
2109
8953
3444
3017
5306
4923
3039
12782
2356
3114
13043
9092
4475
4157
13314
8342
9460
919
9550
1996
8645
4652
12663
7454
9636
5891
5666
3899
8570
9959
12466
1083
6499
4786
10929
8786
4090
8324
11939
4969
9296
4032
3018
3771
11962
12900
836
3020
363
553
7645
9210
1624
5825
777
1624
8902
5019
5302
1843
10302
1460
7902
10653
3191
13250
1765
9030
6196
7002
11208
4735
3943
3558
8459
9423
753
11335
236
4616
12365
76
9408
1568
3221
2575
9172
1725
2589
9919
2874
2358
6027
5152
879
7757
9886
12265
2202
3511
3496
9889
4787
6926
229
9034
1183
4172
11542
359
4435
2299
1197
12817
11588
8766
336
463
6495
4938
1409
2877
4888
9985
11647
1697
6212
12083
7898
7698
3708
7362
6885
559
5426
13081
1654
1306
6955
5299
11897
9273
8733
9918
11149
2220
12261
12764
2091
2946
9161
10412
12696
5609
4233
2616
7775
13395
6322
12387
11782
10517
12323
3778
8027
10552
8836
1549
1839
5836
3902
6436
12362
12805
13273
11423
5725
2802
11628
223
1843
11572
8522
3149
5013
2361
5204
5443
6957
6396
11620
10358
10109
12388
13074
12452
11823
13312
3153
11286
3070
222
967
9746
7286
10722
1302
6774
4370
1706
5502
12927
2295
7155
3712
5971
10112
8486
13234
5825
12708
4892
8063
1785
10484
8521
5434
8582
6035
9013
11471
4625
6109
756
8869
12161
6529
7240
8624
1956
11627
11837
6246
11169
7394
9978
5911
11932
12607
2513
3711
62
4544
1450
6458
6349
5042
1853
3929
8429
4192
5290
8645
8317
8105
8259
9599
10577
2095
1324
2974
2082
8090
4595
10569
4383
12270
744
11507
5145
9292
5713
9685
13266
6007
1606
11644
10253
805
11560
10664
212
3098
2536
6243
11936
25
9255
6002
6169
2928
11554
5899
8417
10399
10625
11554
4755
593
11270
4989
13245
5110
5575
1118
1530
5447
4861
4208
8421
5469
12969
8968
2191
12955
12664
2759
10651
10809
86
94
2882
5706
13021
5664
265
5986
3610
11037
3520
8287
9866
12180
3124
8062
8830
10889
4137
1711
6142
7160
2552
4968
6280
115
6262
7952
8066
10847
10867
861
3700
10420
12188
990
11807
4497
9012
1220
10559
6062
8143
8481
3766
3952
9225
2514
7777
764
11588
10883
11375
4481
2918
3214
5465
752
12430
7604
156
10613
11109
10367
8445
10809
5248
12136
11330
112
9442
10155
4727
9884
7953
924
3738
5725
12990
9036
5416
7247
6725
10866
3707
10025
951
9042
7580
4817
7767
3883
680
4792
6797
3686
2212
10226
8497
8554
8055
3611
12768
13091
2661
3018
2476
1017
2519
6637
4937
10926
4052
2599
3330
9066
13001
298
10505
3158
7703
5237
2266
8465
6031
9848
7188
12603
9115
9768
4952
3584
8837
11512
1860
3992
13271
13093
11149
9765
10971
9090
12147
9924
2451
180
4556
2757
11209
10225
1593
9286
3029
2757
5062
7674
13058
7540
7133
12722
970
4446
2921
1636
10994
4163
1563
3623
13205
8632
10272
4618
9388
6310
10830
3446
6658
9203
11435
3721
525
10440
795
9236
971
5913
1123
8520
7580
6156
12393
5780
5297
9806
950
614
12814
8550
4705
6975
10035
1294
4503
9676
693
10692
1528
7661
2901
8942
2060
3505
10986
726
987
13200
7315
2601
375
5088
12714
1315
4479
11409
2054
7638
7686
4908
3936
1392
8994
2715
6550
8034
3216
10391
5592
10163
11882
12496
11049
8485
12651
12539
2095
12336
7911
6061
12679
1529
1885
2981
6715
7001
11793
11593
12577
12438
9388
7511
9799
8082
7972
387
2918
3977
12037
8455
10913
5886
6243
3856
3573
378
6167
126
9907
6975
12332
8852
11252
3143
10899
1511
11647
1611
9506
13303
11189
11800
2562
5947
12428
410
1725
4095
11620
2545
2078
7560
278
11029
6475
11880
9967
6895
5654
9083
6331
11420
12300
2095
6150
4654
1647
7047
4031
11636
2937
8909
12798
6055
197
12350
2158
10246
2534
6313
1024
7200
2228
5414
10774
8662
5217
5040
101
3873
738
8742
9342
4729
7308
7986
4015
12974
6393
4188
11806
12130
533
4894
5256
3180
7647
4460
6254
5387
7588
3577
6549
900
121
12621
7056
11677
12057
1147
9828
733
2032
8995
7960
4840
11639
4127
2350
9022
10471
6047
12640
6997
11280
11726
730
6332
91
92
11624
3291
8145
10118
9797
1996
8031
3968
8764
2649
2492
8460
11301
10166
4052
13029
9335
8631
4671
11438
2669
7269
11420
7409
13275
7595
851
5647
12370
5629
11623
3155
2189
5830
13325
5505
5383
7846
11203
2229
8214
12460
515
1194
1685
10835
12635
2872
652
5902
5047
3826
9374
6277
774
5327
1770
11675
8690
2112
7281
6226
731
5514
13242
12964
8350
5069
7003
6559
8213
8770
13124
2338
4677
10787
954
11686
8031
12472
13071
9475
3181
3549
3256
12377
6926
1471
9423
9224
2255
2557
2466
12862
7078
2971
2036
12792
839
6198
7016
4
7472
8528
1588
6634
9563
10819
6293
10565
2395
6621
4818
5839
4268
4068
9984
2187
12943
11922
12743
2751
7294
3857
7232
4222
8640
5190
12681
3586
1281
6991
5052
3208
7413
5890
6155
1551
8910
916
6865
10529
677
11917
8725
2955
4061
9618
10811
9053
9658
1782
8333
6278
5350
3722
12937
10919
4026
6300
2659
6346
10588
325
7842
9298
979
5430
3943
10461
1633
6437
5458
3941
1629
8324
6550
12974
10432
2749
3792
155
9817
2802
7016
889
12526
9663
6358
5640
8617
6352
5648
3930
7498
3216
1177
12270
7132
2177
12024
2903
1305
4665
2684
3034
1265
47
5672
9969
6326
2784
8578
13293
2926
11359
7688
10172
3493
4934
1599
1307
10681
6094
3561
13179
6051
3645
3894
8647
6951
11394
2878
7784
8064
7574
5776
8749
12407
9349
10668
12322
10835
3414
6910
12985
5101
13247
8367
12765
6643
6251
5127
1240
26
2995
4248
9941
4823
5303
2185
3042
4978
3710
6435
8752
6772
3243
8235
5365
12198
847
4453
10240
1481
9161
9135
7194
3629
3766
13138
10543
12791
5815
495
651
8674
1945
1247
5545
264
11649
418
9037
11689
1656
5911
44
3660
4237
1010
6397
11888
1904
6472
287
7959
10400
12127
5868
4797
13068
1542
2635
7744
6502
1857
2984
8720
13191
6986
2310
3013
1104
9421
10191
1324
6297
8572
10281
5464
1438
2638
2298
9218
4948
3715
904
1325
9549
9221
608
7060
10482
1061
7038
11895
4944
9280
9000
10464
824
3612
7767
10113
9255
5172
9464
7791
5583
1825
4271
13277
409
131
4177
999
11097
11832
13275
10233
8595
6223
12627
11479
4809
9722
10281
3327
1121
3319
11401
7639
9864
1699
9808
7761
6243
1875
6352
10749
3972
1502
9758
1041
6960
1151
3575
10331
6671
7346
12171
5868
4927
2536
6628
7776
12487
5792
486
2960
9420
11675
6131
5955
4640
1837
5404
12820
631
11240
7053
2502
545
10062
3376
12101
9033
12732
9504
4806
6742
2106
9525
10562
8229
8981
1208
7401
495
13382
741
2691
6630
9518
7238
3275
622
3219
7452
114
8086
6340
463
4149
11834
1938
2616
10110
11900
11783
4496
11723
12919
12152
9764
9605
8014
7780
12127
12976
9297
3737
1888
3360
5557
2232
1278
11437
10346
10897
9211
6486
8172
8693
1816
1733
10244
12723
8006
2584
12264
4746
1932
12729
8457
867
10257
6155
1458
6752
11801
6714
3122
2372
4713
9890
6083
9735
6594
1013
7259
909
1729
6163
10759
2895
10604
9262
3823
11294
13101
8926
10760
4799
11862
8900
9790
6543
8280
9997
2467
8535
6352
6886
5940
7631
11796
6086
10441
11889
5412
81
244
11062
3542
1661
1094
4650
2441
498
7574
7446
10417
3611
9944
1543
9820
7974
2131
10658
5665
3229
693
2767
12328
4578
11205
12538
11203
6138
8643
2088
4988
5999
8241
510
4252
2754
12567
3035
363
5718
7711
2676
9347
5394
11335
10306
7071
3378
12205
4932
10315
10064
10230
597
6739
11462
605
10062
11114
2568
13255
9451
305
8963
1229
5589
5108
11161
6535
6938
7982
8518
11919
12063
9319
1560
7879
5600
10141
5389
1715
12753
4845
12606
13013
10726
782
13047
9836
12776
6110
7771
7254
8254
11714
10562
10970
9629
11309
76
143
7051
12649
10417
5479
905
13050
1500
8141
9864
3163
9536
685
12157
8500
9585
205
91
4775
857
2525
6357
11076
11685
10217
11600
11879
4192
10901
13290
9209
5122
9620
9734
11087
11785
4861
6292
12338
1277
2470
13247
10226
1831
3611
5457
11601
882
2225
10298
6419
8547
3849
5218
5612
9665
9883
4603
8592
5338
8472
5562
5676
5448
2021
920
10099
12614
3635
5579
6238
2612
7671
9959
10688
1268
253
11319
1574
1590
8336
5720
11313
5672
3437
3030
2341
3704
10355
11958
10986
3555
4090
1996
3214
4063
11841
8082
2954
3260
12472
12386
672
2885
12760
1673
8548
1320
2183
4626
8793
1959
3258
1148
263
11872
2057
7689
4122
12758
2758
4129
9186
11892
12237
4758
7868
11751
1078
6422
764
4845
9372
12476
9943
12603
132
5836
7558
5999
4251
4185
4559
12862
6736
11413
3719
4843
11694
11396
12300
224
12100
6884
504
4012
1564
4585
9537
1060
6415
7688
2910
12516
11946
5776
1291
5004
2425
10069
4227
5000
8861
9993
2279
13016
4986
5621
9573
3487
2599
2674
12819
5666
5170
9666
7667
7964
11645
7032
10277
11226
1120
11947
8408
12467
12163
8031
4372
9472
6517
12693
12049
1155
2792
12674
999
10288
2038
11649
9613
9502
12538
7342
3053
1858
39
11333
12140
4516
7244
568
215
12606
6677
2998
3756
9021
11202
5685
5274
2522
9729
12907
8944
256
13055
6798
2186
8904
5152
9855
5909
9950
9617
7347
6363
7032
7588
10851
2254
10979
3861
10406
5242
794
4577
10334
11068
26
13385
9245
11234
4089
10710
10562
6349
6262
4989
12634
13114
2763
10807
7524
6742
1921
6775
6427
12452
9635
8988
5941
13336
5696
10935
10756
3866
4563
8466
4359
7963
3511
7201
12461
456
4456
8848
12322
12240
2172
11285
12954
1516
12343
7323
4494
6098
1708
13269
1210
12202
1813
4654
10052
4801
2239
12880
749
6190
5073
8005
6955
4964
4196
7577
8915
11153
10057
5980
7724
12264
1814
8196
10606
6976
12584
3888
3064
919
6075
4174
6339
3692
3637
12081
12031
7948
3295
3069
5923
11109
7487
11899
3247
3577
3025
5517
10570
11733
12499
13105
4792
12618
8902
1767
795
6060
12773
8918
2876
10597
12063
1063
5219
11495
6922
2195
940
9388
6166
5406
720
572
10345
6528
2255
1006
3936
12841
7157
1013
11173
8159
1703
10895
3969
6505
1740
5348
3737
1696
5158
8895
10094
7650
11231
5818
228
7678
2774
9050
654
5556
10708
1340
11371
2993
2264
827
5474
9692
5937
5624
7509
8797
7783
4698
12543
10508
1842
3380
8902
4517
593
4588
545
8425
2368
218
487
11530
8726
10265
1240
234
4913
9240
6631
10984
13050
7405
12222
12115
580
4244
13095
10685
6450
2133
6352
9234
9547
3439
4577
12575
6932
7701
8995
10168
11992
9651
2886
6630
9679
11537
5268
6672
5639
9929
4683
5482
12894
9775
10573
8804
10063
12214
552
5481
5831
8917
176
3634
1053
11504
5140
10711
9186
7171
12212
4511
6506
688
4277
4860
530
1229
7267
7446
10750
343
6216
12062
11976
7849
11746
429
4663
9646
7714
13163
1302
1482
1780
11118
11009
3425
9810
9205
3409
10180
12590
2603
7308
11755
7256
11174
10518
8718
8191
13036
12196
3697
636
871
7898
3406
2747
4696
13131
7552
7713
6491
9179
8277
12849
3786
4947
3626
1862
10862
1940
2994
10239
10131
4736
12455
6755
5001
7039
8215
9424
7164
6153
1620
7548
12616
9658
4139
4143
4262
2191
10105
11985
5549
13280
2313
9216
2287
8539
12812
7546
11695
7053
2193
392
1061
7073
5744
65
10028
4074
4292
10641
13159
2881
11129
427
5871
1545
6147
3392
2679
3289
11406
10243
2772
4250
10093
6860
4770
1620
9203
440
9964
3567
12046
13273
10439
5693
7350
7682
12373
8418
1644
5611
7749
4905
1212
9919
11514
7726
12029
9512
1922
1331
2291
1011
3806
1764
2213
11813
4047
11876
6180
3547
2519
280
7589
2973
11911
9796
4930
3681
5783
789
12949
9465
3478
3949
1034
2680
2083
13268
6885
6746
7396
4007
8973
6130
2439
11602
11218
842
9615
11177
7221
1069
4791
423
10472
1594
3292
1662
12731
758
6979
5982
5718
3051
4820
4134
796
4375
11389
10155
3717
13050
4514
9997
12852
11121
11218
3686
7470
8978
4677
12376
10847
6463
1645
1967
6829
9854
5984
996
4384
6244
1042
8997
8599
8241
5621
880
10720
12721
3867
2275
58
670
5586
10776
6513
9942
1618
9629
299
5372
1310
9946
2785
3395
9643
9111
12709
4034
8646
7290
349
5449
6208
6273
3017
3591
4011
7898
2266
12140
3802
3780
3911
1103
12146
1997
4064
6039
7308
3575
4218
5252
11202
8541
4595
6799
101
12362
12269
5783
10693
2072
7315
10781
5798
1497
7103
311
1310
12563
572
11828
10143
9389
2628
6335
8438
3417
11544
4520
1083
9189
4827
5402
10388
2323
7490
1303
2141
11805
4513
7530
6531
9827
9930
10738
12160
10137
9694
2060
10485
1744
8970
6745
3542
11116
7276
7
13392
2154
7389
2290
4184
9748
1013
13020
4134
11301
9181
205
10145
12669
7926
7415
5725
12789
1990
5437
7281
2731
4697
10613
818
8777
7387
12471
8894
8473
9639
7701
11115
6145
11563
3966
916
7951
4949
6065
7722
9218
5759
13142
7917
6004
7450
5201
3302
9375
79
2380
6907
7989
2191
1575
3513
6426
2403
6430
6965
5425
8962
10234
10266
3484
10911
9711
10476
12632
2431
534
2673
5038
13064
9245
3541
55
5663
1926
1811
9037
13113
10536
9886
2114
2973
4753
11330
5507
4225
8386
5158
468
8587
10879
2455
6039
12167
3042
10161
12336
12825
887
8329
5384
8412
1904
2429
8024
9698
5201
7648
3599
5758
8244
1592
9995
8097
11356
2534
7600
12819
1535
2939
6400
12553
11051
9298
9436
222
9795
12211
12863
11958
6992
10430
12915
2881
12103
628
4954
1626
2144
6561
9760
8953
183
6906
10059
12964
8049
9604
7282
9640
4069
2055
4516
7521
3379
12462
893
1580
3769
10346
4798
115
9584
6463
3027
6837
8534
9446
10211
11829
9844
7835
289
5818
6220
5939
10783
7452
12544
10915
12181
5131
6185
10164
634
254
855
7793
1194
3139
115
7472
11411
7484
10241
1975
6480
5026
6973
91
1788
4232
13235
51
3082
2546
4617
3016
8459
10820
7869
3605
2731
4279
5685
9503
6584
307
12810
5476
9106
5568
9893
9460
4640
10085
7089
10892
11658
4092
1118
10998
11981
8957
147
8497
6876
11404
4509
8690
11536
6783
5226
8608
995
2503
11646
5062
12457
11735
9026
627
1294
8649
1674
1405
2233
3646
12886
7075
11131
973
7160
12791
2607
9588
1828
4137
10573
7395
11007
7454
1823
11845
8392
5309
530
10225
12408
10288
1725
5687
2264
5870
11662
5172
2062
12403
9442
3328
10064
2161
8196
6957
6764
5783
8521
13119
8630
6581
7495
5380
1423
9097
8450
1316
6804
12918
5238
6139
409
7586
11794
10990
2963
2300
10674
7236
1094
10537
1549
5503
6183
5759
9706
4801
1717
12085
4025
5716
1433
3127
7248
11142
8292
3294
5179
9209
13238
3204
9940
3362
4303
3969
12276
2828
10717
10642
10569
12911
9718
2481
1627
11523
11498
1973
5903
5136
10535
4621
4813
4439
109
6772
6800
2095
10054
8870
2458
1764
1695
2721
13372
12185
11173
11073
1147
8657
39
11602
7456
12353
2255
2850
2891
4977
8353
4643
11134
8918
3326
3238
1992
9636
8221
6714
7921
6064
2393
10252
10820
6732
169
6378
5345
3739
244
3321
5501
1158
2134
2253
11223
11002
11123
6180
6311
8850
11062
5075
8159
9774
12629
1359
7958
9242
385
8337
2009
6657
3166
5387
5908
12459
9734
7196
8962
1671
7340
4385
3799
6645
7922
10189
1783
9749
2909
12835
5712
9741
10937
7279
11237
248
5143
10978
4990
4558
5271
2961
12232
1800
5563
878
4279
8569
28
4749
7738
3208
7432
11367
9140
7548
11684
11879
5937
12616
2043
7113
4461
13085
10356
4781
6573
6553
9242
1579
6381
12242
7076
8263
7185
5845
4203
13028
6829
6339
10203
13242
12554
5719
6712
4878
3946
12518
3944
5462
9200
8747
12381
7521
13189
12341
9961
3313
6905
9744
4618
10281
7516
1238
11547
2538
13224
3967
8558
9701
12373
12341
5340
8560
10848
2960
8620
7361
12435
8295
6987
1550
8658
8777
3097
12771
11
8467
3001
1367
11151
355
3076
12988
4542
6873
11076
10758
3458
6223
2730
8448
1739
11944
1969
13307
12110
953
2031
11364
4616
7690
2875
2440
7142
11874
12348
5414
8237
4372
5075
12836
9335
9857
3875
7010
10170
1538
5793
10481
13345
9653
7235
9025
10559
3803
11256
6272
5024
8867
3134
11841
7208
9583
2742
4873
7993
3925
8939
6513
6133
4913
5025
4764
7730
8725
5448
11064
12179
1490
3959
5615
9725
11280
3886
5828
4176
1252
8401
3077
5224
6307
12150
1877
510
1879
7519
8022
8856
9855
12102
8591
11104
4617
3371
12280
2209
9265
11400
4133
11895
2816
7551
5760
2675
614
3264
12840
5749
3246
7675
1266
5109
11564
4987
7173
4764
1572
5550
2599
6687
9121
649
9099
13224
7151
5858
8766
1717
5033
9584
10351
275
4281
3376
1067
4352
1530
12777
7068
8804
5764
7099
5911
12689
13021
2689
2877
13365
12644
7827
13180
242
4863
654
12144
12440
11330
6424
11524
6807
5780
8327
230
13253
6445
11303
9425
12029
2266
6955
6120
9827
2876
2186
5501
13338
5075
4590
10980
89
147
4418
11778
3909
10980
392
4338
1535
9665
4584
11666
13196
8013
6936
3963
13040
2436
12775
8132
11810
3393
2180
119
106
10305
6085
9013
7894
2686
8149
4924
7193
404
4050
6759
11417
10492
1861
5663
9230
6926
1269
875
9262
9264
11441
2394
5123
11059
8669
2530
3998
493
345
2540
5491
3694
3383
4335
13348
510
8413
8516
2460
10298
2906
4164
4829
2401
11491
5836
5053
9707
8426
8500
12857
9907
3035
677
1078
9683
6138
7496
5504
1458
6140
12500
5397
2564
3083
12482
7338
6367
1962
1629
11112
7994
3963
1634
4731
7173
6176
1906
3476
5453
6991
8281
1129
5382
12336
6039
3559
4651
7114
1198
10076
10494
9469
1829
2172
13257
403
9805
12879
4233
9917
6950
10238
5604
4825
2568
6882
122
7174
7495
2131
3442
214
3419
12283
11646
4851
9554
7453
7698
12341
3372
13100
3696
11470
11919
1503
2258
4536
4037
9299
4425
2919
6239
5711
8547
2680
11402
13258
13267
6150
7021
10816
7735
7993
9779
11409
10512
4792
1204
2191
7832
11880
6660
8213
3263
11714
13098
4249
9418
8241
11523
1574
9039
9760
12871
10652
498
4400
11260
8074
9041
4126
7328
7013
4278
1866
13054
6184
11155
4476
4426
8265
10863
9803
1353
12048
5076
12650
2529
5049
13315
4792
377
8572
2145
1459
7028
6899
6428
6342
4499
5219
5555
12582
9643
6867
7642
4374
9857
3850
10673
12759
8800
12272
4052
2687
9033
13265
708
600
2617
710
5284
11829
7806
12606
13234
10879
5230
9854
9867
9407
553
7376
6085
4660
5726
5897
1133
11453
1084
7049
1707
7956
5610
4213
7584
3636
5881
39
3511
9020
12939
3964
9055
679
10532
3682
13353
11146
5987
2832
1710
3304
13329
8517
292
3425
10714
6909
7386
5312
2431
9481
876
6060
8827
3205
584
3219
1194
5377
12103
7674
4026
8296
12289
2789
13210
10411
780
11028
2687
9770
10011
436
10087
10650
6272
7021
7039
7697
2315
9608
11033
1002
3711
8533
1619
4408
6647
2929
7792
9
2391
1647
7728
12896
2598
7701
4918
6552
10260
7067
533
9010
4114
1366
5681
4921
3659
8723
5813
12517
711
7462
4005
13206
10112
2437
7796
700
2956
11334
4241
4698
4016
979
420
4047
2232
9649
3632
2352
1839
8081
9493
11747
7107
1687
3789
173
7794
9903
9863
8558
4627
5756
1386
1079
13315
8841
8424
10549
10225
1266
4621
2620
5247
10171
117
4551
203
13164
892
482
8427
9082
10700
3351
6988
10128
2803
8435
8389
5555
9109
4245
4393
10873
10309
11252
4406
10463
9997
6591
12619
7767
9313
1791
13231
6373
7916
7776
7857
4119
7132
4896
12134
3804
8375
9156
10859
3679
4817
6565
12662
2033
4279
7630
11319
5891
5542
2669
13187
12481
6714
4546
2442
12220
3913
3399
411
1554
9941
10887
3112
9178
6661
13389
2437
3764
11051
11631
7570
992
12787
2715
10192
9932
11723
6824
7058
1575
2780
10301
2504
1341
4890
3874
2498
6010
1827
8375
3743
9590
232
13000
8483
414
12192
6472
9732
6352
11268
2965
6726
10679
8451
647
917
9654
9729
12350
12251
2729
486
6577
11887
8204
5958
6463
1597
2099
103
9928
2390
938
6941
13272
7849
10783
11922
1310
8668
5609
13082
9507
3877
8375
4545
6155
2632
802
12612
11433
7308
5476
1978
5364
8601
8411
2482
5314
7551
12908
12286
1688
1821
9767
6313
2970
7675
2430
6941
3435
10942
3905
7259
3148
217
12201
8548
2282
516
11723
8473
10918
5480
8075
11705
9678
4405
2726
644
5068
11951
10222
7952
1856
7854
157
2454
1434
125
9132
2422
4937
7455
47
12753
13104
4651
1287
11787
12492
13202
5307
5735
6228
12594
9163
10234
672
9654
9316
3548
1604
3302
8660
3561
6071
6533
11171
12054
1401
4144
10480
3814
6101
12521
12850
432
8132
2599
9111
4791
1847
10351
9582
8609
6879
4873
7698
2569
5415
7400
4523
10424
11044
5430
9913
4609
1437
3751
1146
4296
1568
4222
8788
11163
761
12264
1163
6807
12435
2891
5284
13132
6077
9765
1149
10954
6367
627
4009
403
12627
7142
9835
2346
5400
8347
9937
3243
421
742
12734
12760
10190
2401
9554
1426
11342
753
11553
1585
1177
2449
9344
12153
2081
6475
3671
12348
3364
11464
12070
7869
12279
10289
10320
12817
695
10331
10823
13100
12708
9276
9368
13259
557
4269
8887
4807
6407
10840
6758
9824
13139
8798
5789
7982
9812
4615
11528
10100
10237
6004
1176
4798
12350
4932
12119
9384
4054
2701
5493
1856
1983
9567
2859
1368
10664
8275
10448
218
2978
2239
457
1352
9765
791
8840
2295
7279
2617
11478
1571
6953
10995
9609
5040
11390
12004
4301
7768
11560
3504
12198
7290
11970
9973
4608
12336
10611
12935
400
5648
4783
10342
7561
4027
7689
1893
583
6590
12804
13182
7336
1248
4906
3978
10264
6049
11120
6610
4033
10721
12141
2054
5726
10420
4998
8940
3254
12640
549
6597
10117
2693
10717
7889
10840
3845
11176
693
6522
8081
13172
6418
7164
955
11467
6533
12361
5975
1655
8574
3196
5919
4528
7472
3413
2797
515
1682
7088
1371
11644
4249
11271
7168
5782
12767
9688
6831
6235
1994
5384
12439
1642
668
10313
5376
8710
7452
2559
12609
817
6827
1828
3009
2878
8944
11502
6184
13179
2148
6936
822
6374
896
2640
7557
1156
11334
12735
11608
12777
5273
1443
1893
7241
10624
11510
4469
5511
4305
12263
2004
8417
5964
9143
673
5999
8884
1774
6061
11735
2516
266
476
7635
6610
172
6572
7218
3623
9881
1727
5872
4089
5619
6107
12915
3177
11123
11550
1963
5192
2943
11604
10576
11035
6075
596
4345
11961
1071
1668
3168
9848
441
4033
8045
8497
4005
4199
4430
2546
9576
12423
4219
13058
7366
1991
5416
6774
2175
272
8614
9769
6335
9624
10422
106
2231
10272
457
5438
6541
1142
7705
9594
2957
10977
8035
10691
2274
7020
5916
3263
6452
8022
11199
6695
10646
2496
11269
8481
10350
13033
9979
8169
5433
12151
11881
12521
11176
5233
6598
6043
6337
10037
10571
2506
5611
13317
4142
4186
5444
9983
8348
1774
9302
7061
5558
11955
7413
26
9208
9851
12215
1500
8181
263
10721
7989
7788
6347
1763
8404
3094
5156
3632
6684
675
4483
9336
6577
9798
1378
12497
8069
1472
7880
6542
6182
6677
5864
5309
9514
1665
4300
7671
6286
12347
2415
6850
6046
6047
662
11126
5675
1490
11086
7185
7522
11783
10984
5844
2682
1607
7264
6214
344
11102
436
8263
915
169
2829
9562
9558
419
2280
10340
11619
4770
1780
107
2602
1796
3764
10485
70
968
6148
9863
4842
11669
5431
11607
2180
11632
10406
13381
2797
20
5641
12764
3850
4802
12118
2839
13288
12223
9296
4970
11152
9493
2628
7768
10901
1641
2298
12539
7442
1542
12147
2340
1849
4759
13047
7625
722
6848
4426
967
5224
6027
6776
613
4887
7596
11624
11718
4625
11497
11508
6494
1555
3810
720
8405
2317
2088
8892
2100
12999
8730
5421
7578
6498
3936
5822
12869
4261
2711
10029
8016
429
5850
1543
4401
4722
6152
3915
9417
4099
2300
3531
920
1408
3176
10732
10120
10617
10441
676
4467
12911
2662
7671
1745
207
7878
12575
2282
11504
6198
7097
12400
5970
3325
2889
12104
1914
399
5584
13150
6789
7860
7472
3428
7154
5187
10530
11057
11690
7124
658
9165
8774
8624
7091
7043
4525
8638
3288
5888
3578
4673
8074
2789
3493
12054
701
1096
9993
4488
12924
4584
10905
12619
47
4430
11291
147
10631
9599
12670
4124
9441
774
7800
5311
11797
10867
680
7431
10951
1475
9133
1615
8533
3188
2883
1380
12337
319
8321
9806
8100
12252
637
22
3809
1178
1272
10979
4985
1306
286
8520
5558
2746
6635
622
11897
6128
3966
711
9615
6471
10169
949
12581
4229
9196
11127
3732
8536
246
11848
9590
11880
6327
6477
2370
3741
5577
10588
4749
1062
10399
5520
11397
11492
2125
507
10276
226
11701
11467
3188
1173
11405
9497
2958
12655
4569
3060
11261
6477
618
6268
2029
10071
1856
4019
2842
4464
10919
8937
3151
10989
6115
10519
8969
5729
2729
11761
9756
5621
9266
7802
12212
680
6823
12433
7390
5342
12287
7126
10707
11132
6354
1584
10462
5100
1152
9759
594
12986
12083
12522
6692
2460
6984
7026
3342
11161
4621
2268
8314
4863
4499
1318
5001
8396
917
3806
10602
9570
8827
12173
4095
3930
13338
2391
6693
300
3354
2542
1353
7279
5564
6219
8165
8592
9168
10687
360
8078
11964
12470
8319
9686
5388
2236
2240
8808
3034
1236
1263
8528
3356
12807
9918
11569
1368
7953
12898
5006
7638
924
5479
4392
8014
1641
13102
5672
9747
11159
11475
9934
3823
12008
10846
11573
12825
10837
1576
8946
10263
6475
5337
10701
1129
2201
1590
10838
10877
3497
13053
6592
6470
1099
10353
13125
7604
11796
12659
6509
4221
1457
7922
3981
3418
780
13024
12759
3521
6053
2349
9019
3809
4304
3728
1861
3177
2572
1938
10732
8779
12813
12777
11692
6607
414
8929
5136
2198
2890
8906
3030
8307
3101
3954
3254
10370
8124
5711
9396
2469
5258
12200
10488
6612
8934
5743
8887
1388
12348
4344
621
8210
10928
11714
12080
3758
8534
13148
11524
8824
12910
9921
10611
4981
8634
12389
1298
3678
8808
4845
3677
13311
12933
8832
4437
9047
10166
9177
7540
10077
13104
2209
6195
2679
4304
7105
3184
10671
2425
7732
10757
122
6339
5175
7292
2573
7226
3833
7159
12347
10864
376
10935
8179
11181
7249
3644
6749
3250
12950
9581
5597
833
5910
8922
8661
1334
12613
852
8946
12077
8704
7822
2731
12680
853
4019
6899
12986
2311
12016
6838
10153
6381
1806
8711
5615
6892
8329
11179
5114
13011
13169
12114
12560
12858
6685
4502
2862
5208
6968
1089
5980
13343
1001
10454
6906
850
12161
8601
6758
11692
9822
8448
4514
12127
5488
6790
5452
6199
189
913
8736
2252
13283
1920
12567
3611
10618
9000
835
9271
429
2335
12489
7175
10863
4374
4391
8989
11798
9007
3529
7227
12039
11189
12163
6769
1643
5794
6347
7748
4251
1646
8143
285
12244
11763
8582
9354
9390
2714
11543
7017
8663
13114
2616
5661
10258
3005
3601
11156
7812
5335
9696
9224
11839
9730
10000
4494
2871
11474
9518
5774
1433
4146
8131
1884
1686
180
1268
7043
9968
8013
5682
9094
12012
8828
10074
5916
8806
6899
3264
11853
10067
2300
13010
558
9467
11197
7039
7325
3734
1122
8609
6120
3470
2866
10876
2240
5502
11807
204
9155
11164
7066
4083
4011
1019
1635
2842
10764
6659
12428
5034
5500
5608
1511
1780
4007
4679
11860
4607
11518
406
7882
6666
12643
5473
6123
9643
7128
3897
6319
6284
6575
5632
7216
650
8870
8082
12334
8481
7414
11304
3214
3062
4916
10694
1520
12353
11006
13005
9196
6719
1806
12519
11663
3471
9931
7122
7966
11798
588
11752
232
6473
735
11792
10135
13150
7827
7229
3239
1085
426
243
8405
7174
11798
2098
8134
4714
12818
7235
11947
10703
4624
11431
11071
5985
12525
12698
3934
12150
11301
4852
9974
7580
6710
990
530
5827
10177
11053
9493
7735
8475
1303
12849
5224
4042
9274
7696
300
2753
6358
1818
9546
13090
7832
10420
10492
634
8810
1869
9108
8638
6329
13117
1189
9969
5380
5617
1423
10041
2466
12923
13232
11067
10459
7468
11635
10776
6883
3330
981
4333
8740
7733
12047
4156
1974
6310
4030
7412
7266
7524
1062
2075
8848
2861
2231
11922
13283
12973
128
5987
5604
1314
5892
5290
3923
9579
11087
2705
6853
12185
216
11137
4903
2650
7675
8368
4835
9751
11292
10162
6366
4573
1870
5175
2511
660
7975
5737
12446
6447
8432
12302
11888
10724
11159
9760
12703
12289
7883
2846
2881
7023
4605
2127
9712
505
9057
5066
7750
175
1910
7385
11630
4289
8595
7522
414
6978
8846
8284
6963
4222
4176
8057
12280
1950
9713
12394
8809
8780
12146
7219
8242
9545
394
7863
1901
12432
10386
11693
2045
1252
9075
9062
6533
10805
2397
2177
10853
5648
7637
7217
11100
12924
1752
10245
11046
2473
12234
8003
302
10361
8268
2495
8389
9695
7492
1235
2952
11284
2057
10483
1290
3080
11483
10629
6748
10782
732
11705
2700
11641
4634
12282
12246
6824
6645
12381
3166
68
6820
7023
5761
8768
4489
5559
12599
11359
8309
12053
9253
11280
7191
1949
11020
9343
10195
2457
4462
5003
6669
4572
6893
4552
830
1610
5822
310
1265
8057
4006
10032
319
2964
2580
9893
12135
7483
10135
3833
4358
9100
1155
12255
9794
6158
1172
2760
352
2664
5401
7958
10791
8980
1900
8587
13381
5975
10792
7658
2551
11043
9346
10626
9792
11977
12461
2102
7088
1016
3440
6650
6294
4807
10186
1359
9705
12539
1107
10873
876
10649
6310
10836
3835
749
8832
4936
7877
1305
5198
2437
7829
7157
5606
13025
11440
9241
13219
4205
4843
1392
5986
123
6238
4449
8793
9686
543
10939
7458
5136
1952
5000
6313
9613
3357
10141
12869
1890
12972
4519
11435
2719
9390
9911
1478
8945
9039
9548
8178
4328
8457
9885
3553
1102
11491
10016
7746
3432
4475
3646
8845
5663
1088
10735
2817
2409
3782
11225
6905
9312
3582
13322
4506
11552
3358
8349
9106
10574
3044
3214
9242
10689
1393
2578
691
10761
3715
12256
12323
2871
4115
7854
11164
2666
12108
8483
5560
12635
8243
1185
347
704
3534
7765
2328
10807
3058
6859
1296
13335
8121
12959
10117
2269
5011
3772
5117
3863
845
9673
12878
371
3883
2044
6703
5416
13310
3902
12192
1609
5555
1781
12772
5801
1258
8512
11676
3145
5184
4894
2265
11811
3141
13248
9978
13282
4774
11298
6555
1177
12807
8272
2874
2099
425
3437
3166
10977
6792
10245
8635
5543
4884
10373
5519
10631
13117
1593
2954
1835
9845
11491
12022
3102
6361
8143
13301
5156
10529
1040
6521
4139
11299
5851
12909
10574
6941
9741
6744
11587
196
9241
4196
10438
8519
5956
4465
9013
516
2173
2159
9114
7337
10626
844
5868
13347
10992
457
10769
10804
13338
9965
9205
809
3888
10622
9825
8019
2228
6625
2179
11980
3149
709
7180
10538
11466
2348
12470
9635
4405
4767
1901
828
11235
3057
4459
10945
11333
3985
3753
12186
10471
13056
5747
4079
9016
6380
9871
2272
10509
5735
9442
7195
2103
5326
8927
11615
4064
9661
684
11688
6766
9315
4016
11098
3839
4825
11568
10439
12196
4908
8460
3475
1537
10517
11663
100
647
6564
11735
9933
10841
1651
1201
233
7070
6746
10356
4131
10229
7840
7369
10195
595
3474
9948
9744
8699
5641
11458
9124
6018
9050
6961
973
6248
2727
9880
2507
6917
3294
2074
2400
9399
8227
6609
1442
6425
4513
2572
4976
10505
11531
4077
3220
9914
10692
10721
5757
6203
553
13317
2788
1964
6025
4573
10307
3621
1178
2346
8839
10281
4114
3111
10469
11265
5425
7265
10638
10542
11055
5820
8619
3735
10917
7403
2290
6049
9423
6932
2397
7479
6200
8023
4739
8436
8859
7719
7249
5742
11757
9850
10503
2016
3071
3572
9090
11689
1112
9435
157
13132
10199
10414
6078
6085
9506
1392
7182
2019
12528
4454
4665
10453
12754
13332
7849
1173
12675
9321
12850
8993
6210
1818
4482
10669
11440
4711
8988
7174
5752
10591
297
762
13075
11769
9212
3332
7659
8714
7732
6981
8334
2721
5252
12261
3148
12705
2187
5960
8222
11723
5212
5910
7807
9282
10801
2404
12313
7322
13093
6478
3103
6542
4860
5354
6813
7569
7058
8651
4125
10895
2436
2397
8304
10067
6842
9804
6906
7094
8992
3085
11133
11104
8630
12593
12046
6638
8359
10842
7353
12119
8187
2904
10233
9924
3560
6323
1644
4372
12727
3699
6747
12938
11928
1683
8615
13097
5916
6094
7123
8930
80
2277
5249
10210
13038
1859
8664
713
4932
2594
5449
4640
6456
9575
3977
4906
4705
11408
9773
13251
1828
5340
11212
11147
7526
11774
5694
13342
2639
4024
9850
11729
9616
7237
13050
6038
8260
4578
6056
10113
11699
4633
5359
12764
3024
8734
12850
155
9478
12435
4871
5655
3126
2292
3569
80
1975
8870
4269
1366
11495
10477
11398
12610
897
7869
1954
13292
5476
5124
2333
1503
3541
4518
9599
10891
9511
5849
929
12968
461
8471
12523
10163
2160
6144
10409
2213
7523
9728
12055
5718
1791
11324
1330
3897
12254
5762
4622
11113
13198
10870
1911
10420
1372
8526
5359
7087
8437
3475
1689
7387
8711
10846
12018
3227
11673
2904
12686
3097
11863
11299
2588
8038
4142
5843
8479
11735
4792
4414
12726
12147
10264
8900
10324
4894
3632
8790
2948
4093
7047
2188
8459
9343
427
11232
11281
8033
13302
13116
7906
7541
2201
9320
1347
1053
652
7204
8789
13149
8075
11928
3666
1864
2879
4958
8522
3306
5341
1553
10478
485
1161
12738
4489
6862
11745
8923
1680
10214
2333
4550
8177
2050
11806
7352
89
9634
8564
11221
1789
2472
4788
1911
4964
9651
5395
10288
3113
5814
4871
6737
4430
3085
994
7526
3231
4696
3840
5186
8132
3219
12065
11121
12076
244
1127
8165
7657
9639
5820
2411
1045
2153
7185
6585
4322
9772
8899
2768
5023
5785
11616
5504
10085
257
5876
13373
5417
11130
8346
6134
12411
3089
11417
12192
7761
2690
5848
579
10221
12221
550
12718
6831
1345
12418
7840
1340
10703
7924
926
8632
5780
751
3770
12790
5765
9851
6735
2131
4198
930
7414
10527
4150
8365
1604
1711
11173
10542
8300
1544
8114
3418
6657
12597
1654
12645
3158
1635
9892
623
6384
733
13057
5784
3306
9287
8695
7122
2664
1011
7851
3342
12118
8585
1990
4293
9855
11166
7988
35
2575
12076
6488
3510
6550
6224
10418
11376
13379
11497
11787
3113
5589
8997
9935
3325
11956
9129
3540
1135
4154
3637
12816
195
851
5970
6206
592
13078
5117
11279
4629
5293
11600
5456
3363
11541
10155
7399
1479
5542
7100
4828
12126
5890
12935
11244
580
8729
11745
6713
2803
10232
11631
7663
9204
3510
7286
6681
3566
7101
4778
12434
10706
5144
9584
3587
7158
2434
8725
6713
3795
7423
2740
9716
4238
4568
10141
8189
13105
3384
10371
11671
10665
8292
13203
11975
5353
11696
1620
9649
1635
6547
1468
11544
10878
5933
12134
6704
7375
13154
12943
8255
10208
9186
9785
11
1544
6381
4291
2767
2785
12266
5170
3645
8262
4397
10197
12881
5493
6099
3994
4434
12053
5603
1121
9679
7147
5690
10305
3653
185
10174
13366
11461
13121
10994
5586
8455
1980
10483
9236
2622
10412
8186
4223
7257
464
11168
12073
5430
4326
11909
9979
4463
6241
4798
4546
11213
6898
20
10534
5915
6198
10581
3679
2192
8875
8018
13229
5451
12293
12909
10159
4962
4344
8134
1804
9178
1673
10860
12684
6244
13064
3710
12805
12875
10032
1905
7691
13174
5041
3190
9616
9246
292
11105
7862
10002
10929
7729
4329
9723
9664
3830
2242
10410
2173
1244
9597
7987
11914
9699
12952
10573
12263
8570
7840
741
9204
4638
4472
1994
4700
10021
9820
4628
1225
9331
4240
6172
7764
3673
6846
8863
7887
5457
4101
3123
4854
13247
8415
11369
5971
10519
4530
5228
11117
8461
2307
1779
12659
1907
706
8274
12265
6878
3025
12166
8031
3944
12727
11988
4332
10397
5680
8909
6474
3718
1093
6307
1779
7733
5097
12045
5455
13199
9337
5147
9980
8120
2747
3046
5750
7627
12340
12060
604
7230
11939
2044
10945
693
3527
12627
766
1407
11620
8731
6888
13252
5543
8172
10211
10592
11446
2294
10528
5975
5498
11096
9742
12490
9921
11946
8699
2987
5950
12040
13220
3853
6369
2374
11900
1680
6894
6077
3734
9624
10734
1935
4932
11823
1070
6453
7798
13291
5984
995
4441
9536
12584
12425
3624
13002
10097
7382
7100
12713
363
4343
11712
5863
13096
11224
7766
8342
9317
3343
9475
8974
4413
3387
1428
532
11449
11636
10794
5491
2760
11940
1123
4216
5423
9154
797
2727
6782
8313
8831
13190
912
9559
7898
12659
5120
8965
6016
11738
4204
7057
8177
487
381
8963
6529
9240
128
6143
2929
5246
9961
9764
509
12023
8038
2227
9903
10499
8308
9681
7232
4139
7738
3419
11137
9119
11433
8990
519
6600
11551
11652
1426
13047
5926
3784
12207
7607
9608
3847
7709
7565
59
8776
4325
9155
8923
458
3604
7994
10748
4872
7310
5440
5311
9445
575
6362
447
10422
7244
8655
3776
13039
2264
763
5807
4300
9461
5794
11201
8566
3439
4814
2761
8728
1819
9603
7072
10914
1358
8173
8619
2873
1553
3572
6530
2639
10871
8989
9904
11793
6730
5688
8240
11792
7513
4625
11371
11333
9678
4265
11894
346
6658
4092
894
13019
678
9227
10701
3466
1311
9735
13210
5655
1489
336
13358
12841
7498
11748
10069
7076
5129
2884
4730
5257
10287
6976
614
11330
9623
3219
10962
9139
7143
6637
7693
11228
2473
3150
3487
698
2619
8309
1424
8581
6665
2754
11753
3132
13261
13044
3414
9580
840
10580
10172
8016
12238
10716
2368
13154
5903
1274
8890
4814
3066
11613
530
7875
6113
6860
1871
11861
8312
3172
6525
10979
10020
2823
11843
5260
10121
4264
1573
2739
1776
9793
7516
7642
11354
983
13325
3891
3549
3305
2589
4166
12579
10820
4323
6103
5084
11668
6836
4188
5590
11124
1285
9051
4685
11216
4268
1014
9741
12511
8756
9494
9454
8364
6968
9779
3306
12632
8332
3014
10235
490
12867
10726
2870
1778
12138
5185
13044
7580
11370
8634
1478
10716
6457
12947
3428
2058
10602
2324
8666
7600
7612
9399
4144
2290
1478
7053
10866
8618
5227
739
1908
4207
2774
4919
3659
3978
12213
525
3612
12055
10716
360
3304
2337
9901
4363
4723
5526
7084
11431
13398
815
12414
3044
1785
12904
8346
4808
9508
6627
6246
5169
12789
4817
10715
13021
4342
6718
1923
3864
11672
130
9904
10882
7519
546
1969
147
8311
6822
10033
10107
6709
4402
956
6746
6186
11175
6622
3912
12013
1956
5430
5140
9564
6708
9849
12380
9992
9813
11479
1472
4148
8727
2991
5543
5425
13050
8133
9990
2548
12944
4093
7527
10125
320
3038
2424
2804
4938
6803
8401
123
8744
2732
11433
2568
519
1235
2052
9096
4171
9528
12399
12406
1861
5233
938
2835
2171
6728
2911
11026
11210
2831
2782
2078
5454
5662
10763
668
7533
5881
4451
11710
6114
4513
9457
3859
4858
9845
6038
805
2677
5264
9067
9455
6551
13315
2879
9075
1329
1678
6779
2270
2295
2904
7753
12570
11235
12687
4460
5012
11539
9505
5822
5056
6502
10184
6222
11652
2206
13019
11285
4446
5793
11943
9490
11713
6027
5532
11285
9892
11626
10186
9440
11911
270
13067
416
1640
10634
7085
9012
10520
3824
13139
13032
6011
12396
4383
4365
12020
3027
3364
1705
4063
3423
1609
9993
5042
813
11576
2123
6752
6950
9843
12183
8418
6500
3798
13318
659
9348
12819
363
5689
3750
8981
1755
7696
388
486
12819
52
10980
11444
10871
10892
11173
4870
6982
7925
2695
7842
3186
9803
12060
7048
1483
7175
8440
6960
4115
2810
12282
11380
5397
2109
12029
8406
6182
1931
8354
531
9900
3766
9167
13061
5313
4642
11732
6951
9031
11996
10053
2357
12994
11556
13387
9559
1035
11560
1694
7453
642
7880
11193
9159
9332
3291
246
6931
1216
9135
4241
11765
1144
1295
5810
3700
3680
11496
1643
10509
3719
7292
5665
2293
7433
6982
738
2719
4368
12015
11919
3688
5536
8538
3540
9878
13343
6808
343
5576
4757
5422
10037
8211
6918
1240
1163
9743
4304
1805
3172
11149
11788
1844
2129
8986
12397
10576
5339
9151
2210
8053
7977
1532
3134
3067
7863
9224
12448
10446
5628
2971
9885
6732
9000
7899
6540
7631
579
5832
4567
974
12949
11845
12647
7051
13197
4236
6570
1385
12932
2315
636
10276
10584
2858
5183
4455
6976
13013
12354
726
9213
5665
6334
6837
10051
1556
2484
11078
5475
9001
2919
3134
4444
9726
8139
2173
7507
5201
7748
3781
9614
6258
2886
2178
10358
5170
1581
12224
6288
13164
213
80
1283
10536
678
6982
11325
6657
10603
26
1571
3743
12391
6252
2454
1773
8901
8022
9729
10667
1852
12135
2418
2202
6397
61
11076
4906
3767
3607
7760
9060
386
5535
10575
7833
60
10810
12801
10602
2033
12316
1939
4744
245
6189
9756
5068
12103
9881
2712
1525
1077
6535
13192
12840
7449
11724
11557
374
6592
1037
11888
8125
8747
692
5101
9809
9685
7420
10338
10768
6866
10188
10568
4521
3331
1326
971
7656
4088
12337
8869
9151
6701
2626
7494
5536
9852
13042
13229
10633
810
7428
13009
9203
1842
9230
10282
4572
394
10187
9176
9288
1194
11504
11825
5207
8006
13162
7776
221
2489
2310
10965
908
9866
2013
6628
8541
9763
11233
6658
2905
1505
9318
4390
11643
1726
10433
5705
13361
675
7911
2869
13132
7445
5742
10928
12696
4432
9491
504
6189
2623
8552
698
9326
2136
1044
4266
11507
693
1443
2391
4042
4279
796
10885
11560
7084
10855
3315
7844
4856
11799
7509
12139
3063
7657
6443
5366
8350
8028
5138
3263
10755
4124
12693
3626
4198
9235
8725
6526
6175
13284
2980
7276
10105
4118
6126
6170
8398
2918
13229
4667
7431
7578
11794
2603
12200
7572
5626
5135
4420
5307
80
599
12325
7790
13133
10755
1474
11946
6375
5716
10460
1571
3294
8071
3072
13386
23
6376
5621
8075
10785
8711
11206
1283
8172
12
8881
1298
4829
7009
1175
3641
12020
1932
9773
3335
4052
2813
8617
11291
11090
11676
4536
756
3373
3810
12291
3290
3890
3404
6315
4001
3485
5343
13154
758
10351
8619
173
2664
6780
1850
12267
5868
649
1966
10799
10143
7546
10161
10440
5141
3582
11094
1085
3555
10720
8952
8949
2127
9814
44
1682
7217
3831
1845
5119
5876
5175
8947
1043
8878
11896
2340
7165
7269
10845
12278
616
4559
4590
3712
370
1199
4023
4763
1179
1453
6070
7722
7819
9422
189
7565
6750
9951
2866
12204
4679
10860
2516
6533
11958
13103
13120
7239
9767
9507
12421
7868
10618
2033
9586
8330
4135
4312
7516
2205
8473
9073
8132
11795
2991
12420
1980
10125
2351
3459
526
3860
2965
9334
10669
10638
8929
12994
11052
1906
6671
4765
5097
3926
10052
12100
2758
10370
10620
570
6221
2229
9025
694
12866
2173
5034
12985
10983
10371
7575
6844
8118
7675
7902
4274
13369
12624
5300
9100
10456
4252
11053
2807
11205
4587
12753
3118
3625
2921
8780
12124
3753
2598
11019
2528
5699
10543
9291
344
13143
3431
1950
6623
1299
4215
10038
3802
12755
4869
2719
11198
8585
6453
9101
1001
4645
3877
3300
10112
5154
4886
1394
1447
2119
1696
1923
407
9791
8647
6842
8672
8241
9190
10391
3834
11468
12527
644
2382
5710
9290
6142
4532
5214
7003
2572
12587
7100
4528
3158
10418
2193
4955
5398
8687
5044
3191
7430
1095
10279
2402
337
7834
3723
7555
317
10668
77
7952
6596
8981
4398
3919
407
262
4906
3331
7363
2920
4834
5087
599
12313
3556
7980
77
10013
7088
12743
10880
6143
2749
9958
6082
12901
9815
8432
5411
8890
13013
8294
1543
10684
1421
2967
12974
1526
11863
7776
5573
9489
1262
8968
3295
10047
4367
9618
5771
2540
7876
3149
7577
5065
6765
9017
2325
5528
4546
281
2401
3617
1288
6848
3049
7004
6311
13067
11156
11639
12405
3058
13391
8957
4560
3878
6349
2893
3278
1660
1619
2814
10859
1237
6813
2267
5425
8947
7088
11033
8591
10754
4350
8341
9112
2394
6928
7927
4975
4429
13205
8322
10051
9762
3693
2034
13167
5441
7679
2623
7658
4800
4731
3374
5613
4079
9772
8183
3258
8281
6622
7080
8494
10228
11817
6767
9536
10753
8583
9833
4081
6955
1321
611
710
6944
1853
7135
12908
3015
8986
1435
2078
12308
4557
7250
7411
1189
4869
1400
4302
11535
7352
11451
4251
2386
7560
12352
11418
6755
12202
9664
7429
4701
3388
3692
8374
6885
3938
955
9067
2482
2138
4993
6669
11396
8530
13225
4474
8117
10440
2513
5600
5026
5755
1455
10605
10569
6851
3527
3411
2466
2579
4442
13364
9271
9667
9895
363
4113
8070
9859
2346
1680
1748
9802
11255
8729
4322
6360
9286
10948
4186
2146
1872
10223
8738
1261
555
7276
1506
5785
1917
8369
2830
11820
5784
4966
12020
8593
6317
1626
11857
3037
8740
6831
8175
8375
235
7779
7295
2032
4099
12620
9302
1844
13151
5652
5269
4420
2595
8605
608
759
7181
9663
335
8886
5079
10288
2816
2980
6688
4369
1208
11392
2420
11602
3695
11809
2661
199
6411
6793
5672
11278
3453
243
10834
5011
538
5294
6923
7054
4516
9244
12791
13057
3606
287
442
8797
4235
600
5171
7195
261
10870
13233
1713
2768
13216
336
13337
7905
2430
6523
4882
5382
2308
1501
6416
564
276
10140
3946
7489
7043
3587
12928
8472
4935
915
7866
4589
10213
3506
9221
5428
10644
4446
7121
2022
2988
11971
2462
6580
5111
10898
8191
11645
7067
10427
1747
10725
13110
966
3872
7704
11881
4240
12497
3046
11254
2701
3943
2409
963
10474
5488
5225
11589
5026
8668
12407
3273
2513
3605
11842
10739
2991
10024
953
3964
6491
1331
2299
1238
7129
11617
7287
11310
4978
9006
12085
5189
5605
1888
9151
4644
1958
2990
10069
11677
11494
13034
2684
2347
3123
8446
2591
4706
6338
1998
13376
7709
5498
4166
4514
10846
13360
6818
3182
12418
1183
10877
11746
10693
4987
5014
3639
696
4139
9565
4979
11538
7748
10079
4778
551
12292
3428
6422
1934
8942
10404
5713
9761
805
7756
10319
13118
2184
1630
1226
3313
9199
2928
5105
4643
7557
321
4179
8896
12123
9319
6366
13143
11054
571
8739
2488
4606
8288
6077
10005
1916
1577
6182
4547
3614
1483
3681
12443
2911
12532
10039
2289
8837
9001
10719
8848
8086
13355
3914
9822
9496
2760
13053
12808
9701
12738
13253
10898
5596
5866
1
8687
3728
4261
8553
11559
10106
1950
4488
3927
6745
8596
8919
10429
13272
10333
6817
1391
11648
10649
11174
2867
12907
804
5942
8463
3701
9209
6192
7189
8901
7233
8185
11900
8901
7579
6730
5462
8393
6065
8997
1179
3263
5877
1066
1740
10173
6197
5813
12993
3506
1052
9008
10759
8209
965
2829
3389
11046
13302
12256
4956
13020
12430
6904
3246
8247
112
6364
9018
8935
1132
2800
7839
13202
12075
224
7063
3233
8713
5265
3476
9914
7907
12020
8400
5536
5308
4100
9448
12884
8120
1983
3014
650
8208
8739
2391
3984
11386
13021
7324
6041
5596
10978
908
3521
5089
6677
12646
5686
6215
10182
997
2284
239
3482
8617
888
8237
10745
13369
10176
3145
3502
8809
1005
12825
1267
12467
5767
6175
10964
1156
4862
8910
6671
7548
2854
7402
11779
9028
1914
7582
738
4646
5577
9728
8888
13371
8568
5035
3150
1831
4478
12013
5853
7889
6446
13388
12255
9566
3577
6980
7294
12645
1029
4713
7706
7311
11361
8815
4492
964
3255
7381
5591
10623
7234
8731
9452
176
169
3144
11959
3804
7460
1749
12385
2511
4436
10657
6018
5715
327
4043
34
9803
5362
4983
4901
10579
8541
9983
13214
4421
3330
3270
6031
945
6045
8837
6338
6564
1600
1575
10738
11062
11943
9456
2987
521
3173
10320
13323
5736
2712
5291
3662
7805
12019
10558
326
5630
6341
12763
10717
9685
11241
11714
6809
3310
9682
8481
9659
1482
2382
9748
3141
2853
3087
11047
6913
36
2069
5865
5588
4080
10837
1187
4186
2779
10967
11174
4679
10080
8458
6524
6814
12790
12357
12585
9676
4588
292
3121
10494
529
3942
5047
4133
4920
9580
6477
570
9106
5085
10518
8909
4947
9197
4518
6329
5937
2315
3225
3360
1164
5286
13223
5533
5065
7695
11664
11859
2541
3831
11375
8056
12467
8816
11523
4471
7146
4570
7966
7500
9241
3177
6963
9505
13366
4555
5983
12928
2216
12329
6016
10268
4980
6585
10990
7858
7584
2674
425
300
8772
9018
2119
8230
5376
12250
12333
9194
5058
4552
3852
6734
6506
8016
13090
8287
3997
8941
10495
8010
4907
5401
9126
603
5539
7718
8257
10983
1884
7871
1935
9584
8036
11406
4562
3099
12211
3150
223
5999
8065
6644
9909
2764
4114
8504
11237
6392
5027
6538
12140
520
9179
9886
10421
5793
10086
7534
10216
1771
4567
12795
5605
759
9726
11652
5317
11580
1859
459
5383
794
7651
2067
4599
8751
2003
10011
2520
3530
9820
11024
8163
12695
1527
6552
1828
12641
8920
628
5967
1253
4081
382
4837
779
5268
9742
10030
9528
167
7494
8757
3219
8268
4961
10521
10869
5155
6807
4063
8890
7556
7750
2919
13399
2511
5842
7120
10710
2311
2321
11152
3467
741
11218
12351
10377
10040
92
5323
13160
4465
3222
10448
3962
11596
1118
8712
1614
643
10739
1111
9399
5828
12469
2011
8860
1568
7369
4619
10577
7930
6905
11276
1106
2823
3192
969
573
2238
10166
2394
9870
6313
11050
9093
8
9446
5132
4742
3384
4310
10735
10251
10568
11254
7001
3862
823
11669
3704
12510
12074
12982
10114
12899
9812
6363
5303
7376
7585
11431
2974
1824
3848
2841
511
7308
11145
917
7705
11464
8599
7915
12484
3563
10730
7609
13279
7402
4501
579
2803
10226
7919
10896
9092
10568
11732
2334
6354
12046
12557
5260
8345
11066
2958
10062
11553
6465
5360
5563
12
8147
996
4431
4943
11937
5611
11016
13209
1687
11098
4539
5703
9722
6352
5582
11702
11434
624
6876
8357
4569
6232
2032
2860
6464
13386
8692
12793
5086
10673
5838
3207
6285
11650
13320
9707
9935
1835
2246
7556
3798
7712
4732
2584
907
6324
309
2447
9273
6537
2065
609
7626
11643
6977
6840
4054
8719
4118
12546
11679
4847
12021
3360
3310
11136
5572
1951
8787
468
4377
3932
1150
1984
9392
6220
6070
4740
8526
3163
7978
6751
9060
10824
11009
439
6591
7856
10156
309
3065
6989
5813
5977
7256
4572
858
7156
5378
10773
3036
5594
5232
11555
12964
5103
12017
1298
8422
6743
8158
4842
11621
12548
9816
10209
4731
11883
1625
8195
6735
6566
3791
2084
13339
8244
12076
9406
13279
9467
1818
597
1885
10651
321
13149
9664
4447
1005
8403
12581
2391
11885
12437
12456
5278
5254
5780
13117
12785
883
9290
7301
10347
1401
2199
2660
255
2991
922
12821
8154
11121
4171
484
6200
9215
9474
5070
8060
13264
5997
8594
3037
9441
2822
5502
256
8404
600
2086
292
5224
6445
9439
523
85
1321
10599
11300
4560
11391
12198
3488
157
11975
13222
9924
1072
7439
10412
11965
1484
1023
3934
4962
6311
6157
2597
4326
5936
4097
1369
13307
13272
9363
7897
1449
9335
9285
12786
3896
4018
1743
2707
8051
3747
6632
10962
13098
1950
11722
13326
3089
8493
11607
5180
2816
4471
12786
13016
5152
6971
13366
10850
7471
8183
9086
9502
10684
6627
7814
10633
3559
3183
529
12939
3417
3400
8221
8984
1498
1827
11487
6508
2581
5786
6079
9301
13387
5729
12519
3980
12939
447
6007
10346
8446
4641
411
7530
6606
861
11677
1589
3249
13115
3071
698
1865
1300
9132
12360
2267
8560
4036
4191
11378
3194
7108
6632
7308
3328
8102
5830
1987
7258
6326
6840
8204
5128
3347
12918
6930
11894
12313
6845
8794
11665
73
5227
1954
2252
12304
12795
7233
6087
6202
7115
5030
11160
10506
4767
4828
1838
10664
9756
4131
2276
11437
11433
5348
5233
8926
5550
10742
474
7492
6126
8818
7017
2175
886
8255
2838
6940
963
10447
2342
6320
8263
1848
5191
8428
7974
5711
238
4029
4109
6747
11231
1130
4964
2176
3882
2499
7050
3010
10380
269
6617
10448
4826
1696
3342
11766
8891
2431
4654
2261
524
10801
6590
268
7677
5522
9319
3193
345
8264
46
9752
12289
7436
3974
7601
7836
7473
976
12285
8094
5069
8452
9833
1473
4479
12168
5445
5920
7609
10767
10322
3134
13284
10865
10478
13359
6857
10025
1280
1593
8935
9619
13300
10202
8908
7140
9923
3724
7761
393
9632
11498
8569
9587
9889
13121
11381
5456
10716
1101
12405
11397
1768
7573
10230
1663
5845
6820
2863
4665
13209
6454
3290
1487
11754
11506
839
6389
3660
7627
11480
7564
12833
12810
11664
11307
1741
13235
2584
883
10703
1644
8675
8533
5267
11262
7754
7740
3301
3000
9870
3033
8128
13202
1232
5538
5958
11872
1710
12499
6971
11215
3687
10021
3309
9548
1168
5871
12261
11683
8738
2971
10072
7994
12228
4053
2080
5898
8582
121
1151
1462
2658
4744
1022
8012
12108
5485
1106
12955
11013
6775
7930
1742
9738
2335
6699
5645
3922
6853
10241
8891
13390
7658
9624
12212
1010
2753
10980
10184
5505
8140
3748
12535
9684
9419
3136
6149
8228
6626
8017
5580
8821
2476
7822
6502
5720
10817
18
5632
9306
4779
6972
8016
1847
10360
4376
4514
2032
11468
11000
3250
3134
9313
11259
6752
7158
10989
4919
8587
8776
2789
2942
13344
1006
1991
8333
1824
4822
3560
1955
12166
2702
10363
3725
7695
6753
11742
13398
9300
9336
9305
5359
7049
11864
3400
6653
12499
7228
7342
12363
9563
4105
10282
480
5450
10278
5254
5437
2620
6650
6809
3583
1124
11042
4105
10659
9819
6199
11873
2227
9756
10505
10293
9732
6426
5794
7489
11159
8648
5359
5334
9610
1158
9328
13149
10413
9734
1511
4792
10034
1114
6498
3542
10494
10968
8264
2003
6227
7125
7344
12698
11464
11560
2517
7536
4596
5641
10777
7365
11612
3296
6821
5208
5900
13015
10187
4874
12528
10880
7289
2145
9951
7703
7320
11272
2071
949
7795
7687
3708
9323
6795
2089
13205
5520
2690
754
7586
5160
8116
20
5406
9295
2757
1533
7971
3724
8864
6302
12083
768
9765
7190
9330
9988
4635
1214
5349
4428
12447
7373
11992
8659
3258
9359
8266
6617
4676
654
8416
11914
2330
1314
3068
13115
3183
6635
11534
4969
11088
3870
9948
702
8222
12477
1252
4070
3947
6797
10749
7360
721
6858
299
8809
13314
2830
10517
3799
10937
1769
3107
9852
4719
50
7954
6360
2841
3378
9869
8328
409
8918
7506
9279
1302
7152
7679
7303
5986
8526
9100
8
8234
11687
12787
1871
2706
10313
6845
4934
10547
10701
6005
8998
5371
9855
5417
6498
3246
4305
10295
9423
2013
8910
3978
8655
13160
2179
6000
8644
9550
12637
6925
3274
12537
7165
1512
272
3506
9593
1398
8894
6343
7152
1616
3029
925
13085
12449
10201
7641
5854
125
6072
12804
12894
2529
10137
3481
11159
5959
13257
2654
2326
4697
8217
5957
13397
9272
10230
11737
3023
5797
6631
3005
7247
4000
4098
1435
1353
8668
4024
887
8887
10165
9345
1546
132
7977
12533
8467
11447
10352
2948
3041
1889
3488
9910
630
6972
10698
572
449
2726
13368
3283
5842
9379
586
7296
5577
10847
7663
3668
10020
445
2893
10413
4269
4351
10419
1600
2894
8463
1392
12606
6397
1493
7224
3037
6265
1740
1233
13296
1437
1099
12649
10882
2412
3685
4553
4337
5154
8587
11606
2178
5770
2420
6591
9592
10508
357
7805
12724
4769
8845
12185
12430
5594
4141
7601
12897
6189
10605
6294
10453
3255
5133
2676
9985
145
1359
8600
2953
8146
12365
3386
4951
7781
6350
9942
11880
6635
12075
8961
5018
10537
4783
2294
7370
9809
5011
2134
12005
13100
540
12762
4533
5208
10192
4786
11154
3696
10072
8208
11094
11007
1614
7537
5340
11870
5317
5669
1562
6497
3640
1386
2043
9868
5413
9250
12840
13399
5003
10743
7875
873
11910
10495
3249
3503
6532
3352
8581
13164
1703
7084
6110
8797
10317
12075
5029
9054
1633
2543
10477
3936
217
5057
2354
233
5055
6347
6539
6608
8028
7166
6261
4587
9822
6071
5432
11878
7024
9814
3310
9095
9702
2544
10143
10167
5995
1955
2831
11054
11708
7108
7960
12037
3401
4829
7525
10140
260
6654
5875
4950
6319
11871
3061
7443
3104
8106
4178
2152
573
5941
3109
1287
1269
13262
11999
2633
6093
11287
9599
5798
441
7488
2597
2323
12350
192
9574
10401
11420
3946
5138
6246
8302
10960
6370
2939
10814
9046
8740
11492
12947
13234
9597
9374
9747
7589
4149
372
3587
5434
8519
10997
10335
4864
4075
12508
3867
7230
12186
13398
7154
7032
3331
7626
10503
13038
11776
10511
7825
2505
667
2531
10343
11449
12894
7505
4638
10576
13092
983
12110
5985
10753
5876
6986
7549
6933
922
4677
12073
3786
55
9700
11251
2839
936
9129
5946
9235
10952
3066
11909
9128
3325
9555
12931
3591
6851
6972
8014
9818
12255
4258
3361
3569
11669
6434
6578
3916
821
2685
7197
9785
844
7899
10960
12119
5058
11895
10946
10462
11871
11525
7115
4011
9072
3658
8578
6121
7023
2874
6384
887
5408
9178
2369
10153
10197
5043
7323
5010
6153
5303
10321
7020
7874
4960
8713
9198
7
2402
11736
4851
1384
9851
2823
8232
11003
592
10907
11676
13229
6739
5887
3509
4177
4314
2601
10390
3146
202
6036
1908
2930
1198
6290
7600
275
11093
11606
8543
467
4744
10140
6661
8810
872
9121
13394
12558
5404
6776
11827
8221
6721
811
9236
12129
4261
6592
4008
5635
5394
13093
10263
9550
10054
934
9813
8293
6679
11962
10644
8449
13399
11429
7144
6432
3961
8577
6502
9577
2086
5551
3704
5735
9225
8189
12500
11513
10721
346
8240
5348
2809
5702
2640
279
10659
5050
3209
606
4927
12399
11751
237
8936
4080
1326
5811
594
1956
4226
11511
2893
433
10379
10473
4574
1298
2674
12774
8583
9814
12269
13283
6799
13017
7148
4432
4930
4391
6463
3976
10205
11018
9162
13246
1926
10933
9449
852
3940
2329
11937
893
12165
734
1316
12016
361
3801
2142
11639
12659
3523
12363
8512
3537
4021
8741
2755
6073
13373
598
13123
897
5451
6615
1899
13199
5225
9227
3363
6936
9228
6215
12733
6442
12473
2616
1064
536
8177
12206
7414
13149
8992
215
3167
12509
8866
12967
5249
1195
3072
394
497
9714
9981
9844
12946
4825
11447
6223
2029
7684
12192
6557
11227
7439
8127
2542
7080
4489
8217
9574
7789
11528
2153
233
13180
7027
11176
12916
5356
4249
12825
3943
1746
10042
12059
10337
2061
2361
10758
9154
7007
1946
1338
2549
3012
7760
5869
12222
11900
7932
8788
8258
10236
3776
323
1841
4416
7327
8360
6944
8089
10032
12547
3322
8089
2236
8348
2245
7503
2646
2970
5898
5732
5938
4395
5511
1760
7789
10466
12303
2113
6295
3634
4579
1319
7938
9235
13127
10445
6123
8422
13383
4067
2171
4967
4209
12779
935
4720
1355
5101
8822
8928
5297
5312
6069
647
5946
12757
1020
11965
11206
1304
8849
3298
8422
9847
11015
12886
5937
8224
923
11554
4260
9860
8315
2063
857
8512
7663
8118
7274
6489
10417
4943
11271
2267
4438
10933
892
4989
714
352
1354
13215
174
1851
3914
13086
12505
7707
7025
1113
6700
5641
12168
11816
10686
12644
5992
8413
13085
4810
12998
9748
12669
4344
9792
1891
5315
9825
3796
11822
11107
4431
4323
9036
2141
11975
596
6618
6664
6121
8176
1984
7143
53
13125
1774
1019
7597
2828
6244
670
8887
10401
818
12581
2765
9999
2005
786
9994
7528
11508
10802
10826
2961
3790
8954
11788
2192
9199
2034
430
1654
13364
6458
5542
1998
8704
3303
9032
3508
11432
11231
4553
4466
1248
1558
6857
38
8603
7664
9731
219
10581
7264
3032
7555
1402
6279
5281
3287
8161
4521
11428
2770
2759
8665
53
1892
6382
25
5810
10017
5329
4289
10885
3265
1328
5593
7850
3947
6534
7889
3809
8418
12563
13142
4275
11037
9615
11291
9375
7256
1331
6148
4834
2747
4747
10595
9054
1307
3426
8243
1834
5681
9233
2822
992
12948
3223
5825
9874
10254
3930
5616
8866
1018
8561
2871
10125
3746
12331
6226
8106
12271
4716
9854
3005
3203
8865
9804
4808
8507
4261
13261
10605
8997
11384
3043
452
1388
815
12929
10780
3408
5722
9639
3694
8725
4895
3529
4812
10086
4436
3891
888
10451
5603
7279
1348
2871
7921
8639
13084
1640
11618
6632
12376
7866
1826
3480
10407
3380
12754
6014
6284
8354
12538
1739
8526
583
7701
8680
3663
6117
2034
3984
8121
10493
7820
9426
3656
4296
8810
6522
9133
6776
1096
8700
8009
11345
13139
4526
4417
4713
5331
7537
12103
6312
2116
1371
3418
12164
5141
11562
6955
7560
9013
3342
10911
4872
10830
1453
3213
13147
9744
5499
1519
2082
6522
12456
9862
446
5984
4939
1901
4827
12419
12023
8026
12050
5917
2624
3989
7107
13073
6995
8001
1901
2641
13003
46
3501
7039
632
8195
4681
9687
11132
9811
8028
6773
6309
8372
11262
7972
878
5062
1824
7023
13187
4012
9618
11307
1609
12679
3169
1074
4164
2180
12929
9116
7695
9909
3625
2659
1766
1744
7680
1343
12445
11630
9524
9725
4667
4532
5957
659
10679
883
6427
12689
11659
1792
11063
4760
9666
9310
1197
6590
1003
4044
1526
12661
1560
7912
2496
10216
10109
1140
1967
13093
8024
7937
6250
9476
2536
1520
7089
5900
6181
8386
12746
2027
7741
7368
8768
10916
6495
5052
3716
8142
4991
4763
1769
578
3344
12179
9389
4380
6041
11653
3303
1100
10040
2951
2265
2807
451
1801
9812
610
9490
11163
2650
7604
2467
8921
5046
9787
12677
6891
5452
13054
5730
4098
11382
2174
7478
1902
8759
854
301
12011
11444
11630
1007
6690
13177
1573
1261
13076
5674
10889
8278
6162
4372
1331
437
6813
9207
4257
3676
9595
5755
2968
1425
3395
9634
10168
3358
1311
2896
10553
807
5633
9253
10633
5551
8288
9555
1884
6027
4966
11203
6666
8359
5286
8884
4096
4816
9252
2224
12256
11439
5271
10900
4187
1489
1451
3711
279
8235
3258
12427
1081
8822
10268
4680
2756
6976
11909
10035
651
6571
8252
7647
7248
6003
8675
1030
8192
313
10210
10895
3395
9152
13363
674
2710
7772
4468
4035
6819
10969
1619
9252
9621
10018
10665
11633
4038
300
2908
645
857
1937
208
5835
11922
10016
4004
319
11737
1473
8317
5646
3745
208
3865
12861
10188
5880
2070
651
4138
10793
389
2213
6519
10288
12471
7864
10493
11881
5049
4032
5282
7764
103
7640
8744
3806
10515
7727
1625
11446
11520
4726
4905
10053
7894
11787
12917
9514
3905
9540
10211
8486
11106
13322
1856
2669
5949
692
9813
257
11378
12672
1727
5206
12923
1146
4587
5705
8890
13095
1158
8973
1353
1595
1519
119
7889
7341
7388
12229
11919
9912
6363
4012
9784
9708
2470
2729
10847
4402
53
11467
5972
12688
11277
52
6714
12923
7444
5635
9107
60
11692
11178
12149
10189
1111
8962
9383
5477
1588
12552
6527
13356
9737
3220
2461
514
6945
10851
2143
9023
1627
12759
7595
208
3229
8075
8370
10356
2739
2816
6428
1766
7746
6313
7070
5706
2322
4013
3980
5044
3912
1676
946
3268
8050
9757
11628
2469
908
3202
10349
11790
2650
8164
2906
2705
5656
9632
8975
1423
9172
8176
3868
1029
1119
1535
8800
11300
1040
8893
727
9288
11363
10192
11556
5846
9069
9512
3612
10084
507
10163
11514
9246
3016
13298
11012
7028
10351
4365
11498
7751
11547
12840
891
3965
8589
11938
419
12674
7010
8637
13264
1668
9655
4798
5805
13087
5399
579
11384
11286
11922
4716
7280
5883
3324
12021
10207
4292
11102
697
11781
2760
12731
9880
4696
9788
4066
8531
8684
9942
12071
1680
8623
6881
7669
11632
2672
4297
6536
5633
8936
4504
4451
6734
10920
3372
6014
4679
25
6110
5625
4316
9195
13140
6193
9323
8712
3919
5496
11249
5624
10694
4476
1121
5818
11176
12135
12056
8373
12120
6494
13182
4596
2731
3524
2716
1478
3027
12415
10195
6256
8587
5239
4559
5383
4348
4938
8980
3280
12625
12590
6561
8943
3055
6129
7746
4262
2009
357
4218
3840
7650
11075
12388
10348
1512
13386
9849
1704
11425
8431
9836
7698
3078
8355
5267
1372
12939
6571
12457
11784
26
12070
1714
9840
11744
172
8507
2950
5111
2728
6195
12796
4943
12333
13013
1428
12778
4137
11115
7927
4291
3388
11475
4219
3440
6208
377
8384
7561
5173
3331
9420
4699
3467
8679
8780
2063
4864
10395
2199
3208
1391
394
4143
13395
11408
11155
10279
453
5225
863
8465
5699
4313
12901
12693
10428
1949
7050
1957
5481
10834
10874
6451
2204
9023
11677
2099
8800
3790
10973
5350
7956
11607
3989
13163
13361
9956
2470
4556
2081
11123
104
9336
2452
8790
3454
7306
178
8279
7765
5911
3452
2416
3726
4338
5758
6033
8790
9247
10371
6683
1116
918
558
11828
9041
11953
11501
13014
3639
4101
146
1887
8769
5569
10937
10611
4192
4493
4759
477
697
5538
7372
2017
1717
7905
3438
6618
12967
2479
2341
558
1067
13158
10746
1913
923
72
8209
6281
8494
7176
7952
12724
260
4251
12948
4823
2651
6837
9886
5528
5941
7546
1393
907
3931
10530
2850
7544
4607
1777
4335
12948
1004
1813
5372
5732
11609
6172
9196
3560
6660
7779
11102
12938
236
3567
9660
2324
6115
12101
9520
3350
10904
10196
7133
4797
3377
3263
1051
491
10148
2572
6516
4910
6458
3610
7150
7070
2040
9001
603
3585
7174
5513
9769
4167
7839
12526
2737
3451
4503
9412
12000
12777
2181
1602
11982
128
3779
13341
5385
1300
2579
855
10419
3920
2116
1712
2800
11956
12807
9907
11119
11855
8088
11808
4637
3399
12197
8512
4192
651
11595
5997
11941
12702
7599
9727
11139
2156
13237
71
2829
9212
5627
2500
105
8590
6976
612
5618
3859
9610
1982
634
7900
101
3466
7977
9197
10040
6074
7978
591
6045
6345
8414
11955
7093
11643
1956
6568
246
11226
11980
13303
13308
7580
8305
7022
2049
6708
8678
1619
12363
7512
8701
3745
12801
5292
2082
4930
6881
7274
3335
12207
6663
9902
1292
4684
9729
12285
3407
398
2731
10138
2833
2707
8120
1664
11159
10338
216
7888
1715
7870
454
8152
7331
1227
7519
957
11485
11258
7219
3979
2232
10010
4826
9985
8352
679
7868
6664
2590
981
11541
1979
9558
6928
7524
5397
8270
134
3737
5284
943
10210
5631
5516
12112
3150
4345
4242
9076
11060
839
5686
796
64
681
1837
3447
8693
2551
5771
1040
3101
11526
3438
4696
1611
4392
9341
7580
12088
9976
6769
9129
7179
7750
4260
1709
6448
12540
6171
6343
5510
13086
11975
7462
8658
6821
3247
8717
11120
7016
8140
6716
10553
5078
65
8047
5018
858
2709
4549
5473
12008
7443
5289
7742
6289
7854
7259
12182
329
4224
12225
3416
12984
9393
11545
3482
4396
8934
7047
811
13191
8373
13383
6622
3625
327
6064
10446
9196
2718
8428
8149
1471
3717
2496
6699
1723
6744
7194
9821
1972
1330
6591
10288
11246
4556
1472
11638
1706
10653
8012
10894
5810
291
8838
3408
4381
6190
10031
592
12120
5931
3957
5453
12742
12263
6206
6106
11555
11405
8800
4637
4550
1586
2433
8138
6014
3648
7455
461
6066
5308
2599
9988
4576
6006
2743
1254
7446
3123
4505
8141
2791
5219
1012
1428
5327
3541
1562
2940
1150
11810
6510
3649
10258
4055
6095
7195
1447
12940
423
5032
820
12369
1975
3257
1448
4826
2796
10636
1343
4500
10393
10203
2723
4959
5105
8998
5364
4296
8660
5282
5223
3459
7923
944
13062
6534
5986
416
4312
8076
12851
7045
9931
13059
5821
12206
11542
7561
6246
9942
9265
12188
203
8165
9487
10401
10118
12961
1079
2496
13271
2609
8788
5346
7480
12036
3863
11364
4614
5785
5045
12570
2295
10125
2148
6016
8031
7451
7706
14
12728
4379
12765
11464
9418
7520
3789
12545
12531
11243
7101
11762
4682
2749
4842
663
7497
2314
10381
8919
9479
7986
6322
2835
7194
8796
3979
1515
10157
908
11814
3330
5338
2496
4080
1812
8198
10995
867
8358
7703
13126
2994
12171
9772
4577
12647
13145
5304
11023
13292
10979
11823
11579
8249
4933
7089
8634
917
121
10411
4384
2586
1937
4813
12278
626
7393
1669
3968
7538
11811
2602
9357
3072
12231
12447
2317
9614
2619
11709
10407
3931
2030
11883
1526
13353
4396
8257
1251
7990
8674
13071
9515
6340
8643
1486
5674
1457
9758
7987
9330
3164
10240
10335
2814
1036
11922
12147
5155
4221
7926
5482
13330
2909
100
9758
2853
11532
9092
1315
5964
1124
9236
8839
5947
274
11794
10093
707
12887
12864
5878
5773
873
9511
13282
2070
12195
9890
11064
2937
11793
3882
538
5056
5389
6645
350
4261
996
12121
6616
6325
8494
12445
4817
8296
8118
7867
6986
4522
11142
8736
1979
6176
12930
9606
12915
3036
4142
8857
4002
7630
12658
5828
1067
2970
7332
3586
8404
8989
5600
1856
5457
4414
10844
3084
310
4602
12876
4789
3730
9832
283
1997
8470
8259
6541
925
6804
7758
11512
12365
8015
852
9888
3585
2446
8374
45
1678
5427
1933
4907
9751
894
10351
9524
4187
10114
9889
3898
3402
11288
11510
6985
6702
4839
272
6254
8170
11579
5605
3553
4810
6144
11414
8796
12462
7078
12849
1103
1082
1131
10713
6754
9614
11276
521
11368
8335
5797
3365
12549
9580
4779
739
3078
13299
10284
5064
3142
575
2875
4792
13149
5244
5065
8363
2992
7013
5098
12738
5566
9929
13188
8776
8277
2892
11481
4270
6870
8374
10629
4781
1633
9770
5661
2747
11614
12663
3780
1863
2119
7147
10179
7277
4086
8848
8149
6014
1352
7948
1312
6752
2291
2059
6038
3049
9820
6615
4691
5628
7668
6599
2418
1226
3366
11979
10042
6860
9365
4888
5443
891
8703
7209
12498
3785
12814
7488
5427
4843
6731
4812
5352
6154
6410
1963
1517
6944
12799
1539
51
5528
5772
12772
4765
3433
3320
12203
6426
4052
7981
10214
4747
9833
11690
1107
4597
7183
2535
11229
10228
11863
10140
8161
1042
12815
7640
8609
8869
4295
6895
2549
7300
10272
9583
6763
1072
12922
739
1050
5393
10462
11637
6222
5215
11724
12389
8003
4887
3454
7760
2581
1599
1705
3665
8829
10102
12549
10177
7200
5875
6195
9556
8912
6262
3356
1563
4395
2880
5553
12391
3534
5017
12605
7148
11901
3067
3587
4880
3385
4211
6151
11745
382
10848
7168
13289
415
237
12381
3904
13339
9928
1566
782
1422
3950
5090
9229
5201
3176
2013
6343
10727
7223
10733
5626
457
6692
3695
8325
4732
2604
1526
2258
2634
7563
13399
4401
9807
353
821
4499
4866
5904
2678
29
1969
4529
9908
9846
9697
12927
1073
1087
1402
8986
4798
5575
4810
1741
5336
6172
1952
1763
11388
10540
5704
10792
2203
7594
5764
1230
10073
7246
1877
10183
2979
9736
13257
6461
2775
707
8048
3384
1392
4396
6098
152
10385
12110
1215
10054
4263
5823
9589
2213
3907
7145
4810
12369
13173
3603
10872
11312
12942
746
11750
4744
9058
10134
2629
9729
10647
3701
11631
3963
13330
4972
12432
10360
823
2273
5792
9704
3113
1799
354
764
2920
5063
2091
12522
12976
776
12441
7517
1595
11612
6249
1733
6249
7154
13196
7486
4829
2604
1068
2571
890
2784
8252
364
66
11037
10047
2235
3093
5984
2478
4602
11956
11244
3375
11141
221
1960
1409
12923
11308
10851
11261
420
11230
8749
7410
1340
10402
2389
12755
2907
6128
9903
7223
1502
11092
9608
6388
11829
7477
1876
8485
9521
8785
12081
3101
7455
2747
606
8755
914
8894
1765
10942
8381
6073
2989
1368
6378
9760
8968
3912
7967
12590
4453
2336
9545
1441
10540
5720
12318
12408
2284
10229
7827
2040
2181
2513
6856
2381
6623
4102
9508
5068
42
8421
8060
8768
12662
1194
3895
24
3659
7072
9056
7420
8131
13053
2604
9281
4692
4372
6041
9341
4649
4952
3478
7023
7330
10224
8278
3158
9573
8145
2912
2853
679
2779
11813
7713
8483
8933
5702
408
5046
8649
7353
12983
1762
7676
2564
4823
4961
4565
8564
2056
2182
24
1117
1163
3995
4453
6882
1273
9098
10056
4867
6186
699
8215
392
5307
3529
12113
11933
1082
5675
8777
9284
6425
3267
6021
8149
5789
5329
7289
13252
1001
11203
11346
9807
2725
551
1177
3913
2636
3299
5082
561
7901
11352
7013
9245
6766
8959
12754
2205
8418
6996
3879
6587
12508
2526
8878
1645
12191
12793
10315
8735
8903
951
2929
8020
12059
13312
11013
2434
8839
10946
10573
1530
8474
2219
6239
3720
1029
12258
4700
3370
5298
8057
8824
4477
5202
12612
9028
6070
3990
7161
244
10714
10186
12872
11288
3915
4245
8897
7750
10032
3215
3405
8454
3375
8660
11105
4059
1747
12614
1421
3056
10532
11880
4185
6434
12965
2210
10311
11680
8173
1873
9892
12756
8789
11661
12797
6825
5503
4868
4771
947
3271
12305
2201
13073
4552
980
3201
8495
6339
7142
3522
7840
11618
13189
3985
655
1639
10338
2890
11417
226
8547
5344
4288
3911
5107
3429
10554
6036
6059
460
11746
8979
13102
9301
3689
9667
10663
1165
12682
318
5697
11716
563
4053
9424
5408
1060
3217
9070
4110
6256
11998
550
9445
5471
119
12843
4564
7675
7603
9801
6082
4245
9361
2129
2309
6479
6704
8460
9056
5530
12707
8754
1989
6143
5067
2209
2622
12103
1990
7414
7998
8239
2626
3593
2109
2144
7297
4051
9326
6846
12784
13101
6926
260
2914
13190
6276
3214
2568
4037
12153
4142
9457
13306
3992
10482
7248
9047
9945
4861
2872
8256
5887
10697
4344
9196
8183
3153
7628
6327
12572
7694
12789
5888
6222
11686
8788
12247
4756
1319
3802
5504
2284
1826
1834
10925
11698
204
8837
10867
8743
7348
3708
3066
11549
4509
2882
6216
330
5035
2938
1249
4736
1537
13224
2348
12262
4566
88
9328
4447
3582
13361
3115
5041
8627
6995
208
1400
2884
8390
2672
9606
5454
9858
643
4682
7435
13187
2451
6746
2692
3049
4451
8066
9853
3091
11611
1971
12435
9175
9409
7437
1626
13070
4810
12761
10401
11912
8701
3032
10716
10892
3645
809
9673
1977
951
419
12246
8357
2450
6004
8627
4128
4702
7477
876
6084
10480
1496
3943
11109
9232
5737
7452
8378
8269
2108
4519
5810
9272
2496
1607
9559
625
4124
4345
10692
9257
7133
5882
8905
96
8585
10288
11656
6754
6856
2024
7263
3236
12841
8518
6594
11455
4347
2742
5702
11603
5670
1420
1689
4035
6190
2778
11055
843
297
12423
5050
5236
10925
10282
12433
8287
7723
5584
7544
11647
2436
4199
11027
9840
4164
2287
8197
10104
1572
969
11504
2768
3529
9650
12561
11916
11702
8117
11546
8568
11926
6293
5200
10156
13342
13170
10759
1217
10335
2198
2109
7621
6608
2280
4723
364
5752
9237
8083
1116
12058
6907
9854
12634
10317
6544
3014
12799
3194
13361
10541
10365
3889
6899
6722
591
1982
4262
5846
4793
4996
1162
12471
12823
1162
2515
6792
6831
5661
10953
7645
13081
9935
10621
3405
400
12777
972
9992
4333
9007
8805
3188
6065
2617
8327
6405
6612
9945
6925
4753
6229
890
10551
882
11877
4458
10673
9193
7425
6111
7019
13146
3535
3458
2551
4493
12856
581
12731
3618
154
9342
2978
7119
2715
1312
7417
6773
1782
2518
12209
12671
11441
13362
502
304
4721
4018
8548
161
10165
11210
9384
8546
6490
8608
3404
3363
11039
1073
7503
2019
12575
10139
3093
7007
8223
2907
11737
1187
6521
9111
6237
4082
2122
9955
8381
6840
12141
12931
9029
10310
8047
12940
12690
11700
4106
5759
3561
4638
13008
12135
7980
8965
8657
12607
1188
9654
427
1586
11728
6273
5929
4163
5938
8340
1626
3629
12263
5684
7910
12995
6573
1269
9048
1383
2693
4797
829
11404
8464
4758
3100
5437
13265
2459
5433
7963
1464
293
3468
11407
11797
10540
4664
5206
10974
1180
5605
11465
11907
4534
6178
12784
1976
6413
12987
8130
847
11314
4972
774
12202
5831
7004
11928
5170
9934
12549
3762
381
903
2278
4233
7370
5413
5719
1783
415
8682
1280
13096
3271
8912
5767
7998
927
5417
8536
4298
4321
5521
12166
8006
8122
1918
10142
11718
13290
6575
3671
11196
13389
7679
2506
6013
4062
11033
5878
8217
13135
4102
2938
12310
3089
9250
1545
2930
8813
9824
9444
11568
4545
11771
12659
406
4799
6090
8853
12689
6549
7130
789
12524
8615
11040
7509
4262
8854
6605
3343
12778
9157
119
6099
6620
12706
924
10131
3816
2246
3612
11054
9344
4337
2297
2106
3001
8404
6945
11440
2277
3553
4696
126
6618
6829
1639
5812
6416
6371
4648
10290
9508
11609
7232
4128
7450
11056
4963
5456
11292
7500
6932
8095
6058
8925
5418
12022
12453
11955
7407
192
910
11410
11108
8625
9937
11653
10275
1775
8647
2097
2138
11651
8878
3495
11385
7212
5312
2812
3649
2101
10462
8266
12445
9093
12830
9088
5476
3597
7914
7975
7546
7540
10620
836
109
8957
4319
1334
1221
7483
5641
612
3906
9752
10695
4402
13213
12705
13166
7811
884
1717
13373
6568
11107
5429
7962
1486
10651
12253
222
6104
6269
7343
12892
4321
8940
10591
8862
12397
6241
7623
11109
306
2255
2331
1479
2974
5653
8754
1924
1926
4917
756
4588
978
11490
10201
5091
4938
1719
11685
1481
3910
13231
5026
3183
7552
8314
4899
10969
7174
5961
95
12293
4943
8429
6384
1051
11370
2816
8640
12201
1088
10170
12828
7102
12331
5139
2856
11129
4004
5098
217
7843
2636
12134
5403
11811
2504
12311
4516
7881
12157
5128
2059
8486
624
600
6919
7566
2386
3148
12843
13242
11490
6295
461
7862
866
2961
12206
11665
2015
12134
7562
9149
12482
3532
165
1233
8435
9040
8981
9170
564
6844
2262
266
2271
982
1790
70
10959
6541
1410
475
9017
8951
5636
11683
1759
4396
9222
10093
7290
5586
1380
1670
608
4308
6268
10853
8275
6937
10940
8727
8981
9272
11066
8219
4358
12919
12271
12446
6116
9771
12973
6829
7720
11996
5507
8237
8546
13281
8872
7875
3691
13156
669
7425
6261
10615
4648
13141
13278
6503
4196
11922
11477
8584
9113
6822
7090
5814
8167
3346
5378
10103
1765
7126
1676
6388
9828
5090
302
1967
12621
6050
4259
10218
2557
8562
6101
9860
8610
3801
7264
4823
383
2839
4272
8790
2994
11800
5541
3622
9609
4369
2192
10430
9584
7985
5023
7820
7787
9501
1447
8002
9948
9140
5484
13116
8723
1824
6299
9935
1978
3482
5963
4047
554
4814
1370
8006
4059
11906
5730
244
2279
6775
5344
4519
12477
10872
12652
3711
4411
6881
5964
5955
3094
5667
9662
9207
7967
9775
10831
13036
2368
3068
7221
1027
1836
13076
12260
1212
4499
11882
2417
2314
5265
4554
7776
3873
8505
3471
6520
2999
7654
12022
9555
6066
7560
9890
11909
45
11697
1092
3038