3419
1421
4468
3850
1832
2588
957
4907
2055
197
5682
6045
5247
4912
984
1834
5755
1700
5596
386
4512
3428
35
2751
321
3801
6157
2073
395
1889
3255
1955
658
3157
4704
1841
1798
3274
287
5741
2432
3093
5363
1943
1594
4551
2796
5501
5817
3806
5784
5211
1482
3196
3972
4824
2248
3614
3087
4977
4908
5993
5146
3961
1835
304
2662
2818
5668
5059
3351
5549
1722
6075
4781
3754
4291
2244
3579
5237
4153
2680
6168
4370
753
548
6070
5572
4
3349
6013
449
4247
664
1564
6289
329
1104
5992
3327
2690
2320
658
1768
3507
4682
3167
5538
2841
3525
1032
5036
4419
6272
230
5652
6287
3608
67
1455
2670
2833
839
368
2605
4722
805
2778
2777
622
4647
804
493
5601
5759
2700
997
5090
1729
1717
2373
5405
4982
4965
2767
5031
2128
2547
1386
1486
6051
3631
5704
1271
3545
5879
4551
5437
4882
1710
5777
4834
2415
2348
2902
5939
1012
3612
798
5613
3143
4226
2190
3492
4724
3357
3607
3573
1803
2370
4888
4475
2918
2701
2040
2506
5951
5916
70
4555
40
2062
3647
4392
1667
5496
3248
752
4384
2336
1600
471
1528
5892
5851
2249
1997
6197
5038
2337
2559
5301
1108
1642
3613
5974
5840
792
4116
1654
3476
3506
2331
1379
968
6223
4829
1278
3817
3897
746
1076
3953
4528
5369
1624
1257
2994
5961
1080
4283
3698
511
2347
463
94
2556
5354
495
5530
2672
3543
6094
2114
6088
1118
2192
4245
628
909
574
1509
2282
1269
3066
3183
2569
5630
1242
2657
3378
1209
4932
4686
2507
5994
3909
2482
2369
2169
4312
118
3669
6160
5465
1167
2045
4387
1478
2014
5832
2603
4969
341
1500
5288
286
2272
2517
3590
4740
1367
770
1203
6179
2894
6218
1262
5931
6128
4340
1363
3734
802
2857
6034
2115
4515
1263
2544
4555
2074
1416
5091
5241
1083
5485
821
2786
1879
1384
5596
1803
6286
6123
1452
5379
1763
5600
4813
4493
1886
2495
5197
838
3784
1160
4629
1202
6132
510
4170
4796
503
3734
3226
2060
1095
4048
1694
2036
5483
5241
2125
1332
1817
4452
5294
4040
3711
6256
2853
5052
2267
576
5478
5682
4920
1628
1413
1271
1129
3015
5833
3983
2994
2690
42
3781
2202
4863
5076
6229
3585
3206
935
854
4455
3880
6173
3298
569
4857
2457
3487
3402
5162
2052
5217
5701
3650
4885
1394
1955
63
4347
5862
4859
3052
5383
633
826
4559
5323
1301
4087
3319
6243
5014
1536
4734
4038
4033
1894
2854
5244
1896
2929
1278
2157
3803
3466
1117
3127
5763
5741
1622
1567
5466
2659
5331
4926
1374
724
4731
4254
474
2371
35
3616
1270
473
313
4654
2074
1745
3057
2434
5669
21
345
35
2834
3208
1330
2384
3070
5391
1486
3093
4089
1313
2875
3256
234
3842
2770
2844
2327
1198
3404
1928
3345
1647
2448
4550
6258
5532
5758
4823
4975
3950
984
5283
2945
5577
4021
1641
376
1742
109
3521
4002
2178
1581
2836
5853
3270
1360
3618
3110
3565
4727
5999
4100
3829
816
18
2158
4851
4719
4639
992
2365
6045
4713
5391
5683
3674
1886
3053
3655
1587
3410
5543
2643
4522
3957
517
3730
3483
467
2833
4052
4226
5769
1513
3548
2466
2811
2371
5626
4666
5169
894
536
5823
596
690
6190
6185
3352
3944
2238
2936
625
2020
853
2908
5100
4241
2584
821
3205
2095
887
3890
2511
2444
4130
220
5268
583
867
5287
1284
3589
884
5779
4441
6235
2924
1135
3639
324
6104
5403
103
5659
2526
2065
3938
3124
1483
5541
2571
1476
5945
4284
2687
743
2943
4623
6142
2788
649
3719
124
5925
5785
2995
1579
4998
4837
1824
1854
2045
3335
2949
4173
6034
856
731
1844
1596
2900
235
1266
3902
73
134
3835
2070
59
1925
4666
5945
2193
2073
2223
1610
632
29
6021
623
549
5476
6151
2797
2396
1317
2153
2335
1751
5252
3526
1943
6257
5374
1634
227
2794
2828
5696
3205
3091
2144
182
111
3681
3358
3000
1922
5535
5232
6297
771
1682
708
1796
5731
2901
1185
2592
3017
2134
4667
5880
2425
2657
6087
2231
4067
5840
4541
4450
3699
4768
2797
642
1203
4961
1472
2111
1117
5860
3347
3560
3378
2776
4863
1669
314
3895
1687
4236
3879
1087
5238
3441
5482
2348
6030
2502
3415
4383
607
3491
3736
2883
2076
1851
2197
656
660
3963
3946
5050
6175
1518
1561
5886
4172
3604
4572
693
5906
3397
444
248
3588
268
5177
4786
6074
5218
3877
5010
2677
2118
4194
3727
5680
6271
5373
4784
3722
1270
2513
1230
1037
2212
2912
704
6242
2732
2562
5707
6224
1585
1225
1541
4349
3337
5051
4386
1033
4453
5477
1254
5331
1331
549
3754
2330
2034
4020
4988
1906
577
5162
1885
750
3158
1312
4770
2525
4393
6228
3052
4238
2640
5969
3213
5528
2443
4558
4261
874
69
1661
3161
2654
4148
4715
835
996
3147
302
839
3679
1404
395
5112
2778
3067
558
915
4941
5612
5338
1981
5261
73
246
1518
968
5120
391
3727
5765
1673
6103
6090
5111
135
658
1087
6035
297
972
5675
5751
1049
2196
2036
6194
3083
2447
298
4492
5957
4011
2676
1646
2033
2043
1942
4883
3385
5799
6112
5360
630
3099
5909
3225
2840
3047
6155
2405
4095
4758
962
602
6206
1750
3788
4968
4360
1433
1894
1336
91
528
2164
4968
1796
484
1942
1243
2544
2567
2427
1901
870
5138
3798
1271
1913
3842
2283
5176
2074
6182
1752
5122
4589
4939
1254
4117
1138
3865
4549
2501
1894
1291
5851
1199
4598
2385
5174
1907
3330
2959
233
744
5502
3375
3613
118
4540
6008
1423
3330
455
3659
5751
3648
4283
921
2530
6078
1490
2434
2490
3862
3326
5348
5167
4852
606
5885
4015
3454
2566
5513
3097
1593
3852
1548
3687
6101
3825
2137
338
4234
3613
4445
1102
5831
3543
3038
4597
3369
5432
2010
1777
2593
1795
1107
4501
5477
1647
979
1307
1785
2809
4645
6244
1148
3758
1228
3263
1671
694
122
1852
1799
320
1918
3078
243
4881
3911
197
1687
5232
1386
2021
1567
5271
4403
3933
3664
618
2629
1265
4651
5643
3501
5007
1689
6002
5975
5260
265
4316
2771
3144
4914
4706
2483
2834
3430
4519
4433
300
5750
5400
4440
3968
5964
4629
1339
5121
2006
4556
3105
1136
4451
3350
5877
4866
1684
2261
63
2281
1545
2497
2977
5327
5126
850
5442
321
4801
281
4483
3265
1012
399
4487
5656
1837
2447
2403
4427
2196
3436
4765
4093
5578
381
4379
6212
2706
1904
1888
1495
4142
2838
3996
5465
674
3950
5936
3817
2380
4606
3591
3721
647
5202
3596
5804
5231
3418
1347
705
4711
2120
4760
3234
968
4741
3228
266
1484
5603
1682
1709
5465
1327
5970
5496
5426
2694
3657
4
3519
1920
5242
1449
4009
5566
2117
4040
1438
2082
5927
3455
3647
2486
2594
5602
2879
967
5215
4255
6021
603
4947
4559
430
1095
5704
1411
4306
5400
184
5029
821
5339
2137
2095
1704
678
1053
5281
4009
5537
953
2454
3996
5783
3909
4225
1379
5794
5147
2685
197
4660
2842
2884
5402
4385
931
4232
708
1853
788
994
4443
5827
3441
5615
2109
2044
862
2498
151
2057
5408
200
292
1497
3680
553
4107
1201
1037
2490
4195
4855
4557
5285
3466
3181
1396
6124
4835
3457
882
4067
5530
143
1457
3204
4995
3294
50
4284
3555
3571
3770
572
4876
5940
5342
2589
5683
4646
4425
4676
4364
4905
261
4480
5215
4596
1908
3337
1804
2537
2469
1519
4603
1494
2935
1299
5528
5013
1742
1585
4878
5909
6196
85
1811
3811
2170
396
3020
1676
1156
773
741
3447
4945
2543
5101
485
5090
5776
5967
4593
1017
3465
1981
4040
4590
1784
5879
5677
832
581
2692
4900
1218
5041
5383
3893
4973
4291
3128
5597
1981
56
116
5200
5733
1581
185
2401
3260
2501
3944
4283
410
5005
972
844
1993
4010
255
4643
549
2610
4347
4168
1434
5246
5957
410
1326
259
4472
5555
2229
4509
2215
3825
2003
2800
3571
1279
785
4408
1695
2736
111
4603
1459
2085
4376
1729
3938
870
3
5312
5226
826
6043
513
2506
3677
4262
1118
454
4739
503
1655
4713
1169
5014
4025
4552
4953
65
2195
1758
4069
2317
3007
1109
579
1735
5227
4483
389
2662
4338
472
1121
4237
1023
6183
1688
2607
2449
5961
1462
3886
2636
2361
5029
1283
3588
5339
4516
2147
2734
561
2579
4250
5931
306
5466
5539
928
2920
2155
3554
41
5304
318
635
3408
3316
381
749
2639
1419
799
3596
294
3978
5582
2019
977
3976
1238
2456
4175
1517
1945
5256
1659
4715
4541
3801
6081
2391
530
3293
2358
1612
1964
3153
5987
2531
3739
1319
5280
6256
5987
4527
5252
5337
4215
2695
1918
695
1017
5234
4091
5283
5480
4832
2141
322
5173
3398
235
3712
5381
2616
1867
1179
4511
664
3482
6085
1573
4803
4647
3317
747
3768
2924
3675
4958
5729
2639
4144
594
1789
766
5918
1382
6124
22
655
4868
6047
4140
1021
4700
3300
3554
4363
256
2247
3652
436
5412
4843
2224
3802
5041
4733
6109
2474
5786
3980
2851
5676
3023
6113
5998
856
248
2454
4107
169
2568
4510
3593
1699
2327
3502
4760
1749
816
4536
407
4829
4221
3273
2690
5929
2755
4756
2094
5878
4636
3019
2796
4729
744
1643
3759
2097
199
52
978
6006
2448
6007
5188
5541
5480
1601
4137
3243
3700
2707
3368
4713
308
2023
2677
2090
2602
3554
1045
609
3879
3911
2167
164
3253
4515
1656
1755
983
5124
3878
3336
6070
357
3188
1511
3223
1356
3492
3945
4466
2389
3553
1321
2004
5223
3879
4856
4857
3043
4999
4720
4326
626
56
1327
3439
1056
4001
403
6213
2865
5137
3063
1856
4647
1515
346
29
455
4015
150
5940
3029
4978
1550
3095
6117
3852
5544
5773
1380
3832
1823
567
1291
1076
3505
3871
2231
3018
4054
3997
2001
2814
2292
5770
2732
3560
5124
2503
3613
762
5570
3503
2632
4471
19
901
2737
5888
3364
5613
1669
566
2097
5628
810
1648
4671
2081
384
189
1239
5640
322
4347
1520
3477
1178
1348
4487
5461
2955
3392
3174
5631
1098
184
6037
2061
3738
6295
746
6225
6030
3831
3011
3511
1456
2749
5055
4506
5993
2720
4315
426
4712
5397
4204
5997
6171
2350
4129
4495
996
1926
5628
4783
2689
3625
1266
5104
4129
184
5229
6220
3890
3775
1156
1350
1528
3386
285
2532
3338
3208
147
2514
2725
3487
2821
4866
3283
2413
4962
1993
5116
1208
1550
5012
3201
3085
4352
3803
468
51
5981
2206
736
2562
97
3530
1408
116
4807
1006
1057
1433
1844
2527
1610
5013
5513
6190
4868
562
213
2248
872
2091
5123
4739
4754
2628
6201
6244
4960
3386
2024
3488
459
927
5984
1671
2720
5631
5288
4337
4830
2983
1303
4015
2071
2876
5214
3650
2365
2190
2402
2332
263
1529
557
3802
3315
4142
4240
423
543
348
4901
2291
2431
5316
3258
3899
4535
6267
4494
5674
4430
564
1899
3407
6014
3030
2606
2025
6129
1690
5049
3781
5029
2193
5019
2484
5389
1458
372
4130
4006
3708
6121
4697
4008
2247
5370
3807
4767
1205
1896
3812
4984
4815
6158
5570
6017
1743
3980
3482
291
5883
1910
3942
6264
6034
2125
1772
395
130
1889
638
4544
1934
1080
4779
1452
3737
4205
3141
1650
2095
484
4811
376
2395
1697
3441
2043
717
3867
6187
3316
6036
1089
5217
4272
4607
5855
373
1649
1672
5502
3833
1837
4779
520
5968
6103
3467
4556
4956
6277
6095
4121
5939
5310
3659
5460
4362
1956
1564
789
2249
1516
2318
5958
5341
309
5736
41
1054
2057
1002
3529
4992
4499
4999
3075
304
2506
3985
6250
63
1824
4858
1857
2360
1013
1645
690
740
4683
5820
3221
6227
1222
5366
448
993
2557
2229
4365
5130
1905
6265
1900
1801
279
6154
912
791
5746
77
5701
5656
1592
3078
3622
5687
2458
2676
245
670
1653
2785
2078
6138
1106
4611
5547
413
1673
1171
2617
5832
572
4156
2237
5047
922
505
5980
2301
4244
2883
6019
2661
725
3304
904
354
1553
1400
3058
3608
695
1689
3051
4802
1451
3902
2645
2682
2190
3802
2651
4853
1135
4379
2208
1225
5246
5802
4311
3100
4217
6116
3063
2654
2667
5182
3794
4669
3578
647
1273
5122
4881
5127
5007
1282
1180
519
5302
3640
4046
594
2620
4660
1774
3809
2324
2345
5850
4343
2845
5380
6008
920
4684
4211
720
4243
537
5074
2089
2389
3416
1376
3536
5372
5305
312
3268
6056
1354
1247
4144
1863
3240
1783
3175
6127
1581
1910
748
2986
4839
1972
1684
5331
3558
2205
4728
1961
2050
2996
4281
2145
970
2334
4956
5761
1658
2986
6063
737
711
3587
1417
1310
611
4810
6138
6065
3372
4169
1094
4929
5547
2136
4763
1418
2904
2155
1750
2578
2227
2472
1527
5041
89
6092
1324
5200
5180
444
2182
5814
2185
731
3922
350
4577
1228
4674
1676
3773
3762
4394
4851
3629
4717
360
3947
2952
5418
5796
5040
1014
4054
322
481
4415
4235
206
1937
3712
998
4654
2939
3684
2153
4333
1477
956
4088
2351
5490
1636
858
5432
4539
2467
5381
1533
5382
2579
6056
3008
5522
3627
2902
5997
3642
4632
4068
146
5126
11
2166
273
2376
2629
4727
3718
2078
1543
3492
2129
5921
5182
530
6295
5685
1100
5518
254
5312
2405
5244
5661
1599
2013
4691
3183
3442
5080
3082
114
508
3198
3076
6247
1633
3459
218
4735
2461
3163
3180
6034
3506
3167
5231
1977
3389
3746
2388
5949
1116
1978
5116
3076
3089
5479
5885
1994
5730
1152
5866
4356
4810
1590
245
5415
4284
3037
533
184
1288
2898
4389
1860
3848
112
6157
3882
5860
5284
1656
3212
4936
649
748
772
572
5176
2622
599
931
4963
2959
1095
3590
3039
4397
3352
5545
5169
431
4336
4849
1143
763
5802
3756
2991
4315
978
5105
5622
1701
4941
5941
4329
1242
2824
2151
4169
3061
3615
2381
5940
878
3438
2
1903
1319
4941
1570
6028
4923
654
5980
3106
4386
1109
1875
5527
2191
4605
1176
1865
2030
4066
5612
5163
4549
3892
2667
14
3427
4040
6207
3340
6000
6283
2711
3615
711
1479
2792
6280
1655
2219
5316
5706
4846
1959
4415
5788
2990
5722
2203
5167
600
2768
5883
5598
48
6111
5974
5539
1254
5951
1570
558
6245
739
372
1322
1515
5876
3707
399
2744
666
4539
64
1021
5878
310
3805
4454
4582
1956
992
2443
5681
1030
876
2731
4419
2744
5704
5106
5161
5188
3619
2730
2664
277
5724
475
3391
4726
5349
1661
4037
903
2449
4101
3228
4410
2433
5875
1627
1219
682
4040
5027
6136
2912
5949
5560
2936
896
3756
667
4308
726
1779
404
3835
80
5041
5583
3764
5179
2889
1197
282
4041
1122
2579
5132
1675
2229
4921
5851
3575
1415
5951
2427
1015
5638
1605
5914
3232
1299
5777
3505
4433
3679
2686
4517
5585
2151
4130
1098
4750
3237
2458
5674
2398
1957
3998
1547
2191
2257
672
2301
3592
563
3552
1118
3458
2151
6144
4507
5461
260
3669
1206
3204
4045
1008
5147
5751
1733
4567
2778
1887
400
4304
2936
3754
1169
3924
6125
115
4643
1580
5279
3461
2372
5623
3824
3078
4673
5885
1304
4383
4326
424
2981
3172
3477
3150
2391
5393
4092
2361
1507
627
5179
575
1903
3592
2194
3225
4172
6154
121
4954
5104
536
1031
1167
2413
3028
6234
1023
5667
2643
5439
1128
2572
2694
832
5812
755
2602
1403
1329
3145
3429
1206
5503
2504
5814
3132
2538
651
5950
5229
1742
3168
1920
3830
6052
5476
339
5672
361
6072
1051
2903
3265
2872
4418
212
3546
2615
5987
438
726
1306
204
3877
378
3001
957
1626
2
4504
136
2151
2861
1828
4118
2472
2753
2310
6048
77
4630
5638
3775
4397
1482
4699
3770
1611
3734
3499
3701
3129
2589
5964
2416
4879
2473
5608
5815
6127
3944
3616
562
1351
1010
3591
1654
1887
897
5178
5851
1653
2446
2281
141
4877
2012
4450
5377
3215
748
129
1657
523
1774
2515
5576
2705
932
3986
3992
4007
812
3137
2180
4706
5371
4881
1609
1263
4362
2893
3186
2421
1956
2955
29
5081
1788
4183
4254
5
284
400
4294
1796
5787
1022
1534
4717
2543
6034
4516
4096
1038
652
2983
3788
2874
50
4946
2049
3229
3843
1307
981
5964
1938
3052
813
2845
2748
2004
2670
5495
989
3583
4909
1300
677
3348
737
296
2861
3007
585
1833
3125
1397
5898
2131
5933
3350
4075
1550
5519
5041
3038
5955
6042
594
2525
871
4649
5845
5730
2377
4638
329
4989
4613
2653
4827
973
2761
807
3304
3314
3545
4515
2909
1630
2914
5974
5161
1969
2855
493
990
2104
2312
2983
3972
6070
177
85
6220
1722
4523
1748
3293
1547
1453
4738
529
2486
3182
4294
5228
3759
287
1332
2875
1060
1592
5792
6080
1612
9
6205
2512
3833
2326
2599
5394
2483
1196
28
2317
3199
3320
3551
1462
932
3597
3996
5423
1415
5247
6268
3765
646
373
705
4381
2805
2911
1444
2110
2190
1045
28
2880
3957
6155
1861
2320
997
2342
6277
2541
4080
2790
5046
1703
6263
1955
49
5304
2947
4283
347
2381
1953
2060
2118
213
4819
494
41
5304
1516
6206
3756
1888
4736
3424
786
5269
3054
958
4690
4544
3578
1776
4457
4135
5577
527
2637
6173
2913
348
1958
128
3170
6133
2376
1004
3667
4660
4639
2306
603
4677
4248
5590
1090
4651
4825
783
2114
5508
638
3663
3699
269
4474
2773
4586
5290
5353
5270
3668
5636
2895
4617
5124
2311
1011
1846
1238
649
5113
1929
2970
519
3830
1011
3152
4185
5808
5751
2030
4998
5987
2322
142
5480
4178
4846
3410
5509
1957
4620
3897
1863
3545
1603
1957
234
1337
6027
2509
2047
1047
2575
1381
5695
5564
3805
3586
5801
3239
3922
3102
1904
4425
204
5502
3463
6232
2573
5436
4410
287
1927
620
4947
268
6285
4071
5035
2424
4125
3200
5038
5259
2906
5495
4077
5445
5302
5549
1195
2132
1991
3465
347
3367
2414
2952
3854
773
3801
5575
3542
5265
5423
1797
3260
6187
3812
5966
3283
6285
465
5266
1125
2478
5650
5617
5965
1933
4643
3107
1128
5057
1616
2966
5225
1077
1378
5482
250
4596
5568
6045
4377
1418
3530
865
75
3232
4974
1724
2831
607
5686
2620
453
5113
5960
2666
1316
102
845
3461
2542
3454
2335
4380
4821
4017
1906
1514
2417
3310
1924
4328
968
1031
1985
5810
4686
754
2199
4823
1183
686
5814
1705
1662
3691
755
2665
2974
686
1400
1281
5108
258
5904
1055
5316
1357
4125
4219
3652
3055
3553
6105
5122
1044
2949
1399
6295
3641
820
5772
725
214
1298
5849
5924
3795
6167
3277
2599
356
1689
5957
705
3761
1121
4873
4667
3042
1339
5749
2451
1148
760
2323
4739
5599
4989
2589
2978
1553
3500
1692
1540
1345
2888
2922
767
6026
3886
2332
1191
1750
888
5017
5329
317
5659
3391
2598
275
4463
4684
3216
6155
3724
4941
2487
3249
500
6236
1648
985
646
1933
3918
1136
1008
5673
3745
3507
571
5910
2221
1821
509
1751
4157
1344
1102
1207
3841
5404
5371
5560
1149
5782
1488
47
4352
4365
2431
3594
5119
3740
442
4647
2400
4138
6271
1551
2623
401
671
5462
5000
2842
2465
630
957
2913
4700
1058
2449
6150
2696
5974
3179
863
2766
4556
812
5932
3772
3617
2647
4313
4895
2186
5722
72
3338
3154
3908
244
194
2155
2875
5654
4913
5710
2243
1192
174
2231
5792
2001
1293
3522
5623
2375
1009
4265
3520
3374
1832
5645
2216
749
5383
2051
2465
4302
967
940
2688
833
1100
4338
696
66
3118
2280
809
3304
5401
1026
760
3032
2908
4858
875
17
6297
2526
3532
4367
606
4116
4501
4583
1924
6287
6233
1235
1442
5730
5556
373
3914
5818
133
282
2163
5638
3058
3911
5308
5294
9
3443
4173
1747
2927
2522
2389
4873
4443
3107
2294
269
2573
1113
5416
5298
5818
2033
5793
2740
3401
680
5013
1520
3402
1360
5271
5939
1628
5618
3948
4404
1481
5182
2428
1523
1198
3341
5922
4825
1291
1393
5888
2684
1194
5279
1879
2569
5849
332
4392
1381
5809
1633
2678
234
1176
2488
5305
3069
4223
4837
5326
3752
4917
1055
1572
3180
2151
3718
5824
525
5878
3307
5182
1872
1585
942
3591
380
4364
1082
3325
4169
3646
3107
3942
4509
4896
2629
4038
594
3397
6221
3004
4904
460
2988
5184
1623
4414
317
1301
2748
3516
3423
3952
5620
4144
1638
4747
6116
4135
1669
5627
1841
2518
5289
4367
2536
3558
365
42
252
3701
1406
4968
2345
1555
3174
4398
3207
3864
2136
862
2012
688
3632
958
1987
6288
2846
926
5101
2665
3369
3670
5547
1142
1705
1161
674
3034
4331
3660
436
3331
4480
2340
2041
497
3440
4192
5905
3247
5751
1513
2346
2850
229
5302
5464
3419
1316
1416
3549
2118
1459
5878
5494
3926
2273
5530
6051
5151
1351
6232
1666
4121
3116
4926
271
3714
6175
2162
3161
4822
3571
3319
4859
3201
3480
4265
1650
2753
4295
5354
540
1520
3507
2799
3235
4052
924
6117
5771
911
5840
3717
5576
826
5361
4245
2397
5670
4718
5538
2400
5968
5926
4807
894
546
1534
1674
730
3522
1236
285
1441
2258
5652
3977
4027
4953
4058
2009
2163
902
3271
3480
2669
485
2137
2229
1517
4669
4981
6163
3078
4714
3785
5144
4045
2036
3230
4361
1453
970
3005
4397
2213
5701
155
2119
2727
2588
3077
2934
927
5991
705
6210
2628
5281
104
112
3353
186
6140
3076
5941
3526
4850
142
2981
6259
5769
911
4568
3420
5358
201
2019
2258
1175
2135
2292
655
5594
2751
393
150
4484
5798
6071
76
4129
2865
4068
4732
4201
1539
1272
3200
2128
5293
5480
2613
1942
4597
2301
3310
4151
4409
1268
1172
4227
1250
528
1243
341
3881
1527
2083
5438
3735
1166
6278
2509
3597
424
5599
3338
3856
2982
4771
4149
2907
1129
977
4905
5689
1364
2105
5200
4395
1107
4419
2771
3262
471
1617
3176
1367
2762
6241
6052
3450
1555
1239
3651
2440
3930
1582
5457
4633
1159
3506
5097
159
5324
1393
4601
3127
3116
1818
1536
4385
2499
2966
4101
911
1532
4854
898
5415
6182
401
3158
4271
2379
4329
6264
5003
6235
4873
1738
2948
1458
4812
637
4764
2523
327
1485
2706
3330
5609
6253
5386
2848
268
1196
6278
2550
5016
2846
5523
5503
6241
5951
4537
1645
941
5269
1357
2593
5203
2999
4185
5467
4755
4453
2056
1737
919
76
5185
2709
6065
5563
1239
952
2223
4938
4074
3297
584
3862
1769
4922
3490
1900
3725
656
4061
2056
4323
3632
1278
4679
1809
1371
2870
3948
5475
483
4415
6130
1344
5808
614
5353
2248
5642
3375
3499
2916
924
3810
702
417
5453
2403
5412
6148
531
3372
5174
5393
3784
5981
1997
5417
3637
183
1266
3817
5203
3374
3203
692
1318
1276
2142
344
1999
1561
1002
6095
1488
5763
4517
5458
518
3504
2715
1688
1750
279
1448
6137
4717
2303
2540
6082
4151
2588
4066
5161
5083
2294
4249
3676
6154
5023
1672
3475
4844
5126
2462
447
1128
2107
2067
3745
1784
5865
1764
6043
5337
2700
3933
6084
2755
3025
2664
1606
4273
2770
3682
4007
5113
1689
6067
5622
3642
6214
3436
3616
3565
6011
3316
2886
3908
3731
1982
1665
2208
324
4573
1439
1281
2043
4043
1173
358
5194
166
4089
2613
4402
3810
3517
1460
2565
4404
4856
1846
1618
1331
1762
686
862
957
5122
2228
4759
1512
3941
5487
1463
5602
3758
2681
6291
4870
5852
4309
5886
2225
4998
211
5082
3072
746
6265
2607
3331
4070
4796
1952
1512
1029
582
1326
3618
4905
4408
1053
4329
3751
4834
6068
4832
199
3499
4193
602
462
800
3847
3026
1769
5293
2144
5320
2937
4976
4685
5402
5215
1366
4309
2662
6015
2102
3800
2568
2063
5535
1976
1846
5433
5154
4087
2462
5236
5885
362
1043
5264
3793
2079
3020
5275
662
2113
3887
3245
3000
2308
6165
5196
377
2358
4367
5637
613
4512
1203
3119
6208
751
2436
4089
627
4344
1298
2625
1463
616
2408
3925
3007
3094
5109
438
2475
5678
5759
1041
4855
569
5576
3716
4410
2628
1558
5571
35
2077
3163
3986
1881
3327
5180
4842
1770
4038
383
6110
6073
173
873
2857
5563
2154
856
2188
1930
5676
675
3804
3072
5859
5213
3761
1692
3732
2644
2447
5482
4953
4031
3345
5677
4157
2358
4705
3724
4333
1792
3998
3767
3763
5561
5903
1130
4983
374
950
4136
2375
1095
5987
4055
5897
6236
3888
2782
3261
5589
4802
3510
525
2560
2714
3094
3242
932
1058
2361
3109
2976
1134
5766
2085
5801
418
4024
2791
3966
4530
1309
5037
1267
4145
2378
2137
173
3275
5972
1026
3660
3578
2219
1609
4847
1373
5030
1123
215
4799
3660
5605
1438
5155
381
5322
593
3718
3624
1658
4728
4758
5917
4795
5492
2986
4168
2747
3372
3961
5124
1239
1444
2610
2050
4438
493
5249
5910
3530
741
4943
5598
3486
4616
3574
4743
5238
623
2662
465
4381
1955
598
130
4040
6266
5991
881
4953
5416
2047
3160
5745
1279
5232
6232
5367
196
5072
5448
2127
5877
4104
2197
2089
2921
1435
4095
2080
3307
1905
3334
3169
4237
1088
1955
2436
2530
6170
609
868
3693
6284
4117
4175
4237
5968
3500
1264
5862
3707
5578
2503
5995
1389
2159
4972
1424
2603
548
5064
2777
1764
549
5883
4312
2553
5060
5970
5513
1833
4505
2627
5564
2764
3915
1973
6038
4379
1053
1134
2639
3602
3279
1381
5263
78
3057
2424
2935
60
4659
319
1787
5766
4917
6006
3331
4848
2662
2077
2963
3494
2314
6051
6020
1014
372
6066
4768
1977
3510
1982
844
1766
4557
3004
5820
1453
1894
2013
4981
2945
1439
743
1406
1982
274
1826
6103
6036
4759
3019
5936
719
416
2764
6043
1598
4862
6106
2177
4516
3075
2032
5400
3140
1478
3812
2593
852
2939
4270
3543
104
2769
5177
1206
5549
2720
1962
5634
4129
2096
5145
2111
4359
6035
2799
2585
359
3803
1503
2911
2821
4141
2419
1639
2479
4816
3973
3545
1113
247
6228
1560
1049
858
2698
1857
3888
1004
3108
152
3101
4698
2598
1315
2408
341
5377
3315
70
837
4938
4338
3829
1962
6169
3401
3577
1173
1024
3038
4912
2385
398
3432
658
2157
809
278
3889
2956
4806
4687
4965
5410
4080
175
2584
6098
1399
3544
2900
1360
5861
4283
1857
832
205
4858
2313
3769
4535
3923
5172
954
154
882
2520
305
2924
172
2678
355
2324
386
2499
1036
3636
744
5252
4816
1715
5178
1342
1043
4059
5097
3514
5388
3605
4193
3667
3250
3585
808
5108
5076
2208
5935
3852
3105
6142
1313
125
5632
1819
2710
377
3943
448
3268
3937
3622
3190
6298
739
5702
1886
4200
6008
1922
1242
3352
6184
2367
4291
1608
3932
6061
4185
1857
4110
3589
1731
1618
2632
6155
6174
762
2274
418
4946
2141
3001
482
2203
4215
5402
4160
350
4448
3007
4739
4454
5406
2860
352
2955
635
5757
3165
3859
4634
3605
2435
3805
3354
637
4472
6115
2978
3617
6142
4793
1086
2649
696
4070
768
600
3403
4950
1786
567
1996
5643
4989
4176
3965
3282
4
357
4037
346
6068
4469
1705
5578
505
4266
3380
5412
1186
1548
4699
5210
6020
1889
224
3873
31
2192
3426
493
5874
3714
1301
2398
4622
4675
2612
2994
4720
1993
4725
3630
1042
4051
4891
4515
4595
2605
4668
3808
5280
396
4728
5465
328
1295
5470
1309
1201
182
3173
914
5761
81
889
5409
2911
1945
5665
4467
6063
5185
2429
4386
2665
973
4321
1034
5894
1090
1351
3610
1152
713
2115
1403
870
2459
3748
2667
2019
5768
1709
4786
5274
155
2755
5208
5650
1038
3809
4309
3452
1862
4890
4811
4396
4925
5797
5000
1932
2379
1489
2670
620
1541
2551
3943
906
2136
6276
2975
6267
2712
4430
2789
3064
357
618
5284
2039
5698
5412
3224
504
438
4161
5206
1324
5127
3137
1868
4222
2567
2659
4402
1636
1676
2412
1268
5571
2751
536
4000
4593
3333
1278
2657
4578
5221
604
540
2323
4039
3181
1068
194
2957
1712
2691
5196
5492
3436
5060
6050
3874
4043
1549
5202
771
3497
1292
2013
4827
1197
6063
2501
3149
4275
3109
224
4058
5309
510
1087
1123
2191
5654
2198
796
1805
4629
3932
996
3528
5295
3204
2156
118
3791
4098
1029
3173
2641
810
3124
3908
497
1337
1534
4990
1728
1437
254
2539
5144
1858
5923
319
5279
2735
4274
1256
429
3507
6126
1877
4527
461
2330
880
2904
1587
4823
1260
2675
2996
225
4159
298
2123
1231
6092
6169
110
962
921
459
4
2572
2356
4461
1920
1309
43
4962
2095
3024
2150
5183
1659
980
4615
5199
1228
3872
4726
2529
1948
4002
3853
608
2508
5717
2172
1221
2851
4324
6104
4256
4745
1645
744
4965
5673
3467
4034
3920
2059
4613
3400
1085
5602
5718
4418
2491
3330
2640
5359
5937
1398
2420
5274
1309
3608
5425
6256
3202
1879
1294
1006
4466
34
1278
3360
1666
4095
5120
5381
2199
2366
927
4423
5071
2058
1612
5272
3198
6182
5551
3999
4085
1404
2479
5429
430
3791
4339
3263
1967
3201
2570
3453
2268
5514
2617
6026
5611
2613
532
891
1339
4752
4262
5454
578
1972
6273
2865
5683
4256
3258
5060
3724
3575
2564
2101
4208
3504
323
4700
1464
1830
5683
5334
5917
822
2977
1060
2621
3135
1612
376
2352
3065
4216
376
4944
5993
3920
2678
3220
3276
1315
6174
2567
1091
3129
4858
3402
3009
349
2428
2321
3369
5726
4698
6108
5661
1341
5672
4795
3590
4078
4934
1494
1380
2898
5631
4722
4070
5791
667
6016
5687
1155
2541
5663
3111
4103
3687
4583
4637
4377
4671
4888
2092
2837
5998
327
2728
3701
5883
6280
3256
1954
965
1841
2367
4788
5552
3966
3577
1616
2968
3692
4887
4137
4285
3660
5263
4410
793
124
5542
5790
1622
676
1760
6141
308
2502
3677
1957
5480
3828
5256
3268
2486
3641
79
892
429
2104
5849
4564
4808
2759
1443
2761
2268
1006
455
4657
1090
5723
605
4703
2248
4354
1009
4551
659
5447
1851
1726
6023
4369
3259
3110
644
1264
6049
725
4094
2403
4854
932
5928
5653
323
5050
6095
4846
5154
4534
2856
216
1557
5661
3714
1911
47
5406
451
355
4566
741
4222
2629
2210
1962
1444
3385
5568
6075
3647
2966
3938
1751
3192
3656
627
5916
2692
4610
669
5903
436
4171
1094
3053
523
4849
5337
141
2039
2317
2343
3512
149
2122
1102
5616
855
6092
2245
1464
3264
3841
2637
4101
4021
3872
1622
699
2332
5638
3996
2989
1168
405
590
5808
3272
5772
1453
5005
4597
591
461
337
5850
4324
5094
78
3405
2133
1673
1942
3477
329
3955
1729
2807
3605
4117
1372
3289
5748
1755
5973
5128
1694
2265
4834
5659
5177
1795
2819
1850
2025
1760
1603
605
4132
4282
2440
4882
3003
3996
4386
5716
474
1884
2113
915
1920
247
2797
1376
4583
1242
1551
3551
578
3607
4721
319
4914
4933
3802
638
6243
2249
6080
589
3051
1724
2623
4175
2423
1411
1366
2779
2464
668
2162
2829
6154
5273
4754
5611
3623
982
2721
1991
3609
1438
2166
487
980
4570
361
4639
122
6155
2860
2119
5973
2691
1122
1973
2923
561
1150
465
2607
1780
5268
5824
3946
40
3116
975
147
447
5921
347
5826
1579
223
546
397
2384
1453
2284
2544
2065
1174
2344
2181
3473
3097
2794
4343
5453
5044
4711
5284
4589
2257
5597
4904
1977
6232
440
3054
5229
4408
3185
5049
2060
2144
2321
698
4430
4019
4785
360
972
4275
3522
1117
145
778
1669
1768
3396
3150
5160
3381
5551
5922
946
5912
1998
2529
1787
3680
4502
2609
2836
1750
162
3532
2366
5230
5286
6024
2929
376
3036
471
5335
6110
2864
2441
4198
4108
4967
5456
1168
5306
1200
5043
2661
650
5117
5396
3504
5582
2060
773
3232
3360
3862
4549
1180
5217
5668
756
2912
5051
1062
831
1933
86
4913
1044
2814
376
249
1627
3430
5759
6239
3381
1179
5512
2765
3094
1856
3587
2021
5884
4178
4257
2889
4912
4066
1656
3845
2983
5571
3796
4147
2351
4622
3234
637
1042
5025
5797
5151
5814
2016
5069
1631
5872
943
2146
4677
6128
4174
1857
1564
5318
1957
2345
2803
5255
3804
3654
4239
4537
5855
743
3979
4874
1418
5596
1559
1512
1818
3061
797
181
1583
3099
4373
4511
4984
469
5231
4636
4611
10
1143
711
5524
2460
247
4951
1479
2561
5276
5623
2386
5976
4286
5882
5196
4127
427
3893
1145
1323
1793
5152
1316
1687
4000
4383
1789
529
1980
3772
3453
5824
3358
6068
1851
976
4655
2993
1420
2520
4754
3472
4542
529
5885
271
761
2044
1594
4221
1181
995
822
214
616
3613
2789
408
421
5739
1859
5511
1059
2706
5568
5637
6012
1389
2528
5180
5517
4777
5997
1369
40
5787
1362
3590
4281
3506
4430
2847
5292
5402
701
643
1050
3782
5177
2069
1604
3622
3128
1743
4630
5103
3015
5895
6120
1036
1809
587
2973
6180
4766
358
2191
4241
2731
2178
4273
4507
5802
5751
3990
2993
2839
3302
641
1653
5462
2728
4975
6237
2646
482
1296
2075
3839
3974
3325
5891
514
4568
2381
3431
3962
4192
5252
4507
1984
2763
4944
5851
2912
4930
3489
1290
4820
1452
372
5809
5132
224
283
880
4585
5766
5277
392
811
1306
1694
4384
3852
2104
377
5449
4610
3966
1666
1121
2719
1327
5489
3346
879
1890
4843
3635
1554
4498
400
5079
5571
2811
2796
3597
1963
616
5712
5787
2079
275
865
5558
5073
2072
2022
3250
5461
3478
480
1908
4206
2477
3906
4343
2304
2637
2869
3270
2572
5894
2222
4312
5030
1208
6049
6100
966
1639
3892
6005
2313
3748
2285
883
1949
4878
3299
4130
1547
5519
3320
3067
804
886
2927
4077
2281
2296
4496
526
5285
272
3024
5661
3503
5540
4466
5487
5912
4148
5819
4577
2300
1281
3231
1036
2520
3163
211
1661
100
1479
5710
2645
3630
673
6289
2571
412
1230
1832
3940
2560
5876
4607
6057
1025
2796
4269
3017
5392
2601
804
1496
2734
960
5803
2913
2344
910
2329
912
3864
4513
4753
3798
5953
1413
3753
513
1733
4491
841
4966
5367
4209
4430
1048
4152
4115
2374
4305
5030
1950
11
1578
3068
5397
808
545
5700
51
1962
2646
124
4580
1861
3818
1883
4619
64
3968
4328
536
3265
4053
1702
1425
5390
3129
4726
784
680
587
576
774
2173
2090
4789
110
3303
4254
4833
1252
1255
4014
4346
1488
1893
1772
2742
4522
1166
3314
1100
3726
3626
5925
139
1975
5669
1066
124
4310
2594
4155
377
4863
2842
4959
4558
4178
4665
5948
2908
2662
69
4313
2384
1624
4759
1037
4351
6120
2075
4990
4286
5288
4515
721
813
314
1850
1450
630
2861
1209
2134
1414
4546
3776
485
3081
2187
2127
4491
1103
5979
250
3814
1056
5463
2477
4430
937
463
1733
5069
1118
3596
2611
4754
3600
989
931
4448
3521
3412
2365
107
2860
2574
5603
8
2622
4009
3309
6139
1286
5834
1933
3642
2727
3204
553
3662
3922
3978
2151
3523
6153
2350
3799
1642
3973
5179
2991
171
2283
552
212
5130
1765
5931
2174
4403
5713
4976
528
5012
2770
3970
2927
920
3895
726
3924
658
2017
3531
5188
2538
864
3358
4141
2724
2831
1730
1508
2346
1514
2097
768
5437
2936
5336
1261
2244
5326
4140
6121
2869
2985
2457
5104
1579
1578
4727
863
1674
4825
5356
3148
5509
3469
4678
4528
6246
125
1426
5475
313
1867
5606
815
3600
6266
2094
2882
1427
924
4980
1479
3917
1945
459
3150
4090
1734
5519
6075
4917
6174
3603
235
1690
2534
1604
181
5017
445
2621
876
5252
2576
5622
2303
4044
1176
2922
3350
2325
3001
3600
5004
2384
3649
3774
1099
5011
2576
2249
1926
1121
36
5336
3741
2509
4102
6069
2354
3940
405
2229
2183
2870
5357
2160
4003
5093
679
1932
3151
3120
4255
963
4868
3567
1884
2398
148
4888
3732
3942
6241
2211
3930
3318
1923
5333
1865
2469
5867
223
155
2334
5433
4480
3677
929
3151
1641
869
2062
4333
4958
3948
37
1492
1744
6068
5622
3732
4836
5698
3252
2941
6088
5594
3114
3064
3630
913
6277
4231
3141
4095
2407
1190
2934
4596
3298
614
3742
4770
5938
5101
1123
2012
2145
5541
4510
317
3179
1120
3995
3849
2150
2602