8806
6120
9095
8747
10218
430
11401
8714
8163
2653
4150
1382
2782
183
4965
8954
7286
6439
2785
4220
8473
3533
7054
2124
11853
7287
662
3579
6182
2943
3343
5658
8088
2104
3011
7181
9749
3298
10474
7378
7022
8664
9408
4172
5077
158
5690
5098
7920
4437
10752
5338
11190
8359
12030
385
9180
11270
5648
8920
1985
6773
975
12056
4397
11469
10234
8420
5196
2249
9636
8321
9925
4628
11405
4283
1787
6835
11170
3189
9404
7689
6132
2835
1309
71
5430
3803
5437
3898
6363
8013
8603
5513
11450
4375
7150
10438
5187
7190
4552
11744
7076
4912
4712
5734
6567
5199
4790
3140
3733
4954
8755
5914
8516
910
6577
7747
3969
9560
6134
1805
4677
5036
902
9553
2723
8929
2124
640
3710
4502
2032
11335
2285
6150
10874
4452
11051
1162
7081
11211
7925
4582
7964
5351
2236
6348
9307
6716
11140
4736
8218
8636
3960
6612
5732
2212
4154
7229
2729
2163
6833
4968
10375
11448
7465
703
9015
1873
3020
4292
7034
12051
6517
3798
2484
6991
2322
8949
8256
6666
12065
8685
583
1700
9678
7305
1809
897
9328
10501
456
5760
8435
9240
11462
11775
3558
2318
7522
5167
1591
11723
1454
6609
268
5918
3607
5258
5903
6669
1717
6281
7708
4715
12068
691
4499
3728
9536
714
3024
11510
7455
1621
6006
2803
1208
9127
9239
7849
7321
1749
3015
8924
12060
4184
8567
2414
242
3998
3128
8316
3312
8941
11754
11171
1220
8884
10679
4926
8072
5906
9480
8854
417
416
5733
368
7132
10514
2976
687
11229
8847
3492
4937
1605
9916
7182
2077
8504
10816
2293
3125
1069
11394
2797
796
3222
4431
6942
11710
8553
18
1800
7199
8799
8753
1956
2814
5717
11322
4919
6492
7899
896
99
2683
2311
691
5604
6785
2650
10886
9939
11229
8175
924
2224
201
1964
3115
7077
1481
2182
7151
3487
1211
5385
7875
3560
4730
8582
10238
11281
5597
4820
7879
8726
10522
1884
8214
6372
4523
3626
9981
7977
8347
1253
5320
7520
4945
5297
2534
9088
5213
4617
1181
10057
4394
7746
9637
5127
3481
1541
10342
2965
7344
3450
3149
9003
10228
9340
5753
1135
2052
5594
2715
7395
3356
6136
10914
4604
10788
11986
9378
3005
1077
5929
549
11627
3189
1048
4248
4754
10654
6642
5102
1541
3877
5582
10351
1670
10638
8713
782
2953
7002
11512
7345
9552
11705
2576
11372
3582
1976
2519
145
3384
7333
5545
10240
398
2401
2629
10931
9302
3229
7615
11345
6063
826
6666
11960
8627
10317
4077
11298
6330
1782
7222
1671
8234
7230
9645
4711
2183
3568
1382
7640
3207
7301
3941
7775
11501
8529
1984
8548
3666
10488
9961
2598
1324
10947
9600
10026
2677
4009
7693
6676
6925
11303
7747
10858
2718
11513
3316
11952
6455
12038
9599
975
679
10927
3135
2154
3753
3839
11921
5847
1595
541
10902
5817
9065
3627
8913
3361
2878
3117
1981
4654
10584
4234
9752
4866
1797
3193
5692
3506
5735
5688
10303
4855
6252
10166
3221
7133
9171
11006
3953
4732
8386
7362
9884
476
8040
10212
3107
1189
12065
1713
3698
11425
3323
9828
515
7752
8380
7482
3927
4063
1017
4095
10825
10804
7406
10440
1908
2007
9629
8676
4497
10798
7394
2088
5040
8781
4893
5265
1827
5293
10017
7425
9157
11920
4553
3443
11766
8129
11617
11910
11992
5984
12075
8335
4124
272
5085
982
9253
9116
10997
1652
4981
7893
8011
9548
10225
1581
11963
9998
5575
2869
9448
8264
12023
4337
11722
3923
11773
10134
2747
11685
7810
11339
5498
1226
8795
5684
1730
1895
85
3759
4034
5233
1381
5182
5869
5329
1318
6428
11268
6739
6854
8224
7458
713
5919
3757
8037
11532
2709
2693
7094
8824
531
11766
9337
6601
9202
11426
3577
5181
10297
8703
5656
5940
11957
3675
867
4247
9222
11008
9583
7683
6878
7047
1876
1494
7112
3133
11050
1679
1277
12068
8969
6749
5128
2335
2774
10911
3072
7676
11082
252
2580
6265
803
6880
11414
11818
8842
9886
6019
3066
2086
364
8106
3224
11032
4856
11084
2975
1757
4961
5051
3090
11279
2139
6306
12075
7842
660
7733
5349
11149
2515
4501
5881
3037
66
7234
9630
6530
2319
738
7145
389
3074
8071
1616
1276
9429
3609
482
4691
3250
10610
214
895
6408
1965
9130
3188
2076
1131
1858
5826
3685
5852
5164
1673
6571
3039
5868
4168
9702
9749
1484
7663
9125
7984
7468
8374
6451
3822
9868
9449
7747
9804
5999
5634
6106
8446
7754
2793
221
432
10113
10123
6067
3226
7288
10924
11240
6385
3021
505
1562
9551
7047
3414
1413
3104
4050
5373
2332
10065
7276
3355
11120
363
10819
8501
1686
11969
7230
8002
5846
5106
5169
3530
2272
10434
9788
11648
7163
9377
1975
10629
4383
8902
9243
5175
11177
6494
11643
1898
10943
2486
872
8135
3471
9448
4480
11255
6441
11984
9838
10700
3885
3631
1416
9604
5629
190
2480
1797
6239
6008
1472
6744
10592
8567
7959
5548
10307
2820
10641
6737
10755
11119
4092
396
8286
3728
7844
1354
4017
9456
4633
2891
3890
6183
82
2255
4108
5293
4357
12089
11182
8960
2667
8797
251
11408
3040
6489
5191
6907
12054
4790
11493
110
1910
9054
3351
11664
11024
4805
10849
9472
5673
11269
3720
5910
2339
5995
10890
1847
1925
4839
5530
6730
11632
1800
2041
4158
8209
6306
8927
2399
5271
7393
2570
294
9796
9691
11568
6271
4104
9862
3070
11503
2827
2846
9794
6929
5011
8155
6528
11097
3808
2125
11993
8393
814
3320
5833
11578
1469
6237
4964
1855
5100
11983
5192
8571
487
8910
2623
299
8635
10810
8992
2894
5893
9564
11329
5033
2316
2636
7009
793
560
10376
7359
2039
11683
9212
642
12069
7970
4900
4874
5677
901
7497
11269
7407
6964
7703
5248
5236
5668
1924
2236
4584
4428
10610
188
6889
576
479
9796
3504
8561
7003
2746
1757
10231
9200
9635
2882
464
2976
2818
11560
1450
4963
4805
6079
5991
6637
2256
7182
9559
6818
6860
8846
6886
6661
3764
661
6537
2045
3515
9261
358
5823
5582
10818
4466
7338
9494
3526
1105
9175
9718
1437
7292
6266
9141
7232
1144
7347
302
11049
9988
11910
1414
1776
6179
7981
6763
9586
2024
8213
11184
767
10428
11306
7036
2447
9831
7249
2241
692
1446
3849
6642
9664
3550
10581
2571
3536
5095
6840
5356
3910
10369
8181
975
5976
2723
7553
1736
6099
3829
10966
3092
8052
5110
4915
11802
4550
5534
779
6860
10954
8461
5978
9588
10348
1875
6992
9161
8024
9833
4997
4628
8985
7518
1889
3096
3448
57
8200
972
10138
10242
2816
4651
6909
11591
2534
5205
2389
10883
253
2048
10641
9641
7614
9672
4374
519
10312
868
2774
10371
9465
2609
9916
1995
11122
412
2995
4705
7206
2763
4420
6930
2905
7161
4631
5300
820
2680
7226
1985
9345
265
7625
568
1444
11642
6436
6240
4667
2973
572
5554
2541
8294
2172
9758
5927
6712
4638
1353
6451
9054
9449
9428
6160
7655
6478
5306
8589
9606
1353
864
8748
8250
471
10655
6849
11906
4779
5423
4956
3399
7322
8012
2109
9279
9457
8374
6423
1762
11362
7554
4430
10114
1149
10287
3074
4803
9365
6004
11459
8090
6418
3458
6944
10371
11756
7218
3846
7743
2049
1348
9884
7787
1040
8201
557
432
11335
1972
4490
2628
8389
2618
425
12010
6195
11182
9569
7919
2606
8808
2357
2762
11504
62
8862
7627
6043
5177
10589
88
466
4435
3607
3057
7362
2489
663
2891
9555
3236
2150
10661
7009
7737
11405
11057
6472
10841
4448
3920
6798
7281
6520
3836
10626
7495
2928
3571
1371
11577
10865
793
11800
4467
3013
3808
11708
2586
3486
5726
11780
2274
11955
7126
5407
8600
6335
9147
2473
5622
7846
4958
9856
5202
5828
2166
516
10093
1756
184
52
10441
2420
9557
9376
1163
11880
1295
2793
4944
2263
7109
11164
3242
6068
6993
9225
10988
10622
5430
9614
7984
1206
3965
1994
9341
4776
4290
9754
8468
6942
5598
9253
3954
7261
339
11129
2114
131
9321
11403
1826
6302
6146
8426
8608
1487
5052
6174
10793
1585
8790
98
1517
274
8780
3728
6338
1207
8997
11637
9609
10971
10126
2350
11186
1831
5804
11249
6283
6594
10004
5432
5682
6407
7150
787
6268
705
1907
11404
1410
10522
10098
1771
10579
8641
8519
7573
1854
9366
4908
9956
10869
1166
10514
3155
5436
431
3560
3715
4318
2994
4539
272
3115
10355
1402
5899
3475
4349
12058
965
8108
8304
1701
6401
7791
3254
11942
11313
11354
311
7301
8723
3996
5007
6936
5508
2895
1008
11595
202
5488
4344
7203
7267
4861
2380
4934
6950
5115
9548
1290
4255
7559
4687
2455
3976
5852
704
3956
6112
10779
11696
7753
1362
3108
1855
4611
10623
5457
4134
8175
8074
8588
7753
10494
11718
7162
921
6926
3108
11953
829
4023
300
10682
11660
816
2319
10506
11229
1886
2464
7076
10166
10210
5081
3249
3740
709
9169
6320
10889
9137
5447
8793
4821
1439
3430
10692
10053
9165
1242
6576
95
5636
9675
9198
1582
1913
9026
9701
2037
5030
3339
5749
2935
5309
8494
2292
11042
11444
5202
2671
8167
5054
2983
11641
10696
6771
2567
3936
3235
11014
9403
1045
2823
2589
1704
6016
7971
4144
5160
4389
2839
2034
508
6246
1619
10019
5180
10133
10128
1940
2313
8236
3259
7946
2696
9463
1232
5262
8682
7458
5313
10472
11003
8959
5404
11591
1605
2212
10935
8326
5254
9706
7420
1848
6089
3622
8023
4330
5418
7605
6912
2922
9427
2403
4928
1492
10271
5391
605
2800
8651
7694
7327
4318
1464
8979
9507
9682
4877
7913
9006
9981
7300
8262
3960
5540
2890
72
6457
3441
5449
9388
10170
6768
6226
1731
1035
10565
10838
1828
8512
5774
7257
8434
1726
8660
11414
164
10574
9246
9404
4576
9135
9596
2296
6185
3906
3687
994
11510
2260
9310
10961
9206
5238
2145
8717
6234
5663
2493
3284
3673
9878
3809
4669
8592
10073
1693
9292
2423
7144
8796
6933
8536
5545
2508
1480
7838
6963
11392
9950
5325
7999
1845
10127
3649
4451
9640
825
732
3902
3865
522
1728
10441
2170
10178
6938
8615
2762
11736
7082
9034
2120
7270
1549
10955
10765
8722
9810
6587
3813
3387
4883
6774
9862
6773
5023
1147
5615
8382
10856
8489
3654
10408
5528
8135
1335
10675
1248
5685
5850
4547
1683
1479
5895
830
9937
1488
453
3645
7453
10252
2600
3980
9473
666
3778
6232
4822
8936
4564
12010
10459
10289
7870
11262
7868
7354
3315
10552
7865
10307
8582
10914
6297
5166
3016
3559
5786
3256
8594
9015
11801
11864
11333
3466
5732
11032
2525
6705
4850
8782
8968
4740
8538
9368
3834
2107
525
4078
4517
6692
3781
731
2248
3161
5418
315
1268
1784
10279
10841
2623
691
10654
4870
6838
10819
4161
2835
10093
7362
7177
6604
9631
10776
2347
1270
4072
1079
11097
11835
3548
4563
2506
2316
6334
1412
1318
5678
10969
10207
6566
10698
5812
9000
184
3495
8638
7502
6777
783
11613
3593
1556
1797
5325
7135
9676
341
3702
202
11630
6324
1431
8555
6173
8633
8382
4028
7380
5453
11954
8847
435
1755
8990
1024
4978
10
9439
2593
10562
3004
6589
10620
1604
5114
9365
10113
11437
1744
3622
1564
3830
7849
2392
8883
2852
8908
8828
4271
9657
7093
2640
7420
10537
1454
5917
6950
11788
8885
8100
629
7972
6151
1265
756
3405
6115
4274
1574
12093
9771
8829
12000
1185
6934
9371
6018
958
9474
9875
11850
8999
2260
11869
5574
7198
5943
2748
10924
7732
6757
5231
3525
9987
8477
2329
12069
3249
9260
11214
4249
2635
11283
8100
11772
7888
8290
974
5528
1350
243
1019
10728
10180
9387
7995
8786
5801
2707
11900
10293
6305
11543
10670
6596
2328
1404
2985
6717
8043
3756
11793
6203
10572
435
9204
1988
7000
8775
948
4161
5971
2402
6245
4684
10512
10934
8312
4343
7355
1003
2568
7868
11830
6863
793
2662
11100
5343
3865
5228
10707
6149
597
9096
9171
9698
5686
3669
1736
9403
6399
6485
9079
10671
875
3810
4070
173
10980
10720
4188
6287
8666
1204
3859
9219
1018
11313
6285
6416
10567
4606
5741
11556
6041
9761
4168
9239
3549
5527
4867
3929
1804
9192
603
146
11916
10027
8653
5421
4450
354
7102
8871
7666
9331
12003
4633
1150
11933
7353
5219
2603
507
6179
1024
7797
6464
7597
9892
1246
10197
1965
6299
11614
5621
5813
2796
5857
11133
7402
5692
570
3589
7015
7497
2991
101
9616
8943
7205
10149
6321
11477
4682
7726
4471
11735
4636
5721
7674
1779
8126
3132
6856
2888
8374
7436
1681
2367
1960
1257
402
4860
9902
9001
10302
5021
3523
7024
5922
8026
6964
3162
4852
9872
10453
7102
6250
4322
1254
5684
7787
5165
6160
3416
4686
8010
9857
6181
1520
1825
6151
5367
749
2869
5321
9856
2761
3077
852
924
7922
2912
2056
8865
8437
6501
4210
1650
526
4718
5681
9866
3334
10175
10203
3324
2934
3267
8426
1833
195
8620
1544
182
2140
1596
8222
4838
2426
2956
3557
10039
4231
3030
1942
3224
582
1856
1888
3196
1572
4284
2060
5497
2826
8192
63
8987
10778
4166
8422
9264
2139
86
1504
6458
11361
165
833
8175
5959
2374
7906
7154
6923
10745
9048
10383
8398
9100
11203
6710
1946
8054
4226
5799
8133
2105
2993
906
6755
3182
3758
9018
9102
706
8826
3010
2306
2020
3807
848
3678
11252
8687
11282
3411
1686
2847
327
367
1212
4634
9763
3374
4804
7515
5894
9155
1950
8651
3495
7293
567
4530
5570
3765
1232
306
5470
9973
11887
1131
5271
9236
2961
948
10541
4657
9607
1568
10212
8305
11690
10787
10
3347
8788
7967
11005
8544
10068
2759
3958
8690
5639
3764
2781
1106
11491
3423
513
5125
8061
3775
9140
11194
7871
4401
4587
3331
8598
591
8776
10825
10820
1969
9624
10457
10414
7772
2760
3811
2679
9963
10711
9446
999
9255
8642
9813
88
8158
7822
6946
354
2491
10910
6267
4466
4165
9010
8101
299
3511
10483
4772
11344
10283
7219
7810
7506
11202
951
1916
157
2998
6033
1037
4283
11219
4403
6129
4542
604
505
9089
6271
11242
7624
12054
10124
3129
5579
1605
2102
2233
3103
4676
562
2476
10501
1231
8927
6383
10204
3755
7612
2526
9959
4120
4367
8875
8937
206
11051
10948
3569
697
1275
4568
11080
9771
6901
155
9056
1127
7069
5880
10245
1137
7057
3522
8986
1201
6146
7983
408
3566
115
1784
10841
5963
2764
3218
3390
5145
1655
3702
7537
10410
9040
7277
10978
9084
2477
6774
10507
3575
7109
9659
5804
8207
1100
10095
960
8314
4162
6741
10834
8978
2793
2444
1602
2089
10114
6076
995
10681
11863
312
884
10481
10848
4911
6335
1804
3283
3001
4049
4079
4236
4981
4455
3147
10048
8441
2506
3248
5926
9519
8417
10377
11653
7942
6700
7099
10049
5602
11014
4000
11474
10962
7078
11632
5330
2806
2212
8866
2593
9056
7291
6778
8646
214
10594
5578
7150
738
8561
9391
11408
1360
3813
6114
9777
9316
10088
6277
11979
3089
11255
11526
10487
4164
2683
2096
4162
9490
11164
2708
2944
4861
11259
6791
2836
11823
7794
3896
1432
10665
7207
9654
11658
4334
2713
11160
11937
2869
2936
116
11642
1031
1554
2391
10547
2427
11311
6198
5266
10686
5891
9993
12090
1784
454
8101
1848
11002
7769
4766
7648
1520
4094
1183
8305
8640
11517
420
5841
3602
11753
4833
2942
2611
973
5985
36
3952
8931
1971
3430
8873
1880
743
12090
5335
10859
4043
9342
10555
6047
1822
6328
8214
8787
10997
10904
127
5292
8547
3077
9663
9435
6904
2054
9822
10110
5206
9613
4256
4664
5171
2717
9967
8379
3682
2822
3935
5260
4109
5046
7788
1129
7845
478
5800
1100
2326
10294
701
9845
7316
12076
10824
835
9944
11673
10797
2172
4915
17
11652
9120
6338
881
11559
155
6311
5868
2594
6622
10080
2596
6122
4342
4265
434
11705
9963
11406
5375
5930
7772
7874
8300
5616
9255
2749
5094
5505
11359
2468
8335
7549
6713
6337
9916
1647
7757
11580
8831
2422
2577
10954
1044
10145
10323
4534
2584
517
10902
3710
4994
5120
3319
4425
2813
209
6948
2485
3090
3901
212
8527
3642
10399
392
12016
4911
7900
4827
1562
1544
1831
6975
6433
6696
10725
11512
11940
2546
7914
5451
3565
1777
8326
10859
11664
852
5035
653
6499
2209
12054
1960
8800
3265
11759
7139
8114
9329
11544
2544
2058
6531
5120
362
3922
7794
274
10953
5615
2055
2974
6188
9847
8448
3395
7147
3449
1347
671
6307
9750
10121
10161
2544
10078
8037
9929
9803
3466
9720
7064
3893
8612
3128
11963
879
5693
9265
443
2601
8006
10465
8727
7190
5737
5921
6810
7090
8095
5856
494
6754
6823
1675
4100
9389
2730
6393
1434
38
9676
1232
2295
3995
8906
4382
10767
2143
10204
11006
3222
5627
4931
11524
8426
6094
10749
7394
1625
4435
7954
2301
5228
520
2049
1343
487
2977
4955
8392
4285
6645
7350
10320
7069
9946
11535
4156
8714
7639
3794
834
1945
4417
3631
2497
10769
4252
9216
2379
1785
5301
6578
4290
10211
11035
2744
5465
3735
2370
4528
11158
9060
11328
8266
3847
2517
6790
1813
2758
4083
2428
2280
10603
11085
2401
3152
8826
8351
11335
1101
352
2256
3969
693
3845
2421
5905
1192
9361
4766
2890
7708
5869
2019
8208
11267
9632
7897
8039
6368
7230
2804
10974
4571
7089
1536
11350
8501
2523
208
10673
5742
3940
9173
11495
9112
10944
1425
6719
9307
3982
11737
10191
2619
4408
499
5359
3849
9337
5158
1874
2036
11239
3008
4761
3452
3993
8466
8310
6181
5545
4061
5665
11231
3232
8731
8947
4949
5082
1962
7744
4370
347
3022
10356
10567
451
2832
7661
8328
5293
9656
879
4887
1207
4362
7823
1416
11703
8947
6333
9122
5575
6440
10341
8445
6012
6398
4694
7112
2452
820
7132
7863
10608
3511
8732
7787
11169
12083
3243
1919
5878
2514
642
9332
9478
5998
2717
7528
11071
1705
4722
4372
1150
9825
8153
2131
138
7009
4182
1079
6641
9058
1516
4428
6757
7985
6899
3758
2295
6095
10733
10363
2409
10155
1134
9750
2619
4986
80
3232
6621
1910
839
7004
11701
4827
9181
5468
5490
9978
173
8061
11157
2993
2647
6679
8109
10387
2946
6988
5585
9114
1759
5395
6545
1539
7344
10269
5929
8707
9859
1102
9208
5851
8428
8236
5300
4473
1597
2490
8812
6097
2675
11675
1214
6721
3780
5240
5815
2453
11211
4766
6295
10831
8265
2548
8006
3201
4565
5687
1033
6002
8669
434
5340
5863
7711
7580
12075
1912
2390
708
343
4579
10022
9090
6386
9602
8297
9934
4832
7868
1939
9073
648
472
1154
11200
4895
4092
3680
5275
901
9507
8419
3178
1054
9558
7938
3740
9669
9268
10578
4912
5167
4819
11487
11623
1580
5726
6830
11202
11654
1595
2809
9084
7201
11853
5441
1353
2294
8003
1898
6378
2437
11135
6566
4788
7935
2812
149
769
2163
11446
2532
4130
3973
1472
1468
8242
12022
6055
7439
1854
1721
2971
4944
5810
10648
8049
2299
10132
7959
5511
1428
11075
4239
7522
4703
9874
6551
10441
2512
10641
4909
10335
1439
2502
3764
10834
3988
10140
4588
11802
2278
4974
7089
8913
11641
6181
5559
11443
8464
4072
11642
4237
7625
7832
1672
2532
7337
10865
1540
3087
710
2844
4293
5591
7544
5229
7904
6562
10840
4038
11984
9219
3051
6443
1340
73
7787
12015
11067
7242
4169
4834
8326
9798
9088
6513
8476
10590
9043
2663
491
3479
1873
6869
9713
4203
9427
7531
6231
10686
11990
3584
8410
4584
2731
8968
5201
2116
587
9974
6650
6795
6434
9887
4309
3136
3721
1757
8415
10088
1318
4473
2636
1637
1813
5841
916
11085
5609
10101
2876
7578
6310
6322
11266
2380
1692
1897
12077
5252
3247
8504
1657
7603
5369
9117
11192
11246
1123
1398
10073
10615
6069
6370
918
8596
4671
7122
9195
6100
3034
9858
3830
2789
3101
9409
8969
10268
10785
11112
9897
11581
7561
11717
3245
7482
1571
11316
4996
10338
1050
5609
11858
8423
8020
985
6409
3650
4563
7131
5360
950
1029
9797
5001
5480
10691
5834
10101
1127
2608
3360
7200
11950
2846
7534
5914
7887
6882
5506
1663
10613
7447
2042
5472
7264
1907
2169
1060
1626
5760
11288
3435
5501
6930
2483
3150
10501
5437
6833
11547
2235
8263
7712
10295
8093
792
11486
8569
5581
7974
6838
4469
5569
11426
8283
7434
3080
5571
3555
879
1172
7046
3880
10428
7927
59
7441
8471
11216
3057
9753
10808
385
8676
2887
2296
6337
331
3600
8054
62
7255
7199
1357
7026
9359
7314
7919
2117
3434
10716
11448
6563
8197
5180
6917
10562
8988
3245
11158
11611
3815
11506
6955
5978
7403
1972
12083
3889
9828
6343
6731
5615
839
3542
1386
8876
5345
4918
4427
11394
7141
11961
8533
8225
1450
4967
3663
2843
10913
11139
11161
8823
9485
5934
4784
2146
8097
8577
7330
2284
1806
5457
10239
7385
7599
1549
1650
328
6016
10504
323
10904
7698
2694
11688
9669
1366
11833
5120
5375
10736
8723
11434
351
8587
10449
6701
3081
10860
2399
5269
2254
7112
8550
8491
283
2415
9937
9208
8893
3198
11770
11073
8220
11219
6362
4702
732
10952
8357
267
6487
2992
1113
5931
7291
2667
131
10827
9501
6353
11284
11297
7854
968
11060
7049
4562
10179
1550
10935
5810
11972
1190
3917
2571
5593
7838
7213
10868
11164
10093
6914
96
6435
11050
314
10504
5469
7283
5976
1927
10932
3225
709
7748
3024
1502
7616
10326
668
2467
9224
1662
8761
2081
9201
11796
11478
5720
10778
10985
266
11489
740
4502
4705
10860
9871
5957
10595
1400
1457
11008
9822
5255
8883
3872
5934
6170
10733
1922
11069
7567
2998
8526
8142
7967
2542
11316
8488
1481
141
6888
3396
2659
2268
2681
2085
2430
7299
4387
9286
3607
10322
5687
4730
11889
2103
6362
1675
1347
3409
1846
9613
11523
1955
227
6683
5801
1184
4413
9045
9069
5231
1777
8488
10711
11794
5217
7729
1579
4543
2172
8867
10322
3174
8414
4932
11301
8156
5474
5119
2909
10107
3626
3694
11364
11717
5894
8022
1129
9741
9985
5994
4865
8812
2450
6515
1728
1751
4981
2906
683
5044
8163
10147
5162
9341
1785
2242
6140
4832
10527
7504
1860
6973
4076
6061
402
1556
4701
6967
10273
3873
2998
578
4298
8883
9559
5499
3387
6203
7072
9876
10553
11099
11009
5353
10918
683
643
4355
9698
8569
708
6337
2050
1870
9119
738
10983
10124
2661
1030
6638
8271
5182
7332
8185
8868
12068
11960
9963
8652
7697
4464
11516
10550
6248
4904
10098
4837
5072
8818
2734
10910
2386
7702
9265
2200
2
1267
10133
11297
2733
5881
431
8567
6058
4031
8523
5788
2702
9509
1598
1399
3609
6612
3628
7741
9313
1991
9123
11129
3280
6419
2320
6780
1504
1907
11272
6757
6539
10214
276
9480
11454
6022
10030
5414
62
1645
2123
1154
11420
1932
11954
5522
7281
9067
8443
10498
3550
9206
7443
9291
2578
690
2913
3760
7491
10128
5577
6534
10993
1308
2887
4729
120
6534
2479
1182
3436
1740
571
4875
7689
5251
6306
11935
2454
304
7498
1175
6627
2170
5923
7948
11317
3149
9196
3997
5557
11409
8288
3654
1078
4851
10010
9387
6393
4519
11358
8976
9742
5565
7139
1050
7659
2966
7173
7471
11350
7046
5759
6913
11335
4212
10788
3617
5946
242
6434
4673
1395
8547
10005
1552
5242
5320
10207
9794
1716
10066
6546
6734
9546
5691
882
11959
6404
10143
4569
11168
5061
9512
1054
5962
8826
4269
2198
190
10142
9989
10078
2526
9630
2440
3484
2162
5315
10613
1988
6537
8523
7491
9297
11261
2072
11711
4443
7345
7126
1803
6303
7078
11985
9917
10701
11252
11697
11172
2910
552
5166
4031
2881
10753
8407
4366
170
9613
9335
10340
2233
8381
8821
4776
4160
3682
9747
10895
7631
10066
3707
1428
4918
11898
1925
7198
10288
2329
5165
11376
9911
9099
9230
1383
1708
2179
4885
4509
3221
3454
6549
4448
1415
7169
1921
5979
9191
1102
4518
9975
4162
7798
3905
7840
3216
4685
3090
5122
2960
11900
5764
10681
2513
1791
10968
1663
2854
5897
4498
3060
5252
3893
6430
1075
7238
6210
4983
5632
2778
7415
10669
3741
6498
6564
11059
11790
2875
5599
716
2863
2352
11541
11066
7324
6434
1021
2540
6244
8627
4190
7901
3876
7515
1261
6603
8512
3437
8952
5198
7752
11471
5131
4029
4883
3684
2013
6448
6008
11303
10767
2760
7062
6728
526
11247
7786
2729
7873
8642
5087
5183
7859
8813
2031
10296
4219
3675
1589
2775
11054
5148
11144
3950
4600
46
11817
494
2615
2139
8673
6159
3479
35
10024
5792
9107
4863
1718
1420
2272
7886
10149
6891
12083
5472
11088
7948
1579
8878
11596
7670
3997
9308
3567
8850
1545
8107
1880
10109
11194
10236
11025
1703
4293
907
5036
632
3127
4930
9978
7376
8289
3538
155
815
7386
9771
6537
4042
2407
1556
6825
9208
290
12032
9306
8136
11328
4743
7008
11935
8064
2513
7236
4518
2555
2696
10552
7962
3243
366
10808
3049
839
1233
10823
11940
3608
5852
9825
5426
6403
7626
3367
1705
11165
6521
3387
10017
5746
5704
9098
10430
505
10114
5268
9369
2200
3228
3587
3823
6571
3631
10582
9271
9687
4807
2673
10782
5318
7419
5604
6156
9880
1605
10108
4158
5459
10679
8494
3747
9917
7463
2361
7454
9977
8060
3257
1213
10514
9688
3409
2732
7122
2456
9428
2867
1647
3102
5864
8924
11478
11083
4124
8582
2664
2049
8325
4294
3816
8637
5631
2959
11673
9167
1390
4632
7328
2274
9387
9563
131
2602
11670
8037
6961
2287
8565
3109
742
7563
6864
2963
1333
1691
8791
7797
6814
1597
488
1748
5839
595
10814
5917
5552
8624
5016
2336
12088
4115
10616
6490
8877
1896
1751
3692
2067
11303
1049
11982
7477
6729
11534
8328
6314
7461
4497
10569
5293
6759
11707
8514
6449
3624
12021
135
8384
4846
10110
1677
3035
6073
7435
5569
10637
4516
4374
8528
8037
1353
2614
11113
9925
11250
8719
4080
9162
4545
4047
10461
8092
2915
9758
5227
3252
11094
6783
9025
11354
10061
1316
4305
7667
10497
11008
2116
5646
7252
7227
4983
4018
5642
3671
802
9923
2176
20
776
3617
9259
3455
2649
4296
9274
1802
9303
1263
3964
12029
1588
2018
6896
255
7427
916
1641
10461
12046
11276
1959
4159
7388
12074
8904
284
321
7725
12069
2836
72
5236
11758
10711
7513
12063
9773
11899
11257
10962
11581
8873
9205
1638
1045
8641
9158
7938
8600
11544
9895
259
4343
5081
11253
60
4458
4852
3195
2121
6301
6843
9154
8004
3771
1239
2603
10065
9502
9822
10774
2451
10444
8243
6293
7234
3767
7037
7279
5083
986
9167
8835
1883
9018
11228
11774
8379
3091
4430
3320
3172
10115
9849
2168
3811
8559
1040
8192
7573
1013
10857
11734
7050
2088
5964
10709
10723
7595
10901
8739
3798
6488
1743
8284
3669
11972
6954
1809
6937
10901
3440
8368
10677
5052
5187
5142
4365
5497
3174
2660
1217
8050
7098
8316
5725
6394
8057
11157
9755
6013
10930
2098
11984
8063
1220
7854
5931
4061
3229
852
8396
3756
8342
3243
481
8842
9114
8900
5142
10044
2618
1057
7549
6919
11107
6820
5153
8583
201
6827
8182
11593
2399
10635
3386
9716
697
6014
10384
5558
9497
1657
9578
464
10066
7081
11491
8211
2204
1968
9079
3687
7407
11836
10594
9917
7265
7889
8850
6990
10889
10375
2269
866
11120
4980
607
8800
10927
2801
4470
2418
8540
9602
84
11608
3362
6641
10295
1496
10860
10354
11310
4438
2112
10884
11625
8691
3840
8107
7520
10087
9449
61
2042
8655
7715
8861
7646
2632
6655
8018
3936
2824
7636
9192
10529
2641
929
3758
9669
8063
4792
1345
1883
1597
3113
677
11721
5632
9122
148
82
1583
771
7246
7785
11797
4372
2547
10815
3162
2447
10209
4994
4898
7261
4114
9731
2687
1806
7763
6347
11755
7848
12024
7110
4996
4295
6260
6982
11701
5516
2654
10626
10934
4557
177
10830
4602
9684
3278
7998
374
2340
11365
2275
3588
2411
11848
9299
4270
74
9620
4947
11659
5757
2247
10826
7352
879
992
4182
445
1331
322
7749
8316
11398
10728
8049
11292
11595
437
11152
4767
1950
10898
4977
8248
11786
11612
11643
10981
808
7569
4543
4088
8125
4680
1919
6930
3708
11882
4957
3755
9557
9703
2469
2257
7484
11299
8634
10594
6577
4154
1674
7978
8987
7403
8309
73
6761
4893
3226
5127
11705
5791
11636
9454
5596
2743
6007
11018
5603
9326
6878
4970
9371
4270
220
543
1093
10512
11254
490
8051
2353
5950
1230
2317
6632
920
11979
7814
11221
1994
10875
4368
8985
6937
6506
7786
6407
627
4141
8750
11231
10796
1631
6239
5701
4869
695
6999
2337
10451
8652
5857
4219
1182
668
4897
1949
8919
874
4528
9668
10471
3687
5586
1235
4201
12056
5454
6028
9775
8415
5803
6290
9232
11058
2998
2796
2821
3468
6021
4068
6065
6811
6507
9861
2772
11833
11098
700
161
3180
6009
1167
8954
7758
5972
9957
3391
876
1597
5987
7246
2499
1900
10230
1997
9447
3423
4020
3212
2703
10847
3638
5568
10035
9514
5568
4988
9087
6011
11601
4390
3418
9975
6399
3358
3442
4730
4167
6271
3218
10044
11522
1244
519
5707
10413
790
6422
8265
7639
420
11725
5979
7397
10868
7572
6132
1806
1647
2886
10395
7425
11718
7447
9804
5861
1974
2607
2063
4567
10164
1124
5114
5752
11714
11306
11445
7823
2487
6325
9241
2176
6020
5904
2649
11960
11707
3359
2536
8036
3979
4829
6245
11489
4489
2253
521
4584
8771
678
843
3213
10701
4695
7227
1190
6471
3762
2772
5308
8829
538
261
11906
2974
2030
6465
9827
5828
10267
7878
11085
315
11858
6247
3368
2832
728
3313
8279
8420
10662
31
8298
11825
9925
160
2380
10045
6921
8161
2375
2956
10970
1388
10776
1480
5035
1195
6947
11319
569
1695
10988
366
10055
7618
11396
2702
8735
10142
9120
4405
1410
2036
4631
11473
10245
3143
3047
1787
3500
8091
9766
1508
7363
11479
1109
5745
5281
7734
9676
344
5266
4042
2104
11889
2947
4342
7562
4265
102
10441
4169
9238
9982
446
3180
1120
2225
2103
7305
8362
10973
2052
4547
2039
8222
9783
1707
3415
5101
4214
6617
8243
1796
2841
11860
4599
11896
9891
10144
1616
9845
23
7660
949
10196
8978
8951
2109
1052
1214
4826
1264
11702
765
2713
11091
590
8356
3700
7658
142
4114
3740
7118
7101
4486
5982
3224
5744
5024
8008
10725
3154
9241
5090
10604
5979
3567
923
5
1861
6793
7997
9261
337
7082
326
3482
8623
5257
4287
6268
1458
3311
670
8125
10505
7871
6140
365
3461
7414
8961
3842
538
3379
9442
4094
4620
3278
7336
641
3316
5066
4918
3240
8842
10875
11693
2017
11525
685
6078
1995
4579
3954
12023
6150
8709
9763
379
3888
6642
6010
5760
4858
11326
9608
4562
10632
3006
2852
1779
9319
9933
2033
4921
1060
3908
5956
11633
889
4226
1053
4258
5900
5186
11557
2683
9179
6923
4436
2761
7028
200
10470
6893
2716
9522
11458
11213
4024
4404
9231
4654
10026
7047
11214
10460
4388
11475
4365
11471
10479
4650
8210
4849
1587
9233
448
10126
9946
11668
7149
1868
7305
6035
4134
3952
8079
1757
5354
11714
1476
2126
6078
10028
4405
11799
7405
1551
9359
8183
11078
1652
9143
7189
7831
655
9626
2134
8416
9718
2665
4441
4123
3052
8775
5105
2770
8573
11203
6896
5851
11763
3803
2722
5470
8514
7328
1121
2411
11996
2760
5898
1771
8637
10969
3007
7551
6363
5587
10087
8713
9438
3579
1247
48
3721
9251
344
10032
6594
7722
4953
4915
11037
2421
6035
9125
9860
11329
11311
1102
1109
926
10383
9035
10542
5525
5207
7985
6049
12065
2520
2177
6676
8397
6886
5680
538
1260
4618
11460
1011
7232
3772
3236
2284
11228
1571
10667
10646
11376
6801
11249
7667
11381
6963
9003
8816
10847
3910
5461
10148
11517
1570
9340
6181
4447
2703
11015
5977
1434
3769
6397
3402
8790
1
1515
7779
2912
5846
4926
9196
5018
7424
757
4697
2999
6964
1674
5322
3312
12073
1957
322
4147
8746
10490
6871
1588
6928
5716
8595
1599
2692
2240
3918
4583
4258
5892
5907
7610
9284
3724
355
2106
3909
9380
450
8280
9779
8317
2645
10104
4876
4326
3247
9184
2576
12096
8663
7300
2963
4947
11043
2113
3984
6240
1612
2245
10408
226
2704
5192
3857
2236
10054
2961
8277
968
2479
9659
9394
8137
1701
4870
9850
2112
10034
7549
9895
1709
10615
1014
984
10033
1785
4873
6845
7111
10356
3148
4461
7185
4107
6939
9199
4288
1815
10037
155
7058
6533
5053
10584
1032
5563
2710
6251
3643
11309
6532
6099
5716
9521
10103
904
4775
9524
10771
3503
1526
2333
1546
4597
1117
6020
6587
1480
2783
6106
5267
8467
8698
10550
5820
8807
2360
10563
8164
3124
4591
2173
3
8331
5122
2302
838
8527
10407
7658
3854
2813
10477
7685
11085
6555
11006
9572
1310
798
8307
6639
10954
1887
108
3550
11979
5117
9375
7007
2162
11981
7401
6980
4936
9619
136
5855
9368
11049
4079
9591
4688
8918
8056
3866
5818
2865
8089
8864
10941
10026
8111
9080
1894
11518
4714
8834
11800
8824
800
3534
2744
1358
11564
3951
10560
5994
5023
1756
8972
11550
11654
1668
2974
1746
824
3493
3827
5739
8678
3662
10089
6173
11681
2758
10635
3036
8731
621
2523
6768
2971
10995
8117
4593
11457
12017
9809
10521
5674
7499
2972
1159
10552
1395
2617
10526
1254
1458
10233
9490
6999
2498
184
6575
3858
10141
10642
4266
2481
3093
6963
669
5406
11938
5553
1369
11205
3137
11948
11377
1580
12060
6751
4850
8494
5397
2946
5107
10155
8645
1764
1516
8153
9400
2416
6168
11208
11714
8062
7794
3055
10349
5849
10750
8196
4212
1701
6207
9044
11595
392
3353
1336
5936
7771
2672
7207
2945
7202
9506
8486
2669
8063
4858
10514
3400
4079
5972
2495
4377
11175
622
8183
8223
2172
9121
8036
5570
8990
8368
2761
9951
5467
7739
8091
799
203
3404
1289
1357
3
2714
327
1642
1071
3044
4842
950
4270
7899
4710
4653
186
2604
9251
7560
9272
11746
7506
10397
10901
1040
1562
5000
10680
9221
8018
11775
3502
1458
663
8624
9355
9950
10675
2987
1180
6209
7304
2001
864
1648
456
3822
2128
11595
3916
7537
3492
9062
5254
7723
5937
3055
4715
7477
11676
11152
7609
1470
5514
11277
6586
7756
10151
7442
11795
9633
9540
3033
7151
6046
8595
7392
5753
624
3104
10403
6498
1544
11725
3678
250
11078
7627
197
9819
9636
9234
11432
6607
6727
2057
7769
4564
4783
2913
10068
11973
5163
2353
8988
5895
11756
3693
7001
6091
6320
5796
9838
2144
9708
6746
6229
10636
6845
8034
11167
4618
10489
3393
11764
11779
1357
5130
9687
11795
4002
276
9647
9838
5693
5263
11233
11257
5602
6938
2975
9458
11372
5732
12057
9600
10789
5242
7997
8887
4035
6453
5334
4299
2178
4211
2433
1008
6519
865
9800
2819
4744
5328
10950
8092
2700
11781
11902
3720
6963
6932
6971
9569
5365
11244
1920
4028
5046
7883
1459
5534
5276
7602
2188
10707
1975
1232
11467
10043
5449
11583
6781
5534
10098
6010
6838
8319
6786
593
2864
8051
8593
5696
10078
3969
2520
5508
8999
1277
5889
8812
5920
10073
12055
48
2825
8164
2121
7794
8313
2798
5023
4691
6421
5792
3514
10858
11886
2427
11443
3541
1958
3714
12057
5108
2894
2279
7373
10123
3661
8977
4562
10801
5144
1526
5977
11098
8676
7593
4928
1109
9558
9288
1870
7549
9802
8639
9741
3726
7976
11523
9107
182
10091
3815
7921
9741
5624
6306
303
3729
138
10965
503
4418
10643
3246
11516
1134
266
1987
10493
10170
3751
7587
9835
9787
11918
10629
9021
1566
5755
1980
5973
5200
7854
3884
11812
6272
5227
3719
11159
2367
2826
7556
5565
2387
6142
7535
8237
11609
3865
4865
2836
4704
231
7668
9999
9210
2370
8979
9975
1586
11467
10314
8647
1189
5847
1617
5352
9836
5004
1492
7750
11623
11339
7477
8562
6600
4531
6303
11710
2918
8107
2794
7630
6564
8935
7840
8410
2044
4078
4946
1388
838
11571
9735
5199
7148
3604
3670
2446
1424
7939
446
5369
10644
3086
7547
10466
1463
6921
11216
5640
1026
3544
1521
10546
3328
4207
7527
2473
11353
922
7282
2248
10895
3587
8476
5983
6931
1141
8209
6860
8657
4760
3569
3592
4157
366
2607
924
7283
5388
4783
6889
11214
5702
5266
5053
10189
2239
11446
2398
11373
6725
7246
10024
11080
2205
8878
1223
8617
8745
424
8194
9110
8516
7081
4422
5228
11806
7245
640
6705
3339
989
2185
9090
1060
7573
112
6382
9149
6546
7007
8178
8440
10407
8784
5245
11498
2475
10897
9446
7960
9308
8941
4659
8843
6445
974
4549
8950
3116
11414
8373
11719
1450
10542
10955
934
8312
3274
10627
365
1163
11937
6355
1929
4388
975
1161
8225
1539
4066
10072
1501
5238
8866
10269
5477
9316
1214
1823
5492
5415
10729
9040
6983
7031
156
1561
638
11461
4675
6333
11410
4982
312
3869
7406
2935
9080
4670
8770
7986
2809
3416
6316
11171
6881
5462
8050
1894
7610
8619
9847
7281
4110
1278
491
161
9592
164
10237
4469
2145
2555
8453
10555
9549
247
2709
3769
7918
7690
11455
7056
9719
7121
6110
7491
2503
1379
752
5349
2119
9250
11067
1589
2274
4638
347
9207
872
5211
5057
11977
2000
3877
11542
664
7415
5957
1783
9438
10064
6636
8466
1074
4650
10307
7448
8230
11340
9710
6936
4296
6301
702
6486
7393
2219
728
7346
4895
3799
7882
3615
10202
9326
7263
7552
253
6515
10299
7487
11105
8349
3698
875
5172
2521
11474
85
5373
10547
4978
11598
8774
8694
3986
1911
7877
8043
9811
4015
11526
3230
11388
464
11164
5519
7817
5807
11745
11276
7456
2619
9640
8320
1713
6358
10991
346
7483
4253
9014
4649
715
4985
5316
11092
11511
503
6207
9960
1230
1572
4449
1850
327
6930
4494
899
3236
3789
5882
7517
3620
4703
11022
4068
1591
9848
12020
9718
6341
146
10964
9899
10764
8261
277
6638
10912
7346
11514
10469
6202
142
7388
3889
1157
4492
6890
3593
4259
3540
473
1972
1990
4830
11467
9077
11410
3332
10615
11458
3958
6403
873
7612
118
6694
6502
6928
17
9016
7080
5369
9060
10840
9463
3675
4775
4923
8083
5059
856
8453
1141
5517
11767
6814
4808
6274
5802
10252
7889
7798
5430
9439
6835
3916
7846
1559
9693
7776
4638
7952
6079
6527
6086
6223
7283
4708
10985
5918
4163
3784
12048
5547
9122
1855
9599
8928
4073
1602
11909
4630
5542
714
10960
10256
6195
539
3405
800
10266
527
10703
318
3815
358
11240
7092
9067
6121
1892
5607
4917
8691
11360
5886
6536
7174
9221
8910
6408
8105
3277
2408
2695
4296
768
3341
3812
6337
5390
3841
8055
11189
5532
8974
5205
6811
9945
11877
642
2701
8786
11012
2885
11430
459
9888
4269
9382
11944
6893
10254
11389
3276
11979
3679
10015
9537
8526
11335
2827
4012
11185
6836
6592
6808
11484
1382
6766
7634
3211
12029
6011
8147
8543
9253
1346
6891
9006
3120
6821
4509
1056
5
2962
11184
980
8152
2092
6150
9131
3368
911
6680
2936
5952
5793
1727
3497
10213
4541
6796
11012
3060
2538
2902
5697
11762
11146
9952
5421
8485
9828
2194
1672
1161
10170
5537
4601
4489
10741
9573
11780
8139
3023
9761
11852
4450
10731
7854
334
8258
11042
1666
3573
11370
640
11889
4196
2863
2469
6205
2667
7325
599
12015
1781
6406
10365
9306
4587
5603
10515
3933
8585
6986
740
10315
5561
10521
9496
2475
7862
3119
1566
6035
6182
6254
3407
6828
8170
7274
11056
9924
10003
11730
4526
8397
10295
11644
2363
11447
10706
11110
1057
7747
12039
2741
12072
3677
6866
6582
11490
4831
6328
7352
6262
3579
2497
6760
13
11513
5958
7765
7343
3232
9419
11870
4699
10652
9869
7484
2228
6415
3604
2506
11175
3142
3740
11311
10551
3219
5689
4706
10153
7433
90
9733
11598
8563
10958
11357
6643
6859
5473
4503
7795
2151
7399
4266
9757
10190
9735
9622
11012
4656
11920
1870
11120
4823
2675
9686
11666
2985
3824
8255
3009
7216
9349
8313
11708
2255
2007
9148
9239
3961
5439
4099
1046
5717
8472
811
10844
1680
8659
1980
11986
8491
10190
5267
37
2533
10615
5657
9302
10025
366
733
4033
9139
4016
3683
9510
10668
5368
4858
2146
5708
706
4031
1662
6768
6659
6640
5364
3424
8224
3957
3192
4662
11303
6145
6701
11117
5910
7753
10897
11834
11564
9156
2528
5049
3643
1610
984
10144
8359
4080
6615
6491
9908
3587
5089
2536
7565
3991
92
11430
8275
11402
9382
11189
2499
7806
4335
11451
3729
7125
5236
47
4376
3405
8669
5975
5792
5812
6811
9438
3607
11237
8377
7068
487
8841
2592
4025
4034
2104
2501
7322
10468
10935
4065
286
547
6513
7193
3021
3475
1677
11554
10573
6668
10778
11001
3143
11509
580
9744
3241
8461
1124
12040
8093
1022
1987
5995
1116
10438
5802
1813
4437
7978
4136
2580
1343
620
1818
491
2889
9334
2489
9651
5779
2117
6151
11087
5959
295
3258
2832
9762
6297
10063
7307
6241
9650
11221
3323
3386
1920
493
10301
8161
1964
1137
2886
1867
7977
1221
1317
5482
6535
9645
2965
3707
5893
11374
4776
12026
2331
11574
6090
5650
495
3352
11308
6221
11222
464
5178
8285
2994
530
8376
4902
5867
9197
4894
1034
2551
11409
11819
7975
11293
2079
3919
9143
5234
4451
9936
10715
8332
313
9641
3946
10450
8028
3206
10200
539
11610
10003
4050
3613
3149
4124
6991
4002
8144
1614
3824
7062
9826
2806
11078
3248
1472
9622
8139
3420
3430
6212
9066
5619
112
9444
4658
1981
2590
6639
8436
7204
701
10603
9286
5975
7709
5800
6908
10317
48
8161
1265
5307
7738
3927
10988
11992
1882
11132
1998
1872
374
7223
5158
8149
738
9156
3757
6711
9359
2962
4412
7852
9273
7220
2167
5793
844
6209
7296
2538
147
4424
4495
11121
249
928
250
9741
1125
3393
6056
8493
1886
4828
315
7311
8095
9851
4226
1527
10249
4480
4428
10039
2635
11010
5431
7061
6295
1810
9870
7155
5632
9161
9840
12084
2641
2221
6851
6145
4719
8464
3353
1718
456
4909
9822
7962
10366
6722
3660
11861
6710
7003
2850
7657
4935
1243
429
7742
2910
6229
3468
3047
7818
6748
8423
7717
2206
5174
1749
8654
3684
1191
6294
8269
10050
3651
1913
3834
9214
6665
7754
8173
6052
8969
2887
5357
1063
755
5227
859
11487
5
11621
3676
1078
2993
9753
6736
6570
526
5525
1826
10325
10873
544
6189
540
474
11298
9648
7151
1151
4577
10313
3872
5621
1998
1498
7571
4954
5548
2484
9791
862
1786
5250
7898
9244
372
5529
1580
10672
9183
4583
9001
2711
1320
8695
6542
6680
9917
787
8873
10407
3722
6459
6665
7803
7047
6110
2786
4805
223
5934
5982
4110
971
5104
2262
392
3883
8457
3632
8069
1718
5048
11321
9658
8200
3252
1294
8380
2949
7456
7980
7986
767
402
5064
2871
9773
3742
4123
6469
7286
4495
10936
4234
2718
6407
11148
5239
2293
5764
5388
6264
5394
2038
7984
5732
8916
6495
2952
6809
3312
3577
10979
1438
3096
4612
9975
3734
8227
4876
7508
10935
5192
9086
10481
8974
251
722
9459
10889
382
11359
3898
8489
8431
6190
3472
4199
2694
6416
11896
3339
306
9737
6555
8666
11391
8724
334
6383
6680
4151
2150
1436
8837
3534
7486
6504
3179
2667
5187
1559
3164
1760
10040
6808
7741
12032
7064
6793
5779
9865
10065
10201
10347
2018
683
6553
10808
3931
10530
4769
1098
11871
9313
9595
9779
5621
1623
11255
5614
2799
4199
1891
9569
4493
7435
4816
4334
3466
9212
2929
11461
589
5183
1651
1816
7748
3362
3055
3548
1142
3113
9712
11725
7892
8694
1485
8203
9032
6521
1952
9122
3886
2484
7225
4891
8611
3131
11040
3967
8825
5496
6271
4000
9824
5011
9459
6556
9451
2331
10236
3647
825
7999
5023
3672
8283
1633
3692
11744
4161
1292
2286
3541
8421
1011
5426
8389
7962
9293
7402
10452
10635
11389
5217
3134
6542
7909
7774
11995
3622
9205
6298
7124
1368
11100
9634
1550
2983
2140
4897
7476
2630
10071
8555
4339
10559
11803
9433
11844
10836
1440
1679
1803
10567
5965
7400
9362
10735
10852
4591
8397
8042
10757
9035
108
9169
5857
1305
10725
957
5763
2855
4393
3632
8775
8392
4650
5939
1843
12083
4187
4195
11769
9436
9782
595
8976
6439
9532
1413
8564
2494
191
4956
392
4956
4696
9746
2390
1904
10142
11557
9421
6154
5437
1473
7803
9816
3466
5394
4162
6861
4062
2300
5282
6887
8454
10287
1374
6084
3525
9291
10297
12080
6547
11683
1023
2004
3792
2961
11420
5565
11582
6112
9437
10326
5204
11865
5633
8659
11042
5832
3684
3355
9822
9338
9151
11241
5759
3350
6240
4301
23
3259
7124
7467
9010
9052
8851
5070
9819
10641
4868
3003
2941
11123
11486
6417
11023
2247
10144
5292
736
2138
10861
3103
2807
3773
8929
10234
9249
9343
5849
10005
11544
10847
2935
7072
7236
10591
3240
2995
663
2740
1177
9656
2619
2689
8784
6069
136
1988
7835
23
1211
6186
9030
5959
2707
2664
9178
2196
11275
11900
1685
4000
5315
7684
11109
2692
6573
6193
8086
3061
6761
4136
5978
9016
3089
252
2637
8451
2556
11376
1447
7740
9502
5035
9701
7824
4628
9641
10167
5338
5963
11775
7059
10291
2031
10530
9919
930
5756
2952
1406
4004
3822
1833
667
128
7565
11941
11410
1510
408
6712
7535
6637
2961
6201
3451
10748
5992
829
9445
849
4805
10028
4462
7751
8021
5997
7173
2922
3967
9371
9390
11677
11280
7776
3624
7852
2279
11773
8736
3194
1430
10603
3672
4766
4192
2210
1663
4034
8300
3551
3466
11819
173
4613
4498
1429
9108
10120
4793
617
6807
2702
8274
10639
4487
12037
11859
10626
8929
1986
9093
9572
765
1714
865
7559
2501
5546
12073
11805
158
8795
11078
9038
906
3536
796
8034
2150
11271
4764
9939
1939
8736
4006
6995
2238
8910
4274
4013
6064
1388
1213
3633
6007
11499
6491
920
2003
1294
2503
2594
9606
10031
7981
8919
2863
7847
6044
4230
4148
11175
531
3832
10466
1899
5101
5810
4159
3588
4482
4188
894
4166
4284
432
6350
9790
10876
11222
7740
9642
4532
8476
1894
9244
3568
5266
6894
10704
1997
7268
7309
8540
4613
810
3463
2648
5624
3704
5548
12064
456
1040
4882
11765
1150
8703
4428
9191
209
7211
489
10452
5199
1531
323
5638
6477
3700
2308
10692
9391
9197
1281
6700
10674
1241
6903
7621
1401
3642
10209
1396
11682
10336
154
2875
4791
1789
9318
8366
8142
3672
7946
511
1697
1837
11488
10459
5596
7103
7220
2345
10469
4685
9091
10676
1696
7731
4051
1730
9805
9356
3305
3419
2955
11633
4984
2377
3783
11426
8062
1181
4816
3267
6920
8360
5919
3607
8755
12047
3330
5560
8928
6331
5031
10861
9377
6322
2770
10731
6043
1294
4442
3533
465
3865
3959
8066
7652
11971
4471
5372
7566
5099
10025
8349
6905
1043
6064
1174
7027
6396
11463
9568
1551
1513
2663
9700
137
2596
324
11318
6464
9884
8668
6990
6240
6031
11895
9222
3986
3186
2245
8915
4415
2842
11092
10916
4714
10942
3101
2515
5050
136
2079
9106
8408
2306
3790
5565
8520
1970
211
1382
11588
10678
11925
5863
5993
2595
10433
456
9995
2838
6892
9151
11576
8134
10999
10697
2396
7890
11006
5670
1009
2012
8496
853
3807
243
2535
599
8851
9049
4146
1489
7836
2108
48
10061
4845
8728
1324
1682
11003
6365
637
713
7802
7174
8824
10683
7845
4455
133
3737
9567
10838
7216
4713
4971
7010
9764
2253
11480
3616
10628
8238
128
6999
1118
7276
9418
2990
9721
7057
3209
12069
801
590
5523
3011
600
9099
8402
7010
3605
8017
11106
76
5097
8724
10637
11530
3410
9570
11216
8031
4346
6739
7022
3067
8417
9685
10439
4504
1630
7488
1250
9631
9263
10877
11699
7159
7071
10184
2903
2485
557
1831
2334
7789
12038
7377
11666
8116
9844
10341
10516
3351
10661
11419
6091
2609
7625
6088
5442
8995
4533
7080
10289
1031
1792
5533
7098
6202
7987
6706
6871
11979
4062
9807
11443
8535
2609
11473
10089
8669
4265
633
10465
1710
3352
10181
2767
2135
8679
6928
751
6884
10662
5354
6954
2823
876
11531
1861
3835
11862
1919
61
2690
11668
3801
8460
7451
9404
10231
7949
6226
10357
2237
5435
10120
4779
7947
1603
11694
502
11395
7221
7861
1159
2865
1161
9218
7275
11447
3180
6569
2678
11713
692
6076
10461
1581
11876
1920
175
5338
11717
6841
9021
3898
11622
394
8240
6110
10739
9404
9054
5985
326
5176
9077
10634
4361
8300
3774
5485
5272
3957
3377
5669
3313
11476
8785
8903
2048
10060
2944
6525
6330
1987
3126
4866
1336
10284
2355
8728
10451
7262
7057
2286
825
10118
5227
2646
1345
7250
9464
11861
1092
7672
11747
8144
4813
351
7295
4035
8590
6539
7868
2394
2235
8158
9818
11469
4397
10595
7315
2893
3480
12016
11963
9801
2089
4097
8957
2259
3653
5968
8276
2827
11053
7364
1043
163
1916
11103
3848
2084
9466
6140
10980
8205
10277
9505
7135
8421
2483
6034
437
8047
2730
2546
1626
704
7291
8489
10866
8021
9662
7265
11269
3892
5216
4112
8230
5150
456
1560
10665
3144
10550
6952
3301
743
11600
10660
159
4874
3641
2233
9605
9912
2308
2395
11555
10303
5913
9393
12071
3013
5637
2231
6159
10921
5871
7141
3410
3004
11206
4573
3144
10138
6475
2743
7114
887
9643
11888
548
8030
7151
457
977
5420
12018
4925
4943
8122
5401
6230
10877
9315
6372
10943
626
2637
3759
4833
11980
8235
11477
10560
11561
2277
10038
1031
11760
9254
1931
11826
7416
7950
5943
3929
5825
11263
1927
8753
9760
788
6918
9175
7376
4625
2749
4076
4200
1043
4908
9095
9172
11933
10508
4188
654
3607
4696
3154
6339
1921
6334
10044
8975
11978
9535
267
6975
5336
6771
721
3093
8232
673
2926
8050
3309
11026
13
5874
5589
1245
6093
11331
7492
7887
8244
10236
6486
2395
11833
2042
2943
2413
331
197
8841
5973
9018
4965
6596
6435
1661
6342
8139
8032
2021
9397
5658
2555
4076
5172
8549
5146
12070
6047
11999
3653
10912
736
2091
3165
4006
9661
11801
6538
3130
5671
9927
1591
10686
9507
2787
9387
738
3878
7814
9664
7410
2776
10313
8654
7288
839
5431
3504
8363
3621
10917
9677
6941
7222
2101
7551
207
1980
8009
4867
7892
221
11581
6801
10771
5056
1698
6696
1121
3934
2902
1013
8383
5939
3144
8921
8060
2698
2273
7972
3726
341
3652
797
4205
5660
3725
8296
7332
4117
9564
3646
8892
6135
1771
2829
2346
9676
10092
2160
2438
9102
5023
7602
7140
6223
5829
11822
2866
3329
6755
6464
10775
11148
9393
5865
5444
11982
8861
10663
759
9142
2748
3744
8300
6622
10375
2818
7216
6100
889
5983
1188
1878
6425
1280
4052
350
4702
5949
5206
8414
6157
8420
2818
259
8882
8969
9
5921
11363
5369
12074
10465
4801
4684
3030
6862
5352
10364
6889
9720
2603
4897
8710
8770
4526
6995
292
2275
8152
10645
2587
6989
4470
11213
10842
5763
6188
200
342
11290
7387
125
10224
2755
6880
4352
4285
4381
8453
6702
5714
8680
9036
9398
9797
6740
9963
10608
9658
10032
7444
9439
5652
10651
7366
11063
3928
3184
1921
1383
4377
8251
882
9327
11771
8979
5961
10743
7642
10613
5872
10506
8890
11166
541
4889
7638
1782
4657
11177
1222
3183
4363
9486
6793
10341
1136
4495
2706
1089
467
1331
6887
4989
10523
7281
8831
7406
2147
11682
242
1907
7474
10041
1646
2999
10885
6518
10893
4093
2442
10084
5961
11841
1380
10973
6482
11210
2086
32
9032
10594
5504
1964
1571
1566
306
3566
10566
937
8368
5115
4492
620
3161
9403
5406
9460
9385
2506
11814
3924
12065
7570
1816
9287
11503
4598
1947
9515
1097
402
5857
2473
84
11300
6217
3207
5228
7069
5014
4840
1997
9116
2218
10709
2036
8032
9864
3167
7342
323
1062
3833
8934
11440
11239
6095
9113
8676
6369
4653
8254
2356
126
562
4392
6910
2212
6149
5049
8597
1383
192
10852
6895
8948
7816
11863
10479
11657
5576
2673
5039
8974
109
10534
4692
1423
399
11873
6669
2785
9180
2154
8985
5137
5082
3406
7583
10020
5745
8985
5341
8964
6696
39
11144
7087
2130
10745
3407
6799
4948
2986
7507
6391
4523
6532
1494
7760
10462
8626
4684
979
5114
10626
553
2190
7808
9736
6177
5378
5405
7036
3037
10771
10264
7149
7746
7730
3497
7701
2509
9798
3508
6073
5148
4824
8336
102
7284
5567
3608
7305
8794
11971
2831
8450
9965
683
6877
4406
10362
11620
871
5211
10995
10345
3243
7211
896
8391
2071
1248
5778
9367
5650
11175
4417
11416
3653
5155
10736
5601
921
4711
4821
1844
11442
2405
8430
4107
7778
7449
2301
11549
10384
11098
1595
7799
6650
2846
7466
246
5666
9408
12056
6291
5057
5
9089
5701
6421
6386
885
3305
659
10598
10170
7835
1180
9474
3137
7686
2874
9383
6011
10688
1858
1639
9378
7896
3640
3218
6782
3057
4973
10392
3311
202
851
11214
6000
1427
4841
186
9196
4150
500
8512
9064
6971
10818
7852
6865
2233
11796
54
8263
356
2407
10826
3671
10304
3069
4812
10807
7254
1769
5750
1655
1955
1659
10652
7466
9389
10101
230
1075
8464
9948
4812
886
3937
7625
273
11697
1511
5816
2441
11887
4705
3850
5109
9416
10342
12080
9573
1984
5040
10966
80
7139
5237
4342
86
3749
2800
10964
106
735
3655
912
10514
5031
11414
4997
7957
2364
8464
8592
8801
7332
6442
5798
4816
1051
7087
4138
8966
1638
11654
2716
846
10349
641
8129
6878
12028
3663
10249
11896
8201
10374
12019
11520
948
518
2830
1009
6271
2653
7590
9894
2831
7948
1611
3433
11892
10417
1721
10849
10871
3357
3019
11451
320
160
11185
427
10129
10494
9159
8996
11741
9154
4429
8596
3955
9339
7345
1554
9005
10324
11778
1589
2112
4448
9564
9076
2561
10206
12046
7
9617
8137
5902
3969
3206
7292
5186
8937
360
11957
188
4978
10671
11071
4315
11566
10400
3930
6156
10929
3269
9512
6707
843
5119
9989
10889
11420
1988
10326
11655
2120
9321
2229
9737
8684
10049
11285
2421
3191
1849
8367
10393
7766
29
6514
2949
2550
8617
5708
11682
4932
5735
4784
10472
2852
9656
5556
1580
169
10379
5951
7131
3598
4810
9024
11852
1926
4670
1145
11585
2830
2682
4073
7459
10017
10396
4973
1428
6904
302
2879
8592
1457
2038
11762
3850
11370
8242
11159
10473
3142
200
8571
5067
1367
3034
9842
6190
599
6583
9073
9481
8913
12055
9835
5552
5696
4904
4622
8884
10747
10984
3964
7782
8829
4989
8494
8562
9070
9684
8512
6686
4050
7021
11033
1135
1675
6354
6947
9673
10980
10459
3337
8331
7485
9994
8837
2830
8809
9540
2600
12099
3507
8130
7408
5609
1430
2080
4352
9816
4109
4666
10791
11195
2375
6507
5393
2075
3937
9832
11353
1807
8071
5776
2015
973
4138
6528
10695
4112
6303
9124
272
10836
3079
8109
3313
762
5731
5100
5603
10062
11103
10654
766
546
3993
5532
5260
9695
10396
440
3647
3552
9060
66
1515
39
4265
9130
8400
9998
6040
11714
2436
2949
8807
9534
5076
2026
11955
11256
2630
7621
2483
2621
524
10098
3004
5137
313
7892
7739
7896
2172
5442
9223
10479
1902
720
2614
3529
9031
5164
1201
9126
9785
5367
8654
9387
8577
1430
12078
5326
884
3741
4814
9343
819
1603
3107
8305
4667
10038
4112
5027
1856
8008
11506
6455
11804
3715
1458
11356
10304
5894
11370
738
4523
5590
10310
6638
9637
10557
5342
1445
9533
11923
7431
7974
3889
10863
10988
7633
4170
8746
1766
4378
1274
8611
2714
2070
6408
7764
11437
4984
11558
1949
5619
1294
3171
9026
8273
134
1704
8706
1215
5743
10264
6722
2994
6260
10220
1733
7091
11588
11601
8326
7167
2074
1598
8301
7337
6840
7383
6957
9642
6746
5704
9122
7810
8561
1982
6778
826
8534
10286
11897
6801
5784
2368
10041
11642
8752
1721
693
9288
4777
2413
3147
6977
9255
4936
1049
6133
3822
1973
381
2
1191
2797
8620
1560
2294
6328
1945
10508
5049
8761
2027
8249
2750
8067
7428
5998
3605
204
9489
6085
7091
3905
9836
8670
8724
1072
1098
6172
458
213
10103
9647
9605
937
9598
5548
2565
5584
3016
3537
11638
54
7391
4001
3765
6222
9789
10406
2365
11398
8731
6105
2238
687
5771
6367
6950
5930
976
3696
12053
7625
4102
4413
8358
1810
3235
6026
6503
11151
1620
2019
4785
2564
7766
8085
10150
6584
9071
1532
1952
7662
11277
11596
3969
243
478
910
6398
9911
4152
8947
10326
830
2461
4821
11582
8723
11943
6596
11906
5507
2998
9099
160
10203
2726
10978
6379
11001
10033
3731
5755
5876
8898
1878
7031
2550
7811
12086
8497
10811
7419
11017
5643
1920
10486
267
10767
129
4280
8164
764
10437
12073
11302
9859
12096
3522
9377
9622
106
678
9343
2116
3455
9601
2358
12018
9992
4267
3580
1850
7513
5978
573
2027
9540
4444
6869
3271
8281
8004
5132
9928
7730
1273
6390
1598
10100
6137
10916
8549
10050
9365
10270
3148
986
5322
10952
2273
5272
5214
1136
2228
10503
3116
7889
11623
5596
4794
6275
11624
11744
2387
9003
4099
3946
4746
1873
11543
3916
5976
11463
7242
6890
2173
6158
2031
9881
7278
8741
11702
4352
881
4999
10328
2509
11425
4502
725
5382
631
2829
1173
10539
565
7524
11913
9260
9315
547
3580
4810
114
11855
5063
149
3674
6794
7011
6551
1345
5389
10282
9176
3563
295
8083
5850
10768
6526
3104
5292
8905
2003
11478
8702
8003
9881
2603
4260
12017
8327
8633
6182
5861
3539
10997
1898
1692
10112
2027
1270
2559
3002
7051
6521
9263
9168
4546
2401
6166
1281
5391
1739
11570
6314
1815
2631
6451
1414
1801
5101
9699
7041
818
11796
4915
717
4500
224
2714
1952
7533
4979
8542
7019
4795
163
9329
4780
7752
3746
11535
4917
5432
9018
12038
12058
184
8961
6405
5612
6733
2277
10440
8892
961
2556
6774
8371
9075
2023
6124
943
6677
3762
2306
7589
9518
11921
3974
10692
2720
8047
7841
11384
2779
1343
4047
11947
8667
6033
5215
6535
1601
1865
874
1236
9326
9692
6817
11376
8338
10667
11187
11225
11690
162
2073
7867
7296
2172
7768
4127
5690
8473
6353
4858
2831
2728
4409
10031
5947
9525
1372
8988
1630
9768
9845
1316
6642
7092
3900
3540
6946
10716
10266
2868
1376
10214
11650
11233
7930
1676
9231
10659
11473
4989
9973
4182
2537
1695
3634
11377
1579
9709
8324
3154
7102
6344
4207
4314
5839
7794
5013
6405
4414
5795
3441
9252
188
5893
3248
1735
9723
9411
7572
1667
2481
5119
7600
11844
11982
10059
1540
3829
9292
3557
861
8674
9291
12093
8970
10612
2745
7190
7511
11535
9753
2944
7653
4358
8195
1684
8071
2773
11911
1203
5746
4311
9684
9609
10248
6716
7622
8380
5653
889
408
9098
360
2660
3195
4685
1773
11670
4222
8981
1380
2512
2839
11858
9859
5917
7938
2595
11421
833
4995
6418
6048
4507
7100
1238
6955
3830
6452
6622
11669
10462
1995
9678
9350
233
10324
3427
7663
4295
2673
3272
7908
6602
3485
5100
2495
3273
6340
4138
3337
5627
4721
1027
10775
260
10416
1434
6464
2780
5636
8658
780
922
10736
4291
3326
11995
6494
7839
10113
11129
5176
5234
5693
1876
1004
10972
5732
8211
8260
10027
8681
12067
5374
1908
7652
10247
4829
169
1212
319
1894
2029
4684
6417
3572
8578
765
1185
403
4609
10828
5459
1669
11286
6340
8580
4586
12092
5216
10320
7307
1292
1802
8572
760
3932
246
5320
3252
1013
3678
4235
7171
9033
10941
5074
9657
12060
5234
3240
5853
864
3222
8940
10362
11288
3816
11139
7825
7175
3863
9206
10068
8123
3245
8626
3442
11187
736
9303
2022
3721
11770
11537
3711
3560
1159
5148
9244
5495
4833
2241
2202
8104
2041
3255
10993
1958
7838
11986
7732
5439
1401
3098
4328
7201
3110
6742
551
5743
4135
499
1431
1474
2764
11169
293
8319
11985
1766
7168
5466
7196
11585
4039
1989
9679
9250
9276
11724
5506
11674
8635
9619
4468
6662
9970
3234
7737
11301
6408
8020
8086
12063
4080
11315
1834
295
7931
9922
8329
6534
7184
2059
8515
503
1932
3113
1668
6754
6699
4173
4312
3515
7897
4343
9151
900
6043
1431
1287
6030
3968
9197
1906
3192
10341
1420
640
4118
10077
2468
4670
6918
6880
4387
8022
7291
10511
2217
3432
3138
12050
2653
1218
8796
1353
8561
4197
5015
161
3291
1837
301
2283
6945
7767
4496
2074
471
6632
5013
5763
6808
5732
5114
2884
3069
9903
9221
1238
711
597
10499
10070
4823
9925
8622
9883
725
5114
10558
5259
4940
3134
7439
11403
11320
4371
4341
9732
3786
7146
7820
4229
9607
3078
4701
6412
519
4760
9311
855
6780
4867
8029
3439
6909
2783
322
7903
3373
7883
10815
2991
11809
9282
4030
5512
10164
4874
7717
3676
10973
10449
229
11519
653
2582
10454
9024
10202
91
2146
1990
4541
11187
5113
7156
4883
5744
128
8171
4327
4913
10293
8434
7940
9869
10041
6668
10644
5551
1708
7323
6788
8212
11621
953
573
7737
5713
3824
3066
9186
2068
8417
3679
526
3440
8690
5355
11923
5500
1845
192
1026
9530
4105
488
11586
11347
8439
5267
3059
8197
1053
8195
4173
3515
5230
1203
3013
11817
4276
6093
5727
638
1532
10162
54
7807
8481
11538
5569
4988
2150
549
8260
2570
8502
4603
11002
9194
2999
7579
11629
6628
12095
2344
4
6675
7608
11412
2060
8778
7583
10582
464
2485
6252
11416
7428
8281
10177
1598
9633
12001
5099
9904
4039
3132
9727
9872
4732
5937
11827
3367
10861
4916
1011
9462
6971
7179
9619
1654
10570
11396
8370
5461
1450
9224
9917
8506
2181
11553
5832
9457
8639
2118
1709
11615
4421
8458
6773
7934
4801
2681
3812
11158
4846
4580
8428
8912
192
6824
9138
8079
5522
888
178
867
3329
5026
3843
12082
5252
6200
1465
7458
5727
8602
10603
2806
10838
4090
11667
9965
8536
224
8758
1968
7684
2451
6784
3822
6755
5028
2861
11301
11479
9688
8494
1087
8639
10324
6206
5800
1751
5893
2356
4161
6878
3269
2552
7379
4720
5250
4746
3133
1359
6462
11887
1877
5007
6499
6068
1088
8550
1546
2780
1677
8341
7872
9456
5625
3367
60
439
2895
6329
1555
3572
4652
2879
11868
11560
1499
6425
10557
467
3141
696
9672
9258
6036
6589
10463
9464
9109
567
5274
3275
8023
871
3975
7303
7613
8368
3933
1054
7636
7665
9083
2900
10411
697
3037
4714
3884
4516
5327
3664
1062
3133
2309
11756
6531
6116
2708
3167
4909
550
3103
10980
9734
4348
2992
10201
10065
4004
9869
7704
11973
9035
8317
4859
1304
5426
847
1271
10934
5069
2884
8768
2687
2952
9792
11388
11281
2428
4413
5396
6714
3643
8184
8500
6358
4382
3181
4832
9482
7789
3456
6176
10015
11695
9659
289
692
2339
6479
8360
9157
8737
4675
4520
8550
5980
8047
10769
5445
6508
9373
10597
7134
2803
11212
10646
12053
10511
6991
7432
10453
4226
5115
10305
8421
4508
2286
4843
11342
1625
8941
10545
3875
3710
7658
2322
9902
11293
1068
11860
2472
3972
10231
5323
9758
6034
10850
732
9015
4887
4480
8377
2398
3625
7674
3389
7423
6197
9951
8840
3385
4950
5508
6992
9842
7225
5514
6840
4083
12022
3082
746
5021
4662
5966
6474
8698
8402
11241
2192
1500
1837
10252
1328
2113
5740
4647
5542
7877
2923
11618
6285
10825
6660
5651
2649
169
137
10647
1158
4844
559
11226
3337
2648
2461
3819
3539
4767
935
9152
8133
1848
9869
9385
2924
5571
8924
7892
7596
3749
5447
10452
12052
1409
2652
7054
2393
4154
9149
10856
7964
1128
11854
6695
10598
2803
2455
609
2172
5917
1742
7328
4760
8234
7225
6299
9862
8610
7890
718
5309
4434
6244
5469
3746
1751
11509
6158
4356
10241
3301
2006
1083
10041
1394
3586
7982
8756
2535
9061
5476
5417
7293
4330
9131
3361
6478
11318
2034
6412
10244
3507
848
1865
11790
11361
6655
679
1374
6820
8547
7927
3137
3231
8464
813
1644
2201
9865
7571
1368
2001
3870
3536
10036
5806
905
6070
7414
11146
5384
2763
9579
6110
9080
7161
2485
32
64
7058
2747
2906
5556
6334
6189
448
8376
8040
5843
10638
8542
3198
11383
4095
9439
3496
1470
11550
10272
8983
1545
7621
5678
8307
100
10994
4486
6011
6798
10381
7420
3029
3285
10725
597
879
5565
5334
550
6309
5647
1833
9479
1364
6401
2085
594
6518
3141
8414
4861
7780
11013
23
6066
10803
6555
4092
3193
7686
3953
1776
822
7523
11265
2977
10663
650
8029
5844
11666
10638
3164
3259
11778
6573
2471
3155
4701
4771
7386
1324
1367
5707
3528
1259
3868
11806
4455
7597
7571
11271
10036
2054
1933
8866
7
8502
1095
8929
1278
9082
3009
8846
11294
9836
5083
9323
9646
6309
5061
2003
5734
8138
4663
8708
3916
10624
1132
8360
6744
9622
10532
3013
9948
875
4432
1306
5428
3363
6171
5038
6393
1136
4619
2671
6066
3708
6030
9832
6642
810
8487
3687
1730
11969
5346
10482
7475
6968
10425
7979
10982
6218
5990
9776
10501
10395
5625
11363
2755
1194
11556
7908
9688
10532
6548
9928
1572
2553
1113
3838
11907
2498
259
3882
1391
4470
2904
10825
4495
5687
6586
9851
6461
6368
11967
6028
5500
3236
4545
250
7085
11789
6562
191
7211
8255
9145
7214
2824
8272
306
2169
10605
10207
1235
9964
2332
8798
8424
2428
1924
10488
4467
11080
3288
6858
2993
3976
11124
8715
12054
7587
3354
2571
3794
4266
5589
3999
717
4170
4349
10991
2974
648
2500
10050
3778
6687
1630
3624
9655
8903
8858
700
6127
5362
5617
7447
4154
12085
8430
10275
711
2618
5270
8315
9603
7505
2995
1470
10912
3083
6871
1388
10599
7472
8955
9985
10046
8214
8704
11485
11778
2633
11436
559
10830
9709
7925
2475
9241
34
6883
10044
3925
11714
4690
11828
6100
2753
971
4422
7986
8594
6007
7169
8072
5432
11046
7234
1151
2515
8843
1227
7672
9235
6080
165
7662
7677
9844
866
11396
108
4484
3382
4215
9273
11465
10738
3391
11272
1804
1456
3088
4117
11947
17
4137
10318
2474
381
4175
11485
636
3201
9837
535
2043
6303
10647
3575
931
5925
8496
4576
5974
5906
3274
93
6944
3720
5576
9031
12081
3450
7950
10498
3315
2595
2726
3920
4398
6312
3555
9681
2971
3022
11342
234
2921
4032
4385
4681
2410
2814
5845
62
240
11797
4769
4965
10570
9275
8486
3093
2493
8848
5245
9493
6893
6449
5497
8221
4876
7989
4468
312
5284
1610
6999
324
7444
2834
7541
6227
7544
3255
10470
7761
5960
881
8326
2289
5761
9824
3393
11297
3523
10624
7197
5524
3325
7293
603
6192
1973
7510
9954
3089
3457
6492
8392
10564
3915
4297
4181
2461
8363
1402
6155
10361
6086
5892
1218
431
10452
5148
11326
2472
11369
1704
11614
4207
11026
3504
7803
3006
4766
1261
10591
5377
8517
9536
3114
11872
7253
9961
6953
6874
4236
8782
9155
7457
1083
10623
844
6673
10407
9944
10252
3235
10106
2870
2660
8591
11617
9991
8191
335
1081
2032
7809
6065
5525
5753
9982
3877
2268
117
9282
2968
2647
943
10484
3446
9322
3618
7536
3945
6402
7669
2027
4419
11692
8310
1925
4270
10841
1594
11092
7462
752
11651
3245
7396
2191
2515
11075
11853
8602
8121
10417
8221
5192
11598
4784
8781
33
12
5360
6157
5078
4520
11840
11720
2564
7477
3306
1464
3550
6713
11425
7437
7693
9011
10927
10130
10871
9471
7631
4700
11428
1141
6864
3877
1480
6656
10558
1433
9743
3359
10908
6995
4413
9822
2980
11428
5612
8869
11763
3036
10924
4518
6956
10070
1350
2175
1225
11914
749
11122
10434
227
9995
4093
9615
9330
2080
5361
9897
6097
8324
2414
7897
6760
229
6124
11285
8374
258
4671
5971
11037
4093
7367
4162
4399
4577
2311
10312
10208
6330
5614
1426
7213
9093
5978
5781
3351
9428
7568
11209
8166
10654
4987
674
346
9762
10360
11761
7068
1632
5344
10009
2044
9042
9881
8735
4253
8129
5463
3480
7444
7617
10019
10239
1247
9998
5254
4154
7637
4249
6960
1150
9831
11561
8331
334
1038
3346
6199
12053
10327
10747
10011
741
6006
778
1034
3248
3314
593
7635
8190
5556
9556
4530
6168
4244
5448
283
4558
4422
9214
9190
8537
5273
1155
10637
6535
509
8959
9549
2861
6754
7410
11628
2369
2364
4038
173
276
3190
2660
1233
9476
6595
3564
10503
11222
822
8772
1484
400
5767
8890
1061
5844
4323
10228
8871
2717
4717
1228
11249
6592
4601
1573
8636
11323
4864
2358
6452
10801
5439
5766
5124
6052
1295
311
2070
6872
6585
2022
6684
313
737
11280
4818
4657
9316
3821
4860
11592
5910
800
751
2231
11499
783
1655
9658
9514
10494
3607
2096
10300
3361
3323
12029
1261
9368
2127
11846
2175
737
12076
1716
2711
9707
2376
11658
9712
10948
3634
6313
2552
8140
1498
8507
6373
5766
11992
9355
249
6121
10365
2500
10953
10800
2761
6102
7031
1769
2533
4624
1127
4805
9261
4522
1014
4131
4493
6027
11200
10005
11516
6993
3592
3414
3027
5832
10625
681
11301
3001
4980
11906
4805
11919
815
8787
11840
8164
7327
10336
11873
12016
11007
9175
7619
7610
6004
11252
10505
4142
11354
6517
4700
175
6061
3236
131
8988
6826
5870
9310
8266
4727
11844
10678
9479
4261
5273
3083
1802
11578
6581
4617
7675
3483
3751
9564
8297
163
6153
1670
3432
11586
3038
1857
3654
10769
3360
3736
3514
2542
8896
10383
6269
11289
5790
11722
3793
5364
5858
9955
10082
5804
4109
6547
3813
2831
5302
11585
6981
1076
6804
5759
9533
2886
1552
10433
6249
9966
10645
11907
2021
9567
5591
1562
1347
7081
8628
7367
2880
11133
12004
5155
467
2646
10802
9606
6295
8594
826
11280
5841
9328
10210
6517
6561
11530
9561
4465
1964
10766
3342
5718
9971
7749
319
244
9723
3290
5153
366
1939
11464
11049
11528
11708
12075
2364
3839
11895
2535
556
7913
7590
1861
6649
8371
10073
2694
36
6889
11070
7931
9811
10592
3694
4740
5769
12009
9772
11407
6964
10128
7290
7518
4181
9064
11673
6321
5045
5353
11627
2519
7875
1726
6819
4483
9345
2113
4684
4199
11509
11351
7403
7012
6425
9802
5973
8431
9745
2410
11132
11506
11337
8422
1931
10944
11063
9568
9452
4915
6764
5396
10206
11137
2031
1431
5051
159
2254
3245
5768
8307
6705
2792
6006
4114
7960
7197
707
1031
4306
1009
2290
7418
11709
11639
7081
6356
3552
2362
3817
3507
8412
9630
10091
9673
10712
10615
8810
7744
8781
3734
5645
6899
8213
5126
3085
11687
1416
4813
8963
8029
6021
2789
1754
6383
516
11362
6583
9621
215
10403
4957
12045
11782
8797
10080
10903
1276
1011
2660
10582
2262
2960
549
7762
4534
3638
8616
4969
5342
8343
863
5552
5268
1405
6632
9220
4439
2623
4738
11426
179
3186
6613
10155
6864
5999
5163
6427
2041
1344
4530
10299
3213
8539
7509
11202
7227
9662
9694
9307
4940
5667
10888
8124
1954
1730
10613
11521
2215
4529
10921
4745
5305
11379
3094
1934
3625
3423
8507
5565
2140
7196
5108
9798
6312
8315
11724
7837
10007
6352
3203
6140
12036
10636
4212
1648
4705
6415
5852
7372
7060
7253
5033
9375
6735
6798
9074
3363
1684
4034
2714
8610