1449
4742
3370
3549
3292
3718
2001
1688
5392
3998
1196
4224
6700
251
3429
2521
404
4122
2129
4252
1571
2219
3570
4052
5520
3329
5467
5689
2865
6103
6752
6105
3541
5309
4387
1782
4810
1071
3928
3706
4679
3959
4726
3364
782
4693
5462
4225
3280
3063
542
108
4197
4441
6115
1993
4106
3606
3220
2057
6395
2671
2290
2895
5049
2411
5090
1388
3534
2424
5859
3841
6541
6587
3093
256
3346
3052
6676
3460
1351
474
1952
4107
3987
6205
1940
1985
4577
1359
6064
2487
1509
844
2560
6259
1149
5950
3584
370
4150
5786
3621
2786
1010
5605
4640
358
4024
1516
2784
2151
6343
2510
6410
5430
2948
1950
5127
6579
3625
7
1415
4550
6065
540
4144
2901
4673
2257
2512
4175
6103
1285
3989
862
6466
2602
5674
3507
4286
2048
933
3105
1613
5594
2267
614
3085
793
302
3814
5123
3848
5070
984
3251
4771
4951
2082
5089
3371
6456
504
5282
4574
3535
1856
2621
4813
5037
2489
2236
6629
2597
1484
5627
6694
6497
5079
197
5094
2749
2317
3962
6092
1143
4051
4027
1692
6377
6425
6604
2084
2867
2480
349
5034
6013
165
5161
2510
3011
6249
2093
4571
6197
3753
5474
3490
2637
1332
4746
4867
3739
2173
1479
5198
1153
1070
3084
5574
280
740
179
4692
2154
5142
636
3901
457
2879
3602
5725
5633
6680
6755
3134
4984
2477
4895
3589
2819
5393
1260
4540
5786
1013
4309
3079
6373
5347
5660
4012
322
3976
1295
3928
1843
5645
1325
5394
4848
6097
6004
5274
1802
4886
649
5140
6746
289
2732
3977
3799
5404
3795
786
5911
3030
3455
3563
1745
5157
3422
3871
3718
4588
4774
4019
2472
474
4910
6403
6404
6547
6488
2626
1274
3391
4297
3514
2273
3216
3697
5026
3212
6430
2205
6300
2783
2246
186
1418
1383
1954
2900
3784
5591
5801
3317
2743
1206
186
5605
5524
2610
2710
1336
3393
2411
3331
6511
4031
162
3541
1695
165
5875
387
4147
3442
2517
2737
368
3453
277
1402
5695
3060
5590
5573
837
2603
2555
172
2867
6270
4235
1924
5321
4232
1706
3709
3412
1300
386
5542
5686
1767
3321
1714
2034
1245
3093
4157
2367
665
589
1744
1834
5606
41
4814
4725
3354
2393
1786
1611
2466
1849
1142
273
5463
5275
4608
4616
3955
505
386
4747
2882
5455
2988
342
4690
5790
39
5447
2766
3042
2809
1430
778
4634
3493
186
5922
3297
2725
3463
891
1748
3504
4127
1135
3869
6283
4330
5004
3330
5661
1007
6017
2476
2692
4092
3788
447
1398
5549
3243
404
3166
4218
3510
5361
6164
4464
2875
5029
2009
5736
310
965
1847
2773
224
977
6323
5350
1713
6407
1665
4669
5896
4763
1902
2116
79
5018
4733
4520
6007
1652
6452
3029
5549
3387
209
727
4791
4808
5588
5272
5026
2977
4584
2612
1388
1224
4414
4001
1577
3028
813
3767
1560
6109
5481
6259
1810
6505
1194
2177
2684
4525
2175
4185
3339
248
5078
5936
2085
3002
1533
1451
2413
6315
2187
3135
6021
2808
6014
3309
18
4900
2724
1071
1018
4050
4581
6444
5351
5844
2674
4242
5965
4688
213
3398
6490
399
51
5220
3822
2637
2082
5310
1617
3945
5586
150
4159
2791
187
3699
494
5966
605
1989
4818
3861
4965
3885
2889
567
3934
1499
2029
920
3545
529
2587
3117
1393
2079
4181
1512
1782
6455
1812
2266
1220
1642
4491
4379
2631
5016
1032
3197
4399
3486
3680
2801
1913
862
4296
4698
5892
4940
6012
2056
1121
402
4527
5009
14
664
1394
893
4950
1665
3989
3192
2156
6636
1306
1733
5664
370
1075
733
797
3348
4901
3964
786
2790
4058
5903
4856
2797
919
1746
4631
4206
5803
5865
2017
1218
6063
4415
5058
5767
5712
381
4557
1637
143
1371
968
5557
2095
5988
1197
6786
2220
4408
2891
2359
5647
1459
6784
5005
4887
5114
3958
1040
616
378
2305
3852
4705
6318
516
5346
1906
3262
6106
5122
142
2416
1331
5552
5333
5214
218
3698
5436
6451
3241
6100
3342
3305
6222
262
6195
2034
3883
1093
5740
2011
2294
4484
3272
1211
1504
4505
1021
4831
4706
5881
5107
5261
2005
4246
6358
4930
6105
3298
2174
1406
5342
4399
5395
392
1013
5071
2618
2825
573
2822
3078
5352
4503
5555
2670
5691
1062
4427
6026
1724
4598
6448
1828
4600
4702
5176
156
331
5628
5238
4654
5628
4391
6041
5898
2621
2454
426
4201
2195
916
275
1004
2094
1222
2226
3654
5547
1341
3987
5867
3217
2783
1704
1046
4095
6300
3970
6717
5313
677
3248
16
3238
5542
3921
6189
5357
6556
6126
6076
3081
1929
5447
5420
5423
1638
4414
1960
3101
1765
3752
241
770
1339
6259
2900
2097
3190
2937
5677
4656
2443
5909
2091
6222
1716
5712
2026
5693
3034
1531
4519
5503
1381
6269
2131
2067
1262
2681
469
666
3564
6186
2815
5904
4770
2430
563
3399
4007
5937
5759
284
4824
2160
6273
3582
2796
6383
1319
3822
69
2149
2524
2449
1291
3564
5837
4598
554
5901
354
5252
4838
3811
2485
6192
2192
2932
1591
894
5716
953
1366
5752
665
2157
231
6390
2612
203
3139
1343
3855
5060
3316
420
5495
1969
5146
3880
3426
212
6095
4226
2673
230
6740
1291
5160
1632
922
2529
55
1189
697
2319
3264
493
1691
5884
3609
4399
1190
5740
6681
2247
319
1383
3812
5190
6095
166
4745
1299
1740
6268
800
4488
5214
2747
3351
5088
3437
6284
2890
4723
4640
314
5144
6014
5215
3387
1301
5397
2364
3617
3081
6361
3888
3001
613
4976
2712
4423
6315
2936
6169
3521
1262
2080
3730
423
1091
5537
2157
1505
5850
319
296
3139
175
5150
92
3856
1506
3056
4307
292
844
81
1713
6392
3711
5798
3815
6072
328
3772
2127
1349
769
5629
4322
2586
4563
4491
4230
4057
6350
3366
5347
3993
3754
1890
5881
3954
4449
154
5035
5090
4936
52
1110
2001
3733
1720
5998
5215
3581
5119
6322
3653
4303
6032
2100
467
162
2904
6438
2557
4119
5217
4437
1148
6059
6410
2639
6060
2343
6294
5538
6497
3847
120
3059
1763
4107
5155
4576
4865
882
3762
881
2906
1294
1524
3067
4612
3419
5777
4318
4698
607
87
2932
6504
6385
5032
4529
4004
3587
870
2447
1180
829
160
5271
4727
3490
6291
5256
4421
6100
3350
218
4482
1465
3438
421
5178
2751
2592
4738
5792
903
3901
4253
6689
6551
1247
3361
2513
4932
3659
1844
738
4622
6781
3379
5128
5235
4193
170
1599
2264
3866
1726
3507
5486
5310
2581
5853
4351
838
5211
371
1773
5302
310
5835
412
246
6092
6359
4063
4208
2939
5741
3476
868
1075
31
2544
4874
5336
4033
196
6341
6070
3474
1977
4134
915
1162
4421
1955
6431
36
3498
3762
5903
473
2115
1588
3325
6518
1892
2489
4300
283
3624
6619
57
6231
2391
6541
1197
2900
2554
4783
4682
1547
5808
4963
5657
564
4002
1641
790
5646
3952
4677
996
6761
3199
5563
4051
1817
418
2866
6028
4110
1943
1174
5685
2342
321
368
796
3766
4575
1348
3466
6727
6297
995
57
5059
3512
6469
6422
2149
1777
5722
688
1201
989
5022
827
2916
5251
1068
1082
3743
3932
165
5532
6257
3578
567
1947
460
3534
6056
5418
2157
2081
586
3354
2984
2661
3799
3037
6020
23
2742
6337
2868
3985
2949
3266
1966
6491
5696
2230
4452
5532
5887
4501
1196
3233
3148
1754
4665
2915
5881
302
5
3951
298
1502
5484
1049
658
6320
4900
1880
2549
4360
1089
1572
34
4776
4806
5535
6489
4759
3986
118
574
2771
5264
1444
208
6668
1753
3878
203
845
923
6079
5803
6363
5619
3629
3348
5624
1699
6738
2922
3493
1021
5233
6495
2841
1014
5606
1703
3525
6581
3424
3833
1007
3964
4885
168
3348
5743
5103
763
2184
2150
1270
2616
4999
3868
4969
2988
5322
2076
3795
625
3157
476
3952
951
6445
2999
4344
4410
352
5892
2806
2543
98
3229
1739
1294
2790
1275
2439
43
604
2545
2690
1008
5768
558
2257
1459
4215
5253
3200
692
4521
4813
4221
2997
2741
3149
3083
5207
3529
5668
771
3872
1244
3848
4793
3988
1501
305
534
2230
1702
6078
3703
1106
6223
1984
4757
823
4711
3720
1850
3641
4675
5240
2717
6092
3034
6219
6208
810
3769
5357
2964
4893
101
5446
5119
274
4574
5189
6073
2241
6414
4760
1655
4589
6176
977
3670
3668
2885
5517
5473
4844
5615
4829
19
793
100
6606
5902
5292
1961
219
4848
306
2690
4237
2223
4075
3557
2377
5350
2946
467
213
3698
1367
4946
1144
3093
4843
5414
6718
3071
4239
4636
648
2423
2679
2306
5137
3505
4669
6296
1179
1661
362
3494
2499
3990
675
1868
6589
5572
4748
716
6147
2875
2603
5163
3459
6594
2914
347
2308
4474
3087
6068
3122
1086
397
6753
5701
3741
5044
3820
4595
4073
4837
2423
2221
5503
1719
6789
2259
4786
542
5185
4854
3369
2454
2102
757
1282
4007
3038
4231
5672
2974
3716
3778
335
27
1514
3953
3947
5938
5403
4398
111
5486
1531
5512
349
4363
144
2143
1036
3878
4914
3397
1043
6571
4725
5111
3936
4479
1649
1506
6213
3261
4544
6052
2611
3612
1653
5176
6582
3932
4907
4418
1232
1693
2554
5112
1806
6572
847
6417
1664
3529
2676
3574
6720
119
4699
4314
2043
2948
127
582
1266
1081
4387
890
2916
5522
2033
5993
2047
4699
296
6238
5183
3119
2464
4202
2003
2091
180
886
5015
5517
6204
5267
6235
6242
559
1406
5978
5167
1075
5768
1067
5139
2054
3801
1829
1418
289
5748
3990
1379
1169
6567
1905
4971
742
2477
5742
2834
2791
4125
5424
3968
3970
1432
2252
2696
5477
845
6479
4243
5159
4053
4566
6377
567
3561
2800
6004
2269
2832
3830
465
5654
2137
5038
4938
2242
4543
6603
1982
519
2712
1959
943
3625
3789
140
1105
2209
2859
3546
6231
6205
6774
6531
4394
1699
3592
2484
1241
1543
1391
5606
5311
1168
1507
3334
2706
1229
1552
1884
2920
4221
4735
524
829
5106
5270
4744
4223
4387
2670
3831
204
1463
4666
3612
3613
1044
506
1844
351
6018
3564
4300
3024
3877
2172
5656
6658
43
5126
5889
579
5265
4859
4745
2781
6734
623
4887
3955
5573
5064
2692
1266
1443
2699
5763
2362
5961
1724
2314
1992
1176
5843
4541
6102
2439
1998
6429
6604
4954
840
2699
812
6099
6592
2728
1576
6279
2371
3934
6222
3053
2187
2928
3290
6551
6334
1426
4723
5715
1926
1855
3725
2895
1810
2223
3868
3688
111
1713
2524
2127
4090
5858
791
2453
3390
4664
741
6365
2752
4745
6022
922
1616
128
2954
6123
2707
4532
2936
3820
3788
2957
312
3496
3152
5937
922
3991
2833
6719
3985
772
2336
1550
1346
4468
4516
3560
5161
5313
4880
1207
2908
868
2537
4620
2
453
5446
3081
97
6177
5455
5778
4489
1038
4779
537
273
6067
4361
1161
3414
833
5942
3157
4436
3568
3133
6231
2447
6703
2006
3376
4225
1263
111
2909
3274
6371
676
3294
2461
3457
9
3710
1851
1131
4614
4523
4385
664
5900
4545
2607
5949
3363
1619
2150
5815
1911
1443
5403
2807
2984
1977
1639
463
4215
6101
3757
6258
788
1118
6528
2848
1385
471
4052
3652
1319
5311
4093
235
3581
120
813
6288
6406
285
181
6766
1407
5956
4627
130
4308
1926
4416
2622
360
4362
4718
2908
2350
2890
5477
5391
3592
4854
1327
5975
2460
5701
3476
3270
3042
130
4162
750
3627
3995
5032
6731
4101
3677
5664
1084
3192
5801
3829
1920
2700
1147
3917
3866
4025
1990
6608
2827
5068
3110
6029
1583
4989
104
1318
1161
6590
1271
2098
3189
2186
2714
5859
686
2102
3655
3851
1014
3692
6620
4978
1252
2935
5000
3703
3386
3180
3629
5284
2359
5943
6460
2170
923
6704
621
5475
6433
6005
1189
4533
2110
3899
3782
607
4217
1503
2354
2166
3593
3005
5246
260
4680
4508
628
3256
5437
2054
4534
1779
4995
4489
364
2392
54
441
4030
5178
3825
1270
6500
6300
2311
5925
4042
472
611
5102
5734
892
1602
2481
6223
4152
1193
317
1495
6487
2618
5250
6050
2382
5403
5358
2381
2438
3778
4794
104
1273
4106
828
2666
4564
6155
4151
542
3203
6429
4043
4033
3942
5917
1457
1483
1451
6507
3837
4968
3672
3801
3856
1999
6295
3810
6294
4149
4772
958
6075
4029
898
6036
3563
5848
102
3990
6664
2198
1384
5754
3013
1203
3142
5358
3878
6554
5244
1533
2866
5554
1125
2708
773
1200
6022
1437
1823
3160
5364
4557
3816
5768
2681
489
5972
4524
808
1511
4847
80
80
3268
1018
4438
3443
2785
5475
4877
1119
4849
845
3012
5168
14
1765
2426
5915
5570
4407
4270
3011
562
5200
4961
4618
1210
4462
1659
4630
6256
2915
4679
1649
1311
6653
4599
1156
5352
3011
4358
2973
3075
6570
6620
4374
3668
3421
1056
6648
551
2655
2898
3583
5165
5796
3669
2548
6184
4409
3626
4119
1148
1055
530
3895
5221
5068
1901
928
5420
2696
3055
6473
4586
4916
3153
940
4865
1539
3991
2569
1919
94
10
3088
792
5273
5607
5550
2982
4838
6765
2009
5943
1452
2232
1075
6347
1295
4019
3584
1582
1719
3698
3700
137
4973
45
688
5616
2605
3571
3849
1269
6604
2410
940
1984
635
5665
195
3373
2709
2744
1477
6053
795
5141
173
4825
1091
5974
4360
5438
1667
4658
3972
4766
5365
5428
6255
2850
3510
955
1583
1490
5385
349
6282
422
2270
1648
6372
4345
4952
5690
5741
159
6395
660
1250
2223
5052
1726
4339
1351
3903
4014
3035
3406
617
3155
3100
2372
435
1481
4331
1072
9
4966
3280
1845
1036
4283
963
4023
3090
5887
1201
6310
996
4314
286
4589
685
1244
3511
2412
4892
4520
4676
4006
6215
5827
4240
2026
1631
4445
5703
1212
6474
5091
2668
2924
3503
946
2807
824
4323
390
1350
3983
4433
3584
3532
742
4988
6749
4899
6352
3794
5206
2038
1442
110
3941
6248
4005
5695
5883
517
5649
1387
4337
4306
2271
2130
5283
1010
5614
3578
4778
2131
6377
4744
4325
1700
6555
3021
3883
757
195
6532
5222
1985
3329
5954
3801
525
3241
2793
1005
1534
932
3534
6497
3945
1654
1320
997
4311
314
2538
4732
6716
4290
3468
5072
1974
3868
4887
428
6246
2939
970
3058
6463
6500
209
1758
156
1714
6374
4415
415
3201
5095
3333
6252
320
800
3188
6591
2839
5305
4272
444
6648
577
4622
2190
2274
6624
240
743
5845
5988
5278
123
3625
1710
853
1184
2055
5918
132
551
987
4913
3908
538
3283
6423
1644
5447
1987
6084
1717
6036
3050
6066
2391
6093
2855
816
2667
6505
3233
1164
1888
800
3640
2670
711
2591
5177
1825
4299
6314
1460
2520
459
316
177
263
2931
1015
402
2777
6396
730
1600
1574
3886
1327
2219
1147
4863
3497
1672
2077
3899
5936
4362
6365
844
6434
2370
5723
6456
6225
5634
2723
5538
4740
1745
5222
2751
5273
143
1730
6414
3797
6031
6716
643
6448
1150
6470
5309
1851
4799
504
2810
3898
4802
698
961
2567
4675
2966
6675
3100
5121
5099
6469
6483
6571
4228
5399
5172
6113
2494
2162
6051
5684
640
4485
800
5316
1228
3785
6127
1775
4009
2338
3358
1024
758
3657
1458
6540
4499
1033
3341
5051
2613
807
5421
495
2048
2092
3432
4856
5533
120
3950
6382
40
6239
6659
2222
2743
2037
410
724
4466
5716
1920
3698
2027
4668
4249
4392
2791
205
4064
1701
6512
4081
2116
1410
201
1094
5440
1020
6097
4112
950
3231
2687
2178
5164
4395
455
2370
1391
6504
1399
613
2819
3149
664
5976
2577
1572
6543
5052
3916
976
3992
3669
834
1746
1648
3040
1171
1375
6212
1719
3920
2622
975
230
1368
6727
4026
642
514
1259
1326
2942
6210
3817
6388
5836
6402
4170
1758
1291
2836
6373
3877
4503
5003
1802
689
2337
5513
2303
5573
5499
3651
5548
6667
5599
5227
6517
6668
4716
5349
3079
4314
2493
1300
358
4328
2052
1702
3214
452
3366
6567
4835
270
4734
6276
6198
2341
4532
2077
353
2115
2976
6347
665
5967
3135
4867
5086
2617
2741
2228
6004
740
6365
5263
5928
4187
5647
215
1596
5337
5942
1829
5452
1703
2694
4359
677
2016
1737
4314
2091
51
4795
32
5326
2206
856
5518
621
2841
6193
1757
5659
3805
3254
813
5016
3064
4962
2273
4850
5284
2468
4049
1696
6449
803
6483
302
4031
652
5472
6270
5771
235
113
3616
1613
1400
3952
1426
2401
5711
2387
3759
6370
4803
1929
785
3452
1046
1355
403
2823
4910
2818
4351
1005
3310
3405
2021
4534
849
5849
4253
6136
1442
6742
2380
1737
4545
3561
4237
4675
574
4017
2750
4071
5534
6793
623
646
5595
5815
4158
4909
668
6538
5984
2652
2622
863
3835
5901
5416
1259
4087
5832
994
451
5113
4030
4318
5494
6284
3854
3484
1541
2241
3260
1750
6266
2748
4496
6007
827
409
6259
1244
726
3494
5012
4540
2779
3229
3158
3338
5691
3779
4329
1970
3150
1459
4148
4415
2075
4984
5836
3553
1212
635
3523
3473
5505
2786
3001
1028
415
1117
3020
3122
6260
2659
537
1451
5570
1724
256
1613
5680
5138
5063
988
720
6412
2707
3755
1184
4944
3849
1677
1523
3518
3320
4856
447
1635
4451
2090
4329
4370
1087
4807
3910
2121
6213
311
2671
4974
2861
1301
1696
1327
3974
6212
5942
6298
6732
325
3137
233
4650
4434
4828
3762
2581
5964
318
2780
5676
2509
1447
4289
5316
6712
160
2952
464
1812
3143
3341
2934
6660
4338
5033
6448
2511
3597
4982
4095
4999
4784
3137
3909
994
671
6064
2478
5274
1464
4656
3841
364
665
198
6732
97
6380
966
13
2791
1192
730
1421
4296
6166
2139
1960
267
5834
2618
2310
6211
571
5019
510
2751
279
5086
1594
5485
6202
468
6098
6096
5132
3677
4984
5539
1496
992
6445
213
3822
1425
2040
3059
3889
5384
6665
2966
1588
6222
4500
6261
5493
4217
3299
2866
3454
185
2930
5999
6713
2274
1202
247
1878
6682
1216
887
6230
3566
2695
4317
4692
3420
885
512
3273
4833
2653
4159
427
3531
2697
3823
1417
6418
5987
4264
2388
103
1494
3255
2100
1840
5049
6759
3213
2912
1519
5640
6410
6346
5339
3096
4130
1538
3822
4237
2988
5479
4737
6140
5236
5611
3069
3346
1310
5972
3192
5997
116
3358
5452
2960
2628
4373
3203
4198
974
340
3584
4909
265
4537
6026
6191
5688
1929
2260
2401
3812
2066
3670
1709
5932
970
6271
2792
4020
5675
2401
3010
5326
1478
4272
4117
1417
1092
3765
6360
5023
6527
3031
5424
444
2261
4335
6311
1563
4399
4896
446
2976
2589
1272
3416
683
3950
4425
5605
3115
4552
4069
6068
4799
1136
4300
6178
2865
825
746
6096
1634
6260
3041
5215
4032
6111
1996
3811
1950
5020
5090
2076
2545
2940
6544
3828
4916
5816
320
506
5320
4692
3979
5370
5396
6560
3648
6295
1574
1047
3059
4496
2030
5470
2408
4649
5463
4151
5186
2113
6061
2006
6624
4666
6685
2621
2452
4306
3278
3261
3742
2204
1649
3949
5857
2708
6663
6345
1136
2824
1573
4252
3896
5036
6797
3411
5212
1386
2057
1305
4739
3265
2579
3416
6354
2429
3084
6534
3624
3713
4666
1826
3830
332
2025
2450
6529
3545
6780
5024
6296
5933
1322
1379
3023
5412
4455
2379
5630
3672
386
5684
6180
6716
396
3471
5426
1085
4225
6325
5886
1174
6743
3204
3629
4998
6267
504
6260
832
3906
690
2370
2442
1238
2623
5592
2792
6393
6226
2220
6743
2677
3447
1316
6428
1612
272
429
3683
4773
4344
374
568
3169
5678
1921
3531
2884
6742
4562
5236
6603
6389
1175
5624
6570
1946
3829
3284
4034
2297
1162
4235
3387
5836
6065
3825
3985
5848
5960
3879
2036
6138
5841
6571
2103
4300
4662
2361
768
4641
6204
2487
5471
1572
1901
1951
3487
398
3127
5020
1132
3150
2534
184
1746
4024
5945
2960
3957
6117
707
1657
3930
2046
6301
3716
4790
5250
1618
797
4962
223
5150
5734
5568
6332
783
1569
940
4940
3439
5479
5548
179
3974
4666
4639
5840
1885
4566
28
4202
2074
2562
2411
3136
3847
6180
5499
5552
6665
4117
4725
5331
3887
940
6554
2019
2592
297
4249
5910
2927
2156
5871
3788
4144
2131
4186
4837
1719
4828
2987
1301
4341
65
5911
6202
2760
3169
2806
4278
2919
3663
4151
1609
6300
3458
2934
2509
3516
1377
1462
517
1601
1695
3902
5327
6041
4656
5072
4106
3957
6205
3745
4949
1946
47
3764
6546
2783
2417
4183
5236
3822
1225
6539
6584
936
5215
402
6000
2837
3338
419
6753
4451
5293
2423
2253
174
746
5440
5018
4619
3489
267
3289
479
5347
5989
4869
6575
1640
2621
3245
4537
3943
4207
673
1221
1948
1351
1153
6101
5267
4428
4080
4267
459
3786
2726
1563
3768
5431
5535
674
3058
5292
4881
306
5157
6072
6145
921
5016
677
3047
4811
4146
6669
3400
5060
1153
3021
1353
363
5881
735
3971
2902
6586
1678
4844
5839
797
436
4929
2399
2558
4826
615
274
4702
5530
4374
5063
1008
1820
524
1252
5953
990
1548
3542
4913
646
1094
2942
4436
4622
2900
6626
320
3589
820
1847
3035
1393
2553
2703
5175
2931
2749
5175
5190
3873
1959
822
5788
2911
1936
1598
2979
573
6295
5062
1619
6484
5486
4163
6715
2373
6441
2980
4305
749
5894
2884
2627
6257
6265
553
5189
2912
6458
3928
2304
5343
3001
1552
6559
1336
6792
3902
958
3324
5327
3297
3153
5651
3277
3089
207
4576
1422
4097
2140
1174
5403
3955
1726
4069
2019
609
4594
2557
2899
6105
4514
440
342
4950
3424
3533
4814
6208
6616
5525
1033
5327
6254
5341
766
1103
6204
5546
5924
2032
4755
2840
4049
4499
2658
1729
197
3175
6555
3530
1879
4813
3771
1236
5031
3814
4468
3274
5632
1445
3291
1518
2011
3771
4340
4037
1082
596
3442
6163
4554
3113
790
908
744
707
5062
197
4296
4655
4565
1913
1079
4590
703
4219
789
153
5267
5022
4720
103
5766
1304
44
4760
1996
6333
1406
2353
4316
2617
3225
1716
4433
261
4937
2028
1447
1339
1119
2380
1401
3482
3673
1176
2904
5301
5189
217
164
3093
3452
5875
668
1494
5533
2105
5191
4574
4288
142
3675
5461
3072
4688
2344
658
5307
2923
3443
6637
1659
4119
2206
247
4269
1590
4642
300
1969
4234
3039
4274
2668
4290
1481
1127
4989
3704
2448
155
1732
6781
5771
1985
515
330
3340
4817
406
2031
3546
3172
2407
3095
921
372
5880
2275
5993
4811
4886
2361
4983
6592
3892
2239
2687
3412
3538
1297
4336
2563
2648
528
2756
1855
5682
1056
3820
5797
1967
4773
4089
3240
3019
1489
5727
1113
419
3805
1650
5925
5293
6320
1869
3765
786
4741
2735
6419
6726
6645
2691
5652
494
5678
450
2454
2032
4570
633
2437
2239
5708
734
5883
2900
3956
3018
1494
614
3646
776
610
5731
257
6692
1382
1534
765
6400
6263
2968
1957
6193
2572
2580
3380
4529
106
4876
6525
4765
4902
1048
399
1864
1402
2119
2064
3698
896
3194
4683
6668
2617
1042
3967
2987
2336
1274
5020
4052
4387
4781
6516
2492
4059
3848
1659
3912
2322
1881
5044
622
3029
6285
4977
4549
1342
2617
2201
5126
664
1827
2514
3454
2210
631
4792
1955
4177
231
2807
2407
3634
1056
2633
2887
1775
2231
5920
938
4200
4606
3526
4581
3979
6095
1046
5660
6028
440
4370
6661
2551
6390
3232
4923
1199
1440
6682
5947
945
5408
2572
709
631
6016
53
4887
1723
4621
3299
1087
6183
4687
2221
3663
2042
1081
2923
60
4110
1119
922
2504
780
1924
1359
3506
262
691
77
2121
1898
5884
5189
1311
1893
2306
3123
5256
5029
538
5358
1870
536
3188
1580
1718
6487
4132
3660
5850
3640
5927
2234
4285
2913
4109
3580
3920
917
5454
4807
5023
2237
1465
1510
3805
2154
2686
5892
769
4217
5166
1294
2711
3071
892
2408
1212
2879
2089
3088
5185
646
6655
5942
4844
248
6092
1483
306
133
4809
1588
3924
5729
2188
2877
853
2216
5926
5074
960
6078
4730
1381
4189
3895
1993
1591
4195
1713
5734
2037
4628
6110
2395
4261
6532
1170
3363
512
6678
5167
6681
3395
71
5590
4186
5912
55
4375
6566
4955
6516
4874
1248
1348
5421
1126
5088
6509
810
2514
3216
4
2408
44
2656
6227
4827
3346
2035
1842
5572
3601
4676
3138
4339
2516
2260
4465
6529
1339
666
1275
5573
86
4059
5822
2468
3096
5166
2049
4089
566
638
3874
5750
633
119
2790
5821
6200
5293
1920
6741
5082
5235
3862
4704
2831
856
2526
1181
5045
4256
258
4233
2044
4165
5541
2388
4385
4584
6292
1756
3836
5828
670
2343
2770
5622
1342
2000
3193
1011
4096
4497
1768
4944
1565
2504
4397
5514
6661
1304
2267
5287
6100
1729
2598
3178
4832
4707
2121
4909
3774
4118
972
2038
3986
6005
6145
742
5149
5440
18
6292
228
5885
5263
579
2389
2341
5726
3188
3465
3876
1769
2473
2430
3405
276
3994
2834
2041
2997
200
4283
6100
4298
1077
1764
6340
5782
6042
5404
2318
1838
3237
811
1990
789
1352
4435
3714
4357
2937
4502
731
1798
2418
1372
358
2747
4337
6712
79
5048
278
2103
3741
6199
996
1108
4313
2331
2900
2491
3773
6096
4822
4568
3032
3787
2204
2059
711
4020
993
5140
797
5766
3509
1375
3926
193
848
1123
1556
2264
5425
3707
5956
1084
454
6548
1653
1104
1609
3799
3170
3940
3619
3514
6219
5398
3566
812
2049
4453
465
5836
3956
1331
1726
4456
2038
6001
1482
5459
5621
4042
2816
99
5446
5249
1689
5419
6697
5095
3267
3714
1552
2190
4845
4281
6715
2393
2074
3782
2555
3203
4716
2884
1240
5268
6301
4996
5527
4578
1539
4475
1360
1529
605
3029
2135
4128
6574
526
3230
3408
3397
3683
2871
4535
5942
589
1274
3578
164
208
124
267
2685
1959
2287
3374
3071
6576
2933
4973
1758
3254
894
3692
3746
3396
6178
2512
4692
5523
2095
5442
447
4226
4480
5624
525
5165
6396
375
386
1740
740
2229
1944
6572
6576
805
4371
4510
3461
135
2038
5284
6626
5245
5505
2550
3431
2688
3030
3365
2153
3010
3858
1740
1814
432
1447
2897
2948
149
5543
2198
5105
2523
5123
4593
4243
4548
2672
5370
5464
591
42
5173
6790
5083
4502
6088
1500
197
1935
612
5537
5262
5442
2047
857
4952
3974
1940
4799
983
6468
1723
6599
2483
3034
2316
5040
5241
4571
3402
291
3876
5766
6300
5173
1318
6029
839
6351
980
205
785
6078
586
3958
3426
4040
6638
729
2060
5321
2907
1965
5425
2563
2819
3866
3283
3388
3951
1313
4298
1176
637
2340
6075
4433
2091
6087
2363
3846
6016
3257
1615
2574
552
4033
6025
1341
2159
495
3937
3743
1085
5773
4293
3902
4549
5732
1794
3185
5864
6192
822
3453
1195
1418
6278
658
2090
866
1389
5807
5974
5490
1650
2953
2284
1030
3513
4900
5987
5963
4952
1132
1973
4276
2318
4947
1710
5006
3646
5905
1157
3492
2488
6152
5723
1941
3712
5183
2295
3778
6435
1500
1262
4233
922
5678
2372
615
2574
6246
4408
3402
3573
1008
1596
143
4427
5373
2499
140
6538
392
847
2196
356
3083
1564
229
5079
2185
6770
4145
6004
4028
4748
5573
3852
16
5161
4917
4354
6420
284
4735
1346
591
6055
2163
4090
3323
6049
1957
2219
1585
4077
3358
152
3107
1474
4191
5280
6118
3725
608
4985
4103
2594
3585
6069
2207
5702
6687
1755
3172
4259
3300
5593
5021
1057
5847
5351
4892
4201
3317
1869
1067
358
34
5518
658
4404
6573
2107
942
1308
2013
6103
2562
4517
1534
4855
1562
2078
1458
4307
3914
1132
1239
5479
756
4356
6601
5123
800
5888
2010
6492
189
6093
4556
6475
5683
688
2451
5122
3235
5108
3733
6650
1771
2796
732
5008
4311
4611
5005
6378
129
6416
876
1374
5802
3758
3157
5909
456
2540
391
4217
6001
2060
1499
613
1367
4775
5490
5149
6633
1900
1405
6345
5733
1455
2335
325
789
3888
707
3972
319
4216
3578
460
6624
1672
5378
5131
1453
1222
4060
738
1069
6080
1769
1382
691
4947
2115
3873
6206
3456
2379
3171
5456
6428
5841
4054
2618
3866
1017
455
3594
3464
3566
6291
638
440
6744
1861
6378
2094
3739
2062
5438
73
1204
977
204
6028
3025
2580
4736
1137
2532
4923
6272
4210
1712
6528
1337
3542
3870
4841
2109
5444
275
2178
6522
481
2727
1770
3059
4834
1100
1991
5432
2855
5839
557
5341
542
4309
5448
2332
6188
1950
2322
4739
1721
4973
5177
1898
3904
6314
4811
2845
1506
3170
4241
4637
1997
2953
4979
4497
2811
5649
1065
503
6574
1901
1042
3161
2521
4540
5029
4204
889
4359
734
2004
6631
1906
4607
1775
2679
5233
2134
2877
4447
4411
833
870
3865
5627
2013
5446
3707
842
1219
845
4240
645
3461
2792
5721
3829
1703
3048
6448
3706
6256
3167
1184
2434
5463
2775
1613
1766
1435
183
460
3726
929
1813
2756
509
1882
1009
4887
76
6265
3661
3006
3715
3434
5535
4391
4831
5764
538
5606
2808
384
1858
4082
6414
4768
5360
1272
2742
1629
4688
189
4236
1687
634
3816
667
691
1101
1053
1171
5023
4094
4115
4928
4900
2823
2321
2237
2680
5243
3405
6504
3029
3750
305
6696
6306
1108
2373
4902
3268
6417
3564
3637
1289
643
1744
2795
4949
4681
3136
5204
6191
3409
5882
3234
2356
4066
1613
6447
6102
624
379
6356
824
1097
5953
3865
4470
6671
1838
3459
501
169
4786
1310
3625
496
241
6260
1085
3517
5860
2647
6573
6557
1074
1971
1042
169
5522
313
1205
4027
1301
4247
4976
4791
2755
4031
2885
1498
5046
349
5459
2327
3195
3290
1537
3969
2240
4212
3708
664
20
2822
6397
2691
3119
6133
803
518
1762
3999
3869
5226
1796
856
1
506
931
5822
6460
2739
5453
6342
1950
6003
214
616
4226
2406
2604
2042
341
5153
5994
6725
439
3880
808
5389
2307
5750
243
2038
3717
434
2266
1002
5168
6313
5387
3601
594
475
82
3609
5183
4561
5777
6215
5725
6525
5236
4376
5304
5947
4556
4136
6241
1592
4928
3906
3572
2238
4139
832
4839
5999
1079
6560
2330
5063
3048
3149
2358
5639
3851
6220
6360
6536
5006
6024
121
4467
969
3601
5623
4833
856
6191
2683
3123
464
1392
6208
1440
5365
932
3341
2431
1076
3263
447
4887
5173
1676
6184
10
5233
2700
3486
5864
5359
2335
161
6383
2313
4940
5090
375
4314
2459
20
4605
4757
4605
4713
2089
806
2794
1233
1107
799
5310
6573
6687
5722
395
5926
3654
4606
803
5473
6134
116
4641
5125
1960
2599
4895
5008
4101
1824
5462
2827
5613
17
4142
6213
1555
6353
123
3859
1030
4522
2046
5188
6008
1664
3437
6236
1259
5760
4605
5344
3958
2060
6038
3714
2321
2992
1876
3940
1796
5304
2369
5407
6394
1976
2853
554
4857
6389
5595
5821
5139
2676
3853
1822
2830
3383
6739
1331
2597
5572
5706
5250
6183
5325
3935
1697
5606
3565
1715
4581
5756
133
4946
3481
3203
6651
4723
923
5815
2464
4769
2771
3697
1797
1286
5678
2073
4897
3403
1033
1232
5979
2276
6470
5383
821
1003
4241
2380
4356
2972
3737
6581
6036
4802
5188
3498
3592
2230
3886
1148
6418
6517
981
2179
3205
5483
281
1971
4125
4875
3575
3296
4192
5496
5482
4560
3602
3451
2460
3049
2157
6313
2122
4276
6734
3376
2817
3978
2370
796
3818
1286
2226
3068
2941
2662
321
1997
2595
3698
5739
1699
1418
4527
3093
300
1203
1777
2482
4623
5178
4528
424
869
217
3891
1351
2700
5965
4678
2070
1429
4130
1667
2136
3651
5116
1585
4507
2643
5268
6292
999
2023
6433
5362
6108
583
4013
4007
3478
462
1704
2461
3205
388
1361
4357
3866
3342
1042
5985
5685
1105
4609
4147
4643
1571
1555
6790
1489
4190
5397
6752
4376
5299
1593
2659
5514
6537
6505
4196
6407
5715
2149
3435
5627
5295
5631
1780
5514
2233
5258
371
164
4616
1198
1240
6350
3232
3474
6027
1637
4719
5285
3981
1395
4830
3762
2407
5121
4688
1971
6444
2844
819
4732
373
1675
3341
6266
946
5763
3785
2283
2191
777
3097
5956
5066
5307
3549
4679
5828
5669
260
3103
3051
511
105
5099
5865
5156
3832
5643
4426
5289
2059
6645
1492
6140
3342
4578
181
2655
6579
4925
2986
4225
1825
3016
5442
1337
1548
3720
882
4322
3979
5139
2809
5643
2113
3076
1234
5824
4674
2237
361
2785
2873
4069
2022
4476
1453
4469
853
4874
6170
2154
3290
752
6271
6303
285
436
317
5666
3926
3249
4810
473
5233
2275
513
1998
4506
4166
5549
3743
4614
6210
6795
5941
1766
5380
285
1475
3078
2070
296
1671
793
5423
5009
1341
4755
6100
1591
5388
3400
1908
1568
453
6335
3036
1166
3197
6008
1696
1217
5167
1977
6099
3079
1794
4597
5364
3024
3501
5510
3809
5823
2319
2530
524
6196
3771
6745
3687
6772
545
1622
5272
4395
6565
1549
6672
2503
680
4957
2730
4675
2056
3401
4435
1775
1167
1578
2521
3962
25
2777
4658
1906
3517
3176
6003
1214
5122
2368
2697
6164
5204
1658
217
1788
2587
1554
3272
6438
2678
5801
74
4243
2949
5078
3674
2319
3779
1853
3485
5704
1547
5719
4210
1456
3454
639
6543
709
1130
4646
2464
4915
1094
301
5509
3702
3434
3482
4196
1778
367
2832
1569
3030
4933
1400
556
4693
1027
3710
6308
2404
1010
1952
5007
489
6428
3838
1703
4341
1665
2027
937
2899
4438
1569
2479
4885
6447
2361
4278
3356
5172
3518
2312
2536
6104
920
5181
5365
855
2890
3377
4580
2597
6646
6375
185
5111
6175
2302
2709
4739
2204
139
1620
3435
536
5010
2943
4707
5594
2366
1457
4989
4498
4315
527
779
2435
3884
2376
4747
6213
1534
4953
161
1334
695
1884
937
4080
4917
5530
5903
904
1107
3282
6086
4129
6441
3353
4220
4886
2398
5784
4603
4136
720
754
3835
689
641
418
6710
6537
2334
2192
3684
4272
6178
2210
4487
2738
5373
3076
3227
4078
2939
2894
5193
4728
1782
2779
2835
4122
5641
943
3649
5695
3759
1203
5916
3605
4262
1846
5373
2023
1895
5974
6727
5669
5433
2183
5867
633
1968
335
2383
1090
2450
2985
3782
6760
4333
2274
4366
53
3851
3806
2623
6383
1541
3366
4347
4331
2200
2360
4933
2769
5459
4496
1762
1593
5356
2648
6307
4006
4511
2158
3864
448
3154
105
4620
5490
1439
4065
4740
5150
4811
847
2340
1471
2066
3407
4174
2636
1606
3171
5157
6038
3565
1532
676
127
960
6387
3258
2681
5183
3335
2722
1087
5439
5908
1445
1054
5565
1422
4466
3424
2802
1945
6388
4873
2844
2426
3316
260
1049
3355
3891
396
3545
6663
3367
5700
1039
2980
4652
1352
5063
557
4116
531
703
347
5848
4554
4005
5629
59
3265
6271
1435
5315
6056
5310
85
5716
5448
2832
3429
4829
2728
4979
6104
4871
1859
4142
2810
3781
1105
1541
21
3024
2692
917
4634
1976
1473
6431
3793
2305
5268
2587
2863
5706
920
4541
581
749
3094
329
1603
2544
1034
6621
2192
2602
5297
4791
4464
3043
133
667
2299
935
543
2536
4219
3927
3287
4745
1668
6050
5422
5357
3607
3027
987
181
2352
181
1613
2233
274
3193
5976
3444
3269
821
80
906
5704
599
3112
5427
2752
5845
4365
2270
278
4121
3666
3612
829
4724
3068
121
1890
5434
3482
1875
662
3818
4356
3395
1899
6451
3786
6179
4425
1166
2635
3456
1190
1377
846
4271
5674
37
3273
4577
227
6334
4158
712
1352
5256
214
2013
3167
672
2016
6684
2093
4815
1526
5855
639
3450
6495
1388
4042
181
1277
1103
3569
6370
2566
287
752
5352
2053
5793
4770
2263
1243
2140
1548
6480
449
2827
4851
3986
1664
5643
2549
3269
1416
2368
1474
5038
5421
3814
3399
239
5361
5680
4851
3248
1815
5796
3892
1911
4967
1750
6027
5052
6531
4401
6503
2843
2671
6627
5300
5456
6717
3845
1071
5040
454
2321
6538
4725
5080
1251
6325
678
3947
3469
5505
3397
4804
85
5994
2131
1314
4346
1453
3703
2832
1129
4361
5460
5302
365
3393
3814
533
5589
951
4789
979
4567
4376
3061
1263
6152
3985
3202
6329
778
6057
1954
1988
1588
4058
3041
4871
1100
6531
1969
576
3362
5270
6120
4882
592
5926
6243
184
6042
1295
338
4895
1944
2138
1348
2528
6027
3776
4700
457
6551
6529
3652
866
1727
1145
5151
2288
2242
3882
2166
6486
3017
1484
3907
4233
2780
5834
3523
3755
5417
819
2972
6203
5129
5820
64
3003
6134
5522
3595
25
3884
2750
5550
2210
6771
2476
6061
3643
6256
6015
1970
714
5517
2997
5962
5600
1440
6163
4586
5135
245
1866
3253
1715
2677
6188
6717
310
197
1383
20
5189
1730
2534
3895
573
4446
6114
4268
3953
3646
1493
3786
5798
1888
2962
2034
6534
6607
4939
1213
2398
4668
4087
5337
541
4104
1832
5587
5852
2619
1364
302
5893
6265
457
4367
1112
5679
1239
3369
789
6540
4103
1037
4222
3478
6627
2553
4301
5722
547
4437
3486
4639
2690
5470
5008
6449
4605
3333
4383
4532
5917
2655
601
2964
985
5914
2401
796
3350
5340
2951
5270
6233
6034
840
4932
769
2008
5895
1094
5833
3988
1350
2349
3989
3495
5821
6421
4490
1807
2469
2869
3150
6183
4177
2497
5361
3583
3371
6407
5374
2767
4756
3501
1235
2549
3043
4693
2833
1462
5684
871
3621
4226
3464
2072
1267
6256
6526
4217
1943
91
1863
5976
1956
3928
3176
76
4818
6041
3043
3924
1526
1824
187
1978
4978
3460
3300
1608
5950
5015
2964
6388
2886
3493
6415
5061
5955
2193
2133
5632
4769
5299
6297
2258
6112
6156
5411
4329
3429
2749
6647
6525
5418
1762
4145
1931
2260
2003
3261
4653
3397
745
309
6533
3325
5606
5238
5565
6405
1155
387
520
5926
4664
2374
2659
1435
2915
3844
2520
815
1951
4411
1953
3327
3811
263
1379
5384
5943
5891
3459
225
5991
3404
3467
961
1680
5598
4555
6748
262
2336
2064
3528
3297
2149
5602
5702
6115
3827
989
4755
4356
5051
3691
2846
2987
2576
3411
5800
4413
3737
6032
3099
6515
488
3381
1705
1319
3891
2664
1681
4171
6442
1828
904
5386
2597
737
3580
3537
2562
1023
4658
4108
4615
1745
496
2556
1117
5406
1997
3657
2833
550
774
6417
1016
1273
6444
6169
1147
490
2232
5781
3508
4019
588
764
6764
5972
5872
6197
6773
3562
6124
2966
2750
5904
3659
1584
6249
3274
4666
5432
4925
3715
4998
6237
4620
307
443
1571
5869
3126
3701
6759
229
2207
4514
6735
2321
4815
1233
466
4920
5582
280
316
2934
1430
3574
1092
2608
4912
284
4724
1596
34
1401
369
5528
2610
1573
6365
1985
1326
5596
5544
1700
6644
3305
5231
2742
359
1969
5694
3969
1305
6149
305
6107
3798
365
5096
670
6238
2442
2802
4543
3070
4561
1763
3092
89
2456
5428
6666
642
4992
5885
2394
903
5722
4306
3296
2581
3229
527
1523
5747
1516
5694
65
2290
3685
3425
2488
4507
2249
6600
654
66
2027
3572
5594
3579
3573
5724
6661
4667
1070
1671
1579
6668
5893
639
3230
5529
1005
3348
3480
2397
3299
3670
4539
1566
3347
1764
3608
4560
6039
2959
3394
2648
1826
6702
1436
6403
996
1667
4882
6308
2276
6458
1768