1643
1157
4734
1176
4338
2978
330
3973
3812
760
1617
817
4846
1471
4480
249
879
3264
992
5988
4570
203
3211
95
4496
1583
5692
4583
4235
3061
1218
1204
3106
5477
1079
114
3169
109
886
3860
4093
4809
6252
1756
6381
4853
2996
5667
4486
1920
6445
2439
6592
4657
3832
4526
2853
6153
2813
1403
5415
2270
1151
2141
4690
1003
2655
2885
5200
3465
2293
552
5191
3617
5036
2187
1938
1853
526
6294
1583
2036
2578
3822
1312
2156
2733
2607
6127
1205
2296
6588
5901
2752
5310
1035
2560
119
3839
2099
4362
4107
609
5414
6508
196
1368
3679
504
3071
2609
2434
2291
6553
6021
4614
1313
913
1556
5873
5695
4815
5353
5266
147
4049
139
1
180
4664
6042
4270
2911
4039
438
971
4028
3443
5876
4172
2414
5535
4270
1791
298
4713
3545
2009
1506
6460
6401
2007
3819
5746
4524
6353
4183
2228
6234
2221
2142
4976
2892
5223
3713
4051
5286
6235
6446
2599
5140
6463
3901
6271
2915
211
4253
894
3512
2933
3103
4781
6464
4185
3184
419
227
5931
3376
1314
407
1734
666
1781
1618
4941
5336
3219
2927
5506
4744
5080
5013
3985
5686
959
1320
5513
5158
1511
2039
3897
574
2604
802
3502
5689
2482
4237
4789
4970
3191
1
4554
701
4121
1349
3546
2818
897
1894
4767
882
4148
5117
5011
1883
2622
2499
3631
1812
1194
3970
514
4188
6532
187
6537
5591
228
568
4593
5411
5436
4127
1723
516
4044
1639
1669
5557
2796
5933
862
3584
1184
3492
1374
3655
4641
5423
731
3210
1661
1660
5397
3105
123
3065
5674
2381
1451
3830
1670
4314
2165
6116
2805
253
4789
4486
132
3119
1346
4924
1611
532
3477
2053
1258
5817
1950
4587
6358
1947
3710
5473
5467
1510
4242
2310
2796
6206
2536
5283
1053
910
4690
1893
3831
3859
6469
5192
1871
6001
4049
347
5595
1546
2007
591
4821
1843
3911
4221
6288
3722
4714
3998
3358
5221
375
6575
529
4582
4122
3584
5288
6589
4023
4439
5207
5378
4343
469
3297
2077
6171
6283
777
3830
3519
6390
6381
90
547
3414
3177
2422
4469
1913
2051
6585
4747
3977
488
1509
3371
3427
284
2719
4447
2135
5972
1711
4302
1102
750
6190
4901
1275
2538
89
6552
4408
6476
6011
1780
6227
5494
150
3619
1017
5487
5332
6056
2706
6041
3254
4714
2258
3296
6008
789
2343
5139
6421
3970
783
1575
1081
5377
199
175
5142
2883
2454
502
3814
640
5768
6476
1200
4987
5563
3713
2253
5009
2255
1072
654
1628
1031
6150
2498
910
5770
4287
200
276
5807
3249
3671
4960
4939
3072
4820
4185
6252
6352
3438
2304
4455
5354
1824
6595
3487
5801
5112
1533
1926
4293
671
5572
2777
2330
5404
590
4363
4928
3532
1870
5013
4053
5820
2651
2227
1272
3286
5480
1488
5651
4099
3083
5576
5882
1149
1682
2689
3544
915
2189
1552
6018
759
5099
4372
3649
2830
4827
5946
3515
2986
4820
5186
3301
350
5582
4988
4239
4963
6394
6472
3504
1438
266
5414
52
2601
1715
4957
5780
4340
5849
1918
5071
6274
5766
3588
4714
1191
697
5549
3378
3903
3696
3496
5816
3058
6098
3381
4055
5721
2101
6164
6356
4654
3686
6294
3165
6119
6367
2443
3176
5332
5769
1243
2589
3657
3298
321
5135
2392
6502
454
3592
6066
5765
3908
5490
2076
4141
19
1484
3166
1912
169
136
4263
2340
4493
5814
1135
5723
863
4166
1956
6546
2381
4094
2147
426
5639
6196
2655
4572
4738
686
6043
5935
1037
6056
3293
2136
1332
5758
3091
3604
321
4796
6153
5640
5502
4838
5397
3225
4034
2790
581
1434
6177
6197
3175
1669
4407
1233
2509
2017
6182
3991
3647
370
4118
2826
1485
4214
6439
4869
3298
6231
6363
144
854
5387
3312
1286
1986
1634
3439
3140
545
1031
2679
6415
3342
3097
3488
1100
4286
3836
3139
5503
183
654
1551
2992
2612
531
5156
3004
4247
2401
5082
596
43
5070
1236
847
651
392
3916
2063
5448
4673
838
4190
71
5298
3516
4672
5500
2815
4857
5598
1657
3490
4395
1219
1984
3349
4334
1269
3520
1602
2122
5710
6405
2670
1244
4103
3827
2251
2910
5880
3958
4703
2694
4549
4931
4114
335
2769
4206
260
3350
2948
1844
5309
1978
2998
6184
2233
5017
2648
2213
2565
1366
5604
1963
3200
2360
4483
660
3075
1404
3939
3034
4814
2787
2651
2472
6560
6095
455
1879
4908
2741
3848
2314
4696
2928
5258
3171
4678
5798
3047
4234
1969
5744
3488
4125
762
212
5752
6183
6539
277
931
3804
3478
6480
3311
304
3973
4204
5674
4069
2383
2821
1975
1977
452
3529
2795
4213
6549
4957
1632
3254
145
157
3207
6324
3494
6080
2962
5393
3117
3258
3105
3778
3704
4700
3324
147
9
1729
3080
4148
1971
6266
2685
4514
6076
3560
3941
1913
2335
1279
5730
2556
1793
2144
1320
5411
2991
6185
5962
5336
2612
2941
2242
4230
3632
1088
346
5453
4144
5416
5277
697
5617
406
6557
875
6127
5183
4995
1797
4730
3114
3764
1081
4950
2289
2748
52
517
4937
2259
4184
1393
5261
4867
5091
1742
5441
6333
229
3713
1152
2756
5632
633
2471
4914
578
3059
821
6499
1753
6305
1112
957
4765
5350
1748
6499
5685
4922
674
2166
5871
512
360
4459
5201
3673
2616
6517
3237
2046
5200
3810
965
2225
1400
3489
4512
3053
5331
4460
3228
3928
1773
2185
1998
2912
2044
2844
1668
6124
5858
876
2865
1673
6000
2373
1329
1362
3037
3327
4387
1666
5655
5354
2870
876
2898
2943
1734
4645
3845
2266
2883
2211
1961
3339
2539
2911
6120
2624
4640
6545
397
242
4449
4569
3488
5849
6593
1004
6560
5286
2721
6143
689
3292
4443
539
5013
5170
6016
1887
1044
362
1042
6161
926
3644
1770
6274
4166
4723
2140
5681
2637
5132
4635
281
5594
2640
3854
1315
1435
4411
5275
3210
165
3266
199
3143
4813
6223
2338
6496
1371
6093
3320
2144
3741
5076
4002
132
6072
337
3712
1340
5801
3054
1207
2842
504
1029
4632
232
5031
4699
4702
5882
2671
2697
2370
2136
2794
1670
1885
3156
2446
258
196
4060
3459
1913
3804
2488
4024
1896
3049
127
5161
2647
1227
5741
526
4984
3828
2857
1518
4324
3115
5712
5190
2836
4729
4323
4799
2380
802
4322
3477
5583
6029
892
3204
4688
5801
5008
5911
6102
5329
1508
6119
3485
6379
3792
2369
3951
3365
87
292
1716
5590
1592
2383
2246
1882
5125
3622
5632
6119
115
5008
1616
4561
2171
3249
1841
4410
5989
2089
6264
1723
6372
6577
3896
28
4298
2826
558
983
2318
5957
3932
5371
6086
1421
6231
3632
2150
4538
5427
2184
589
5301
351
6556
687
4790
1601
5092
4614
4424
3107
3730
6567
2752
1047
5938
6453
4828
1202
1094
6386
1424
6180
3865
1046
4179
5869
776
1928
1601
1194
3736
6522
3704
4887
2480
6313
4746
6346
421
6517
6269
3415
3869
5482
545
6441
259
1759
6523
4379
2182
2480
5007
1069
1912
409
2534
2769
1836
5463
6060
5176
5918
974
5731
5054
2488
4210
2753
4811
5882
6243
4367
617
4691
1766
5831
3561
1423
2260
1176
6193
1501
1475
1796
467
2287
2488
4745
492
4125
1902
2174
328
4560
2433
2887
5725
1362
1971
198
3223
335
3488
2482
3111
3468
1928
679
4136
3692
4077
1964
5447
3252
1785
2517
1316
4196
2290
3232
5796
5230
6586
2523
4759
769
54
989
1705
6032
4349
3907
2956
2209
3382
4362
2014
4423
1333
5139
3655
3931
3705
5687
3706
121
4587
3369
2234
3977
2289
6125
2161
4656
2023
541
6020
230
6014
2526
1548
4729
4043
871
2936
6046
1590
3073
2600
5541
328
2147
3117
5731
3665
5838
2154
3581
3089
2305
2891
2430
3098
2846
6443
4788
5314
1912
3196
5650
4449
575
3908
1993
4353
4470
4509
4883
1227
5119
5168
6121
3336
3612
6136
4640
2729
3130
5420
39
5527
2469
416
5711
3058
621
4234
3338
2433
6448
3825
76
5336
3209
2972
4635
3165
794
1549
358
4510
5884
4543
3254
4430
1877
945
6446
2275
1466
4502
1372
5534
5532
1619
987
5707
2466
4420
6303
915
2069
5095
6476
5887
1556
5858
270
4672
1836
5670
4536
5128
6564
1267
3384
3745
1247
556
1383
6163
2595
2688
425
6451
2526
199
4251
1000
4936
6563
224
257
3554
6321
787
1274
3966
1020
6191
4291
2377
208
3736
5173
1065
6109
2110
4255
4627
6008
421
3442
2835
1788
5591
3831
2280
543
5359
4403
3579
4608
5222
5091
4662
5549
672
2928
5698
5753
3069
1923
983
1148
2533
3555
4157
782
740
142
2334
2037
4013
2090
2032
118
3544
4626
3514
4203
3192
2694
2040
5915
1326
198
6555
5175
1142
2768
1412
5961
5128
2691
6308
2054
2300
3289
6251
2289
2629
4921
1141
3335
2567
540
411
6245
4073
2706
5645
5761
5789
4162
4347
1734
5027
812
2466
3576
1083
6168
1912
5480
4450
293
3194
2678
1272
5543
612
4735
1698
3569
5376
2201
4914
5797
6107
4928
3658
2570
4158
2873
2675
5646
1186
1163
4768
2552
6437
277
3377
6465
6067
4284
3369
621
3331
964
4238
2860
1733
1459
5040
462
5524
5920
4855
1176
4151
1818
2116
4974
91
3583
5528
2527
3897
686
5162
3845
2130
6251
3721
4626
732
2806
6041
173
4215
5414
3882
2857
501
5150
5327
1761
3131
222
5375
4993
6064
5074
3260
5775
3854
4094
5473
5486
1551
6352
1620
5749
1353
377
778
720
4072
6036
3333
193
2441
6071
4920
1645
5728
3399
2876
1159
4471
5807
5842
1520
3923
1060
3096
7
2518
5555
4368
3162
6123
3386
2092
6114
5010
560
4879
6552
5359
4922
6451
6136
4616
2506
6245
2865
5640
4735
2739
2486
2725
1486
5650
4252
3363
1380
2381
5293
2543
377
6187
6172
146
4897
5294
1870
4456
5060
2348
1268
4120
3418
2133
4948
2491
5347
1572
5076
4629
5646
4687
4021
2754
4423
5228
3254
1908
5234
6064
3026
2884
4502
5280
6281
5434
70
2061
6183
2565
935
1989
2421
2438
3732
6583
3040
4892
2002
6347
4430
6346
248
4283
2535
4991
3803
5130
5831
109
2282
5460
603
1044
5672
2259
6139
2457
3480
3981
6059
1939
6548
3994
974
5950
1989
6169
3290
3400
1801
2157
5771
1359
4504
3304
5476
5790
2504
3793
2077
1330
6210
3877
433
1722
1373
5221
860
3605
4821
1023
3469
2056
1963
5999
5786
5733
140
3132
1705
6443
5595
4965
1657
491
4339
1100
2138
5368
5257
698
2372
5983
4931
6358
3641
2927
2720
1372
1528
800
504
6088
4402
3408
5061
6444
3937
2183
5422
6532
1376
3496
2161
2017
5604
831
5031
1954
541
83
6387
2544
6541
5766
6191
249
3193
5884
2641
2707
2010
5317
3015
2844
5463
4842
5301
4047
2617
545
3224
2145
5939
5574
3170
6457
2208
5000
5286
1619
1899
3049
5563
2187
6584
6125
5131
4801
4906
1146
1408
2903
301
67
4395
4363
513
5343
5970
6234
490
2283
3348
3431
3921
2887
153
6085
1342
5288
4371
5547
2527
3191
5468
5625
790
6526
194
3203
1030
2324
5728
3708
4891
6555
575
4666
3541
6264
6045
162
3917
3139
3741
4061
1660
4606
2195
3048
460
5020
618
3790
5619
3218
5063
3591
479
3771
4336
295
5875
5608
6553
2339
6397
24
457
1201
467
4248
2823
5603
5878
4328
3434
5549
3318
6063
6416
1643
3038
283
1989
5345
770
1466
1488
3266
499
2328
2421
2268
2351
710
491
1371
4131
424
5117
4963
79
5002
1550
3095
5405
3911
5017
2341
5464
680
4227
5605
5518
3273
1605
6376
616
239
854
1290
4104
6112
634
618
3631
6495
1556
117
1254
5401
4104
3032
4201
1985
83
5340
2088
3511
643
2784
4739
6302
6436
2646
6352
2401
2816
2515
1231
124
1205
296
3893
903
2437
2063
1984
649
3695
287
4612
2586
1676
5003
1335
5042
1696
5211
4384
5745
5153
4217
1987
530
1906
581
4637
3640
5917
6556
735
5005
481
3042
5087
3389
3713
2319
3470
5010
3948
4662
2907
3236
5677
5795
2
5668
4870
6249
1217
3815
1202
2149
3491
5526
2980
5172
5011
3573
5984
5007
2871
2743
2890
4217
1
1304
2629
6232
105
2764
2420
3775
4574
3196
1309
3276
1430
4636
4292
3617
2589
4939
4646
2350
1314
1849
256
5975
717
2018
5980
362
3472
5676
5901
5649
5327
6248
5853
4693
340
5086
167
5498
2141
3024
309
3441
1266
4428
3915
5544
2193
1288
750
1872
3657
4377
499
5933
5613
1456
4697
464
433
4220
3656
2545
1927
3491
5946
5241
692
4658
5150
4794
5485
912
2592
1865
1684
2241
5494
5470
22
1821
2864
5940
597
1800
1312
323
3002
6321
1942
2068
3900
4853
3125
4505
295
5367
5215
2251
5880
5547
2689
769
5790
5142
2357
4861
2124
1167
3158
3678
2999
3134
1293
6440
1599
5891
1199
3963
759
5991
2159
1577
5635
4176
2147
5669
971
5323
4563
641
843
1615
5802
5434
2336
3948
1181
4028
2857
3789
3595
6376
6358
1794
1543
969
1504
4042
6280
4414
3732
1030
865
2528
6554
1707
3816
3783
282
3638
1980
369
2130
3487
5249
3778
3810
922
6487
439
2830
4942
531
5953
4363
4109
6142
5520
1859
564
2084
3227
54
4747
1983
3132
5341
5250
1455
842
800
1747
686
5658
2144
3279
2917
6254
1203
5524
5270
1310
2126
2283
1320
2266
6273
5266
3585
3055
3328
1881
5521
4819
6127
5964
3003
99
3381
2072
738
3635
1312
2036
5407
4884
2528
2997
4509
1650
2111
5582
5852
4782
5829
1023
2518
225
4470
3917
1542
6442
4060
4185
5791
4837
4037
2374
5148
1067
4662
5407
2157
1701
1650
5167
619
252
3760
992
3979
3669
372
1312
6225
454
1417
1543
4660
1275
5212
5176
4309
437
5790
962
3534
5986
4201
938
5929
5294
742
2518
2877
3573
243
2957
2673
6405
6434
5174
2205
493
4421
2530
1918
3094
6589
719
5829
2790
381
4033
3697
319
3765
209
6374
4519
1670
5780
4251
3275
457
4695
5177
2124
2240
1694
1953
485
3372
1460
5748
3064
768
2142
4536
5798
6004
6599
410
3229
1145
4658
5082
6372
2717
3323
5370
932
1632
23
3919
742
6250
4739
3500
333
2972
2595
6253
4815
5536
2174
846
3420
5504
272
2196
647
3631
5768
5293
3119
5613
5756
5316
3549
168
524
4134
3985
3431
1551
5001
5740
3548
2998
3666
3642
3975
1382
2824
301
3687
4635
1411
1993
1574
2411
3426
3361
4117
3895
5165
2015
3205
4104
6137
2606
4674
6455
5768
5234
280
6008
278
1144
5399
4362
3844
4906
5298
2676
4906
5412
6054
3598
1087
3787
6230
1223
2089
4152
6574
3881
1535
1384
611
1563
1085
388
3905
1212
5475
861
1338
5290
5421
5272
4691
1776
3014
795
1262
4080
4439
4750
2565
2441
6303
4114
4529
1083
1385
1093
840
4303
4340
746
3005
6376
582
4674
4475
4086
6439
2412
1354
4642
4457
715
2664
6121
5757
6285
6547
4748
3520
6094
3259
5149
1850
3124
5155
3554
4490
6052
2964
4130
2325
1922
6349
4713
1876
1955
3963
5101
1082
3467
4682
520
3343
583
5002
1000
3976
134
840
3416
4566
1810
4901
1228
2404
6077
6429
6363
2386
1553
5260
3504
3451
2508
5349
6413
4353
4530
1082
5452
1013
5265
3364
3659
771
859
4890
2603
6172
1187
4591
5390
4077
4564
1908
6199
2757
2110
2234
6498
3600
2984
2757
4299
1084
5993
4057
4746
6128
4326
1476
3452
3776
5631
1999
1379
5563
4763
3008
228
2957
3495
2087
3306
1411
2623
2094
4526
1614
5030
2622
6248
2708
3910
4463
1047
3154
560
5316
2801
5121
5460
2259
3763
235
4336
5230
3685
4069
4835
6202
662
3622
1057
617
6249
2254
5374
3410
2611
5425
4273
391
3871
5776
3478
5701
72
2186
847
4557
6069
583
2640
1244
1378
1774
2681
4877
4457
3962
2953
890
1209
3347
4420
4904
3350
3659
4711
1547
3688
5273
5027
6441
6223
1794
3325
725
1730
6411
2705
873
129
2330
2818
6083
1288
3390
4106
6002
1600
5844
4542
5845
199
4353
2923
4193
2504
2927
2736
1616
1290
4710
3344
1224
44
2788
4386
3513
2694
2851
4607
3165
2188
6253
1683
2327
3745
1477
4293
3162
37
2789
4496
3230
4762
2993
4089
1908
1567
2681
1106
2494
3523
2491
235
1058
3146
3218
6050
6062
644
4035
4115
953
1635
2470
453
1118
261
3649
3942
5515
2099
3494
5287
2862
5475
2175
3385
1735
2281
119
4365
3505
6558
2465
1321
6375
1164
762
968
290
6232
5199
4279
6004
1176
6256
5171
1166
3717
5188
5838
4948
2845
927
5087
3044
722
5512
4792
3296
300
5067
3278
537
3047
6016
6487
2392
4851
5121
2290
2714
5639
5884
3822
3977
2891
3400
5448
4210
2056
2861
2186
4830
4992
2668
2863
2155
1613
5601
1394
1226
2423
6027
3880
6389
5081
4053
3244
2730
3188
3794
4621
3222
506
6523
3109
5265
2001
1654
4092
3550
1801
4174
4399
4561
4256
6422
3576
1050
5552
2802
6182
5576
3383
2610
669
6559
334
3709
6063
3247
2021
6199
5931
3253
1589
171
4649
3107
6429
6532
4045
4381
4684
1642
6283
2698
5001
6000
4493
4398
3624
4255
2109
5124
4385
6194
4986
5990
1059
4450
2619
4038
709
4154
3700
2208
983
3637
1414
4897
651
3697
1880
2647
3369
1085
568
1084
2825
68
4307
5125
4653
4728
6140
483
4452
4480
5462
646
5891
669
4004
3121
5677
440
4764
1859
1198
3913
5367
3195
1251
1466
1783
4862
752
1334
6132
1421
589
1728
4641
3283
6119
2496
4809
2259
5350
3029
422
4564
333
2957
1223
2803
5662
277
1899
335
1372
1161
3846
751
6305
472
978
2009
1801
1338
1452
3489
4567
4913
3880
359
4186
3888
4361
4040
3572
6245
4587
3957
1908
4451
330
2116
3163
1341
4125
5456
5427
3230
3552
6582
5531
1986
4360
4580
2862
4078
6328
5886
804
1909
5494
4797
3978
553
4374
6547
3188
2072
2115
5888
5760
1692
3112
3187
424
1929
6211
6143
4600
3815
935
2168
5126
3820
2769
2707
4617
3702
4806
4334
6198
183
3447
5700
6521
3623
6510
3576
4460
3040
2261
58
260
3465
1908
3899
2617
3307
6184
4120
6391
304
2603
3511
2031
6140
6451
1187
1247
2796
1000
4193
402
5719
3176
976
5326
1582
4803
5665
2422
3334
5667
4280
2595
5779
4836
4638
6306
4009
569
5646
4157
5582
6560
4777
1219
6378
2854
3010
1788
4911
2352
2793
4958
6068
5059
4803
2435
3065
1117
2031
196
5626
3725
4991
6247
4384
5131
2256
1405
3256
5379
6224
3401
1690
1966
2681
4607
1075
5142
4766
5095
3219
4161
2103
2829
1803
1158
2997
6459
1725
4421
598
759
3188
6101
5643
4987
14
2166
3798
291
2703
5042
1790
995
5558
2164
6076
5541
5069
3193
1850
1982
3884
3183
2250
4303
1282
2948
6336
2853
5502
3809
3794
496
1318
6366
3568
3359
6112
3229
4093
5707
1532
62
4833
6577
158
5495
2192
4009
2840
6487
2306
1083
3440
3291
1076
5624
2554
5501
3548
3132
247
1944
5007
1597
4234
4793
3346
3337
6464
4245
2656
4752
5779
3708
4282
4930
614
2505
4643
1238
3037
1537
4091
5358
2738
4048
104
6351
2784
1086
4928
5204
6207
5183
4353
5785
5307
937
4407
3219
1561
251
1524
1183
1179
145
4687
2547
3624
3345
2967
5067
3908
5669
1103
4276
2081
448
6557
5965
2028
4358
1850
5365
5491
1437
4740
5906
6001
4491
1755
4849
1420
1655
6327
5446
4303
6479
6161
4474
6403
1704
4348
3719
1455
3418
844
4442
2829
6000
2615
4646
8
2950
3611
5135
3957
5975
340
4936
601
676
4261
5383
5803
1122
6410
3575
6021
4009
2218
4859
314
1993
3252
1069
3699
5889
487
2320
2430
3718
2619
4785
902
3699
6199
1627
5449
5948
1035
5780
2268
3541
1182
4266
2990
5674
499
6514
6260
6472
968
3837
3742
3783
90
734
3410
5007
4630
1119
5825
2793
1047
1657
252
2424
1504
2882
2392
4658
5119
286
6440
6105
675
440
6150
2863
5758
4700
4709
2517
6070
5702
4185
4199
1365
6139
1341
921
2699
1212
4106
1507
1057
1930
4444
4431
4141
5470
6182
5014
2279
2078
3989
6270
2736
1940
1516
4621
2942
2492
3344
3239
2017
6598
838
1235
2860
6552
3900
6557
474
2054
196
1520
2167
706
5419
5871
202
4830
5980
5102
1130
6315
2645
4624
3460
6123
2895
4458
4528
5911
1778
2773
1962
3152
3001
1668
4284
5990
3922
4073
6078
2045
664
3369
2715
5291
2779
304
138
1631
3571
6154
6448
3058
1399
3997
3676
4909
1347
3042
4326
251
4457
2381
2821
5445
4519
1992
4054
1545
3013
6041
1300
80
2808
642
2394
2838
3008
2221
2187
4171
1222
2392
1307
595
4684
56
6260
1627
4712
4549
3443
956
709
6324
3248
5920
5984
2488
156
5549
5303
1435
3348
1399
3680
595
4535
803
2346
463
2190
323
5744
5724
4004
1463
5579
6384
2566
5802
2293
6063
640
5058
2558
1785
3182
1576
2564
415
4961
4071
5930
4339
3995
3308
1089
4130
3979
40
4575
3578
1921
1967
1633
3076
3894
6352
4957
1130
2757
1918
1841
1192
373
5884
5250
6402
4664
4007
6118
88
6473
2040
5112
4721
297
2770
4459
4229
3235
4532
3749
2172
3312
589
5849
5626
3462
5158
3907
2994
5781
6124
3657
1551
3542
4876
399
20
1120
5655
4524
2418
6340
3360
1540
820
2827
1765
4757
2414
3215
5151
4473
1960
1850
5772
4255
5264
2160
5325
2299
1221
6440
3679
357
907
2924
2768
5113
1007
99
842
2272
2550
1184
6019
558
4433
2336
1584
3559
4860
5851
3271
759
1177
5449
2284
2875
5538
2712
1105
327
4230
2711
94
723
5385
2383
741
5687
1955
6286
2613
5425
159
2283
1435
3738
1953
6492
4787
6163
338
3748
3883
3525
5500
4175
6424
4438
803
2208
3470
5915
6596
4632
5819
2184
4799
468
1440
5261
5943
6131
4506
2731
6196
6044
4282
194
4367
919
2288
1903
6167
6299
1814
2187
6324
176
3629
6534
4635
5178
2304
141
4552
2835
4184
4933
6455
4681
1102
919
2109
2069
3150
3772
1854
3723
1082
1959
4968
2014
4019
3822
3322
4549
1453
3746
4597
5412
6418
113
152
1406
296
475
6026
6069
4113
2043
2684
5675
5140
5681
1138
6512
5010
5571
858
5614
6241
666
6506
1383
3205
1997
3566
2425
4672
1553
1307
4514
4361
4050
1122
4553
6567
5072
3367
3603
2708
1892
4091
6048
2166
5193
1409
3872
5590
933
4200
4097
4832
6307
1417
5936
5546
6342
3203
5576
700
530
2286
2820
4596
296
3462
5015
5895
4838
3312
3852
3946
956
3145
580
630
6055
2724
5959
281
3787
4887
5732
5165
2017
2758
3187
3416
4214
3687
508
1491
1213
937
4805
1764
5318
2749
2230
3200
1609
3341
2499
1111
2190
6076
1394
43
3723
2865
712
2576
2648
4004
287
6414
4795
1743
4733
6428
2070
2689
1327
5218
1521
5881
1421
1443
5297
2675
2873
3992
2963
5815
1171
4573
3676
72
3377
3699
2652
2516
236
2493
780
2133
4889
2923
4039
2250
2286
316
6214
3137
3270
6392
2693
1801
4818
2822
4360
4784
2526
1094
3478
5166
3164
49
1045
4285
4352
2485
4116
2571
5282
3169
4686
3760
1552
2355
2836
5737
6116
980
2786
4349
316
4473
5207
3379
5262
4621
1837
4862
3305
2984
5127
2573
4085
1642
2641
3155
5310
4033
1542
4176
2135
2225
3591
4185
908
2094
2654
1742
1535
1353
484
2989
1217
1933
3883
2265
4627
5036
238
4353
3058
4798
541
471
6575
3274
5459
2920
2781
6288
5717
1110
586
1245
5566
6450
3740
3851
1798
3478
1977
2806
4273
155
5541
481
5533
3753
2538
1269
3716
4019
165
2288
2675
2151
5110
3454
5468
145
5062
4464
3654
124
3525
2061
2398
520
836
887
3952
3221
4964
4278
2177
3792
4119
3769
2543
6255
6290
1514
6288
1626
201
544
6315
2541
3281
5780
3208
2341
3422
3761
5637
4476
190
4601
5992
2885
5777
5304
421
5336
6496
2612
3692
1049
5031
4672
1593
3116
4497
1290
1455
4356
3014
6141
3725
73
2224
5366
2733
4067
2323
1849
228
6147
1945
3458
3484
3016
2910
887
5271
2204
1726
5814
1934
4144
3870
5860
2536
1937
6094
1148
3409
5898
1123
6377
2072
753
6177
5645
4411
1630
1978
5466
2873
2429
2709
3641
2633
626
4238
4575
6113
839
494
3492
5497
3980
943
1959
736
5857
5169
49
1500
5002
5404
5300
191
5209
5486
3353
5682
456
5761
5972
1666
6378
3525
4231
1222
3018
201
2450
5144
998
2947
1192
936
570
963
3605
3893
4158
369
342
649
78
2924
3155
3627
618
5587
915
5566
6575
5221
256
2840
2118
199
5647
1933
388
3036
3359
4649
6250
2238
2734
4327
2039
2570
5534
72
161
4704
5812
3814
485
854
1757
5718
2038
93
2080
3566
3707
3577
2251
3893
1605
3517
5108
5645
1823
942
3236
3813
6537
591
3758
2408
3715
109
1527
587
3743
526
2834
6354
6173
489
4248
6270
3438
6246
6079
1022
3141
1763
2923
4941
429
5661
1529
5814
217
3470
6061
3544
5287
6069
1493
2061
4151
4726
3446
5903
1812
2879
4392
6221
2332
2663
646
1052
5114
5218
5997
1933
2443
3911
6176
1632
3720
2826
1963
1518
4074
3627
612
1610
1501
1276
2082
5993
3533
3453
6429
2265
473
6576
1150
1184
6585
138
2382
2009
2448
497
2585
1317
5514
1922
2676
6386
3427
1135
1092
1674
1024
3185
2590
5374
2901
1159
1372
4355
3459
3251
5208
3610
4359
5841
1890
4167
5745
4908
6288
363
2932
1987
4390
2118
3035
1203
3127
4853
3184
1634
938
3730
460
3781
4822
691
1187
2995
4653
6057
2079
3709
4735
2627
4122
4071
1014
5684
6355
3094
2887
4420
1736
4418
684
919
3597
173
202
4778
2499
4669
1193
4568
1325
3528
5407
1912
6495
2732
1565
1421
4899
2462
4061
6554
6499
5560
267
3576
3582
4239
132
1324
79
2903
6548
1905
4091
1438
1545
6477
3329
1067
4839
6495
741
5167
3967
5083
5927
120
5158
489
1964
3601
1797
2527
6528
1888
4261
1311
3851
23
5443
4458
4147
3725
3808
2586
4113
1856
5637
2392
1089
5281
2771
5171
5879
397
4362
2618
808
4058
2855
4844
3320
1590
6203
2318
3568
2429
3733
5120
2246
4462
1168
2719
2414
5557
1764
3183
4138
6552
5822
1737
2616
234
3679
1985
5961
4558
5203
3134
4344
668
2111
1107
6039
987
5297
909
4967
5592
4934
954
4264
2644
403
1992
728
3996
948
3017
664
1486
514
4673
6296
3767
4422
2085
5079
18
4238
2449
5117
4831
6108
169
4645
2929
230
5765
5460
3947
4924
2744
5935
3669
3081
178
5410
4291
811
1896
6124
5394
2792
5030
1618
1042
4376
6468
2488
3250
580
592
4846
6142
168
4279
3085
5289
2003
4375
2397
1846
3242
2765
6330
6132
2717
1695
5318
3959
654
6541
3240
4188
2917
2604
2121
3671
6446
6206
5985
5886
1216
931
6340
1798
1785
4398
1027
3548
5179
4910
3908
3822
125
633
1117
2460
2956
1947
980
718
356
4806
1046
3440
2430
379
1900
5255
1906
1070
5158
3777
641
6598
2948
3489
34
4231
5295
5743
3523
2240
1818
1255
5062
6169
4304
4664
5090
1232
2191
3018
654
1141
1064
1662
3885
1196
2285
2718
1516
2539
3356
5632
841
1605
2193
4474
4067
3325
4964
2765
709
1169
5036
5097
1261
5141
5666
2642
5209
4981
3259
3723
2437
1937
1975
6164
1439
303
728
7
4821
5220
2754
4991
6001
3900
2174
5983
3863
1850
2648
1371
4251
6086
4860
4092
5233
4876
2975
5073
2259
3281
5612
3584
3777
3005
3855
3927
5111
1297
4991
4153
6561
1428
2213
2609
2580
2564
4253
3906
4246
2088
1131
4516
433
6457
6056
4723
1109
5201
2973
5342
2761
2158
2201
5104
2219
3016
4877
1001
4868
6419
6122
1915
584
6020
3055
5571
6241
3179
2322
3825
1253
3323
3337
682
3975
4033
5005
1573
1769
5106
1612
5367
1325
3299
2159
6094
5348
6595
2302
3790
5883
3114
5980
6450
2393
4080
5866
6148
1753
1190
1700
3011
2015
3992
6036
1329
2471
5199
5557
5963
1078
3301
500
4190
753
546
3568
2200
567
6210
1148
5809
4652
6384
515
2178
3098
1800
3804
5092
2109
6214
3977
667
2185
3387
2917
4747
1928
2767
4040
4549
4982
544
4664
1672
3353
1762
70
2374
4197
2687
2544
1472
5787
3874
4523
3115
3953
3719
2784
3970
5535
1665
2646
4747
3517
1202
6464
4585
4706
1630
1936
1855
309
165
3114
3928
1427
141
3034
1476
53
337
4642
295
6270
1736
1196
5752
2170
549
3605
2064
5232
1528
3917
5207
2712
4768
6570
1842
1227
4803
5790
4026
6381
5975
4323
2121
5431
3452
3804
932
3410
5444
5008
3788
3202
5499
1595
4757
944
5271
1904
5175
5076
3240
75
1493
533
5276
4855
6455
4614
5669
6071
5767
1739
41
6310
5213
6579
3774
2172
3979
76
6511
1234
824
700
5756
5995
1813
4636
5672
6305
945
2803
2565
2575
4029
5269
2967
6249
2443
2374
1077
5850
447
5015
4852
257
6479
2901
2144
1732
361
6412
397
1127
6277
3388
3795
2816
5104
4139
6589
4889
6130
1333
4135
2227
5454
5896
6183
763
5044
6065
2931
2434
5798
4713
3618
2441
221
6062
2941
1693
4876
5725
3958
331
6080
5392
3283
100
4240
2670
4497
5847
2313
2599
611
265
2625
2267
4444
5556
2715
5376
5757
5537
3934
1369
1907
4345
3748
2332
3813
2885
4405
2484
3561
92
1350
8
4004
3050
1047
5512
4718
6244
3842
4790
3160
385
6202
524
890
12
2865
4219
4722
1433
6036
4296
6255
6550
4275
4105
3507
2059
3113
322
4570
1455
1939
909
2302
4090
1482
5336
3189
3389
3259
4234
4867
4448
4187
6130
768
4154
3422
4001
1682
1337
2963
925
5954
2786
2916
3177
1561
3422
5064
3119
4552
2839
4688
6213
321
4730
1137
5657
1890
5622
3546
5851
390
3180
6142
2291
5509
5060
3653
5951
2592
1001
1823
1902
302
2517
2394
4230
3613
6029
103
6564
3120
2722
462
1782
709
5145
5057
5530
6304
6022
2203
1790
6429
3309
6463
1653
3986
3202
6364
4869
957
5429
3601
2109
4759
304
4587
4948
5355
5068
4156
6193
4659
4036
5291
629
5377
5675
3461
6194
1740
5939
3754
1648
733
5977
2596
4940
3087
899
6058
3843
1255
1673
6275
3755
3200
2376
2835
123
3135
1255
5051
3406
5476
3097
1709
2620
6323
16
2333
2322
3970
3670
6068
5618
4981
3757
4898
6381
2603
4426
3027
6591
4848
1956
2581
1734
6442
1713
2428
6247
3818
3120
6144
3058
4511
2987
758
3310
4270
5763
4591
3909
2258
4535
9
5703
2140
5973
3202
2852
4200
5860
5079
556
3893
600
521
877
3933
5531
4242
3618
3376
5554
3986
5319
5752
3805
3823
927
4375
6451
3625
5819
5721
5028
6042
3632
3131
2096
2182
2129
3319
2612
116
4245
5723
404
3429
656
2295
424
3822
5213
1319
5470
5421
4003
5218
3159
3089
2107
1855
4476
3210
2833
2462
3314
3166
434
1575
2569
2370
4807
1849
3219
2271
968
5314
6219
2692
6460
4344
3835
4664
29
3964
2722
2309
5373
4799
4697
886
6453
4073
3369
2199
445
6575
4705
4342
5600
546
381
501
6308
5278
6162
2760
4098
5559
2830
1566
6423
4647
5847
4589
6037
5871
5183
5931
2411
704
2915
3339
3956
2308
5723
1176
847
4785
2357
6122
3283
4222
3022
4052
3407
6062
807
3281
579
4156
1099
5195
2690
1587
3982
5347
6066
4836
1674
1717
4262
5206
5835
2563
5806
3284
2544
5559
1249
1961
104
710
74
859
6036
2123
2202
2020
2529
5077
2687
5577
2369
2013
4197
4243
5154
5430
2575
5388
5753
5389
5883
5229
4004
3277
6414
5758
2047
2140
6309
1375
5968
3748
6152
4445
5311
4718
606
204
2752
123
2055
5578
1823
5897
6118
1657
1445
1557
5039
759
5300
6262
3371
1725
3742
3729
472
5150
2108
5307
4685
6010
4371
3016
4985
644
510
3661
939
5444
2722
4322
6142
947
4385
475
3939
5712
730
5762
5569
3272
5889
2763
5677
4054
239
5100
6036
1685
6127
2092
5804
4516
2400
4691
4129
2871
2341
5526
6409
1365
2930
2166
68
5359
6348
6071
12
2622
1085
6314
5557
5984
167
705
416
3678
4549
811
6495
813
2582
5123
1379
2336
5530
6236
927
425
3291
2145
3870
4458
5227
1143
1093
365
4301
289
4161
1752
664
4382
3815
4563
665
6097
143
6576
1132
3633
6065
5268
114
4679
5016
5043
4621
4011
6339
2537
2335
2665
3001
2433
3216
3023
5797
5916
4249
5668
6052
5834
6466
3500
2101
5942
6245
1336
5103
115
2063
3172
4887
490
2528
1371
4809
2057
3732
777
5150
6114
1088
6547
6557
2686
777
2293
5331
3714
1948
5168
6084
1124
4364
5005
1800
1352
6457
4323
4517
6525
1880
2702
1743
1701
4966
1213
1653
3004
350
1007
3146
6195
5527
2927
640
3859
2119
4581
5977
5380
1118
787
3620
771
5557
5720
1277
1659
1077
5661
4735
2193
1531
6349
6096
585
4747
5409
4108
5986
6325
4755
3272
105
5684
3102
3188
4512
2367
2184
939
2036
2685
4111
4127
202
47
5469
6059
5682
581
6018
1679
4974
5827
5930
416
2722
2016
3509
3312
4242
5590
2154
4866
5915
2935
5591
169
497
5713
2306
2608
5746
2720
306
3929
6077
4129
1312
2963
1329
1786
5026
916
4984
755
1921
3900
3138
4332
618
1458
6253
3850
4664
3814
5923
770
4671
2000
6522
1342
1215
5943
498
4033
392
2640
3422
643
1828
4472
1328
3663
942
5922
6059
3809
4781
5717
1562
6095
3272
6290
2432
2219
3909
3798
3804
3984
249
2819
6381
1409
4345
261
1647
3129
5085
3153
6322
4263
2227
881
2414
2451
1166
3726
2898
4514
4659
2951
4960
2609
3608
1173
4889
4849
2789
3881
5469
3859
6143
4853
2835
5074
977
2535
4054
996
4635
3818
2450
944
4025
1000
229
5509
5257
3931
1818
2953
3875
5300
812
2450
4328
3279
1861
2701
1039
6144
486
2130
2213
1840
903
4532
5757
2644
1692
5482
4248
1561
1910
6117
2245
1081
4069
2040
5317
888
2241
3497
2093
3355
3302
6487
216
402
519
4436
5968
3139
2240
245
6188
5228
3820
2336
5939
6298
6034
2573
5084
4270
4206
1964
3343
1151
359
1335
1351
228
5015
5013
2885
5162
6439
3746
5622
1033
1258
6282
1172
5398
4874
1820
2846
468
5527
2572
5965
3794
1562
1000
1759
5901
832
2213
6379
4419
1233
4710
946
2340
6520
2717
2096
3062
6406
218
1012
6249
1255
1680
795
1176
1262
2047
888
632
4666
5087
870
5042
3229
4245
4915
4841
2117
6517
4457
1546
5741
2076
2966
5141
3160
3744
3416
5640
1275
381
798
231
4817
1183
3827
3331
1424
81
6581
5120
1435
4913
6123
51
3834
279
6080
3542
4109
1020
4292
5556
3933
4647
4257
3596
1357
4809
5348
3299
4048
4848
187
1326
4192
1406
6584
1700
765
2211
4914
4781
3539
6262
5244
5575
2762
637
4944
3106
2603
295
5607
824
2590
4397
3227
2567
4068
3075
3420
2071
4239
2865
5666
873
983
1342
1413
1405
3629
5108
6367
777
685
3707
1773
1809
3932
2510
1832
4995
220
2759
4521
5647
74
5524
755
929
2985
3483
2124
49
2001
4599
3512
938
904
2239
1875
2527
650
5222
1984
6197
5081
6474
3342
4458
2756
2619
761
2112
1790
6208
4641
1570
1268
6007
885
1035
6094
6153
6568
4652
6554
1794
6219
3137
267
1962
2139
6134
5279
2160
1500
4679
4276
4577
147
3176
3485
5091
4645
6093
1771
3942
5788
1572
3955
4432
6070
1379
302
1474
2094
3992
928
4584
5089
2511
1083
3361
779
2317
1181
4484
2064
6436
4093
480
6408
2719
3699
2574
5861
6081
521
2312
3750
6314
6110
17
4626
5128
4329
2150
1966
3823
3394
6221
4714
5887
2749
4528
743
3705
900
707
1035
409
1168
6543
5148
655
3902
3858
2900
2731
3923
3228
1386
1322
4512
4221
6170
6034
2547
752
1787
5282
6254
4847
139
3959
5857
173
2577
1571
5130
6287
4142
6240
2487
1953
3635
461
2702
201
2355
4655
1192
1515
4801
6073
4547
4177
1893
2760
2822
400
4268
4080
1217
3814
6003
2203
3535
3536
482
1402
3175
5250
1516
1588
2144
4007
3504
3747
5836
4893
2297
4674
298
1795
2509
3799
6373
3289
398
3020
4699
6233
6232
863
2545
3073
3636
1968
4158
3261
3779
271
2523
2396
613
5834
958
1754
4311
4443
6050
4634
220
6017
285
2294
2061
4631
5229
3125
1914
4755
3912
6203
681
2757
4640
2248
4405
2548
1838
5651
3459
6376
624
4401
4685
972
2213
900
3996
5022
6040
5550
4166
967
1724
4935
1064
6156
3876
3272
5228
6095
5200
3074
2432
3035
4949
1388
1492
2415
5325
6537
1777
5547
1234
4416
1150
1128
5119
1979
2770
3106
4005
4665
2855
4978
3854
866
4163
4050
4877
4510
975
3296
1419
5371
5503
3625
4344
2968
2573
4058
4598
5414
2619
5329
1788
3009
450
636
2188
6190
5570
4883
1573
3472
6137
720
6079
4471
5021
315
4495
5925
3039
1281
3819
3511
6242
1904
5414
2153
6389
3380
4272
674
5791
2720
5257
4817
2004
295
5182
5342
2536
6377
5550
830
3402
6334
3369
1854
2571
5478
2234
2918
4935
4234
2484
5195
4597
1555
1514
584
4668
5257
3113
1153
4504
2960
227
4714
1772
2939
4850
4247
3206
2544
4
1214
5971
5655
3614
489
1155
2577
3221
2380
1824
6205
3565
73
3643
4744
2812
4796
2887
366
4718
5343
3411
6316
450
2328
4868
1943
6179
4492
1913
419
3228
3250
2687
4601
174
5428
6598
5
4011
384
1317
1567
3670
1794
3201
3441
6013
492
3884
2360
4634
4329
1030
1861
3867
3223
5946
191
4963
1959
2257
1460
4188
617
2345
420
4050
6549
4530
6564
1787
4039
2454
5768
2116
309
6128
5198
1938
1768
585
195
4586
1659
3266
2175
99
2312
339
5974
6428
3721
2821
1655
2050
5864
4190
577
1992
471
6355
6366
5636
101
2033
834
3254
6334
6455
5297
3397
1292
3571
5374
947
5741
3760
5387
4552
5310
4935
5536
4609
1271
4715
143
2722
607
3819
6533
6194
1589
6564
786
4927
1621
2223
2921
1001
3213
5691
744
1801
6197
2867
1010
1198
2014
437
3552
3524
2754
767
3103
723