255
224
192
450
608
298
717
85
315
924
598
167
4
245
243
395
570
157
867
180
819
170
308
269
357
793
996
11
536
773
922
709
773
281
195
15
169
459
841
720
865
276
214
833
741
684
748
831
587
812
410
66
313
568
105
539
584
731
929
938
747
139
559
867
469
103
880
8
504
104
754
180
684
153
594
753
688
204
189
738
980
714
821
810
180
781
290
951
183
971
108
88
363
888
936
958
146
462
283
478
540
864
880
591
571
440
299
914
378
573
812
405
477
787
335
245
277
279
922
582
417
470
770
286
429
409
807
778
918
751
23
63
356
598
594
162
430
370
49
628
681
689
889
640
570
257
228
951
989
191
595
218
941
603
441
463
430
387
623
249
661
273
297
333
218
665
457
754
387
846
393
748
924
931
426
837
689
594
855
272
954
144
825
278
298
39
198
853
568
743
829
42
355
557
94
610
957
570
197
313
97
587
872
951
212
692
912
531
90
128
497
663
602
923
913
616
379
564
15
377
719
950
750
557
530
411
620
579
759
963
84
787
146
305
381
100
452
990
489
443
449
400
274
57
927
65
559
712
639
919
126
982
851
357
268
768
524
933
206
383
211
595
801
68
897
316
44
733
528
407
300
971
549
173
505
258
306
913
937
642
642
849
647
469
774
873
662
777
787
87
951
419
31
278
341
408
928
582
566
163
335
185
533
339
479
219
481
245
38
295
73
149
702
616
420
639
695
956
870
731
502
308
843
612
584
475
41
74
635
982
514
851
185
712
641
237
479
666
622
116
189
972
208
570
757
27
592
128
810
412
732
731
279
928
583
855
461
552
977
584
351
110
187
72
101
545
559
720
293
659
364
600
736
678
815
305
868
206
952
27
104
569
989
745
96
652
347
479
501
177
968
835
386
571
885
996
287
932
56
997
171
360
130
411
467
369
479
361
504
669
646
793
193
178
994
788
603
269
506
714
405
598
788
48
252
315
762
149
826
471
382
811
733
311
435
36
862
275
526
374
985
49
233
38
129
16
30
496
715
614
256
632
817
995
508
218
839
794
15
803
638
910
252
839
396
20
359
975
387
719
940
114
20
43
721
133
904
237
467
68
13
375
602
39
52
701
884
732
451
919
311
247
849
635
648
2
93
831
606
466
94
782
628
384
196
280
635
488
852
364
541
494
585
824
940
295
809
157
435
543
347
172
739
992
198
44
576
296
205
69
516
35
182
526
857
278
480
591
768
445
918
521
963
201
648
345
672
874
201
532
692
727
395
684
198
961
653
544
68
362
266
925
240
240
158
198
860
267
69
66
544
616
46
69
874
145
863
604
314
301
702
7
297
901
425
4
997
232
200
139
2
865
7
348
399
473
195
4
868
276
908
684
574
215
780
375
940
919
950
163
621
615
340
510
992
175
613
293
149
615
727
349
420
902
892
279
191
420
765
53
297
826
46
649
215
73
368
425
367
545
341
334
359
24
389
120
346
671
771
642
603
927
521
729
954
800
775
893
706
436
673
200
722
939
412
836
444
875
249
754
122
762
105
832
903
283
904
754
641
475
208
80
331
946
477
771
166
935
310
77
855
285
265
748
899
257
971
503
616
576
994
501
952
693
939
568
414
31
749
450
503
715
812
912
201
750
75
62
680
795
611
163
631
182
185
676
654
144
871
249
729
807
43
105
564
937
265
273
726
260
212
6
988
602
320
212
584
184
858
487
781
746
205
472
428
157
740
960
842
176
949
284
804
765
682
561
383
609
230
996
178
855
179
196
205
229
952
310
25
12
393
63
405
54
486
213
600
175
25
608
823
347
606
900
78
550
918
507
927
891
576
898
107
278
51
624
319
127
573
431
214
741
333
396
547
325
597
521
345
992
804
234
323
730
693
977
810
824
292
512
494
819
983
104
408
769
107
535
263
187
817
491
302
614
809
582
604
247
347
427
170
391
374
618
325
786
328
374
739
270
608
701
301
636
690
191
536
102
550
644
185
958
419
209
621
500
119
840
661
754
533
253
526
337
408
927
658
29
707
981
228
802
812
154
653
621
479
472
104
74
77
732
30
189
806
969
651
394
212
603
796
441
971
299
977
294
619
613
568
524
465
589
442
175
976
762
523
229
577
528
904
862
66
496
73
314
494
719
44
306
281
843
673
287
701
572
978
239
855
291
269
49
301
742
80
448
188
192
211
973
517
467
878
190
212
540
735
926
925
666
761
584
657
699
183
439
638
909
204
925
363
570
662
752
345
942
639
126
414
149
544
919
125
597
242
181
582
808
624
201