14572
981
10603
2851
8465
9346
12332
6767
6822
5478
2934
555
3558
11550
1360
4709
6714
15183
6797
11134
10669
265
6040
8218
8298
2949
1373
4980
1966
11110
8800
6985
11100
7067
6278
2571
14963
6354
2056
9692
3529
4000
5279
13050
544
4638
1949
8768
2382
8669
15142
14051
9040
7261
7709
8424
13974
12136
186
10898
12742
3528
5888
7044
13236
10033
1672
774
7175
11367
14673
3765
2406
10325
2172
8026
4507
7667
5870
1892
11597
10781
9397
14868
13143
2211
2829
6840
797
12177
5355
1750
14934
7047
1700
4989
15405
3824
8347
15087
10987
5865
8619
1354
10980
15525
4570
5099
6876
7332
7730
11989
4539
14160
12411
9706
703
2572
15413
15372
3945
10631
8304
11949
14619
11649
9582
2866
12225
345
1635
1491
9321
2694
9476
6808
5499
4997
2875
6801
6274
2583
2121
3789
2067
5804
14149
5125
436
14982
8747
13088
2181
6077
12487
14435
924
2756
11438
10100
3007
7571
11975
391
5297
14157
5788
754
5341
6366
15529
3079
12924
1147
14857
11273
885
5961
14742
3379
10196
4901
1325
6323
6570
46
7690
2094
3592
10936
10726
15545
5227
1770
7133
14942
6897
10250
13067
1187
79
15036
8007
325
12282
10030
15407
5940
986
3938
7678
10646
11615
7383
14571
14556
4197
3974
7198
8098
3355
13710
3446
12265
2348
15385
15315
13672
14167
9029
7043
4210
12902
10114
12511
2113
2528
1885
8603
3123
14156
3560
5718
12934
906
11727
7942
11711
12605
14109
15070
8599
11369
5402
7836
6623
15268
8182
12093
5622
3394
8139
12900
2527
10605
6203
13789
10710
6303
9499
13943
13292
9908
12675
10108
15069
9494
11198
17
7951
2071
15131
10509
3993
1954
15085
13638
12788
14422
10101
15074
3455
3669
9047
13071
392
12403
10671
14114
12531
5739
9211
6968
6303
7628
1782
10479
13284
2250
11851
7444
14831
11628
4246
11415
11537
15162
10989
1791
7388
11466
4759
5471
14114
2627
15035
9313
4336
11226
14596
12646
13117
5531
12814
1096
3351
11963
11903
9058
6890
9946
5181
4912
787
1252
7203
15387
12389
10261
10966
11603
1928
13994
12716
3103
10072
4207
14652
7033
5125
5938
3593
6313
9905
5275
13257
7307
3764
3813
13178
4555
3156
6932
1220
7785
8013
13763
9733
5685
1470
3476
367
540
11694
10169
998
9144
1982
88
6592
12457
13584
14032
1475
7611
797
13577
7529
2461
3555
9124
14898
9641
10715
9245
4031
8015
10056
8356
1813
3418
6927
11441
833
436
3091
9324
4403
12706
226
15044
14767
9680
10197
8530
10233
2897
1524
8070
8377
3867
1368
1079
14319
12015
8935
11728
1669
13415
3751
13026
11661
8525
6855
4658
4804
12919
5588
15139
6943
7153
8580
11552
14553
11383
1754
7209
10309
3912
3108
14144
11888
6739
3675
11974
1719
3388
6736
7129
15172
9464
14898
6099
3220
5809
5420
531
3594
12575
15591
692
5498
14467
10259
11482
3338
13466
4009
6365
3070
14521
6871
7652
392
8873
5249
5649
3005
10144
7394
6015
1886
13799
9812
5829
14636
6600
3744
10263
15491
1216
3764
11818
4139
5979
4366
7197
6923
11758
12442
12867
6355
5457
5974
6124
8118
2131
2960
11606
7916
14014
4100
5996
6921
10202
11572
6279
8763
9105
2904
6855
2988
4735
5798
12710
8406
8887
3582
14492
1911
10269
6040
7001
3827
10392
9061
2063
8515
7520
2113
5955
13174
12011
10898
9142
5541
1402
2095
2930
7820
4696
13885
5931
5702
2234
369
2154
6946
3051
12093
14268
11793
933
7047
4771
5448
13
9046
10846
3362
1236
4015
14350
10873
3051
11921
15051
9
7307
13524
192
10436
12776
1669
14348
13196
153
14960
14237
5546
10472
10872
1057
7405
7541
12887
13277
14339
7896
3151
15365
5618
14336
4311
5699
1020
15138
11897
14636
5808
4719
4618
11315
341
8707
2468
1549
2261
8858
2069
8392
14353
13969
12977
6240
9879
3104
3062
702
5694
6696
7942
11790
13446
5762
8178
9877
11450
8891
9319
4245
15298
13942
6284
1748
14314
280
13473
2115
6654
1977
6404
11527
10917
10220
13699
7483
11273
8280
9460
9129
4130
596
5841
1136
240
4194
662
1639
13331
11
12726
14156
2661
3699
9295
6806
5230
12061
3781
4092
8087
9743
3111
3111
7328
5233
12588
12420
5705
2978
1849
4435
12802
5467
14668
12227
9906
11283
8053
738
3833
4345
850
3404
10076
9694
3361
4804
10805
9521
6971
1790
7776
13740
7346
12621
5485
12152
8027
9090
15517
9281
2939
2281
15189
8175
4468
4571
219
13069
8326
12721
14108
1453
4057
11101
12158
8014
12773
3460
5638
7598
7697
15564
15438
8936
2906
6911
1889
2242
7129
13797
10482
14824
6103
13417
11002
11357
5081
6378
13651
12593
11683
1342
4588
15108
970
9837
12604
5965
5068
548
12005
4379
13746
6707
10837
10209
11853
3875
561
14168
13091
1822
8777
12568
6702
10905
10331
4470
471
12914
1935
4105
4912
6999
11860
1680
13463
11784
10235
13724
13515
517
5562
893
10838
3388
13672
14905
14604
3096
11330
15379
12406
13704
9189
7582
5482
11257
4432
9752
9176
4026
571
8264
8828
12061
7547
6984
15520
6371
5132
4423
6900
13959
13221
707
9661
15085
7876
2847
8868
578
9164
1349
686
3654
12185
1026
5652
9047
5853
3520
8250
4533
3988
6446
14784
67
7908
15545
9386
12400
12088
4578
12082
8287
8088
1021
10231
12955
3194
9732
13796
11552
7238
5391
11597
3549
3675
1531
13014
2908
7516
8550
14434
2034
5856
4710
12455
14917
9715
10822
3337
12145
3286
6404
8593
4114
4043
402
9189
6866
14875
9261
5304
12488
14876
6033
12395
105
10039
6676
4327
3094
2933
6391
4836
917
12183
3031
4751
5664
13952
7074
5320
3245
3634
11515
11086
10394
4412
8635
7308
11317
8697
4384
7937
7595
6641
9177
819
7236
9473
14991
12492
341
13259
2726
2770
13399
6975
4560
7872
11408
981
14016
12450
11531
9920
14119
7123
13380
15019
8768
72
3281
5707
14251
5293
4335
2486
4902
515
1145
7753
4491
5445
13335
12545
13425
12326
9269
10858
10490
1058
2362
7754
13835
3668
2571
8789
13318
15421
11043
5532
9912
31
9075
10408
9283
8265
4962
3296
5286
1755
8283
10107
5562
11362
3984
7585
3680
15383
6180
2403
1010
13630
12646
9360
11196
12659
12441
10418
13125
3227
15245
3721
11060
11125
678
1253
4408
10195
7995
15067
6652
14356
4183
9687
7596
7127
997
6326
14304
9619
13753
5025
3957
10183
3138
5187
10934
1485
4238
7260
7902
73
12745
2996
12751
9735
14393
12895
4219
15364
3022
7765
12836
3604
11389
7389
4705
15272
12979
9666
14193
8121
12308
15303
10897
11892
13743
5806
7255
11735
10653
1095
3776
6473
7085
12065
12919
5705
9012
11142
536
8130
5810
14617
14313
3893
6835
383
7303
2910
12373
7732
13748
988
13644
6884
15332
6279
11944
10290
3664
13803
8686
3915
5816
12614
9759
9975
185
13190
15205
5346
9740
8672
14991
3443
12788
751
12764
1047
6347
6251
14796
8060
9034
4076
8120
1832
14244
3758
10497
11224
1702
12275
13114
12262
5983
6651
11376
6933
139
9772
6663
14025
6284
14896
4822
11729
13445
7469
7302
670
3731
3622
4975
14679
12507
5711
12018
11591
703
6049
5828
8611
11305
3480
590
11025
4783
14021
6507
12717
12197
1005
10276
13795
9914
13938
3636
3054
2921
6284
6129
7177
2870
548
9876
13362
9419
3597
8055
14339
6935
5779
4288
11845
6621
4755
12243
8943
3712
4804
7509
4313
8524
966
8571
2050
8696
6454
14554
8199
2904
11472
15531
3017
8333
1558
9769
5629
2922
13236
10980
6161
10848
417
3171
13726
7756
15123
10495
4873
7769
6884
3982
1795
14987
14452
14024
1233
8249
4571
3317
4103
15227
2452
14816
8332
5435
3388
6187
15380
10945
8886
1566
5038
10046
10890
302
965
5377
14133
494
1897
7878
1724
14245
10653
10234
5600
5507
3961
11880
8746
7974
5104
4594
8838
6090
3339
14035
8370
7506
3387
11736
3247
13535
14394
999
13025
17
6833
4306
15569
9548
9427
12344
6607
11183
5506
2267
15289
15338
442
3172
1790
1354
7251
3388
2248
6100
14014
4106
13600
6298
14343
4007
15110
7270
12540
7250
154
4581
4836
15045
12589
10864
1975
6610
8119
10963
3169
2472
12927
9367
3076
4236
8722
10472
13066
3689
7695
3243
4906
10805
1443
14638
8511
4238
1694
8550
10580
14612
12312
5571
10819
12327
15245
11917
11163
6023
14477
6684
2867
4249
3569
11376
7379
96
2933
2854
2598
13602
4543
3852
13341
7004
9513
15378
3428
2846
9522
3030
10063
9190
12071
5056
794
12885
3709
11691
10014
12645
5399
13776
14712
13677
2226
8882
6404
5848
1326
2308
8613
15052
13913
8537
11495
14841
8012
712
733
410
9005
14429
10513
8054
6859
11655
14680
9611
2496
11723
8735
6523
10261
9436
4948
14221
1408
1849
13878
8750
9632
14318
15362
15277
1720
1721
9678
13864
9905
10441
11550
12289
5781
1729
5698
9170
9542
12488
14451
4466
5814
11701
5972
6795
7097
8116
9520
11178
15064
9746
1433
15132
14519
13021
803
9494
12380
7135
13855
6946
11654
353
12916
12375
240
9496
6459
5087
2595
14201
14475
4367
643
14813
6985
10031
12574
12191
5221
9616
12192
14362
5443
11182
30
12842
8436
7501
7003
4491
12644
9781
4281
10023
15506
7298
6626
2162
1574
14056
7465
11497
1394
15372
302
2764
7353
14405
11103
3591
13883
6842
1064
10287
7652
4766
10984
13393
13010
13794
13312
8996
13529
6631
12857
9210
2127
1781
823
11989
1201
9930
3678
2351
14139
4645
5520
8158
2832
8294
14649
80
3514
3557
12931
1870
7891
13265
7036
15053
5856
5531
4247
5308
14379
5855
1050
9140
12312
6444
14165
4873
375
1131
1051
5078
2943
9233
11883
13149
447
4002
7591
9829
8361
535
824
6519
6730
8900
4261
2535
3680
13240
6043
8309
11120
9913
9047
3826
15376
2823
11514
1809
1423
14776
10235
719
1218
3152
5203
268
10186
5995
5549
10304
6941
5594
11957
2512
10202
3737
14859
3638
10088
14960
5653
7568
9214
8373
15230
6002
5175
6315
5608
4791
9865
3683
15218
7141
12147
5538
9918
6160
14910
2948
13229
7583
4956
15012
2042
6983
2518
6518
8986
12978
1813
12791
3794
14044
2171
8719
14924
393
5165
12274
6791
14338
8701
1243
1640
14623
2885
2988
10541
6258
15294
3486
1233
15163
3880
14208
12926
8255
3495
2312
9859
14853
1558
2146
10888
673
8636
11965
7731
10666
14102
10137
8140
5792
336
175
3915
4149
796
11730
7979
10193
11258
11654
8451
1274
971
14282
8641
6150
13664
5186
4003
11105
6813
1698
3991
8187
351
9734
12632
1415
4163
6146
10546
7108
4933
12763
8730
4854
12362
1274
10398
9954
2662
12300
4995
12049
3970
4733
9802
7727
8537
4195
11062
13053
11911
2088
14488
5921
6740
12568
4453
4288
1179
9332
2287
4415
3164
2049
4620
5898
808
8980
10218
421
6409
4695
2600
9161
8679
2098
13759
8301
15349
4807
9992
4069
4855
978
9842
6696
2264
6003
8863
3640
4749
11431
5871
3010
5058
1665
8132
1171
8192
3080
5708
11685
9148
5909
3632
11269
2970
9320
5361
8705
2396
5653
14869
14592
10496
3804
13602
15015
392
13217
14107
4170
8441
11975
6744
11342
3760
13592
155
13314
8769
482
14212
13900
219
5923
8300
3546
14159
11412
5050
13180
4873
14210
11237
3420
8032
12928
1692
15147
2044
12187
8659
6665
9125
12655
5988
3844
13031
14234
10870
799
14445
1183
9946
15327
9732
8195
516
1428
13469
3858
9271
9742
4668
11929
12916
10173
9729
8644
7936
10703
14894
15051
7172
2210
4437
3933
3445
7396
3343
2681
5117
8603
3908
8687
13451
13574
10253
13888
10533
3840
14333
3600
14550
8193
6197
15103
6673
10780
14260
2492
7895
6936
11491
14071
6274
10493
13654
2229
9087
3185
11709
6526
8550
7250
13665
11850
2895
14998
8609
6817
6564
2106
1701
15047
6435
7830
8095
3959
198
4804
4235
7610
4226
6153
7184
2346
3377
2713
12770
4091
4537
5003
4574
3265
7250
4817
10918
5734
4598
6656
6672
921
7360
11829
3463
9189
4071
6308
2047
6138
2439
13753
6116
12446
14887
12226
3682
9660
2289
11150
15254
10881
12330
12762
1066
173
1439
5619
12696
7727
8259
6882
14584
2785
11003
7028
8290
7085
8490
11566
1608
7877
3313
8995
15396
4216
4864
383
4738
3059
14736
2697
11708
10290
7010
375
4530
13646
13479
6493
6438
2353
3927
11514
13205
7293
7349
10986
253
12676
9071
1790
14969
4499
11102
9903
6819
2619
15393
6892
7307
5618
13670
10833
9905
13076
7574
3699
2720
12723
3784
11234
7385
13095
7543
8871
2474
1712
12158
11466
7001
3329
9052
10485
2771
10490
6579
1898
8923
341
10916
12255
5913
8371
12893
432
4415
12606
4594
1701
7339
12516
13293
8232
6227
15253
3539
5257
3647
8320
5381
3775
13393
14362
11375
5461
7940
15507
6075
13515
3221
13694
14412
11867
11773
3912
5582
7407
3251
2125
10505
5562
13800
1915
8171
4826
7359
747
6019
1239
2502
1789
15190
6393
8806
14264
739
5727
7563
13097
6808
7805
15205
14233
749
6172
11071
5439
6772
2905
10457
10493
2602
14728
15434
4941
874
3958
1200
13568
1524
6745
6726
14261
12369
13763
252
2306
10729
7849
809
12533
46
9056
3855
9482
12570
11493
1065
14926
12254
1637
12539
5550
875
11070
6459
14833
7588
294
9858
2780
2035
1615
1226
12580
9034
3384
3089
160
7659
8329
14563
14593
2318
3834
4090
3417
6298
7494
6065
12147
5517
6773
15501
7214
2217
8699
14444
12089
7570
12423
10748
5779
5146
9109
1363
7129
14862
12851
5344
8194
509
938
13015
13989
9547
10113
9994
10980
5047
4358
11321
11002
6014
7780
15448
7700
1436
8061
6759
9359
10389
8860
13008
2926
11169
7526
11021
15077
487
6969
13431
11734
3170
15576
13958
59
2199
8557
4967
14873
2224
8881
1422
7462
2931
1880
14147
1517
4453
13367
3616
3485
1154
12624
9243
14704
6725
13842
14329
13362
13379
12513
8404
14119
2089
11655
14938
5159
6108
3713
11377
11100
11604
13581
12392
4801
9303
13012
3839
13483
5128
1031
324
13197
4227
12420
3690
10939
12691
8058
9704
10515
1606
159
12233
10279
12099
6151
14650
10283
4142
163
1879
2096
13418
14594
10727
8659
6800
4709
4530
13726
13480
14974
4289
14702
15210
7769
11817
8647
9626
5759
257
969
10393
1515
11676
8344
14195
8408
6812
4938
1801
14649
1893
2211
4556
14539
5581
9470
10777
6929
2071
7620
1769
14162
12063
12119
3794
11706
13649
3392
15021
6537
6573
9335
5094
8491
2105
863
1456
6825
13479
14298
2252
9127
8282
10038
8579
2197
10509
3530
14329
555
7738
4643
14781
8102
8207
7949
4943
4972
377
12289
14258
11638
4481
6238
14124
6352
10565
5760
5843
10873
2856
1636
695
6397
11053
14551
11208
2510
11482
14542
14364
14043
9858
10200
14612
1023
3869
5297
11388
10368
3795
6607
5460
1203
10061
13953
6179
11936
7430
2896
12776
1899
11735
4489
15275
12951
14438
2510
7081
1490
701
8427
10834
9008
12680
4393
13449
9531
1778
7958
10841
746
14225
12672
6247
7079
8775
4612
14154
10860
1550
1926
13668
12227
3065
898
9042
3515
2308
6277
13050
13940
1224
3263
15148
372
2469
4858
3617
2795
6135
9775
14519
4456
157
3553
13168
6755
1149
11869
4604
1413
9579
9426
15583
14038
9820
6341
163
5541
12810
8786
1382
12567
7526
14932
576
14241
14853
3153
10052
7031
6928
6973
12344
15063
3931
9512
10729
2310
11323
15073
10443
14037
7610
7283
1621
6178
11886
863
10782
14157
7311
381
11550
10607
13474
7961
4949
7734
12143
8020
4918
10249
6371
6198
5627
11050
4258
10702
5126
13052
8919
12578
11399
12209
4417
1615
5369
9770
3513
641
6420
6204
12441
10769
973
6761
9099
4072
13611
9361
1122
14620
11607
11466
10751
15255
6941
15160
1605
15005
23
15317
7379
12464
15455
10305
13283
3405
504
7824
6818
1410
15102
4122
9495
3945
12910
9849
8129
1135
7883
4416
9374
9610
7207
13954
12195
4886
8709
13652
10002
10113
13205
9491
5227
281
15195
6732
9736
1374
4957
59
14255
15528
10440
2794
3720
3480
3785
7357
11995
366
8775
1145
5849
12229
8231
6448
905
4361
4029
12359
9995
8433
3908
1163
13457
11618
3844
10311
12062
4810
12746
3342
13233
2471
12997
12660
15126
6609
9024
667
11726
9493
13020
15591
6633
3984
3995
8745
12718
13458
3290
12981
12829
4635
3292
4420
7625
12263
11074
4474
12965
1695
1697
12746
5072
3218
15311
11467
4089
4291
6394
8873
14459
11746
4276
6870
10983
14209
9201
1895
7669
6768
493
2936
5410
8464
773
7700
3359
13173
9003
5991
5803
6777
2467
6684
11335
5415
3778
2819
15079
1753
7280
9986
8010
5658
7398
13831
4184
11427
1333
4027
12643
15534
13239
4631
11082
8117
10129
645
10986
14126
2542
3614
15260
6671
6519
11320
9254
1642
916
1986
1250
3463
3560
14389
4093
5501
8946
8918
1580
13614
6861
4811
14025
6422
5499
12716
10797
3477
9203
7755
6781
10183
1690
10886
6314
15048
1286
13918
352
4196
8821
9818
8165
6998
8901
4938
6968
8154
6646
14
5283
7328
9459
10010
10258
6169
1436
1725
14540
9204
4297
13043
2747
2243
1862
7852
4379
14030
841
10506
11111
6208
11178
5118
8200
2582
6351
1717
943
1930
13062
13361
4848
4621
10084
10881
307
12614
2251
5355
8108
6749
8681
2833
5808
9071
9972
10938
3357
2123
15027
12343
8253
14456
6921
11963
7636
10940
12844
3392
8558
6871
725
6428
5823
13415
9471
14912
2107
11423
13392
1139
7597
5010
1696
4522
6883
13029
2834
662
10442
13225
14897
1625
3915
10411
147
5435
7602
10815
12517
1963
12735
3783
1136
1080
6132
9688
6287
9787
1358
6043
6240
2771
4833
13434
10553
3480
8596
10932
8771
1934
5878
10839
1112
13191
14750
2589
9367
11174
4383
12244
15424
6166
5276
1806
2618
2471
1173
15227
4620
4565
9847
13758
13796
9479
13898
13158
5436
2056
5103
12944
6280
12004
2770
9423
14383
1674
15233
7936
1171
5513
2023
422
10127
3902
9757
6898
12453
14056
15118
2305
12384
10934
13939
8335
6251
14808
8300
3896
4
12415
2209
4759
3035
5286
15230
13830
8110
8424
8641
11351
4222
2742
8582
2194
7753
6691
2087
4497
2023
1172
5926
8645
8960
14778
1276
2395
2506
1965
4886
12814
1463
6772
13773
1591
1388
4967
11321
14447
4362
13958
5345
6241
15400
10777
4309
10224
3171
634
315
5640
15130
850
4165
12222
2024
7277
9654
1379
8881
13720
7619
2950
4060
7132
6773
3685
14050
5297
94
10611
13582
12527
1979
10112
9475
132
11489
1349
5010
4913
15238
5865
15348
8317
9961
5596
9682
3433
419
14142
11960
12692
4055
3734
2280
7443
6219
13232
1286
10498
11095
649
15460
13242
1740
12188
8628
11599
5683
4975
9844
10461
3816
6602
2799
7328
7489
6636
9007
6555
15495
6940
6038
7384
12741
1365
5607
1571
3321
14905
2447
10167
10981
11753
1206
6323
6187
7221
4764
4557
11423
4762
2273
8205
8484
14820
1640
7936
1796
4820
14643
5979
14250
6185
1413
13190
8414
188
447
7134
3712
9948
5291
202
3789
1446
14091
10609
3254
5599
14686
6581
10395
9147
13386
722
1156
184
7559
761
8997
5973
12948
3730
13605
1676
105
14292
3206
10072
5650
3259
15580
3993
2180
12297
12298
6911
10455
3660
12392
7643
7646
8453
11749
7393
2459
3666
4822
6867
422
1290
7693
12182
4824
1624
14526
12837
1144
2041
9260
8786
6077
437
15131
7005
5221
9072
12803
4294
11062
15475
2978
6334
12957
3602
10752
13265
7072
9174
9212
4250
4508
10934
8225
1753
9584
6961
1377
7104
3581
3657
9588
3396
9397
3757
6808
5563
8653
465
13273
4251
6993
2588
8993
14327
13159
9670
6050
15591
7716
10897
10435
15311
931
7249
14336
10946
440
8345
7152
2833
15302
2569
14074
13223
10721
2352
10300
7353
5953
7028
1638
11670
5208
4494
7485
1636
14983
3462
9753
924
12098
20
5719
11117
14152
590
8417
12523
10310
3213
6082
5557
4583
5428
12011
3729
6972
2852
3369
13916
3882
15390
5136
4944
10378
2711
6721
6108
15125
4194
5852
9388
12137
11465
2701
9877
12352
3856
3031
1154
4235
9742
7788
4006
7417
4147
10257
11574
9339
11060
3970
4378
12475
10983
7549
12183
5420
8826
8785
14264
10875
1193
5494
13017
12962
6516
11033
11476
4934
11229
12845
15527
7548
14026
7850
1837
3474
6491
6083
1957
8997
4386
9523
4563
2221
14804
15353
11815
9302
1354
14108
4976
8363
4167
13187
1548
4116
6008
4156
490
12808
72
6944
6500
9583
8175
12550
9805
14472
1042
6194
15384
5845
3474
3912
12431
7135
11727
1064
6076
3653
11188
10029
2715
8659
13004
6774
12761
10190
12781
15434
12614
6781
3137
7425
2818
15282
4415
14925
14725
11966
11895
12576
7057
4450
11044
5769
12933
11980
10821
6927
12086
4140
6761
8782
4987
1513
9457
8909
10059
3358
1599
622
4170
13275
4674
2938
1042
12290
8849
12460
2500
15115
6768
12421
13014
7022
1545
3039
4608
353
7552
7714
4303
12225
15010
5219
14387
14979
10404
2518
10463
2886
10069
10079
1917
14026
3386
14782
2754
1605
5915
7730
7185
12928
4541
11283
14547
5988
3912
12197
12980
2157
9318
15581
10014
2122
1076
10413
13721
2845
4134
12545
2771
9576
452
15467
1112
3995
4875
4169
11548
4389
14650
7905
6880
15146
4535
1781
10851
9216
5193
2608
11983
12239
4023
4081
7387
8829
1647
6715
13796
8793
2499
2950
6215
11013
8666
3156
7340
10407
10690
4889
1168
9614
3861
14636
1323
432
12597
9904
2556
2239
4284
7540
3497
448
3071
4714
14205
6264
5522
5006
9098
8305
1356
11442
9182
13064
6327
7353
814
14213
13708
10013
12736
12775
13619
5488
13434
7002
12830
13084
3691
1690
1002
8668
10700
12951
15117
8734
13231
6453
5428
4196
6779
5889
1733
11770
10943
9305
2106
3045
3301
1216
5580
11167
4261
14460
7909
7491
11390
2029
9654
5413
4307
8611
6320
4387
11238
5272
14005
10293
6051
10442
11411
8344
12646
3035
11652
5904
3470
4165
7166
2586
3771
1287
4307
5818
4283
15200
4331
1947
15387
1797
10730
13701
11272
3486
12603
13444
10912
7435
11276
12072
13847
10097
9157
5533
5709
1303
12123
2795
5033
8065
12226
1590
10708
6732
9306
5338
10720
11891
13284
8237
13308
12730
9409
14425
3966
3370
11125
594
10744
14514
12832
12665
13439
6023
6779
4877
4520
15572
12353
972
12882
13932
15362
7344
5961
11265
7776
497
13031
13485
3304
52
2950
8738
13212
5081
846
13670
11771
7083
10547
12781
7546
9600
11253
4867
3720
13156
1475
8810
2450
14374
8477
6776
15502
8642
14189
3465
10064
7192
4292
7566
14151
1438
8370
7033
12351
10373
15535
4136
6031
14837
5587
3876
6532
13519
601
14819
9716
8170
6459
2516
1663
3242
5477
6800
1281
8716
1438
12961
5257
5885
11526
7884
5349
14454
7488
5625
5539
3242
2940
15357
7715
65
906
13584
2078
285
69
8024
13298
9017
4157
2144
15288
5357
5948
10499
5935
3632
8215
15200
6310
1789
6232
12615
12708
13299
2177
8148
3039
14597
8217
8235
9096
550
5352
4937
13622
14402
5551
4830
8486
9458
14212
13930
10593
10842
15579
7151
11940
3431
3519
5882
4880
55
13445
1071
13723
7180
13307
2901
4685
9256
4358
3558
6763
8846
1637
1876
14181
13613
12622
11081
5843
13031
12492
7992
3154
11843
4302
15255
3930
763
10444
15089
13920
6362
8547
14451
773
8506
79
830
13171
4814
8674
13024
11914
4750
14746
11068
1850
14375
9071
14107
15459
8036
1545
889
14012
2167
8930
271
2317
14876
11364
4749
4293
2415
508
6805
1032
9931
12488
3601
492
10949
7629
8544
13131
4482
10965
6940
13990
9412
8435
6020
7092
11655
12736
1483
12133
6921
4294
14276
5580
14057
13814
8962
11096
6649
7057
4096
8363
11263
4918
13828
14502
2400
3469
12641
1122
4492
6633
2636
5613
7211
10063
11534
11111
5374
3279
405
4602
14823
8849
14120
3837
783
11430
926
11484
3813
8362
10154
6777
13403
1856
2344
9275
7169
12970
1757
8282
7938
1266
9177
816
11440
8023
7421
12823
14649
11507
1775
3013
9523
1965
15436
2054
7082
7009
12421
1879
191
2923
15021
4664
13594
11231
11690
14871
6292
12178
7921
6108
7278
11000
8204
3371
7153
9592
9069
845
6056
1473
393
1107
1506
5960
6026
3411
14091
9223
7786
5584
6792
317
10789
12436
10850
11266
1339
1280
13818
6879
3366
276
3911
4119
13783
13876
13073
4342
962
14768
365
8117
4612
13455
7049
8462
9597
3680
642
15340
13522
11920
6587
5482
9368
11495
720
1565
8071
5685
14231
14554
12343
6134
13469
4995
3233
10668
14003
4488
2991
2518
2810
8426
4990
10820
2166
11921
481
14991
11022
8306
2165
11924
4433
9465
397
10682
13276
5316
13457
1435
5463
2355
14811
15360
5684
8965
736
14881
2746
4459
9564
14826
15441
6168
3146
4832
7494
6709
2568
14676
2895
2704
6868
691
2819
7824
12269
5706
5441
14785
3709
12130
5726
4142
13222
2745
14025
11077
15384
3196
4997
239
7965
2884
8541
14000
14875
9615
14246
5766
9210
3540
1821
13455
12928
235
8952
1737
12803
3266
11620
7613
12678
3866
1484
8377
3156
6417
1547
9512
11647
237
3075
11559
311
14671
5982
5275
12104
14786
5878
6095
4198
15579
3532
5244
5578
9560
13079
6491
13504
8242
8549
1084
2299
6918
2026
3704
15161
15590
8672
302
11225
4756
10928
2532
1129
4965
1978
13014
14957
6794
2041
592
9829
8954
10791
13342
2459
8200
6340
3929
5338
5045
3874
14545
13966
14043
8556
1474
2986
11218
12011
6957
77
7621
1210
5160
9777
10066
11853
10898
247
15264
9784
4590
1358
2002
9398
8856
11847
8427
13830
4070
8030
15568
7252
14348
12331
14561
5031
8971
4420
1143
1557
14296
13368
3071
4169
498
4916
3351
132
784
14157
4258
11801
15193
9132
3595
5484
1458
6828
6375
10011
3781
9107
4313
11641
11038
8421
10502
10173
7139
11873
10756
7454
562
9353
6774
1835
12469
8469
824
1496
13970
3198
9494
13302
9937
2092
14241
3363
9340
8513
8964
150
12281
13906
7767
13094
14648
8551
12669
12455
6929
3851
3390
8722
9254
469
1516
5210
9594
10597
10620
10359
4719
15378
11675
9813
859
4502
4564
8055
9961
12848
4733
14033
1825
8079
8959
9101
10254
6216
2569
6515
14896
14961
10684
2068
12522
8082
14765
11016
3913
14963
11379
12285
7611
39
1586
5363
9413
8288
9598
23
3628
2148
11724
213
3596
11561
2168
12274
9538
7512
11904
1949
11890
11433
4420
4137
3549
9307
4929
2929
4338
7300
5779
2322
14128
14137
15315
5228
3586
4718
11386
9078
12154
4502
11548
9326
2381
2578
2713
15409
5784
4090
8477
13207
10310
9151
681
12883
15223
9082
13685
1193
8649
8297
2331
10994
4473
9243
6356
15477
14100
11208
7984
4858
5149
2146
6604
1078
2033
8179
12799
14954
15330
3917
14553
3838
10135
3872
11114
12429
11980
189
4710
5668
819
507
14493
8546
9320
5955
7998
829
1705
14664
12768
5060
14739
6398
7526
11693
13155
3801
12976
2003
10807
8009
14254
174
12028
3261
9486
1850
3027
2541
5773
1602
9071
626
8051
2439
4211
9307
7461
14741
13832
6303
10702
15289
7879
9544
11491
4587
719
13406
15306
4947
3580
1006
8434
6933
27
6369
11980
10644
13160
12409
1816
13727
481
12601
5925
11699
12607
11217
2866
9668
1301
13061
11836
12033
14852
4448
7292
4195
10180
4110
1871
10292
10846
1389
7012
10453
2280
12656
9775
1875
8021
10649
9551
9095
14057
1979
13594
338
7342
6642
11554
11793
12496
2774
10964
4381
12938
2923
8446
4037
852
7887
3234
14533
7111
11740
5865
11737
4528
4161
10677
7087
5255
10094
9468
2964
14486
715
13691
4885
13797
3327
10621
14315
9336
10519
5203
15020
494
282
5636
1359
5165
10628
1385
4869
12779
4347
7148
3260
14559
10695
489
3251
10244
14960
8210
10290
7121
3192
14982
4441
786
4665
12066
8756
14374
8473
7652
7180
6506
12879
7036
14483
542
15362
1514
7202
9755
13559
4046
365
4858
2091
8959
4855
5793
403
13177
10196
482
15025
7365
3389
8275
1791
2702
9967
3993
2984
5107
5984
14102
11714
15407
2244
7603
10864
11965
12603
14962
14989
9456
1630
8947
12348
6931
2156
5682
6381
6930
2370
7953
76
9258
14859
13842
6517
55
8901
12472
14695
6605
2651
14676
6359
12294
12487
4290
15079
13241
1321
13748
7862
9786
14575
7019
14465
6775
9751
4871
5464
6779
4779
12343
5062
14914
11959
9831
13084
4347
890
2330
913
13352
1086
2178
5283
734
11535
7532
11210
10734
13235
13580
823
3393
11172
445
6439
12655
4229
1552
3745
2144
12359
4209
6548
672
4296
1358
3565
12940
9809
14962
5789
10332
3814
9635
13904
1734
3963
7539
3055
536
168
10687
2547
908
10348
2377
3247
5390
13366
7537
7275
12325
2745
2619
12773
2614
8210
302
13922
3680
4002
14434
12831
14981
8659
3167
2725
13522
6244
9761
15275
15334
3507
10794
6441
5214
15439
12863
6233
11752
5904
7294
12024
11168
8667
6446
10607
639
6856
5700
9488
6763
14332
8532
9694
12701
6647
11888
2834
10597
3072
3839
990
7696
6000
1169
4995
8225
659
1995
11187
2762
6691
2677
6085
5468
13277
1304
12135
11457
1313
5685
5765
6125
11927
11412
3378
4135
1921
12250
7171
13746
3289
13517
9014
3620
9704
6610
6113
12645
15105
4192
8811
6971
5135
9008
2884
13540
2431
13699
15128
10814
5857
13046
8175
2868
4542
9736
3335
1864
6163
10021
10183
2947
7410
11918
6140
3379
2340
5164
481
7769
312
729
14468
14807
9561
7078
13406
14776
11203
1322
13968
6144
14217
8154
12261
510
14997
2847
6652
8128
13349
14664
11158
4864
4327
5432
3596
10826
13410
5053
767
9549
120
15207
9613
11407
3934
13718
12159
6992
6922
212
179
5572
5388
8479
14348
5437
7174
10140
12090
8796
5461
11599
10937
5946
9606
12340
15067
3121
12150
5478
7568
8291
14629
7112
8597
11598
12711
2925
3455
5115
5200
15365
14142
5142
8690
14176
10657
10905
8683
7805
4426
330
2881
391
13088
1728
4468
9616
3691
554
6949
13467
1134
11383
360
13520
11397
9066
1129
8342
9402
8432
4103
10316
5448
14215
3230
1493
7141
8621
4632
847
3229
5201
6623
5771
11832
7532
1518
6904
12299
12359
4215
921
9673
5696
5408
2640
7198
13866
7645
893
15574
9153
9585
357
8295
12246
1647
12622
3512
3377
12950
14881
901
1258
11473
6626
3636
12496
3098
11659
8450
8679
4498
709
3077
3149
7029
4483
8788
14113
14358
5711
15207
471
15055
4768
12394
13256
2003
5028
4089
1872
8761
3413
12188
1878
15499
9703
13736
15484
14759
15186
1306
7309
10773
4974
13345
8750
15440
1309
461
14710
7678
15133
12148
1963
9805
6587
2200
11452
12193
6829
6784
15510
2528
11982
14169
7407
11233
7750
413
14475
861
2786
3041
564
11851
14163
622
14995
10178
11556
6440
13689
12692
2776
10207
12227
14727
2819
4465
1977
11550
6465
9535
6570
7508
6457
12623
15033
15209
396
12803
13593
11132
5581
6250
9362
7026
8252
7851
11423
9327
10568
1044
10672
15269
169
11316
13827
7815
4207
14109
8797
8113
1951
10849
13395
4948
13961
12386
933
2636
9490
1027
8094
927
8908
14868
102
489
14716
1954
1708
138
12855
14951
7078
13697
14668
12582
12704
5905
10192
5349
4106
4337
8484
11573
14851
815
3100
4865
3637
15459
6898
161
13824
2514
8138
14951
6902
14876
3222
9667
8364
1527
3918
1034
14205
11781
13619
5215
6197
3418
14756
14349
1467
14288
10002
8507
11484
13133
912
9400
8004
10149
14549
11948
3383
10702
6485
1199
11597
2278
13885
1573
3312
1722
4788
3856
11998
12022
15336
9928
13085
3382
11848
9470
14110
12537
15294
9635
4121
10167
15477
539
11478
83
817
9883
7923
6911
849
5409
15156
1266
6482
14937
5676
8533
13242
11587
2124
13669
14582
12953
14872
11946
12961
2321
6724
11698
11171
11892
4402
1846
1074
15051
1171
2684
8429
12480
2125
13759
12073
13749
368
5379
11152
12772
12399
6183
12426
10131
6426
5695
7355
3450
11266
11583
7860
4826
5148
2582
6909
6849
4852
9788
658
14038
13494
10310
10914
6003
8908
5202
2882
2751
4227
11773
1101
13555
5964
12356
3506
7549
14796
5862
5458
13271
5621
9043
15010
3788
15505
4276
10601
4506
11268
233
3044
8064
10388
793
4399
13748
8781
5334
12427
952
9186
7533
12985
3336
2786
4648
14771
7270
7967
5055
6736
15035
2691
7769
14387
657
3617
5569
11714
10773
9733
1534
14135
7944
5364
2411
6315
822
4998
11696
14450
13094
9288
15174
12325
13571
10771
9068
13410
12455
1267
8147
9097
9281
8839
3287
9588
3174
8356
14882
122
2543
2758
6622
10499
6188
4080
5510
9531
9772
14709
14833
7802
991
1056
3342
6755
13444
4867
6083
11363
11270
8419
1391
8413
14585
9559
10358
13484
1040
7371
13532
506
13620
14868
3247
2637
6027
9012
345
5834
15096
11649
9348
940
3720
8558
6295
10759
3172
12526
3607
14498
5796
8449
1422
8786
6549
8869
7523
12599
9709
7767
299
5777
8533
7087
9355
3709
9051
5398
10396
6082
10742
5657
2390
13045
14436
324
15501
14229
7459
15067
8673
6587
14256
12127
3627
1232
7131
12191
13788
2896
6538
9073
11907
2426
14767
32
1883
1704
9348
2403
6214
1503
12841
6270
7844
1413
7714
6333
4626
2437
430
9766
5083
6187
5453
683
1998
11854
11284
1121
14493
8450
2906
15432
5482
4808
13581
5668
11953
5711
10002
7202
12140
673
7646
12522
12706
6063
5845
5471
9263
10813
5882
469
12645
8270
11200
13544
3339
6746
5976
10750
11956
7766
5596
12610
9740
2853
277
5110
10389
3905
8875
5106
9700
15278
3568
1136
1580
10294
10964
10704
15014
7353
15150
15294
1968
12473
13361
14231
8987
5002
1173
5245
8657
5064
6947
3205
1826
6604
13176
12739
14893
5165
524
14837
4660
13963
2434
303
15460
9934
3891
13548
2035
9489
3300
3355
6843
12510
6756
10164
14465
9163
13325
6042
10748
6603
13554
7120
7455
7542
7022
3256
11734
262
13796
8708
14095
13255
2378
9387
1094
3702
1961
1907
8425
3996
5670
7383
13609
2897
8186
9486
14658
6659
520
9183
3361
10220
7082
6377
3987
11668
7458
5642
9410
6106
6799
3355
14178
10779
4133
11403
1178
1635
11317
9357
14394
4902
5178
12067
14147
1246
4704
9702
15457
1651
546
13123
1056
9194
14779
11494
8871
13941
2034
10217
13262
1179
12340
10468
9434
12637
2997
1670
10191
2779
11455
677
2994
4819
10684
11711
8968
8393
10961
9518
12882
7406
7505
2996
12038
9815
15496
2633
7216
648
12506
1178
5854
15215
11020
1745
9207
8409
8903
7640
14087
5914
73
5430
9354
9797
1027
8431
2233
4133
7153
318
4273
11919
11490
10296
5519
450
741
5841
7071
8168
12386
12562
983
11586
15475
2588
3946
11298
982
9875
14069
6500
9421
3929
11334
5416
1790
8468
14433
12619
13104
7765
9599
5964
2661
12210
2704
5112
1901
13252
7172
12601
11590
2985
15303
13284
555
13805
5476
6111
15582
1794
10219
2740
11741
11203
14428
6484
7006
10554
1135
11177
4161
10108
13187
6475
12502
2529
6910
8701
18
11505
8483
14306
14184
2134
8734
7302
1666
15095
9676
7925
616
3907
6059
14816
7299
5992
3626
1677
15591
5750
12378
1078
4408
2211
6313
10255
12614
9598
3259
14518
14321
4864
12536
2066
11252
13242
5109
2507
7918
7340
5669
14689
654
7486
4585
7189
4937
7372
2684
15445
4750
5610
8245
14019
6990
6324
11361
8561
9272
6515
1667
4484
4521
7312
9188
10842
7432
14030
788
10481
888
7761
12730
12827
153
1911
11150
3374
4588
8742
3040
6982
10300
1351
12978
9849
238
11590
9165
5390
5717
8836
4139
9338
9453
9419
5282
8244
3694
7877
7386
6619
8671
13978
10890
13269
3244
4463
978
13410
10743
10955
6456
11292
8823
10785
2539
6785
9367
4271
2481
5417
9013
10704
4130
464
13459
11869
15153
14089
14370
1744
8878
5302
10258
11762
5398
8520
5630
2750
178
9023
11927
4831
9311
7844
4726
1363
461
10006
11508
1100
8976
7727
9571
11228
7448
9107
10311
145
8724
9467
649
5944
15495
6101
12016
4830
7470
14699
9974
4424
15322
13115
1088
10242
2208
11363
3318
8996
11689
5387
13384
7696
2040
13486
2093
8440
3654
5648
11222
4135
14722
1364
1600
9451
7389
9900
12796
7632
9778
7794
14556
2102
7851
10979
2526
1644
7179
13122
3249
14695
12420
11287
12904
1533
15500
19
11514
9861
2752
12125
11294
15534
11966
7318
13122
13880
13449
15233
6243
12402
12110
5246
14263
14220
8682
1777
4664
9711
14418
7513
4758
8975
4077
6585
6121
6172
9483
12834
8719
2656
5966
5118
15387
15392
8740
6440
11538
2636
12435
1573
11328
4233
7288
9462
14429
372
14454
11747
7694
2400
4681
4835
10508
817
13218
14543
10442
11016
5860
3130
7823
13534
11778
11553
6395
8860
1344
12281
4040
3639
2105
1597
8558
146
1374
5988
10268
9009
9926
4261
2125
3535
15137
5077
1392
7619
8290
8415
13968
8368
10512
8480
2203
14244
4099
11029
7698
7997
7889
12318
8490
5629
8988
13646
10900
12204
3848
6514
13308
5610
12593
15474
13490
12222
8148
11811
3821
9082
8037
10102
12230
7954
9143
8049
7222
7944
14706
6106
8305
6047
7241
8146
4856
7332
9983
6349
11946
3876
13392
11197
5933
9413
7338
176
14653
2494
3741
10729
10205
6044
7542
12761
9145
13007
8000
9447
21
7720
8255
892
12859
1116
9731
10166
7573
13536
2567
3138
3799
288
8993
14535
8108
15048
12992
8977
10055
13178
14299
8414
13119
14268
5432
10636
9026
2003
4685
2337
3813
1936
9766
14664
7333
11116
10365
9227
10857
5024
9184
12025
1008
14152
1150
7574
14389
9861
4212
15334
11452
13962
2148
2071
13557
92
1305
14860
11872
11196
12068
7399
14568
11476
6516
2642
15552
3241
13796
4965
1834
9397
13016
12963
13648
7934
3887
13389
9687
1178
13643
9625
14724
5864
12841
4605
8429
3566
4345
8789
10239
1078
3417
9544
4930
13991
5150
9828
12356
14114
5794
2587
11331
1358
2910
13923
2554
3708
7725
2054
10382
2376
14885
1201
12107
7692
106
7758
5424
13347
3843
10003
13025
4956
10966
13549
7995
11438
10525
14619
603
8546
6750
8819
3148
11280
7952
9470
15276
1556
6490
11717
7419
5833
5766
11351
2632
3937
6405
7404
5349
10524
2687
7700
10593
11182
5505
6541
15240
2129
11192
1860
11266
15058
6543
11077
14059
12627
10191
11971
13532
15503
15056
12423
11061
56
11932
7937
1349
5238
6584
6817
11217
12557
14478
15501
9311
8531
117
8185
8461
9563
3603
11998
10407
10386
10387
13227
7436
8286
13408
7309
10030
10360
7430
13124
14642
3257
7753
308
11749
7658
8543
12292
12390
6703
6163
7546
3440
15532
2925
1776
4037
14588
2340
6752
7289
9235
15574
8303
3178
11493
4547
3259
490
11830
15078
10923
9533
5611
10266
11638
7793
8679
867
5584
1680
4978
9541
6252
5410
13682
730
463
8642
3687
9310
602
4690
10477
11202
6903
13473
5773
3546
10535
6114
10911
6241
1155
11019
5825
11198
12459
9672
4671
6283
12217
11796
3040
7062
14816
9350
4845
9609
8719
10971
11421
10271
463
10115
11733
3940
7512
15088
8486
392
7727
9122
6016
1949
1104
8666
14608
12400
14173
1378
2044
622
15079
15550
15305
9956
9686
2
2647
6497
731
11932
6019
3719
3694
4694
3347
10245
11964
1270
7094
13762
11774
8242
4559
7793
10279
5741
6824
14708
1193
13586
3545
14609
8597
15247
2763
15317
11529
10733
6039
851
13893
11902
12643
10798
9364
10818
8348
12817
13076
3129
10783
14533
9941
8932
4869
13941
15176
537
1407
2465
1377
8078
2590
11807
14296
11586
14624
11445
7053
11414
1350
14268
1850
12088
14225
9577
11370
5908
13721
6228
980
9883
60
13469
8568
10441
13851
483
11648
5065
7554
6304
13279
2702
14305
784
7797
13976
15487
8769
14057
7247
10985
5671
9924
10902
15284
1107
14844
14126
2515
3174
8917
6097
10392
8541
9597
13510
2379
8370
14519
9947
2279
908
13942
3857
10836
11832
14116
5436
9532
5601
10657
10702
614
1861
11188
9079
12322
9589
1276
3720
7034
13624
8937
14934
3748
3396
4339
10596
9576
14120
3214
1755
7964
11945
12553
7047
2748
8635
1923
5521
7773
4271
5995
8581
3651
147
11785
7460
3305
3649
1694
5245
2780
12046
2087
300
12673
11916
4581
6656
256
13628
11810
3463
12187
2528
5290
398
7293
11280
14739
13956
3673
6280
6249
9209
2291
14242
8165
6396
558
864
3220
777
6165
10684
10248
6394
14659
1806
14217
932
14705
11661
4553
11670
15103
5780
1100
8652
3638
14471
10335
4536
4000
8204
9834
12586
1915
4545
12986
7987
5183
3702
4385
11479
3086
7507
15447
1520
4133
5312
14213
3171
3902
14677
12719
9656
15216
13685
12901
8722
13261
3141
6
8505
5956
14538
13794
9177
2936
1020
5234
712
1236
4038
5030
14435
3592
3858
15098
14909
11277
765
9379
9276
6545
14140
6600
9771
11321
15420
7117
12404
4298
1646
635
4535
5500
6178
8677
1395
863
10088
736
8823
13118
2381
5618
11163
5384
2790
7103
6698
2924
7489
1637
5805
7313
6093
3021
7813
6346
10356
12659
11454
10657
8365
7508
1932
1229
5489
12173
13202
4013
5863
1181
6449
15179
13945
7065
3905
9088
10842
14181
11627
1737
6992
10778
7741
13272
9404
2765
10927
14
12909
12738
14179
750
14254
2682
5301
3422
14655
3065
3594
9243
4604
7147
3728
5290
4073
10706
10956
2147
4292
1123
4279
12398
3104
2110
4638
2079
7918
59
8485
11975
3717
1820
3229
13369
13271
7793
10251
278
13398
1163
11094
10208
358
7676
6589
12675
11744
6938
10038
4160
12420
4102
15254
13063
11315
11289
5661
9156
2462
14083
11953
6979
9156
10039
6584
11689
14076
6665
6629
4259
3649
10945
13614
3375
4410
9770
4028
14805
2301
5112
14045
1666
6268
1411
12216
10731
14588
12645
13261
8180
4301
260
8547
6395
4394
1223
13861
7301
7354
9796
9419
12978
10590
1976
7169
11334
1724
6452
891
5453
5244
13515
2243
6815
4075
6858
3425
1179
9050
1190
8150
14581
5419
10762
12982
10924
6467
7995
6025
14770
7316
11987
9574
14217
5526
11755
8855
3941
13529
14572
5259
2126
10660
1383
8134
3881
3832
6906
11242
11254
9057
14730
6667
15176
14042
5787
15100
11643
1391
4859
8420
2788
8682
6321
13511
8425
1054
4309
3091
1539
6000
11915
8694
11503
13093
5546
1351
10196
15479
2204
6303
1513
10494
14277
6135
1648
13280
13157
5152
12088
1083
618
7120
4387
9547
8636
8956
10068
1977
12740
1230
5693
3407
1641
1137
2841
11150
8911
14753
11359
2890
10143
13683
11119
7431
5667
970
9156
606
1731
12748
2023
9212
9941
11468
5954
6027
8228
8147
7978
7437
8671
6749
824
15205
12932
12836
592
12074
9042
11773
9906
1555
11224
259
10769
6620
8319
422
10498
6605
11662
9768
6172
8097
8303
3257
14525
3261
13290
3516
12836
118
5973
3179
909
13192
13736
4058
4263
14265
12693
11535
7330
9693
7232
7080
6949
7845
14304
1426
256
65
5467
891
11081
13940
8197
8043
5180
399
10933
5321
4237
14470
15204
9114
6728
5340
10347
12346
3460
11216
12914
5335
11282
11871
4779
1391
546
2522
10902
15162
14981
10130
7917
13095
11286
13184
5821
10184
6308
15432
184
122
781
8962
9941
5050
1375
7630
10597
11463
1880
7712
7920
1261
61
6226
10247
13087
4643
11720
7510
3921
1647
13858
8144
11557
9041
2130
10563
4566
6195
11927
14601
13964
7183
7080
6773
10885
10087
10681
6957
3699
13430
15270
9372
1990
7187
6049
13650
12830
7991
7915
8980
9935
10535
1500
9099
8214
10159
8691
13233
10124
1001
5492
8815
568
11389
5748
7104
11932
7285
6231
8710
6045
3911
6048
10361
12539
15086
13852
4621
5050
3105
1391
8395
6555
12401
6570
12651
13751
520
4750
12254
4749
9241
875
7609
862
8539
5409
4465
7084
9793
7811
15458
4139
5789
4189
12396
8450
3855
12342
13655
7740
4107
12649
8232
6593
13185
11884
12537
8177
1831
6772
12220
10267
14170
883
8872
3775
13375
9282
1076
11117
6223
7394
3169
3564
15031
11826
4632
10399
1275
9879
7335
14776
12637
11066
12829
1716
9043
15067
11214
5415
6278
8284
138
4823
6906
10398
112
4414
10823
6995
10162
1718
14713
4235
13795
14828
4857
8973
198
12056
967
4359
10508
12019
7209
2368
3950
10071
11033
4317
984
489
9199
3509
12868
4292
11168
14283
4239
6480
11055
5423
5835
10570
6506
10251
3719
3018
576
11923
8435
7151
2480
9495
11934
13965
4720
8189
13274
12527
4669
7441
10621
8493
12485
15273
870
2443
8005
3443
5503
7863
9171
5226
2735
8740
6640
14241
2405
9983
10338
15328
11280
11802
15300
15446
3149
1994
5927
5750
9735
8614
9264
13747
9681
2736
9354
5888
4502
108
3824
3834
12800
7171
1433
15473
10047
4855
2351
12567
1134
10403
13270
8584
874
5085
4687
3473
2317
11456
6779
5298
3086
5838
11348
14097
15282
12644
10911
5833
13656
292
487
9070
1555
13038
4217
8889
8369
524
9678
13445
3090
3700
8036
13423
10753
7553
2659
12100
1274
6802
9034
8631
1834
3151
9429
63
5505
5572
13311
580
3810
6834
253
10256
1443
11961
7389
12894
210
2671
3278
906
2400
13261
9179
4233
3070
13157
12162
15046
7315
1645
9027
14640
11110
14030
169
13180
9190
10927
5349
13013
4047
2302
6246
12616
2874
12548
14537
12675
12994
5898
14740
1450
14989
1473
11506
110
1498
13273
4293
8781
608
8445
2501
4551
6735
10570
2801
8328
9171
12581
12970
577
6624
11639
14905
6213
756
4277
4939
9273
2943
7018
11482
773
9433
12395
9608
12357
9430
6823
7617
8489
7524
9712
7139
6005
7188
13245
2760
8393
5940
7034
7242
11183
7998
3485
162
7613
8120
1748
13443
12286
6814
667
3839
7166
7552
15340
11787
14406
7644
8728
251
634
401
5656
2379
1320
14077
11157
8377
744
102
12565
12470
8396
13518
10260
431
1732
11354
11352
2521
11567
72
13362
15110
8305
6734
11217
233
2326
11228
2644
14432
9987
992
6824
15044
7028
12158
6931
9004
2019
14895
9733
5301
3699
7995
10825
9254
6980
8591
4087
6034
15585
5089
13803
10253
8331
11012
3482
1081
8864
9033
4568
1674
15123
8059
10866
12440
460
4606
5906
6430
1924
2933
11534
15158
4559
11345
13647
9005
4160
947
10580
9284
2044
14202
1167
1108
10822
10796
11006
8532
7650
545
3755
10463
13446
3796
14157
9140
12301
8339
13664
4025
8203
10803
13970
6624
13189
7096
14378
889
4383
8171
9970
294
9786
14380
2187
13618
9348
13695
5366
8530
2613
7255
5194
2632
1079
8822
15000
4343
12763
10282
13261
12262
14873
13565
14083
7057
2572
4987
12538
10740
6061
11655
5365
11582
10540
986
10305
2950
15401
6782
5578
705
714
13122
14889
11488
11673
11726
9140
14244
4707
3145
12338
4303
15102
11108
1872
1157
13476
10019
9368
5420
6352
8871
6004
10974
3961
13294
9317
7490
7321
13527
12643
5745
3970
2806
1702
6504
747
8041
964
10007
12160
14034
15275
6012
1962
11342
6530
11423
14680
9400
5442
1039
10290
896
7618
9312
13262
901
3014
4877
3242
9353
14161
8013
5499
3585
14410
116
14105
8171
3285
12974
1480
14989
1636
2112
15446
4412
11627
1987
3065
12520
2256
4740
7636
11908
6329
373
12587
3054
3361
8773
794
13585
1892
3203
365
6952
1719
11702
11949
1532
6414
10313
3272
8868
1742
8530
4886
12921
12751
13881
12583
4844
14195
10108
11147
821
2577
1696
12847
14470
8596
4749
2440
15388
14408
1557
3095
4510
13421
11544
14533
13782
9849
8427
11611
2004
10521
1433
12002
15183
14503
852
12086
6157
14428
2814
1900
15488
3118
9097
5708
9574
10108
8792
15493
6805
5182
7235
11947
6570
3897
8488
3044
11722
2249
12913
7068
15049
8644
2354
10537
13952
11126
3106
10447
6575
9795
1526
9770
15332
540
8111
1922
5723
6169
11090
6970
2754
13937
2979
8706
4380
2161
9212
11040
101
1061
2324
8396
14862
4795
8563
1373
9056
6894
5109
1620
13874
5065
2939
7010
14626
11147
10815
15487
13087
13316
12216
13363
10984
12690
6068
858
4013
3580
9772
7968
10656
1087
7387
10978
12696
2044
6845
4939
10357
2362
7266
3779
3989
118
142
11652
1880
11251
4485
11758
2348
13814
10047
9373
5783
5538
6649
12292
6690
11189
11959
8101
2351
7547
6980
5112
14326
11582
691
9907
6523
8684
2939
6002
8484
2424
12642
1888
10143
14709
6378
5439
2088
7997
11768
8682
865
1444
15103
12716
6128
9635
11892
6771
3049
8713
9279
3098
15332
5568
11826
2333
14445
14344
9701
3430
11160
8645
10468
5049
12422
13010
8242
1206
4896
6842
2382
11511
14582
13885
952
12386
1039
11654
52
11310
4243
4174
10969
13048
5145
14323
10985
5229
5411
4990
5535
1793
197
2871
9083
3499
15427
9037
2937
13562
14331
13615
2813
15115
13344
10257
4432
2331
9294
10129
10216
1594
6080
4064
307
9475
1878
13679
11847
8022
11610
15539
14239
8120
3694
11285
11560
562
5574
8241
12977
2739
11945
11235
12236
4367
5586
6126
3392
694
14838
10560
8148
5880
15587
15031
1571
782
4270
13325
35
10567
4356
9636
4072
2681
2841
13756
9986
8933
1335
15306
8797
6233
14359
7149
2692
5267
14087
8804
12849
4766
7
14899
7123
9901
11675
6888
3061
12132
14749
1798
3783
9632
9251
3154
6560
8328
8720
8136
12928
9028
13054
2789
7622
1703
6766
15547
7923
11048
2667
11145
3807
405
12960
4647
15086
2568
8304
11225
3578
5665
1725
5763
5212
15135
9127
11724
4133
9801
772
147
10744
10387
15408
5055
3638
5914
12193
14227
1084
12731
11705
1060
2992
15281
4315
5667
10169
206
5281
3027
4797
6588
9394
7683
7568
9480
402
9151
12721
7991
11530
7279
14670
12706
7687
526
14316
14005
12646
4847
2672
4369
8927
12146
12407
9284
8103
1670
783
5932
14278
4626
9406
224
14492
4923
11807
1565
350
13357
10068
5871
824
15551
1463
12719
8336
2544
9995
9733
1286
6608
7101
1373
1807
7729
4644
8791
7341
11603
11432
8056
14813
6410
404
14183
1189
9405
15052
301
12311
7429
11131
11816
11833
3397
9254
7521
10904
8278
10670
7055
14307
1960
14314
7283
1744
9513
12388
8257
5010
2647
2230
14762
6545
1738
8077
4344
13009
10518
5307
5242
3952
10581
8724
10909
7782
2495
10392
275
6236
6159
3118
3989
10429
931
14794
4132
10382
5518
4979
5163
7566
3817
11075
2668
13275
6369
9990
13360
10972
8474
2562
13687
7379
1951
6328
4910
10256
10339
14171
5839
10009
10015
1124
4115
3354
10187
10803
5801
9110
2473
5083
8268
8400
6811
1334
929
12083
5072
9102
11397
13753
12580
883
6275
1218
9792
7349
13521
9163
4061
5815
7252
3936
2629
10878
11458
12372
7859
5770
11512
11072
1686
7858
5680
10545
13157
6245
9250
11418
4162
4800
13333
2719
3646
4754
6232
5779
13445
7426
5720
4467
23
10457
2738
5750
6868
14830
11784
10005
14050
5049
10741
10690
5385
8221
1779
10245
11461
11805
7907
6038
2006
13440
10628
3754
14468
13181
12254
15547
8367
10763
12613
7816
2015
8319
6429
9602
2279
2703
14411
4962
14787
8982
1791
14949
7343
12261
4387
14649
15416
12023
9947
5715
1505
15411
7507
4537
11144
11004
2913
8814
12718
13995
1327
5028
5738
6139
8135
7574
3024
12285
5193
3467
6188
3527
850
8218
6946
13371
12310
7423
11632
15582
12301
1646
5988
2926
7361
13776
11330
114
5225
3017
15524
11533
2783
6075
4250
1113
4575
10966
4888
9544
4536
14476
2644
6679
8530
4962
3068
14477
4535
10380
13150
2485
14813
4284
15017
5965
15208
12176
12259
11185
5683
13317
654
547
157
8459
659
12754
10399
561
1686
7284
14972
3173
12907
13242
58
4121
3409
1337
2770
8062
9147
15598
571
2453
15583
2428
2501
6410
3609
7060
14588
7663
14799
4441
6707
4070
11858
13280
3145
3468
10199
12158
4297
5433
5012
5289
4781
12676
6181
3283
4035
8681
12942
2582
3495
13258
6171
13520
11693
14513
7312
40
3270
11011
2218
3675
1085
15075
11568
9210
1900
14125
1768
3146
12777
7357
12343
92
3032
687
266
4944
5101
7596
12165
11039
10458
3506
1725
9406
14165
3954
13249
10778
7761
13609
468
8705
6465
10371
514
4983
14767
515
11668
11478
13502
14938
4736
8285
474
4511
1610
14276
4417
1023
14487
6605
11369
13603
10447
5483
4189
4147
10483
3682
11949
3140
1974
8004
12318
8563
4026
15308
2789
10551
6853
7685
2774
3383
5627
9202
12442
10333
10573
12960
8942
273
6436
158
10283
10401
13663
7772
3601
6231
302
3224
7377
2882
5493
13002
4242
8741
2251
15262
8147
15052
9417
9255
12450
8882
13210
7857
7448
8324
12027
11757
5350
9399
8014
1251
4136
932
430
8952
14733
14621
10403
7818
6409
8671
8486
15068
6408
9097
200
2345
1978
7580
10085
1016
14993
1507
2891
3651
7735
7242
5609
14442
2043
3720
13937
13478
8177
4720
7020
6496
13901
2523
619
12124
3064
8631
12602
15485
9009
692
7701
8890
8396
8557
13754
9892
6173
2604
14876
9754
3754
8339
2612
10279
12546
6133
15278
1377
4079
14350
8059
942
15438
8040
8748
5599
10090
9551
6328
13900
13563
3963
5912
6493
10139
8604
53
5901
4881
1366
13895
4929
9799
15496
12093
14614
2839
3290
226
502
8195
7546
9547
4620
11914
12754
6528
7017
6885
5129
14291
2084
11063
1637
4778
12086
3226
1995
3504
15328
8089
12733
2524
13060
13301
8921
3644
14532
13719
4396
11062
9434
5937
15172
10069
1157
10603
4228
14146
3423
9236
3422
8960
13412
10295
9228
8600
11649
12509
15511
7687
6324
6066
7075
5651
6217
7945
9351
14373
15491
9628
12690
10362
10139
9821
8731
8959
2685
5083
1184
9909
7180
14711
4569
8656
11905
10751
520
12794
9086
14974
14802
3432
1784
12293
2068
10869
4205
8315
1502
9619
8715
9740
11916
11269
15329
807
5162
8561
4729
12890
465
13475
4258
9999
7923
2480
4516
8429
5712
11830
15356
890
648
8533
4730
10484
491
9393
3421
12391
5773
3138
1544
6379
7170
15576
6870
8239
15458
5421
7887
7078
773
4588
5910
11861
116
7185
5675
12883
13448
14512
12801
9930
541
9519
8332
11759
15397
4387
2550
2028
2362
3643
8533
10002
12523
9080
15398
6840
12276
8871
13283
5675
11446
3984
13649
7749
5322
1821
3843
7436
14130
2225
5267
4716
15463
12751
1256
12271
4490
15404
10694
9318
10707
1059
8378
15123
14504
10950
6704
13135
2262
6614
8216
11996
6274
12416
6523
2840
796
8996
12553
5226
1295
3718
10073
11611
870
3640
12012
7838
4804
15072
8601
14666
13243
7343
11022
12962
2763
7254
14415
8211
7342
11375
7529
2217
15272
15532
8849
14264
13557
13917
6163
12821
9011
3228
10762
12039
2927
6270
15307
2589
10436
15008
6610
10153
9607
3405
14936
12777
14935
14474
7160
1762
8114
6991
4008
4407
12777
4628
2557
6552
3231
9898
4697
9509
9098
9101
1542
1701
2024
9666
10827
13612
14064
9233
11319
9452
9818
5463
200
5398
14746
6120
8436
2499
12200
10780
4189
6739
13284
8542
5594
10118
9723
7398
5047
1739
8927
767
12189
6801
3048
4695
14213
14595
6069
803
1659
9454
4066
8084
6334
13154
15558
11583
4294
1559
9326
14323
8803
11030
10291
6057
7925
8256
9013
7755
8110
2798
5229
421
89
1074
3053
4263
6802
4393
13149
8735
13687
2887
4243
13212
3153
6749
3378
10971
13638
10363
14989
12540
10005
6074
7446
4706
6444
2352
278
14500
9239
6539
13260
6276
9254
6548
3372
11838
9637
2033
8599
7132
11135
12175
517
14642
3475
3927
642
580
11659
5787
7706
14957
1661
14870
4761
9154
13408
6865
10368
9250
12303
13503
5969
10589
806
3797
3599
13909
4427
4388
10311
8497
6990
11597
10792
5670
11859
3551
13153
12928
10139
9294
7289
14592
7421
12572
7251
8731
1585
11999
9985
4180
10403
7919
14299
11831
3066
13833
654
9470
1363
13088
3295
6827
2845
12692
6239
9012
13993
8848
10458
2961
9595
12338
10052
12960
13193
12674
9193
12389
728
10298
1778
3589
5257
3926
14466
9195
6743
8740
4886
5286
10992
11409
14426
10912
8849
11116
8704
14549
11308
13235
960
6853
8031
14188
12607
4836
10083
11280
10592
2683
3243
3220
6818
9658
7906
6311
3592
3792
12123
3571
14845
5792
15401
3151
7428
11201
4237
6309
1492
10099
12165
5666
5020
1137
5136
12266
1095
11016
4919
1274
2598
4963
8963
11805
2377
3251
14817
1659
7055
8605
3142
12536
5115
12088
9539
864
230
3460
4932
4198
6573
4219
2715
8101
728
524
13290
1318
1986
7874
13013
10704
5787
10393
14145
8667
12394
8869
2747
8369
5244
6718
13576
9191
14142
6728
13426
9616
9025
164
15154
8474
12915
15363
215
4364
13584
13592
9709
1331
2793
10125
818
14399
12378
4716
2130
11328
4325
15452
9570
14018
13515
14842
10278
14259
11946
48
10884
2826
1854
2362
1356
688
11726
10136
1959
14117
1573
1730
14663
5294
5094
15377
8619
11302
2244
10039
7433
6240
6286
7833
7252
4208
9778
10506
13836
8366
5720
812
4824
7829
7821
208
895
14312
3569
7444
1961
13700
11930
7827
13540
14180
12220
10359
1831
6199
5667
9848
8369
6908
6233
10113
7509
4060
8412
8242
6794
2371
10446
2692
11296
8102
6667
4031
6993
14012
15585
4597
12332
9000
12007
5001
10428
11913
9898
10413
12500
8126
2096
15458
14584
14499
638
6439
13366
14294
13581
4910
1221
10848
13314
11152
3395
12741
15300
7612
5949
14370
12764
11059
9412
14167
15574
3594
3820
2646
2508
15071
8574
4099
996
4933
14041
12489
1370
2355
692
5277
10516
5622
6126
14935
14565
12626
8749
1133
1090
11688
14444
3102
7198
7905
2482
4152
14188
506
15504
13858
6222
3959
2910
12906
5799
1526
12535
2539
1779
15051
13149
5745
5649
11174
14033
1443
14994
14826
13453
3186
2472
11260
10275
14171
7138
15170
7901
4141
12416
9553
11355
9363
10138
12826
4302
8201
3226
12956
1443
8180
10453
3980
9235
15217
5719
12046
10145
14136
11496
10700
4317
6283
7724
4021
4120
4097
7184
6276
7129
11849
11052
4266
14589
7377
7992
8680
499
2196
6374
5043
12579
2291
1633
2908
3495
3416
15563
6308
1276
9191
8921
14264
12134
15398
6477
1305
5689
9600
8074
9540
8937
14795
2996
2815
1069
11054
6891
9102
11859
6407
13382
3316
10131
4106
14773
12468
6085
8397
7153
13760
8336
6111
10617
8964
1962
7536
11068
9358
354
11355
2022
541
14850
11353
1565
2818
6715
14465
9750
14760
10705
5563
14753
714
14900
13964
239
13529
9479
9604
15123
14748
2546
8338
4339
14108
13806
11032
2807
509
14951
5141
8917
2667
11749
15085
9541
8190
4751
10053
5150
14206
11791
7321
14322
10169
1704
7534
11698
5296
15312
1797
5879
10426
6776
3374
6411
14499
5641
9771
3852
13604
2142
13263
11438
9253
14782
8933
5754
6736
13049
10973
5508
13382
788
9667
8626
737
7187
6469
14264
1201
3739
9611
4086
14277
6350
4115
3923
5790
202
10443
7110
11079
4379
3725
15337
13088
1672
2683
3078
4361
14949
9934
12103
13126
8850
4806
4907
5423
13886
8307
8951
13283
7387
3542
7339
8573
13515
14909
11178
2941
6109
11349
1759
4823
11835
11827
7535
3292
599
12717
665
11296
12731
6802
1883
3401
42
5845
936
6461
9607
644
12913
12576
14376
7965
9207
7267
14207
11477
3219
1735
12509
7129
14484
15091
11421
14698
73
2455
9755
14562
1950
15587
2414
10730
5386
2922
4576
13102
3250
14669
783
3201
10200
4090
2482
11927
12513
82
13375
8563
14671
6779
12467
14940
6421
11129
11861
9448
3583
1054
10791
4526
4993
7962
8199
7584
167
6525
9524
13073
1686
445
11441
8459
7867
4624
15549
11618
10256
8312
7893
4437
7893
8454
8301
10201
3053
3924
13707
14319
13020
5348
9502
14901
8782
4882
3671
13667
11093
8761
11009
9535
10956
8901
14391
2396
13353
3448
8023
7763
11636
7589
2435
13188
15274
4585
2913
12882
1717
15469
14656
10172
13904
10673
490
9948
6215
3474
12444
8196
9820
13237
92
9460
13369
14
6967
14804
9409
5310
6293
12455
8595
9169
437
12584
9629
1353
3520
10512
15109
1824
6095
5134
5560
14361
2153
8818
12392
2713
10196
11768
6163
12332
220
13153
929
5860
1240
12179
6956
726
3534
10262
726
15543
7804
14540
10020
10440
6302
5148
2700
6098
15396
4053
190
3445
5855
11280
5897
11213
8591
10804
10491
8995
11080
13209
4347
10336
6976
9692
3542
6982
8434
14622
11332
13531
8592
13372
12607
9586
13414
10910
2819
3486
14057
1947
15279
3908
4053
2210
689
2704
12727
6323
6
6755
2783
6512
6387
10280
13696
12460
6846
7180
9655
1820
1328
8639
14640
13974
12421
12873
11582
3782
12047
13030
5547
5212
11867
2869
9524
8211
1018
10138
3250
5612
13565
2319
4684
10935
3600
13894
11585
1624
12199
3611
15006
1460
6174
2898
936
11645
8389
12759
8397
7272
13513
6864
1078
2156
4532
4047
13474
14946
14441
11590
1290
5651
3165
914
4954
387
9240
7361
6473
303
9925
8092
7060
14918
2418
15513
11641
14447
8390
3526
9011
9644
13487
13812
10800
7853
9824
5054
13211
6698
9650
5571
7320
9558
5900
3319
14953
3868
10348
4627
12115
8151
7150
14057
4715
3968
6962
10837
5139
11262
6178
4446
6531
6827
15574
9556
4194
9684
8970
11167
12058
9954
8303
11127
4943
7076
3230
6992
2662
2490
4352
8671
6860
5262
513
3477
11685
8343
5949
12418
13497
4288
793
9616
3029
8001
3157
7672
4602
6549
1616
9578
7829
4122
7077
11888
14985
9806
544
1920
9580
2849
3436
12067
9505
4306
3851
10619
6318
9084
7395
1121
7431
4712
15001
7868
14607
2473
5368
6248
2687
8515
15057
7149
2798
14452
1061
8952
3981
14732
13951
5490
14454
9669
10719
1477
3455
5569
12836
4708
12902
9583
15059
14516
4824
680
13111
4924
7315
411
558
7378
165
7384
5136
3453
13425
15425
13005
12579
1571
3044
14823
10249
6035
3474
8398
11635
10490
1259
6828
14122
1004
2266
5513
2784
7604
13810
8710
3595
4580
7928
9639
12034
2402
8477
13220
8869
879
9185
4372
5807
784
1260
10920
8899
3319
15290
8045
1602
6899
5484
5533
6262
2903
9269
3395
8597
11193
14702
9225
8874
12214
10101
1095
4246
6612
7057
14912
1766
9243
10016
149
274
3011
4727
3373
12604
9244
8832
10821
357
7819
6743
2592
12195
6700
2173
6115
9316
8375
3978
9822
11185
2563
13873
3161
6445
7049
15339
8099
12607
3
620
10435
7839
8549
8769
11736
4246
484
6410
8964
13300
10173
10757
6094
9395
11426
4022
2264
5224
13525
15000
12102
1702
9501
10149
10146
12964
1157
12129
4794
13744
2128
7
485
15572
13941
8452
12357
2269
9577
14263
3512
815
5896
2083
13561
11409
13600
10721
10179
10562
3628
8224
11896
13060
6890
7700
10795
4793
5805
5588
611
3072
11193
11271
586
2920
11088
7503
12413
2
11928
7880
4623
6162
11941
5362
5088
10756
7230
11367
8603
12515
2539
3685
7108
4717
2515
14684
8455
5173
11505
13689
11733
4813
11928
8584
2754
7151
13063
13305
1811
4982
9486
2533
14471
11496
14488
12398
6146
14905
6065
4314
12569
12826
15286
4182
6636
5239
8244
818
3556
12886
2830
9641
14486
9579
7844
5474
9210
1157
12151
14677
4080
733
4686
763
3769
3613
14
11923
7341
1515
1532
1810
14919
2394
13803
13855
3511
13837
10955
13114
14166
4572
7999
1557
15300
11932
3051
1470
6809
4476
2811
12480
6353
2424
8938
2752
8950
8056
8313
7906
5908
11499
15219
15284
10103
11014
9331
8563
608
6659
8239
9050
7916
4231
2936
3867
13591
2321
10432
15178
10889
14677
10027
8450
8310
7926
4953
15463
11320
7302
1042
4659
4115
1582
9271
14756
14717
14849
632
11403
11100
8413
14561
8044
1809
10346
14004
12539
4173
1383
3207
12770
14660
3526
5696
9550
7940
2692
6743
11064
5808
9601
2388
1749
11754
6226
3132
678
10267
9656
1257
2454
10062
5542
9395
11590
10811
1546
11768
555
6096
4196
13169
4192
12395
6623
11160
14427
6653
3239
10079
2070
7666
10503
1299
2418
15470
13067
11644
8115
4243
11806
12728
11266
9443
13423
1908
10719
6012
2837
14233
10314
5383
896
9913
7333
3838
15286
6932
8357
202
5023
14363
4025
5105
2978
7477
320
14643
5580
2579
12900
10712
14977
13769
5010
13020
10310
6762
4387
13475
8264
7898
5983
2154
1762
14027
936
6357
7159
14572
3280
3562
10062
8786
12971
8660
12946
7240
5202
2005
10002
8225
7250
9885
9536
11853
11877
8694
11804
13730
5531
787
15497
7203
135
3377
13946
220
9711
10807
5990
535
12114
264
8651
2518
1229
677
5657
9647
11091
2244
15294
10526
130
4297
10839
1846
6994
11200
5053
6587
14072
2134
9131
9655
12261
2838
11486
11263
2027
4459
12186
5408
4917
8175
15582
2250
2616
2371
3787
2187
3028
7848
3824
9579
12045
3329
2396
1579
4737
3822
9814
9050
11737
4878
5976
13934
15369
4742
10816
1317
7164
15466
15041
1410
6367
5983
14596
9628
14549
13532
8762
9243
5083
15271
12025
9289
14485
12995
14648
2856
1891
13764
8007
7223
7414
12568
14676
9085
8717
14151
1834
1802
2612
5729
12858
14229
6253
9261
6874
10688
15017
15378
8656
9106
7237
11731
3179
13610
13888
3339
9766
8247
9629
9314
6143
6245
9823
5266
13231
11756
2302
15265
7361
12896
13324
6120
5828
7242
8066
15248
5771
5859
3933
7956
10682
2473
7534
7102
4776
1137
7924
270
8574
12076
2383
13730
2578
15191
13069
4749
2178
11269
10221
4656
5422
10776
241
1941
11453
6949
932
14936
9554
12961
10757
12684
6503
5174
8674
1891
11961
2272
10957
10750
4573
2398
8995
10597
13321
2125
14132
14673
12072
2416
14748
6922
1900
10301
5815
12087
11443
12806
11693
8231
8962
1179
10848
8465
6313
2849
6137
8061
3595
661
7028
440
13573
11133
15471
7393
9184
10029
2628
15256
14956
4367
14875
12928
9896
4754
9490
8299
6210
10468
2985
14081
10231
14938
13569
1099
10343
777
979
6397
14827
14714
5724
13515
4204
12759
5805
3674
10170
5354
14727
12939
15474
11223
4704
11393
8040
14822
11433
9620
2571
8501
13814
7966
8919
11803
7679
10734
5898
6545
1386
15591
5254
56
934
14864
13783
4044
1494
14713
1318
3833
15217
8434
8316
4488
6468
14170
1796
7185
13553
443
6650
5709
8595
7028
3965
9343
10552
8838
1222
10500
4461
11103
6710
9047
8722
15024
13732
9232
7845
5105
864
7451
12457
10280
15494
8808
10973
14737
14302
10683
9026
13945
3408
12905
8889
5542
565
7775
7467
9527
3466
7334
8958
5781
11136
7621
8281
4119
4356
9614
6368
10326
1226
14596
5333
8795
1470
8931
2380
10666
7045
5652
5441
1613
5735
5448
11992
2193
12132
3367
3982
555
608
1935
10503
12723
8915
1679
7045
6410
11094
12149
3693
9636
8170
12627
14596
476
338
3196
2183
7095
2846
7348
9936
14252
7497
902
9280
4232
11517
13331
10664
10677
5614
10582
10165
11655
8630
11063
13966
15367
7465
12644
8647
3876
7371
3702
10873
2226
14912
6271
15460
8515
15406
9627
4492
15109
963
13945
2962
12983
4925
7578
205
6514
2294
702
5327
10290
1253
2640
10935
9840
14273
6855
1535
12289
3270
3687
8962
10631
12671
12004
10606
4293
9742
11728
10823
866
15188
3734
11296
4189
4304
3209
7870
2492
10971
1051
2174
4622
12345
10828
980
12466
1896
402
273
8801
10010
6231
10178
6443
7072
6166
15112
2055
1371
875
4001
13406
11349
1187
11852
1076
13374
5180
11817
9231
1597
13370
14941
13694
1426
7826
6681
1307
197
85
6747
6317
8873
8413
6624
15271
14659
8269
11711
8487
3436
10219
6556
13155
6919
742
13560
11904
1065
8722
14287
2998
5310
12287
1146
1424
5413
2920
2107
887
3173
8922
5666
4185
12397
6854
4731
7050
5267
12234
7713
13935
12484
7657
14283
3958
6066
10815
1814
9916
5883
1924
3369
1461
12083
10068
4793
12456
12191
12980
2080
13151
2205
6863
1734
14914
5533
4451
5853
15434
14221
5
1251
11963
7825
15056
10631
1666
11783
6321
1269
7592
5419
8390
12547
7354
7610
918
2949
1320
8971
8232
5990
14989
13468
6976
4185
7636
504
6197
15377
11596
10760
4401
9710
5930
1677
4452
13671
15232
3034
12561
5552
1424
12478
9146
3567
7967
9089
6077
430
12524
10110
1917
4760
9884
9428
6648
2758
5286
11852
3338
4260
2193
12838
3344
10073
2016
9941
10120
11555
11819
8501
11605
11791
6785
11313
5802
9642
7077
2838
5735
7662
7640
7307
7002
12954
8565
6061
2140
9873
7884
10203
1237
486
841
1905
8874
14957
3636
12305
14891
5051
3683
14539
7917
11432
1172
11236
922
11159
1956
12301
5831
10079
7019
8885
7079
15479
10741
9964
123
6139
10740
3260
7904
2591
5171
790
14819
5778
8339
12618
4474
697
9775
544
15204
4950
2270
4135
15465
15367
6960
1908
6741
10493
5647
2469
12656
7227
4546
9884
3846
1948
2673
14904
12698
5612
6826
10292
14942
1559
11935
13727
4824
7963
4968
8349
10557
87
379
1004
10760
12831
12532
13482
15140
8146
8300
11775
2842
14338
9284
14884
2813
3490
1358
141
5782
12631
13676
5931
12046
8915
12360
14590
6056
10957
6885
11480
6937
3214
3647
9473
7018
9089
10292
3901
9740
10822
105
4446
9554
6526
13440
7448
2467
525
9903
8486
6112
1940
12130
1342
12036
340
2633
11981
4963
15322
7607
10844
12916
5892
12407
2399
15408
4307
12585
9373
4657
12549
13769
7464
15097
5754
3597
271
534
12263
2073
14461
1368
8088
716
2167
4097
10672
13773
6281
12555
3492
11500
8062
12743
12975
6801
621
13635
12904
813
1118
6305
4619
12439
1586
13372
7640
3874
11751
9095
4998
5385
9590
131
8636
7265
1921
1996
13754
12620
11867
13076
5729
13355
1749
12026
3241
2402
15450
13138
9539
5427
4502
4570
13001
5790
1772
1663
12773
4944
12877
12947
3088
12799
8306
8504
8063
3417
13559
7547
3225
6790
4564
280
12105
14608
13727
5817
2783
11771
1879
10487
4314
683
14254
11392
3937
10041
9858
7644
14820
7964
1003
9703
4440
10232
2585
10969
2358
148
347
2735
9554
13251
6113
14215
7194
5083
11266
5386
11354
9154
9125
8051
3560
11158
1535
2723
7774
10391
14317
10804
5485
11214
13498
14409
4256
11520
13022
3319
8454
8898
13863
7392
12087
10249
13154
6412
1487
11006
6498
10858
9429
3579
3968
15123
14585
7232
5770
2013
3909
4289
11149
1087
9055
3659
4363
5778
11415
13993
5343
12668
485
6168
1652
6716
14339
3410
14080
8027
6756
9321
14803
4607
11126
11215
5662
4545
14862
14455
14893
4065
14890
2345
455
12145
917
13948
15204
304
7820
12278
10373
4711
2443
5606
10105
2420
10086
12527
12671
10515
923
2775
31
14377
1623
6407
7249
9058
2783
9479
5578
13720
7123
2338
12773
1084
4154
15478
15225
4606
10224
13334
14809
2752
4413
7132
13541
4005
644
6326
14432
620
12121
1794
2024
8827
4665
7624
6602
10703
7490
13540
12117
14922
3065
7246
5947
561
12326
14517
3690
11734
8253
11438
7278
9000
72
3352
3469
9533
10252
15348
14105
3329
10342
12304
6906
7557
10309
13815
12670
7714
262
13308
6361
15525
12495
13421
7092
213
802
4432
1886
9035
3805
5289
5414
9447
12479
12854
9950
28
12402
12284
5689
4572
3827
6585
6775
9450
15517
4923
14194
9993
658
15590
6298
15252
13302
11848
8984
1977
1631
13343
14988
288
9849
7697
5816
13217
7879
1614
5758
8013
7387
4178
2171
4460
184
13852
13671
10281
3456
12278
7411
3675
12202
14034
7520
13463
7518
12720
3840
11158
9053
3663
5526
14729
11978
6394
10225
8090
2178
2801
13700
12268
14279
8192
10551
256
10123
1192
2320
11576
8179
9394
4967
14970
1972
10092
3998
14006
102
4262
12068
360
11899
9945
14171
11729
10490
1929
9858
5598
11510
3942
14439
7513
3442
6646
3866
13187
3235
9793
7114
4205
1784
11553
4341
4993
5724
6033
11321
8628
3067
2422
6179
4060
1265
6731
7058
6996
9460
1334
9246
14213
13428
8957
661
1361
8381
39
6847
2743
4956
11558
3012
11791
4717
9591
9444
6244
5781
2449
6646
4770
2239
8446
9746
14932
1291
3991
1402
9914
15517
14833
13065
6585
3425
7486
7640
3705
6866
8298
8275
9410
9954
4406
3116
9105
8000
7086
13942
10988
9276
15244
5221
10893
6088
11653
15427
11727
11677
6847
13292
7107
2002
13670
4038
2355
3002
1318
4819
8488
4784
13605
5788
13474
14173
4782
12293
8934
15109
4388
8850
11831
14561
4059
2422
3579
14892
7838
13459
10265
8414
10789
4212
236
7383
11562
9693
2658
8866
11660
9526
499
13942
160
10339
1101
14002
14661
15060
13692
9954
4054
84
3664
14416
2632
14761
6915
1521
8445
13045
14719
904
14082
12971
4063
8009
12917
829
6306
14323
5002
1157
3468
489
13680
2544
10245
886
6353
10742
10207
7233
3381
6741
10954
10061
7495
12425
7952
2131
1641
11173
7790
4332
8022
10827
11341
14240
6621
11403
6855
13092
15589
4056
8236
760
1682
7381
15247
7538
15020
5632
1847
6736
11858
11920
13403
7230
11376
6254
15091
1174
6659
9914
6206
4360
11537
9788
2995
9547
9556
7173
12964
14224
5289
8436
4496
5741
4777
3868
14591
7200
3302
2370
3932
10557
2840
11912
3842
1372
14609
10639
7273
10595
13116
347
14386
5436
10416
11096
9813
12839
10586
8182
5242
2517
5938
12670
2612
3715
7055
14094
8607
5454
10565
3720
2323
6662
2256
1470
12773
4603
3245
10192
8004
6097
6300
3986
1420
6772
10108
4786
248
4929
4261
4449
11796
11399
4948
13486
266
4456
8103
585
298
4484
9607
12168
186
11570
13297
14647
7095
13353
10827
3416
8617
1380
13745
10057
10861
4553
10051
2055
14277
15343
5065
2418
8170
13841
2442
13764
793
3928
2175
13593
1754
12553
3189
14625
14967
14407
14000
1283
14835
8047
6450
6265
6391
15507
5818
24
2432
4375
12448
2772
11428
13899
2133
13445
9076
10602
9725
7383
12913
3626
10754
15314
10791
4567
10381
4531
6074
11418
8253
7804
9226
2308
13860
11410
1198
7538
14797
15520
9666
7251
3504
13576
5126
13871
11127
12869
8714
8596
11632
14935
13601
13936
4329
3127
14341
13016
12276
7491
3025
2097
704
3307
11911
2536
255
5942
5343
7521
6660
7670
9580
7366
12603
9551
5490
5567
5529
13964
10485
7471
11711
7870
5084
770
4054
12410
4010
9722
13094
13546
12207
9551
10412
3180
5929
2734
774
1466
7226
1597
13956
5467
13846
5511
11406
13485
6425
13267
14985
2993
6920
5042
12900
1718
11335
3851
14739
4533
5455
852
6984
7721
13971
15526
5060
6780
158
10264
15280
209
6271
15433
8152
5928
1987
6952
11284
12571
10103
724
9089
11385
3267
3932
12238
14894
2328
1526
8121
7756
9304
6007
14329
12149
11243
2000
13268
3414
6252
11688
8188
11392
237
2707
10768
2836
3021
821
7489
11456
12717
14924
15068
1009
1405
15423
8721
3634
15283
11527
15136
11677
14854
5100
14584
3995
10293
15338
9069
15356
14892
13480
5477
8924
14403
15578
5480
5724
4313
1316
13142
7701
5571
8634
13517
7847
127
1815
13398
3067
3110
3053
13893
11293
8270
2106
220
7213
15323
14441
4385
2886
4729
13590
10632
2003
8318
3310
222
9469
5255
9093
6672
4
2883
7575
12427
11038
12990
5950
5004
2839
8315
12420
8323
8877
11061
416
11737
14764
15396
11147
14143
1140
4107
14606
8411
12290
5163
10831
13799
6890
1777
6086
6905
8975
5230
790
4807
15017
1452
5440
5741
3454
13882
7706
12327
7374
898
3567
13771
4953
9205
9771
2408
6921
5975
13044
3058
2493
8271
3910
2254
4683
10002
239
1978
11382
11662
3187
14172
265
3353
7386
5525
12245
2413
204
1931
9679
7818
279
9493
12963
12694
6282
14351
12358
2999
13379
10030
2398
7213
5096
2768
11484
14628
47
2461
4841
900
10865
11341
14385
3430
7978
6025
5346
4419
6579
13640
6932
394
12619
3826
5960
13456
1453
15199
12281
6959
5257
5763
2682
14652
11012
3758
3719
3199
5595
5252
905
3247
9790
4202
15106
2798
12470
6927
4493
15352
5714
12774
13459
7196
13778
9073
15228
11737
13256
1407
8378
1692
437
6853
11285
15205
11835
11609
13494
5462
2418
5772
9449
15095
2364
11533
13751
913
3221
3955
4384
887
11703
1922
14326
12125
11732
4450
13187
2697
12625
13356
7525
11932
13449
8385
7777
51
1393
7046
10926
13302
15469
13937
11476
4262
2464
15172
1604
14714
2661
856
8231
9337
13477
10064
7116
13013
12841
8502
754
1592
15153
12197
14676
1736
7937
11738
10878
6586
2854
14650
705
4634
15033
3325
5287
8722
2460
6575
5035
6937
2292
15006
2895
5700
5688
6523
3383
13812
9457
1385
12626
2231
5923
8435
15007
12952
10213
4314
10690
8827
4428
9275
10742
10306
8202
10048
6
9210
6028
465
529
11131
10895
5446
12604
8564
2774
12528
14180
13317
959
14355
11544
14064
14262
13545
213
9610
939
495
14933
15351
14385
4309
8576
11697
5471
2069
4369
5210
2608
945
13838
10908
12143
4473
3754
556
15553
8255
8612
6849
11777
12196
2420
11575
371
13226
11556
1695
8326
15514
8077
8312
1660
153
9832
6708
14956
4946
386
7828
6518
11956
4115
11040
8146
12517
1127
13907
1591
2008
8061
12102
7428
12271
11215
984
14539
5066
5386
7048
5060
5741
6187
9155
11791
8567
935
6769
10197
2211
10229
9822
504
354
3418
11582
5938
46
13349
8106
14187
11495
11982
9189
4908
7886
8710
982
12970
15001
2284
6154
4666
13944
3202
5037
10071
7815
14767
7607
14740
1067
12061
14215
915
6904
1539
6811
6935
11538
9416
12002
7584
12732
479
6420
10277
8764
9501
11571
8405
4522
4512
12377
11664
11226
10373
10275
2265
1964
1202
3655
3565
11878
1934
1801
3131
6994
15195
5950
9414
1898
3631
6564
7844
13050
2362
3541
13320
7360
7061
10906
889
10481
1570
13583
249
5715
11585
5206
9997
15447
15394
182
7907
7546
15270
3562
4038
7068
6204
8353
7391
5875
14646
10426
11911
12968
3359
6791
12389
2798
14001
7975
12092
247
13999
11042
1229
14278
6711
10621
6587
3692
5003
7577
2396
12206
14723
11976
14527
1657
4357
14746
66
14508
5299
12063
6846
5121
9311
1367
11202
11739
1673
9708
6220
6138
5102
14843
12208
1760
13110
1713
1315
9490
3902
11506
13825
2819
5081
13638
5654
10962
14961
1487
9126
2036
823
7717
9982
5864
14115
7970
6037
4927
14420
835
14832
6209
8428
3990
7614
4722
15220
9278
9103
9385
8679
2581
11973
4917
13326
15270
6197
15334
6682
9676
6367
3551
14303
752
950
6054
6273
7716
14527
13885
10466
8304
1536
13178
7808
11651
10730
4197
7896
2262
7159
11623
6898
6146
5379
8592
11675
8078
10807
3404
12728
2519
14792
91
7855
3408
6016
3249
11525
4173
14208
9135
14754
696
1981
14449
9674
1547
9160
1865
7538
15024
13975
13473
2668
8631
1763
11616
13139
7628
9846
14490
3153
2463
15422
5158
9614
224
10218
1080
7505
2072
14605
5898
1832
7549
9710
6414
4022
1218
14315
3064
3904
10273
4045
9255
3669
4300
4246
11978
15336
4215
9112
8579
8937
7556
11294
10667
4094
4736
3904
7669
4646
98
2236
9315
8642
13564
7797
3682
2229
13998
8007
13606
9892
13421
4915
10070
6502
9407
863
9187
2819
12295
14535
13948
5216
709
755
11113
8295
11878
8375
10392
9083
614
6710
11522
14816
5917
12759
2387
9213
11378
6029
10990
6812
12307
6889
7730
7180
4759
9473
1963
10334
15342
11208
10011
6837
6978
2543
5998
3983
4873
14265
3888
15599
14531
7443
10295
5804
4140
11380
6420
15017
13765
7746
6514
2317
4397
3216
13018
3386
987
9306
11975
8360
12987
8187
9295
224
6996
6170
13878
10861
7897
6475
9571
7761
10582
6292
6842
8915
15534
6708
12116
10115
108
6699
14494
13715
13472
10763
4984
3632
10074
12969
13512
10622
11233
4928
12723
1403
5212
13295
4956
616
8845
2101
2734
11456
1825
7059
5556
12709
4777
6040
2711
5651
1655
13940
11771
3828
7844
14405
9236
7539
9663
2353
5649
10056
8990
5002
1218
7500
13041
4908
14435
7475
14737
7778
8222
1538
15265
13712
9067
15011
8848
11552
14309
15427
12817
8089
1871
11285
2908
9074
7175
6119
4083
8965
612
2760
12352
9267
6326
4292
4162
425
13302
1885
1092
13952
1040
3430
2312
640
892
12135
7870
13037
8034
2228
7282
8358
6758
7896
1979
14809
5892
7772
9820
2917
11844
11224
4499
9858
7813
8966
6372
8742
15410
4734
12646
7568
13221
12385
10711
12375
4335
15448
10939
10549
1546
11257
1146
10408
7520
933
3848
2185
4490
1859
6017
4707
10439
5013
1191
7977
5970
9527
14002
4943
1724
7158
15001
12954
8340
547
1608
6922
15353
9706
11504
3424
1362
6744
5508
12470
2033
1121
1645
9832
5346
3706
15450
12554
9361
8285
14719
5286
11919
4297
11178
11673
6021
10427
520
184
5488
11157
2519
527
12301
6954
5959
4954
7184
526
1468
6052
4484
1188
12290
9653
51
3593
1317
14001
12539
3103
8168
10366
5159
12030
11746
3420
13140
14926
3529
11292
11439
13154
7061
12742
11191
2375
14185
6148
13897
6537
4869
7951
9839
63
14229
3745
10205
12947
621
8154
7718
13453
7345
8242
6032
7730
236
14205
11006
5885
4390
3761
7430
5540
15218
10552
4246
14156
13673
6597
12887
13015
14207
98
5978
12786
11438
746
12776
14033
14181
14755
11913
4262
12598
8754
6985
8008
15209
13640
13047
9701
12332
13749
5551
7885
1826
166
6549
11608
707
8856
12541
7591
14587
15503
10946
516
12149
13700
520
5989
6075
1861
11489
12908
4362
12979
2744
517
9390
14487
10747
13868
11050
12190
10547
9964
15035
10599
2159
7544
8773
12098
10047
11286
10451
3138
2219
11049
11127
916
11208
9425
767
5436
1149
13661
14713
12213
2510
317
10890
15097
3683
824
10201
1807
8294
7319
8027
3293
12415
9065
15391
3353
11537
7164
4760
3457
8302
2481
7581
15150
5445
4901
5782
11421
5906
5383
2942
13823
3272
14766
5696
2490
10047
4283
9453
1320
5658
1934
3795
9774
7292
2388
7604
4694
5604
6092
6967
6682
4070
1383
9315
2882
12849
13767
8564
6377
13692
14708
4317
2831
3673
3668
5504
13931
4627
7041
10509
1254
10037
13066
4959
4535
15082
4664
5031
99
4679
10557
11098
4433
6508
255
7641
7384
13268
14933
8740
12689
12401
12942
1400
12263
14216
6953
12504
91
4779
1368
12379
11108
2428
4648
12056
12142
11556
14671
11260
15258
12790
8766
4921
13094
3061
882
7135
12006
12381
13145
6612
8837
12282
5732
7782
10505
10677
5635
11188
97
9619
4959
2485
8052
1593
10487
13719
113
14148
6138
8238
15424
7945
666
13212
14161
8821
15026
9594
8332
15143
15126
14120
3255
11148
2038
5284
3298
15552
14761
12419
3949
2229
15469
8461
9530
4556
13022
9938
3956
11398
902
14110
5805
8638
287
378
10390
8654
3696
403
4444
10563
5865
11765
8755
12141
9060
12805
4047
9841
8211
3977
4750
4470
7068
2659
4219
9779
372
4183
6002
13625
10835
8653
9404
3308
4706
6810
14899
4353
11819
3734
259
1217
13981
3653
10311
7780
2010
10582
7218
10617
7620
3622
9396
13739
12343
3205
8615
5942
3508
2051
12988
9234
13994
53
5373
6682
12123
9297
8785
10411
3571
12318
3237
14307
7643
117
490
13061
2628
10545
371
5138
7023
6290
3911
14940
4773
4091
14309
7152
9031
2778
7371
4797
11617
13800
14712
14702
9730
3902
10924
14132
950
982
11869
14056
9548
6689
14797
2451
13089
2474
12419
2048
1098
7629
8271
8327
9141
12009
74
1549
9125
9863
1078
6822
15114
14301
8264
1789
3775
9759
3258
2191
14064
13034
3191
1313
556
5873
14245
532
10807
13292
11950
4259
445
336
10885
490
5358
6280
604
10456
12021
5043
9634
7513
2951
4730
14607
11651
5217
5435
11311
6193
1772
1108
683
10877
14323
2265
37
3746
5627
11956
14064
5353
11307
5237
6896
4002
5169
4623
13271
4803
9849
7561
4914
8880
15171
14130
9718
4020
3575
1648
1551
10024
494
2219
5018
8115
1000
9459
409
3121
1012
11280
7682
9671
5345
2957
10180
11248
7844
8153
12990
8441
2052
14140
1937
712
1113
2572
6900
13303
3005
14576
13485
780
6948
4170
12476
11414
15499
7356
14938
8046
12495
2267
9998
12234
7686
3703
8055
2986
1036
13151
14503
1971
11532
1987
6456
759
13553
13644
14577
6857
13989
13192
4628
10287
9771
2338
6643
11100
15178
5394
13217
9658
10260
9951
15150
9030
14283
7437
4021
10053
5929
4641
13651
10501
11852
8793
14711
14788
13667
9063
2917
7277
5264
6009
2051
9396
2226
11573
11429
1765
1015
9350
13161
8149
14032
5343
12521
10566
8029
1478
11452
1145
13410
8563
9902
721
997
6288
165
15430
1986
1364
9792
1495
13517
7787
9482
14697
1336
1547
7040
2897
5404
2931
12231
7894
3880
11051
2253
352
8952
13874
11149
4978
13883
12612
10735
13143
5708
12324
6564
10630
3853
9868
2982
7430
7032
2249
8181
9339
8053
6000
1341
13834
10445
7412
2728
1653
15262
12886
12162
1054
3441
2836
12284
7326
14480
7947
11790
2721
9123
13037
9309
11605
12981
5292
10959
12711
10821
10799
6370
10432
2086
4957
4987
10619
9240
11036
10814
7327
590
11064
11682
11279
9274
6714
12150
13173
14894
15143
9303
15440
10913
13610
7753
9674
1003
12239
7696
1733
10135
14992
13562
12616
12604
13494
9757
11968
12806
14041
8446
2328
4408
9323
2118
13172
6714
7331
8248
11270
5634
12016
13051
368
6956
5928
9630
15581
14278
5325
8629
7342
11342
12233
8683
1131
337
10119
739
5239
12116
5071
9191
12198
5853
10273
1407
3920
9265
5224
6075
4142
9618
1996
2527
10390
7972
12570
14300
413
12407
3941
1464
3425
7116
3850
14600
12516
11669
2794
4995
962
1630
239
15226
15558
12790
739
4811
1742
5958
9217
11758
7749
10239
9657
7370
4932
3837
7253
15105
5252
4649
9105
8769
5166
486
1737
1647
15386
7240
3255
3775
4997
8740
721
1309
8343
811
9690
2813
11960
3352
12498
2268
6222
7769
14668
15426
15381
6259
7089
11112
7969
12525
8401
5053
5779
2453
853
11157
6046
6146
8029
15240
13770
5822
2189
4963
2824
3165
14342
4256
5410
11942
10415
4356
13357
5687
14900
6950
14322
15316
14434
6165
2775
4543
3673
6676
5540
3665
11257
7090
1867
7597
13965
9678
7257
5646
2233
8583
12165
1976
4563
13325
1432
11766
13037
15046
5396
10545
14561
15004
3768
1662
1071
8312
4786
5350
8331
15027
8943
6179
6806
11385
7721
4471
5258
14711
3746
3422
841
13902
5968
11598
1451
13439
12090
8673
1916
859
6764
2960
12428
10954
2104
10293
7035
1828
611
6447
7129
1855
361
3508
6167
14261
15326
4320
7635
4760
7997
4967
13840
1508
12142
13391
8136
10273
3513
1378
2409
11137
9672
607
4099
6236
13594
11786
10382
12840
10473
11105
4780
1631
14881
12546
12935
416
8384
4487
6106
293
5955
2786
6472
15361
15113
787
1108
1776
10448
11943
1425
12540
629
6519
10783
3341
9145
9570
13944
13770
7145
8308
3762
13998
80
12308
12362
11491
8325
481
7569
6442
3502
14425
9163
6313
1407
4069
526
7207
4449
5942
1021
14670
12228
13272
9623
10404
15202
1807
12334
1019
9490
11785
4331
11359
5882
228
1499
4803
6638
14009
9470
4442
6350
15348
14503
8912
6205
10665
92
10412
3625
9424
7517
8443
9490
5570
6172
9932
7799
13210
3913
6869
273
14836
9364
14006
5092
1887
9226
9502
9092
1008
7629
5092
7983
4623
4758
3368
4162
12435
9969
9240
2255
15049
14899
1038
10281
9629
13898
1682
13115
11307
15021
9122
2782
3075
3944
13241
11261
7935
1194
5152
7222
14783
3024
6245
12534
4742
7897
12290
6770
4546
15010
5669
11116
4267
9611
12559
2138
12161
5706
8607
12910
5799
5951
5345
5192
14137
12150
2099
6637
9977
11651
4570
10795
3918
15035
9572
3310
3370
11784
7295
13824
14387
5917
1601
15353
8382
875
14340
2906
8046
676
11935
6346
6965
3596
9989
4722
14646
13274
7315
3364
9866
15178
3148
12720
4582
7532
2601
9913
12735
7160
9446
7308
11697
10123
1197
6330
7381
6369
11575
7199
7651
502
7761
7233
1685
2515
15453
12164
12338
14442
6428
15401
3289
9912
213
5427
4999
11050
5334
2775
4727
7758
9208
1828
3299
10546
8773
8096
15430
1161
2270
7294
913
13150
585
4269
714
3626
9174
13450
9592
1402
6442
550
1268
1541
4039
2384
13130
1999
4947
6375
11323
8066
46
7408
10201
14172
9643
7243
8486
9931
4707
4739
9061
4449
5996
13074
11961
6807
1180
6919
2125
10484
1137
624
14760
9078
3101
3340
2129
8085
15268
6194
5692
12889
1740
14153
13708
10829
13447
5519
14397
5171
14474
3414
11492
13803
477
657
13412
1997
13696
7358
1183
892
14488
14249
7264
11599
14288
11597
9912
12169
8919
2012
8538
8
6787
7390
4638
2888
12857
6017
8050
9161
15488
1935
13449
2244
8712
14341
7337
7388
12907
9863
13885
10842
13944
8480
9007
9870
7184
7441
2943
2771
15475
2911
9212
5248
1198
1063
1183
14280
9940
8386
9225
5618
14948
7438
2985
6376
12930
4475
13340
6287
12112
3510
988
2137
10705
8767
9158
7955
2291
14004
10497
11518
14952
10733
13011
2263
5015
11341
12052
11851
4647
12070
14805
1477
4730
14388
6743
14528
7158
7231
6799
10893
5048
6032
8038
1784
3572
6192
1993
14182
13542
1221
9599
15433
3715
6821
15584
5658
9571
8042
10927
3660
8455
9833
7713
15118
10087
15384
13710
6256
6192
7201
14361
2817
12720
13231
11457
85
9102
7694
14317
5770
15329
15259
10420
11479
11073
2571
14941
8268
7985
343
9199
13361
9893
1329
12699
4218
11164
5549
7541
6619
9517
8056
7709
8276
9125
15598
2699
5724
12067
2065
6197
6954
6862
10514
4582
4577
12566
5501
13092
1736
4988
13208
8180
11620
7071
12500
10142
1784
3216
11224
4591
11494
5220
13921
2460
8987
4620
3954
279
8688
3074
5467
1830
15544
4058
13782
980
6055
10652
2725
6334
3107
15557
11928
7390
3635
3712
6705
7562
15346
116
4889
5643
1106
11664
10168
6211
2705
873
10595
14487
4582
10992
324
7530
2612
2574
947
6858
2459
12065
5831
1933
719
2924
6902
6910
1764
9821
5598
2397
9025
1300
9583
3996
12110
13936
15196
4121
4869
10583
2136
8876
13895
4125
11151
7724
4907
8685
15265
3284
8228
8013
7130
461
14836
15252
2976
1366
700
15575
12701
1014
5229
28
1659
2788
12237
2788
1931
6461
2350
3264
4409
1791
5593
15217
1483
3232
5769
12646
3798
7880
9553
15312
11006
13828
14125
9291
13197
3805
13054
15414
9325
7428
11583
3567
7177
8690
1246
3977
14459
2174
12013
11947
15577
12343
10231
5408
9850
6954
8643
14509
5390
14773
8804
15451
12214
5059
6670
7929
224
9333
3268
4879
11716
7362
7776
8889
9473
4368
2861
11034
13602
14590
5299
768
12613
15285
277
14390
6553
8522
2941
8089
15239
2053
10351
5916
6901
9981
10502
2160
1309
10934
4811
5736
8093
5039
11160
4614
15445
10980
15353
12178
1680
4743
13529
10588
10228
4921
7249
11027
6704
14977
12275
10439
4996
6497
1612
6334
710
8983
10245
12731
11016
9252
10852
719
2081
5080
14138
6578
4754
5467
2575
4351
10199
12350
7927
446
12578
4353
14339
1575
6327
5654
1655
12391
2167
4060
8012
12396
3961
3903
7348
9334
5481
2656
6897
1014
586
5987
306
8576
3837
4126
13402
3523
10428
371
4660
8072
5412
2409
6161
4851
2280
13167
11257
4363
10383
3218
7713
1405
6134
2355
2039
6811
5523
11814
2465
7316
10879
11179
6507
10749
2934
6808
11923
11026
13929
10641
4188
1237
12898
13808
2011
11074
14378
12193
6888
6322
10785
2417
4463
12510
5205
9276
503
14623
10713
3326
45
11747
10701
1927
12960
10453
15449
7406
15238
15023
9353
4179
14600
8631
2886
15083
14155
15497
8509
5865
14702
14333
5173
7159
6830
8253
12895
3189
10011
9732
2823
3814
8371
13065
12433
3304
8658
12237
2984
12639
1004
2965
5639
5270
13950
11227
8654
4141
8751
15019
12377
11630
11830
2650
15109
5138
6618
989
13473
12544
13851
4297
8919
7076
13180
14242
10929
15536
1932
5917
8290
3213
9831
9695
8444
2134
3844
6623
10633
1050
6497
4065
14350
7381
467
7469
2096
13346
11411
6589
15495
15584
7075
10664
12714
3662
484
723
13073
379
14132
9936
3736
13708
5850
15451
1902
8979
1037
10245
11829
767
5045
13966
6059
13439
2227
1889
8102
10572
12193
8688
15028
13329
15224
120
14705
12500
11509
6449
86
6291
8485
8881
14297
11968
1148
7033
5833
1877
2988
5384
6604
14989
3195
7144
11505
10019
2100
8660
5943
8881
2581
13159
13494
6760
10034
2844
15350
3308
12199
12185
7611
189
10031
471
11353
2550
14426
11707
12742
13638
11434
15110
7847
14230
12961
8709
9269
119
10600
11767
3080
3717
476
2269
13751
2972
8223
6458
6305
14502
4950
31
9681
15313
11422
873
2819
1604
6940
10327
13254
11304
7955
2382
7573
7009
8878
9938
3919
11385
12298
14996
8254
2407
1489
9090
9340
5134
7698
2619
9261
3721
3644
1395
8846
9184
6034
4278
12414
7772
7883
15078
7340
9532
2492
7266
7962
4486
6546
14327
14038
6104
2529
8937
9340
13052
11285
3645
1811
967
6722
5253
2024
12667
8961
10843
3735
8213