14308
18036
266
10016
6232
16755
9957
17548
8107
1483
9051
8394
9920
5870
7821
3941
828
4951
15669
7667
15550
8096
11120
14840
4379
11185
9415
5659
5664
15460
3999
13980
3433
13484
5158
6871
17019
17617
13893
14883
5160
14269
5943
8185
11961
12194
13416
3239
5770
429
14483
10268
8321
14970
3414
16037
10187
2729
3930
10106
10322
11484
17377
8664
9099
15491
5895
6935
13664
11333
865
8598
11010
337
2791
16576
884
592
2543
11445
16294
8446
7325
2104
8400
16760
12795
10024
5217
301
9369
16070
2681
6494
7988
16893
14714
16945
2457
14989
8237
8725
14445
8770
17165
12443
4002
15781
5684
12279
11494
13296
3577
4882
1160
17815
7768
6007
9082
4132
3317
1281
16843
7192
5974
8075
9607
16948
10935
7893
12306
7247
5253
330
5281
17610
5984
15129
2077
629
12918
9742
16746
13634
5714
1372
13868
9683
17099
13384
9618
16902
10242
15391
4704
1933
8686
15487
15929
12332
13346
3877
221
9274
11108
4443
1671
10245
3282
17564
3507
1647
5840
15739
13124
4790
12062
2727
14213
12023
10404
5477
14320
7464
10678
5005
16059
17738
9375
17090
11510
1647
11863
2749
12967
17148
5406
7373
12669
7861
3809
2547
13877
7622
3223
17532
10071
5817
16291
8336
17707
16221
15740
17747
14008
10582
12060
17651
4083
17094
17953
16579
13874
10437
685
392
7660
4959
10820
15173
13030
425
4482
3741
8077
5378
12697
4682
5105
3273
9809
13549
8804
4258
15826
13124
6593
9832
12795
9352
15419
14130
10299
6378
847
5323
15722
10145
7672
2347
9994
11708
2248
15936
13590
15711
1472
4861
16466
3213
1341
10854
5092
7597
13408
13892
11346
3970
15981
8143
10575
8093
1213
3821
16743
15190
75
4859
5625
14405
2098
2164
14731
5208
11783
2070
2506
13268
13106
2591
6339
8062
9588
10978
5114
7776
1700
15296
12312
4939
2814
10113
18078
9141
15160
3733
17097
5484
2526
15393
6317
4522
4990
7118
12113
1330
12093
9709
14026
10762
16600
610
8403
16625
18039
14064
1199
14158
14160
9841
14852
4916
132
16813
1549
15218
13481
12027
8022
17378
6034
13495
2672
12548
9987
5131
6084
1222
10388
12323
11674
6119
1909
13712
1049
116
6306
282
1123
1486
437
3020
2970
16836
6231
13309
11009
15542
17983
1071
4392
2303
16015
9235
2634
870
15700
292
10063
10705
2543
14000
9183
14153
13247
2402
11457
15517
14669
13564
7066
499
13748
2920
17673
10043
14585
13769
4320
11021
13056
13224
12846
14288
4938
4297
17687
12665
4754
12394
10053
14778
11415
10345
4567
12272
17681
11690
4441
15743
17807
3384
1820
7911
14186
1467
11328
8360
220
3375
16472
14455
14249
17991
15903
1889
16143
2674
12162
11731
14418
521
3926
3915
2023
11810
15254
1227
13052
17876
6257
14133
9935
2435
586
1846
8218
11349
1170
13957
17016
8531
11685
17491
14413
17651
5611
13617
7914
17039
385
14131
5902
2550
14589
2370
9852
5346
12632
7196
4319
9946
964
14270
6606
3813
4996
5824
9662
12746
17496
11810
14868
4681
5834
15005
4795
16480
1133
1211
9751
10490
7694
14646
6176
12986
15438
16522
16990
16411
3952
18085
16241
4322
9440
7281
3246
6626
968
4147
17531
8527
15060
7255
1152
11053
11574
8285
5701
17091
15515
6938
4191
17466
14383
12504
12116
11506
15340
7556
16891
5567
2470
2998
18096
4069
5336
16604
7713
18013
17785
7405
5143
3585
10873
3309
16537
9200
12081
3758
17374
4645
6094
12860
1682
115
16443
15384
8410
12015
15095
1723
14160
1708
4936
15974
14537
8064
17298
9362
2700
10169
3324
16595
12784
4371
1017
383
16060
8361
12692
11049
6057
14096
9216
7152
16257
3515
12490
14885
338
6570
3433
10277
15867
8081
12664
3420
1752
7278
8312
6842
3292
93
1214
6561
1179
1085
1800
5709
6388
10422
10302
5604
12071
17288
7836
80
15182
10050
4063
8893
14921
5933
9317
4264
15372
3909
613
12107
9897
1163
15283
6483
5190
5431
10303
2691
13091
6278
5918
9384
10484
12284
2098
16305
509
11647
3404
962
16945
4726
17686
12300
2766
1645
1311
5709
11203
17243
11600
12204
6149
16718
1757
12567
5476
15082
10213
13576
7634
7055
3788
9605
16938
1042
13199
7572
17406
7454
9690
6591
15683
5938
14393
1853
5734
900
13315
17620
17458
2246
17539
13595
15377
17516
10475
10189
2704
17226
7555
3752
11411
7829
248
15654
10562
5824
4932
6572
10860
8684
15762
12526
3407
5089
11241
16647
18099
15465
655
11659
16359
10392
6883
631
6277
2537
7574
12602
814
12877
4574
7516
18042
3572
13321
7423
3197
6105
7706
9585
12749
12129
14424
10157
15687
9671
6324
2543
11154
15367
3
17320
12855
7431
15800
11127
14272
10814
8674
16062
7626
7483
14284
1201
1267
1615
14688
16985
10879
15386
8177
6446
4581
14440
13227
4354
10902
9901
18026
13090
12396
4344
10705
372
11630
9708
10567
1710
2973
17705
5864
15295
12080
3338
11892
16905
15774
13399
10805
7801
167
14451
17796
14169
5877
3280
3704
4777
10680
1110
8344
13083
1728
3018
15468
13391
11648
6661
13148
1436
17085
3724
8786
6683
16198
11180
14423
15836
13524
4573
4251
9699
940
3274
6053
10120
13449
8907
16505
10405
9327
7351
11068
7856
11057
15361
9517
7341
15639
4026
4470
10092
2547
11806
7952
8189
10966
2250
16947
17273
3047
10862
8657
8377
14199
7611
11661
9298
7159
9334
15512
6033
15441
3809
1502
13440
7456
2587
8653
5456
14398
11997
3075
15090
14251
15727
16026
15257
14423
15599
16082
7672
9150
13513
4897
9555
156
2284
2854
9842
1378
1643
14992
16878
3672
874
2158
12325
11989
9379
4034
12814
15990
9395
3733
13020
18086
15326
6469
14082
11239
16911
15082
13548
1891
2494
16849
11711
15706
4191
5287
621
4240
12787
12836
9208
1503
10295
17105
10720
15303
12287
10584
12856
17982
7507
8889
12448
15892
11652
6371
2927
12383
12995
12551
581
1490
17330
6428
4450
6921
17638
2741
7062
1832
7435
3419
13683
11057
1261
6622
4219
16775
17273
1492
16130
16584
7977
13952
7003
12453
9961
3349
858
9785
13544
1865
4977
10054
12688
7099
1420
5116
15241
14454
6475
5998
13211
16593
16312
9860
14381
11454
16514
10072
12428
8682
94
14791
3364
4962
3137
16344
17667
14577
732
9363
2523
17003
5460
3625
15478
6843
7344
10347
10800
10656
4082
13385
5116
3837
15865
15206
3859
3903
71
7234
3108
17021
13973
6605
12088
9902
14570
5093
16617
1379
17677
13729
901
12130
10073
7625
3316
6861
2017
11477
7239
8520
16016
4610
6596
9370
12130
7200
15944
3416
17029
11118
1417
10868
5900
14799
4823
12533
9699
903
483
12089
13771
5569
9632
4276
7840
17436
16457
15282
8579
7050
11908
14672
1648
2699
14235
7352
5936
7124
15392
17618
17454
10423
7626
8291
18063
6691
12144
17702
12312
6970
10080
16482
9434
666
11883
4594
3199
15931
13751
219
10182
12393
13262
4346
3591
16228
16708
2619
15243
12226
5205
13648
7444
5400
1899
13087
3034
7476
6876
17828
12486
9443
13664
16454
3206
14683
637
14314
682
520
2885
17091
13686
2865
17666
15415
13580
8925
1819
7740
17064
10176
244
15871
17698
9153
18073
1605
5811
2538
15859
12193
15538
7353
14227
6931
15067
6025
14835
9900
8387
17135
8118
14284
1839
12408
320
4181
11875
7243
8431
11566
4974
4826
16802
6154
12332
13499
17887
11602
3079
8618
16748
13543
17585
4831
4401
13152
14734
493
9951
5745
1124
10487
15021
2850
15330
15639
8031
12033
1410
575
9461
12431
7918
7051
16226
2285
7365
11931
10619
17406
479
14584
2931
9501
965
2531
10425
3230
11701
13368
2172
5255
8738
8874
15780
12526
7823
15278
15140
3049
9927
965
8722
15857
13565
223
7402
12554
9863
16562
6348
39
10849
777
11385
5670
12930
13724
1054
125
15145
10557
3187
4187
11900
15648
1457
14078
12316
11699
13880
9232
11312
4562
16220
11222
3039
9609
17095
6265
2325
190
2345
6206
15335
14824
13017
17513
6173
7397
1928
3863
10490
16533
1140
8490
3902
13664
8250
4118
12550
15892
1601
10163
10638
13623
17213
7105
3873
7291
8609
2954
3194
480
6158
13797
3088
6930
15630
17188
13731
1906
16736
9243
15174
15827
12189
8262
17048
17910
13392
12615
6106
6309
11788
15404
16019
7050
164
14957
14462
15976
14317
7184
4408
2411
12301
3087
11738
1315
11885
1740
7946
6355
9371
4857
8254
9856
10239
7690
2491
8808
706
3334
6648
9077
4279
12741
1072
3413
10258
1006
7573
5084
1252
6820
14174
7210
8600
16315
1901
13292
3514
14847
8662
2767
4616
766
13773
16839
14138
6817
16320
4542
11302
17579
16987
10948
9871
3345
12732
7385
4367
16907
890
6735
1441
703
10117
10753
10429
5762
9516
17993
8951
11094
12150
456
3337
16259
6084
12221
17100
1944
4347
3231
11393
5879
14313
3868
270
16051
1571
1488
6506
16336
14359
17994
1950
15261
17933
2096
12797
12108
4971
966
1628
12749
13900
7857
12323
8948
655
11082
15029
3993
17921
8040
10680
16026
6746
1592
9831
12887
17727
4153
6549
1093
1284
14934
14233
10712
4639
5350
16369
11466
3433
12114
17826
6387
4209
6044
5272
9989
1921
10761
14518
183
585
815
405
5700
9038
5026
3783
6823
5647
859
15516
6529
10543
12432
1464
14269
16026
4299
11858
9097
8405
4704
3059
1687
3404
13768
10803
8569
6555
6780
13012
9464
15376
10298
16556
15775
6156
7802
7479
2051
2852
16284
12592
9217
16807
6912
17800
4188
10848
13086
827
15793
8594
17712
7580
11684
10909
2817
15171
2802
782
16513
5231
12327
11566
8529
14823
17657
12124
8578
2638
12107
7791
6160
10066
10854
14802
2991
9102
788
7085
1378
8180
9276
10377
995
15634
13040
4510
7682
599
15467
2301
16722
10974
5983
9776
17540
16724
5910
4992
8524
13890
2646
13401
9465
2837
13804
15535
17666
10828
14203
7086
13031
1030
6648
330
4805
15485
3438
3695
16180
4979
6584
1073
8406
2818
7963
18059
8250
7833
3043
8744
15758
6234
9442
9127
12811
2553
15630
745
1546
4008
10296
11763
1759
2657
5283
3685
203
4785
7151
11409
8785
11966
3002
12590
17671
11043
10041
11046
11622
10799
11576
3526
1689
5073
5100
8339
3905
253
16091
13471
11699
651
17725
17735
11923
5824
14387
5454
4789
14669
15454
7860
6207
11345
17860
3509
16409
9264
1718
13852
15556
5023
17203
8766
8331
11519
12755
12664
3720
4186
7544
13026
3464
9255
587
9915
6847
13230
6047
5679
9752
5048
62
17825
5495
8398
16450
487
10398
9666
12614
17959
17182
3568
11138
10681
6666
15984
17602
9729
14476
7484
413
6538
11941
6076
15632
11351
3412
12303
15084
11632
1300
5491
6601
8432
9813
641
6680
11904
10832
454
9600
8008
16496
13596
640
205
3252
8724
8999
2836
5644
8061
3423
4045
5997
1046
15010
1887
17890
12891
10600
15086
5753
9134
11710
14503
17192
16853
15401
270
8788
2238
11706
14920
6612
9722
6992
15840
12502
6181
14241
8336
16625
8664
12664
13909
9654
9486
5130
6692
14759
9502
8368
11257
9514
9229
4227
15589
6939
14136
2758
13524
10126
8461
17681
15254
5738
11022
17494
17555
10704
13483
11859
4202
7171
16233
5530
3191
13798
15463
16131
3811
5957
2375
109
3104
8379
15116
14689
2942
2826
4208
10474
8781
10263
17697
13159
12232
9462
14376
7414
8705
3672
11290
11083
1305
12363
17880
3625
13106
6934
6869
9453
12147
4252
7651
12075
14669
7541
17854
17873
3287
2237
17876
9342
15719
9241
5840
9698
17856
75
3249
7040
6825
15610
13593
2472
14074
5886
3439
12638
6585
12155
16500
1862
15147
16808
12151
17095
12512
12178
5949
4907
15431
5083
1282
16526
773
8056
12635
875
3602
6122
13325
9944
17013
2669
4516
15147
11079
2580
5496
15829
7677
10022
6541
10005
16412
2359
17823
3990
13395
17522
396
2114
1965
15221
7790
8396
12082
17837
9646
9179
4329
15929
13460
16327
6930
12259
9892
13187
9342
5331
14309
16947
5613
2289
14628
7270
994
12437
13651
1392
15688
11206
7383
5553
16205
15031
11965
14938
9184
8375
17415
9702
4256
16331
7847
8410
11091
3170
3874
6
9369
8157
12370
1413
4603
983
10202
17747
3599
369
8264
10803
11310
3955
15836
3951
16817
1295
9730
545
16105
1271
6305
3242
1622
11978
10555
9527
15272
7439
1000
6358
15671
15874
14428
13060
8271
3976
9541
17443
14821
16107
356
9912
9496
13926
6979
10576
5748
11695
7568
11473
12474
3411
9980
14484
8345
2650
8647
10573
2007
16240
17481
15933
9738
14815
17858
1578
12516
7150
7970
14849
4321
12685
6732
9024
13016
2722
4837
9440
13115
14722
3503
1924
1288
6867
1754
17326
16364
3732
5099
12211
10974
1969
16805
12198
17723
10563
806
7487
1803
1816
3824
3937
8902
11143
12094
7144
5588
10415
14982
8007
3876
5191
14771
11752
7
14037
915
13134
360
193
9678
14357
2859
17728
5162
17634
10090
5721
4516
11640
14837
9584
3053
3125
3376
9117
11902
8737
3218
13407
12356
1687
5464
16811
15788
10380
7687
11269
4735
10387
12428
8352
4005
13212
11422
12722
12760
13930
2459
8874
14651
16652
12528
17047
12154
1173
533
12696
14310
2337
9549
5550
5383
17967
1194
3524
16542
3594
11656
8512
901
8001
15540
7673
6444
17676
4628
6599
3113
14501
13205
15100
3224
7409
8820
11689
7712
8821
18052
14146
17944
3215
9084
4853
14210
490
10976
14474
1625
14417
17647
5503
3521
11630
5348
5205
6601
2632
11542
11459
10397
11027
13596
5768
12082
3438
8323
12341
13602
1046
17186
11189
17252
16873
13078
12402
4072
8990
12075
16770
4275
16465
15137
6621
4324
1816
18026
6469
3902
6984
14897
14617
8834
3364
4384
1206
14612
12368
5438
9745
16900
3251
6304
10596
8812
13101
11675
14353
4134
1677
424
11584
10410
4585
3718
6442
114
8358
4289
12656
10202
6000
11446
474
5675
11543
340
17073
16346
10021
10630
9876
8269
833
10188
17639
8990
3793
8369
8984
4780
12847
16906
9401
9238
13032
623
12801
17368
17111
13470
572
8353
8139
3826
623
7577
17249
804
367
11005
5452
415
7269
15176
17161
3441
10824
17598
13505
6901
8130
13558
17491
2370
2894
11650
13586
7157
11739
12578
16578
4592
7308
6402
6368
363
2221
691
11331
11741
10851
3800
17427
9242
1524
16937
15650
15813
11245
8682
555
17415
16990
14512
1285
5595
13033
5633
9725
16946
14817
15985
9058
629
2139
7816
14866
7563
15465
6657
3178
17042
94
3682
4699
9948
12162
13918
12648
3903
1824
4774
17405
14792
1068
7118
4201
13368
12494
3235
10033
17585
3121
16571
6255
8698
8694
2557
6546
713
5612
230
15909
2700
12188
5857
1877
1423
3096
10733
14925
8356
15887
6383
7044
1791
8710
10074
13690
13324
14516
6535
3939
12122
16268
3656
15953
339
10104
7519
9588
2017
11900
13483
2890
8981
14860
10945
9031
2127
9331
12756
15055
2176
15955
5839
9866
6556
16879
488
12689
11865
13341
12904
3871
6936
8758
5401
3842
13228
12225
12734
1834
8965
12475
508
16097
6127
9709
15582
6954
225
4251
373
14681
11418
1675
9017
16461
8402
3689
6137
3881
576
5229
14080
4434
2384
12961
3111
7280
8578
17310
8613
14102
13442
10086
75
16505
16312
383
1872
11405
5199
124
7526
12773
1785
3691
6739
11514
4852
7678
4651
6487
18098
10104
6844
16266
10394
6353
917
4291
2402
9380
7167
2468
2181
11859
16477
7057
16866
10492
5881
4679
5808
5037
13774
4771
14534
797
17284
13887
3514
15208
3396
7968
4284
12584
14469
7147
277
11728
17110
12462
9882
5757
11615
6358
4676
3470
13471
1636
288
10270
766
4706
8201
13067
14159
15438
12500
2839
6910
9189
1562
3734
11797
572
8429
13198
16307
7667
15519
15236
16242
16155
7047
17590
16109
12350
5476
10908
9878
9623
1960
12136
3802
2672
3827
17213
893
11633
2768
15508
933
7297
2932
6904
1032
3406
11962
10109
17401
16238
15167
16626
17687
7339
17235
8285
3001
7690
2647
740
15261
17937
1992
18017
3040
11438
5804
17615
9950
389
5650
9807
971
11767
7827
14104
6885
17955
12756
5914
6469
5720
12298
3972
16119
972
4537
14921
14671
6478
11695
12612
9689
6712
4111
2605
7624
739
12167
12767
15982
15217
3965
7296
3426
13019
13197
4001
12292
12472
13041
1915
10261
16021
1023
3189
2317
3529
8979
5705
8425
4112
5186
10916
8345
1511
16036
1066
5850
1288
9350
6314
16962
15291
8520
16694
1594
1362
9410
13189
6153
6207
12536
7622
7735
5781
934
13438
9810
2294
16271
4667
3628
9360
6496
8797
1054
8062
8149
13478
12198
12786
11072
13864
5803
12614
1951
607
8038
2390
5966
1420
6165
3717
3090
8000
16941
16505
427
13264
17162
12491
4147
8291
14421
3524
7070
10436
9566
16719
14574
9472
14728
16423
17253
17591
1264
5732
3442
5376
2910
15525
7833
15174
2979
15709
8060
13708
11575
14449
4160
11479
1959
3764
14697
4174
5088
17297
1533
6182
8707
15453
3697
3789
13256
13179
17335
12363
16803
15152
15395
6083
1870
3761
342
2376
8374
9253
13150
14717
14070
14366
3558
5747
13516
16712
8141
3282
6376
5155
8441
2895
17611
11942
14289
2495
10162
14778
5793
17322
5900
10045
11609
13675
13110
3593
15139
3194
10180
11903
6880
2737
12669
13252
12488
4014
17002
2469
1199
15339
3324
9871
4692
2650
3822
10755
5759
5038
11171
8123
13680
11024
16610
6422
12299
13677
10657
17886
324
3560
344
15093
12280
17220
8057
16197
6513
1286
1346
11824
4278
14478
8978
15525
15644
3852
3712
13225
14157
10637
10417
4922
16585
10143
9435
17353
17495
2820
4972
14150
6749
2583
14544
158
16606
10362
8931
11223
16049
12336
14176
1403
13596
13720
2059
2837
5818
7891
850
52
8955
10192
18010
1178
11952
17294
10923
3683
3967
15116
10164
10611
1413
4055
11448
14375
5757
15654
2221
15754
7022
6697
12033
9556
9576
8999
15996
250
6806
11996
3466
15852
13011
8390
9334
2766
11523
2331
10837
10274
4430
1523
17508
7792
17934
17285
14008
13960
13833
1931
1287
144
4138
2905
362
3923
422
6764
16304
10111
1397
3171
5576
3656
9306
14678
13587
17753
14912
14220
18030
5226
16366
17116
12071
15950
4100
7187
16733
13585
9436
4315
10185
5325
7332
5759
13640
4446
14984
2272
16041
8595
15682
16477
12894
16084
2957
12196
1995
16766
16697
1442
2957
7475
13878
13449
15212
14918
17360
17315
15169
1925
92
13358
9848
13583
14582
18033
11699
8240
5877
10817
14881
696
4707
9242
351
15160
13747
14115
11726
1104
7458
14278
4789
3563
14191
10787
14332
11133
4499
2287
10285
13083
5901
2366
133
257
13258
9970
9795
7644
16781
14965
10946
7201
14182
6052
10534
6619
4039
17200
17159
16020
10566
15778
6423
8373
570
1588
17314
12058
11260
14796
10280
5126
1767
15893
12927
3655
13865
6443
16872
16856
6295
10759
7616
2979
1085
5763
196
5905
8755
4210
11993
16591
6839
11227
1823
3436
5569
9852
17925
4146
5200
334
16608
9189
2849
2529
4036
12079
3473
5813
6913
4187
1478
6935
11180
16386
1632
15643
3665
3054
17114
17880
6732
217
3396
2577
11506
12937
1713
14149
6963
2410
6024
10605
10391
9361
14143
7507
2346
15078
14388
13432
13892
15647
3457
1821
960
6800
17032
1889
16379
35
8342
8970
11914
4443
567
11438
13343
2274
7117
333
9883
14987
6146
9834
17066
10068
14435
9511
7148
12652
1269
14116
2882
6934
16962
4217
14575
16243
17251
2999
12389
13467
2853
9797
9391
7894
9952
17363
17656
958
2461
17178
11987
12479
10712
12019
12728
7888
15257
5682
16055
8532
8834
2353
14937
12927
5330
5364
11009
10049
9781
1105
8354
8301
12549
5407
2637
6134
9731
6805
4751
5688
16597
3934
10027
7249
16263
16939
3042
860
4230
11572
12365
6779
12114
17313
17180
16406
10968
10011
8188
14900
8039
13006
16618
15135
10357
12043
263
4467
14263
11995
6458
17644
15229
10212
15767
8153
4312
16776
3609
1885
6259
7817
4211
13798
2606
10415
12064
2203
9227
5718
15587
195
12519
4158
1434
14798
937
17255
2948
17364
8524
12508
9055
4147
12414
1385
16928
12645
15008
15223
1095
16449
18062
7431
426
2812
5135
490
5455
644
15248
17270
10205
11076
5841
12446
11179
8239
6105
224
2243
13323
12713
8263
15814
2012
6773
13828
15178
6281
6134
1071
14452
4589
16985
4186
9495
11392
12688
10454
3754
5235
11765
2142
8881
8226
5736
863
4398
5505
6054
14412
173
17361
13558
12319
1896
15024
13008
14920
11414
10476
1987
14805
1809
6166
9763
2437
6105
7833
14559
7552
7984
2270
2565
16664
7265
8744
17827
10964
1040
507
6511
1725
10254
9753
17404
10279
11187
454
1686
5434
5711
3949
4404
7478
6037
2916
8328
6527
14220
10267
5217
14558
3971
1983
7340
9821
14459
6592
5860
4857
10521
14063
6701
5489
7433
5315
6617
11622
2298
16983
17958
2866
18091
2931
13860
5738
16761
6194
7239
14444
5192
5627
7753
10656
5147
8710
3429
2357
12428
10757
162
3716
8313
4465
2158
11170
496
1024
2765
15526
7130
5224
2941
5621
4335
15369
1073
6831
15466
3846
16898
13401
15525
9361
7552
10445
3563
517
16927
1220
11035
13254
15866
7701
9126
16847
8815
7538
306
426
6420
7343
7630
14543
6044
2655
1336
392
9737
10187
1886
2121
10684
4779
4562
9378
14475
7056
11876
8390
15801
4828
5155
641
5716
5435
4083
18000
196
3093
10063
94
399
7180
3282
12147
13151
3979
16082
9695
13801
1962
5386
8509
17572
281
7127
14342
2672
6011
25
1243
1579
3728
16651
3612
1028
7115
2114
3412
14726
14291
5752
2299
10993
10533
14310
14876
16195
11190
3158
15789
7068
4811
1256
1823
14236
4119
3509
6969
5069
13952
15824
12339
123
16456
10846
9400
1773
12551
16294
3143
4431
13403
4539
17237
969
992
5341
15028
2065
1859
14273
4485
9729
9306
3447
2342
11563
12054
17887
13614
14110
4537
12711
14042
16701
15129
1856
17569
454
17830
11694
4184
1327
2687
14583
11316
16464
17610
3620
4604
9974
6904
16430
2553
13984
13671
10894
11775
15342
6761
10721
1012
2096
16748
10739
17762
4314
6756
16584
1345
14435
5935
6970
2096
13483
13152
1303
3608
14206
4078
4797
7512
8562
14540
5014
9711
7930
9388
751
10737
6894
7802
16795
17511
11212
1606
11321
11549
10466
6583
9474
288
15339
13622
12659
15117
17824
9990
15964
8279
17904
3355
16480
10173
12894
15021
16503
3602
6308
4044
14890
11199
17250
7136
7279
16960
12316
14014
14700
4199
11551
9902
4170
7714
10816
15179
12577
8245
6299
12883
12443
4263
15047
17863
708
10798
6196
14981
8451
13323
960
4574
12652
12895
7682
2348
15979
16782
6789
16605
1932
13082
7595
4426
607
5646
15125
61
3030
721
12018
3677
1607
7798
4240
153
15943
9812
1997
17862
13928
3175
6505
1802
12658
2411
12284
4763
12250
10095
10892
857
14920
2427
16948
12969
5239
506
5497
11670
13857
10900
2976
2199
1312
8203
6693
17435
3891
12278
12924
18070
1594
13892
16806
12631
9805
10849
16451
1724
9975
11257
5057
12214
15436
7361
16450
1171
8503
576
10227
2442
1236
11627
11707
9661
7354
18094
78
12113
16807
11543
4078
12670
10626
3801
14660
4002
14023
14567
16419
10495
12366
13432
4682
8489
17015
4682
1416
5101
7155
869
16303
15878
5394
4004
16763
16414
6196
17503
2770
7469
1593
8353
5761
2490
267
3124
77
425
10303
8524
6594
13532
3800
4433
6742
10013
2244
8129
1327
14274
11903
15960
16221
9900
8964
17755
6547
13320
16111
17031
12543
2075
11081
9423
17728
13586
4044
7528
17225
15765
310
6675
9312
4272
5574
12011
17958
14371
16812
2617
8114
10665
13784
13390
16278
15468
2565
5405
15578
17119
4651
17202
9968
16187
5028
4717
3224
14135
2772
6497
8474
17639
11262
3075
13858
148
2818
15934
8786
3934
14064
8530
5609
6487
12129
12989
14884
12420
16772
13925
7969
8499
3367
15833
6794
2579
12000
9215
14413
13044
4882
7124
13365
4570
11461
15277
16970
3580
17619
4137
4875
2286
5670
3325
13568
6166
1242
5
5016
11786
14457
8814
4435
17272
489
7306
7300
7050
8189
14913
15034
8658
148
5803
7650
16781
10228
6202
13668
12343
17973
385
3536
15547
5514
2743
11622
1804
185
5581
15485
17596
16336
3903
8767
55
13707
6218
2897
13794
4647
6449
7119
10547
9116
1164
10873
13184
4902
2218
226
14522
8424
873
3803
13803
3808
6143
6031
8262
10844
5281
14040
1358
15412
6090
8407
15116
1376
5542
15634
4223
15583
6949
15193
5563
10239
16311
10600
3798
415
16271
1043
14761
15014
497
4611
6305
10064
4388
3655
4495
9684
16801
17569
8525
11337
133
2329
15639
10064
16865
10927
16579
8222
12637
11366
13416
16649
6427
1620
1870
14000
4667
5313
10589
6087
12533
1358
3264
15956
3748
15389
3382
8533
3331
3853
15942
9332
7444
4488
5971
1913
16076
11975
3651
12034
1042
12820
16512
3525
7859
9048
7988
9604
5008
5572
11420
1694
10313
7844
6837
14154
13505
6778
11572
17795
15387
8261
17713
3869
2237
17240
5946
12934
14851
11438
17868
12788
9296
5218
18094
11547
4118
5183
12891
16042
16124
5258
14651
10579
6495
15666
12716
2672
13122
115
808
11253
1373
7548
10045
13104
6791
6781
16027
8837
1725
8429
491
1242
8039
16564
9242
16974
16579
5777
9073
7874
10858
17128
15526
9443
11387
6957
3753
1557
10629
9119
11957
14990
6492
12981
15126
9048
1651
9876
13821
1078
344
6178
7500
9975
2064
4966
7572
10018
15958
11195
6909
3898
10307
12326
17003
5787
11363
1335
11603
15083
14404
7801
16335
1137
10603
4537
13546
2255
4701
3476
682
15064
4473
8931
12325
4984
51
17564
6318
10928
2482
13775
232
657
9696
5022
2241
10584
10298
14832
15979
3215
10818
12864
15279
1570
12655
8010
652
7276
4054
16305
9007
9035
4707
10212
15341
5913
16096
13647
15296
14546
14229
2777
1889
12857
12489
1059
16573
11195
3632
674
6481
7542
5775
2522
8697
17633
850
2548
11475
12717
14621
5213
14100
716
12163
10103
11934
1965
11037
14743
13668
17149
16144
11976
13584
13627
7929
9672
7077
10689
4556
2831
5561
7986
18047
10336
10167
13390
2758
9987
13315
378
12306
8779
12696
2583
14941
8389
11088
10025
16589
468
1168
1464
9537
13703
6026
9870
17380
6004
2736
5268
5113
17576
1171
6968
13575
4727
7558
1119
13779
9717
5383
8709
124
10903
11385
4766
6269
6674
8366
6160
4301
12318
595
14189
11868
1768
3971
2137
2711
11140
16575
1478
5541
6194
17311
10877
10012
11840
2400
17695
3234
11352
7496
11283
11825
17428
3879
13651
15756
7656
14279
2335
5558
2159
1671
3031
9598
4974
3613
9591
2525
2460
15116
9294
14697
2451
1840
11647
6784
11470
15083
12895
1474
11857
12845
4122
16860
5057
13388
11664
12010
4894
1554
76
16976
16855
13223
15978
13506
8924
7275
2544
14449
3948
7459
3772
17033
11194
7807
9955
1873
1407
11295
7844
8912
8499
10805
12556
7286
6151
3280
2937
14822
2224
15539
17592
4319
11648
12942
8922
16177
2976
5028
8145
1713
4168
6698
11681
6458
5524
9579
4968
6237
3711
16571
12197
14999
3703
11172
6870
12267
6892
9755
17352
11772
9415
6940
13286
15760
14236
11157
17849
11483
911
11986
4802
13197
12606
13330
3528
4881
2356
4878
3674
11288
14865
4215
16189
1008
4806
13534
9945
16076
11931
15474
10230
3497
5147
10205
3303
1573
528
16413
2408
2440
17435
7418
14059
17257
320
17903
2577
12067
16441
9812
8014
3318
2720
2046
3028
12466
15415
15623
16797
17671
8290
14689
11727
9812
8749
10826
14828
17183
13809
7540
3889
9183
11917
17437
1574
10720
938
13450
606
10117
10921
2664
12601
18037
15817
2949
9568
8454
8089
2244
16005
1788
14219
6869
15617
9136
8237
4099
14366
2890
5079
2098
11522
7930
6224
3826
10958
13352
7385
10918
17484
6310
9659
14282
3209
12846
9032
9402
15812
10336
11695
2946
3698
2780
5943
11979
10405
18077
9332
11514
16494
7595
3150
11568
6967
3943
4159
16873
7331
11320
1939
11438
427
15816
2215
13260
13658
15450
12254
11254
6846
12897
8658
14323
9472
1253
10611
15042
17907
2356
15243
11520
8892
13767
15712
29
2665
990
3550
6335
8731
1199
7538
10279
294
17170
6554
16000
7592
10806
7650
2951
10239
2805
17524
5659
2632
13983
15556
16218
929
10230
2673
15788
15515
9571
7847
10863
16135
15787
14082
2655
469
11355
8176
2646
1559
7892
1403
16666
4645
2613
5764
14203
17198
2376
1232
15708
5458
4722
5434
16845
6337
2324
10280
10244
9819
18089
3211
4867
1038
13571
9776
16028
16298
3547
13019
11905
5980
11247
9254
8446
10709
11386
14746
18023
1975
12324
1891
9129
4123
1084
366
185
4093
6527
16959
12150
15573
4536
16402
2708
9708
15063
11362
6500
7332
12995
7541
13156
8450
13600
14031
16104
9817
8061
18085
16899
15049
12753
17121
1456
12405
6119
13759
17122
4822
3050
3889
245
12857
7170
6224
13509
8359
4315
1759
1758
13276
11539
9616
13805
12846
123
3839
17094
1071
16093
5990
6219
2245
9582
13028
458
18027
1721
14092
3358
13266
6139
8973
302
8856
17297
17386
8513
803
5210
9516
4312
17052
3153
15825
20
6827
15931
4779
2865
9214
10381
14976
9972
6765
12619
3649
10993
15987
3799
10822
12376
8332
7916
1824
13756
10606
9236
16764
14864
8323
7044
7205
8554
13597
8062
5860
4575
10219
10335
16503
15314
16371
2422
11528
15277
6766
14494
4766
3704
1855
12842
14738
3391
2530
8384
1584
8467
9810
7663
14484
4979
13254
5923
422
6782
9345
3074
2755
14366
4448
10804
12222
10936
7709
3243
8412
17738
8678
3457
4149
9489
379
9331
4387
17138
14563
8372
4750
3087
11030
876
10329
11948
10374
16115
3845
8457
17895
2390
10827
3788
4125
12320
9836
6939
13109
4622
17047
9286
12579
9030
17660
16693
16060
4585
479
7813
10873
3973
3805
6091
16528
7207
10774
8496
17853
12030
15043
9384
16888
11060
8228
8608
423
5198
2571
8628
13381
14955
15266
13169
5406
9693
4832
13784
4645
3053
3981
11788
15910
3727
17284
11338
8554
10597
4768
11331
2879
4851
11537
6677
13666
17077
8025
15585
16625
5759
774
11842
5732
9102
15409
7542
5078
15654
8282
4670
16963
4410
5038
8549
1942
18017
15755
6570
17509
7558
7078
9953
17551
14143
7487
2502
17186
14902
15945
15337
5347
10642
16649
11508
10937
3514
10087
7851
2051
1592
15877
12905
17337
10436
4570
2370
17189
13094
11308
4828
17554
12386
6790
5302
9941
7218
111
83
15358
11051
12551
5815
4692
14348
11048
13356
7375
361
7928
12017
8233
16945
1509
6246
3983
15002
15163
15977
266
14710
11279
9948
13512
12811
3320
882
13731
4200
16820
13221
8349
5687
2598
4916
9926
3877
14340
662
7718
7299
4375
2070
5191
11206
13665
10076
9363
9460
14778
1892
14611
16830
6446
9136
3102
11174
16632
9430
2831
13792
14334
8415
15931
1235
1163
79
10061
9833
17283
7514
2132
10137
5392
1801
6301
7153
9564
6647
12304
1943
17428
10235
2085
16223
11032
249
8995
7308
14059
2407
12548
13921
7483
4078
10633
8727
13877
6217
11744
6877
675
14029
3262
4979
6111
3202
11792
12703
4888
9945
8154
11058
767
13901
1839
1560
5516
15083
443
12395
603
6474
6357
12179
12958
2245
14234
9704
4140
1206
4437
1356
11502
1231
11764
1358
2911
12356
6315
13739
7749
3525
13758
5347
9609
14861
6032
3567
6366
4131
14044
597
267
16325
12356
4874
17149
3507
6816
5119
8749
6148
15373
319
10747
6632
543
1808
16114
9937
14821
5492
12017
14529
1456
12862
3968
13023
17233
8021
10847
12539
13394
18000
9777
15620
12083
9689
8801
9756
9957
15134
7984
1639
1598
17295
1915
14959
6883
9328
3834
6896
14901
6585
7693
6007
4674
13802
15133
16903
8637
15563
6311
17521
11640
3977
17576
14853
1233
13253
16086
9562
602
9421
2275
15096
3208
7379
5799
4237
5781
14730
8380
15894
12156
10743
3751
12701
17063
7337
8812
1930
6814
12768
12442
16942
4759
12945
12430
9217
12309
13564
3595
17763
15755
14730
2109
7516
107
16577
12669
15022
3468
1121
7054
5100
10661
13970
285
2366
10654
13468
9305
3867
233
11210
12456
5879
12064
14083
38
16870
4469
1563
8265
6023
17842
16038
9272
3209
10818
16680
5945
6686
8050
13028
10574
12516
15055
5680
5327
9066
16611
7616
16148
8916
289
13826
4858
2490
1358
1486
15180
10006
448
2382
15445
7795
11436
8168
10173
11638
3205
2891
15177
713
6230
6165
1315
17158
7729
8723
2880
12482
5413
8560
11553
11647
717
17617
1986
5058
12113
1339
14321
16051
10532
1590
9050
10665
12343
16887
13953
2616
9499
6374
5146
11854
10240
7850
9124
5450
6970
10026
15712
3907
4351
8247
4207
15204
13631
12229
14625
8740
10787
3017
10419
2832
5570
3891
8737
14349
4761
4151
9475
9951
10228
16781
7791
258
18067
3345
121
17494
13718
3525
11125
4072
6702
2698
17928
5280
7294
2140
10026
17545
9249
16892
9141
9136
13940
9339
5955
12888
8417
5175
7047
14899
6546
13076
11493
15821
14226
17354
5593
5680
17972
6909
11412
12788
12848
7381
4920
15223
1982
2868
16956
7553
17484
10700
10736
1539
4456
2970
4023
1318
4748
3320
3334
10081
16250
1962
13345
441
7398
6710
4384
13074
15607
6712
6371
17398
8123
627
3564
4104
4414
2556
65
8264
10653
2494
4072
3604
4495
1323
11318
16879
760
8674
9953
3130
13842
8824
17813
13459
8263
2294
11340
2529
9790
136
3475
17205
4862
4232
2940
3805
16726
7194
17152
9600
9404
10371
16615
11352
6481
8851
16123
13791
6439
5206
17120
4954
13112
17878
14711
16805
14464
14080
908
736
18000
11744
3108
5688
1353
2244
9010
13678
9356
15161
274
6140
13103
13876
3656
5198
7740
12089
9934
9998
3287
10317
4134
7369
17202
9891
12004
7924
13548
3692
15208
17485
4081
4567
17170
12402
8890
17406
14132
3223
2518
3265
3626
8531
14380
8819
3803
3242
8619
3066
9920
11354
9626
16345
16541
17877
12593
17775
17906
8584
17086
7333
11311
10386
12160
16379
17927
17987
16755
1671
10217
17919
17696
16002
3077
15425
17227
16881
7341
12088
15880
15136
3907
7234
3694
16006
1392
9052
2738
15174
4610
4414
17657
6810
6841
17737
878
10941
4539
11280
11391
8584
14656
12684
1374
16681
7853
17715
14761
7115
13858
17488
7877
7678
12539
6849
10870
13277
7525
6732
1526
17978
11218
6122
8530
10389
16989
11673
12347
10772
5457
1419
5047
8893
17392
6522
14451
10679
7889
16932
15906
1598
9654
2188
12717
12111
3937
10663
14440
7731
10548
16633
6096
843
4510
9030
16620
9798
4257
14460
8900
10397
5732
1465
3352
4194
1625
6389
8966
15628
15557
2007
16248
12272
7828
14799
3927
17780
9415
14007
12462
14366
14063
8063
7455
9084
2110
5122
17791
345
17813
6462
16255
1589
8198
4277
3602
2648
8600
10888
1619
5398
1524
12837
7668
8658
3915
1383
5327
14041
5155
6102
13868
16514
14039
977
14725
9032
12841
15486
5508
16923
9221
7714
6447
5806
2337
9048
13561
11103
2744
4231
7473
13360
12003
17551
2758
3576
17211
15465
11626
9209
7140
14144
12700
17489
14436
8677
7464
4144
5153
2367
17859
13890
4023
10831
16024
8435
11232
8977
2799
17331
15094
3514
13412
12938
4611
14643
7097
12818
13566
625
819
15249
15144
5186
9745
4106
14503
9597
14408
5908
5306
746
13425
10913
17567
14438
17255
6723
7085
2846
13791
16900
10376
15198
9651
9546
3931
10230
16132
2393
618
10241
12568
8958
9784
5914
17568
17072
10854
2904
11005
13583
395
10657
12698
5325
16744
8940
14372
16984
12893
7845
12361
14665
17883
4463
8244
12277
8360
3083
8718
1109
2209
5874
222
13504
2702
15850
16724
9140
2272
13300
12304
8976
15214
8137
2728
5064
1947
9856
1
5309
1088
9206
18026
14202
9912
7238
17999
12440
453
8698
85
12592
3620
1461
2604
10117
15314
11190
7877
7969
3546
15343
13281
16959
9197
14302
664
11840
7498
15669
5757
156
7537
3509
9414
13146
7387
10255
15178
4158
3526
7356
3812
7517
9845
14910
9003
10277
14933
6473
938
10005
8423
6590
7368
12378
7315
7933
17547
4292
10212
5803
6420
3361
6423
6583
5278
5447
16309
1162
2484
6188
17235
10032
16117
16484
16973
380
9520
8836
3767
11469
7531
1594
6299
3905
4798
10134
14354
12483
11473
12884
3842
9953
13308
16770
3880
1171
8743
8269
1242
3638
13224
7775
4311
6454
17722
13313
6452
7098
4492
3213
12212
12037
13805
8377
16768
9729
13265
16622
15045
643
16441
12941
5929
8252
3012
8832
15310
12180
739
12414
13847
12819
11386
7558
13959
15673
2441
11058
9457
14852
16577
17914
1129
6838
11516
6681
14965
16349
17884
7502
9872
4256
7244
2060
17927
3368
11487
7141
3564
12972
4355
2319
13044
1169
16714
13252
4605
8576
15411
11810
6588
14082
1965
11558
6075
5397
601
3192
1882
542
7742
15871
6205
858
1099
13223
8299
6694
3144
2010
18096
6404
14026
9209
8545
7710
2622
8179
9425
4874
17812
3418
17202
9281
13853
11931
12593
10221
17285
9711
9299
9409
3111
16707
11206
18071
17906
17460
7740
3353
14575
8459
13406
682
7962
11225
15998
14093
6316
17439
7536
17018
14777
7082
4917
13602
6796
10689
16826
4420
12618
15107
579
11079
16802
4918
17426
18066
3612
16197
3339
17815
7808
1333
3489
14805
14088
12979
9559
14378
7617
2781
14963
8090
17543
16577
2962
14635
5922
1471
11587
9751
6071
11817
16269
6159
4934
8891
10522
1221
10216
10025
17838
14635
1705
14709
10058
16768
905
9793
16257
1334
8286
9205
607
17928
1853
15152
1728
2675
13178
3112
4665
6611
1101
15619
721
11696
11721
16165
11381
13214
17126
7769
5352
17613
9422
10646
8007
1326
6017
13819
7269
7097
15854
5465
3831
14804
16617
9862
14867
7334
4404
9659
4182
35
9246
3747
6813
1377
14447
11902
11888
2729
7275
10187
11556
3231
13875
1928
4857
9911
6471
2754
13646
9288
10414
12994
14706
2313
8381
1267
11476
17122
11490
13332
17679
1235
1723
5179
16263
16824
16958
10319
2732
6161
8541
12090
16307
3045
10794
15549
4815
8645
990
530
13264
4709
12335
5858
14423
1311
3890
8241
14369
1608
4435
10939
14187
1813
2318
5314
7375
8354
1982
4781
9861
9827
3131
9963
13170
6687
1666
3697
15161
2701
15578
8751
17239
6915
3853
6196
8025
2341
14880
2123
7641
1550
12980
7018
2567
2834
11562
13711
8230
67
17274
12717
2505
15241
5471
16891
9711
5558
1618
13837
14118
16705
3816
13591
9708
2450
5063
11045
11846
1551
9853
17940
2512
14668
17089
723
16540
16463
1961
13119
10552
7133
983
1844
11152
12578
250
16900
13351
15801
4439
4369
11021
1824
16986
11350
14000
11027
16135
1803
10049
8990
15054
14615
1066
17086
7021
1968
9052
2466
12897
11088
368
10040
901
3821
11393
12747
2583
11855
10785
11714
8486
1063
2746
13811
4151
1456
12617
8699
9408
5861
9845
6745
13764
10012
4664
7524
11151
1870
2691
12692
9230
11300
431
14202
17805
3631
17498
2191
16212
7672
8801
3906
14087
15270
114
6236
10692
12190
14301
13504
3517
13258
12061
7667
15842
8268
13845
13136
5217
11721
11437
5066
18037
17080
7907
11187
11401
13129
15954
340
11961
17282
15796
15078
11955
8954
2759
4337
6333
4351
15514
6583
11758
18061
13437
12320
17879
6233
6694
14577
5568
52
8178
4416
2555
9698
8291
2866
13589
16848
16214
8076
10395
11029
12455
1481
12749
12561
2749
4481
124
17785
14246
13948
11083
13940
16612
13491
4464
5536
1730
12132
528
15496
15253
5166
13433
7837
12013
15369
14029
5642
2181
12969
8587
7492
13738
16287
16316
12479
10542
6625
11246
10287
10698
12282
315
17726
2966
3728
7893
9629
17061
6808
973
7484
15834
1524
317
17387
9070
17699
4346
4658
3294
10654
14474
11454
1059
8520
15043
1218
11630
5898
15887
13586
987
224
1139
12060
10082
3897
2594
1083
15625
13249
2640
17209
277
5890
2634
14309
13913
8175
2448
8083
1899
14870
9148
12892
1476
1343
16479
7553
14389
272
3549
16408
10867
9574
7930
8474
6791
303
13960
10890
12051
246
6304
2774
9957
10634
5167
14380
1752
15606
11330
16196
10967
8056
8595
5670
16917
14633
14786
2592
14864
14948
6181
15592
2903
8475
10113
3841
926
704
9489
17574
15881
16017
17238
6752
10765
3611
416
5392
10724
3679
3286
12004
5990
14455
11992
4207
9074
3491
16156
10854
1251
17750
478
5363
15187
9564
4486
205
6856
8509
141
16490
7091
3423
1757
17647
5133
9519
14304
10664
1622
3799
11674
1654
14300
2712
7495
5486
11844
2920
17760
12596
14514
14752
7975
10600
1966
2912
11157
4208
8197
7152
9383
5961
10609
3303
13630
3998
458
9786
12690
10997
8235
18060
3216
7558
4016
7353
1554
12946
1456
4752
14212
16849
5971
2098
833
1135
4674
1313
437
6845
15023
1638
7447
15137
11709
12076
9032
3650
7466
15511
6027
8509
14517
16816
5640
5558
6499
5841
16486
16277
5137
704
4608
11609
3570
12655
6000
14023
3599
2247
7881
14564
16361
16957
13630
1963
16690
12738
13509
7433
3353
3414
14185
2648
14424
1556
8518
1517
13129
15411
1803
3670
1159
5822
4731
1856
7616
13596
13334
10528
8873
1773
4208
13149
11320
13177
11712
16804
1190
16971
6800
4338
2308
12200
1981
4235
3317
10843
12196
5361
17983
745
2001
15485
92
5578
8165
16031
10035
15681
15830
12083
9104
7048
2570
6440
11037
3792
534
17644
17879
17894
15136
17347
8298
15755
12442
11277
5377
16895
17941
10467
17738
13707
3790
8898
5325
2353
2648
7791
7584
5070
14844
2727
15683
17881
4920
494
5439
10077
9025
14740
16429
2821
7304
9859
13915
1490
4547
11392
13818
18049
11238
2883
14337
9413
11392
4265
11841
14353
7144
4641
1368
4105
15644
1014
2758
9754
12090
13586
3404
6658
5186
6682
16397
4713
17378
9292
17115
4419
4373
2744
7019
16155
11140
781
9523
5591
17858
9088
5323
10191
14043
9776
5610
9892
67
4654
13176
505
16869
5569
7855
16699
9085
13448
14750
15921
14121
369
6983
2429
5330
4420
13417
1555
6109
3561
8191
1131
1696
11759
8783
4215
17445
6625
7177
16282
11512
5467
17493
13034
13248
7470
4019
9268
18033
12363
15031
17873
11217
6038
16070
8712
2326
2906
10059
10159
10490
3922
7353
6317
6202
9352
15327
3161
4787
2318
9392
10094
11850
5624
1676
5838
147
620
12076
5069
10401
11690
8868
6792
8135
1470
7084
314
10706
10709
15022
16207
14733
8311
8446
4981
8968
3827
8986
9305
12671
6640
10347
12879
1324
10971
10266
12151
6252
6609
11496
6202
7337
1671
9784
3195
15978
14740
15865
8070
65
1320
14925
5022
291
14183
5834
15202
15724
4462
6623
2834
5829
10031
4017
13604
15414
11070
5816
13672
12197
565
9523
16310
7123
8086
11117
12119
1622
8809
11144
13933
4446
8232
13494
3672
186
1632
6490
11024
11740
9486
2321
2463
11266
6617
14978
11926
2489
11933
3941
2466
12996
5688
9683
9063
9233
10423
504
462
14800
17823
1606
6333
4129
12149
3693
3649
710
12434
7563
14924
17831
12921
9453
11706
16614
14532
9130
9745
7912
14203
2093
109
11761
2856
12677
5051
1884
228
18050
15355
3152
10772
13571
7553
14202
9238
7424
15186
6429
4031
18044
1018
17809
8850
10797
14840
13020
5488
9422
13433
1881
5143
11115
6096
14323
3056
6197
6935
10109
11243
8199
12774
2838
1315
3988
10506
11265
9560
3309
12106
10587
10152
6511
10354
4955
11556
7238
10540
2743
17552
8755
1672
8394
11082
2716
17460
10468
13022
11119
16082
17598
14636
378
17401
1460
8693
17597
13311
4075
8051
4829
10019
4244
1931
4532
16467
8188
3553
8456
17790
9509
16581
17417
17034
3325
3350
1240
10877
8349
16754
9227
7261
10154
8401
7418
14548
11005
2909
9270
13908
4755
10632
12402
12083
16884
6868
8650
15651
7627
8514
18099
13318
9507
9138
13075
5417
17059
3158
15938
4249
10487
10092
17281
14287
8745
5739
3747
9442
10422
3418
15432
7823
12977
4009
7306
14260
1969
582
5965
7511
1186
13602
16820
14142
14983
8801
8997
2276
8358
9806
4221
981
13837
6424
1746
3155
3899
1135
14141
13367
808
8010
2390
10483
8873
7720
8018
17089
16928
14129
12418
162
4562
9163
14740
8045
7288
1399
14997
490
3888
3703
10952
10615
4466
13253
14439
16171
16443
14866
10981
2314
3438
11755
13355
15301
1515
11196
9541
2941
7002
10760
3363
10780
5129
8335
134
16037
7240
15260
11067
5917
12771
9222
7386
9633
6437
2178
17624
16207
2673
17348
8647
614
804
18058
16194
13850
9358
9420
12830
9277
10697
2039
5988
9246
11044
12538
9217
17705
130
11092
6964
4305
6108
4922
9746
10666
18077
13051
7466
3611
7534
3039
17776
13481
4371
16456
3970
2927
8593
15250
13669
14506
11850
12441
16234
8348
8215
3605
12468
1009
1411
7255
11351
8825
3353
11870
1361
14339
2944
4606
6248
4804
8424
17508
7987
9678
9470
2569
8907
10636
11206
5705
3778
9651
7038
15367
17716
4257
8311
16282
4461
9927
5470
1877
5368
15481
270
14313
8412
11171
15365
12711
12747
5306
17601
8099
11888
1815
5539
906
3271
8467
11860
12863
4367
9296
7052
10763
5858
10078
9196
15325
7950
17670
16326
3551
1736
11732
4377
4269
12986
8474
10682
4401
17545
7156
12880
15118
6042
8478
8018
4056
2169
11653
7449
6131
7725
17245
8712
7368
4683
14021
14134
15671
8350
13848
3742
7720
4388
13400
16249
14696
15665
6539
13415
9811
5205
15017
6270
2944
5310
6164
5539
14876
8769
15504
12307
12039
9871
14683
5508
5362
12655
1822
16666
3604
11210
14922
6392
3351
15690
6825
12936
9819
3677
15857
6828
1528
7677
10762
15196
16249
5208
706
13416
14077
6687
3164
7748
14965
8180
9627
7550
10037
1224
14246
12788
15603
14647
7333
7814
14335
8504
14700
2465
736
1805
1644
1485
16317
10431
3718
7442
11804
11706
1362
12940
4158
10481
4625
1779
7787
14915
8727
1468
2587
17917
2281
15931
8764
16452
1557
2913
10350
13435
827
2755
14590
4844
15382
8077
7805
15192
9931
648
13577
11845
17633
10140
7646
1774
11297
17901
4247
10179
11248
12190
597
5914
12474
13848
17587
9866
2614
9189
15129
1322
15190
2897
16497
17151
4442
3003
2295
3824
7503
12647
3981
8510
7857
14104
6338
3026
12039
16439
2380
2037
5097
9235
416
1073
8462
13454
8620
14630
1830
4331
2396
14512
13720
11773
11419
11391
8044
1812
6003
4451
7168
5575
17090
7502
1014
15011
6526
17575
5722
10712
7770
12131
13250
742
2718
6189
2340
12531
159
8031
17137
14494
8469
15
17842
10789
12426
16974
7133
14730
17128
17165
6054
5631
745
7431
11064
2774
16335
11348
7743
14751
16116
3971
12791
3997
6798
1921
17178
9163
1587
9781
7865
2344
4377
2741
7011
5309
9458
3769
7504
17005
2064
947
3714
9478
11332
13228
9083
11351
1566
10695
3440
5463
9913
7048
11797
1870
11768
8313
13417
17749
16930
13162
5480
12391
6486
6668
2019
4198
268
11483
4599
16794
9217
8914
16571
13310
11016
16199
927
558
8918
2628
9401
811
3039
8922
15006
10427
10753
14549
12718
9928
10279
16267
3933
14767
17951
13978
12123
979
2903
2112
16891
17663
3279
67
17147
13829
1403
6220
2721
9118
9942
10391
12184
8680
10967
4717
1874
6153
8532
11930
12207
13914
14638
1558
3977
8583
5908
6806
8900
8753
15417
2930
5566
14854
6236
11889
12497
382
3243
16998
17482
2965
12785
3510
17994
8102
2456
12504
8618
6980
16818
10750
10482
130
11641
13557
5505
14868
5136
6901
5902
11832
12639
10528
2202
12903
7338
4412
5927
11708
10490
16063
10406
16266
4288
4223
5268
9911
322
2838
17988
16919
2884
2275
6757
12243
1311
16535
3162
17337
15855
17624
9570
17912
4249
1940
16835
3187
12000
12703
14004
8469
15790
8804
9031
16890
595
15184
1737
5877
5365
414
16913
9480
13255
15156
12157
8374
3229
17335
14423
16656
14591
10519
6666
12193
15087
6948
13533
9883
5638
9955
5506
7370
17358
3800
16082
17667
4721
13040
13278
1794
2123
6684
7074
14309
863
4417
10407
4949
13190
16740
6740
7698
9256
16288
10893
14934
7582
7787
3236
13631
5788
17882
1783
3877
5576
998
9652
9478
7483
17715
7358
4737
6321
8384
16034
10945
559
11037
14917
14240
9224
17143
7546
3177
13517
12471
16328
17833
5727
6622
9402
15061
7397
13160
16474
14987
1328
279
6227
9129
5839
13009
333
6545
14735
11842
17910
9400
5083
8391
1034
14125
12245
10790
11531
13585
16339
9023
12286
18002
16358
51
1319
14202
9353
12129
2430
17963
6479
6666
9736
15611
2858
10992
9023
14848
17236
9287
5613
73
7701
13503
10423
1317
3553
15799
3572
12680
14071
7796
170
1415
10318
13003
4956
9467
7456
6523
6695
8578
9697
933
12946
8815
17413
1119
4038
15209
8017
12891
2352
3637
6173
14130
8750
4524
13352
3785
5616
7173
7080
12276
6321
16568
16380
12158
10571
14196
9963
14694
12285
3199
9154
14624
7164
1659
10419
2028
7960
10186
2231
626
3998
14640
13646
3259
8877
447
13701
16897
1948
3725
10906
5706
15783
3038
15460
4826
10783
2168
6392
10593
10132
7126
8241
17909
3381
13367
15496
5845
2664
14221
13623
4947
7432
3377
6743
4546
2632
16010
7468
1929
10026
9336
282
13896
17281
11418
10392
3480
915
17654
237
153
17366
2280
16732
13724
14623
6274
10480
799
13959
4695
13422
14964
3307
17651
9512
3840
2889
5318
6272
16590
10432
5379
14623
16167
12867
10124
6466
5386
1846
7361
221
13441
475
14903
17784
3836
17157
15187
7129
12069
7410
1349
14401
4439
3493
11696
6532
1268
16551
280
4072
2571
6103
11293
10220
13986
9716
4734
4342
14047
1093
15319
15118
1830
7415
14446
10523
13127
17534
16912
3817
8411
6015
4064
10284
4552
162
233
5202
16226
750
13659
2191
1789
14556
5817
5674
16771
2407
4331
9685
3797
6232
4975
9734
4489
12607
13029
3158
4004
14276
17789
13814
6191
8913
5691
9718
14557
2211
12562
4765
1246
15416
5005
2024
8025
14916
15050
15064
4954
5230
301
2838
14893
15903
14761
9439
4696
14413
15220
15084
5626
3333
13623
3313
13739
12139
16752
13447
14124
1140
16853
11728
7365
5040
4415
1855
1931
2887
9744
15985
16889
4619
13976
7639
6537
98
8532
355
11037
4808
488
7116
15247
6057
15041
12245
13114
15780
17125
6258
8378
16783
9511
10309
13502
15050
15795
15211
2088
15129
5903
17042
7895
11905
18093
13586
2329
14955
8266
6303
6834
10035
13525
13199
8849
6063
17200
14604
8981
4072
10526
9792
15117
6961
4012
15757
17374
15305
6304
2129
11781
15430
16355
15011
16151
287
17286
17451
7169
7433
684
9400
7357
11330
11072
1674
5209
15046
4068
14597
6060
4983
8938
10795
12794
15676
6689
3563
3154
4686
3970
7829
9825
9365
17247
16244
15743
5728
2790
3280
10726
6525
6572
10331
870
480
3985
16774
14194
7753
11278
14562
2795
17138
6268
7467
6021
3154
1310
11807
12136
9441
12050
10750
948
13137
8052
1330
8450
17573
11826
3096
4751
15515
12367
623
11313
16249
13960
8058
10500
6968
10623
1113
5907
11356
13157
15722
3963
6667
14088
18086
6742
10811
8091
15979
7360
10461
5657
8979
7537
8555
11860
11285
4171
7516
4361
15792
4527
2325
2936
15304
10301
10879
3555
8732
5383
12816
3042
16635
13169
9354
1568
3614
14035
6535
13630
1526
8060
7480
8576
9838
9606
2479
16132
7355
7857
17047
2997
12285
14030
12416
17390
5998
8458
16690
17626
4400
8855
2366
6829
17168
8608
163
12071
15386
7443
2904
14319
6116
15130
690
6554
13229
8157
4082
17672
1386
2201
8616
4160
3491
14634
3528
3902
10944
16668
7196
12515
15736
15251
15780
9736
10420
15836
13549
458
14754
2060
8558
17298
1486
7239
52
7840
470
8153
16997
13657
16829
13818
12981
11081
10572
13521
6224
5029
15223
15658
1359
16564
1720
9279
13942
15406
4437
1488
2438
17177
15594
17349
11251
811
9089
11607
10471
16451
5158
15709
1824
16182
8456
4360
5125
6168
8930
127
1622
10609
17606
16011
17576
16598
15215
10019
8025
329
2909
4755
6656
16179
6579
7543
11793
4697
9137
6996
15453
8773
15211
17835
9107
18016
14943
10440
9627
6228
4758
8788
12462
17526
14306
12141
14062
534
9841
16642
7019
17938
1652
17741
14700
12832
5255
2962
15783
12907
5881
7116
12285
1311
674
547
14485
2620
7183
15616
9055
6160
12421
10594
14818
9598
3559
12542
15731
6307
4892
14487
7991
17105
1670
13565
15188
8520
13177
15503
8767
14405
14910
808
14310
13860
203
7040
2130
8895
9764
2000
3562
16103
9391
7541
4013
15307
15914
10961
9803
5011
15042
5703
426
1857
9775
13976
15754
4812
1988
4308
2195
13215
10598
11179
18010
11072
8035
8117
15037
3208
3017
6339
7293
4975
6601
4655
8874
16952
10402
225
15618
479
8040
11107
15000
3180
13398
2243
8394
651
9091
12027
513
12451
8592
4673
10208
9877
11321
17713
15391
10710
9267
12633
7579
5354
4207
944
8746
8687
8586
10780
7688
16543
13544
11862
11034
7549
4064
9815
1198
3429
9275
1079
13801
17431
14178
503
14281
8385
9428
13187
14087
14240
1617
6436
3614
5594
15214
16209
14360
15080
2872
9540
10868
6101
10496
3206
16024
1240
2858
4085
1933
7345
12366
13027
2789
7711
3838
14856
4636
4054
1790
6380
10849
1653
9836
14171
4359
10259
17902
11869
1648
10511
7225
16913
7235
8870
16612
9639
9756
15523
6656
6078
3406
8638
1252
8082
13466
188
13874
13657
11606
4854
8618
14263
8237
1689
2639
16630
2683
8211
16604
2090
5132
7238
14711
13678
14291
952
898
13079
14380
8461
180
8193
10754
2712
385
238
15007
5373
7259
3839
13358
12083
2863
7171
16462
10982
3378
6384
6663
14128
12669
15371
15392
10553
16339
1967
3497
9606
3497
9717
2333
15003
10228
10702
8844
14355
4143
14711
1931
12430
9210
12945
17685
6368
1845
17023
2675
11282
4058
12097
12711
4774
7979
12601
8172
16370
5430
2583
16146
2392
17351
8284
14127
13907
8883
13400
9382
4435
13456
13736
4837
16509
14794
14564
531
5982
14389
7487
16111
5149
8871
516
13850
9195
17331
12189
5402
1889
12495
7563
12210
10342
5232
13563
5611
4717
1431
11398
15533
14918
10599
17198
17064
10555
15724
13815
4831
6374
16375
14603
15017
17304
14076
12422
3834
10839
6318
12775
12907
1044
9648
14341
1690
9892
2987
14183
1755
152
700
9494
557
10540
15930
6106
2300
6962
1221
14708
80
4929
16421
4534
11787
6676
13668
15433
9352
10130
15998
8739
5895
9059
7060
7246
9267
12908
13902
625
11706
10673
9825
2938
9641
4048
10378
15540
9386
7715
15691
2931
16622
13887
5662
10474
4337
17837
16886
13768
5923
2263
1931
17955
7164
9351
8654
6092
1866
8001
485
11349
8921
6893
9347
8023
12946
14612
1426
16476
9815
2224
17788
10393
12676
14898
1469
13815
4360
8626
13474
17518
9274
4185
14204
15937
12212
9046
11410
11826
6292
8933
16444
13817
7723
17958
14238
14899
3577
17
5442
17702
8118
14241
6856
7343
12056
2991
2813
5142
4706
9791
8074
7773
7483
5902
1410
1529
14857
9503
13682
8832
4524
2004
3427
4861
6189
17164
14043
6163
1485
17466
5946
252
16854
13205
2331
3470
9209
10009
13319
88
5253
5631
4345
14922
10933
15295
2651
17550
2446
10205
1598
11390
15706
11076
10415
9396
16846
9273
3075
15683
16910
7725
1777
4207
8642
11152
15545
7538
3198
16069
5894
2537
5459
9732
15817
12893
11411
10053
5497
9795
13577
12841
18014
3646
8553
9220
5961
14736
10179
14403
14614
11082
7566
1492
14860
2925
8335
17615
15296
1730
3835
11661
16287
8115
1735
893
13482
11574
13276
10443
1350
10
14768
6542
11188
15163
10797
49
4950
1374
12058
7094
10975
1220
2407
3942
1080
5237
5220
13244
2463
1210
480
7431
9410
14605
10159
15931
6948
5297
9488
9451
8023
16904
2872
10753
6053
5729
6588
17828
12590
13185
13875
14653
2136
1271
2231
17086
17246
7815
14417
8603
5126
6442
13721
10855
12705
12191
9918
14108
14068
8284
1228
16076
3688
14105
473
7151
12482
10310
6245
1823
11084
2635
9080
2524
5195
13400
3186
8087
4193
15761
3537
3415
6819
5410
5513
8781
11772
10230
7195
3981
8262
16705
11283
14847
10458
15843
3797
1699
5976
14575
2328
2308
5254
3192
15249
15017
8662
13400
16245
9919
3686
8008
3112
7243
9700
7334
2911
15088
2674
4761
2978
6569
8485
6774
17781
231
9621
18005
1974
16902
16573
11483
7356
6544
7863
17831
17427
9461
1345
14745
4713
12297
13278
1340
7537
3878
8652
2498
7810
9223
4119
17207
15406
10669
7663
288
14881
5273
10730
9255
287
12832
55
14436
9958
15263
2402
459
7628
13782
9951
7767
8866
1781
13419
843
10204
5857
16473
10956
12218
6593
15803
13224
3036
10742
14252
10549
6089
5988
9593
11211
76
418
17276
11967
1748
4315
6451
13389
6539
5487
6417
12274
12769
7468
8067
15933
16083
12674
12245
6243
5681
5558
16520
12550
14145
15296
14683
16436
9729
7402
2446
8457
14417
15808
10087
6764
16843
15942
12011
6285
10954
13691
8109
5986
2793
735
13520
16021
15922
12162
534
3655
4979
6422
13933
11787
9800
6101
529
13180
7264
3096
15758
10954
12170
2478
17535
16039
16895
17513
8390
10969
13060
1419
8931
1260
1737
15008
1365
7864
12924
11139
6109
717
15626
4013
9427
12931
3442
7328
9400
16705
13606
9677
11103
15590
56
8620
4762
14344
4240
6469
16693
16139
15091
5296
3752
2941
6875
17079
1136
7462
14075
6858
811
13025
8062
6428
10668
214
18008
11890
16832
8510
17042
16616
16507
1866
6495
5834
2425
975
9686
8763
16292
3138
11597
5713
4087
12072
2974
6126
6854
471
5833
11633
9466
9364
15117
14541
8105
10439
15979
11163
14243
7205
10315
13895
6944
18037
9425
16336
10373
5029
14101
9775
10690
16375
5367
8456
11022
18050
11113
15663
15563
4577
14861
9399
1081
1468
15737
7440
963
12798
4565
16507
8554
13857
441
10475
17673
12383
6484
17235
12996
17174
10790
10966
10999
8102
15456
8720
17013
8348
6209
13065
11350
17280
6615
9178
3380
11193
246
13361
16287
15591
387
9733
11030
13486
11372
360
2821
3462
10504
4587
10457
8296
14212
17676
12705
11716
9725
13731
17849
14813
14186
14749
9332
1132
6566
13182
5568
3892
13327
15998
12225
1292
14622
577
2409
14506
13724
5625
6800
8542
4110
2836
14017
16818
8964
11965
13744
851
5944
512
476
7506
864
17220
16817
8240
5987
3006
9044
1122
2420
6754
11024
9869
11817
5409
9598
1588
9374
10947
16350
14210
15949
7859
13095
2434
11513
1633
15720
10522
7245
17672
997
5070
4452
4376
14402
16324
8964
13402
6620
10724
12849
9074
10095
10825
2873
7713
6034
12719
14973
16633
17720
16970
9255
9983
7189
3714
9236
17414
15334
30
3003
9259
7756
2943
6206
8244
15675
9276
696
2645
15623
2598
18056
7926
7280
10411
8258
9203
4420
13767
9510
15859
12520
6287
1991
8205
2877
10560
7078
3852
1286
10973
16184
7247
748
13424
1294
14177
9720
14858
10541
11906
17120
2202
15252
4075
1474
17427
4939
16068
4362
8161
2906
1292
2006
3540
2929
5875
8186
9068
8777
3728
11594
14986
5609
6603
1383
16871
5611
8796
5251
4710
589
1217
17266
8961
5904
8317
668
11725
13920
1492
16138
10988
12191
4286
5399
6055
13685
10667
17752
15375
7849
3227
7954
6638
16812
13617
2975
2495
17834
17552
16585
754
10766
4836
6992
12592
7003
14581
17234
2216
9321
6478
9741
1906
6179
8564
16955
5803
14937
1644
9648
16493
563
13
14518
4008
12806
12367
4592
17997
11403
15394
10318
12618
13764
13662
14953
13853
7569
6041
14681
17365
11019
992
12715
2006
1822
536
938
2875
1992
11378
13587
10428
4194
979
13587
17828
17625
14388
4315
9391
4335
975
4455
10741
8759
1344
12036
17448
14911
9228
4696
10927
8086
17518
5164
4349
4846
11164
13822
13166
9697
13873
11409
10425
9361
1773
15410
14415
6498
2118
9503
14481
12773
4718
17000
17087
3744
11001
2333
2345
5269
17682
5155
15958
15618
17894
11470
9055
6241
8223
2089
11724
3171
13718
2236
15556
16935
16319
13952
6926
13121
91
8883
3723
9180
14099
8975
16733
2423
15768
968
16988
5435
10107
17050
5145
17282
7805
2967
7445
390
9414
10730
10847
6670
8019
4332
14121
4180
3974
6327
8210
17366
4230
9210
13232
638
11633
336
7596
17845
4304
17383
13315
11242
13012
14511
5028
1715
2011
13310
11509
10110
15973
11935
5004
17338
13435
15919
14161
2425
15686
3568
2321
11168
16551
6597
8780
11202
7535
2607
16449
6530
7960
13427
16335
2756
13237
3414
15543
2960
15042
4816
16329
6646
15438
15260
12502
8339
12291
17423
3702
13165
3472
18067
6451
3778
17410
16399
3774
12036
12512
15959
1340
2119
4089
17997
15117
2322
1700
4362
4695
17676
2707
5711
6058
4222
18000
8374
12157
8146
11965
4696
13893
16000
11691
14390
10256
9197
11566
8644
16819
17081
11360
16432
248
7684
13143
17833
5130
14055
16636
854
16552
8480
10050
15130
17566
13380
9211
7274
16882
16158
237
8925
9649
15628
9097
15856
6911
5706
1759
13499
15266
16629
5459
5598
8674
11083
9028
4572
10666
7712
8822
9259
3840
9032
18086
15222
5826
18099
6566
1181
9799
5884
4565
10389
5927
14138
9328
628
17146
620
13241
14967
5411
3256
7704
16282
8544
17678
7398
8402
11315
3477
14294
17443
16810
4430
4002
7354
15233
14276
3788
8047
15183
10260
4734
7160
13765
15469
3152
14792
9636
3979
528
16503
1142
15089
4983
11509
14227
10862
11848
8116
17102
16391
4860
17756
11392
3200
4711
12252
1309
16926
16807
6597
8550
12343
3977
9495
17073
535
10641
2404
3700
4784
9237
5343
11222
13550
880
15940
10935
13362
15847
6553
2933
2978
17105
2404
15443
8195
15876
9972
13780
13437
11114
7476
14438
10605
8614
3346
7216
13737
11043
906
4011
10078
3634
652
17074
6526
12351
10262
4457
6862
9406
442
17759
4603
7145
12709
4386
16133
15944
251
198
1826
9797
4842
2332
15673
4256
14988
7668
1207
4665
12252
12238
8368
14623
12479
10946
6117
1014
4262
7734
4852
4655
4305
13026
5317
15249
6645
13853
841
4548
12378
10694
16814
9208
17732
5142
13438
15315
2075
2567
11038
10479
3456
11936
763
11203
8144
15547
452
11057
12972
4384
4061
12274
4019
13470
15416
12030
16348
1569
15667
17968
11962
17287
7046
17005
14253
5900
17777
235
16580
3080
5366
15483
15641
991
9422
15549
9013
12902
14746
4861
10195
8236
2956
2978
15470
17113
16109
6933
9040
8520
1546
4425
7023
13419
15933
14937
5907
4828
12306
7707
12241
16375
15202
3346
13280
1215
13572
11697
7492
11320
13748
5937
7260
5365
11492
15639
4767
16738
17748
16263
3680
1461
13574
15476
874
17340
9448
9091
8606
2068
3740
14307
8500
10762
2065
2292
6134
11881
2119
7095
11184
6276
14223
3350
3960
16933
17514
15096
3320
14899
2126
1125
11159
14715
13928
15772
13823
4827
10563
13807
18000
14471
7242
4022
11681
5654
11634
5043
2409
11900
4584
10640
4113
7155
17710
3861
7822
7628
9372
397
11977
6691
13762
4988
1878
17741
13884
13731
804
4472
7037
16289
6931
14274
17104
15739
13197
3607
17149
9967
15453
1735
6356
15789
667
13329
1781
6281
10309
7527
15969
4770
10995
10844
4969
2598
16478
2703
15240
12162
14551
14122
17270
9683
16460
12015
16193
9383
13603
14894
3967
9514
8507
16179
9828
14526
17660
13269
11238
7443
16250
3574
11227
15010
4786
5383
853
12438
4286
13555
1915
11597
8633
11356
1692
379
15530
13112
9915
9662
15283
11518
11553
8878
12278
4894
2659
4904
17437
3105
14519
5533
4296
15251
10458
8314
2462
53
5252
4422
4752
14096
10223
5184
7302
9571
7426
8360
16528
13944
14604
16299
6919
2283
11575
5890
6947
5098
8264
5279
7837
35
2588
16985
15962
13372
10058
16049
7755
14859
11750
16708
162
769
13494
12916
689
11703
15413
14761
13716
4775
405
12596
12772
7551
17121
12786
4782
17762
11576
7598
3064
10845
11730
1294
9193
13362
12677
6484
16752
12211
14480
4759
827
9998
10682
12095
7733
13456
15455
33
8850
15735
9347
16330
4427
13939
4973
12347
8702
5047
6242
1578
2413
12533
8653
12939
12208
5268
10325
15449
8319
1805
5148
3608
3510
4299
1434
10929
10617
12816
6354
12275
645
17850
12280
2681
1634
2039
1073
17446
3735
12143
8794
4689
10522
12133
15834
2971
15094
6181
9146
15490
4063
11415
11916
14197
18093
16477
1827
16964
447
10128
5373
1327
2636
15114
6228
10078
2032
2515
13896
13278
4308
4721
1296
15307
15259
10501
7993
2341
1280
4995
1891
13574
16701
13405
5495
11032
15290
6091
10035
14004
3167
11149
13021
13394
5558
2985
6374
2404
780
2520
14485
13364
17236
7147
15991
14099
13021
2005
9412
15590
11959
7495
7008
3574
1255
625
15699
13751
4286
8609
8566
4272
13603
11637
96
1433
6921
2569
15722
5566
15432
15499
15310
7360
11314
9101
13520
11040
16785
6354
5019
3760
16252
17143
1481
15707
17088
15217
14101
8619
10939
5347
6370
12997
17591
13713
35
6501
6320
7612
15144
6059
12942
9750
8923
4701
2057
13272
5189
2280
5825
4157
7068
7601
16668
9442
3260
7073
5184
1786
3731
12827
7590
12833
190
6554
14285
6842
5458
13633
10478
280
3201
390
15643
9132
15042
4783
16602
3002
12688
8867
11027
6155
12698
10248
4372
15419
5115
2582
17120
3137
3765
1503
16848
4865
5127
10819
3589
10810
15622
3768
14727
6469
9890
7101
16116
5744
10393
1446
12397
9452
2677
12048
12613
13570
15494
17466
7329
693
16283
15702
2862
4815
12668
3083
9814
3467
5945
5499
13552
5468
11341
13940
11124
8625
10254
9326
1677
17311
14277
10143
15525
15881
7357
1569
14397
2050
12782
17401
485
8626
6984
7039
17497
2254
1497
17113
4570
8239
785
11690
2522
11556
9188
10914
9709
13035
10458
5022
3719
2850
5605
8023
3054
9834
3572
1564
9872
17179
12957
6421
12350
4985
14911
14136
7069
4444
9342
5103
15647
16137
11806
3603
10721
5999
1171
4057
11590
4112
17000
5185
1302
12804
4680
30
3148
7240
7496
2157
3195
8693
17291
14636
1497
11388
8604
16272
17082
15512
8800
6330
4862
11788
15694
11669
12159
11217
6421
14663
4811
3147
18072
11590
502
4359
3846
7976
3788
6824
9115
11560
15107
5292
7899
15119
6277
10630
12457
14744
8824
7132
3711
15511
3299
7188
1810
6198
231
8289
3621
2497
13824
4791
13348
2471
5511
17545
14335
5056
1576
3697
6853
13743
11297
13819
5447
13714
3815
294
12132
1338
5742
5160
13990
5252
3926
9808
16179
12688
16999
17194
13615
11088
8242
1201
12222
9382
3800
16955
11885
12459
2224
5245
3451
13181
13766
863
16835
4457
11249
9115
17659
13963
8292
13983
13575
14979
8475
3238
1015
15460
11342
14441
4327
8959
10094
11214
9734
14108
16181
15250
4075
9793
10347
9342
21
7128
9424
3712
9442
3325
8837
4660
8013
2962
7271
304
18012
16594
8169
9939
7485
5612
16824
1120
2617
10656
7991
3323
2041
9362
9822
16752
5156
16406
4448
5411
2984
17466
956
17496
12942
17807
827
11540
3978
2486
17925
6062
12129
12622
2474
7137
14849
3864
9200
7235
14245
15835
15869
11405
15147
15755
10498
7562
8318
8546
2654
3398
3678
15838
13833
13847
3373
695
9914
1068
8146
15029
8358
945
173
13773
13961
16074
10993
1015
14038
14342
3712
8606
722
6584
5989
14874
7013
8567
11511
251
10308
8604
9000
13285
6307
14753
14351
10145
17465
17852
6696
9655
17240
2289
2497
15125
7840
9171
9605
10377
9396
8333
9906
9838
11461
14406
6882
11651
9587
15099
13355
6736
6184
9673
5723
11749
13182
3902
5011
17887
4008
8892
13944
13930
4552
4518
8255
11949
6697
10403
1389
11432
9770
6677
6400
12902
12167
5018
16704
17112
7297
3384
16786
4004
7627
15905
4791
13741
14834
3909
5864
10994
8396
11749
12973
6771
9782
17651
349
561
8986
12440
4700
11505
13926
14519
5758
9786
9912
15365
10194
16072
14414
4881
17232
12252
14816
4076
11363
13443
7413
967
1504
3756
14217
1003
16800
10017
12861
6695
14744
2819
5368
5393
4487
10124
2627
8640
1656
14074
2633
6446
1378
17715
11259
6369
1524
1420
9404
14470
17092
16461
13021
16495
8651
5772
11967
6413
14141
13978
4110
2419
11970
7720
4828
6179
13305
528
6626
5295
5495
17633
13106
12186
10874
15356
10262
13615
11451
13505
5829
5815
11838
11246
11612
2178
1893
4749
4234
17778
102
5962
15556
14724
12117
762
2948
10981
16715
13810
9208
14227
8918
7110
12889
8278
2631
10694
7870
2437
5081
4835
10351
11200
5496
12862
3321
13588
1124
15614
15378
6103
12378
51
312
10213
8775
4515
2390
7382
2172
7243
2685
7400
6649
10069
10513
16460
4938
5695
2585
11888
6626
6677
5968
280
13051
11696
7993
445
14022
9924
13272
15588
1316
16256
14806
17011
8289
17824
17744
11051
10981
2346
622
10813
2177
5884
17496
954
14190
2826
2273
7304
13248
17300
7343
2772
12150
9180
1052
3953
17157
237
15998
6752
5972
3623
13385
5936
10338
9719
1924
12371
16436
17634
7064
16731
14519
16643
4122
13923
6476
9173
10143
16895
13742
17897
1630
2888
14232
6433
4207
7524
13534
12804
16685
1693
13479
10382
8124
8455
10720
1979
16331
5381
12731
16024
4461
1845
3663
8344
15523
9371
12284
13026
6077
9392
14648
170
13745
16384
7507
15312
11175
9409
9449
8854
6414
11279
1747
7656
3103
5795
15669
17506
824
15046
3038
6930
4398
9631
2530
17388
18019
6583
570
15239
14102
5263
4005
17086
9878
13826
10901
5950
7260
11215
1213
8921
4838
1213
11484
6620
4210
8823
10041
11388
15028
11823
15912
3715
13048
3014
9134
671
12442
7457
17769
12288
11148
10528
5042
18015
8997
15686
8076
15178
6449
16671
18057
9816
10378
14283
17922
11405
7487
17010
2553
14829
9561
7883
7028
11082
1801
8590
15886
3347
15074
17068
13907
9457
11253
16447
9328
15395
4012
5315
12148
12017
14057
16493
5082
2684
3618
8830
4433
3298
14792
4934
13773
12947
16724
3514
12196
11933
5726
1904
4804
15382
13161
5743
664
439
17219
6644
3891
12967
15973
6580
918
11851
18066
9193
10577
9325
4319
9003
17157
9644
1013
3345
11749
5362
3308
8754
7763
17367
15030
13249
4454
2782
17482
8898
15840
15231
5874
14706
2026
14174
17866
4457
11802
14907
12470
4273
11763
6926
10270
617
10
6144
14234
8122
7075
7637
1421
847
3953
6567
3615
17510
16910
15263
8305
14042
4740
5158
2869
6802
11944
1571
3070
9016
1691
2121
1531
4018
4375
5466
17101
13926
17389
7239
15902
9953
10495
7
9094
7183
10625
2574
7306
12464
16692
16208
11808
3554
6927
13332
2793
12661
163
3773
16372
13491
371
7173
9679
1229
7002
3098
2843
14634
16878
7644
6978
13960
2796
4125
16959
1651
13247
14854
11041
10577
1696
5943
10854
9815
674
12542
1811
5809
5438
10850
153
11527
3261
17137
9466
18056
4253
7679
5877
12783
4554
3812
14893
2378
5095
10489
14857
17093
12721
8073
1767
10645
449
3115
14510
8169
1727
1422
12092
457
8474
7026
9114
9829
9440
15906
3026
9781
8441
2741
7411
18028
12146
15076
11764
102
11244
156
13888
3884
7721
10066
7613
17939
14587
13811
4255
2408
5950
10069
6777
11321
6855
8967
3145
6328
4980
14488
2293
12601
4452
14409
17276
122
9282
6799
10527
3359
8404
6558
1566
15507
6977
7198
3494
9073
3904
13519
12802
9317
5433
204
13222
15326
4537
3
2646
795
4376
5187
7467
4229
11289
15
902
16201
17714
16986
17367
6174
8345
10386
4911
8903
11879
3725
14733
11543
7293
1817
17147
11294
1225
10664
9137
7431
14119
14679
8644
10447
6611
1330
18008
17284
12780
4983
8260
720
14560
7455
8444
7060
4611
13295
16172
10804
13829
15064
2841
3065
16584
4941
11165
1655
13391
14692
9897
17334
16619
9289
687
15364
11952
7446
3304
9262
15420
5403
9392
13418
2457
17133
9934
12801
6145
1390
1836
8973
13244
9745
6918
17423
1240
14416
6925
931
13369
8076
11567
12185
13106
11671
11165
12034
15511
6593
5995
2323
15057
16394
15240
14408
17257
14341
15838
12111
4280
13230
7165
8628
8349
1933
7737
11264
517
6885
5669
4770
2689
4650
13870
6616
4000
4646
8388
14454
16705
15186
2718
8633
931
3917
10716
12758
17363
8119
12706
14380
16475
4084
2986
552
10435
4076
11656
9965
3961
12562
132
10636
17192
10404
6360
15132
9888
16574
9175
3009
16547
7750
1492
2350
7240
3691
7798
8727
7232
10121
3565
6905
8035
6365
12605
4617
11380
10265
15445
14807
9638
14977
17350
4478
933
11848
3197
14637
2547
11030
8137
13054
9720
8131
17931
4209
10323
1184
7248
1147
8424
75
7248
13345
12397
14685
6259
13658
2077
4875
14647
101
5475
6627
757
11822
10868
6185
2053
1920
14447
9286
5564
6855
97
2603
14983
10898
12139
5683
15137
13457
7306
17781
3175
5435
13582
4198
10580
9024
4548
15455
8761
17241
2118
16643
17966
1076
11063
11728
8357
16058
16559
9134
2093
2013
963
13143
13266
2398
15151
3580
1224
17939
5452
8995
10448
17939
3088
5923
5430
16271
15509
17479
9858
2175
5930
2159
3996
10814
14568
564
7496
5590
821
14949
406
586
8880
7229
12170
10554
7264
8215
1214
15491
8399
10219
11163
5985
15408
17344
3049
6850
8846
4906
12051
16999
9847
3651
6847
14401
17930
5235
13202
8671
17360
7614
17240
12469
11417
6015
6046
3834
8965
6889
2879
13734
9185
11800
10345
3148
5790
16970
16573
138
866
8062
5625
4041
10111
15113
15481
1709
12797
13289
10136
11295
13570
15870
16907
7858
13377
12427
11237
4184
16543
4282
15018
9466
17337
13848
3229
6836
14846
8936
15903
4374
14877
4743
879
8521
3145
13430
16905
2502
9344
5359
17770
6617
3465
268
6155
10747
9077
9678
13532
13180
6530
8884
9094
14263
10734
15372
16727
10645
3362
5780
303
8874
10494
17181
12944
14612
10686
15521
11845
17541
15604
14994
7890
3669
12347
4503
17753
12067
4723
10166
4833
16684
13962
730
17404
10521
17206
7726
12964
6049
2283
1466
6307
14116
394
4018
1157
13222
5918
1195
15495
16655
7182
2347
15818
13909
14699
6148
9490
9262
5062
14204
12992
903
5588
1823
9481
711
1226
13998
4211
10303
10686
258
1452
117
11203
3032
8120
7722
9391
8257
8803
10849
11601
12921
5001
5447
17089
14762
10732
15069
11367
6552
12482
11780
12578
11160
3419
10964
8641
9313
1922
13708
6896
10337
9409
3240
14141
10399
3175
17895
5310
9148
10233
3377
8491
11475
5092
8158
8333
9576
6475
8514
18089
13794
400
16320
12713
2254
12150
5238
3698
11510
259
13514
16912
3445
9120
6531
7145
18044
14220
13619
13346
16618
696
2167
6791
3314
505
14223
14535
17314
9579
12246
3721
1300
4506
8526
8644
6902
12994
64
16715
3330
5577
13097
13239
13371
266
10244
6948
14889
14917
14209
7022
15206
12829
2789
12890
6878
3412
13989
12280
17943
17980
12919
15077
9264
7312
402
11985
2413
3538
1368
18078
11892
10794
11585
3958
17146
12637
17481
16569
5791
17628
16002
17888
13663
14431
790
13069
11390
7939
6747
3100
14711
5321
16875
587
4725
9174
2473
2176
2076
14310
11843
12471
15143
13772
9558
4276
16070
15089
5884
2970
3982
14111
14665
4623
15103
11929
16288
12149
13865
14568
6791
10624
184
17361
10626
1640
16784
6849
5970
4399
15948
348
10521
3739
8866
2256
2609
12587
4493
17960
11199
11353
13271
9330
4771
17214
13623
15561
2505
940
9636
10400
4170
4880
6502
10274
9792
13752
15290
1493
3729
17850
17787
16359
10117
16844
13718
17610
553
14161
10645
13451
6866
1830
13120
9686
6949
17967
14929
9799
5450
11131
7868
9257
11581
15912
3571
15145
7419
14411
15480
12132
16834
2947
5079
9705
17177
167
1862
15277
6516
2781
8524
11110
2471
1268
17741
2414
15966
11064
803
6955
660
11569
6104
9731
10132
8798
1969
16340
11871
4749
9390
4465
15394
5141
15027
17043
1844
11892
11903
3512
14255
1108
2817
3246
1463
11260
8139
5283
15966
11016
13412
13019
15100
3802
5850
1003
7842
10910
4654
9216
2009
6450
5114
15359
13568
13576
10562
13630
13712
5598
15714
9305
5579
2817
17531
17361
9887
295
14956
9911
9330
4821
4801
13300
9714
11405
7626
17408
12480
14396
838
6329
3758
9188
3252
389
14164
9665
9166
17710
16833
16814
7876
8652
15746
13637
17948
15902
4223
13786
10092
11618
886
14171
1437
3121
12063
2272
15536
2174
10719
14110
4567
10903
3677
2490
17502
2540
17477
14407
8084
5802
14730
10170
23
8718
192
10109
6663
8899
2973
1740
17712
4680
4084
8246
16564
1476
3937
10509
13479
5800
15402
8607
13765
6959
8567
15090
2351
9849
1190
1949
12350
11260
7588
1749
8071
15728
15546
15623
3314
3691
13065
853
15593
3247
16334
3783
2775
11046
3698
2208
9998
795
16950
11310
17668
5963
11916
16625
714
4454
3170
2478
13217
6307
1442
6460
14928
779
12106
7137
15909
16226
14964
14819
10966
15099
12795
17956
16477
4579
3120
16206
11220
16932
6431
17881
17427
9822
11277
12057
2932
17634
9135
6037
2508
5711
15647
10150
3634
3015
5562
5387
9694
3077
8853
4695
17262
5920
1594
15655
10419
3770
11211
12043
2588
16285
11812
11288
8654
15536
12620
3391
15065
4210
8340
10507
6671
3323
15358
15875
8278
4638
12063
1661
16450
6532
13521
16460
1412
8969
2599
7189
2016
13793
2700
1178
5288
17377
10828
2561
12888
13299
4160
711
8794
12821
10980
726
2097
6080
3450
4052
15865
9815
1734
497
13300
17848
6480
15374
15964
15401
10842
8586
15854
4280
10350
3093
5523
9531
5574
7220
8120
2560
14028
8263
14475
9119
2959
12541
6499
15522
6808
1311
15526
16277
15891
14070
7388
6686
7666
1882
17521
10294
3888
6160
1268
9139
4074
7581
5996
3942
12957
9338
14063
10770
857
8660
5925
15319
10186
11644
7948
4085
12486
6214
17202
2901
9591
9966
6192
1935
1820
8664
4621
656
5372
344
8698
6704
12355
15125
9389
11396
6558
15779
6113
17890
6893
5701
1781
12855
17007
17352
4045
15687
7472
7772
2220
11618
12770
15077
609
5422
10610
2288
8265
3807
17158
12809
9832
10501
7792
8574
14658
17213
9744
13869
9204
11847
6030
8504
15430
14470
9022
4728
11332
3943
14456
540
15969
6964
17369
1687
16327
1892
12465
3789
17165
10637
12932
3502
11307
10074
17065
1466
15967
9822
13091
4145
9504
9595
11895
1518
9535
16344
6780
6448
7144
10305
11554
11992
11059
2347
5508
4795
4555
13272
10113
1471
4613
15081
2409
5006
8049
4607
12087
17989
7428
13224
385
13161
5057
9075
12366
6428
9971
11476
2258
6896
6560
11776
15952
2792
3292
12826
1342
17630
16574
13321
6343
242
13410
4999
3817
13789
17552
8574
3659
11760
10889
10902
4020
9351
17693
5109
16247
6778
8936
1214
6136
2326
10881
3757
714
15706
1307
6493
10822
10814
784
11791
866
2872
16388
13664
6615
3666
15238
8197
12967
7882
10304
10526
8018
11020
14694
1050
16063
15551
13188
1830
17979
16580
8033
6463
5635
12435
9794
16993
2472
13159
7042
11483
3503
9352
3013
5211
305
4892
14763
16305
2968
2810
1718
17468
11977
2246
7072
15893
14934
5328
8073
8562
1763
17361
3820
14442
13944
9162
9915
16650
14012
15895
15374
15116
12896
3910
4245
11840
3415
13570
3905
13555
11930
10973
305
114
16361
3498
16125
14382
288
16374
17226
13223
10741
1757
15040
17538
1739
13171
5242
5866
3173
5010
13862
3945
9707
14964
1034
11777
1625
265
11709
14492
3859
4508
15805
6939
7187
10920
9688
5851
3763
2740
13308
17386
16129
8760
2846
12221
16397
3636
12505
12633
11210
9031
8181
7696
10029
14565
11732
17458
10048
13326
3952
14632
15107
14170
9017
12035
14443
2535
17315
17901
3725
5902
13135
1596
16717
13873
2291
15296
1042
16636
10013
6160
7730
13947
3971
5270
857
10075
17614
14201
5030
5355
13249
16560
12025
5142
16711
4212
15684
310
10797
8817
13985
12929
10899
2774
12156
3304
14905
6253
16102
4367
3433
901
2241
7595
9998
3210
11209
13349
15477
9495
14988
9491
17050
11882
11375
5897
3848
3955
7218
5541
17519
9078
9718
2855
9204
4544
12137
13349
15217
9637
12717
5210
16818
3959
1994
449
1935
4944
16877
2757
6768
3119
12641
13975
3613
9274
10033
7608
15635
5628
8258
4123
12858
3420
7150
17653
11210
543
8042
12385
17773
4756
593
15315
14962
14890
15359
640
12827
4142
12581
9816
7648
13766
17870
6067
11184
13168
5214
4386
5516
8258
14333
4536
8722
17268
2362
352
4595
5105
4817
11761
11485
17921
16726
17027
8298
15598
5055
3293
2416
15607
6083
12697
12210
6902
12727
13015
857
520
408
4074
10796
3344
11243
14924
16927
8144
1688
10868
2437
5916
834
12116
8085
15963
7921
1912
14545
5091
16510
4612
3567
13612
9262
15145
10921
11536
5159
2710
6034
1498
14039
16517
16666
11124
5818
15591
11938
8178
13777
6874
15639
13299
1517
190
5827
2054
6538
6399
13885
3300
15513
15085
5840
6619
14881
9110
5436
7166
7257
2502
6983
5208
3597
13372
7159
15375
15964
16712
936
13734
13424
7754
9729
5648
4801
442
3398
14433
10321
7349
346
8923
13589
13591
690
12578
8096
14926
664
2044
14678
15422
13551
17837
11420
16887
1592
5216
4725
1840
2660
6723
16049
3829
12629
10809
60
11294
13684
5420
3539
9565
9664
5433
4809
5239
5930
6638
2349
13983
5079
7906
929
4908
8091
2657
695
142
8145
14824
7792
13464
17149
830
518
7639
8515
11863
6503
16545
5891
15401
5642
9159
10771
4764
166
12290
15218
10108
17701
1396
11221
17300
912
16866
9314
4558
2553
1797
783
17694
16569
10199
16270
9574
17800
3075
16811
10357
11399
16873
2702
15539
1854
1215
2634
11020
2956
7100
4592
11047
10062
6834
2612
13647
66
5538
7994
7319
1135
4561
12507
2497
10715
12424
11598
11561
9768
7535
17197
11660
1470
14445
11336
7363
5994
17015
17825
11722
15084
9501
16911
7572
4240
17479
17449
16842
13527
5475
3578
10212
3869
764
14981
15908
13018
92
13966
3951
8188
14027
954
3385
8689
17793
8078
4161
5402
3177
16830
4633
15499
17414
893
8879
11451
11151
9511
14200
16875
3159
17850
12204
17617
15790
460
14902
2771
8586
2427
14553
14634
2734
17052
2351
767
1706
5548
3339
2788
4549
8330
4852
14676
12382
4402
13910
17274
11565
1916
17628
2412
15178
9108
14040
8099
12273
4644
10096
8902
13826
14248
13262
1116
17063
10058
1171
5685
5191
8281
4954
11790
5029
5590
10921
13052
2486
12739
3667
10413
5770
73
6435
14503
14625
3990
8533
12616
17487
2452
16542
8852
9372
12279
16275
14757
5451
12020
5916
1359
12398
17665
9446
6101
9028
5414
17613
14498
11560
7897
12648
2406
14138
9210
2647
8097
6994
9733
13377
11999
13387
17747
14927
114
15984
10219
13807
215
11626
8297
13750
6182
13313
2500
14475
8616
16581
5621
13819
8203
1313
2116
11223
6914
16945
3648
2393
294
13042
8578
8677
3343
1233
3877
4200
5208
17078
16689
17875
11354
17890
12888
17865
11847
15114
4732
6603
16876
15768
1819
16174
698
6790
5420
6223
14364
2271
14295
6563
2757
16084
10221
3498
14530
12223
5226
6748
3766
3212
13241
5626
5512
4473
2219
4919
3571
6808
13124
585
9173
4682
1976
9076
13185
18096
4170
6203
7681
10958
15015
8151
16828
15016
805
11972
3908
4501
16264
15216
4097
6045
9402
9626
8019
13866
14278
439
17707
5891
9587
9
15217
8842
9878
8391
12340
7063
12051
17866
8076
11751
2109
17783
10327
3792
7283
2014
7901
13133
7267
16261
9304
17162
2903
14319
8099
16854
1810
16996
3143
10297
12105
13834
16187
5627
17304
2336
2589
13790
6300
2915
14948
7355
233
8353
13363
7208
7016
675
7306
650
13491
4139
8723
4807
2174
5657
395
3824
5807
16890
5732
7041
1884
7934
4573
11172
14357
8609
9941
16327
15581
7213
17006
15100
692
2142
6322
2618
3124
4845
8937
16372
13106
16211
1979
10439
17903
16988
3303
13953
4041
1317
3392
3272
5640
293
13972
16931
11479
12258
17132
9465
12721
3535
9822
14066
10016
17103
6031
3271
5537
11199
14247
1046
15677
5037
14810
2723
5582
4488
16681
9729
14211
2082
17978
12402
4981
16651
7772
1970
14785
14309
17385
5860
16382
12187
16409
16509
1082
16194
14002
1706
16523
3670
7747
9208
14315
16348
7205
1880
11048
6227
6011
2465
14386
9393
8012
4853
16992
12327
2896
5706
14469
14712
1972
2493
1294
10914
9961
14460
10086
3292
10584
12988
7407
14564
17217
12965
16799
2303
15474
7121
13152
823
12066
2044
10207
2043
3651
1368
14185
8253
14826
15668
12258
2209
5156
11641
11854
8975
7133
1569
1399
10970
10722
12053
1486
4417
16762
2353
2898
563
18072
17360
1136
1544
7653
1586
16477
11488
15800
4514
78
13186
11296
14369
6914
11603
3529
16030
4004
8203
4820
8505
15203
10639
10941
1162
576
14104
14091
7699
10864
6384
5251
8828
8470
13458
8624
7163
12888
3013
154
8340
9575
5700
10558
10119
1297
69
588
1728
8735
11966
11293
12789
82
5267
8601
8864
15656
16219
8142
7870
12507
10246
11947
14903
14697
4269
16392
348
14283
5865
17122
13411
1233
611
9615
15776
6599
17507
12505
15068
4080
13812
8539
12843
3070
8889
15063
10069
2033
16561
3279
4757
4793
4262
14787
9813
15269
13027
1119
10657
17746
6636
4152
11580
15707
9466
10447
13344
4677
392
2722
6100
399
4407
6083
13235
17783
1161
2326
13915
8360
7292
15424
17963
8473
14447
15541
13691
16849
17459
9507
594
9108
14546
13799
9679
2592
13147
7356
10395
10452
2079
2598
14265
1348
8696
12047
14364
10780
17882
16979
2699
15181
2726
15496
17849
2936
14504
5137
5784
10549
9319
3758
14775
6466
4106
13033
8031
4361
3824
12271
13799
10827
9784
14320
9421
6716
7911
4240
9702
12251
836
7756
11977
279
12359
8713
901
16294
14232
15657
8755
17839
2485
309
12246
6567
11638
6435
9582
734
2439
16107
4906
3448
1139
9533
10284
5579
5472
17144
12976
1185
3694
10389
17541
11136
11466
13443
2839
11677
14473
9974
12993
11097
13709
14792
13386
7510
7289
4062
14961
17814
12140
15051
14341
5844
484
9583
3311
6775
17897
2139
15299
6719
11888
3407
3854
7893
15652
869
9564
2280
4415
5444
653
3032
11947
13953
16596
7824
7568
6130
16955
11422
13833
11066
12308
13978
5756
9819
17458
16486
11705
11893
6385
12770
3676
7926
12422
5997
16751
3318
5343
17128
3052
14229
13270
1780
1855
13196
14097
17650
17769
4620
4255
9090
9801
3729
7479
14018
17077
17243
17497
13029
3329
6568
9650
5035
15842
2459
4320
10929
8732
16751
2029
8387
4679
14979
4428
16918
5433
2396
17523
9666
15369
9935
17515
12492
8735
4129
14453
10510
9140
4224
10250
14559
13846
13159
2758
10319
1851
10131
13528
401
16711
12780
8264
3349
12566
7303
11608
4444
2198
11069
6341
11754
14001
8917
15116
17107
17553
15045
2645
13640
6802
2672
9746
480
10178
3293
13568
13363
15038
15809
693
2095
12038
960
7461
8539
6883
15310
4482
6706
13089
2712
14067
7252
14457
15816
2002
735
16434
5619
10150
17865
10032
5005
4733
2597
14721
11383
8572
16377
5687
4655
6153
14003
9678
4885
4417
3654
1483
4349
12421
7684
9673
11830
12248
7379
2897
12233
4285
15367
16382
3758
14796
7285
8741
4215
13848
12742
7024
6133
4729
17059
13502
1411
9288
15591
8442
4990
4061
8732
824
7408
865
14859
14020
17522
15906
7926
11286
16317
6189
9821
1391
3934
16545
8430
11333
7672
13199
1897
10872
5579
2016
8360
5302
1399
923
14927
12209
2353
5580
4408
417
11993
11034
4245
10447
17754
15392
11999
6990
12496
11500
3769
11646
11931
1793
9543
13406
7942
12395
12015
9177
544
2557
1064
17247
9806
11277
17555
4654
9221
8992
3181
2505
8447
10566
11330
10637
2647
7183
13264
7815
8765
14547
8187
1684
6702
13651
2542
17212
17801
12517
13701
15733
15276
735
6364
13805
1349
14330
16897
16881
3753
5191
2829
4369
8603
2042
16639
9775
17909
12921
13024
15767
16670
16586
16952
12867
7570
11463
619
4550
15601
9711
95
13129
15370
2362
4352
13490
9934
4206
13550
7308
12754
3956
17060
6979
732
8130
11731
18012
16166
7476
17058
17604
233
8822
14420
10597
3916
7764
16299
11576
2534
871
7353
14128
11846
8952
16943
12721
2055
16698
1289
14620
8245
404
5820
10796
5117
6323
9723
1772
15248
6311
9275
9685
9639
13919
9747
5799
17453
3324
12019
2471
6057
15158
10872
17447
16781
3052
17295
11767
12438
11557
14054
13607
16646
4111
1650
13803
14868
5422
14755
3841
11365
17613
5067
17204
10955
12483
16223
5574
10985
9405
11156
9665
11998
7407
5680
10226
8716
7181
11578
2688
13414
372
10929
5569
10519
13080
14182
3316
1534
16521
13949
8903
7151
13133
14721
1733
14440
831
17625
4504
17278
3560
10289
13894
1679
640
15640
3334
11232
12104
3461
12543
16720
1047
16038
10847
12194
2532
15035
6416
12505
17503
10583
6467
14388
11970
2093
17676
701
6308
1124
5550
15008
11127
10088
16930
10120
13207
36
12149
16922
7803
4871
1260
459
12405
344
12505
13920
10626
17171
7326
2264
112
8048
959
15919
13383
4368
1260
6685
278
10376
15008
9799
453
12586
10421
15851
14673
16832
17840
11230
726
10809
1514
10613
17175
1729
5752
5505
15868
9983
9652
17666
6962
12834
8649
15710
2100
11234
11740
7587
3476
9412
10213
754
15841
17023
7252
10947
17051
3106
3279
14125
13523
8989
14336
7484
16187
2593
3515
3597
14537
5524
16881
9007
4375
612
5143
13344
3619
6021
7643
855
4050
2349
10268
15892
1409
1646
16493
6235
12722
2293
17297
16402
1304
6590
276
12418
14720
865
5832
4464
3640
2692
15802
9200
8550
6925
10871
14421
6619
6215
9126
2445
16252
16258
4465
3873
17747
1347
11710
697
13202
896
8945
8166
6161
15648
11276
16426
437
15081
779
8276
18025
11233
11706
12607
2621
9398
12448
2134
5191
14343
7260
11866
11975
12423
16308
2709
18030
499
12696
5571
9204
9403
2964
15235
17443
2418
1042
12042
13430
11349
7727
353
5901
3633
3545
5999
6638
9259
9631
6350
10029
9790
4500
3345
17908
8994
16528
13715
1289
9930
7316
17223
6534
9069
10018
10892
9254
8568
8522
10900
667
14213
2771
10554
12548
5753
16426
443
1006
7825
3799
13594
1960
17368
13001
6810
16891
7398
10597
7776
2955
11706
4775
11423
6310
17142
6281
201
13909
5942
15740
9639
2907
6239
5727
722
11934
3011
9619
14701
5451
15432
563
8588
11889
11544
8636
11326
2392
2471
17285
1802
9486
7625
16106
16346
7201
16385
860
14860
3665
74
4094
7452
17749
15835
11656
6134
2770
14213
16167
7204
13079
9917
5223
12787
14977
13137
8284
2724
4891
17609
17856
1701
6085
5466
11501
13277
3891
3207
17980
3332
14614
17734
5897
8213
1693
4680
7624
15015
13916
4091
9944
4893
16166
9399
14852
8530
2131
9589
4324
8726
2742
17366
12717
1482
15557
14154
11006
17992
174
7605
15223
15265
13727
18093
12711
3747
1780
18027
5578
17494
16770
11764
9835
14265
8836
3168
11266
5334
3334
3203
15822
17132
3771
8520
15894
3435
5995
10867
1781
17336
16117
2670
17163
10089
12240
16981
11199
12282
10698
14988
3169
16621
10392
12148
2721
6824
682
3987
11136
4891
17503
11327
10019
1047
12389
1300
7658
2601
2640
15462
1426
5272
8612
15153
1425
2860
232
12441
9457
7743
6133
17932
8971
7207
13637
3441
17938
17147
10929
11666
17156
4952
11480
389
11047
5692
859
1287
4135
2150
17288
1002
3529
13990
2558
9175
15259
17524
2694
8160
9256
17049
7836
16893
7043
2739
14728
14635
18035
8499
6897
14498
13239
285
6029
11877
15442
2638
12915
4709
15694
9367
5342
4129
7326
13049
8588
8473
9843
1041
6608
7716
12441
7015
6841
1208
2091
10140
3627
16792
3604
9601
14055
5129
902
4665
13035
17449
17041
11437
7605
1771
9820
808
9359
16891
3144
8220
10399
4230
17352
9106
9120
7141
11739
7410
10927
4364
8496
12812
8676
16979
2086
17119
2414
7465
13322
17590
9370
4151
1086
13630
8123
676
15590
2541
13938
14463
13625
14520
12756
1230
1649
2416
11047
3950
747
16610
17523
15267
16912
8356
16955
18009
10053
3461
1233
5888
15783
10063
12704
9129
510
11797
2724
156
5633
455
2820
3214
18051
1457
989
3237
8794
17808
15535
6617
5058
14576
8434
7406
15279
13917
13173
4001
15538
1905
15348
17506
9229
16431
5455
4081
1127
13034
11920
8398
14770
5504
8301
10739
10094
1355
1358
15970
6091
17208
6288
14942
14401
1373
2376
16113
432
312
16457
11399
18067
6470
911
15485
8244
8742
6275
17123
2908
13428
7212
8012
7061
9352
11780
17839
5739
14681
11894
6364
17681
9359
4383
9831
17627
11395
4381
15453
45
8160
1366
6046
15758
15943
1349
4868
17289
17011
10861
7019
430
16474
1436
17747
15626
1907
12784
10236
725
16374
16759
10169
6734
12253
6305
2040
8729
8019
17046
17609
7544
6065
11757
15725
810
4663
4475
10377
14382
16126
7142
16293
3697
7266
14880
11862
9819
832
5954
5722
4079
4638
17617
8209
15143
17612
10153
9861
10158
9339
18051
16613
9547
849
10963
9293
15861
16995
12700
5459
11069
6251
4259
9425
3363
13547
11101
16175
1331
10635
12958
274
2016
8815
1986
9684
3470
621
2406
17086
5723
9644
14112
15903
6550
14779
16102
7711
383
7402
7141
9332
14900
12211
7891
7213
6822
4225
9618
1290
809
4155
17497
9291
643
17638
4815
12270
14603
3779
8325
2854
10942
14353
7552
1521
11226
8852
6864
815
17501
7474
5190
13661
12921
8942
14987
17282
11812
2855
8886
3710
15871
13931
9888
6557
13822
8279
5272
16548
17597
16557
3877
5832
808
17571
775
3854
2526
14670
17187
13229
15466
9673
5707
4388
9906
3119
10584
16368
15726
8807
17337
16238
5540
9952
10919
17590
8705
13592
5018
11252
11828
8855
13938
836
13810
8887
13233
11668
12045
14505
15487
17013
15329
5293
9496
14648
13918
3522
5990
7222
14959
17431
9633
14167
16011
9039
3649
9777
9897
11511
11429
12235
12859
3609
664
8222
17152
8378
2352
11225
11960
15685
1046
208
8775
11639
2041
2867
7931
5043
6498
6747
16361
4181
294
9998
1039
1336
5812
15066
14738
6856
7820
7522
13503
14283
404
10480
9553
1594
14333
16906
16606
711
5910
2309
2832
14836
7330
12991
6320
11148
2172
1050
4817
23
14612
13270
16087
10524
431
545
9144
17886
6387
358
9043
11875
9578
5108
13476
7132
4186
657
7660
5829
8391
3671
7726
3581
219
10753
14771
17844
9890
4312
4534
5089
6504
11016
16660
14404
13213
2215
3159
3950
1216
15874
7883
6876
8561
3127
10843
2403
17027
4005
9283
1303
14678
13475
6325
1929
2332
17305
10404
1575
11533
733
10017
14442
11108
8199
3586
14986
17101
5770
9287
8577
11151
3062
9064
13312
7268
6355
4321
15348
16157
14124
8070
15976
17326
11327
13553
17610
16036
1933
6426
6103
1483
9109
12557
4217
4269
2611
13019
12412
11289
15102
692
194
10349
8867
2702
12123
10479
3487
13091
13336
9404
2677
5097
14922
12790
3614
13039
17869
7512
7580
10545
5404
4570
17121
15741
1173
15142
16048
8802
12283
2416
8108
16013
6815
11270
273
11556
15263
10264
10176
14883
14440
14038
12287
10955
11215
11815
3031
8283
16611
11812
2832
8742
508
14960
10255
12769
3258
4502
14018
11112
17683
1931
2603
12085
5807
5459
11178
17553
7940
9272
1012
15763
2238
13744
3320
2158
11563
15150
5034
13106
2432
8231
11646
1249
11538
811
2008
11693
4053
16905
1448
11792
11911
2562
14431
10959
17265
12583
6974
15422
10523
998
10320
2156
14344
13817
13494
2194
3170
11247
10399
933
6373
3695
9099
688
16821
12968
4020
6861
11699
17276
10904
14228
6768
13330
1363
11486
8908
16526
12216
3253
8114
17861
16638
2932
13227
5649
6196
4089
9474
11644
6915
6881
8266
17646
7438
14624
4264
7991
9297
3158
12670
445
1603
12791
7987
7356
7105
5835
3962
6482
7543
4734
13618
12384
8008
11792
17582
15602
2429
13764
6151
5372
16314
542
3831
1386
13053
7635
10130
3490
681
6237
15713
2577
11067
1511
15739
4928
11110
17520
9189
10964
1660
17831
8421
12209
11053
14306
10749
4714
10437
242
12893
9052
15806
7634
2893
9047
15033
11154
10704
17168
4577
460
29
4363
12466
4090
626
5193
16770
10117
6374
16188
11776
13355
2210
16733
16551
11291
5563
2119
17104
2327
10829
13659
6496
16430
10728
4372
11548
9068
14129
14150
12166
12176
15787
6140
9800
4505
887
12117
2818
10428
3189
8067
4239
16285
10374
3438
13898
5727
4893
8845
14310
14654
6328
6340
16299
9125
11284
4284
3999
12318
1101
2246
17886
2532
7648
5356
15731
798
5697
6062
16134
2652
3477
17017
6170
16899
7030
4768
5083
13062
5478
5854
8700
16983
17026
4178
16141
5918
16337
14572
5920
8129
7556
7045
3386
9774
26
8985
11648
13335
14165
9517
3822
8917
8331
12518
16095
579
187
10690
313
9921
5826
6685
14150
9554
11962
2109
13738
15470
44
12443
17090
6356
11701
164
11164
10197
8377
3163
1014
833
8039
17091
9053
9222
14728
5754
7239
6953
3234
12624
7182
16579
12281
11970
2654
14772
5132
5196
14999
3429
7152
10015
17620
9174
7657
11713
16400
5419
16675
1605
1230
2081
1864
5735
9445
4699
3584
3748
7013
3818
15466
7026
7286
8589
10700
8187
1260
3563
8782
15111
13610
16660
2264
7053
4146
12311
14629
3136
11038
9267
12867
12383
12957
14331
1902
1017
15558
3261
1872
15295
15041
6955
1699
6558
9813
14645
1401
4671
3480
5027
14150
9596
17748
9870
4448
6458
78
14766
15785
2378
4677
2703
6663
15841
2234
5242
537
9673
4255
7208
3582
3734
11619
7778
16797
2013
12566
9749
5585
2979
14807
5188
506
11810
7679
13192
705
15085
4676
3258
1986
2053
15274
3635
14261
15211
17761
987
15134
2531
5739
6705
10714
6627
10243
13777
976
9698
13186
15934
10021
16908
386
8485
5051
3351
5999
11707
4884
16388
11357
8909
11968
1007
6496
531
14215
6956
8630
8542
16492
14348
11057
13230
8645
5226
2428
8282
12920
7057
13073
7555
7185
15908
12797
13836
16818
10068
13306
17955
1172
6979
7543
12130
8094
15115
15708
9485
12922
12447
15224
2440
831
9382
12084
2539
17198
15055
14003
10362
12932
6054
15747
8457
14051
3806
11361
16668
18074
1264
5550
5684
14895
7796
10658
13669
2919
15504
669
1394
13312
3509
14060
17753
18044
11875
11258
13945
8965
4718
15335
6503
14042
14487
8296
6382
7968
6230
12441
17545
7753
10788
598
12539
15903
976
5097
15745
10648
1268
5971
12152
2005
5233
6526
4525
13320
9882
4918
3527
8902
17205
16956
14623
2127
16117
8545
17293
1764
17681
16832
4480
5121
13593
103
12619
2066
13403
3028
8865
3068
4804
13488
1505
6486
8467
10039
2009
1713
16692
11754
15213
11079
3811
12559
12245
12324
11472
6762
15736
5399
1445
6616
17209
16314
6307
226
5561
16310
8749
12980
4680
11029
6392
4273
8420
9929
3481
7063
10935
2099
790
16860
18022
8122
8796
4052
549
8076
4445
6121
7566
14735
9116
15186
10159
5712
6406
5305
6111
1462
1103
2210
8568
7499
8378
16788
721
5835
12615
15399
9697
7143
18059
4212
815
1534
7875
3279
15076
9511
8616
10606
5993
11393
6156
12537
6094
15756
7238
9563
12
6394
805
16281
9828
11720
12159
17
4126
17037
15058
3889
17615
1306
16658
3988
13446
1093
8248
8468
9016
17904
1330
17071
4526
17976
13212
14145
11215
8041
7639
12834
17979
15907
6939
17696
608
3475
17255
938
1789
12144
8580
12440
8813
2091
10176
16215
4672
9866
12617
9072
8254
4403
12026
15823
5548
6824
9155
10311
11982
7124
1574
2784
10083
18078
10423
1918
15908
10521
9405
7388
5796
15654
12078
9516
12686
11322
3120
4300
1895
11344
9417
8605
2526
10793
201
14378
12153
9949
5452
348
12360
2652
2211
9883
7600
14857
3914
7022
9038
10316
3272
10728
8418
17684
7374
14965
6118
6064
6732
15010
13159
7626
1373
13623
6013
8647
17702
14922
2291
6234
10975
3456
16453
11745
11779
5837
566
17431
3786
6674
11375
16081
7789
5544
4119
13227
17025
15925
1410
7092
13040
7806
17666
1774
200
1340
10116
500
2524
16475
13893
14953
14599
12101
5124
11650
13487
11265
8986
4707
14282
4002
2925
10838
4144
4520
11550
2308
10974
8626
5895
11836
2803
16636
13236
15035
9635
13451
5660
15692
8149
210
2028
9936
11681
1714
17483
15467
17597
6792
8028
1812
1172
1483
3121
6205
4432
5825
9032
1606
6115
3397
6527
16752
5375
13343
10180
9971
8740
10315
1517
6985
9536
12679
8423
1107
12716
14295
14402
14718
10118
17715
15533
1802
6417
11220
6330
6794
14510
3316
1672
11723
3404
15594
13018
1729
14803
420
820
6110
15699
8986
995
5531
6219
14402
14375
15930
14817
660
6571
2440
10242
17774
95
17678
7313
1690
85
12202
1955
8363
10986
14886
4371
11973
7978
4851
10757
12397
13055
9492
2903
3943
10874
14367
9726
17759
16048
16497
13358
10983
6677
3317
9705
12307
513
4119
12929
7062
11821
14572
15282
5027
9390
11736
10150
8715
4955
17713
9180
10062
936
12778
604
7188
16076
6904
13858
865
1363
103
981
773
6912
9380
3670
1176
6766
10964
11373
14117
17401
6380
4183
2078
6295
3089
13521
8587
3311
3824
2032
2899
1600
8444
13248
9894
7871
6436
6944
6617
13085
3343
1906
17118
3941
14514
4723
2584
17877
7645
17626
785
8993
9618
15154
8141
16107
14262
1795
3425
4695
7614
452
16989
1548
12896
9033
6252
10360
1222
12565
17236
2214
2260
3838
13002
15543
11136
6757
5530
4894
9756
139
16353
493
6964
16073
1800
4601
16758
4609
17471
8152
11680
9444
9647
16764
9138
14009
4935
1142
12731
4256
18007
11396
17922
13213
11220
14543
8150
11675
6597
17211
17019
11495
16176
16451
7932
7301
4925
7031
14979
4573
17498
13254
17486
9061
16523
6700
16547
16724
8128
2072
8074
7359
666
5296
12613
12721
13290
6089
8790
15228
12732
4433
2553
8160
10669
6117
13351
1901
7678
16501
15595
8961
11331
7628
1836
13184
1177
16086
14237
14483
17241
7420
15467
1955
417
14339
1170
16394
14780
9216
2424
15509
3456
16678
5408
3703
15941
16075
4860
13485
10528
10841
10276
4956
1737
14705
7271
3521
12048
17950
17618
7963
16208
1949
14763
13057
2640
7689
3393
8945
10261
7434
14235
12543
2238
9188
184
16901
7541
16050
10061
13645
1878
3121
14564
15262
11834
11621
11319
3407
16146
16551
8283
14732
12015
16750
9148
7288
832
11484
12638
9382
7020
5868
11138
7750
12490
3715
11603
10210
13125
157
770
12909
2213
8716
9931
142
17529
12534
12907
13198
14395
16679
15493
680
10669
7436
3504
1774
15578
14711
11782
10684
1726
5214
8054
11267
6135
8086
1571
16411
8840
11786
7209
9407
3587
9912
16420
11612
1726
8870
5695
8020
5096
13115
7048
14012
6063
8889
850
13267
2902
3026
3281
10601
1937
2926
11190
3700
15885
5887
12632
6374
8308
3425
1417
16518
7369
8685
10924
9286
12020
2017
15698
5810
4902
11550
2940
1020
17354
342
4527
17996
10544
9995
16009
14072
7743
13910
10677
14928
4712
3130
13788
16827
11935
14393
4107
15147
16229
4398
1191
7744
3578
14590
4981
5368
13714
3443
10054
7210
3705
14596
15051
4223
998
4674
4254
12012
9283
16529
10300
5601
3945
14491
2415
9980
13055
1127
2432
8470
13948
16044
13146
15490
1259
9604
9858
5251
9317
8271
17429
5795
5795
16151
8758
14320
2707
740
8042
6197
9382
15969
1264
943
4110
9835
1970
2217
4534
15791
4796
14954
2716
938
16790
498
4361
15562
4774
2845
5937
8015
14111
9643
2763
1581
11362
2373
2276
14273
7532
16562
10520
11956
13856
12965
17262
10272
6553
8584
14067
11092
15750
6468
6184
8034
10663
3843
10067
1193
8714
10688
9629
14196
16309
8601
14684
2423
14711
13609
12236
9126
12458
7496
11933
221
7614
2855
286
11153
13430
682
14399
17901
6167
7646
7673
15645
430
5009
6339
13567
17712
2618
12794
12546
5249
4608
14330
17465
16043
15533
11679
4049
9412
8935
953
3566
5810
10844
15765
4054
1036
7569
15759
15191
5000
6397
9529
8341
7485
13276
12116
14393
10702
1217
13506
15583
14856
8396
6896
4783
11336
2340
17461
10758
4664
13448
11003
5659
14480
6483
10010
12389
13929
15752
16843
13167
16102
9676
6122
8272
8275
17381
7221
6128
10116
17743
15753
7170
15518
2989
16794
15274
10936
2342
595
655
15430
2418
7048
2885
7533
6403
10737
3634
1425
10355
6936
17257
2477
9993
9858
1756
11132
6810
13946
1964
7943
3424
16397
3397
1482
13109
3761
8657
14277
5165
10649
11390
8600
6830
3272
12275
16750
3143
17492
3969
16243
3874
2741
5109
15087
6536
6099
6891
17839
5822
28
12008
4080
3061
18016
5566
8155
6105
12543
17425
14583
9777
10872
17741
2724
12594
5302
4590
9681
313
17454
1343
9660
13190
6839
14925
10812
5227
16670
15058
13811
1646
9882
9811
8386
497
8293
1077
11486
13169
10012
8031
3169
13354
11674
1585
13732
9421
7958
10331
2470
1158
16183
306
9796
8065
13701
7351
7303
1059
3894
1861
9481
1735
9494
8991
9893
2482
10354
14402
1186
3852
7049
18078
12357
11515
14422
2270
2637
15584
12979
14663
8259
5467
4021
12342
976
864
17188
255
12205
15383
6302
12988
708
5556
2442
3772
8133
17501
14992
4192
17464
2317
2064
4001
1223
2629
15000
18070
10246
13338
10306
13888
5216
3018
16982
17182
3852
8847
210
15359
8101
11535
7146
17214
17964
3047
16619
10002
7886
15633
11146
7775
11216
15862
17247
6717
4759
5316
13261
6751
7881
6137
4919
11072
15371
5171
4103
15272
12430
1990
10546
13135
2256
15468
8512
3235
10998
10724
3941
17240
18034
11770
7470
12082
7916
4619
6566
4165
14441
4307
12275
176
9318
15995
4925
9485
4692
7992
11614
6280
11203
14487
11303
7040
7415
11899
13441
4272
3728
17968
10228
9254
10779
8066
17880
7471
6346
13583
13640
1998
14271
728
3974
13280
13201
2985
4066
568
6623
16136
2783
16804
1268
7389
17060
1556
12810
6119
14744
15293
5349
7216
10833
14752
5963
10030
13622
4264
3684
157
15093
10204
762
11763
4010
17190
13387
16522
7915
15655
3870
2685
4637
16730
14211
12847
14438
17589
2098
4199
1543
960
4392
4334
14997
4971
13542
14871
16806
3037
12011
16942
4764
12225
14706
16911
13102
14264
4533
14396
7458
5786
2373
7292
1420
7679
14282
746
7081
12708
7157
11128
16116
12346
5918
3118
9339
17800
16951
15729
11206
9916
7350
15644
8184
1913
6669
16679
488
1816
2676
6843
7624
2631
5027
974
16329
13857
4110
2259
13771
1480
12805
14257
798
4843
8288
2850
8160
2152
7305
18012
13398
9060
15599
14700
15017
12011
6811
14593
9507
2436
4296
11166
8685
5897
11641
17452
2201
15048
17427
12471
14703
11945
1805
17457
9778
9704
1275
13689
12938
8133
5287
8578
11923
7911
4905
7266
11520
5128
14973
16697
16210
705
17978
13636
5733
7683
4612
1631
3378
4141
11425
16225
16665
10702
8109
13391
2824
5212
6700
12717
2262
10925
2460
9174
2909
13345
14720
4597
2028
4607
16278
17210
13635
7889
12302
9907
15567
14954
14456
16405
2870
16805
2885
14480
17022
15309
11457
14127
14064
8092
14046
12199
3283
16767
4487
12049
12745
11807
10379
15690
1077
10484
5955
15780
2815
16908
16185
17907
2844
7134
17257
7337
15929
17019
10309
6166
2443
13225
6213
1402
9422
3943
7882
3443
4165
1910
12151
2967
5359
9729
1739
12804
18039
6209
17470
10981
15393
2414
1075
7467
13758
4871
1983
10207
1576
2030
15052
3318
7565
5116
4477
4175
12300
3087
17301
2638
11060
17182
9050
18072
255
5985
9501
9527
14757
5356
12458
11226
5813
15663
10924
5767
9053
6712
12027
5608
15637
9178
5550
13767
10248
15752
8765
1602
16141
10817
6483
5308
4798
9273
8759
11585
9249
3343
17426
11809
3331
5807
12034
16459
12952
10321
17209
16004
1504
10676
13580
1390
16722
11715
6096
17710
9224
16318
6682
16479
1763
16629
13445
14905
7569
2529
3451
9502
14012
9069
9702
3370
11297
7527
11675
6689
17998
17483
8778
9425
3373
9515
3521
8916
13230
463
11925
17120
12776
14063
1504
4905
7438
922
12954
1680
14200
8329
17459
4618
14094
9931
8699
1520
8577
334
3063
14411
504
8081
14160
15619
16078
3846
8022
4967
8092
9618
13339
16772
15173
16199
4551
4641
16128
10557
11025
17345
15765
4174
12438
7552
556
6046
16293
3534
451
292
7443
4398
9408
13795
16634
11808
11110
5596
4234
3601
3190
12467
2211
15354
4213
8785
3690
17778
11175
8034
15429
15
8532
13346
7226
13421
10080
5333
5392
14091
9341
15147
18083
16272
256
15889
8781
905
17892
14365
11337
15762
1151
5415
14402
1296
832
17313
14995
3367
2484
189
15581
17308
7636
12406
11968
7145
16681
15351
15540
8642
1431