9958
4567
1509
1182
8590
11156
11095
2239
3277
1635
2789
2083
9289
2994
11650
2192
2608
5376
4045
7613
2411
8595
277
7966
11738
3079
1471
11332
7989
10256
4905
1093
6627
9389
12470
10379
9024
4118
576
1555
7065
10239
8612
7876
6764
6394
11103
5921
3058
6322
3149
8401
5928
9112
1279
10820
10984
1854
2613
5993
10258
9072
11961
6550
11213
11060
12439
4044
2552
8831
7301
3042
10035
2942
5894
2040
5491
5143
11710
2021
1457
9598
1030
11016
10340
515
4509
6315
11644
6274
9650
11229
9023
3848
5457
3882
11843
7666
5815
920
11339
7384
4339
10498
370
3002
11261
4128
5016
4765
9433
3748
11635
3629
2449
9883
12116
4381
12362
6890
8909
2894
10009
8157
2490
312
11505
9824
1257
3941
2138
1867
11172
116
9118
5930
8291
3360
7151
12407
4956
93
10296
4038
301
8850
10131
11507
11734
11723
11946
5750
278
12351
2586
5724
10219
6923
7238
5925
941
9174
576
494
967
5876
5185
8896
6601
6985
8213
10949
2445
1161
10560
11688
12403
9025
7726
5567
6215
719
3021
10465
708
939
8601
8028
11927
9575
11697
8717
689
7984
6648
8464
6605
10606
11924
11633
267
2825
9306
5751
6063
2327
11021
4764
2206
3370
7599
10732
11701
3237
10900
473
1643
12196
3514
3355
9137
528
4703
2143
6003
2529
8403
6164
259
6919
3062
10416
8796
6864
1745
6172
6368
511
11697
261
8976
5847
569
6891
10435
7589
7825
1582
9457
1540
10468
8583
12502
7780
11373
4404
234
3821
12363
1049
2808
4146
7675
1172
30
3508
1187
8194
4702
11709
814
11634
10789
3529
9550
4821
8617
10190
8882
12200
2509
280
11811
3659
5705
7049
3678
243
568
8520
8196
11402
10869
9029
926
7210
4849
2629
11711
2360
1311
2481
9852
6014
9830
3243
12426
3503
12372
8141
4572
9303
6852
2747
1980
5744
5790
928
11786
8223
4927
12015
10341
7037
6572
9928
512
12114
11670
3222
7135
11474
727
11725
6243
7497
9674
7780
2695
159
5708
2738
385
12038
9269
5704
2824
4537
850
1264
11595
780
7169
8719
11144
5399
12307
1892
5176
8391
12565
2562
9416
796
1858
10781
12276
11315
3086
3904
2521
1978
6855
12421
1631
3757
5946
5454
11724
2045
9750
3682
9678
1729
10680
5440
2799
253
1236
1708
11592
5583
6743
9522
6446
10106
5004
11941
9371
10982
9644
6279
1564
9422
3993
1481
4660
9689
3764
8766
2534
10536
7650
5517
7443
2999
12135
7747
2059
3531
609
2655
6529
766
7076
3539
4506
1295
6610
3080
5600
10621
11208
7534
8092
2839
5056
1736
4295
6145
9730
10099
10357
2263
8067
1960
6572
3702
6956
3191
2226
6215
4336
10362
7015
11608
12339
6065
558
10783
318
12292
2132
12154
7835
2562
7350
9934
1932
2758
2021
4836
7334
8439
689
3866
1248
7549
7041
4416
10121
10442
1979
10129
3339
2078
4701
11296
11274
3699
5147
585
5969
2445
8730
1733
6663
9348
10010
4446
10366
8919
12002
7843
11244
12442
1207
2243
2879
12198
10588
9647
1621
643
5522
1150
7063
9770
242
7202
3890
4057
4837
5931
5320
5139
463
6648
3385
11284
12206
1369
1285
11265
11381
1705
2119
6450
9206
1350
9355
5279
12200
7416
11589
5914
7072
8470
11043
1996
11772
11627
7782
8046
4720
93
5230
12501
5635
10396
11368
12065
12546
6825
12531
5149
4732
8917
9917
222
7709
12186
12241
609
7919
7533
4634
7272
837
11594
3850
195
4704
3846
11699
12393
1087
3093
4627
9880
1631
6545
6557
4847
12227
5181
11651
7364
7927
3004
1281
3096
8664
7792
12267
11194
319
9995
12490
5503
6689
10688
4657
3927
10979
7599
2469
7961
10268
256
7730
4772
696
10164
4841
11477
4732
8892
4577
1831
10862
6247
5603
11679
3129
5559
3305
2976
1065
6983
9012
6780
7138
9795
2670
8899
537
10513
11060
10057
12567
2063
6293
8629
3283
2698
5692
4161
3938
927
5859
3940
12111
4536
7601
5008
3419
6850
8472
6189
7057
11616
9691
2094
8607
10229
6236
12136
3501
9212
3734
1040
7229
1817
767
6024
9257
9212
5690
7365
526
3968
266
8311
1201
7659
4862
1934
1478
3310
8088
9583
377
8377
2585
8731
8835
8138
1705
5300
1275
168
2077
4285
7917
671
10701
1302
5168
6530
7299
11296
6776
3301
9032
7019
3969
627
11493
8265
9129
4030
7667
2757
2732
7771
6100
2072
1111
185
1243
3728
7473
3221
2649
8061
10106
546
9167
156
4290
3660
2532
3606
3527
803
4282
6518
307
12534
9046
4701
10339
9116
3419
3258
6091
5725
647
2012
6541
2126
10501
11758
6551
6451
5797
3656
3897
10328
10793
8840
1396
11449
909
11176
3095
8095
5041
2335
10677
6139
7252
100
11973
4640
10246
1064
1944
8755
5223
414
983
10610
11085
10005
4482
6799
5889
9831
1814
4727
8931
11957
2524
6295
3668
832
3131
6657
155
12520
6149
12590
11789
7292
3678
11022
9696
6522
1932
4206
2062
2190
3797
5929
11150
2600
11950
11644
6362
5035
7443
10094
7634
11191
6864
10637
2343
795
4512
3332
6293
8443
8216
7216
7962
1497
3839
9908
2990
8484
8701
10299
5489
8634
11983
7937
1019
9015
3830
3917
3498
10634
11551
1978
7912
8264
1082
8626
5611
4984
10108
1042
6875
964
9971
7890
8973
876
444
922
10878
6197
7992
511
7269
6700
12375
4893
10638
169
10461
10375
6818
3451
3950
4843
5171
10539
11917
6928
11040
2422
11333
4540
8831
11840
6462
1543
10200
9204
11099
11869
1909
5961
6014
12173
2645
7974
8744
10566
5369
11121
6207
2694
4983
9463
1706
4539
5640
8163
4231
5299
852
4867
2197
10555
5827
9282
1564
2767
8618
9351
9270
7925
4134
8104
114
10879
11512
5830
1661
6460
1903
3159
3393
1897
6484
6802
3930
5398
3108
9174
494
3563
5874
2263
746
11963
12256
5115
6301
565
11206
8691
8168
4233
5742
10863
10786
12594
6774
4879
5248
4687
8566
3022
10071
3446
8424
7323
4943
3334
8307
12248
334
9001
2421
1471
11884
8663
736
341
3253
9936
2706
9686
4052
10521
879
10772
4786
4714
4546
12046
5819
8909
12542
2581
5353
8363
6554
3361
7130
12497
71
10693
709
11395
5676
148
11696
2324
5813
5200
4228
6301
10573
10732
2969
3384
11028
9714
3512
8017
3138
7979
6806
5141
5713
6673
5765
7061
2748
5056
4318
4809
8863
9140
11922
9980
10396
6913
8711
6138
3020
3270
4251
6801
7740
7598
2193
2955
12038
7705
7498
71
9640
7757
4027
6635
5051
178
3351
9894
5827
8924
1839
5901
4224
9944
6143
11581
1726
11403
5004
3928
5759
4631
4414
11981
6605
1602
8249
2768
10827
4968
7283
11934
10077
4953
12015
9075
684
8485
12116
764
8620
8760
1148
3664
6354
11135
4368
8859
9080
12002
8838
7265
11569
8873
8462
3077
2084
9951
5080
2716
2864
11303
2083
11916
3142
5096
8138
5658
7456
7449
10720
9951
6289
6390
733
8039
1921
2882
4749
7485
7654
8806
6693
2220
5948
12379
2759
7653
3790
9115
10419
6737
1802
11855
7890
731
6777
8492
11369
10162
1569
4480
8662
312
2856
4871
8992
4397
1651
1482
6787
5509
3062
10534
5063
7800
10438
8003
10211
8528
10472
370
3693
6890
6327
531
7671
10311
6254
2748
1849
3601
3481
8695
6735
11657
11034
8744
11306
5493
7781
5216
6251
3211
5519
319
405
8306
4957
2507
2400
11276
3327
10562
649
3189
6014
5396
12334
9521
8653
4557
9580
6590
11058
5039
6328
6804
1947
7301
8404
9504
7865
466
5486
7657
286
4647
4278
7967
1859
10840
5551
8502
6641
5534
11010
1873
9103
11012
8669
9066
12541
7011
3230
6384
4344
1654
7246
12151
11307
8732
1198
2286
6879
492
4390
12092
8006
6385
11220
6779
9897
6949
4824
3431
11754
3084
11652
5347
11653
8432
6742
7550
9521
6901
9047
10662
4707
9807
3295
7818
10369
1432
3255
2030
11906
9026
6737
2545
1320
283
7600
7814
3247
9733
3100
4551
6412
237
9442
6720
11540
3767
710
764
11478
1068
9737
10863
12419
10454
5077
115
223
11861
11311
1798
2934
3771
3150
4217
12005
8635
5697
840
484
10295
8946
3424
10973
11696
975
12293
9243
7311
1922
10411
3884
894
5036
11193
4090
7355
3507
4159
2065
11824
2396
6117
9702
1334
2900
7181
1566
11913
10579
1356
6892
2282
324
2200
9460
2149
4150
11825
2458
8741
2524
7095
4651
1969
9276
10097
2954
8775
11790
702
5514
9757
4608
10263
5815
1881
9176
4104
11555
1942
1459
6670
9505
1553
11449
7494
8639
514
4558
5968
7282
6653
3611
10033
12013
11649
3267
637
8918
12557
10425
11183
10024
8668
4469
6341
6423
11237
6338
11037
2518
12273
4441
3914
7628
11733
614
9491
663
2889
6817
1895
10955
1384
4719
6886
715
2842
12432
12397
10613
10331
1661
11845
7677
9901
850
3679
11934
5029
3811
11469
5575
5503
10881
4629
785
9877
5386
11342
5412
8363
3377
12440
9821
8631
11217
5564
5249
2450
1241
7821
10589
2245
5057
10639
8076
873
1080
3339
6732
9819
8806
12542
2577
10853
4290
9015
2332
5694
4404
11057
11884
10834
7491
9899
3671
5460
1906
11881
2084
11459
5662
8994
4380
1187
1025
1168
1106
12466
11908
6717
7844
9333
4196
10615
757
7016
3118
9389
498
2384
10033
12279
4772
671
4393
6045
9137
409
5567
7538
6531
5202
8392
208
4512
3356
2977
4909
329
1322
4273
7014
9630
3807
3794
8408
12239
574
5955
12158
7137
3000
865
931
10853
5522
9532
6343
10678
113
523
10308
2039
8428
204
1325
9566
11476
10198
8201
2622
5260
4351
7923
7154
6178
1348
11637
2037
7625
5087
135
642
3803
1756
575
7474
5140
1969
134
467
9641
5810
11041
6043
3926
8176
7728
3642
6093
2906
5816
2687
11789
4086
579
4548
6909
8688
1085
2326
319
8466
479
1506
7130
8195
9303
6554
11605
10713
12315
3446
9974
2725
8741
6084
2826
9619
840
135
1272
2299
12360
6499
9288
7559
3705
7149
3156
11277
11824
8802
5345
1314
9012
487
10011
7639
4622
9163
1681
11338
12451
7727
6085
11270
9092
2263
8439
7145
3904
4216
11846
5244
9078
4398
11945
10615
938
7111
5919
11663
9077
6600
4892
11725
12275
5827
138
12465
7758
368
3467
9478
262
11655
4728
6735
8908
10516
11473
6158
8863
11126
2601
10107
10405
11415
6092
2796
2810
5571
4058
2531
2383
5630
1789
12587
6215
2216
7626
2269
2895
9566
3892
5696
2946
5195
5112
7048
8749
4145
8574
3697
10295
10703
10118
6362
10482
8214
8902
7032
5301
3389
990
1934
5860
12213
12519
537
9194
9415
3944
5992
9181
7377
5769
5953
11318
9697
5701
9136
11395
933
6743
4434
486
9881
8142
7298
1641
8817
7511
7884
6793
12449
155
10934
6978
12063
8596
10470
4127
5376
2514
5050
6286
10621
4411
6706
410
7405
12031
4788
4376
9974
5147
1132
568
5080
1519
3795
10001
2553
1135
835
9549
7168
8687
8373
6035
7176
3605
7473
7289
6425
4057
3609
4345
10722
8642
12566
845
8170
3254
1730
8382
8366
541
7361
4969
6601
11276
5097
9571
8847
3397
12483
3128
7340
3729
5623
1004
2019
11093
8165
3117
9018
11568
2659
588
7891
12451
7356
774
4903
2547
1540
83
11803
961
9883
6288
3725
3481
8048
2037
10524
9090
6186
2183
4960
6664
9107
8884
3405
8026
2709
381
6820
3895
6970
2691
8968
57
4167
11961
7366
5531
646
4805
8768
374
6727
152
5793
7488
9917
7138
641
7607
8985
2201
3883
616
2864
12181
1189
7288
6106
11507
3921
10684
7415
861
8140
4803
6626
7852
12378
2660
8922
1766
4872
8748
5038
5327
10800
9824
5289
2098
8434
1393
4397
10700
12597
1802
10051
8695
11097
6891
7845
2686
19
4388
9331
2231
8790
8684
4336
5907
7399
7159
6186
10928
5972
2336
11567
11366
3415
435
12534
2852
1936
9805
11048
2174
9029
4868
5261
2472
8577
2649
7504
10694
12421
3789
3836
11396
12545
12435
277
2870
6208
3399
10267
3261
11771
12383
8728
11643
2724
1517
5367
614
2675
9343
10845
2524
7389
1384
8697
8152
12135
4875
5764
3156
11992
9561
10078
10695
11060
1953
8337
10462
1250
11153
2671
5167
1523
10485
331
1962
7075
5072
4934
1073
2894
4432
4446
7817
9786
930
9040
12587
4306
10101
4528
11936
10183
2335
2329
6336
1449
9931
1901
12489
11459
7474
6427
6253
54
4791
9620
7183
9995
8031
11098
4726
9914
9956
3664
12065
1355
2087
598
9868
112
11956
2957
11769
1344
11318
12250
2805
4785
10180
5122
3311
10881
4828
865
11294
7747
10898
11418
3963
9541
1963
6525
418
10868
4180
8235
9683
11921
8967
1704
7317
9820
10445
8180
8244
1093
6303
11615
8550
10678
5412
4673
2100
3619
7211
3209
12199
7218
6794
2164
8852
5842
9023
3971
11540
11835
10599
5116
7406
9842
8212
10639
9798
10915
5738
132
5025
837
11461
2932
461
8752
11370
7550
7046
5014
2178
7330
9270
10008
10679
8045
9241
9339
1638
8032
8861
5965
8265
2326
4516
11545
9889
2818
653
7143
12204
9525
5290
1704
5426
11283
8973
12514
6122
2529
11230
5128
8495
6052
3018
7902
2331
1495
6474
3670
1535
3281
10460
7479
9912
7632
11741
2204
9181
10867
1730
8902
4118
10301
5116
4035
2315
5517
135
7399
6743
1748
2162
6485
5324
884
2893
581
11936
12193
6567
6605
8692
11485
6153
8413
7301
3092
12438
11128
2500
7499
4082
4582
2485
7571
4806
9103
11586
6846
11085
5738
7788
10485
551
6323
919
7447
100
6672
2370
9097
11221
1005
183
5928
2219
11027
4357
684
5866
8110
11759
11243
4375
3283
2702
7028
7483
1543
7897
1641
5105
655
3928
1071
2464
1454
1943
7469
9524
1165
4975
10873
4689
1039
120
23
5804
1700
11510
12157
8012
2504
12346
4476
7070
2839
11239
9513
1080
1732
641
8556
9235
3081
9614
10463
12395
4557
3080
3624
7079
4305
12057
12491
9744
6919
1553
8630
3173
4806
10606
11382
2360
2169
1249
10915
2759
8249
9995
6558
8487
7870
3876
6393
6793
753
10262
9814
12486
10990
9048
10369
12162
6638
8759
9025
3834
6200
7279
1565
7936
1729
1491
9213
5995
8607
12547
10127
9560
11578
11884
9338
5784
3789
6079
1855
2294
5616
4063
2430
196
2780
7123
7462
9768
3776
2376
8435
6050
7388
3068
5443
7851
11367
5677
3454
8519
7286
5661
8422
2147
9821
356
5821
10323
8802
2402
3363
10007
513
2156
1994
4190
9388
3560
6901
8376
8179
7188
921
8953
2917
3721
2913
11512
12305
11759
2772
2446
4843
9666
12577
3132
2061
4742
4101
4335
599
10990
8214
12388
3663
5246
11097
8023
4344
5425
3645
8322
10999
8431
4515
144
863
6488
2841
676
2399
1384
855
10375
2033
7485
10080
6837
8550
5113
2828
5984
4135
357
9646
10629
3352
6308
8851
4644
8902
6668
10461
10465
9279
434
348
3327
5447
3061
4727
1635
6353
6901
339
1265
7791
3991
11601
10464
11597
4604
2496
10269
671
9519
430
10704
1786
546
3548
9228
969
7221
681
6401
8403
2063
1910
5634
8043
8542
9237
12444
5204
803
1670
4183
8722
2890
3932
1533
3208
4291
6885
5244
11631
6422
2503
12392
1283
9353
8326
5866
9566
11481
4453
5861
4116
3144
5384
9401
5741
732
7704
942
930
5739
10708
12006
3211
11340
8459
7836
8291
4828
3680
431
8475
2131
10384
7712
10057
5438
6759
8270
6676
6165
12020
8217
10055
9735
7054
3857
11658
9571
8648
1292
5225
8966
5910
3612
12191
778
1678
7361
2393
9912
3011
4817
11203
4658
1689
11914
3310
8690
11398
11584
5135
8409
3882
10255
4785
1557
10084
6614
290
10812
3895
10092
3996
8274
2852
11874
1373
11344
10357
552
8565
6666
11690
5739
8603
667
6084
763
9742
4425
4693
6829
4347
9296
8856
11602
680
10631
1824
1898
7731
10121
7022
2725
8508
6443
9098
11871
10740
11158
1573
8677
12279
3787
10055
6843
474
11541
2647
147
7088
2658
9765
3232
5325
2980
9732
1604
9817
3153
11933
4547
8146
2771
1933
1329
11014
9037
5320
298
10953
627
4159
2079
11043
5045
3091
6093
2215
10371
2520
7016
10536
1497
7360
7351
519
7177
9421
4221
11215
10528
2501
6610
9144
12023
858
5172
8663
8000
7850
8141
6637
1482
7980
11473
5308
660
5142
10685
2775
5769
10588
7842
2235
1198
3019
12301
9565
11365
4578
2870
1381
2173
9839
11067
3858
4657
5987
8931
11103
2398
1225
11505
4469
7494
4016
3524
3281
3573
12229
4845
10248
3843
3032
8934
904
2830
5398
793
5904
6053
11100
7890
12215
11879
3627
1447
9342
2634
6282
10766
11151
12542
4512
3104
8054
9535
7292
6118
6954
6312
12457
125
5770
4249
9483
1095
4051
1539
4719
5146
5704
956
10572
5900
763
1571
10162
2412
10398
5184
581
2494
6336
1604
2843
11744
8806
8987
1209
8234
5986
2001
5295
8975
4740
2259
11460
1671
9483
7355
6791
12262
2118
4656
12536
616
10000
6324
12524
4404
7114
7900
10840
2652
8499
2800
5000
3649
8865
7756
4018
4340
9531
2627
5095
7391
2203
4236
2360
10531
4732
10434
5398
7243
7938
3265
3982
5144
9165
11798
5644
5824
3756
12213
7972
3541
8798
4490
11487
1248
2625
9624
2526
1587
9471
4981
9980
11227
1738
11623
2252
10110
10515
9390
9683
10757
291
9947
1330
6487
8660
6211
12552
9222
10572
9315
11415
7783
5703
6637
9717
668
2174
11104
4000
3371
11216
1594
11317
11892
2737
2562
9714
4747
6300
8029
4517
9575
8959
4909
11145
8081
384
7113
4615
6869
7762
5244
5477
8825
7219
10554
10859
670
8069
7684
6634
7100
3561
9498
6396
3255
9778
12015
9813
7778
5404
11933
9818
2133
7345
6567
7282
12326
8064
6637
3761
9680
8506
2593
12177
10031
5537
9284
5104
11400
6827
4040
6332
10368
7229
5238
2295
9552
1562
7445
3024
9737
370
4642
1702
6680
1347
9534
4859
762
1272
3058
11721
8566
2301
1488
11746
5466
7243
3888
817
8253
3950
9526
1831
11840
10261
10042
5415
12357
5592
7650
1006
1554
5878
2750
2378
10804
3786
11316
11780
1472
9250
8280
8104
9144
10207
12079
11443
9747
4877
5864
10647
4009
10645
8512
2489
9839
10910
10183
4070
12572
755
12010
2986
4417
3557
5053
10381
12458
3169
9707
285
11488
639
5416
6635
12193
10652
8924
5218
1042
7094
11880
12281
9388
987
1403
12339
11977
4241
12402
107
11486
6878
8844
3681
7667
8937
8498
10202
5934
11254
1519
3133
8691
4715
7598
10613
12182
1094
6732
8267
3510
6275
202
5889
3005
2273
834
6030
1283
1463
4852
9785
12081
5161
7065
10187
1756
846
3247
8565
2525
7363
11543
8612
10456
7945
6065
5446
11526
3616
4578
6050
8016
1645
3030
9219
78
1929
228
4525
7460
3408
8432
12474
8254
7206
8118
10773
11976
673
9508
674
1591
3277
541
7501
4414
11079
2864
8879
7353
8127
2954
1839
4956
9511
5054
10152
8782
5043
3813
3079
2176
10547
6254
5962
4077
1916
12329
6247
188
245
5844
11430
6151
8144
159
3288
10732
5092
5120
3614
11573
6267
5771
11613
7378
3251
7618
10453
3595
9635
2257
2960
7336
6499
5819
1551
127
4840
5322
4043
12316
8751
11302
11655
3040
11530
2548
12041
12281
4773
6170
2766
658
12321
10988
150
4293
7998
1332
12103
5013
2607
6167
4899
804
3526
4118
10422
7614
12314
3008
3926
502
3655
2857
1081
10241
385
1412
3102
4906
7334
1229
874
8758
7017
9893
7857
6267
4603
10100
9567
11388
4564
7130
7655
11608
2289
5292
11496
11604
10885
595
2282
7958
12521
6432
10900
12488
3499
4854
3178
1078
8740
4763
10096
2398
398
4023
5178
2603
6444
9743
4710
9168
10281
1284
3030
7210
9956
8476
866
5577
4857
3846
6485
8679
6519
9550
7216
6427
9362
1176
1210
8615
2408
10652
11544
12579
5213
10464
11134
12203
12486
11286
2998
3246
1321
6072
4064
853
4649
2162
6043
4327
9606
1790
9172
514
11933
10092
11497
832
9744
3484
11842
3939
2414
12485
4574
5103
9526
5339
4607
2480
8407
1119
12266
11300
8428
1026
3628
8310
4462
9071
6726
5078
12231
8138
2931
2082
5555
6922
1811
797
4648
6386
4205
5895
6627
6713
2842
1367
253
6077
219
8698
4881
3235
1605
3923
6350
3644
6808
1548
7819
4088
11313
11944
3887
4452
3782
126
11253
11625
1796
1443
4904
10378
524
4856
10612
2411
6676
5707
5679
6857
4478
500
7913
4886
6734
1631
6745
12080
4581
687
5766
12143
8194
1005
3734
12324
8791
11091
11204
12351
3900
3244
4008
381
5121
2637
5771
2281
5687
11647
4911
5353
9300
361
7584
12084
130
12154
4709
5119
7701
8342
2445
939
7263
2696
1296
1033
3627
9942
6808
6312
11889
1986
11505
1788
5977
9615
1792
6389
2621
6812
3342
12574
10605
9573
5841
6980
2971
10845
514
7059
439
1181
11829
11279
8784
4525
10638
3072
8666
4419
1419
2631
7132
6418
12081
1457
770
11051
10652
2974
10513
3742
1782
2363
8217
11566
296
1845
5461
12208
7105
5752
4392
5324
6195
1845
3381
8903
260
3655
355
4037
4896
4120
3669
3583
5197
1012
6583
3204
6068
10349
11433
3517
9922
11264
6015
9996
12141
2979
9483
2825
615
6822
9162
10286
1029
6239
3535
8709
12559
9551
8882
10472
4339
4208
11452
3277
3496
5098
3210
3177
12261
3462
5939
6503
9617
11924
9621
4867
10283
11609
11615
5105
4221
8340
11182
6983
6099
1074
4354
3525
12170
4001
10924
2428
11118
9996
1062
3527
9041
3101
9738
10238
119
11386
5060
2617
7614
6721
7802
6425
10481
11816
12059
4596
6346
1645
5027
2768
10565
3421
5823
5406
2159
1590
3658
1023
727
5412
5135
3334
12347
11971
3999
12231
8997
11240
9395
6174
7194
7607
3334
2441
10805
11855
1348
16
5231
11129
8589
2188
10155
2524
10456
5036
11122
10432
6019
3024
7445
8160
3854
2218
7359
11294
202
4156
3871
166
1183
8343
2538
9493
7277
11918
8420
7120
5112
468
5795
2562
2824
296
11563
5323
1537
10271
1971
1537
1876
7604
11941
1658
2486
6407
6069
8526
4275
11013
563
2695
4010
6091
4582
1463
10071
10535
7042
7566
6658
7291
8991
10532
2936
6230
6230
12384
5426
908
10837
5753
7964
6848
1554
8910
10332
7922
1726
6251
6177
12254
7177
11758
11647
10428
8478
9194
5052
3971
42
4024
12103
6222
9883
2298
10746
9991
10816
7609
4238
114
8019
8066
8602
8394
4579
10948
11325
8085
9281
6961
2941
5075
5850
4420
1782
2559
8621
9985
220
11352
12590
11285
12143
2155
3519
2485
4638
9889
8260
7486
3451
2508
494
9697
7088
1338
3889
9071
768
2834
9503
8350
4203
3871
8052
2094
8747
4870
9126
12401
1966
5077
4637
8937
11047
2868
234
540
2945
11180
5286
8223
11437
6168
4966
7970
445
10256
6461
8362
11031
11035
639
9520
10607
5684
623
4238
6654
6713
1494
10556
9672
5142
888
10920
8676
2039
10556
5971
9314
11088
6397
9150
7031
4890
12438
9944
12485
10153
6753
9617
669
2437
5208
7544
2050
6410
11404
10880
2947
5739
12310
4242
1126
8554
555
4931
3897
785
4239
9235
8146
8067
2419
3239
9348
9939
12371
5093
4261
298
8571
9594
2561
12476
7002
544
7762
4184
7417
3412
11779
7762
1967
5305
9577
7764
3572
8176
3006
11676
2813
4672
9860
7848
10729
10449
8120
7597
2687
6122
5137
3106
10430
8510
9324
2815
9372
10609
5938
1081
11048
11534
8417
1375
10898
1864
11112
1532
6675
10664
1384
1661
9065
1390
3355
180
3174
2686
6529
11256
12416
6414
5857
2781
9020
8152
10897
9234
10899
1656
9980
2857
10595
2102
2025
2952
6351
2264
6215
1068
1579
10245
9016
7651
1208
1800
1008
4508
1387
4778
10742
11684
3152
12326
11250
1073
5537
769
5983
7677
245
3962
5868
8819
6923
8998
578
3650
4772
1957
7560
11265
10693
486
3081
6454
10041
4373
9477
4823
4434
5350
10413
3313
3587
11619
3180
9590
11488
5361
1262
9774
461
10517
10433
2566
10586
11870
12522
12004
6908
11233
4226
2238
7219
10589
4983
3685
5580
1820
6062
427
9679
6180
11447
11977
5203
9426
1503
11126
10499
6760
9956
6029
9297
978
10797
3231
10930
4941
6866
8545
2219
5786
8626
6568
6547
2072
5869
7604
7804
6363
8923
9255
10383
10133
4052
10841
5251
7804
6188
12529
1464
2976
5906
12543
12100
11817
8200
10902
4499
12085
8274
4571
8819
8092
3877
2960
6887
6802
11954
6196
2642
2389
8197
3912
10514
11423
5539
12477
11338
12372
5471
10298
6139
9308
2779
12072
5070
5691
4494
11798
3013
7639
9351
5653
3015
10173
10083
7514
8669
9891
7523
6215
9508
836
2192
4512
8027
6558
5931
6480
4949
4287
7247
7041
5292
7600
8593
8858
2762
11227
12317
7081
6930
1186
9873
4804
781
1898
12180
960
7589
12356
8685
3756
3340
3009
8300
12261
7353
12452
6220
3651
12478
1499
7532
507
4349
10775
11095
5127
2542
6400
4312
3724
11731
4422
1167
5128
6150
11227
9349
12385
9796
3438
7785
2423
3264
5908
440
2848
10592
6437
132
10898
839
230
1248
9429
3031
4593
9710
4695
12309
3823
12187
1260
7667
7974
2512
12207
4248
325
7730
10089
5959
4819
10182
8934
8660
6442
4014
5547
10281
10154
3061
10355
9558
9923
9167
6011
11866
3434
9884
10966
7506
5944
11280
12462
8574
3454
11385
10358
2287
6622
2717
4998
4805
7774
9687
6424
6860
6928
11263
2559
8490
3639
1865
12140
5435
2653
834
6355
3655
12186
1349
3593
2646
11078
9230
4534
7875
6311
5615
9502
9887
4944
2119
8580
8711
3533
11791
7358
3523
12160
4456
3181
2966
4465
10850
9048
5933
7713
3881
4551
8737
3020
263
2153
2530
11893
9119
9418
9538
259
6813
5098
4353
1982
3434
6787
7360
12243
12180
72
11677
5455
8451
5889
2817
5099
5442
3023
4620
12299
3417
2641
5905
4649
9973
11372
2461
3093
11261
2422
4103
11760
555
2902
2091
7397
11192
6521
2832
3565
12223
6108
276
11193
2894
7109
11464
6438
8407
10328
5865
6741
10510
4580
8296
10410
3827
11426
8591
2774
11525
6766
2738
4393
11468
5469
4833
781
9182
7618
5510
6412
10744
4409
8693
10656
7602
9445
9831
6209
5097
7852
1624
10588
5376
1897
2284
1350
12593
2946
3486
9674
8341
12383
8172
3817
5410
3609
11035
10479
4858
8053
9991
2779
2903
1581
3529
6951
4144
35
870
512
4521
420
1513
4754
11481
5230
7544
6070
5932
5464
7109
772
1714
5787
10778
7402
2673
685
9790
7042
2158
12073
9776
2161
12328
9948
9315
8549
9415
4091
9019
142
6927
7901
5682
7606
9209
8053
11741
1227
7025
8091
11339
4412
6974
6017
5655
11820
2568
4559
9692
1714
2231
5586
5558
11228
11327
7027
1361
10027
8413
4515
5945
3213
6327
6006
3806
9347
11981
3930
3892
3500
4950
3691
7244
4209
8722
1798
11231
10736
3928
12011
10430
12544
5721
1723
11774
10372
1062
10839
10483
21
12527
2916
10405
2810
12459
5581
4833
10679
12285
828
3733
10144
5753
4519
4507
11957
1355
12051
3332
2578
2093
6399
11431
11299
6458
1964
6638
1865
5085
6843
11807
8205
10309
5259
4060
3970
8668
1240
4763
5662
11100
2230
6574
10708
11156
11764
1754
6008
184
4916
8852
10985
4360
5520
10656
1209
10809
4107
8423
9660
2060
9578
5239
3207
8602
3237
5798
11155
6903
6283
2252
4380
8172
5278
7483
11523
11086
431
10195
8931
6668
5720
4686
7373
5635
12136
1579
6205
5045
5140
11638
821
5377
9379
2722
10192
4855
7762
11263
11527
11195
10701
9095
3330
7670
12592
1637
10200
9875
3515
628
9958
3956
7095
8489
9292
10949
9560
10870
11855
10403
4371
9023
3511
4433
6573
1381
4918
11451
11046
3040
2468
1620
8236
6782
1737
4087
8099
1799
6474
8487
2713
4972
10810
2191
11417
1803
5919
12382
10620
8408
10827
1569
8710
12571
3308
5992
3298
9946
12494
10944
10927
9819
490
2147
2888
4392
8766
11132
7981
12012
11719
10078
11041
8335
279
8629
5151
3848
8026
5292
3973
10823
456
12343
9716
10080
7815
6221
6938
7876
8312
1898
12038
1052
11023
2344
7731
8827
5120
8477
12251
4629
7427
9865
9633
2201
7170
1175
754
3304
10753
3195
12372
6762
11223
4336
9634
8289
6266
777
484
9428
477
9351
3489
6880
12471
5297
12200
1420
7968
8545
290
12522
9141
8998
8501
9355
7046
5917
8585
3375
5671
7421
5672
10845
3384
2788
862
6788
2376
913
1824
6129
3498
7648
4466
8132
6244
5570
1694
2430
9142
2909
90
6880
11833
3952
10978
6237
805
5922
6418
11575
1225
11599
1628
6158
6868
1978
6814
11939
8093
9138
10766
12372
4652
5827
11772
9192
7169
8756
4853
2369
8034
10564
9459
4331
8402
11035
8409
1392
12462
12582
10194
3087
8288
9478
1474
5448
4292
9784
10574
2192
10277
3171
11700
5983
6446
6853
10893
2472
1390
2015
1989
12004
9371
3576
10567
7868
12158
217
8559
4499
5416
9603
10583
1719
11273
9439
10216
4489
6279
5709
11386
3773
1806
2353
12333
2246
148
7448
5758
3959
5889
1895
11298
1370
990
3921
7445
12187
5752
12225
6352
7356
459
3581
4628
9373
8349
2375
8980
8724
5116
8689
2469
6647
1872
8112
11792
11149
1060
5122
4565
6688
7842
10055
3614
1906
1825
94
11772
9343
2931
9781
79
2069
2776
10019
11838
11439
3647
2007
5927
11737
9465
9552
2394
9157
5683
56
1229
9640
10973
6839
8775
10520
4859
8722
3798
11567
856
12366
835
7388
9323
3481
7791
3845
3552
10843
8351
10645
10138
5968
2867
3280
9831
10790
2368
2919
4520
8861
11145
4120
8359
5730
194
10092
921
10755
11498
6189
4038
7994
6469
6995
8131
9569
3164
1028
8194
9059
7839
5373
1177
9995
4522
10272
8766
10310
4593
7874
4857
8823
3264
6953
4915
6925
3315
10206
3780
4434
11059
6168
3688
11438
6462
9126
6088
4995
2647
8397
3120
2481
3897
4565
12300
6626
11441
5064
1807
7359
10518
11263
6999
4891
5884
595
327
9809
10332
739
9092
8623
4973
523
10325
5992
371
2358
7992
1904
10438
10633
11439
8728
4145
7380
4394
1949
5789
8312
10974
10789
10195
7575
7184
5595
6953
2482
6617
2636
8438
11017
627
1314
980
10346
7298
5733
11925
5089
8201
132
4414
12189
3072
7061
4857
10236
5103
8786
7534
7859
3030
2235
7255
3354
1273
7788
11292
4197
11100
8895
6854
4552
12138
5105
10406
10978
4218
4690
2413
4047
3241
10480
489
1944
7383
9109
2587
8361
5615
6928
11984
1630
1758
1994
4810
8491
4962
1851
238
11719
6935
3259
5274
3992
6750
3319
1612
530
2380
1900
8202
7855
8913
12461
5058
12514
3642
6289
4754
1055
1882
8708
3849
3742
8138
10336
8759
264
2977
9250
755
5273
3313
3234
7171
11999
5504
3641
3429
8425
2563
6428
11530
3966
9350
10496
12490
820
3726
829
2044
11088
7747
11198
5308
2240
4369
10059
4208
8147
1552
2652
2997
8421
5957
6012
10367
7056
7164
4517
5902
12161
11100
6842
4960
10728
2454
4256
10727
7195
10471
2802
11312
4757
554
7470
8967
10855
2643
7719
5775
8696
3642
413
6920
10194
8225
293
3443
8919
10334
8672
11650
454
1739
7013
6589
1292
3106
11409
5002
8132
6032
11186
11042
10725
2928
10747
5548
5812
6087
1578
8088
4597
649
11336
666
10761
4437
6659
5743
9065
717
1858
8891
11185
1729
6214
12342
2337
1130
9318
6616
12347
4799
12227
2409
9877
9402
3330
8615
11708
2087
9205
2778
2560
8590
8109
10180
2501
11144
1600
2016
6016
7601
8292
6399
5569
6921
5164
5594
2719
7896
1677
1046
5398
8574
5223
2100
9035
4277
10303
5288
1181
1858
10060
10633
5836
10789
11623
10991
8072
9767
7229
10225
3105
9550
4205
7196
12141
5035
5733
1050
4062
12158
7329
3193
2420
10928
3012
6266
2837
3464
5374
6790
11793
8224
10399
1131
10734
8026
12290
5307
5018
8458
10128
4123
351
3723
11839
1358
2199
1473
6970
11087
6344
2671
1252
29
12421
3274
5230
2986
9342
7860
11043
5024
9084
4809
5802
8264
2301
10832
7123
8100
6836
8541
10468
7992
1609
3945
11473
1688
11237
12480
6711
7238
6790
7157
1679
4586
7119
7154
4674
7440
8398
4872
8710
6033
2908
4457
7952
8841
2447
8475
3611
887
11287
2595
2315
1646
1269
7461
12117
9510
6634
9631
7276
6230
4376
11027
5432
11718
7960
3804
11777
2365
8407
2834
1315
4016
149
2391
6719
5972
11473
10556
1152
1367
8901
4341
3209
12547
6535
6560
5862
7031
11335
5254
3053
956
2610
3846
177
3632
3911
8245
3879
10343
2351
6635
5721
5770
7500
364
12176
8602
8415
981
4701
1579
1663
5047
11615
10081
9654
613
1467
11749
9280
6507
10024
8929
1084
9404
5600
13
5822
762
6168
5821
7572
11002
2178
2360
9438
11078
9681
2587
865
11487
12019
9518
4170
7424
8500
7407
10192
10017
5375
6901
9731
1207
8762
5988
2854
5674
10817
4174
9156
154
5445
8216
6596
9815
1355
3425
3330
3181
2763
7121
2232
4148
10669
10472
8760
7153
7942
4535
398
10483
1700
3483
866
2713
10377
3827
8883
626
7391
3053
10746
9738
2920
7550
10981
4325
5837
5021
7350
11356
99
5649
10085
1074
5314
4197
6646
6880
4141
12377
2550
10874
9536
2442
4125
9236
6425
1517
8117
9356
4004
8245
12571
7148
930
11850
1637
1391
3323
8234
2903
9643
5865
10371
1079
8017
10937
8472
10892
4126
9680
7952
736
10128
4922
298
9579
5577
3965
7773
2333
1176
745
9853
9157
11364
1223
1642
4311
2691
6553
5684
4996
8312
5120
764
1118
702
8069
9022
2204
6506
4648
4044
12596
11918
12499
6149
10625
4743
10108
2274
8096
7324
6337
10144
6310
6361
8141
7070
10865
10561
6874
6837
460
228
415
8076
6726
11185
12131
4974
8187
1308
4764
2164
4268
1836
6431
10699
7009
8192
12592
12094
11465
1178
10223
8175
2384
8953
87
2548
5164
1198
7068
7691
9491
876
4019
4231
3891
3249
3098
9834
9275
3146
7318
8287
10051
2636
11626
9746
1434
5930
6592
148
3030
8557
1423
6022
9927
9587
10778
4485
1210
2166
11639
10189
1767
1013
10536
5512
5849
612
1195
6917
2931
4298
11270
2480
5423
3734
7683
3656
5211
10029
353
10882
10900
9805
6841
3527
7835
11583
6716
560
549
5331
12172
6498
10139
3045
8897
8508
12212
2766
11008
214
64
5307
5241
1810
10806
4989
6652
8350
2350
6947
5407
9336
2168
3
9844
1946
11740
8911
112
12012
10807
10068
6389
6831
3235
5689
10026
6833
4304
2755
4380
1467
7244
12523
2740
7149
7265
8498
8145
5624
2235
2457
10343
6624
7240
7931
3905
6842
1984
5793
8467
7027
1132
2444
10390
7183
10955
3864
6905
4746
9229
8837
4025
9641
823
11692
6231
10278
43
2093
7150
586
8390
9797
3073
10016
9044
3806
7446
5953
11927
2483
9147
5334
11793
6211
4652
6198
4534
6519
193
6928
8349
5350
9081
1650
11437
7790
7369
8167
594
1217
11670
9415
11403
8807
10606
12266
7768
6473
4746
6698
4455
2996
1865
8471
3747
11384
2412
429
5818
5177
6391
1024
8748
10479
527
4294
7586
12155
2427
4065
8517
11562
6263
1562
2849
6017
10122
10832
875
10731
8935
11813
3732
6838
4225
12014
11395
4196
10664
2206
9048
4597
4720
10746
8401
12153
11888
7209
9582
5888
10099
8963
1007
11897
2916
12447
8395
4132
11062
1323
3844
4681
6375
4254
6517
8167
9317
7761
4717
279
3854
3482
12070
9521
2183
11450
4104
3680
10914
2426
6105
7385
6840
5834
12516
4440
9797
12116
4525
4803
3316
4902
5372
6313
7592
370
10313
7872
2836
3750
11438
11375
4020
11257
782
6277
5232
4491
2832
9445
7299
8032
3809
584
4552
5403
10161
10048
755
4524
6834
10165
11531
2433
7419
9637
10020
1749
10710
3435
2425
2423
11065
5156
12299
10431
415
5685
12266
10308
5563
11030
3967
11805
6090
4084
10504
9980
720
1002
10167
151
11927
10505
3662
11015
9282
2123
9054
2334
5625
865
144
9349
11909
4469
956
2838
7576
1677
7227
6572
5341
6832
12545
9605
8259
5016
6138
583
11393
12046
12212
3067
8679
975
6019
8555
10072
12058
5278
2257
8735
6127
365
4650
9308
243
7884
8246
853
5095
2566
4671
11655
6050
2998
8762
2083
1502
10048
12172
5338
5456
5535
365
4654
9338
9050
8014
5565
12378
3884
11926
8068
5941
3031
10750
6681
4747
8468
4424
2671
3496
3182
8603
8689
5377
5576
8821
2261
5169
7236
2503
4468
7737
10862
6936
9712
12403
6642
11047
6766
8209
1958
1114
6420
8432
11661
8938
9111
9359
1632
8533
1007
3167
4150
8829
12524
7244
5008
4316
4650
5523
6993
3576
3788
10486
4233
5108
796
10213
5750
7076
9251
3058
2959
1051
6072
11634
1191
10664
11714
1843
7487
6443
4758
5195
10532
2549
7573
6830
6650
7477
8281
8104
1161
10146
6664
9459
1310
9060
2000
11161
11424
7595
1089
9315
10676
11411
3962
8186
34
10944
6558
2073
262
4619
7667
9173
9039
7026
4138
2148
7348
6026
11662
2061
4913
3479
9856
8908
3153
5147
164
12316
2675
3698
5071
4742
11971
2484
1254
11749
2564
6617
6886
10607
139
1679
1276
8656
9537
3989
5384
10976
3559
7033
3773
6791
77
6203
4966
1926
1091
8643
11306
85
5584
6771
1618
4055
8321
11185
9182
2572
1568
4039
102
10437
8552
3901
9949
11734
2373
2933
497
1867
5406
10504
2770
3879
3604
4357
3640
5527
9697
2397
11390
6458
4694
7483
3609
5275
7130
4999
2153
4722
10507
2171
9872
11900
6106
10416
9229
843
2006
7141
10016
12442
9502
4324
4929
2103
6892
7141
4613
11761
5927
8655
9570
10785
9210
5452
10983
6316
10058
1601
9292
185
7939
1900
11159
2860
391
10331
1836
5882
2937
5140
3304
617
9498
9714
5680
9733
8493
4863
8032
2269
6663
5249
12169
7009
12053
390
3868
7636
3284
7801
1655
632
11895
4833
9646
2220
5506
9257
12449
9518
3233
5179
1527
3419
2476
3316
2893
12482
1747
8705
8397
11459
2538
990
4589
2147
9287
11965
5835
4622
7275
8798
5502
12030
12141
4060
9940
8047
7772
7360
9186
8845
4650
8038
2587
10441
2746
6763
5512
5360
9168
2328
7021
12449
1663
6495
8822
456
9409
6108
11423
5666
3591
4887
4292
7614
655
3394
10505
2377
9399
6797
4975
8505
5852
357
6941
2482
1723
4313
1943
2977
8548
276
6411
7534
588
428
7622
11488
6056
10873
1311
593
8021
4771
9956
3921
10286
2213
5461
1365
7622
5190
8164
11612
4235
5667
2774
12580
5721
7636
3278
2137
918
3027
10457
11334
201
3415
11282
196
4972
6170
502
10216
7282
9456
11483
6414
1586
4688
10409
4556
11466
4997
6638
6434
8901
8017
11446
10808
10372
11445
3563
9048
5378
1330
682
4407
593
10614
7182
4078
4714
11487
792
3483
4529
3059
11304
2979
10400
506
2855
6048
3630
10417
4887
389
1838
6282
3265
414
5712
8830
1535
8735
439
2875
11457
6725
5985
4434
9359
6416
3122
1059
6296
2563
3025
1935
5534
7295
4798
2148
5086
4937
9714
7176
10225
10331
5900
8027
4152
3756
6690
5484
12299
1186
5811
585
11673
2298
1548
11554
9416
6848
9558
9258
3590
7644
5844
9959
11576
7446
1343
3508
11611
7316
12
413
9016
11600
10042
5297
3091
4253
1987
1323
10974
1637
7259
257
5994
4233
4051
2529
10643
8078
2049
5875
868
12345
4318
174
8839
2494
9482
3624
11524
10593
4420
357
6993
12546
9841
7035
2603
9665
11105
47
10597
9825
1874
11456
2606
5941
11149
9211
2371
3393
968
2486
9841
5488
3249
2999
5592
11688
10286
10074
5639
9042
6830
6457
2818
12527
1613
11820
9902
7562
11329
6917
11765
2104
7097
11499
8120
11340
8598
8318
8047
11473
10592
5530
3601
6848
7380
3138
10793
256
11141
3809
9114
8463
2419
4182
3153
3209
7442
5876
7183
4106
10438
10783
2649
11309
6437
3043
2003
3156
855
11905
9880
6910
1731
9125
8765
9658
4479
12380
3473
7412
7493
5035
6559
2113
927
9132
216
3676
8021
9478
6078
10895
8851
5119
11833
12482
1669
8744
7507
10225
2076
9182
7610
8634
10607
7290
2611
5688
11511
10341
854
2485
2844
5485
2197
9153
4202
7000
7849
7985
657
7686
3184
7131
4920
9904
9239
1464
7952
6761
8175
2260
6398
5820
7053
4657
4747
9575
8496
504
1019
10906
5781
9921
11607
11593
7137
9322
11164
2727
3918
8214
8942
1120
8265
9873
260
5624
11689
11809
12137
11837
12064
3773
9922
5986
2604
4816
9348
6365
7687
8889
7701
7424
7549
11531
12414
5824
7650
4974
10681
8631
12311
11985
10439
11381
2356
4801
8342
1537
1567
10057
7213
1769
1974
10883
10928
1485
1775
2110
11306
88
1919
3117
7115
12007
8122
9504
2981
6589
1581
503
1524
10062
6458
7233
352
7034
6949
8972
3737
12103
7031
3520
5408
4653
10356
10064
8661
8785
377
5637
1584
7991
1527
406
10734
1880
3851
12169
12567
941
4693
12338
4499
10516
2854
2512
733
9780
10176
8486
9023
7352
4368
6422
668
3216
12032
3760
140
10258
11477
671
8748
5028
2267
2288
2030
12098
1021
2461
11401
11876
7129
3478
7100
10607
7526
10676
11115
5233
990
9185
10566
5474
2240
1333
5052
9183
8498
9230
7249
10731
5307
3555
6666
8630
9521
2447
4406
4970
3522
8143
1972
7198
6023
10411
6498
12246
12326
2328
11030
2674
1707
9829
167
932
3552
3037
1293
3933
8256
3368
3931
3507
203
8383
9569
1316
10443
9062
4048
11374
6130
8212
265
11034
2279
10741
5538
11870
11334
7525
11528
917
11124
5915
2638
5614
8544
1080
5135
3655
7734
6973
11261
10047
5633
8507
10134
5796
4693
12101
10567
11156
10337
1212
5581
9834
5772
8809
6888
9134
3350
11035
10782
4516
8775
6096
3508
8304
10204
10590
5683
4546
12101
916
6008
10828
4409
4595
9921
8920
11834
3446
11539
11435
9543
2699
8510
7768
7521
12464
6649
7542
4215
8547
1417
2021
141
5995
6820
5633
3595
10436
1547
6804
9335
10163
2681
2808
7482
9934
271
1520
6570
6338
590
6732
5006
4785
10124
10296
9419
11872
25
4315
7556
9700
6096
1742
5205
9278
10606
163
12494
10633
5796
2942
10969
6835
4220
10546
7248
6151
5178
8494
6808
10581
9763
8477
6579
754
5121
9300
4334
999
6214
3039
4151
8388
9940
6874
10123
9019
8677
11523
4468
9812
1189
5248
6587
3558
10930
1528
9670
3492
5696
11183
5180
2228
8463
4787
7460
990
4186
10017
5135
4180
3218
6670
3624
3298
1967
12464
10978
9180
846
7122
10967
3023
7795
4216
756
10025
1479
4176
3010
7074
1862
4737
473
9791
11819
5731
6368
5699
5376
8930
3488
8427
11925
12035
11649
10705
8329
340
5999
9016
9362
3961
6674
2557
2847
8828
893
8230
7750
7258
11971
9828
8125
10497
186
8353
139
6628
2905
9430
8608
10006
10211
2040
2148
3448
9253
736
5891
2843
1330
8419
3643
5645
2072
3291
7436
3096
12319
8208
12277
5492
8948
3883
9569
5403
6287
11233
12060
861
1791
3984
5
10949
3668
3488
7071
5880
9544
792
8762
7339
11694
1278
1286
4117
781
10208
2331
784
6811
12550
9696
6637
3851
5605
2728
4613
993
8513
3733
6405
6999
6978
3377
3434
5468
4166
3398
10428
7573
3705
2405
1354
3161
8796
8603
2587
10022
10118
12558
10992
4463
10845
2100
1786
2992
4387
123
11446
7156
2612
2341
5812
8055
10461
9997
2956
4322
3940
9912
9570
9007
10118
2548
3304
4075
11266
8053
10010
3601
4512
11932
1482
11244
4581
7907
2392
7584
4292
10610
285
4377
3122
12017
8953
6978
6032
3012
9872
4301
2875
12521
9487
8919
1090
193
227
3396
1257
12530
3731
1196
9474
7186
5443
12397
9612
4339
7533
5814
1385
11242
4481
7204
9771
839
1938
2955
4908
10491
6215
2332
2253
12148
8143
5744
5138
318
908
9631
8645
5396
9915
148
7119
6843
2357
3575
4363
2097
11474
11977
7603
6777
9663
2434
11962
5409
8909
5788
1608
5
8577
10776
1174
4993
4758
11879
10860
7351
8859
10390
5360
10956
7943
11655
9064
1416
5073
4533
9317
12407
3117
7482
8233
4804
8105
2189
11081
8288
5453
3025
936
11798
4155
3517
7805
3187
1006
11532
11796
1817
5439
1179
5955
12196
10410
4544
2598
4524
8815
902
2858
3436
1037
5846
11252
9518
5708
3449
771
1363
9237
9367
8052
5268
9530
3017
11389
10059
270
4705
4207
11645
7884
10548
8129
8195
1043
10782
10756
12542
8103
11678
7816
6426
11785
5789
2127
8776
6498
173
1803
3129
10742
10831
3624
10191
5005
4285
5108
4557
3338
9858
3832
3181
2937
2691
2444
3851
8772
133
5463
329
135
2658
5533
4584
1433
8326
6875
7650
1315
2726
1971
5664
659
10780
12138
4490
2562
8106
12539
4135
8980
4169
6605
2937
8011
9049
7925
8701
12006
7310
9189
221
5246
78
9194
3205
894
8886
7007
11261
756
3763
5044
7572
131
816
2891
8990
523
9126
6399
7263
1342
4341
5595
2322
11509
304
1855
11193
495
1894
1505
8790
11000
870
5638
5309
7110
4203
7890
197
1819
8153
7325
3796
7899
7381
10055
11991
11595
1435
8863
7851
2658
1637
4370
1328
12220
3994
5515
8002
4732
6591
4234
7643
5487
9307
3223
4465
11548
9139
11028
8458
4943
8751
8911
3773
4734
2005
3318
4852
2472
371
5843
11103
9935
9027
2283
5022
3665
3659
8046
10527
11036
10656
9332
1618
7079
8118
4404
5700
11294
10769
953
461
4844
7053
11522
12118
1243
8598
304
5007
8272
9118
5240
9878
6730
8331
11195
9054
2254
7334
8899
1304
10667
589
9736
4634
12537
7208
12571
11642
2561
6391
9574
3924
10320
4801
3416
11143
8767
10969
390
4683
10412
10228
9893
7129
11716
5463
12355
10088
9543
12167
4899
5351
10686
1153
12513
10443
10789
1799
12344
11908
10984
367
9708
4677
11749
2711
5426
80
8529
176
3116
8117
7992
3097
5691
11240
2306
9631
8242
9349
9561
3725
794
3102
5422
9881
10908
6111
11839
5013
9535
6212
622
2913
5458
9760
73
6513
6881
10890
4422
4993
6294
7370
1370
10846
7415
10673
10130
10769
1085
8074
8465
7228
799
1795
12175
1442
2256
5471
12466
3144
3456
3775
12324
10165
11494
8478
9553
393
7221
6626
5098
7865
3279
8816
8512
1969
994
7314
4710
12127
4926
9541
6010
6511
5934
10284
10056
5273
10916
5900
12396
8031
11027
8369
5405
1726
7280
11533
11143
7221
5926
10380
4519
11567
3278
7910
3766
5081
3437
2266
1698
9940
2260
3326
224
7668
6534
8976
5869
2232
7668
12385
8960
3694
10038
4869
12055
2653
7364
6181
5440
1879
7739
3551
9844
17
4813
5904
11844
8407
2220
4247
4937
9649
7064
4347
2621
3432
9046
6035
7563
70
11335
9559
11425
7380
3992
7832
2711
3026
3070
1522
11008
6916
12281
11453
2295
11790
9013
12287
11287
7926
12571
6637
11347
8231
2298
5086
3090
5614
3414
8512
3868
571
8563
1983
10270
373
10068
1652
850
7499
10958
8725
10025
10962
11415
10791
5834
3924
7862
10081
8799
11315
4622
12200
9752
4763
608
3657
4045
2599
8457
4292
10984
5932
4786
1760
5538
2303
9741
7338
3530
10987
9509
4858
12438
9652
4910
57
5919
4843
7476
5926
4582
8313
8313
11678
10388
2382
3047
8325
349
6711
8038
9873
11273
5465
11416
6910
3035
8301
1936
7871
6196
4776
487
8672
8233
7615
10829
12596
4398
8366
1446
1519
4721
11585
5176
5096
12269
2011
1027
5907
2782
4503
7116
2116
6552
3868
8646
1066
4023
1019
9622
2245
6323
12310
5507
11862
4477
5280
12522
6905
8027
3164
6590
9960
243
11339
2362
10579
661
9998
914
809
3619
6228
3637
1398
11602
6734
8366
957
12324
1275
882
10521
3563
6884
7977
684
4651
2522
10490
11577
772
9993
11195
11469
1803
3411
9352
11453
10627
3678
8149
12392
3055
6410
839
9456
5673
1077
8599
4876
9439
5410
6671
3360
7842
3927
270
4756
7001
3146
676
5657
10132
11435
10845
6628
6645
11154
4839
6763
650
9007
1332
3960
2486
7226
11504
11972
8226
7833
1168
11446
8836
11661
3404
4603
11128
4396
6476
7939
9834
9284
7590
10504
10477
6149
5403
7711
7083
7093
7412
10233
6353
9748
9902
2246
11569
6723
3936
4497
7306
7455
2968
12003
9738
1680
1102
10553
3168
2190
6
9722
10390
5264
5692
6537
5472
9492
12352
10486
8391
1240
6867
8323
5050
591
8080
7680
3648
11956
10510
10041
4197
4296
852
8724
791
10797
6637
7076
6975
10976
833
2200
233
6815
3504
4310
1409
1624
8945
4297
9141
4349
2212
11198
6413
281
5327
6601
4614
5030
2125
10699
2651
1782
348
1143
7614
6551
7157
4289
5032
7197
1099
1820
9159
12578
7863
8395
10295
1677
2016
955
7559
3061
247
2557
4584
5736
7800
3251
12556
10684
1841
10088
822
6672
10795
3851
3593
9285
2651
6904
8561
10477
11000
5712
3369
4898
11235
11178
2285
2970
9579
271
10010
1013
9236
4838
1456
10465
3640
7725
7255
8778
3119
307
8489
7035
8870
5943
8645
253
9287
6064
4412
3882
9779
206
113
5694
6805
7729
10816
1051
3247
8190
8007
10179
12215
4191
8166
185
12564
12447
9326
8144
10262
5107
5572
7788
9284
4362
7479
5468
3734
8684
6782
11464
8682
11266
9973
12562
3186
3093
12179
288
2225
8666
3139
6680
8303
11758
7740
10058
474
9822
11498
6009
8182
2545
11683
7544
5085
5303
2334
4287
675
5846
1095
5302
2188
5000
5729
7641
10236
8989
5175
1389
971
10016
9767
1246
6561
2586
12179
8525
2067
5672
11085
7953
6268
10779
12308
5684
11298
6072
11760
11451
7516
2574
3512
8003
12104
5473
2039
10423
10528
6092
4871
11302
1866
6183
6690
2041
9479
3909
1487
1528
7171
10209
12117
10180
6497
8897
1112
6296
9824
1637
5740
6827
1744
305
9436
6766
9572
7525
9174
8481
3377
11898
4388
10377
9489
5799
9651
4190
10534
3423
4718
5752
1207
5615
12307
644
3511
2486
8553
9494
7012
6693
1409
3620
6439
8631
11951
5874
7219
455
2563
2317
9601
5623
6941
4818
8916
1162
4861
11557
6879
6729
11481
4464
6948
10972
9708
7971
4034
1627
5958
12132
9633
1418
8382
5843
7187
9702
5464
206
9444
7059
1551
11275
7344
5098
9838
6606
12395
10017
8720
10141
3075
11432
5250
12239
8998
11827
5831
9279
10745
1955
9797
10335
11156
4635
249
5405
1676
1031
3657
1013
2734
1149
5441
1093
3930
1683
5015
1761
1942
5859
10341
8232
8188
2322
1120
12032
5214
6494
2984
10633
3477
1375
7437
11178
63
7318
6528
8678
3571
5396
5767
8127
5464
3245
3943
11412
1321
4740
1362
6290
11440
4911
307
7284
11957
4334
8455
12155
521
10447
7166
5482
8781
2172
7954
9698
3294
1441
10796
10904
4205
5958
7430
1919
4924
7034
7841
11989
10461
8173
3563
7400
184
5476
1651
970
3769
9390
9409
5707
3258
9235
9742
12328
6800
6437
4872
9067
171
5147
3908
1691
3467
10115
10387
7661
11836
2810
1910
990
9960
7996
4000
4250
3874
7992
7956
5608
3320
12429
1216
11882
5016
12013
9050
8270
69
336
1069
10568
9976
7597
2856
330
3390
8590
3238
4247
10147
2023
7975
7410
11183
4306
5911
7687
12011
6056
4400
11520
6341
5603
2347
5732
8025
445
6867
3501
10258
4255
10669
7077
1610
2979
6124
6335
9055
3336
1081
5613
5226
2085
5573
11989
1326
7122
11154
1404
9399
6465
3806
5262
601
10676
1663
3619
36
8450
2632
3909
2719
5034
12083
9306
1829
966
6295
4746
8268
7157
5540
7622
4974
1520
6291
10934
1729
8521
7668
4527
1755
6495
10257
5898
10652
5792
9325
5886
4178
3674
6331
363
6881
2547
1924
11260
5968
1475
10956
11196
6528
11863
2245
6573
11598
1748
9893
1063
10303
11577
7853
1567
2191
3535
1228
8055
433
11932
10118
6536
4760
7452
4822
10117
10607
10622
11002
11025
7782
8999
4585
6675
10641
1964
4335
9358
3954
11114
820
7090
6970
12398
2089
11246
7057
2430
2102
3155
6601
9667
7059
9471
7107
281
10338
5236
11322
3721
3845
3868
2769
3340
1144
6799
11699
11879
6854
503
11158
6577
10059
5417
3530
1729
642
4675
4668
1703
9112
11605
9602
9423
6946
11915
5522
454
5352
2156
10892
4102
7028
5277
516
4552
1750
11593
6862
4422
8871
3761
4690
5788
2082
5151
3714
6020
10805
3308
12050
7434
3067
8126
12059
5889
7733
5647
3697
274
10977
1555
1730
12510
3600
1671
5753
9200
9190
1307
817
4119
1262
39
10766
8529
12143
7136
4498
2733
5398
8525
2775
6294
6570
3158
5553
4691
2741
6148
1789
10623
11761
7195
10222
1303
3899
9116
8351
3496
3747
10281
10615
2130
10945
9798
6415
4705
11462
12372
6444
2248
9419
2625
10506
9907
10674
1785
12414
6978
12169
2041
2489
11192
8769
5043
3638
5812
6306
115
6170
2609
7016
10696
1523
9298
9639
2064
3755
2405
7283
1341
1606
10062
2110
12518
11857
11573
5000
5851
10116
9301
1887
718
5442
6149
5099
12431
3190
4241
10222
6168
7896
4235
9501
11071
1302
3853
4116
3417
10095
10647
7914
10279
1387
11984
7196
4970
8510
3667
2340
10455
7635
9798
2068
10009
10997
6061
2241
4590
2190
5217
1553
8016
4653
20
12583
11616
169
11981
575
7563
10636
10464
6855
5903
9473
11907
7975
6326
6425
4928
2836
10328
8986
9281
8125
8672
2217
5443
1289
7918
3993
3403
11461
3821
5998
10870
11814
5780
3
3006
1699
11933
4713
3095
5853
397
1489
4185
4091
12024
6853
10989
8308
5400
6129
8837
7954
7112
2691
7897
3383
4840
8185
684
134
9681
5209
9254
8430
1092
8928
4927
5453
1793
8697
7629
5665
7459
7992
545
5647
5296
6708
5171
10227
6636
9194
11056
7221
6695
7939
5702
10162
1016
142
2613
6581
9047
12064
905
8656
10515
11648
5959
4635
11740
313
11119
8458
2476
4482
4287
4869
3434
9143
10837
8211
7906
2943
2833
898
696
6344
6372
8514
5513
3937
10820
4676
1747
5614
11596
343
603
7242
1345
11489
6728
2492
9900
3368
8099
6154
7973
9599
4516
4904
3466
8841
665
540
754
6509
7431
2472
4305
4724
10135
11035
4540
9596
1714
9979
3065
3900
4953
4542
6936
4880
7910
11301
293
1690
5552
1109
7441
8198
2193
7354
8638
3022
8980
489
9644
1455
11914
5735
4539
6307
3768
4636
9573
310
4848
10218
6794
11801
2003
150
3676
86
8334
322
10982
11744
7921
9839
1530
12475
8955
8245
3208
9690
1011
11731
702
12430
4879
9934
6781
1212
3501
11907
7666
2863
3023
7018
933
8735
6030
12390
6829
6914
3922
8450
2382
10746
7968
5844
544
6729
7345
4447
219
5365
182
2493
7297
12117
5369
11792
12022
2351
1831
12017
11742
6637
1583
7168
9572
3343
6355
733
2658
5634
1278
8288
8921
340
7511
7380
1029
9253
5114
2190
1052
3815
2297
4925
7574
10546
10148
4577
4141
547
891
6338
151
4699
7021
5564
6317
3061
6828
2002
1351
9633
11454
411
3815
4608
1292
8236
5190
9575
4831
7162
1043
4964
8836
8224
5853
10297
10270
5716
7758
1159
1297
882
22
8082
12295
10575
2037
2285
4165
3538
9299
3240
11380
18
9629
10914
3610
751
2308
11013
9018
10300
10143
5742
8901
11542
2081
4136
831
2973
7729
988
8754
10837
2703
11420
8428
10970
5451
7603
465
9181
8838
4873
2360
5320
2579
10373
1921
5260
12031
12123
5511
7569
6419
11247
1128
5026
5386
10089
6557
432
5825
8339
10070
3078
12458
202
8259
6205
4071
3015
1191
4502
9167
2048
5139
2795
8404
4390
1829
10873
4391
4003
392
4086
331
5882
5929
11978
9326
9629
9845
1979
2625
5317
3583
9918
4463
10403
1326
4923
8773
6122
1838
648
730
3440
7690
8733
7740
3540
2329
11677
6754
542
8455
7076
3086
1749
12235
8949
12442
10188
9257
3502
11732
3919
1958
7618
5621
5850
1614
6232
5117
6346
10516
2617
3612
7105
7054
3271
9354
11870
9031
7260
2442
8958
3251
1936
11340
3419
10311
8056
1575
1835
5219
942
4769
6844
11789
1614
9439
426
9393
1159
2466
10925
6936
9769
136
6754
3406
12394
6498
6596
8832
1119
6900
7912
7217
3815
2305
8385
8754
10092
9488
10628
9929
4808
5055
721
7597
5870
183
10233
7639
11795
8696
5101
747
5273
6470
12256
9286
5945
4689
7653
10182
2233
8929
2257
2757
3275
6464
11864
1486
10011
11460
5075
4626
6324
9990
4593
5904
5915
598
9638
8500
2068
5939
7839
9364
4779
521
8570
10019
11095
4403
4617
8961
4299
9979
11681
5835
7390
2626
5595
1999
500
821
2080
3426
821
8325
6775
6729
3707
10410
6548
5099
3833
4596
4975
9616
11758
6206
4693
4239
2077
11718
3112
10340
10025
11611
9182
9645
8102
6198
1042
7629
2541
8625
127
7107
1980
673
7506
2816
7625
9567
10167
9843
9950
9091
12219
4987
2064
83
2075
1635
9774
4364
4187
4614
11271
12150
6930
9767
3141
12279
5876
3252
4376
2067
9380
8949
609
1435
6142
9344
2994
73
8050
10124
128
2830
1112
1569
2821
2062
10614
11082
6715
10716
9221
8301
2104
9523
11865
77
2558
10177
8821
5875
9880
7018
2647
177
5212
5983
9486
9496
6184
7741
4336
7747
9723
8558
6715
7
3611
8362
11842
6009
4576
5884
9125
7673
7706
641
11209
1741
3370
1304
9533
8648
2379
956
975
2342
8150
10831
6419
343
5069
10852
8607
10367
1995
11239
9276
3400
6879
6064
8549
4845
12046
6605
172
4936
3230
11826
4992
629
12450
10880
1966
7932
9874
4868
7577
3907
10630
883
7716
8177
7538
9440
729
11308
1500
8754
3649
11409
8832
10507
1321
8603
5056
10430
7926
7197
9286
324
12321
1273
754
12100
9827
6070
4505
1183
5146
7782
9030
7813
4190
843
1744
8436
10849
10630
11841
6075
10364
4210
7449
2212
5409
491
6951
7793
8340
6927
9170
4586
10121
658
6172
2239
2887
9099
5117
626
9462
8978
9812
7158
8286
579
9090
5925
9323
9177
5672
9132
5552
487
1321
3805
1438
8823
151
6283
10758
5560
4329
6792
8365
4965
7109
3950
5491
6866
10305
10922
12228
10722
11192
12356
5395
1366
6998
7929
2726
7385
8337
8910
1854
4586
487
11369
3225
3753
10193
7743
10561
6277
10308
10207
6065
11967
1538
5744
2379
11302
11540
870
4010
2846
4937
9399
10875
9274
2671
4994
9878
470
5379
2494
4286
252
9902
7533
9410
12108
7086
6280
1622
5343
7841
12575
2076
1238
8942
7443
5831
12136
4218
7095
12037
5140
396
2482
1077
901
9633
10192
6348
4145
5601
91
11083
971
2988
932
4285
9679
7621
5370
11458
11054
12495
3767
8146
7028
8850
3756
8095
6186
5723
11067
569
10774
4872
3121
7566
5252
506
1556
3064
2193
8380
6712
4258
7417
401
10653
9486
4174
11685
4471
4751
355
9868
6747
9264
5944
11882
11478
10223
8099
7615
9172
5092
7039
9564
10774
7555
9628
9880
11695
4696
1880
6155
9672
9083
3925
12042
4384
9841
4627
6269
7399
8123
1315
11205
8497
99
4742
2234
12388
3630
5874
4995
2079
2077
11547
4493
3793
589
10912
3815
3328
8312
555
89
1150
9547
3926
8280
8262
3171
12369
2604
10922
8621
6532
6517
11871
12121
7420
1824
11943
4083
10040
11151
10346
2087
3153
6217
6900
3440
6058
6492
7867
9271
547
9838
8220
10627
8877
12508
12308
4866
1422
5478
8109
12191
5444
8543
9980
5379
11082
8730
1465
11922
3129
10080
8353
8260
6758
12191
6203
10797
7271
928
2097
5357
3900
8832
5812
7433
2945
320
8177
493
7322
2166
3814
1471
4828
10570
1930
9760
375
2018
11722
7907
656
3810
12146
9057
1910
10175
3889
5628
7404
8750
8405
10322
4179
9691
11946
8867
3094
3773
8337
3949
1308
4213
7831
9492
9451
10270
7142
6749
12415
6904
628
6754
8367
8785
11912
1234
10307
115
9053
2181
9634
5861
3861
4416
10196
9999
10521
6592
9373
5556
3890
784
4483
2030
12525
3755
1509
3632
6398
6477
2525
8597
370
3764
12302
6167
10664
4622
3367
8274
8361
1654
9939
3655
6705
4980
12353
1833
9769
5428
11416
1481
6262
6903
3929
554
11706
4116
5586
11833
12477
4644
736
8118
12255
9593
185
798
9178
12532
9097
1594
456
7946
1094
14
10015
4264
7411
8982
8535
1843
9828
3056
2284
10359
3368
7926
8741
2855
8376
10574
5644
9335
3004
8360
2861
4411
10285
7197
3716
1001
9498
2798
8449
6606
12531
2520
3776
6758
4947
11056
1282
2277
8705
3608
6179
11958
10643
11730
7458
5277
1400
11934
12031
6083
2799
1587
4782
4558
5581
2453
3495
12123
11056
11086
1641
599
10013
5387
11017
7691
5928
9704
8210
2236
5567
11736
4486
11751
4448
3471
11604
9591
5764
11658
5448
6281
4565
6844
8911
11138
8907
11584
10744
7969
8127
5822
179
11022
10234
611
7793
8704
2907
5609
12496
8348
5072
9141
3440
6955
6557
1029
8095
3937
1548
9092
8663
4779
2212
10615
3801
1411
7385
6639
11224
1
6534
10624
3931
107
10580
2040
9688
7376
4323
5010
11743
8032
12314
7710
1579
9985
2255
5842
10739
12205
1055
4236
7371
9675
5059
5890
3826
951
5429
6595
6276
1473
12419
578
1414
12395
7819
5395
5510
4115
2816
12035
6231
12414
9877
9289
1960
11007
1834
9805
3040
4078
1394
8942
2024
2962
9642
3367
11205
1081
2609
10250
6452
102
1379
6516
10430
3634
6568
3790
11314
5809
9024
11046
10541
1136
6075
4394
4473
1685
4195
2815
3044
10298
11496
10874
3265
4629
8678
5527
434
5360
6762
5654
2818
6904
2832
4792
2888
4389
2793
10663
7391
9651
7219
1488
12125
1130
8764
1165
7867
5702
2797
1299
6619
9797
4290
7791
243
1985
3854
11801
3547
1733
14
11321
12226
6691
11166
10642
11775
10125
2094
7310
1039
9835
11407
2987
1951
12281
4603
2839
7154
8407
5263
5920
7423
5872
9655
6567
1767
885
5261
5647
1369
2550
1388
8744
272
9076
10571
12079
11554
5101
10954
7919
8122
10532
2989
2162
5033
3253
5754
10529
9749
11290
2656
12463
10155
624
4521
12597
6105
12595
2510
2339
3510
4212
10870
1317
1649
6102
9590
9795
4889
6858
396
7636
4222
10382
11401
11338
6481
3382
10415
117
7484
1621
3475
3882
8587
5441
8737
1244
2611
5480
5106
2221
9370
4911
9173
8943
2301
11278
6404
11034
1294
3366
7050
10201
1061
4322
59
2717
12283
579
600
4001
12586
280
5016
11418
9644
3821
12238
5066
5435
1833
2462
9995
11750
2100
12337
10725
11546
12116
7274
9738
327
1763
9872
9190
4697
3213
9615
10137
3791
2430
10037
6633
631
7339
10850
10035
2213
5982
12356
8698
4828
1515
4695
8732
4445
5921
10514
11392
893
7094
5168
11870
2107
6336
1052
8018
6937
2067
7148
8776
1593
4211
7386
2959
3433
1699
7107
7113
6981
812
6901
678
10873
2341
5163
4071
4237
4514
11323
5889
12498
7338
10748
10601
11219
3710
4031
4615
9648
1316
11324
7172
11290
6689
6006
9043
8670
1865
12093
9087
1883
3966
9670
11021
11682
4167
9836
7910
8420
3880
4453
11862
8250
1984
11581
8247
1763
2445
315
2464
2819
5825
7591
2096
4895
6143
9529
12599
5789
1538
9572
1459
5054
2576
6945
12471
11172
3844
201
1918
6381
6705
3225
4344
6711
2834
8891
5335
5388
3845
11634
7692
4138
10035
5332
10529
3900
445
9996
11177
6110
12345
4082
3094
2326
6258
12309
12272
6177
9672
6630
3798
7231
5660
400
2054
4933
9290
9459
7971
11877
69
10789
10364
11485
3512
7831
4417
914
805
9830
11486
3191
7675
1498
7531
4826
9375
7004
6135
4679
1691
12241
8976
640
5886
6349
5258
9505
12375
6571
10993
402
506
11725
3092
6387
5766
9929
8511
7560
5511
12338
99
8683
9168
6993
2549
10230
12014
224
12118
8002
11251
12534
5434
348
2851
358
8992
5960
8487
11996
6826
6589
3593
10683
5746
1623
3765
7253
814
6096
6534
5394
2002
2184
9201
7132
1242
1164
9598
5241
11610
1705
3976
6974
3243
8498
83
11777
10488
5043
914
8256
11862
1173
916
11476
10364
2609
12318
10830
3885
281
8705
9726
7423
10521
10108
6708
4547
9042
3581
7265
2420
7796
9846
9987
3947
10790
10177
6254
6286
6477
1783
10805
1052
6634
1326
10679
9138
9785
4310
2036
7698
4324
4359
5884
4861
9249
11907
1593
652
8781
9631
2744
9159
5208
4869
179
9143
9793
7302
750
3277
11475
12379
11718
7626
10588
6382
9070
2634
9266
7185
8190
12553
4191
11303
10704
4983
9218
72
25
10639
897
128
4873
7218
6407
2549
7049
891
790
9893
5829
4049
1839
1518
10882
1934
3278
10666
10405
8041
12304
10851
8671
10629
9756
8859
3852
4917
8971
9580
4686
2859
317
3671
6485
3010
2611
6751
490
7217
10652
1932
3210
6437
10162
5416
6080
4617
10830
11719
12406
8216
6208
1749
5845
5490
2258
8271
3429
4601
10484
1713
10683
6241
8186
9890
2582
1390
5655
12301
7556
10521
946
6516
2936
2106
5519
9967
5942
9729
5455
9343
6112
3430
6080
3026
12078
3847
8871
4612
7214
11982
10797
5638
9875
3162
5041
1861
5839
4817
3564
3310
5911
205
11202
10555
11585
8672
5201
9693
7956
1265
2398
6332
4449
1680
9802
820
3955
11590
3822
9828
8948
5631
9943
4174
12212
6889
10646
3960
1857
12128
11164
1571
8852
3473
289
1323
5440
9448
10636
10468
10062
5658
5682
4060
8688
6100
10882
9690
2395
3163
4721
6976
6781
3211
11899
11553
11684
8499
1946
10620
6995
7903
4867
3876
3923
10567
10492
7812
8494
5275
3051
4197
12314
8873
6000
945
7125
7741
9271
12152
7189
11862
1759
1559
10577
289
7374
6687
2676
2388
6010
1965
12452
281
7178
8804
1657
4806
3965
3129
11930
6221
8034
11945
5679
8037
11175
7056
5760
5756
6578
3277
2541
2947
692
1273
1967
581
2810
3620
10210
1254
617
7969
9036
793
232
5874
1805
109
7408
10907
98
802
5289
3090
2246
4111
6204
6643
5020
2415
10266
2232
8635
11232
1099
11181
12599
9236
1408
3200
6454
1352
11601
3127
8053
1183
7637
101
8205
10418
3664
8776
5306
7127
10284
2904
5987
5422
11764
4790
1919
2675
3148
5415
3058
9153
4869
4628
11697
6295
3119
9506
3624
589
11636
7772
9324
3876
5394
2585
9690
3712
11943
5282
903
2062
9662
8401
4109
8277
9916
3824
3352
8018
10429
190
4650
9369
7411
5516
5806
3411
2898
11850
12229
10361
6546
11575
4876
4112
6496
3565
6158
1553
4669
8961
2337
8195
10959
8400
10788
1346
10234
10725
9386
1174
2702
11747
3322
4481
3913
718
5376
12242
7400
1465
2908
788
11954
2094
10220
4406
10458
8078
9306
10187
11534
9855
5314
9579
12499
6314
2965
9358
456
10558
9642
8861
6391
1644
12230
9104
2883
8757
7323
2820
12350
823
6996
2473
9038
2747
5922
8374
10446
949
2323
8970
2720
4762
6356
4966
334
11387
6738
9519
6542
7900
4259
8039
11301
4190
2657
8556
3330
379
2589
10129
8100
5360
8901
681
10150
1020
5353
3415
5832
1373
7901
207
917
2877
5156
12018
11916
11222
10140
8078
1410
10595
10074
4919
8689
10897
9910
11417
5738
5617
7965
9884
2417
11190
2319
6634
12266
9406
10291
8686
11344
7664
7976
6922
797
11833
11042
9204
2410
506
9657
7376
2844
9074
8660
8659
9159
233
7807
6899
8802
7965
550
685
11732
7171
220
5539
1591
10280
3702
503
2575
10486
1670
3573
7249
863
6645
10111
8472
3357
8560
7226
4522
4241
6296
5989
6714
9939
12547
9549
9720
10077
2716
9037
7392
12234
3401
1040
107
3427
6446
2936
7899
7715
5400
6870
262
356
8381
7389
11256
8378
2331
7350
8318
4789
4274
4409
10521
3935
12569
6182
9372
727
2428
879
6329
269
6911
12491
8849
2163
2415
11853
9279
2925
6027
3399
6109
3722
4714
9853
7051
1769
10343
11751
8367
4495
1837
5348
539
9525
11031
4148
11760
2735
6239
5422
6732
2051
6753
4618
6488
6441
739
11241
11523
8559
1693
5971
9865
3414
5052
6622
6962
11697
11446
10225
7166
9017
8279
3473
195
9756
1118
6491
3685
10630
11958
8211
1867
146
7262
3405
6105
3199
2148
9407
3194
7093
8394
4684
10567
3287
8912
11655
3804
7514
12442
10341
5163
4533
11813
7113
1991
9807
10942
6566
11926
1473
4476
8229
10517
10950
10
2524
10445
6683
11118
11309
12199
3483
5479
3893
1570
3961
7688
8915
6156
5017
5499
11080
10563
5027
11233
4322
8438
1705
10289
483
9328
3045
2391
12049
8628
5613
7777
199
1409
87
6878
1428
11847
9776
7031
8742
6504
4160
6897
5423
7743
4044
8695
10907
9290
2029
4773
9947
1402
3134
4988
7257
4251
3821
5560
12090
9973
5390
3393
3512
2953
11741
8452
12196
9271
11078
6076
516
8650
5020
8690
5298
890
8917
8833
10409
2389
1253
4230
7028
141
2200
4758
8936
9491
10370
8981
6700
11531
9690
9206
1828
5756
2799
11350
8205
6907
7736
6687
5726
412
10488
9066
5270
5799
10849
1279
6221
1481
5080
6669
6162
2774
3911
8334
9840
8940
2600
4733
11022
3286
10499
5212
259
5935
3551
6452
1426
5416
3699
9291
9226
25
12183
7378
9924
2463
7936
10924
3058
5438
9130
6911
6448
987
6459
5314
2998
9745
10678
12047
9584
11274
7279
4034
4880
1941
6720
10887
7361
11350
9104
7641
2008
12476
2665
8866
6585
4905
9156
8531
6252
5779
3098
8901
10845
11551
12231
12006
5666
1911
2923
12569
12245
9195
3437
4760
5059
7801
9961
6179
9906
6570
7995
12215
7558
2922
11659
3739
9214
5589
8980
638
10888
3029
1181
4719
5011
3179
9536
3294
12596
1813
9419
10338
6836
12449
12230
11675
1476
7176
11113
11296
3358
11500
9067
10480
1477
3899
7945
9906
8610
8161
11062
11439
8874
6318
7324
4227
4885
2286
10161
6649
9966
11572
4815
5540
7673
7997
5987
7100
7418
5955
9049
1349
12487
14
10509
9376
9694
3898
8700
6007
6486
7168
9096
11403
5539
9265
11833
6858
7729
7547
12445
4302
2144
2965
12526
2455
5932
7353
2530
2016
1795
2899
3029
3410
8758
1959
7452
6251
12169
5700
5275
2164
2018
7273
4240
8154
6120
5923
7857
9700
4304
10007
3408
10101
3743
5179
9497
472
11025
5018
3109
3880
1004
2319
12482
12232
11443
552
3248
8586
10411
12377
11637
6591
9704
6596
9982
10913
8687
489
5030
8964
8047
1559
11243
12310
8584
11282
9740
6050
6806
6274
5045
12119
8349
8104
11069
3902
3948
6995
8684
4354
2842
8557
3118
6638
8666
12000
8139
6087
595
4030
10137
4806
11457
12456
11206
3269
5413
7817
11334
6216
7605
1618
3347
11222
1175
6068
9250
4067
12124
5004
6641
2691
12562
10689
12446
7171
11830
1670
3292
3086
4778
5908
8022
10814
593
11842
6293
6085
2275
7344
7756
951
2058
6483
3079
8528
7252
1568
12411
12527
5557
6319
6746
9583
6694
10472
12305
11628
8238
1510
10008
6049
8845
536
7933
5511
1920
10401
5899
7373
12058
7066
9136
4270
7605
7604
11155
9858
3104
9851
6751
6099
4234
11795
1708
10169
8594
2230
1125
2686
10392
7028
1889
7669
11290
5550
4817
7235
962
3260
6178
9133
10501
7717
11003
10659
8441
6704
8422
6527
6670
1406
4303
4069
9788
12537
8911
24
11644
5800
8705
4239
8283
605
4070
6737
4528
6222
3368
2949
5335
8982
6054
1879
6199
784
12179
10416
2117
10828
7146
10438
596
12378
1673
11105
9041
8194
10564
8583
9312
1327
3596
12369
11828
12575
135
1031
886
2473
1112
887
4534
1920
811
4966
9600
10148
8654
2346
11876
3121
6412
6383
5198
7272
5986
2280
9116
3043
9255
2650
1782
12092
11368
5042
11582
1046
9774
10932
9984
9087
419
5989
12088
10278
9132
11142
7
4339
5775
7384
7851
4556
8457
7317
6236
8724
7319
11862
3779
12330
6712
6498
2801
5391
10239
6787
9917
7301
8248
3979
392
7124
9410
6807
10822
11814
4372
8520
11387
9261
4866
2527
6117
5514
11111
7770
5287
8027
7714
676
1800
5968
10286
10901
9866
3558
3280
4724
8063
533
220
10789
560
3761
3712
2051
7473
12407
3082
12030
3587
1598
7995
7027
7303
2021
8972
12403
9326
12319
1524
2212
5880
3056
10275
6178
3196
9775
7907
1924
7452
233
1634
8215
7286
6956
8590
6191
1005
166
10266
10402
8240
11184
8770
7344
3407
10026
5079
4307
3478
5883
2025
2321
3159
9959
7736
5535
1155
2282
692
8151
4231
5283
9344
6206
3635
618
377
12254
9093
365
9622
3062
2477
5549
8194
7625
4198
2950
1081
3319
10006
1370
11178
3501
5497
7207
3354
379
10231
8046
4383
12191
6599
2217
12377
9335
8810
5636
5495
10613
7715
1750
12445
11732
10880
4377
2652
4238
6307
1736
3871
8729
11258
8072
1733
6726
369
9867
8510
8080
4967
7068
12069
7938
12016
2049
7950
9854
7869
5570
10400
3873
11442
859
5093
3210
7239
11155
7028
6386
3309
1978
4906
8277
5285
61
9548
10037
2578
11413
6355
7836
9179
11759
7574
176
12351
5861
7273
11388
6022
732
3026
10098
10551
6875
465
147
4452
10787
7199
3244
6485
11177
4852
495
12039
4289
1936
425
3681
7763
10357
3926
3938
5273
5415
3375
3743
3691
10788
5805
5821
5054
4872
5852
7286
11932
4716
3359
8258
10080
3404
11869
9075
5833
782
5273
1322
9700
12336
2316
8070
7554
7695
6297
6229
6774
4644
3361
9571
8006
9612
8976
9052
5549
10987
11821
5453
10623
10108
11843
9453
1769
768
6506
5723
3792
8347
4438
182
1126
11757
7130
10981
7134
11804
3848
9063
11302
9639
9975
12285
3316
6446
5134
489
12465
6730
3757
11659
6656
3940
7777
6981
1892
9801
11332
4066
4620
10414
3655
6638
7475
4864
2229
9382
7944
7692
8015
2824
224
12004
2837
8960
10870
10586
11647
24
10781
1707
8026
6334
10862
3150
7337
10624
2674
10853
6650
10446
8118
5483
5092
24
12570
7605
107
4790
6597
3714
3220
321
11861
302
10877
12193
7363
8445
4497
9741
5234
4197
9267
802
4181
3950
86
6839
3878
12562
11003
4562
3976
892
10968
11678
4719
10773
12063
11482
4884
3061
1257
1731
1311
10427
10780
11928
1571
846
8562
7216
3002
7144
3685
8466
797
9769
7753
1502
6829
4995
4174
3995
9590
9592
10101
475
12334
9320
3483
12090
9723
7803
7135
3287
7193
7078
2956
8243
2873
598
7767
11564
12127
423
12104
984
5358
7688
5492
5415
6101
4637
206
7022
6830
8083
1828
9663
10481
8956
7587
2628
12385
4588
2352
6774
7431
9750
7043
10453
11956
3355
12074
11752
8425
906
4482
1168
2931
10659
3726
362
5299
10848
10522
10403
6502
10741
9935
10352
2549
9598
7967
5728
9518
11462
7412
5110
505
8387
4291
4412
4201
1985
11407
5813
5580
11558
1168
764
3994
10851
10223
8149
5140
1138
11560
1791
4013
578
10956
392
492
10202
7795
8633
4602
3724
7967
6964
11945
859
4725
9503
191
12160
4742
2269
6588
6064
11370
11747
3555
6159
2639
5355
6650
6218
2386
10656
11952
10854
1318
11508
10469
485