101
1776
1563
390
432
371
468
1725
162
1787
1514
1189
1792
320
962
1638
1075
1039
641
628
1146
250
1480
873
239
1750
123
1217
1966
1562
1848
862
816
896
855
1222
1396
372
2199
388
531
1275
790
1786
2034
1625
277
401
1294
92
777
2198
200
1098
1699
1306
1257
2034
494
1990
466
2233
695
1943
2265
1207
1692
387
1002
119
1690
643
1842
1649
1858
181
1774
533
318
1136
137
1741
1521
461
1900
1248
1550
1032
1519
1600
437
440
1019
1479
221
981
1751
1342
702
1164
651
965
1149
1492
719
1509
1683
1222
1587
1845
249
2046
1803
1215
428
946
1230
414
307
945
1470
1273
1452
688
1331
293
601
1868
521
230
2155
2176
1409
2270
2292
1313
977
1543
217
1834
695
1618
935
742
61
683
116
405
166
2231
1961
1236
1210
348
126
377
1551
1755
393
2076
1584
755
1201
2063
341
866
1002
129
1849
120
186
295
1987
290
2091
179
969
1641
231
2110
1850
1934
862
127
1338
480
1137
770
1802
862
1156
355
214
1817
1123
1481
709
883
337
500
683
1589
2152
156
2060
1013
325
2224
1494
496
1833
1393
1241
938
625
2272
1495
1212
191
2159
1956
1086
1587
1923
2132
1495
2061
2241
1394
1348
196
1163
204
1283
1436
2197
1544
1000
1678
2058
2180
1941
1259
2238
2081
845
6
2026
1914
746
622
1173
1054
902
838
1475
260
2270
892
1130
105
2278
1703
173
2062
902
1050
244
1581
513
1282
1467
230
559
449
1767
415
1879
374
101
213
2244
2233
1245
1668
2178
800
31
976
1984
977
1091
1154
1957
939
1861
1561
432
1575
680
2008
483
1224
261
1884
958
14
702
1667
78
556
392
251
1635
76
1940
1786
2266
601
1786
1579
426
621
1974
900
1791
1458
1080
1966
623
621
1809
1528
139
795
1874
2191
939
2185
1377
662
477
315
327
865
158
1741
1008
2133
290
1002
1652
1953
508
2185
331
691
449
1252
254
1698
1324
2213
224
1371
79
374
1393
539
2039
261
281
1289
992
1119
987
775
1391
2213
1332
581
737
1519
223
1936
1803
1800
860
938
1868
1854
1888
1501
1056
1553
1238
438
945
911
969
1739
1913
1348
1246
163
1574
739
89
290
223
1342
1784
162
2076
1534
2272
998
764
1752
1316
506
1699
1739
774
420
222
480
1367
1095
63
1087
1724
1086
311
567
1620
907
1949
1848
1617
1954
1518
412
884
243
1786
863
1659
1920
1846
1947
1865
830
1707
1960
1086
289
396
950
1515
1867
1989
1424
1269
2204
1105
786
337
1332
961
331
1417
879
178
2080
1521
2184
2035
864
1133
1197
2015
322
362
1201
1007
77
1137
1828
907
947
1146
2151
2173
1381
1164
96
1653
1729
1679
919
1272
73
1648
1157
266
373
388
265
1667
1774
1728
1470
897
441
1058
1093
1610
1250
1969
2075
2028
18
1629
1769
1501
425
243
575
1119
949
1216
2091
990
1026
243
1259
1471
1984
1984
1757
416
116
920
2277
1585
1535
1455
1180
1363
1579
588
1757
1601
1640
1970
825
1456
1330
383
27
977
1893
1045
1905
1510
1632
1406
2240
1676
195
6
937
1153
1321
1967
1230
1009
1834
463
777
1735
1331
1359
476
2081
1893
1768
278
329
135
546
1925
1284
820
1484
1370
799
304
1207
2190
807
895
1424
1265
405
737
2160
1728
2257
431
2045
1682
2046
1113
278
805
1000
1
1792
960
1668
2178
1764
1572
1964
1541
1457
550
907
92
1540
1387
1345
918
1777
1408
854
1580
1088
1470
2175
943
2233
846
1895
2035
100
524
1851
1689
1918
403
1832
1306
302
1988
1124
656
2111
1930
1136
240
494
1383
801
1024
2204
1290
1022
416
1742
1432
791
2052
1035
1544
41
1636
93
2214
1375
1908
634
1228
968
273
1779
554
872
81
2293
2252
1396
134
2067
2209
726
1637
153
149
57
1472
564
1966
2103
120
2298
1269
2037
1877
1160
450
1998
1135
1640
615
1814
501
1813
51
987
2143
1626
1865
2166
849
1437
449
482
1860
1567
1189
1052
1358
799
2020
224
176
1265
1267
392
1714
1124
2189
983
1002
327
1386
1890
1010
1858
169
118
1148
1706
1435
595
123
751
809
94
855
50
1657
1129
449
2022
793
1245
840
22
68
558
844
319
258
941
390
2251
425
2236
1615
1861
1039
1847
913
1955
2198
2036
449
649
1630
193
1905
696
196
1188
1488
2275
2130
292
556
1877
2094
676
882
1840
1085
161
828
522
1719
1143
303
25
2094
364
73
1543
166
243
1823
90
1884
253
304
1446
1757
22
894
996
1422
769
33
2113
1429
946
620
2122
1348
617
449
385
200
2162
489
1696
1992
189
400
760
731
576
1096
1812
370
815
1945
1685
840
643
1177
2
775
1647
1162
1739
994
1993
1268
1113
1767
969
75
1445
655
2263
1816
589
278
1208
945
2012
749
934
1425
2066
2195
483
1913
277
618
1426
1554
732
1055
1751
906
1772
1677
1180
2295
113
1825
867
37
679
1488
1672
33
2295
131
156
1374
1969
1198
1742
1760
1935
1599
988
2128
2011
1272
2164
124
560
745
1598
76
2074
1132
823
1332
128
529
824
1834
1730
2017
1221
14
1165
259
1336
61
2200
511
2031
238
143
52
1490
1226
240
207
521
888
1576
719
98
11
1883
1564
2298
134
889
624
234
1516
942
523
1432
752
1984
1320
1178
231
1020
1623
194
1367
1007
446
662
839
986
2182
1432
1596
916
1573
2
379
1088
1289
210
2256
178
888
354
2091
276
1835
302
436
1904
803
789
1140
1766
1079
571
1701
90
2284
2252
839
189
1532
1421
500
1513
1243
752
898
392
2008
629
1890
1253
1760
1164
1923
139
192
242
9
773
1965
952
2292
456
1506
1182
1267
2221
238
1010
1726
321
2280
1140
887
1446
357
1276
2045
211
2294
1987
1770
269
147
1935
795
1565
1731
2092
134
811
535
1762
2075
1375
1776
1724
831
1196
2276
1818
1437
735
582
428
1824
1714
34
20
1348
1700
1513
321
1072
1748
132
1181
1642
228
1303
917
547
355
118
1246
1445
255
1185
1106
482
546
1613
517
1921
90
1316
1085
221
1078
1742
401
794
197
1425
1104
1766
650
883
2053
1855
755
714
1292
1538
2104
293
146
656
933
1569
2117
1708
698
1935
480
136
453
761
1611
1556
438
969
231
1052
291
2244
1877
1991
1868
1021
592
672
1742
108
899
128
1594
2175
498
2146
757
306
1535
173
812
99
1872
1025
339
967
1403
392
1418
1237
2108
1858
154
637
1914
1890
703
2026
1930
1070
1153
733
473
679
1066
200
745
262
631
1593
832
2254
2020
555
386
1799
60
297
1261
1718
1069
500
408
1906
1994
2187
1718
1687
1529
609
1768
147
994
1632
1056
587
954
956
360
112
1672
1909
527
1855
1348
1259
1783
1954
200
976
525
1992
280
1650
134
2074
792
207
1531
1108
793
813
1056
1194
1204
1306
2257
1695
1005
609
798
774
1650
1164
1507
567
1294
67
2177
785
1826
868
1750
2110
437
1316
1320
915
181
502
814
2003
858
1077
1105
2013
1471
2032
1840
2091
203
1658
30
917
715
2195
1115
500
1569
1046
1248
2240
2243
599
2196
137
383
2119
90
2073
1370
1261
134
1475
2111
1179
2282
1505
1472
866
2181
1788
2265
1354
1581
942
1276
734
1920
728
345
1664
2069
1758
1480
694
1920
1633
830
2040
1305
2094
2263
1685
2062
529
1886
1257
84
1935
1028
1083
2091
797
1317
1592
699
94
867
1524
239
1912
1457
1639
127
968
259
1748
1019
1871
1247
6
330
1714
617
741
1153
46
1660
527
252
1225
990
1296
1093
826
229
1909
111
744
2281
1647
566
475
98
1220
568
627
2039
1599
311
952
2136
378
1407
401
2146
522
1498
473
1763
23
1934
1508
1597
552
1320
1516
828
1843
483
2036
478
325
1379
2145
1441
1876
544
1343
2160
445
80
1134
1777
1473
1530
1831
458
867
1921
1488
2246
985
541
51
339
1424
1725
884
1542
1675
1235
1176
1067
1941
1419
1745
954
282
814
567
1208
127
1456
1560
582
1144
1405
2065
1309
133
1259
1547
661
1703
407
1163
1340
1871
1266
774
728
2036
640
1423
697
1286
1445
1117
1482
1736
133
1731
698
2034
2059
1825
252
1876
761
1258
677
305
4
1062
1763
272
1564
2107
247
486
907
1787
1255
176
1822
1979
408
1200
828
857
1776
2214
1568
330
177
1054
1201
249
447
1652
1081
2087
1466
425
2194
1744
2120
448
96
1441
969
1382
2231
401
628
1277
1585
677
529
1661
1764
1646
1370
1343
286
1158
647
813
1941
1838
1298
93
1850
308
882
1289
2130
566
848
2129
314
629
2054
1036
1976
1060
478
1406
875
1681
2284
403
1845
1508
1203
482
1016
1956
519
1549
1124
393
1849
1418
1879
961
678
324
1861
2064
56
972
476
180
573
1932
497
1735
446
1885
1268
2096
968
1343
1637
933
1759
1222
2052
609
478
976
2124
559
2154
321
1452
1744
1658
247
1945
1881
1338
1174
1682
1484
954
997
1665
264
2186
809
1846
2148
1533
252
1570
31
1261
60
2086
2271
2203
626
2076
1295
1753
109
1810
981
1330
1042
1633
151
827
1135
2215
48
345
438
1873
2172
1887
2082
270
546
181
1104
1560
1468
1896
310
957
112
1746
520
299
84
771
200
510
213
475
1168
2112
1755
490
1895
871
562
400
812
2103
75
1772
1445
296
987
1825
56
1033
1285
308
252
1244
248
1105
176
845
2210
1553
2169
255
40
1123
371
424
986
1297
1910
1415
1222
935
1703
2177
150
719
1599
1842
153
421
1618
1652
1212
1153
643
18
1807
1264
1129
532
2103
46
2257
2233
1040
1088
730
2132
137
973
459
2235
662
256
1359
1560
661
1401
1888
754
1887
207
1364
1394
1044
932
1532
2061
448
144
1713
1910
1031
1015
1571
182
261
203
1086
792
350
1365
2076
611
595
1236
1871
2071
1146
491
1298
2246
976
981
268
626
983
1383
1739
473
2142
39
1678
1369
764
378
1144
1150
1230
661
251
2113
1936
350
1373
1399
1567
520
2174
748
1716
1086
1627
527
1756
1631
1379
1245
1716
1609
2118
1488
1298
1283
1449
247
456
817
1819
2230
2017
1971
2230
1768
857
1611
478
1874
232
924
127
220
1175
315
1981
913
2215
1409
868
67
878
1617
611
623
317
557
231
736
330
2141
1974
587
50
1894
987
1025
697
1264
1272
865
1209
1797
1153
963
487
1147
1188
1376
1848
1987
1173
1652
2035
559
2222
631
381
2181
1746
2156
1045
75
1967
2142
505
146
1820
1795
1243
1149
2101
689
660
443
153
1703
400
1224
2187
1403
266
71
216
185
1797
1755
258
1067
1043
2218
726
2036
1854
2075
892
1083
1549
1067
86
643
556
2144
1498
226
1940
2097
1297
928
2296
1368
1148
797
765
80
2298
2298
1132
977
1099
695
2155
1785
1401
141
1824
307
1289
1752
854
933
190
1744
1874
1841
848
1768
1454
602
192
1046
840
2246
904
486
1036
2042
2082
1645
145
736
1906
658
126
92
1231
1569
1059
869
98
383
1344
732
532
2019
809
2009
835
1605
2044
314
201
1195
1021
303
614
820
458
179
2154
2270
631
1882
2053
694
437
1012
1217
2252
461
1575
256
1801
1833
727
2292
635
1656
942
840
55
9
1358
1703
1717
2041
1970
511
1675
2038
2121
962
2137
385
757
1417
1887
1124
1957
562
401
1435
1961
1679
2129
1824
994
1795
362
1704
1693
464
802
1864
2149
1778
871
182
1948
2066
768
2163
219
2121
83
96
298
378
1454
1841
551
903
701
1756
877
240
65
1819
1330
183
572
988
1742
1710
1724
85
843
364
696
1971
1947
2189
2035
2129
947
1814
2167
627
692
2026
488
328
374
2053
1146
791
1600
2032
1864
1619
841
306
1279
1815
253
1618
1572
1916
980
697
421
2206
1905
291
2224
817
1386
1147
936
1693
847
1787
424
210
288
1286
626
1103
1730
1382
744
2176
620
430
588
52
1053
1565
553
1112
1226
1890
318
1742
245
893
714
923
1716
160
1762
1174
1541
2185
2264
346
1487
1134
2011
2008
1175
670
21
89
1049
848
1721
24
1675
164
689
1425
257
1117
2095
68
469
1076
1783
1415
2074
522
890
814
487
2073
1168
1269
563
1439
1948
1918
513
2230
1616
95
1841
1780
532
15
758
449
785
1964
2025
696
865
855
710
171
1042
1727
2275
599
347
1107
1873
124
935
554
2172
1916
1777
957
999
1640
1592
2046
1615
1781
273
949
702
1072
369
2003
830
798
642
1700
1122
402
1009
1233
1416
634
703
1696
1632
1440
725
1857
394