3808
300
3266
775
2346
3275
379
1110
2127
3463
3639
2842
982
1206
177
3097
131
3265
1822
3310
2185
2401
3785
3894
53
1810
1858
1613
3999
2645
2758
799
542
2197
3025
3538
2980
277
3212
1117
469
1835
1135
2955
1999
176
105
3367
1518
4054
3293
2960
1783
4177
3085
522
1955
2221
1247
2369
2659
1659
4046
724
418
3847
4169
1109
311
4324
4062
4016
1389
2950
163
970
3951
485
2449
589
826
1693
4087
1575
254
3258
2332
762
1414
4265
2520
40
1054
4323
850
3080
2647
3805
3020
105
654
3725
2782
110
1075
2759
1102
2673
3357
196
661
1332
322
3615
2234
3895
2347
2869
1145
2265
1353
3360
3928
341
3413
914
3209
3447
4213
4046
3687
854
12
2927
3907
3935
194
2813
1962
3162
708
2356
2303
4225
2472
1377
1111
2180
2028
2729
3437
3217
1827
2245
1131
1615
4331
2531
2523
1920
3117
1423
3884
3442
2168
2312
1117
3250
983
2176
2247
3982
2505
4306
958
3114
3827
1856
3926
497
1918
3794
95
2371
2000
3027
3008
1704
4357
3078
1522
4086
1557
2558
362
1727
1175
296
3094
4332
1257
448
3169
589
1353
3778
2050
200
1719
4210
3718
4235
58
3327
495
586
1415
653
1466
98
2688
1061
3313
3656
251
2444
1665
306
3751
377
2110
2623
339
2978
3224
1812
2395
3054
4177
630
3219
1453
2754
406
3874
1503
1175
4210
2899
3383
249
716
2103
4365
253
762
2677
2976
840
4308
1674
2233
2368
467
996
4303
2917
85
3780
3658
1769
3173
845
3010
151
1757
1091
3410
1241
1779
1069
3627
1541
3148
2690
852
1166
3986
4169
2048
3676
41
1292
2425
2886
4356
1469
1257
1054
1566
1122
302
2400
4276
2881
1546
305
3327
2623
2864
2199
1932
3237
1283
2614
1473
4110
724
3475
3460
2981
1575
489
2903
3846
3392
997
4209
3896
3930
179
2668
385
616
3525
3424
3117
2572
4385
809
4160
1140
3695
1490
36
368
1238
3288
1571
1778
3593
56
2920
2795
3464
468
3301
2101
3610
4222
2440
2782
1220
526
3351
275
1104
2539
140
4343
2183
1502
3587
75
3972
3376
1207
1240
3435
1143
2499
1320
757
1042
4034
509
2457
392
4139
1048
2943
348
704
467
4048
1176
1441
2528
947
3339
765
2437
3158
841
2762
1887
2886
3226
2642
4388
451
568
336
2198
1402
2328
1778
810
3619
3221
2320
2655
2941
1309
2779
2372
2136
2618
4094
4352
514
2182
4007
1070
1923
1552
1199
3289
23
4383
1411
3130
4376
672
4360
1907
857
3385
3007
3304
1251
2180
348
228
2423
4336
1740
970
842
1626
1118
505
792
1156
1950
2958
1181
345
1180
4259
1702
463
3157
1847
401
1795
2668
4241
4260
2461
2377
4388
872
37
4278
279
3202
2646
935
3488
1538
1810
2670
2165
2849
2160
1861
1735
66
4053
183
103
4000
887
733
3245
3628
586
3101
2749
4276
597
2359
1448
2296
1272
2144
4310
2239
881
1649
3374
2946
680
1910
759
3571
1205
2822
1384
1654
276
2662
3942
3660
1805
3856
2840
268
1944
2095
2428
1358
2081
2261
3248
1143
3024
1180
2089
1100
2818
2373
2334
696
1704
1886
3191
2326
548
2100
2782
1915
740
90
2017
2393
1751
3728
3417
1590
1211
423
3566
1511
385
966
4343
2083
1578
1182
3796
222
183
1449
1157
2124
1664
1923
3482
100
484
560
157
131
1155
3485
1698
1269
4281
1755
2870
3540
4044
3086
4299
1991
3098
1624
822
2539
2087
107
886
64
3972
3822
3162
534
2495
3044
2812
2635
709
208
2821
2482
390
2970
358
3698
325
3460
3786
96
2421
1634
1170
1875
1996
3018
853
2737
2693
2092
4046
4385
2191
1133
2953
3709
2338
4212
4036
1897
342
1723
2188
4103
1654
3039
3732
134
36
106
216
2062
3271
968
1982
1065
436
1985
314
4386
4130
332
3857
1423
501
116
1056
1107
386
4310
1614
2734
35
1651
1214
3266
3700
2304
964
1001
1712
3334
536
2093
1829
3310
2635
2602
1536
1326
4044
3677
3528
2888
169
1293
3067
229
4266
1835
352
4351
4396
2228
2627
1834
4165
4245
1021
1788
23
2464
1535
2659
1274
2553
285
2610
614
4296
1295
2050
3144
4259
5
1090
1302
3771
3148
2218
2236
1630
1213
2308
2440
933
1271
1994
3259
2983
4254
4161
1446
2193
2246
740
1331
1344
592
739
1496
2752
1387
142
164
969
162
142
3742
119
2427
4265
384
1529
4321
1943
2173
3203
242
3913
1903
1523
3604
2880
2500
4273
4011
554
1967
1150
2615
792
4051
3661
2705
134
1816
943
4276
351
904
2573
3467
4332
240
2569
3323
2089
3541
3661
1852
1086
1790
378
67
4128
960
191
193
1708
2622
3465
2872
3789
400
64
3159
1701
1975
625
2842
2950
3994
883
1650
2609
378
4088
3502
101
2145
2410
1517
3675
2361
4057
3289
3687
394
88
2597
3763
2553
4225
3300
4142
3788
1219
2394
3917
77
2877
505
3321
3364
4165
788
3882
3272
3674
2307
1009
1870
380
327
2672
1168
106
4059
2560
2848
2307
225
4242
1751
2892
3426
3466
357
2198
1392
4312
4041
228
3182
93
100
4343
2939
973
3102
3420
3008
2755
3135
268
1492
3567
1239
3616
199
3455
4104
62
2579
1017
3103
2185
645
4345
3469
2531
576
3275
298
728
3293
4101
3213
145
3528
1223
3545
1298
2835
503
2138
3360
1364
387
1536
605
2004
3073
2746
2036
227
375
764
1232
821
553
664
141
4360
752
1563
1925
522
1038
389
3813
3194
2173
3882
4237
1723
3119
2896
3617
3307
3350
3401
3545
3503
3596
3069
4369
2824
3836
2514
4135
2225
60
4017
2798
76
200
1005
850
2566
3867
2168
3230
4217
3498
1654
2959
3994
3210
544
2735
3916
1028
799
3559
1912
1971
921
1512
4280
1515
964
3512
4119
859
2566
4271
2599
1606
4185
1311
1792
1437
295
1724
1633
924
3890
378
2140
3414
3687
3552
201
2653
1111
545
4082
2627
1985
463
3337
3744
2496
4001
2453
830
4153
1073
956
1985
2757
3054
4065
2756
3269
1153
1114
2189
3145
2979
2588
2485
2720
4357
4190
1126
2002
2676
4270
1681
2184
3743
2324
3349
4183
1469
1526
3654
227
1344
3205
2079
3211
1892
4125
1808
1756
979
2957
2290
3218
4215
1224
1005
450
1630
1933
2188
1587
3344
323
2538
2927
1942
3396
2773
4295
1989
453
3157
2083
1429
990
3765
1909
4135
1065
1799
2965
2771
1275
1422
2319
4073
1054
3317
4049
686
2557
3031
3833
2763
3480
1917
411
3215
409
103
1636
802
975
1220
1083
1071
2523
2107
2181
2708
3301
2507
2345
3891
2056
1799
1373
1099
2254
2050
3903
302
1608
2348
198
4014
4323
538
1184
1216
2060
3380
1289
1939
1592
3101
2244
287
2640
3208
2722
1477
2161
4179
3971
22
348
358
2529
4378
3678
1094
2807
3221
1711
1030
817
152
2123
3912
2827
3
700
1339
3052
3005
1238
4319
587
2770
1187
3333
859
198
4321
1432
2607
3813
510
1989
2784
2943
3646
1524
2935
3534
1149
3596
2162
1719
3999
3611
2319
2032
1347
1414
4165
249
1057
1504
1167
2241
2487
3635
3274
2898
4355
3997
1347
4041
3787
1052
2313
3569
3922
1503
1904
1442
1088
1888
3814
2023
125
2076
1271
2648
3878
792
2195
3059
1651
1206
3194
2960
904
4209
960
1823
538
3509
446
3809
2536
2456
3788
18
2675
4247
3686
2979
665
3834
4360
2229
2524
2992
2395
2696
2537
1945
353
1393
1413
3932
3086
1976
3145
4176
632
1058
3056
793
159
629
473
2029
2523
2868
1722
1448
4130
3476
4330
3418
2861
4331
3208
3841
412
660
4254
3524
3772
29
1899
1589
186
2488
3472
3053
3525
4249
3352
2163
1450
1142
461
4017
3604
1289
1355
1647
2099
3909
981
2998
167
1891
3285
4167
1381
1859
601
3297
3830
4092
2969
2015
4383
3589
814
1962
786
695
3101
3152
2815
4204
679
3868
1878
766
1110
3771
1260
1040
1153
2190
3247
1919
2929
2196
1139
89
2081
3750
737
213
4060
91
1897
2564
2013
2952
1131
1122
3576
2926
4148
3672
297
664
3229
4134
2379
2923
598
2522
3622
2592
2321
4011
81
2070
4258
3332
152
1433
1548
2972
296
4349
1603
4154
3875
1493
4112
956
2311
4275
3001
3591
1657
644
2578
3316
429
40
1758
3035
1451
3579
678
758
226
2583
570
1815
692
3783
1742
2332
1113
3682
3295
4334
1235
3999
2778
2381
842
1632
1352
470
3760
66
4317
3474
4213
4071
2956
1161
3319
1152
3245
149
1857
1279
1113
123
828
3465
3917
4331
259
431
1603
2461
2404
322
2678
4052
765
1503
54
4139
4117
3869
2245
2463
1628
544
162
2069
2915
3150
1323
1579
3951
3272
1193
4085
2337
1341
3552
2838
1689
3218
1544
3388
999
1301
4175
4384
65
352
3976
517
2488
3421
1862
2069
1259
1593
10
15
2679
799
1215
4169
698
1528
1868
3679
3184
611
2167
1764
1732
3234
1953
859
4053
1405
4066
2649
3573
1946
4300
2342
3838
1166
590
3502
692
2070
315
2443
4114
3132
1364
3003
405
3778
4028
2731
1087
4367
3907
3754
78
1038
2513
890
2334
1615
31
3096
1721
4306
552
2863
1304
671
3062
765
3716
4204
1809
56
1467
2386
98
1581
3662
3103
3088
3518
3018
3329
2696
3442
650
306
3805
2677
4078
391
3062
2631
1047
3935
3072
3456
215
292
3655
1401
4286
518
710
1856
3463
3202
33
3702
624
1635
923
4376
1267
997
3209
3842
2094
4129
296
558
2346
1712
2003
310
3767
2692
3493
2711
1390
4039
4228
3263
4126
2977
4365
3100
3021
1005
2496
831
200
4315
2630
1202
1858
1701
2978
463
2538
363
2942
4223
2046
2168
1155
1479
3676
2742
712
3962
4119
2477
2182
4006
2661
3364
2467
1944
1806
1915
1040
1577
1123
1038
2016
2979
638
2457
994
1987
1298
2221
175
2283
1176
4232
2381
2109
2224
722
4194
1662
1210
3296
2493
2317
747
2294
3020
2204
2727
2604
3738
4131
3796
809
3885
1467
1454
69
1692
2508
4273
3679
1225
3752
2859
1888
3734
3250
3362
348
1247
1709
4235
3176
3845
2921
1851
820
2652
483
3296
1383
4330
3347
3211
3966
533
3287
807
2171
4016
666
281
2429
1252
295
1735
2225
3011
3668
1054
1375
2432
2029
1822
602
3195
3661
2331
1833
2236
1845
2345
2690
3778
3196
1011
3483
3881
715
1037
2084
4297
1738
412
59
3680
3801
3187
2862
2801
4318
238
358
697
1976
3962
375
2350
2010
4091
533
2384
2407
1094
3350
3819
984
3490
599
906
3128
2584
2651
209
807
482
3272
3305
1776
3469
420
3639
770
2953
2311
2542
597
1679
257
4331
2800
2528
1993
3726
3840
4024
2320
615
2131
2832
3548
83
3598
2117
3973
1740
3943
3262
370
1493
2592
859
4201
2400
166
671
1018
745
4261
1358
4166
2973
1398
1482
4263
4095
2701
171
350
2957
682
4351
2486
504
2422
4171
3088
100
3289
3484
1063
1602
3598
4026
924
2056
3420
795
179
2141
2219
3003
1507
4037
3164
4214
2491
3641
1997
1318
2114
2067
3267
3804
1141
1180
4031
1329
4038
3251
1701
1672
94
5
4250
1839
2128
1276
3477
1672
2553
2625
3953
1597
899
3893
558
3670
396
1573
1588
3559
3278
3360
928
3131
2153
1609
4208
2108
1540
2123
336
2055
2074
915
3788
844
455
2392
3788
3183
2908
2197
171
3516
2122
3215
683
2561
1125
1736
331
74
3326
127
361
3907
3146
253
891
1883
2457
4170
2723
625
3417
4000
1833
1455
2770
2471
599
432
665
3520
2409
258
4343
3334
4072
1516
1573
2462
3208
2803
474
1170
849
2547
441
1723
3977
463
3553
1265
1456
2640
695
2574
743
286
2399
2230
726
1343
3799
2956
462
2203
955
1645
120
3422
2458
2933
3437
3726
134
2269
3354
8
2171
988
3687
203
3173
4336
2180
2497
3709
3298
2197
505
1480
2891
3006
866
3310
1438
2138
815
3267
313
4324
2937
1319
3509
980
2101
1535
2427
2978
3179
26
2717
3008
1929
3710
1628
2564
1140
1974
2615
2816
629
3703
3776
4076
1977
3237
439
1324
2361
2483
1589
142
2121
2
2790
3146
2797
2508
1491
3071
2881
475
3019
3236
2727
3370
1724
2804
1503
1876
3995
2613
2944
1636
3240
2233
3136
142
3480
602
4081
2684
1656
1128
1952
1201
3116
3739
4382
1652
3978
1130
1878
4099
873
1194
1850
1048
3397
2773
3167
3923
392
1137
1816
1383
1652
4065
2404
2887
1268
12
2528
1032
3844
834
4115
3787
270
2170
2154
3829
1709
460
2011
2083
2736
584
2719
2366
1842
3180
364
3158
1983
3437
3463
4363
3059
981
4297
2297
3336
3468
2635
3454
2282
2228
1928
1243
638
2726
1488
936
2600
2665
3254
2589
2164
2999
3421
1863
3587
1153
3582
1680
2298
1316
4128
1162
2818
301
1420
2532
4286
2109
923
1606
3753
1985
48
3240
2164
2610
1319
4039
2766
2122
3968
4039
1988
2580
608
3086
55
1693
1157
730
3241
3638
2273
352
2467
2762
1062
1653
1270
2981
2627
3162
2672
2795
4004
3945
607
1699
3144
3381
630
1139
317
3892
3535
3094
3566
3893
1171
4245
2890
3918
3000
3115
4015
2819
2808
3846
1158
1536
1697
138
4377
21
3844
1299
712
48
1554
2104
634
2180
3478
403
616
527
128
2750
2895
2724
2860
3144
1075
1747
3904
4372
198
4020
723
2779
2006
2294
275
3433
3786
2442
3853
2859
1353
4369
716
808
4071
3280
3077
3643
3646
378
3932
535
3860
2620
1063
3025
3680
504
981
2344
244
2425
165
3356
4062
862
2044
1806
993
439
1077
395
2568
2698
1353
3125
2575
4279
3607
2440
134
4182
2960
143
273
1958
1218
532
2236
50
4031
1133
4373
3148
2059
3345
1448
1204
3259
2760
956
2667
1043
335
2939
4216
2920
2313
1754
1559
514
972
1441
2864
3154
3687
813
752
2188
1517
1368
326
2737
1147
1400
1348
1070
2604
1733
3192
4012
2980
3364
876
2951
1859
1444
3233
2643
860
4004
501
2989
4064
2855
806
1831
2221
209
1716
3038
1475
986
2096
3367
3571
4083
3832
3870
3025
3740
423
2336
310
3921
3170
1828
3424
1111
2300
943
4297
1866
2897
1759
1925
1707
2252
1215
3284
1020
1833
1654
4346
4188
3030
641
1243
2679
2371
4021
3094
3126
2516
2342
1567
656
2861
2419
1461
2913
2969
1115
2429
828
3885
3405
2236
2253
4254
3060
3819
1432
4318
2394
963
2498
3955
3132
2894
3148
2056
2168
936
3265
2503
1823
159
624
905
2347
2707
15
1509
1993
2352
800
2323
2249
3389
1623
641
1968
3239
3005
692
1577
3042
1996
3523
123
164
2434
527
3601
4243
3601
1583
1547
2008
669
4382
1600
2690
3140
2380
3691
1113
2240
658
1107
1188
3670
118
2914
2469
356
3990
4332
2637
1057
699
4188
1187
369
2536
905
524
1765
778
3348
4258
3076
3987
2763
464
1869
2591
425
1870
1480
2166
3901
1013
1847
612
3973
280
3045
4025
2207
3093
635
2419
1414
1262
2048
2790
3533
2458
3948
3693
862
3024
734
238
3405
3453
2585
3169
42
1368
524
2707
2728
2807
2995
475
1568
1466
1989
4267
1933
3908
3204
977
3109
3937
736
3817
982
4094
165
2457
3189
875
3261
621
4119
413
3034
1473
4069
3111
4211
272
3970
1953
584
4060
3603
3806
1269
4056
4340
2288
3678
3735
1175
166
1774
32
1497
3621
2828
641
3812
1845
2319
1371
3939
708
218
3317
2029
408
2236
1062
3023
1049
596
831
1206
3522
2996
905
777
4369
2499
3602
3950
1141
724
1836
104
1471
113
4040
227
4288
2695
2265
2405
3735
2401
1348
1661
404
2115
3776
4204
4251
1501
1489
2618
2167
3606
4312
2685
4218
2299
2071
873
952
2151
1112
2105
1243
896
114
169
2098
3408
4249
4245
302
3159
1185
2800
1734
3755
1645
1311
105
1363
1484
3294
1536
1777
727
674
2212
2455
2550
3421
1546
3098
4339
3985
615
1451
3606
2782
81
643
642
1136
3759
3342
3710
2124
1395
3620
18
3573
3105
1168
3402
28
2789
842
3985
3519
154
1051
763
340
4193
149
1759
3050
1648
3387
4370
4068
3622
129
1544
252
421
2020
3559
1451
1056
1627
1610
456
908
1572
4267
856
1767
2448
4285
3346
819
3360
3054
251
3218
3627
619
2115
2540
4353
4035
414
3
3327
472
4271
4360
2816
1824
2611
3072
3894
346
1820
1064
2305
4081
2555
3406
1397
2538
2225
563
506
3780
2117
757
2620
196
2542
3364
4354
3002
24
3942
2334
1318
4208
1331
2271
3700
911
4339
2519
4013
3275
2520
2849
3726
4359
949
1643
1459
3417
393
3340
2429
3379
526
1935
1701
2511
1237
4172
2473
3023
2475
3285
4171
1476
3560
1274
4292
281
1830
1119
129
1965
2008
1032
4310
615
211
99
3507
642
1947
3936
452
4056
349
1626
2261
4393
2551
2355
2901
3078
581
3515
581
3778
3046
4205
2392
239
517
1109
2552
1905
245
3087
102
1786
1310
853
1164
3079
2600
2949
2260
1572
3213
2893
1922
4260
1147
4324
4381
2633
3158
3254
1558
2736
3355
4340
2313
3693
3148
2464
434
1034
1938
1910
231
2133
1617
3455
262
1248
3253
1870
3797
29
2321
3072
3366
1850
1394
3326
1993
1068
2156
2651
3222
3456
889
3742
3305
1885
1745
1488
2609
3708
3804
3920
2625
568
4295
4259
3328
3118
2228
1215
894
3251
1691
4171
737
4232
1800
3826
3657
866
1957
4
967
615
3804
1853
791
906
3810
1056
383
2220
1844
3468
4271
4285
1789
4107
1260
4210
2761
47
3398
1929
2796
1747
2931
4364
2045
532
2690
2417
4312
368
4283
1647
977
61
3041
2748
1362
771
3229
2211
3952
4010
836
760
3109
2145
544
4058
1773
1026
4119
3660
3954
3970
2613
4002
3350
3641
2141
1657
4358
1029
1965
3807
1524
230
677
2312
4020
2333
1621
1982
2731
489
1325
1616
494
1941
3804
3054
3749
4154
2291
4015
152
2783
4385
1977
1737
3484
374
3711
1087
104
1984
2009
3989
3204
1636
3087
3280
2272
874
2023
3800
1741
2908
2469
695
3455
330
2955
1345
514
1976
3842
1373
2280
669
4055
432
2136
1496
4020
3967
376
527
2569
22
1374
2161
1030
3362
1733
2775
1568
101
3302
247
4026
1989
781
3483
2677
3337
3305
3413
429
2375
3262
382
1038
3413
2941
259
3496
342
320
3443
3680
1010
273
2154
1907
2288
181
4136
1198
1230
1212
3032
1894
3010
3336
43
4045
3024
3473
2289
1905
2360
1522
435
3798
2486
2373
93
1123
3941
2198
877
2789
1750
3193
2210
773
724
1579
4266
2946
513
2519
430
2133
1981
3687
4140
3663
799
2775
1623
1719
3069
2957
476
268
200
2830
1875
3752
4140
341
2463
3468
530
392
2422
4121
2613
1613
4043
2572
1092
1953
1110
4073
3540
3393
4130
2593
2162
17
4008
4207
3522
1504
977
2737
4183
4118
1340
1245
3084
1020
3591
721
4046
4131
3862
3898
286
3251
2678
3863
4252
1155
1114
2860
704
2369
986
1827
2894
2150
2557
2185
2355
335
3540
3793
3385
1317
3040
795
1280
991
2874
2814
3698
1228
1809
392
1989
2559
1052
2097
1916
2834
1010
4040
3057
2170
269
1443
769
3316
1240
2344
277
3758
2609
3891
1527
1632
3837
1733
1651
2619
400
1098
1103
4105
1969
2227
105
282
1105
846
3262
1924
4112
2865
1465
1957
1945
3525
4085
2954
233
149
3697
3082
2521
227
3871
355
2602
2769
438
1522
3043
4061
1727
2740
4372
3858
1814
799
2193
1102
2678
145
1660
3538
3473
1505
3932
127
2755
2217
1368
3004
1746
1864
2270
1418
1464
638
3338
1341
3809
3671
3383
407
629
1570
3987
765
2073
4287
130
2775
585
3389
2808
354
1276
2827
3008
2991
2564
2520
2383
2315
2635
3313
1564
1308
2813
605
2551
2317
470
1284
2343
4203
3350
3739
2471
1733
226
4229
1292
2168
3042
2526
193
1869
453
1739
1380
2447
3918
570
3430
315
3811
3818
3413
1096
3439
4325
3772
46
1620
3872
3394
3462
1647
2391
3669
3733
2666
3035
4206
2627
1053
661
1275
4302
3203
780
3986
1214
537
1172
1909
3975
4007
82
1172
4381
3682
230
2845
354
29
2303
4178
1287
4170
1500
2006
3178
845
2866
186
845
2435
1362
2138
4054
3449
2032
1405
1692
1022
2553
2475
2254
178
1154
2960
1908
540
2831
3815
3450
4352
3732
2043
466
2983
2065
2773
1948
1052
1844
1787
858
3582
1147
2475
91
2701
405
2260
4019
2104
509
2086
1298
699
3447
2085
2890
2388
2939
1025
232
1325
5
1997
1290
4264
1693
2628
1657
181
3091
872
3103
2239
3845
4122
345
2606
1608
1646
1910
3521
452
3087
1627
1096
325
787
3143
4225
1409
124
1941
1153
2508
2972
3878
336
3900
708
910
1117
2879
2659
764
3461
2290
1588
1731
3145
1795
146
1765
3086
3464
133
2499
3574
4107
3433
3006
3106
1245
141
668
3101
3816
2716
2948
1749
2712
1284
1829
3549
2126
731
3217
1259
2459
3222
2181
2571
3716
2749
3615
4215
1136
3193
2668
2135
2929
917
2848
3407
487
2563
57
3870
19
3132
2227
1225
2418
2200
2555
577
3436
4186
3640
1920
3779
2165
2470
1496
1305
1092
3014
2799
3762
2961
3464
2425
2263
898
2127
4256
3775
2012
1814
3916
1064
1810
2710
2499
4260
1026
1678
1711
2923
1823
3779
412
594
3888
1255
1954
113
2096
2345
3127
2074
3285
3013
108
2822
111
739
714
3398
2814
1265
3620
3053
3298
3591
3662
1908
2215
1907
3968
2611
2125
3653
3222
3456
2915
224
4116
3896
1424
3501
2342
327
2591
172
361
2078
3233
2917
3386
437
3767
3941
2575
336
2513
365
2461
2568
320
1694
59
1482
3274
90
2792
1073
1702
1296
1041
1454
1691
316
1859
2349
3337
3608
875
940
2171
437
3521
4357
2606
22
2060
582
3671
1708
1543
759
261
3261
793
4322
2175
1506
1567
3660
3095
1097
2037
3499
3008
4258
4174
2568
3663
2696
45
3662
2759
1266
1188
1770
2988
3135
4094
3096
3982
237
2124
1141
3746
2257
4022
3587
640
3926
2020
424
2934
3447
1835
457
4041
67
482
659
1394
2396
3831
1148
61
4380
4069
3515
1384
398
675
1249
606
1658
946
3517
2807
3283
453
2831
2053
3467
3566
809
440
2963
1444
1065
3182
1263
2725
2080
4051
1679
3945
2754
1996
4325
3540
4046
1786
4071
732
3015
3138
1786
1991
181
84
3536
4276
3310
3647
3301
1303
2683
1432
1524
3926
1601
3197
445
796
3943
3895
2617
3688
1776
1101
77
3056
3880
2560
2283
3698
3672
2162
454
3714
3676
903
3140
2426
1515
3790
1825
530
1203
193
461
1431
3409
3563
2375
2140
1069
3204
1905
219
1225
2061
2024
3760
696
1912
2806
2451
1424
1915
1557
3953
3542
763
2424
3011
509
1742
4129
1762
1904
776
803
4103
320
4183
648
3533
185
1868
129
1076
2371
1374
1314
514
3493
2380
1615
2312
3108
161
4118
649
259
2787
634
3430
4043
3910
2322
3941
2670
1170
2918
2997
2074
1149
675
1868
3075
1933
3026
2159
2408
1226
3204
2835
2204
2991
3624
2854
2407
513
3755
409
4356
886
903
41
78
509
3652
3803
3663
4051
79
1208
3196
165
3396
3181
4187
2633
3863
43
1130
2996
4165
3900
1278
253
1804
4397
3975
3353
3527
2667
12
2781
3157
1243
3991
2077
2641
3016
2604
1806
2134
3684
1233
2198
2033
4214
3869
3168
1692
25
290
60
2435
2273
372
2232
4336
663
1069
1481
4037
1886
3576
21
4075
3896
2088
1064
443
738
962
3068
3555
2668
956
1324
1034
4042
2897
2904
2081
4148
3999
465
2690
3319
1564
1110
1663
149
2581
2265
478
464
3971
376
2023
2391
781
2490
2454
2959
76
3731
598
1429
543
221
1985
1079
4331
4264
554
2498
4238
89
2263
3135
3590
2102
2129
4019
2645
4057
4008
2197
2844
4079
2394
3414
676
2737
2731
4220
2025
3365
4271
2864
3098
1840
3626
164
2333
3763
2050
3820
3064
2790
2344
2488
3780
1388
1298
1896
13
2776
3857
2627
26
848
3789
2028
3351
958
1222
2796
262
1815
2665
2365
183
1247
389
832
2167
51
938
1557
373
3455
2192
188
1763
648
1861
1282
3021
78
1142
4135
1772
3957
3512
1779
814
681
2100
3034
2103
4209
3820
1023
152
153
3716
371
2983
80
3178
2835
671
4259
3929
248
1878
3001
1709
1282
2698
4186
525
4209
1081
3298
3228
2499
1036
3321
44
589
2096
953
940
4195
1176
4101
1034
2841
2814
3653
1580
4039
1658
610
3308
1286
256
3062
4313
1000
1682
4004
3242
664
4096
3077
2513
3942
754
648
2317
2752
3482
1594
489
1587
2325
4131
1057
2428
1660
1808
1002
2590
730
3415
1601
63
1633
3835
2811
36
2853
3733
3447
3513
1737
477
2462
346
3467
2731
2332
1556
2974
2242
2434
1245
2444
1717
3278
1864
1003
3027
794
246
3275
3168
1530
84
2774
1830
2847
553
1418
2520
3258
3813
1098
1433
1848
1829
3692
2934
1159
1337
89
2377
1114
1953
1691
738
1927
191
3394
3546
1359
3526
495
2351
1712
1658
114
2323
2736
3282
11
3280
117
1415
2139
4271
2911
4061
1909