805
5024
12801
13792
7025
8238
9793
11443
14982
10947
7186
2800
4692
15902
4254
13211
10036
8874
983
12072
4942
13779
14825
10789
12676
6231
12234
15691
14412
6147
6263
12351
7047
7125
11445
10316
967
3089
10039
15510
13722
4862
11928
8212
8001
1455
6248
4459
10977
6506
10330
13245
13918
489
5239
49
235
9618
12282
15297
16255
5021
3875
2503
5842
10014
9338
15459
5170
7110
6624
7152
4760
3792
14467
14869
14214
10315
9112
2386
10488
16075
16697
4659
9644
13013
15660
912
7323
15684
1081
9668
13869
9686
1372
11820
1512
8730
4232
2620
1221
10260
9014
14100
5148
10343
9869
12116
16604
1513
5196
16702
11209
11686
6715
10490
9426
10295
3479
11287
2362
6277
15167
15764
15804
16526
2097
16697
14651
14723
7033
2668
5177
6054
2559
16694
14464
10199
32
6911
12744
11697
15175
5687
1605
938
7306
1614
8509
8806
3361
7005
12867
11942
13808
2614
12656
4449
5719
9024
10817
4260
9182
4517
12320
6141
8354
1228
5993
13626
1322
5247
11770
13715
7514
13843
4904
10517
7387
1440
10005
16581
10952
5632
11686
16202
10056
7248
526
13747
11331
8557
10508
8103
16222
3386
16552
747
8961
3488
14978
16021
8478
12319
15642
8621
12068
2229
14702
9662
11040
13626
4382
847
15972
15928
15180
5465
6648
13423
8305
4651
10323
14952
12798
14905
1728
15562
6569
1958
11361
15599
3019
5150
4852
7579
14493
2450
257
566
16105
16207
10738
13826
12940
2219
14657
2655
12670
15084
4497
6991
3067
12956
10186
16130
1690
330
6840
6487
16524
15452
7368
7463
7421
7032
9667
7380
5690
4022
4805
8468
13966
2905
13272
11787
6146
19
1155
10451
15494
14077
15759
11534
1172
2510
11688
8087
7772
8650
626
15788
616
731
7411
4616
1432
5273
3868
12568
11703
5856
12049
6970
202
1665
4587
13981
13196
183
9555
4261
10409
4055
2924
6065
395
5153
2798
12106
4752
14804
3214
241
11044
3947
12743
2542
12793
4470
7886
16341
7559
6262
9545
12107
14063
6843
9631
3968
6615
5
1907
12928
4431
13882
1767
13659
2027
1061
6940
15840
13297
2930
7502
11968
1598
14847
15014
7509
13497
7130
2001
1047
8383
7307
5136
12083
14605
15917
15376
3042
10374
16393
14050
841
14794
5725
1503
2808
11150
1194
10277
12518
2947
1818
101
7882
14092
16412
14248
16318
10681
12721
16379
2420
5567
809
6764
6871
650
5210
5938
5381
12153
12621
16115
4874
90
7167
4928
9013
9703
5233
3591
12773
5473
8747
9203
2165
4654
8085
9733
9546
14091
10631
11638
14951
14876
6910
9653
574
6200
583
1552
14849
3941
4110
8729
14032
14107
7248
405
14936
11160
3360
2122
7894
5769
5543
5124
7204
9993
4725
8610
10412
7055
10722
12146
9673
8842
3249
961
11534
12970
11143
16208
2548
8074
1556
8612
2373
15210
13684
209
9137
13722
658
14457
13695
7170
9598
9847
9634
16713
12701
13708
6090
6227
9950
8152
11516
6369
12402
9086
8707
715
1549
10623
14221
3659
12508
2591
14544
9443
8579
4449
11557
9608
14198
11393
10066
6800
1050
15839
11314
4938
10607
7150
1695
617
10792
4807
6476
10979
837
10554
8725
3599
11839
9486
10187
8149
13795
7089
5469
15544
7518
9034
14196
2914
9927
5017
12237
13907
4583
4425
8209
5473
12542
9713
12314
7104
68
5635
7453
1971
4819
14629
3315
8871
16041
7982
5470
13694
6940
36
3671
38
13568
1473
12731
7270
4893
466
9204
6027
960
8059
9823
3386
4484
3232
3017
14483
10915
2662
417
11228
14655
2065
4503
12767
11870
3210
12366
16640
14724
11995
10570
8286
19
2840
4714
5017
12807
14005
10010
15315
14737
12645
9236
4614
16388
8573
10157
5825
2410
7328
2159
14383
14353
14742
1778
15216
879
14885
4098
12492
14873
7569
232
15982
8954
10123
1798
10963
14230
2731
9618
15519
138
13042
1296
5279
15832
2843
1410
13164
12284
12096
11638
2092
4420
6026
2858
13563
9080
1379
13698
8955
2163
13542
564
16355
6637
4791
9240
9896
6006
11644
12850
12291
9365
8427
6398
13513
6486
12875
15200
8581
698
5877
12192
14024
2322
1886
13310
4684
7170
10722
7230
12563
14385
12410
3023
10135
13430
14298
9787
7780
3672
15715
598
623
7826
7717
1680
10039
6176
12510
10910
8965
11146
13963
13121
13542
4323
9465
6552
2372
5485
3283
10564
5415
15586
5567
4854
3647
11201
11079
8627
6161
6680
12411
7300
2020
14027
4810
9898
10458
12596
2257
3052
4442
8440
10280
5955
9506
6380
14478
3347
6445
8522
4943
3438
3097
10210
4963
1049
9544
10481
2558
1097
7001
6114
13495
14575
14031
2893
5769
3517
4509
7253
12182
3898
6130
13442
5805
887
1204
5807
14494
11926
1336
4485
12902
11387
8552
14121
13874
11781
15750
10891
12189
1644
3223
137
4490
10788
3143
1527
12257
2345
14835
15634
3792
10799
3123
769
3587
15848
15350
7004
15579
4131
14565
10651
9680
14562
5450
10046
6067
8205
3348
3545
16337
2015
5629
7104
13501
13180
10411
665
13057
15674
14360
8310
15977
10039
16408
9850
9714
14655
14085
12330
12448
5324
13362
16129
1244
7877
16611
11887
262
5306
8695
4055
9540
16265
14680
6449
1448
2048
5900
6983
10697
2424
4240
12894
5257
5600
4426
12534
2368
9304
9720
10629
10013
13267
7944
9015
9463
13280
6151
10740
13906
9794
2034
12415
12097
5379
9752
6006
9056
6581
7065
10090
12658
13489
15499
4220
9212
12597
212
5974
11520
10003
10155
10097
14677
14629
6120
13188
8298
13492
9363
898
8760
2596
2644
613
2779
11791
14374
10155
438
5111
7292
9830
679
5138
5952
9071
9292
11971
6881
4078
11550
16441
2433
7348
1632
746
5226
6665
1780
1782
5231
15434
4528
14579
14094
13049
2715
9231
11851
11431
3713
1680
4975
4389
6704
4927
7032
16216
9038
2531
423
3134
10823
12626
16083
13409
9442
13723
3830
1783
9490
4705
14696
13508
4808
758
2077
14722
4147
6346
1887
15784
1870
6226
6054
8428
233
15999
16413
12722
4575
1582
793
3309
6833
4014
4142
2983
13174
15368
7057
16016
1554
2337
13937
1351
12166
6210
4382
1396
4863
799
7010
11649
11176
8215
7273
16306
15203
4693
9154
6888
2164
2581
5805
2000
12801
13325
984
1002
10687
4123
4939
3985
599
11576
6668
13067
16106
2707
12316
12001
19
7930
14339
14766
220
2421
16680
8573
11208
7989
10129
14744
9155
15376
12459
14215
8702
7204
4032
11050
3187
9516
2053
3843
4165
15690
10063
6976
161
5715
3276
9480
11112
10614
9139
15097
817
9219
6678
13616
12489
14721
6566
1522
5639
4174
11427
2583
4120
13349
15801
2420
14037
13859
15069
1940
1279
2548
3109
6332
5818
15755
7309
3270
604
11967
6017
4080
12817
12446
6789
12643
11196
15055
15308
9969
2839
13530
11483
11529
4785
12643
11846
603
8569
7219
8238
11577
12949
16141
1243
4332
16454
15609
15384
1882
2883
9791
8671
5801
15825
5338
5214
2200
12023
23
12333
13573
4322
12454
13508
3375
13875
7009
5616
1159
4489
7587
1030
16419
3865
10535
9372
4116
3029
12928
3439
10780
14843
2041
15655
16709
16552
10784
16489
5483
7297
13045
4763
16348
14573
7581
4642
10189
3567
6905
2815
5615
15449
1251
8904
13957
3070
6847
257
6912
262
4506
5433
13911
1339
16112
11607
14079
10431
16142
3515
13894
3203
2721
15475
5098
1547
16349
9966
14165
2871
6840
13196
2278
2796
1118
4232
1391
5655
9429
292
2464
9684
5639
12409
8013
893
16332
16402
6398
8794
9464
2093
1226
16358
12622
5466
9541
12019
6737
12334
1833
6321
16244
5158
9676
9674
691
5461
2394
248
3455
12733
7894
750
9576
1509
54
7089
1334
2253
455
15583
294
7212
10298
2194
788
3166
3658
6948
987
6707
13187
3901
13981
4824
9988
758
9366
12372
15830
515
2625
4824
9619
2653
14534
13568
3637
6665
11867
6687
199
6127
6524
4468
8040
7691
4031
11455
3376
9400
16544
6305
7934
6168
15910
4513
11452
8349
2317
16231
8966
10902
14802
9881
15155
6877
3812
4989
437
1062
8554
4470
12566
929
14104
16057
12307
855
10464
10181
773
6451
13200
3873
15933
573
7641
5560
13055
11209
13773
8271
10884
8113
2679
5548
2563
6794
15899
5337
11668
3609
10524
15078
8347
2671
1612
2662
5468
7463
7772
10530
14337
11468
6836
629
4113
15305
9469
2427
3069
2649
16389
540
8511
11281
4880
13057
14872
3867
3302
4683
14526
11346
1865
12453
13593
6916
7772
10967
1451
12508
16034
9791
4417
14504
14677
223
179
10934
3821
11509
1862
7892
5707
1456
10626
5594
3591
2860
16010
6953
6685
10013
6437
14598
11493
16533
14416
12807
16299
7058
7534
15701
9785
1126
14015
15399
8563
14556
2334
15267
6265
386
452
9940
16299
3831
11760
13272
13543
16231
14663
8854
3759
2175
9535
10471
7663
14837
9456
11149
9359
918
14670
9146
39
1212
3501
9370
16431
301
1917
1973
13593
13617
15500
13626
661
8057
4511
14215
13436
4460
5099
703
5561
8992
16678
6177
5591
334
13995
16647
15004
15898
2154
9918
2677
7037
12194
6308
15835
9311
5672
8025
337
6673
5900
7924
8151
12872
2709
1303
497
9907
3306
15784
695
1901
1648
6717
10062
13101
15133
16135
15271
2020
11225
16467
14449
5591
3835
16610
4703
2149
3055
2629
3531
6872
1961
13416
10080
8229
5609
4365
12974
11282
6868
15655
4367
14529
11684
2441
10969
11150
14040
2837
974
4967
9869
13116
15975
3959
6557
9780
14394
5463
6248
15562
1089
11127
8743
4888
13245
4967
2614
15079
14221
13015
6999
12203
15170
12659
16597
11166
3162
7263
4640
15784
13720
9577
15369
6714
13826
15791
10217
14890
15122
15912
13349
12232
10306
5608
6323
1317
208
7552
4094
5015
5677
9807
373
8916
4266
8544
14105
13574
705
2021
4107
134
7512
8152
13260
15062
15783
6450
1261
11046
10142
8646
159
15489
13223
13481
5887
1841
4162
13115
14295
8703
16539
11910
13635
12804
16039
9720
1090
4591
16619
7136
3480
4099
1730
12607
9930
3194
8896
8113
14283
8787
729
2665
6573
16346
340
3058
9706
16248
2097
11593
3114
7814
1396
12145
15912
421
15657
5896
12335
8771
290
7593
3623
8245
15791
7775
14881
5927
9625
15522
10256
9756
10752
12031
1091
14005
12948
4428
2432
9720
10379
5283
13561
16354
9105
2673
10095
3168
9829
5428
10398
7373
9562
10419
16746
7097
16530
7362
2416
7548
8617
14309
5143
1775
13155
9212
12674
6936
15912
134
3406
11582
8481
8265
3448
2297
3445
8785
7942
7969
5662
2062
11746
2307
9510
13087
8905
6168
9280
9268
14280
9526
1072
15931
9910
13926
7987
4881
15623
3309
6641
9093
14545
5460
15167
2099
9367
12273
16750
6949
9218
6522
8495
10545
1498
1
9774
12120
11141
1865
10018
13364
1841
13781
13482
8635
6463
15671
11894
8172
11346
11111
13428
15579
8352
4281
14671
15081
4417
7336
6532
11961
541
9164
3900
11721
10856
13442
3864
14872
8051
3667
16064
10246
7070
9418
590
2222
5348
2803
11447
2606
14213
11302
9342
10217
10580
9302
1113
15580
16753
13314
12406
15772
11871
1284
2392
11444
1028
14396
16127
7157
11438
9505
3573
12386
15539
16579
9142
7230
2905
4656
2401
10993
9542
3731
8196
5377
5723
1277
7545
9395
15516
402
4062
4786
8522
14245
16404
11186
9226
595
3905
7329
5674
10747
2431
9739
14009
4783
14226
3679
5811
14344
7966
14179
101
7760
11120
1782
12637
217
14740
12394
750
1083
15507
4323
9285
10272
2992
14969
11255
7179
6892
9846
6882
16034
14058
4142
5047
7961
6238
13389
7229
6120
4258
11862
2866
4354
12287
1733
13707
3762
10090
7127
8107
3579
4080
8259
9352
1522
8269
2248
9388
801
14406
10901
4324
5333
13887
15751
15323
9475
15119
10046
6221
2088
10524
11073
11056
3690
7383
11129
11136
6892
125
6239
7825
13741
5280
1841
16451
2698
15181
14770
368
9303
9853
12413
6148
3158
1606
3965
748
2373
12914
13018
11491
13924
3671
1053
13612
6216
15197
14322
57
7675
7891
12246
387
754
4561
13250
7497
12410
12419
15530
5172
4416
6790
13343
12224
4478
12091
13740
13491
593
5027
14452
4672
7164
5745
631
14337
12470
8430
412
8898
13796
13671
6143
13621
11482
13708
167
15888
14573
15139
15087
4820
16074
14273
10919
13461
1616
3665
4101
14279
227
8973
13110
11180
4506
2479
11017
12174
1412
15773
15665
8033
5424
3065
3494
13934
2670
11542
6431
16464
2994
8696
14833
2557
8293
1555
2933
9383
16028
15266
13910
8741
8309
14474
5699
13640
4857
8984
12024
9899
2679
7673
15226
6542
10543
15018
916
1015
402
8802
4788
7218
12518
10132
4766
2236
10955
5223
10153
15630
1788
6175
12973
4334
15952
10998
729
14770
12059
14364
5026
13699
11605
12587
13618
15863
14715
1615
11657
11276
2928
12740
4374
14814
15583
13347
9034
1846
13242
13677
15980
7928
11826
12701
2969
3838
13526
12995
5016
9559
12854
418
14425
5059
1174
7418
5355
2581
6314
11156
8418
7886
4977
5925
15233
5634
12030
10652
9394
2242
2502
8897
5030
11487
11536
11420
14461
10569
16243
12475
14971
7962
16120
7990
913
11406
12649
1437
11446
10208
595
4289
13943
14844
8281
11342
8735
13344
14844
11969
7767
1073
10085
1709
7799
12193
4406
11710
14976
14753
9978
11558
8991
7735
9898
6530
15921
2535
2591
1129
3942
14093
12150
9114
14608
5048
3098
16282
726
13540
11283
1133
603
1571
11700
10425
6470
11901
6425
13913
13002
9633
11921
11895
7541
2420
15891
6017
2816
13039
16095
16279
2256
7179
2143
15830
7926
12141
7673
12459
13218
7927
5997
3657
1503
4603
5153
2948
9677
16460
4345
2551
11118
11937
8568
16379
527
11533
10949
8579
4315
16140
4650
13873
12169
12768
9341
15030
7825
7073
5203
1075
12224
10778
10044
14410
16373
301
6192
10939
7346
16261
4409
11210
8606
12802
12361
835
11724
9553
878
5053
12934
7300
2736
5972
4706
8144
4662
7438
4209
10725
11864
16260
16744
3737
7183
12002
14037
5401
349
6783
5124
5793
4131
10805
5883
13672
11938
12891
13291
12065
8221
1895
3930
16
2426
14545
7780
7921
5694
13105
534
5447
6196
7261
8938
8624
16084
766
3106
7521
13389
11445
2240
1548
8590
12781
4646
308
10813
10895
649
12178
14291
11840
10496
15032
4022
8208
14839
4295
620
212
9534
3691
14537
6686
3723
16701
14417
6200
15627
800
11521
11541
3034
7087
10033
2893
12865
7587
12820
7793
15027
9317
15023
12327
1689
9546
8733
7157
5555
10749
332
2478
4062
917
11293
2854
11857
1665
4010
11100
13797
3896
5414
2297
10526
12173
7117
2234
12985
4711
9615
5844
8111
11729
1671
15111
15897
8864
9461
5383
1192
9383
10377
12022
5436
2458
16579
5697
10149
55
14360
13168
7933
14731
9689
11001
987
5637
9072
10488
6384
1393
1038
9999
7114
1487
13212
13693
16076
12494
14561
3172
6124
4590
14607
9271
553
10912
1172
9601
564
2461
12442
3832
3820
7970
13330
9089
8089
8032
11798
12965
1104
7548
16337
4495
6086
14060
4519
8197
4774
5129
16184
6948
13012
8540
1424
2411
10122
2243
5609
11509
5198
4634
15513
7031
8057
366
11045
8547
4986
1216
8519
9919
6492
3084
4400
8063
10863
3918
11096
8695
4911
5830
11877
8382
2272
15230
4388
11915
8680
14218
12520
15330
1813
12966
1974
12615
1125
14466
1477
13562
9808
16569
4547
9996
13587
3976
142
12280
6820
14409
2202
13207
2603
352
14848
4812
6070
15845
8291
15922
2611
2310
3047
3403
547
12980
15118
8652
15111
3725
3404
13580
1264
3023
3764
7721
2621
10576
14185
13554
5313
5373
9287
6739
9065
1697
6640
15742
763
13938
4128
13919
7807
9206
8626
8934
11140
12606
7958
14860
1896
10693
1234
16331
14651
11026
706
2670
349
5289
3729
14372
10528
1268
5680
9683
16675
15803
15688
13183
13672
9779
2591
11709
8443
8663
10948
16703
7702
14563
5552
380
1205
1286
14938
1063
12681
2784
7587
9506
7112
13696
16089
7776
7731
832
4090
6928
6159
12680
15393
4784
1284
13092
8552
13928
14300
3540
14723
14123
71
2047
1643
13018
7680
1691
12944
8164
15020
391
8626
9505
6099
6067
7912
4796
3405
8625
2328
9377
3936
12134
5990
5973
10701
11935
3019
8681
10793
7890
1387
7912
8115
1204
9825
13018
10292
13926
349
5976
8912
2444
5507
7980
12535
6469
6318
6271
857
4373
16083
8336
11210
6568
14904
534
11076
4668
6308
417
15526
13927
6238
14825
7511
16646
14618
1223
4716
16352
13894
3719
11026
11799
5431
4853
5336
206
11279
13688
9073
7602
7981
1426
13062
10847
14121
13036
15127
560
8560
10927
6276
13707
10715
3053
3421
15288
5319
7885
1556
12380
5591
2319
10300
12958
5287
7005
14628
10323
4194
3010
4717
13605
15211
11798
12227
1153
15840
8244
2692
3169
7777
15087
13643
1047
6650
8825
16570
7533
6485
7685
7030
10970
12164
5884
10655
9898
12586
12776
16028
13664
9106
3713
4233
7610
1430
6951
10697
12877
6733
10410
5955
7092
996
12869
16345
5733
70
6111
15508
10568
13125
16199
1043
6372
5504
15889
4956
3811
15917
12029
8299
12298
5323
2956
1652
5543
13669
9381
9441
13656
8306
6452
9098
2085
12441
15979
13474
13531
9369
8153
10741
4993
2963
9359
7553
775
5466
15809
16340
3937
11605
15919
8009
3400
4371
5866
8673
10874
14761
12760
8636
6585
9305
15308
7603
3272
9040
14065
13817
11405
7693
14940
5854
8771
5255
7699
3714
8630
10590
4015
245
8249
11628
9363
8704
8225
14291
12543
14140
11360
9443
3583
7611
16391
4853
5524
3538
8162
16114
2235
4215
5337
9576
9106
2804
8703
5340
5491
14646
7614
792
1318
1194
14242
862
7582
5318
10484
11391
13616
1008
14697
11633
8892
10890
5436
6291
2232
14335
1547
3675
15389
8426
11345
12040
6531
14054
11702
5977
14191
1682
16569
12195
2648
4279
10469
9753
9009
15493
1049
13271
11854
13484
4154
10010
2426
8589
11764
7091
8605
9435
5642
4913
13224
6863
987
11450
3053
12685
3904
12460
246
15915
15287
9734
11966
10447
4590
7776
16273
1994
13482
15415
16686
11174
11046
16199
13775
3795
15237
4846
5601
2260
13434
13987
5568
1289
9704
11876
8857
12671
10051
14847
3082
968
12784
9226
15036
14075
2029
15071
5311
14441
690
8600
11323
11603
1324
13784
6956
11608
3761
12757
12470
8504
9641
4672
2041
14018
16482
1510
10622
10894
15635
1195
5267
16322
2314
11607
5374
12116
104
13990
12846
5902
5065
14094
4800
13044
10044
8225
8110
447
5623
6258
5019
11552
10171
8733
6981
11131
5859
8390
14252
10453
2338
3888
2117
3713
7659
22
6191
11798
5259
7612
13498
1082
3242
6211
9850
6141
5504
5853
6574
4347
10615
4484
2253
12491
265
11500
5082
389
4014
13700
10794
15082
3978
6768
4088
13212
5957
8617
10015
13697
5845
6798
7884
15571
7112
7299
2993
1764
376
13769
6443
15967
8113
11001
4910
11168
7398
7161
13190
12557
1776
9857
16350
12973
15948
3711
6016
617
12792
4399
8060
4311
4122
2702
9949
2579
8467
13289
13557
4701
6488
11702
7914
11594
3762
11912
10485
10819
6776
11428
9206
311
5906
10664
9816
12338
811
5053
7620
436
8737
12210
3211
3224
6183
6877
5704
15359
2055
12457
2727
1261
2111
1228
13808
10899
5537
8330
9022
1530
13445
1900
6369
224
135
81
9103
4754
11209
5415
15373
2350
10193
15146
13801
3183
104
125
9049
15679
1454
2332
13308
10604
5994
10009
7145
14481
13533
4295
1178
15404
15745
7503
11778
6168
3901
7836
9772
8665
8204
4844
13387
16615
3258
15714
7237
1412
819
11645
11510
7915
11317
3103
3681
8385
8289
3136
2555
12404
5475
8019
9873
16750
7792
13495
13538
4723
1503
11441
9994
3752
7599
10259
2554
12397
9683
2887
198
15790
10467
1815
15247
11765
15558
4074
5392
5993
58
15279
4028
9971
15930
15216
9559
7447
14854
15468
11704
9850
15048
4951
10490
7063
1448
4146
8808
11809
7795
1312
4003
15012
9077
13558
6381
6988
1370
1297
8174
14540
14742
1232
2562
849
13407
4705
13940
10148
376
10486
9843
1291
6127
3195
8973
2480
9894
13017
4084
6995
8387
7947
13307
7998
15760
14534
6541
11402
13765
5357
11598
5697
12759
13099
10934
3360
4874
1259
15497
7646
6168
5665
6283
5206
4923
2979
9104
4207
8902
3276
7642
11604
8082
15273
7046
748
15454
8167
11629
4208
1818
1181
5515
2577
3720
7032
5792
9829
13825
9015
7297
9259
6777
6779
213
7018
10042
1259
107
1390
13630
5768
15170
3739
1497
6222
327
9148
9668
9683
4810
11371
3592
16067
8796
14465
7652
3047
5591
11364
11353
14825
87
15353
16231
11186
3596
7492
11333
15460
12341
15220
4728
6749
12280
2262
13347
946
8031
6796
12067
3473
16554
12374
14509
3127
14219
15709
7989
4244
1275
9774
2611
12985
1101
10906
9059
10343
9099
8189
5680
4911
12216
11213
10158
13598
5439
14242
5192
5669
10826
4824
14674
8420
8461
3163
7637
10173
14541
11279
12898
13475
6737
8814
15759
14190
15737
3751
8742
569
14339
16
7375
2074
5129
5705
9827
1871
13091
14176
3345
7280
6061
4839
6282
13893
15163
1737
13016
7947
10866
1064
6550
7138
14215
9869
1751
12606
3430
13389
12250
4511
2195
3565
1221
14616
6922
6127
2840
3460
8173
15494
8248
12972
6451
169
8111
4070
9002
13166
12096
8958
8187
14795
12306
3468
16038
10927
1910
7213
2563
11528
371
15031
6654
13655
8781
9984
9123
2003
4625
8550
5736
3288
5745
4197
3354
4689
11206
8464
8887
16646
6183
5835
2381
603
2591
3561
3799
10226
16518
5667
7093
4125
14697
1660
9188
1155
4659
5255
13634
12384
8691
1940
3127
6564
15674
6460
3896
13329
7425
4903
5642
12565
14247
3102
2801
4759
5077
6843
14966
8342
2584
8215
14111
4584
3265
10442
12782
11177
9539
5911
13208
11964
1311
6107
11323
14411
12728
4077
12800
14861
16485
4736
10250
1106
11179
12606
8004
12698
3619
12168
15495
5577
14948
6404
3515
1409
15950
3071
16354
1471
77
3162
12641
13876
3489
2246
8216
4399
10071
3202
8629
12325
3578
10687
2854
2064
13435
12056
669
4054
5555
12088
5340
16592
4027
12648
5349
236
5348
10946
6043
3478
7161
5664
3397
4429
649
15482
2024
11767
16117
13355
6402
12088
2526
5225
2588
13656
4792
1415
771
11865
2752
3034
6335
16071
3105
2576
12296
9582
7813
1256
4207
11553
11881
12469
8795
15744
617
14778
12621
15073
15378
16534
7086
10052
15650
9818
4015
10277
7253
3758
430
12192
10556
8383
6249
14919
4996
15383
11242
9719
7479
12487
12437
6636
12099
14589
8650
619
1281
10195
2477
15399
4512
5252
5160
2168
846
4216
10767
15548
14730
4339
14557
3628
13406
2524
8780
11245
3480
6936
3004
5720
5299
1859
1468
376
2796
1788
6563
14616
2088
7658
15139
207
4990
2869
10852
15040
2049
13319
15123
2045
14635
2467
15069
8187
11222
1512
14326
15999
2230
13285
1398
4647
7581
16271
14959
9718
15746
5477
9124
15588
1659
3203
14476
11707
16633
4983
5410
16617
7209
15501
13538
717
4017
12211
6564
15894
7915
13233
14467
1272
5364
3203
753
10955
11778
12524
7431
12333
11788
1166
14887
6934
2463
12363
14144
13280
13169
3710
12997
13956
3344
2364
3016
13401
14978
8650
13738
5212
2728
5317
3434
7075
13676
16495
6224
3660
12138
768
3272
9695
4353
2945
6570
7125
1134
9148
10116
14638
12086
5240
16049
7064
2190
7801
12600
3042
7320
7651
12158
13834
5177
11456
8418
7113
4302
2513
7097
2347
5070
4016
7682
12532
4523
1614
11068
8471
13021
7014
14082
11897
15629
13391
8191
3320
7475
7474
12504
4358
7324
12430
5825
8666
6441
13519
222
2506
3934
2829
13783
9435
1313
16494
14633
13264
11815
14522
8420
13969
2277
13131
13444
521
14736
16580
15831
6084
6837
12795
7266
9508
2122
13783
3944
7482
6638
15926
1743
10994
10337
1606
6387
10144
535
12717
7423
14002
1275
16659
11933
16777
12433
4829
2188
16279
12521
6295
3960
4619
2701
9258
3044
7424
9732
586
15863
13687
15359
3307
10720
2683
12125
4153
4199
4032
14461
13195
2620
6164
14253
288
5117
6783
14723
13571
13652
3672
8858
13621
87
273
3547
6545
1207
8691
10958
1403
11528
11971
12886
10061
3675
4946
14474
13848
13019
7980
8310
3291
14578
4720
9635
11083
8934
2165
9978
13087
14934
4815
8351
1147
3509
14931
1414
14052
7076
13288
747
11962
3134
843
11933
5584
11900
15574
1814
7493
6500
369
7233
12330
10218
4252
1773
496
2989
4747
7915
5740
16090
1659
4288
1379
4886
2760
10583
7761
1640
11480
4628
4492
8222
13345
3099
13980
2427
5829
6124
7419
7783
13238
14278
2080
16402
2772
8532
2383
1523
10644
9213
13810
3740
108
10569
1150
8409
16412
7783
8876
3056
16672
3359
2518
11781
7353
11902
11346
11130
11176
8234
11180
2743
13416
131
10738
13375
3015
6488
4985
12370
9063
15031
3872
9308
1853
9795
2652
9118
8369
2551
6215
5281
10420
11020
13089
15360
12911
11175
14620
10125
5908
11914
6962
11125
12366
8234
16550
11117
14416
6361
14017
6029
5517
1193
16152
16303
5540
10873
2854
1743
2696
522
4068
6841
10358
9234
7740
15728
479
10402
9679
7397
5784
5778
15496
14611
1517
424
16689
7021
3661
12932
4383
2076
14980
15896
837
13236
16207
15514
3001
4987
4417
3827
7974
2987
11771
2600
15433
4281
14700
5070
2520
14546
2349
1345
6055
9115
15909
5563
3267
7261
6986
6819
16755
16455
16245
10804
1283
15497
3442
10649
14969
14947
377
1676
6644
5862
9751
7776
16656
12139
1540
10463
8304
10669
147
14882
2869
4788
12523
3070
5193
3343
12723
16262
9676
6553
5779
14401
5394
13732
4805
15501
14193
3977
10310
14913
8389
16372
6046
11819
14939
4789
9227
4375
14476
14211
4276
8145
10097
1173
11061
4342
2901
8423
15872
5637
15424
10559
758
3822
8087
5759
14604
10967
16131
10739
8674
14133
14640
12645
2621
5824
11044
12155
7925
516
6773
1666
15899
10024
13954
405
14585
16706
4316
10076
14738
15008
10649
4414
9196
14528
9180
16683
5851
12174
2757
12053
14352
15417
5025
15368
9004
5649
6726
5117
4574
12188
16497
11580
14443
11786
8510
8040
15441
3522
8463
3690
9452
13468
9295
2031
4610
16608
13663
15161
5894
715
1056
14433
8272
839
11527
7391
16537
1611
8523
13994
10236
6768
7564
15226
6123
9006
3611
15113
12461
8427
11169
9006
12233
2537
14301
16750
14051
6217
16127
4003
142
15929
5496
4358
9697
13961
1706
6678
8138
13264
2179
5732
9911
11145
11750
3362
2629
15502
5126
373
11932
282
14443
7462
14216
6911
122
3780
3686
3441
520
12569
8095
3377
14918
12005
15174
9139
732
1822
11032
9091
6485
8644
15753
12403
11626
12324
15052
2789
5576
14864
3125
9974
11982
3841
8496
584
15042
2909
7253
15725
7373
9552
1708
12334
2058
3752
1333
3425
12961
11998
4178
14749
4591
2207
6960
51
9562
970
3022
8650
16057
15625
15641
10
12833
12722
12910
16339
7838
5147
13910
16691
12269
8109
15369
6705
5157
15280
11708
3767
2366
12073
14375
9869
14394
13484
14033
1463
15370
3177
11388
16465
12077
1708
10367
6775
13655
13054
5075
1963
3834
11927
15061
257
11999
14876
2828
13578
6229
897
12937
5725
8606
9042
3216
8221
10034
11182
10376
7756
15079
15094
9981
5256
1602
8003
16582
10103
10787
16081
353
7698
1462
11050
12799
6220
1237
2494
5750
584
15005
8311
6294
12895
4170
13626
10991
14398
1001
6082
11691
1121
3294
8237
4566
3757
4763
3309
14591
3589
465
8352
14235
13163
56
12743
9177
15040
5028
11555
16695
2678
1517
9649
1867
10906
6517
4827
14212
2577
7942
4099
14278
693
4213
10114
8028
3602
1895
2948
5773
14726
3211
1559
391
8356
15975
6593
873
4024
6928
4339
1594
13876
5866
13609
12930
3192
11451
8471
13972
4009
4069
147
9059
1654
12183
7786
3484
11302
10175
7057
2807
15450
13060
4706
8163
11440
11745
4753
13011
13906
9726
7682
9079
5527
6823
1385
13854
521
8511
15917
9614
8047
9829
2843
10502
12133
3472
10083
1072
13747
550
12128
8250
8445
10268
15419
11041
9744
10423
6612
13794
9033
204
6521
7367
4655
2723
10549
5097
3283
10538
4520
3072
5445
14681
6311
784
13553
11955
6177
6047
16510
9626
16464
1989
4558
10599
4482
12739
4565
15580
5585
7067
13667
8799
216
10459
2279
2602
5186
13078
4296
9429
7657
4064
9596
9038
2827
15201
6576
209
679
11733
11408
9272
7233
13988
13786
5580
12569
16438
213
9655
15647
10183
3853
7312
1031
14081
4197
10243
7622
6448
9256
1024
16418
8632
15217
1692
14840
4598
7973
6808
3326
2605
11259
12615
1644
11286
15740
7318
10550
8454
16745
5307
16516
6683
16180
12404
7028
4041
2070
13371
2864
2408
13063
52
14852
11398
8066
6565
701
6001
2955
14435
11658
16006
6025
14287
560
11088
2007
15048
730
7866
6162
15062
11839
6684
11467
6244
4645
419
4054
3232
873
2913
16297
1675
11517
14406
11903
14587
10554
6437
926
13610
10343
590
16490
16169
7973
3090
2178
1793
7521
283
7843
12726
2315
10868
4452
4496
11360
780
13924
10113
6157
6833
9698
8941
13484
11866
2487
12878
9692
8666
12944
10843
14590
13268
7539
8328
7285
11848
16558
8143
11207
14914
223
11298
6397
10107
10609
16053
7015
2233
5512
8151
3858
6337
16528
8673
13234
12648
3729
16701
15803
7631
1078
9731
15886
920
5184
2630
9549
12397
585
7862
10494
8118
16106
10659
11516
13687
1113
13251
1546
14896
11784
12148
164
6040
1567
2843
13760
8647
7707
2339
2708
9373
9700
9642
13419
2061
11485
2541
13986
7089
7038
13104
1286
10787
15955
10604
5232
14144
15659
8987
13360
5737
655
11997
10374
14463
13808
4767
474
16214
12425
11228
8151
14322
1285
648
5060
13629
16278
6051
3988
14650
7800
16679
11032
4440
4375
9045
1502
2648
9776
12
15207
3609
16753
19
15850
14276
9856
7986
8683
6662
13991
2322
3031
7437
4297
2713
7818
340
10976
2562
11866
2486
7461
7038
547
8236
15358
6483
7096
7300
14177
8035
4565
5008
5184
6357
301
9129
12582
7985
2676
4322
8658
13751
12318
462
5031
10370
9478
13986
6408
289
4428
5355
13707
7967
9577
6825
6462
8831
5923
2586
4050
5988
3147
779
7265
8403
16096
916
9745
8285
15103
7250
10743
5848
9632
13553
15710
8429
4332
12234
10429
8900
6310
13145
4690
10794
8063
13841
10566
4760
4867
5396
3173
434
6871
4926
14956
9007
4146
7654
5858
12730
5758
10428
6321
11282
13661
10237
3214
7137
14296
15983
1627
6979
15417
7262
834
9648
1412
15488
11694
14140
5847
9413
13369
6134
2823
3372
13895
16241
4761
8796
2153
4265
9945
5316
8507
12249
2392
14890
14008
3496
10262
8489
11125
6909
4644
8006
1717
1568
9563
7130
3389
8447
15746
1754
8611
6758
8790
1728
7819
3173
14863
11252
606
11704
16071
14825
3262
4821
10711
7858
4392
3866
755
16139
4131
8135
6829
3143
7965
12258
763
6941
5349
10141
10379
5144
12858
9683
7979
12524
4631
1345
3760
1513
8684
12704
12760
9426
11482
8567
3879
3196
15557
12674
14691
15363
642
14881
1062
12064
7668
13507
10478
14293
4067
7538
3455
9095
13592
540
10604
2701
1927
8738
16266
16487
5646
7749
7474
3370
14276
16225
1475
6522
7408
9447
7512
7049
12693
10300
5679
12303
8640
27
15282
2160
11740
11409
7268
9600
3477
15278
6437
12795
11307
15863
22
3169
16487
12750
14798
13330
3007
4422
9758
11108
11611
3349
6387
11212
1153
10722
4383
1917
1951
8092
15145
11079
7628
2362
2766
944
15770
4765
4034
6205
14516
9135
5243
10713
11906
1965
1358
4988
1129
4133
9316
3449
5473
15967
1410
10646
11294
4406
5192
10180
7859
11403
6872
16391
6246
1697
7410
3302
14359
15969
1265
14546
2139
14333
7253
14268
4008
10168
765
2202
8984
16045
5308
12426
129
10635
7754
6407
3773
13423
8300
10874
14175
6585
11695
11450
249
8437
8472
8854
274
3232
4841
3138
3253
1381
10808
16776
13501
13423
5651
16176
15942
10901
13478
16490
12425
9980
12050
6093
9508
1264
7019
5670
15712
4868
10263
15376
9326
13992
3291
1489
5148
5231
4122
11397
10552
6786
10516
10089
6973
9155
10646
9963
1436
590
12745
14162
8996
13109
10408
9766
11905
3696
1210
3500
3620
8121
7097
12721
12092
8716
11978
9258
7920
15272
1742
14485
7649
3606
16748
15851
7717
16341
2154
2493
8567
5675
9512
2173
9880
16390
15204
5081
8597
9223
2625
1735
11727
863
12823
10258
13982
11938
10967
1707
8424
5300
12598
4524
6766
14915
4724
6450
9047
10367
1222
2459
12739
14567
14393
1764
9709
3872
12737
14504
5208
12696
13319
14063
12697
6032
5833
2272
8752
2236
8767
9299
2747
850
11848
6500
9257
10894
9372
1164
1490
7942
12782
16615
8466
12566
1975
12164
2435
6196
16428
8562
13845
2211
4697
3942
1871
6834
224
4915
2395
16311
16449
12732
5769
11427
11698
10995
8661
1792
13020
11689
5173
6002
16403
10941
6977
14504
6223
6627
8736
1120
14062
2759
8864
2813
11584
16129
11004
16427
11877
577
14775
12734
13903
4255
15540
9061
7230
9583
8123
7935
8263
9494
16781
11190
12426
13964
5731
5919
11556
4220
14982
194
6371
591
13527
10830
3837
10898
10445
6055
12597
16235
14208
1035
6836
7488
16132
7893
2431
12144
15948
15335
10892
9184
6723
14110
3692
10121
5329
722
837
9438
15252
2504
16769
6915
11684
13111
16196
3404
1583
7340
6685
11502
8493
15449
3634
9829
4917
7360
14883
3857
12237
15703
12929
12702
7581
5444
13085
1438
11324
2459
3240
8207
1798
6773
2496
12723
1501
16730
979
3150
626
491
9775
3238
774
9268
4647
10716
13750
6902
1473
9283
340
4629
16633
16041
2028
16007
16664
6348
8641
1456
13922
2613
3727
10534
15291
4785
4533
6916
4873
14290
2263
8541
3844
15410
411
7411
5871
13931
15978
10689
6352
9251
8020
5123
164
2504
8979
6865
1829
7963
1385
1240
8557
13253
10164
4117
10841
7986
3575
13563
5702
11410
1292
10022
10313
11783
12811
3855
3167
8651
10460
12448
13222
15665
271
4669
15122
14728
2847
11854
1684
10183
5306
7472
192
9561
11643
15766
2541
11202
8571
16305
3339
1023
6780
1878
15896
12441
7557
598
2532
15969
7499
9647
13503
13932
5484
3549
16582
5752
1628
16634
12463
3927
10405
9348
5990
1231
647
4593
14014
6979
4948
9727
11201
10682
1997
12864
15779
14648
1306
2308
7280
12540
14241
15512
15591
8419
15590
14571
14990
16573
1164
220
2421
10124
1036
11418
3828
9398
16500
3278
3664
829
7782
15042
15669
8697
14658
1642
2833
4612
10966
1451
15384
12857
11792
2002
13885
8401
2890
13401
15464
7497
11472
16649
9500
8841
8089
4351
7511
5059
14950
12783
8252
12737
14121
15480
13166
16490
10500
7310
13938
16784
9243
13469
6512
1313
15703
6604
15749
7985
15373
9395
12850
14378
14302
14587
12297
7478
6464
5008
3795
8459
11131
7907
2052
723
11740
8039
1716
10066
957
6767
13585
7164
11503
1176
4323
10247
2805
16052
14656
6341
12543
14192
8430
10284
5078
6052
14655
8536
5350
7952
5001
12990
6095
2429
6646
2422
15250
6774
9650
13723
8200
15354
3786
15703
5422
14628
14122
645
13300
16424
5133
12416
14761
7883
3549
9748
2817
8050
6098
15313
11308
16676
6895
4949
12015
10464
4791
1127
4151
2731
14107
13018
3822
12546
2749
13576
2202
12819
5497
15493
1745
15856
13172
8294
6732
11955
10979
10183
307
3496
8677
7437
356
6631
13360
9120
5226
3440
8604
8957
16357
9056
12101
9189
4684
889
2477
7621
4043
990
2719
11168
13707
9931
4405
12771
5255
14174
7845
11541
11029
8913
10164
5105
7731
7425
5201
1856
16794
10496
11574
7782
4371
3314
4815
9248
16527
1142
14126
9638
11593
7768
5707
14147
7036
7653
14149
7004
6709
13139
8474
13040
11939
1129
6307
6000
4953
15464
4324
1300
9223
10947
360
10294
10822
13411
14470
2585
8414
7326
5465
6821
16215
13532
4252
6069
10721
1522
1432
2643
13425
12542
7285
6672
3993
9064
5243
10706
5902
13075
11331
7645
3109
1387
11639
6180
12439
2921
3536
4454
5778
655
3462
1164
14874
11694
10454
9904
8811
4961
12736
4267
2087
10034
181
10702
13153
16589
8141
8136
8307
14288
302
15012
8322
6299
2937
2606
1982
6202
16344
15129
868
1660
3800
8321
2799
9299
13521
14050
14829
9315
13422
12665
15657
5389
5774
8508
6423
918
1323
4812
10472
12966
14701
7904
4197
7556
7201
2269
6833
10677
6766
1480
5658
9348
6544
3291
16136
5860
12810
322
12351
9758
10219
12913
7255
11005
12267
14804
12035
1665
16601
3002
5814
6642
10270
1394
4859
1843
15179
13886
7671
219
2001
14862
6589
747
9629
16446
15507
4286
1189
147
4172
13753
6856
14983
7646
10726
13228
13913
1101
1628
14062
8671
659
2762
8856
830
1514
16473
15658
15428
9
3087
12250
16553
14108
1464
824
7029
12535
12872
1146
10722
4255
14328
10025
8408
4763
4241
15398
12107
13162
11685
8628
5970
2276
5143
6817
16440
11985
3152
2599
12247
11444
8524
11186
8817
10814
1419
13594
14420
6671
8812
10488
11718
10234
15464
9804
14404
13677
15598
5329
9956
2447
1935
7218
1049
4350
2542
8080
1223
6647
2623
11721
15668
9400
5250
8770
907
2057
9198
2556
13236
16757
10907
3249
16556
9498
5866
12157
9291
7919
9986
6336
3545
2001
905
9764
15179
10362
5878
1525
10440
4272
5190
7234
2788
16419
391
4626
5349
16438
7849
10346
7888
11943
15891
15994
2818
4320
4391
3690
8555
15405
4225
2148
2054
8134
7302
6012
6582
289
7512
8256
4222
6282
7174
1432
14350
9216
4288
13445
1848
4729
6372
912
14497
3762
16644
9842
7810
15893
12484
160
8104
6780
15107
8521
10640
185
7894
6715
12088
5728
13278
8102
11771
12436
2612
488
3224
15732
11807
3727
1136
15906
11901
14383
5364
4550
5212
16634
6989
7577
9473
16309
9053
2398
16726
5998
3702
3060
2064
12900
2561
4066
13050
8025
14855
14522
4869
11147
15352
13894
15168
676
4754
14132
13167
7207
382
1178
12155
4822
8621
9065
9569
16785
5555
15836
11953
11199
6800
9740
16098
4758
2598
853
9030
52
13367
15662
12304
5484
12431
13669
4869
2920
9259
14388
4948
13012
8685
5156
7966
5735
7666
13921
16337
2431
11630
5891
5839
1324
6477
14745
12760
16438
12458
1589
454
14764
12685
15373
4120
10607
6964
12788
16404
3929
4850
8572
9239
11822
14518
7333
5749
2416
13494
15096
2485
11355
8275
5895
12505
398
14683
15120
11148
10865
14767
5938
2930
16046
10354
7866
5216
11768
1030
7757
5205
6284
6103
597
11694
27
4937
10935
8284
7503
10866
4289
8231
11
13812
566
12991
7972
5362
5693
16086
12527
6737
10337
16727
12270
6264
13779
6535
13117
6813
13912
13012
2028
6625
9234
12746
15586
6580
15464
13878
5225
16248
943
12280
5051
2196
6585
10336
7751
13986
10673
10035
11984
2547
3103
6740
6397
8576
1646
1197
8781
4346
6325
5426
12567
2780
5689
11477
4657
15424
13652
15702
16562
580
4872
10992
390
9117
16086
7182
1731
9207
14742
14873
12675
1168
3380
8966
7406
15417
10177
15477
9516
218
5663
2732
12892
1995
1911
9229
2674
11943
6474
645
9152
16344
3965
14258
5569
5264
10814
14910
14350
5066
10024
9358
5879
3929
13562
7255
5086
5791
14302
922
13270
11398
11618
2061
7562
4301
202
10039
8569
13867
5266
3830
3013
14623
6109
11057
1213
13351
2172
5945
8145
4081
5422
8527
353
15562
8200
6250
15914
14456
10061
8156
9857
2698
6361
157
14589
15178
11567
4607
5695
472
16365
3263
7599
6149
8432
7527
1406
2875
15913
9341
3040
16339
15919
2534
15808
4909
5704
13609
955
12895
877
15455
4629
9157
14436
5035
5722
11203
1132
6384
265
6190
6872
12240
9570
6801
7395
5319
12335
14965
9987
15271
15235
8054
15980
7102
11227
12131
2430
12398
3434
14492
15160
11307
7761
1514
14284
16010
14635
5076
1546
12382
3854
3007
4830
13903
4909
9212
12261
3677
12911
185
1938
4314
3990
14320
45
9866
6969
6009
2945
5790
8307
5596
12814
4669
7850
445
7624
5238
3945
5419
5632
4345
11965
4640
5566
5791
14978
4013
6349
13964
6933
7690
3867
15682
4175
11560
15810
14124
3293
1007
16138
11147
10671
2815
638
15008
14461
11011
4195
11596
11031
2575
3305
13436
14344
14959
1803
7086
16357
1300
5325
12834
6563
3698
10149
9841
8719
8264
11159
9927
2303
3101
12163
7867
6957
10604
16019
936
848
2405
714
3042
15512
2650
2104
156
13028
14677
9250
13300
10982
9961
15947
2411
9542
7660
2586
7909
10086
10507
1918
2663
10291
1733
13998
3341
4148
14456
4839
1508
6036
7082
10291
13235
12426
9310
3786
4746
6070
12552
12682
2499
10685
6245
1498
16758
11339
13478
3760
9374
2786
6336
2406
5645
14635
4009
14888
8624
202
5517
15331
9347
6360
15767
8508
4327
12371
13558
11707
12128
10415
3589
4133
13805
1330
5503
4890
7377
8018
10018
9232
7854
1557
12525
16391
1538
14030
7477
4415
10331
3535
6768
15980
10256
4298
2277
15401
13186
16117
7379
13256
1985
13433
16537
1285
10330
6155
10543
6148
6999
11609
11492
6401
7310
15302
5386
2105
5943
14057
9165
4822
7401
10901
14556
530
8175
9939
12636
5267
2012
16628
892
3597
5744
14117
10659
10482
916
14321
12061
11475
2146
926
395
16122
9503
15388
3202
16272
2826
9092
8808
16783
16018
2048
225
14578
12196
13694
2652
5682
16039
5224
1118
8696
8731
4955
7824
5967
14062
14905
17
11718
15102
13703
13243
9547
14600
7372
3061
1651
16605
4356
3884
8315
7515
2787
9749
4527
16178
13258
4722
9871
13700
7053
12197
567
15044
8770
9556
10370
14406
14243
4653
8281
10651
7967
5304
15381
13627
13533
9438
7536
14264
5226
880
380
9002
2398
15509
8356
11690
9372
5387
15388
1540
10768
10398
9853
9509
10169
88
13605
15692
1926
11917
7071
8471
388
9221
4956
6620
1529
6058
83
15071
14471
11567
3528
5034
1210
7446
13583
15777
787
15724
1038
8171
15121
12033
9737
13351
16612
9141
11909
4787
14657
11095
16521
7420
15884
16255
1955
6958
11799
1297
10664
769
13287
3293
10921
2038
7537
3202
2109
8589
9173
2075
9619
15279
5994
7280
10552
10079
8000
3721
12023
1248
1420
12000
13927
11516
8782
5993
3873
3659
6909
6952
14715
14575
13753
9108
10143
11100
2144
1808
4686
7497
1409
6610
12214
11028
16443
8461
3670
9232
6540
11582
15032
16323
9430
2753
11028
4267
12159
3932
4468
7163
664
6949
3754
10154
10969
2920
5792
6904
1095
8533
12774
7557
5727
1271
11343
8506
14948
14387
6600
5873
13547
11924
16340
6029
9455
684
9862
2862
2923
15905
14061
10448
253
11966
6553
12368
2971
9013
8486
16652
9070
3238
1474
4400
14062
1560
6728
5846
6052
4489
7929
5751
10647
4309
9922
727
13315
6529
23
7848
3294
3569
15598
6272
914
16474
6189
7835
14349
9230
5232
5082
6925
10553
5012
2920
10242
9629
5332
8196
3281
6856
3000
973
6668
15611
16406
829
241
3540
12290
314
2491
2559
5552
2574
1201
14745
8138
4671
13651
6508
8073
4365
16372
7422
10292
14133
4938
4149
3686
7296
8254
5965
3339
12983
15527
13700
8356
13625
3019
16329
10709
659
10143
11215
5641
8574
13410
9563
9541
12887
11168
6551
237
16032
3209
1423
16687
2904
3212
700
3958
3170
1216
6639
2659
6785
6303
837
9292
14906
10657
1359
14466
15771
2558
10963
12224
4927
9297
13362
16049
4138
4786
6502
16085
326
15943
4322
8964
15545
7799
5318
16787
6639
2040
6839
5783
5796
8315
7292
3267
2925
332
858
908
6440
7814
10189
3301
9678
8082
10310
1764
5513
8726
623
3205
14440
13234
9862
9947
7979
15102
7050
10619
2218
10666
3490
6211
13971
10189
995
11244
13619
12233
8219
14249
14221
5823
9258
1058
9661
10392
2415
11121
1235
3044
8427
6886
6172
8276
8293
13950
14239
3134
587
5480
13116
16179
14863
9070
14065
1249
12915
14557
5826
6752
15763
14109
14366
2157
16144
6467
4418
8983
5142
1314
11814
1839
13513
12433
6458
8403
8310
177
13684
9798
15013
15559
2878
5099
7077
14441
6012
1252
9470
9058
6212
10767
1963
11429
15826
16247
15931
9552
2585
9822
13500
2489
9015
8380
8052
160
4884
13528
13270
13166
529
4171
14006
12511
3712
165
387
15959
8592
16720
2897
14287
15704
15901
2441
7511
5498
10252
12297
9834
14907
7101
14772
13843
1452
3585
1717
12506
5791
1796
9841
15188
6078
8106
11330
15439
6488
4621
8523
8576
4115
8641
8592
4207
4025
3872
5574
6197
2218
982
5739
323
15720
15109
11722
16276
4331
2833
1615
15026
13224
4386
4211
7983
7444
16310
18
4097
7469
13445
7172
6543
2388
2991
9174
9744
13668
7473
11820
6042
3882
9743
16568
14048
7289
14747
8961
16646
12695
6666
7149
13586
3636
12786
5811
3852
4196
2011
9441
2558
5823
11465
9291
221
3279
4398
11795
13971
10642
4607
11883
10234
2496
14592
3956
10608
8325
13209
2443
13833
2885
7605
13211
10051
6536
9761
14451
13187
9515
6848
7379
7968
8270
2947
5905
2119
15793
10935
9025
13938
15710
3292
5464
7841
6078
6786
7317
6109
2805
16681
5738
608
11557
11829
10169
14292
16740
6380
4535
8809
10869
9930
11005
11921
9120
11034
7466
4051
13303
14750
1425
5427
14492
10751
1744
330
503
15235
13514
2830
6020
13982
12179
852
12337
6601
2642
7077
14819
71
1437
11603
15738
12043
10871
9501
6938
3512
2506
2005
16664
14724
14915
3916
7732
7877
4862
10375
13677
16771
7692
5223
9431
6815
581
4749
8225
13664
14142
2100
13453
1931
15872
13025
403
15811
10635
5029
11198
2460
2332
16642
13187
12126
16218
12102
14840
3741
10503
8190
5259
15047
14653
12834
2413
1930
1434
9410
16518
8937
5588
9778
2856
14629
7085
643
3249
10749
6018
10605
15402
11345
5608
12752
15071
3166
16084
7995
15520
2122
13345
11199
9384
3410
15332
8561
309
8910
11771
2869
6757
9080
4623
16467
3406
10660
12721
796
6976
8105
15257
8294
12482
14609
15370
2065
14393
7549
6136
8972
15949
1199
6590
8713
2591
6234
14715
8829
8404
2068
16025
284
3522
4162
16087
3949
4810
9809
16305
1669
6412
16205
9517
6106
10577
9101
5416
4561
2630
1003
9666
697
9338
2605
7620
10591
9352
11629
7661
1393
13535
4857
5713
11218
15605
14570
1067
16737
12963
7804
4683
6634
11208
335
14330
5781
15572
10622
5051
13819
7935
2584
1362
10031
5675
8970
3335
15238
2993
3987
11347
13802
11924
4893
14116
3863
10516
500
936
16678
1732
5773
8924
10585
7346
8980
15339
1985
10973
2637
503
7178
11077
1077
1217
7371
8088
16116
11034
11669
12763
15589
6075
12495
16456
159
4372
10036
9594
10301
4538
6253
4917
8899
14669
12525
15399
12985
9648
9116
2048
7178
3819
2771
4764
5490
15050
15284
8964
6797
4667
5128
12890
1840
6929
13902
13316
4089
8615
9200
12112
12906
5302
2336
689
15458
7386
15971
6288
7170
6125
9850
10329
3001
1961
12206
7656
9020
11458
2645
777
2167
2302
1402
16359
15679
12425
14476
7449
476
6423
14083
8940
2500
11341
10313
9245
12527
3711
5812
13553
1665
16176
5186
9747
5431
12235
13136
5666
10363
8943
13840
8521
3105
8493
2714
4002
15153
12062
8578
5849
3028
10859
13052
16770
3566
13919
2698
8069
9990
14150
13700
6532
3483
9614
309
4300
9729
15599
2367
7872
1378
13752
4031
15271
4307
13935
1118
13966
9468
2507
14857
5993
12911
2704
7789
4659
16758
10035
12119
547
14348
4131
12599
11478
7185
943
486
15214
8832
13393
15452
2975
3876
7405
16652
12658
12172
15463
4052
14048
12918
11536
8759
14035
6699
12634
6003
10441
16799
8114
12286
11454
2400
993
10382
12914
10789
10444
13502
3532
11076
5581
3883
11607
4998
2641
14944
10699
7768
15226
9401
8747
7106
11166
4893
14417
12693
6654
3864
6422
7599
9276
6628
16514
3287
3249
16497
12792
7772
16570
13325
9150
3880
3419
15171
13248
10691
7268
3647
8360
13530
14353
14540
3362
15427
587
4117
8798
6409
4526
2859
2826
6887
2935
13918
5620
16392
2751
4575
11122
9849
10586
1747
9711
8734
11041
13687
4223
2158
2400
7971
12853
6699
15124
294
240
1632
11056
5461
13243
12854
4824
4639
5758
1906
14822
3279
14589
6378
7032
9750
2284
4817
9507
12579
6241
15339
144
9950
14479
7812
10581
12307
8254
10608
15213
15271
14899
3711
11800
5015
16472
8209
16216
9661
10512
7053
9223
1302
3376
4483
16348
14678
15508
15011
754
16575
275
437
9427
237
6773
10879
8659
2576
1297
2028
76
2046
4077
309
10871
1448
5172
16058
12878
848
13814
2429
15829
7959
15121
3124
3684
4755
8768
11377
6572
9831
2859
5505
11343
2332
4802
9233
12548
13777
14431
13760
3178
1107
16584
7412
2820
1
6606
5543
2084
10488
9521
13556
12641
6701
14996
727
28
14689
1720
14171
16441
7634
13872
5497
14714
13763
3554
2474
1704
10917
12057
6276
8998
6640
2544
16369
13091
10793
15738
1379
644
6912
3415
3857
14681
7513
1549
858
3782
11241
15355
164
367
6717
5797
13433
9274
5730
15621
565
14999
1301
7886
4280
4281
11287
14870
2301
11246
2533
7544
2824
4916
4620
10768
2941
12509
104
12112
9041
4681
2697
4525
10851
4124
5906
1011
5034
3494
851
10776
2399
13413
1638
773
9885
15197
11813
10944
2287
4742
1605
10878
1977
1221
12626
7638
7871
1317
15044
3826
7569
11600
13984
14053
10685
3522
8340
2638
2093
11662
3073
7571
1978
10845
5153
12396
11450
5277
11181
3294
16252
2206
12873
11747
8195
11515
6699
12520
9539
12256
12207
14034
10742
1424
8575
11910
749
4703
3869
5471
7966
12763
14962
4877
6966
13822
14854
3447
15508
2978
13717
5792
11783
7307
2068
7691
5308
12295
12765
12151
1785
9500
9037
1401
14073
12113
15881
2711
9409
2869
1586
7665
13470
11755
1026
5160
13596
7141
3597
11684
14691
16132
6651
15123
1570
8966
10972
3343
92
8959
4665
16672
6815
12533
12723
14349
2038
6157
14392
3127
1060
3334
11653
157
10367
14481
3058
13656
5533
9515
3279
1044
2675
5337
595
7791
9632
7732
9563
8022
1045
3119
13038
1252
15389
11684
12116
2413
1738
8149
5242
13656
12206
13743
8087
91
7567
16517
3430
5643
5259
571
5233
1461
8226
5833
8836
11124
14904
16550
581
8234
3717
5297
16299
9771
5947
8889
7157
1863
15713
673
3195
13554
14122
3905
605
14477
16411
13226
10932
13715
7600
3262
14114
16547
747
11555
15689
4938
5795
4517
13079
11301
9830
14091
1405
9422
9176
2106
11198
8114
574
10852
16744
11349
7182
13840
5644
15745
4909
4194
5455
11496
7204
947
14762
10741
713
4823
16777
3875
9628
11040
5599
5709
887
12845
9185
6613
6251
2790
1966
12697
6512
771
2410
10311
3697
11218
16398
12643
12131
11256
15554
15830
5790
3764
6657
5221
1546
11322
7975
13581
15939
12254
6517
7312
7906
3920
616
5835
13290
16165
1610
12930
12317
4246
4813
5357
3801
5466
11561
7028
8830
15872
8394
7296
5370
3100
37
12863
12555
14922
6633
1218
16393
3600
16659
1470
8318
3495
1413
9203
1303
5123
3522
7466
8806
113
12499
3889
8807
1194
13952
10469
7742
1147
10708
14278
8192
10824
5136
9864
6702
10558
2370
12941
2046
16572
4289
6072
9055
15079
7952
10671
6719
6131
3476
6780
11432
4544
6025
13756
15205
9095
10915
3699
16447
7100
4152
14607
1728
11727
4082
12990
957
7697
9760
12097
12208
2822
3700
6854
5221
8882
13945
9296
9854
12916
8990
1379
2498
1634
244
3708
6416
359
3302
1518
13853
13134
2994
11951
13675
8642
15394
4610
13382
12564
16383
16326
3017
1650
13812
6989
3727
13751
6717
15568
13197
9284
16680
6994
12007
9459
5750
13095
2864
11339
10018
2433
9911
1291
16407
2040
6190
11876
1756
6791
1296
6336
5177
15030
3556
6519
11053
15677
260
15389
15283
13519
9740
12992
11074
8104
3310
7080
220
14235
15937
11396
8187
2075
6170
2127
106
14729
15696
8014
16658
6894
2319
4149
12550
7018
6895
13622
14554
3262
16019
11331
13366
2788
13731
16184
1729
8715
11906
10798
6379
7170
5829
356
15529
14106
145
8767
9200
4165
15262
1586
12570
1820
12304
4373
6241
7713
13703
13367
12786
4256
5126
87
1857
15998
7998
7100
1919
13491
11556
10249
3661
2756
11508
11466
8628
2025
143
5577
3492
16733
15293
5629
547
16528
9858
9788
12986
9007
4571
4043
5654
12068
10476
2650
760
14071
11952
4444
7619
10419
9510
7509
12668
16102
853
12425
8583
6119
15026
5649
8141
15919
4061
7163
14406
2306
8191
1216
103
15314
12834
8024
13067
9664
1538
4203
16188
10644
11474
6762
15708
3152
5650
14170
5129
2606
2931
10609
585
10269
1797
6849
14926
6780
8339
6011
4724
1237
8166
8184
1542
13930
15591
6549
3232
16086
9249
16420
11059
13991
16493
1679
11926
6476
12808
16410
745
9687
16020
5935
919
8645
9537
2472
7385
7557
16518
8693
6542
2209
2585
12614
14319
9524
11908
8733
5658
176
15223
3473
14630
16090
11304
13890
7805
15989
13689
460
2629
10995
12653
16530
14736
15888
458
10547
7777
6450
8745
9196
10427
11775
6671
7514
2493
14870
10974
14321
15610
4897
2265
3591
10008
9582
598
10060
13397
14372
15349
2310
11843
12299
2043
3040
12270
1349
10359
10890
15301
10111
6635
10278
14578
15486
6287
5103
12392
6568
14886
7191
7767
12647
11345
15697
5128
4516
5894
11120
12332
4132
10401
6277
12018
6437
16005
9033
15420
4370
8745
6552
8110
5525
555
3341
4418
8245
14286
2819
2948
13116
6922
8544
1272
6129
8599
9290
3908
9478
9009
12627
1455
5418
4291
6260
12467
9474
16749
9512
9197
11608
14868
1111
9995
11100
5216
1477
11571
1571
9165
13714
7678
5176
3565
6607
11171
10637
7965
5937
13040
194
2694
7089
1983
4578
12637
12101
3637
10614
8189
2444
1421
9091
14900
7471
14441
10031
15785
2980
3259
7372
5389
4506
12878
7359
13760
10180
790
5304
12492
15482
14643
651
9860
10128
12357
8210
12244
4704
11060
13902
656
10015
8868
9211
755
13968
15140
15798
13947
5015
565
14210
4127
3084
14571
11653
12310
5980
13481
11870
12860
3746
9419
3182
13302
13013
15540
1899
213
6337
5209
9370
16474
15150
9753
2769
7480
10208
2305
1050
10336
5250
10182
9620
437
7344
14196
16090
11127
13689
14702
15672
7728
3250
4229
7818
1695
14257
9552
9930
1231
16536
475
14340
6901
439
7949
7264
1770
4726
12997
10316
4315
10410
10488
9598
10840
8718
16105
15644
15211
8454
4935
2256
2425
15128
11003
12806
5136
8639
1293
6533
10553
9894
13230
10021
6287
499
3902
5021
6925
16272
9812
3038
1341
8802
5064
3602
13965
10130
6162
11555
11557
4244
5106
11932
6439
15893
12401
8801
6857
7618
14839
14374
2248
6559
5952
15808
12188
14082
11378
8632
1737
8950
2778
8605
6338
8799
13406
9683
5824
6344
11254
2604
10587
968
902
4607
6842
11694
13713
8123
5299
2573
4108
12291
11302
14514
3324
5506
2183
4671
3409
8735
4144
8913
7372
15818
7558
847
2959
11774
11558
15849
4909
4827
13773
14661
821
1728
15559
16111
13814
8233
12191
3377
13441
3283
1651
14742
4892
5231
11258
1017
5836
5025
12658
12645
13218
923
6595
10653
12505
10224
9054
13729
5740
1404
10024
15977
4517
4181
14559
3182
5212
9973
3497
6069
3000
15117
5768
1521
6857
4646
9495
12434
3239
11675
6234
6693
6145
14445
12393
5589
6712
4332
11486
4348
6294
1433
8483
11235
8653
2009
6599
12006
5232
1508
11965
11777
2541
7034
5151
1420
13029
4152
6701
14715
10752
11889
7843
16630
7857
14302
12705
2702
10096
16737
16548
8781
8610
12243
14623
13965
1444
14046
13402
13068
11053
5514
1373
7785
9452
3894
8674
15935
4495
1309
4718
2079
1149
16661
5377
16121
13787
11858
2206
13073
11080
8850
11291
181
14273
399
1481
2904
10804
5847
9221
6103
4265
8149
7952
3775
16018
1855
3083
10369
3360
2652
10182
12736
10750
15952
796
7125
7826
16143
497
1283
15064
11
6071
3171
4840
13310
5000
3744
14040
7618
4889
120
7004
16227
4856
8448
9256
9940
15172
12772
1895
8970
1920
3206
1640
7238
12168
12746
13613
8056
15365
3350
5375
6075
8967
620
8632
16238
8903
786
14854
6530
14488
14189
9617
8395
9016
7153
10323
6375
12071
2096
11260
14268
3362
795
14944
8306
7447
13591
16063
1419
4136
12350
4695
14928
10805
820
3577
8491
4830
3280
8937
2335
9515
4176
3681
15690
10934
6388
11816
14930
15254
3589
12810
15503
6094
3455
11529
74
641
10600
12984
13532
12587
9634
16209
5817
951
968
2303
11797
15088
10007
4997
14098
6067
13027
10624
12027
1834
9348
15241
7978
5459
736
2397
11465
7848
211
1982
14243
3086
3564
7631
12604
1843
12532
5971
12975
6343
6871
9115
12030
16615
8899
13662
4742
14966
7171
3521
4612
1612
13215
246
6532
401
9793
2085
88
16572
16414
7103
2288
3623
2213
657
7071
14638
15837
12525
12133
14837
14796
5679
663
6993
11596
1518
11995
8638
6208
16505
4227
9495
5064
3326
184
716
2335
8439
13323
14828
9644
7259
16431
8028
1667
12978
4805
6499
10518
15568
4272
641
14223
1139
14820
14839
13101
2307
16635
15380
15661
13911
5928
10478
2678
1422
5733
13616
8487
3927
2087
15442
996
12163
12998
1707
14522
3134
6658
6490
5615
9043
6863
1968
2855
11393
15061
8701
16002
11006
13784
16062
14758
9854
11746
5648
7584
10863
12793
14740
9496
2672
3887
11203
11186
15103
1748
6722
14847
2186
9317
5814
11702
2244
16692
1913
13706
5977
11143
15178
4857
7136
16775
9284
5576
5778
5262
9770
165
323
4419
6891
16741
13411
4241
7109
7683
14644
11950
486
12894
11985
10813
9590
12191
3204
310
12057
12771
10835
14738
1562
14819
5950
9761
8470
15105
15674
14096
735
1331
5216
12979
9624
9722
5635
12460
2551
15438
7789
14151
1221
3483
4778
8354
12743
7786
5915
8089
11567
14880
14117
10915
9005
4599
5889
2476
15210
10351
9585
11583
2091
16307
6593
6821
14597
2407
7868
7762
11219
11030
2737
4428
11975
11195
6225
2901
1578
10631
15934
4252
16181
1267
9477
1846
10182
13447
13447
6026
16052
5022
565
7291
2888
1357
11658
13664
1240
13171
1047
14581
3150
11436
3809
2004
8715
1199
12303
8043
12764
6071
4856
844
2409
709
5164
16161
3840
16605
16073
16604
5696
15874
15014
3887
13503
10401
2760
6885
11560
9729
4674
8225
7056
9819
9586
3250
8108
14204
6876
2894
12519
3026
14874
14667
7580
1499
4261
8743
13483
5499
620
12032
10040
6716
5453
10477
8384
11165
10897
15459
7831
16153
7945
9482
7458
3019
6935
4668
421
7792
11003
13206
16664
6883
16278
8909
16799
2771
8498
12947
4965
1883
4471
1399
11184
621
15439
10803
16599
6630
16254
7447
12148
9405
260
7281
3293
15587
15825
263
9942
12068
9821
575
14490
3473
10196
12537
15415
6499
2498
13616
8444
8287
3753
14267
13445
810
3258
3505
4095
8949
16620
10109
16446
12268
15171
1494
7009
4279
2565
13264
3219
6036
2089
9223
14518
7925
4428
3967
9464
11563
10760
2858
11447
15930
5183
8085
7334
15119
6901
16655
3568
12841
14173
4313
7595
10288
15312
15689
884
8847
3578
14907
5026
12471
2969
8072
14599
14600
16448
1260
5087
1662
6091
10061
13130
7733
12660
11740
4793
15620
7781
10450
2754
5410
14662
10383
2906
9274
12263
3779
12457
3556
3141
196
10608
15993
11653
5827
7779
3694
6459
12677
7886
16287
5801
12373
8607
8019
10400
12724
1183
5320
15751
7831
9825
14777
15748
15500
7556
3021
1354
13547
1290
8059
10842
16501
13969
4804
7504
6133
15865
3858
12981
9097
3088
4931
14208
2562
8757
3956
5081
3688
4287
11749
9224
6905
3525
1683
1794
11997
12263
7903
5044
2722
12338
6453
14130
11915
533
6402
9492
14461
1271
2652
14833
11469
4084
6608
2567
9379
5634
4096
6545
4479
12866
5189
22
16768
11028
1161
14263
14148
2059
12092
2026
4964
14892
4552
14005
14395
8670
4430
8540
13553
2798
6672
9490
7438
3043
1146
1961
10403
14308
6547
2954
7454
14713
1889
10505
15779
7265
8384
5823
12834
13701
5327
410
1429
10800
6248
13104
15780
2509
11549
10663
14396
8800
2703
2004
1914
7085
16712
16636
12967
5103
1328
1748
12673
1827
12265
13189
15984
9508
8256
14494
14514
7972
9315
2068
11216
7984
12853
12157
3260
5476
91
4346
13792
8355
4906
13542
9799
13879
6202
3068
5861
400
2103
12622
2256
4760
878
16089
7072
7524
9731
2658
2923
8898
118
13883
9323
12341
13311
2728
5077
9669
6569
10429
845
12083
9903
3877
16632
14050
12757
8703
8365
7303
15772
14357
8907
13959
4485
3461
1118
6574
5391
9902
3423
2928
481
15098
12417
15453
230
10789
14616
14285
7806
16223
11992
14977
11954
487
14232
16153
11060
4661
6779
3168
15336
5469
12739
12125
10909
16681
10620
13998
14513
16441
11998
14063
2403
11030
1162
9231
14556
13935
1785
1188
2032
10377
2789
10797
2679
3598
15891
6588
5783
8845
2527
13290
12731
4414
4749
13873
15552
15109
8987
1141
4898
1240
15445
7914
10230
2974
6283
11929
10824
4509
14960
9084
6250
9074
9386
14193
11153
11847
9139
6115
4261
7623
2925
684
1771
4246
9296
7051
9508
6640
7240
2298
12337
5248
6370
12311
10872
8119
1213
9054
618
16085
16587
9621
15533
10356
13023
8535
10728
11437
12231
15540
5696
8085
11380
11313
16169
13559
10496
10084
5926
11472
9960
16491
12372
16612
15604
64
16673
15070
1929
9209
12192
10109
2283
1132
14011
3475
16726
12993
1928
9369
3637
1834
13492
14068
4984
3707
13487
16235
5510
4028
15163
16078
6942
6579
6394
6285
14392
12042
16694
15133
8913
5483
851
6747
4979
9575
15067
10432
489
13475
4020
9308
14861
10790
10748
8503
8622
12774
6635
3798
15122
998
15476
14441
13228
14674
7635
15182
6749
8592
13503
1884
6874
2954
12815
7363
11501
1101
5466
2645
6187
16390
1422
15862
15390
6526
15715
10522
14997
9046
15030
387
13705
4881
15255
15053
7929
1686
5312
7920
16137
206
16263
10868
9922
12241
6934
10309
7339
11426
2764
12913
12560
1034
9121
8753
12343
12342
8916
12638
13628
8902
6866
11083
15888
9268
186
6762
2607
7083
7635
14340
11956
7261
4303
11027
5546
15298
13815
2944
2792
12715
7014
11788
4745
10863
11423
9237
1950
8238
14673
13493
3099
14914
4617
10209
2952
6505
15328
64
10932
9866
4321
14718
7561
15830
1556
8011
12501
1088
11229
14391
2534
3013
3678
14396
12942
13729
659
10123
14318
16058
1498
179
1446
202
1536
1583
14173
4093
14411
8082
3541
4537
6815
8763
2938
6844
2879
12199
1368
11179
13334
2684
7880
12250
9859
1536
458
4873
14519
6757
111
5787
12074
12172
4298
12286
3571
5455
13103
5245
5490
15976
8806
15753
12920
7949
10968
2978
5042
4175
15933
7909
960
4466
13426
10392
3293
8873
11244
15911
10853
7419
9661
9902
2826
1644
6164
4923
11777
15303
13333
8991
1126
5093
8647
9083
1141
588
10669
268
7869
6951
14078
16459
8075
2632
182
15677
15920
6776
12398
14441
1873
1975
4241
7535
11997
9676
1648
16098
12220
15280
15393
3286
3154
11248
46
1300
6245
8112
11033
411
3026
5148
13786
12621
8891
16017
8464
7524
12110
11535
13663
793
16537
12790
10241
6671
4739
4948
2534
4509
16289
3572
488
11887
10281
6099
4437
4313
14810
11499
5828
10130
14751
7209
5283
5497
16153
2715
1304
5535
16376
5935
3025
5340
2707
2128
14317
2205
11979
11475
7487
4830
14999
11383
8457
6227
16295
7614
853
8101
1433
3105
9887
11144
83
1395
14612
14764
10228
11515
1534
16660
4067
7018
738
7004
10494
16313
12738
13997
16451
6728
7724
41
16535
2849
14304
11152
11392
11488
11084
14251
14016
4417
5237
8021
13854
11864
16052
9479
7741
5743
10792
16073
3983
4647
2411
7833
11146
15379
6566
4274
5934
11312
3939
1280
14588
12047
153
12358
15452
5929
625
6520
158
6317
15277
6572
15683
4892
5861
5763
14471
2427
13666
5150
7351
14415
4655
6191
8755
12668
13309
1209
5166
2582
14945
11235
1115
14229
4232
3960
5000
11050
16283
6351
15869
5842
8406
5860
11339
6679
4349
10910
7696
13434
1246
1067
7178
9395
12346
6508
568
10551
6459
7461
6123
11219
10883
4801
3807
6811
14464
5786
14394
7268
10679
14548
10399
7767
13585
10633
14864
4909
7582
4758
7821
3787
11468
1282
11380
12976
13470
3490
9233
12333
14614
600
13573
16140
5632
10428
5890
3067
2878
4310
13345
3174
13712
9478
2574
1010
9850
13394
5073
1919
10242
4749
7011
8831
6692
3008
2229
9144
2565
15694
6876
1947
5694
13141
1850
1159
15745
1392
10438
4074
11947
10065
14760
9210
3050
10373
9269
4197
15504
5910
5126
16616
13647
14488
8329
138
15902
8637
805
9968
9701
13062
13004
16767
6715
15842
7614
10809
10806
16375
2172
8360
5644
5803
15288
4790
14012
14403
8764
2558
10441
4290
7234
14878
8459
2776
5872
8005
15022
12998
15941
2176
10423
2078
4720
3205
8010
7763
6916
5847
9105
15157
6921
9200
3069
1258
13119
13467
11810
3390
16198
3295
5535
906
738
13902
2858
8495
5873
15083
12555
6660
11464
12109
6255
6648
15976
11161
7224
1637
1435
8236
7429
12393
2959
9613
8285
14837
2609
14783
10053
8923
14320
3823
14603
11324
5404
16423
9854
11195
11367
3529
8222
3477
16298
2912
2209
1392
16426
16707
1545
14182
6736
10553
10963
12700
5127
1274
539
5377
16589
966
4908
4114
4656
10806
4028
8680
3730
910
12923
8633
2618
5091
11178
13826
4725
12516
9264
15744
3800
15882
16054
13241
4453
394
13808
15815
14086
6149
7486
8808
15847
10894
12781
15765
5073
323
5559
12010
16388
438
5948
9495
9667
12310
13954
6685
2132
6889
7668
4378
14676
4426
2356
3972
8947
7240
9968
4197
12795
15891
539
16638
3434
6245
9180
4978
10599
6159
1917
4748
7006
11814
1298
15538
13354
2323
2175
12816
1872
5276
9897
13357
6235
1473
11482
2635
8507
8155
13263
15000
13629
4787
9972
5561
12462
1837
16523
3585
2205
11604
5840
10619
9677
16459
11479
11775
5845
1361
7169
4727
2405
9004
7911
14523
7149
14912
10176
12359
12110
7326
117
9344
14307
10367
8199
14513
5338
11015
13427
12156
1682
5737
7275
4539
14162
15481
12789
36
9751
8818
9684
8304
8497
13580
5247
12054
9706
3855
7501
13260
2227
860
15039
9453
13304
2594
15093
9351
9388
13388
4516
14195
15747
8531
6735
10097
13528
16488
6972
3601
12023
2064
10270
9264
705
821
4653
2241
13661
5521
12704
3818
14482
10350
1754
5969
14431
12953
5248
661
11771
4286
10955
4085
12584
2810
13890
158
5205
5363
12625
3025
12782
4467
6311
3620
2031
11558
6062
15096
11367
6896
13107
1443
4543
198
6559
1977
15930
8749
8896
747
1701
10347
2046
2335
8760
15460
1335
4788
16505
13044
12936
11875
192
9675
5687
2119
1014
6238
6711
12620
14586
11141
9965
12932
11833
6234
3887
33
3154
4177
7942
16044
14823
12808
6061
11417
3235
677
6842
7972
3674
9525
10664
3711
12962
14999
2939
10019
3133
4896
16231
14565
5493
6229
7840
10435
3253
7448
14509
1514
16360
9381
548
2252
6134
10992
14139
7335
15517
4065
11764
11418
2061
1815
7328
3591
5790
5960
9055
2756
7379
6199
11758
13627
14865
8782
14287
5147
1620
11417
8029
5755
8488
16154
12922
10413
9896
3303
11778
11256
13617
878
8785
15247
1816
8198
4215
13421
15324
3028
1958
9138
11378
11932
5566
1212
1907
1072
4074
7364
11849
8111
11582
16048
10680
9612
12695
11578
3288
12838
14537
1401
8757
10636
13047
9543
9872
8029
10600
3656
12037
4392
4561
5351
1354
15365
8687
4584
7785
7619
3262
1707
3777
518
700
5392
9773
6136
9553
9994
14122
12639
15135
13913
7368
4104
4223
7375
443
9911
1488
6531
14387
232
6714
7785
15015
15233
6571
12288
7456
7098
12242
3048
2344
5502
4186
6374
11882
584
15807
10402
4641
14506
13285
4061
12182
14315
10209
6083
8937
664
9885
12084
9119
15706
7877
1627
12058
11433
7680
5912
14370
7782
4653
11796
16540
13965
14799
4982
8260
13589
7813
867
1393
11888
3695
6149
7454
15218
11781
15102
6262
16208
11112
12847
472
11238
1844
1590
246
15709
4898
15139
10575
5218
10481
2458
11381
15109
5844
14248
9560
2951
8526
4210
1461
12104
5658
11561
13424
8840
7539
5583
2153
14814
15161
3120
8886
1735
11698
8912
54
420
1716
14082
8068
928
7494
6855
3082
789
13531
13136
1043
6091
11079
3948
1222
14554
5822
10685
7775
9729
13761
6467
4893
2632
1647
1951
15766
11466
4806
14286
8780
12305
4464
313
8103
3531
10273
2027
10825
6068
5858
6195
6457
6606
11007
2727
8147
13038
2947
7762
1410
12283
1757
12674
15121
220
5217
11324
8736
3297
15336
8566
15771
865
12781
2413
16465
8117
5592
13033
15406
539
13056
6791
8881
13684
15274
2368
16709
1698
14636
15567
3231
1391
8419
6527
5042
12435
2117
15212
13742
11197
14391
5535
2607
3334
4283
15213
12649
15293
13921
5015
4936
10952
13521
2774
6169
4023
7417
9635
7262
1631
11204
11997
9766
10221
7621
9447
1475
12214
15802
16794
1671
14818
14826
6520
4767
15011
6002
4230
10262
7580
4835
444
7467
4156
11453
8397
10550
4419
13953
16750
4176
5173
10191
16181
12266
1545
11652
1324
391
12189
818
7452
5
9950
3557
12342
10245
9523
12262
14340
13172
13817
11983
16458
12293
13032
12076
1060
16531
635
5430
7457
10382
5315
2236
4217
14426
10455
5886
15453
3221
11388
10728
6293
12507
5902
598
16565
10229
8569
5438
921
2825
1991
12144
2525
1054
8147
5492
10986
599
15089
361
8511
7479
4471
12819
4083
11777
1342
16108
7428
5881
15213
4044
4821
13345
6479
15206
6773
14447
13475
1157
12155
14835
11933
15002
16151
5390
12115
3728
7321
14557
4119
8603
14018
695
4261
10718
5058
2472
8934
15411
2507
1785
3707
15516
792
1585
269
13420
14135
5750
2587
6560
14790
3754
9489
1167
480
15751
382
10828
5324
4913
4776
6279
13039
8518
3520
15408
6223
8202
14714
13371
16379
13524
15945
15790
8596
373
30
1420
1528
751
11664
11389
3663
10549
5786
11907
10428
1962
7620
13257
6189
13927
12916
8388
11124
4065
15595
14880
15777
3698
5215
12788
8025
13749
14544
7529
15863
15423
14583
9714
9676
8288
16334
11705
910
4282
4167
13274
2483
16610
4147
6120
6901
9127
1389
13454
7293
792
8067
12553
1013
6672
4088
9397
5403
4154
14517
15011
1266
3067
5218
12784
10651
10600
11323
3183
11027
2834
667
5621
5500
3677
13742
13067
13599
2048
9646
13248
4417
8157
8704
9632
3122
6407
8085
2599
8875
3035
1143
9473
15774
4606
3296
11526
6023
13181
4296
16616
15399
6130
12440
2698
762
4338
3088
4568
11652
3908
10849
1365
1775
8536
7519
2396
13090
11386
6949
1236
13417
1283
1318
7711
13196
15338
2384
4348
10627
3268
8543
6901
2035
1719
13554
12455
108
6539
5583
8005
12770
10926
14089
11152
15676
5773
12436
9221
4013
15103
1546
13537
3845
10015
5876
11757
14273
2467
10659
2533
10786
12311
9706
14933
2835
5109
13114
12138
13473
119
14280
3259
13319
1028
13298
2997
4479
5990
8964
3157
3616
2969
2667
8605
1378
2687
10389
4181
2501
10566
6186
14769
11445
12229
13432
11774
6517
11623
356
2884
9002
8546
7683
3438
13569
6394
11385
5485
5526
12229
14207
8816
6270
1813
754
10211
995
6274
4870
9168
2346
8377
1725
8932
6982
11116
923
11141
3248
12906
8508
10430
16015
10185
3129
11804
6072
9114
5458
6697
9471
330
9800
14114
5605
1769
15739
12244
14448
11168
13080
9741
15737
2649
4413
15454
11109
221
14731
5974
10585
3016
8478
7629
2304
9300
12674
10372
9100
15708
8679
10178
16769
8729
3906
5874
4204
13299
9632
11732
4135
11097
954
15872
15645
10598
1556
11457
9951
885
7099
4831
1734
3202
11584
9091
7069
7353
8056
8988
12925
1992
1260
10086
3579
1944
15212
625
14803
10001
5351
7604
3175
13396
10491
16058
11174
6955
11596
16772
12156
10883
3581
16790
10066
9348
8795
9480
7714
6965
3240
14272
14241
13776
5014
15804
13334
4882
8258
5014
14544
10440
12038
5161
16788
14811
1826
11195
10959
1464
3044
15767
16212
2489
8169
9926
5667
554
11104
14735
13914
7427
9825
13901
1276
6236
14166
13823
14852
5861
7070
12906
2228
8589
3733
15313
11391
16290
13851
12085
12648
13552
8581
3293
6847
10653
7177
492
3091
14393
6938
7165
5238
7243
15626
641
10846
6865
2384
676
4741
14914
11598
8957
1123
14670
4362
15577
1317
7256
8823
11407
11235
14837
8718
10686
4504
15998
13413
16102
15856
1058
1636
16692
6336
15812
14971
787
212
13254
3104
15640
3925
10849
7877
7279
2651
11851
2240
1599
3602
15486
8522
8110
11379
136
11499
12724
15163
13661
2773
624
11944
13071
16031
10521
10875
15119
10918
2190
15325
16241
9558
1139
9319
9887
8758
5065
8940
3379
15414
12646
4419
14469
15353
14953
4629
9385
11374
12075
4643
2885
14250
16129
9108
11076
2281
9039
7427
5067
5628
12727
6849
13052
8392
5119
14077
1113
13752
2057
15674
1763
2454
10101
6825
38
12528
7481
16545
16039
33
4727
326
4892
2159
4773
16254
14760
16460
228
9133
11677
9093
1657
1682
3159
15299
16292
14387
16404
13316
15559
7976
2269
9759
16717
11540
12515
1315
11218
3731
14930
11256
9527
14040
15415
6843
2917
13869
5161
6577
8255
5327
1930
9645
12633
13087
2692
15417
1229
14760
3361
15454
2618
12683
12173
8019
9956
10685
6521
870
15809
12752
13801
9099
7199
14632
9109
13939
1511
13673
3844
15347
16554
13476
1253
11564
15399
3648
14097
15692
10986
16352
7945
3368
4990
1751
862
8067
7677
15375
3270
1145
5886
11467
15321
9962
13925
9517
16151
8349
12635
9754
259
15111
4149
36
10031
2585
13748
15172
6490
15041
15339
7577
14069
1034
14397
13351
13457
1643
3961
5826
791
11976
15281
9184
14739
9164
16077
10850
16474
15603
16455
6638
10488
15364
15230
11049
6484
974
12035
11024
8215
4626
10275
1501
12911
7257
11318
10964
14023
3116
4525
6123
6054
1443
14724
9926
14100
9230
1342
7303
3950
8409
8335
15563
3444
3533
5312
10252
6976
11087
5156
5597
8
9929
11129
7473
6538
11581
11514
1987
13676
2066
1181
7974
11050
4932
13564
14205
170
16308
93
2198
15565
8038
12859
7107
10353
9715
7097
8005
6287
12904
482
14245
5515
12003
129
4278
12312
5466
7696
13380
12008
9841
10150
12893
9744
8828
16066
14063
3853
13288
9452
11542
11208
10078
1321
14190
3536
651
7708
527
9605
12540
2852
14959
16042
3196
15641
5157
4218
4892
4753
10376
2752
13886
4559
4071
3377
9874
10045
682
12102
461
4737
13407
13460
10607
5989
1314
269
1529
13843
7547
4527
11266
1918
15078
10987
9255
7880
10717
2183
11633
3100
2327
14498
1869
982
10607
1419
6402
11139
2531
15294
6760
10828
1528
7116
10667
18
3322
12905
9280
3902
2328
13863
16796
12490
421
10402
11156
10925
2981
6447
3759
6588
7802
14824
9616
7800
3568
1192
8526
8553
10698
14229
10200
10575
2208
13171
8770
4689
5060
3453
8597
135
3660
9167
8742
7471
991
12569
9965
13450
2922
15945
15384
908
13024
1397
3170
3276
14049
11618
13975
7987
16593
14236
6091
7259
14413
6097
16346
708
13767
3182
6520
12845
10441
6458
14037
9825
14127
14090
1454
11264
14367
592
10236
14056
8831
5284
16151
4773
1912
2206
9451
3112
16160
8639
12699
6089
14344
16780
15895
3582
4832
12049
16789
4344
4169
726
15283
16661
13226
9196
16231
2121
5575
6496
9705
16481
8725
12021
14042
11591
10040
2502
4895
1285
15501
4387
4410
1751
6373
8018
1006
8994
8296
14325
8920
4896
903
13940
10699
1781
7605
15840
5033
3326
4952
3976
8158
16624
4890
3482
1270
3969
9464
4866
7935
16437
14425
9116
11387
3033
9581
9059
9873
15735
9758
6861
11477
4858
8471
9109
15864
11931
2298
1291
8206
14744
13394
5724
12440
8574
1563
13854
16282
4135
14123
1347
840
5186
4957
6514
13868
892
4700
5327
3877
8889
7494
12343
260
12747
5829
2283
15749
15204
9590
98
8848
14562
14996
4037
8106
10155
1892
12429
8379
1003
8838
988
9802
4299
12116
10071
2895
14118
5485
3862
12581
13031
7636
2757
14635
15748
920
3807
9149
8743
7646
3072
390
13641
9362
531
1366
9062
9702
5556
7976
12956
5161
14363
12267
5213
10778
154
10234
15876
15652
2369
8145
11560
1729
7051
782
16052
2409
9848
5634
6573
105
12889
1568
11803
12515
16033
10591
8459
1789
10285
7620
15029
3871
3515
8523
15973
4522
6121
1272
4453
8028
2980
14800
12836
8662
7163
6238
7387
16038
2242
9121
5863
12563
7257
16485
2174
10578
9676
15363
1161
14079
15858
7799
6532
13895
2228
10151
5645
8992
16756
6629
7063
9894
13429
9446
13267
6962
2461
4862
11250
13433
4954
9394
3509
8871
16712
13608
16753
4849
5876
10795
15659
16006
12724
11785
9458
3558
1346
16065
8607
2625
15862
4463
9688
2341
8288
3302
11108
14865
10945
9232
4484
10301
16534
1675
10844
2092
11731
7431
7281
12107
16120
5534
10716
2808
1959
8871
12446
14049
11711
383
15875
13028
13806
12174
2434
5681
227
7684
10197
13395
4157
1643
7656
10914
6099
16612
7996
8581
6892
10763
2039
3189
3620
9795
14628
6576
10641
6011
7791
10592
10342
7059
6067
4286
16668
198
11360
8341
3487
13803
6386
492
1690
6244
10778
3891
14321
14935
14441
3865
10430
3261
15281
15026
10046
2256
13423
1547
15279
2891
8853
5762
16147
9072
3327
4121
3858
10216
12376
13801
113
4240
10707
2734
12293
11567
15913
9048
5989
12470
894
11401
8755
13225
4258
7007
14290
698
12250
9995
13097
8506
4128
14040
1707
8826
15
359
5264
10156
2016
14490
10664
12647
5744
13470
14657
10686
1583
2676
11688
10915
8622
1220
5398
521
3464
2478
1600
13734
9402
10992
8257
12611
10884
15066
16156
6084
1494
13804
8572
4689
361
2780
13561
11305
15442
8407
8362
7285
16418
13244
8665
432
6329
2424
10361
8748
13653
1326
15965
16165
9599
1333
14551
6036
12509
2954
14866
10451
9519
6114
16572
11715
11977
14214
12552
12089
13542
11833
2006
16683
11621
5541
1693
16042
6963
16482
15691
7763
3807
11542
13635
15324
2332
12322
2154
2635
6393
819
5763
9155
11092
4212
4999
10096
10995
3030
14088
1362
7705
14803
10482
10716
5282
1756
9446
7740
4575
13974
1394
15094
9007
16037
3201
13067
3076
14581
9834
14564
2439
3021
16329
8936
4173
14220
7630
5693
14527
13067
2782
780
4773
11426
12793
4723
2956
15397
7491
5024
741
9420
8564
7519
7101
13274
10717
11412
4083
11130
7796
10267
8705
9274
7987
3338
13623
4430
11832
14031
10499
14296
14942
1811
10483
12737
1200
15572
7423
627
15370
3538
13618
12717
8281
11928
222
6951
4574
11248
8414
5632
4866
13764
5193
5665
9088
14669
13631
8823
15578
13823
16202
7825
7115
9646
6656
8499
5559
8333
14934
8940
484
6641
16684
12956
2320
16062
14238
16596
11512
4419
15072
15007
13915
13622
10951
7850
15443
772
7335
3473
10011
1035
16538
5034
4564
15487
7998
8833
6097
9885
12806
11586
6269
11282
3763
1556
2206
16570
13644
8004
10636
13089
15417
16399
7203
8365
15674
2863
13363
25
4169
10698
6271
14438
6382
11339
8458
11283
9530
10791
10075
3797
8592
3295
2603
2883
5969
13944
5701
4777
8117
10303
10564
3205
7532
14459
199
7148
2540
15703
2980
14070
5534
9249
627
7429
9986
11146
13262
12815
3724
1488
3813
686
3896
16333
12696
3994
13989
13688
13549
9780
11002
11632
2646
476
1751
1938
12497
388
15705
11905
4765
9521
10854
8104
1043
14188
93
5756
5073
9568
8725
1520
9370
14535
8625
15971
5497
14034
14477
14549
15065
346
14176
9164
16279
14685
9
15410
13047
10839
1769
15756
14187
5635
6087
10837
13596
5079
3536
4273
4427
6998
9471
14544
7741
6145
3106
13338
9545
14961
11775
3994
5075
8072
10280
16258
8105
13777
11746
14843
9962
10274
10368
8511
5426
12816
3495
4671
15709
13176
9002
2038
10828
14420
5634
4869
4147
5860
10848
15535
3731
11616
4909
7377
12580
15298
15372
797
10461
4907
2017
8168
9978
3576
9583
16378
6673
7242
8849
3655
15966
12012
3860
10373
14446
6888
1495
7879
14028
13526
6015
12169
12754
11551
10375
1461
16516
6460
1888
15050
14963
9933
3347
8212
5029
8907
434
5332
7083
2190
14970
7883
6200
13949
15009
3862
13043
3782
4560
8588
3311
2478
16167
14240
16445
5724
8397
12375
4420
9310
6496
2798
8155
12067
7716
9019
15321
86
5775
3569
13233
2531
9839
3124
14551
16501
1131
8084
2723
3123
12100
3461
13489
14871
5441
3200
13023
10385
3419
7749
8231
12058
14761
1466
14061
13592
12200
12766
15994
3471
2508
7669
14060
2419
10943
13628
10006
11320
12463
499
10788
218
1047
1196
324
7699
16049
10523
15286
2012
3154
10655
8381
5346
10674
11210
10790
14151
14090
2542
15262
4558
11497
1333
7064
10873
5702
10266
2719
8211
9721
15275
13803
5418
9613
11360
5350
11300
13979
14350
14903
9663
13065
8286
4426
14086
12172
8746
7241
13203
12747
8477
8578
11926
15435
1592
14789
15338
1846
11604
6805
6033
7244
675
7354
11085
8169
8882
12824
12611
15648
11075
7968
6543
9356
15461
13765
15778
5462
15006
15437
13003
4265
16016
6173
10684
14131
524
13411
3657
1494
16382
8549
6292
11437
10739
16167
6142
10568
15003
13203
10615
1722
6752
15033
1107
2469
2474
4075
13271
2691
16755
7449
11903
8696
6210
1683
16496
10628
813
11268
8285
1112
2045
11514
12171
12128
1733
13409
9906
10949
5669
13842
16456
5025
7946
8287
1954
8955
11168
14713
13734
6777
14157
15654
6163
14194
14502
8133
10291
6736
6618
9156
16613
9272
11014
57
8671
1985
6969
122
16764
10914
7972
14523
1476
9900
5807
9871
11281
8693
11973
16175
15046
8121
13498
3089
2404
13864
14013
6940
3053
13887
9050
15555
4417
11563
7418
11401
1786
4933
7583
6399
758
10925
7449
12028
4857
1479
5282
15281
1002
10701
9457
6760
4102
8459
6321
8153
8545
1024
9780
13941
10257
14386
26
14306
14170
1566
10993
13661
6650
8034
3249
2481
13759
4448
8108
16662
13105
5785
7034
2842
12427
15540
6232
16557
15015
9112
7556
4375
11483
16178
6311
2783
4892
1125
12833
11452
10813
10923
10094
2632
15552
3673
13144
13257
15813
5665
12679
13968
8520
13642
7369
13420
12027
14338
5342
12289
2761
9152
11581
463
10016
890
1575
7052
8289
11130
3790
10314
12052
11302
2748
9914
15282
10886
73
1006
15524
4278
3207
1190
10641
9288
11598
10259
10717
9599
9834
13858
3656
100
12500
13811
6572
3951
7685
9470
12137
16447
10348
7267
15056
8578
15019
7905
13904
13313
3506
6231
8866
16782
5237
7773
13253
15292
10203
16155
13937
5888
2638
14107
2153
16105
11100
8090
7883
12631
12988
12637
6281
3388
11368
9098
14576
12531
7372
10983
75
2354
6676
14074
9484
15309
16283
7954
12475
5133
7605
7613
9187
1498
2386
16362
308
12963
9244
11945
3389
5382
2310
12474
2978
14553
14796
1034
11912
4791
15580
9133
2053
8440
2082
13621
8720
11806
8266
3004
14166
7756
8873
6854
4838
9368
1484
7514
10558
997
8686
11071
2825
14318
12812
8980
13849
7210
3867
16231
4658
15096
2783
10659
11561
9770
7936
14376
14330
15882
9799
5550
16541
13999
14533
16343
845
14977
5315
13415
16657
9866
12323
9155
3129
9968
2677
16177
1072
5444
10037
7829
15317
16307
4632
1706
1433
10526
5047
7312
11705
12174
8361
16227
3553
7225
13721
14123
15738
3231
5787
11013
673
12316
8612
9289
1549
16493
489
3187
12127
8394
3939
1945
1286
9744
8846
11043
9510
2445
12308
6864
9001
15140
8007
14520
4505
6307
7543
4734
743
1712
5580
201
2806
6640
4443
4633
8565
7896
2082
2021
10832
2315
6213
9489
15648
4832
7184
10634
12863
8803
9850
16753
2543
13380
561
5706
12281
15436
6383
10505
6153
6472
6609
13124
2423
9989
7742
7640
9267
5780
1869
15059
9300
8148
14393
1396
2721
7997
9181
895
14150
16418
16527
6277
1259
8108
15974
8915
2803
4084
13901
8390
4203
15278
16199
16432
5006
3745
7743
6211
860
6072
11523
12252
6586
8263
12110
3873
15898
6107
859
3869
16100
8839
6117
13709
8842
8375
2355
2055
3453
1817
4489
2782
2094
10574
14539
3171
326
5495
1811
5318
4282
4367
3337
3294
8765
12561
9997
3663
840
15196
5122
10119
5975
2166
11963
11486
10542
6194
6626
4126
3654
2984
9896
13305
14847
10820
7688
3981
10458
4965
12900
13493
9263
15472
6150
3752
3103
1230
4578
7870
12279
8458
4397
2599
8039
1083
13732
16374
10054
9955
3176
12005
1210
14145
1344
3585
8827
7793
15004
13598
2457
12146
13232
6801
6473
94
7398
2036
5040
9567
1524
9018
15956
3345
9971
12763
9465
974
16303
7438
3180
8901
16083
14402
16082
7093
9326
12228
15809
6780
15600
8721
15261
8054
11976
14136
6544
6901
3620
2956
4584
1544
12387
6679
11646
10257
7273
129
15649
15450
12786
1215
8742
3372
13427
3841
14809
3399
3253
15837
4033
6890
6503
4429
1310
13250
7029
10413
13706
10747
2157
6575
11887
12435
15496
2572
12
11923
9335
4987
9275
7643
13440
6320
7751
3584
7542
7201
9226
11605
3160
11187
10119
2163
12445
12096
10483
13996
13622
6376
902
4599
14923
3773
8136
2831
13190
8819
2010
8309
12591
11220
8584
5547
1160
5996
13231
14979
11165
3157
6639
7612
9971
3759
11501
11786
2788
8942
8306
2536
7156
145
13373
14245
15323
9117
13550
7015
1238
15345
6348
7667
12474
4568
12412
16750
12926
16293
2192
7657
4498
3360
14061
10542
3654
12143
3520
4359
7256
16224
11110
10756
719
5453
8315
13344
6098
11740
15370
12821
10600
15000
3716
12846
6174
14527
4664
10691
4204
1132
6819
4974
8989
10289
5602
716
3421
1371
10910
4967
16752
7278
6575
16742
15183
10425
3401
11395
7709
11427
1013
968
3781
16365
6104
8224
6272
6492
9135
5823
2026
11537
4743
5695
13138
15116
3853
7937
12344
4193
13566
7458
16537
14467
8640
7039
7770
13949
4587
16438
8707
8102
4226
4799
12628
3128
2563
2467
9296
8038
9751
12251
9653
6302
9236
3813
3696
4959
8078
8955
14780
4314
14430
15808
565
14082
10875
4859
1117
15734
14523
10823
10646
7674
4941
10202
9152
4572
4176
4914
8961
1440
10724
912
4757
13430
2413
13365
16129
13972
13850
11817
4064
7303
12021
8653
7835
13033
11625
15948
16431
2204
5940
3949
6634
14446
2504
15581
11807
12970
12321
3383
12758
13610
11783
11150
15440
13003
4484
5854
12852
1562
6990
13168
15153
1397
2853
8049
9010
8893
354
15222
2857
2677
3853
7581
4660
9076
13777
929
15839
13909
11820
530
6996
13447
10089
15182
4662
613
7575
9818
8309
4603
11787
14134
7753
14524
1704
7298
16691
14037
1055
8607
14619
12471
15077
16186
12796
4001
9364
4658
581
3891
15443
12752
2503
1672
14162
13746
13676
7555
1623
14288
13513
3510
1409
12665
15175
9338
14159
14868
10076
9258
15407
16774
7455
9839
10066
4364
1544
13007
5574
4954
13974
14254
1077
13570
6144
12297
1557
10040
8251
12627
4371
4824
3372
12157
12756
16670
12201
14202
15066
8042
12209
3246
3254
2238
392
512
14979
15600
9192
14619
7734
6905
6752
12641
5859
465
3107
13305
9593
2268
13866
15704
1703
16172
16030
15074
5657
10595
920
5813
3759
15818
8798
6222
10388
12395
8328
1489
8213
4054
4254
14702
823
14731
13453
11260
6857
5983
4898
15709
8229
13715
12999
9147
2730
12889
10744
6672
16342
16741
15877
11121
12629
6022
3566
16331
9901
13928
13173
16390
4046
12134
7074
12580
1436
16752
9161
6305
6202
931
13629
9823
3017
13849
2100
10033
4398
9207
4999
8895
4216
7190
11457
6130
3850
9991
4818
5084
4350
10601
15793
11920
5735
16513
6978
10540
6936
7802
11557
2161
5249
10996
3777
10243
68
11053
8059
11533
6183
14195
8091
11761
9004
15517
14417
3877
16710
10098
5631
7230
15426
14438
2007
12692
10774
5948
303
4103
13406
16701
10777
12103
1441
10772
15643
232
1636
10938
3939
514
874
15283
9315
14043
5904
13457
1885
9255
2957
6803
6881
9102
15514
3077
13502
340
6324
16248
6149
7020
8310
9195
4637
444
13460
7121
999
4975
2045
9388
7352
6793
12587
9054
14171
10556
16270
394
4685
12874
13187
5810
3802
7139
6265
277
8804
3680
6323
1570
5607
8720
9150
14101
8583
2005
5353
8304
16433
4954
5281
8009
7203
12881
5774
15049
5124
9591
1523
9942
4848
11342
16677
10698
7699
5777
13811
13684
5813
4714
10775
12942
9348
5528
7663
8703
16373
11188
4853
4570
6337
7948
6029
6594
9554
10421
5424
1522
565
6087
13429
4869
16450
7188
12794
6691
5343
12064
14439
1512
13161
6320
13978
6585
8444
15530
14926
590
11704
208
14461
15709
15026
2283
14472
2082
5278
7959
1099
7913
8202
12578
9809
502
14437
14724
3850
5142
8146
5602
13229
16185
15022
11297
2067
2938
1979
16460
2172
8799
13472
2811
3833
14464
9446
13191
13927
6355
2818
2408
213
10239
3010
16037
6799
2302
4902
16499
2030
10087
13332
12307
457
13556
7238
6854
15283
286
15092
6406
7901
7087
6725
4217
14432
5993
520
3468
4219
12938
10605
6864
1436
1032
15188
9679
3620
11032
9467
9023
12387
6022
9231
5668
9548
10117
6394
10602
905
15877
14755
16619
1311
15114
6687
9150
10946
9738
2242
2463
10599
8090
11673
8120
346
5362
10702
3277
7458
15454
13090
14684
11057
11353
3629
7988
15019
15032
10705
7906
12898
2513
15755
6771
7300
2733
635
11979
5145
9130
8242
14597
15391
9059
14714
3789
5556
16410
7836
6644
11983
222
14448
4727
6314
6004
7608
24
2630
12992
9913
5150
6075
9933
16324
13016
11746
2700
2063
16639
14609
8666
3699
14715
1145
1678
8748
10144
505
5817
3113
10592
14045
15872
9911
7337
4883
6953
13444
7115
10351
741
569
14183
7172
3132
6137
14670
4597
6497
2831
9332
11287
7378
16548
3675
3366
6194
5837
5241
11183
6202
15841
1415
5702
13612
9718
6563
14957
14569
13829
1017
12574
348
15679
13838
1057
7640
14196
13765
12901
3910
5792
11476
14077
16194
7328
2789
8076
10286
16525
3521
4951
10867
11629
3202
10988
1351
13895
394
16471
16399
12446
8207
9764
3982
10867
4067
11720
15777
13040
10549
1543
12666
16216
10010
12405
5354
15368
6928
12600
4480
5648
10703
13801
14454
6459
4342
14819
13454
6262
13009
4792
7064
4193
16629
288
9984
15403
7070
4176
10934
4235
8573
14055
14144
7804
6779
13016
4404
7194
127
6269
16067
240
10088
9356
11676
690
10982
6125
7149
14882
4047
16757
15661
8469
932
8993
28
16570
11945
8721
10998
3105
13468
509
2088
6021
15538
10949
1447
5070
13777
3610
9507
8797
5481
13091
14805
5063
10894
6080
198
5661
9746
13740
10062
3002
5440
14929
726
13014
14554
5891
4658
10738
16236
243
12954
6370
10125
13112
11999
9775
7506
5897
6430
3833
6216
16749
4395
7583
12676
8019
9712
5014
7303
7915
8500
13929
7935
16710
11072
13896
11289
16141
6496
3082
13646
5787
14255
11110
15034
10859
7576
12250
8342
12062
7863
14020
3051
5391
3850
10596
11384
5062
11170
15070
6671
5516
9685
10221
7651
10879
1381
103
10109
8028
9284
7147
1389
984
14376
3048
13004
15286
1276
8971
13016
11026
7333
16198
12668
5765
2741
14448
13411
7720
10637
9601
2586
15420
188
3460
11456
5354
15064
11771
834
16524
16267
7934
3229
5076
2472
7051
317
9120
14493
2023
393
11954
10969
12225
14341
2393
14445
7181
6462
4823
3079
2054
16301
15324
1223
15881
6372
587
8396
15252
7651
10558
14382
11312
7443
4495
6248
4624
16698
11153
8799
14021
10124
5806
2292
15729
14127
1617
7447
9671
16124
944
9130
6900
15293
8002
9396
3328
4279
2844
13571
347
8304
13932
4316
14680
3427
3869
1888
10751
9102
15806
10142
4087
6925
14832
6843
6700
12452
6439
2938
7173
12623
8850
1210
1933
14808
7615
12415
8592
8839
4184
14600
12225
3547
35
10586
519
2124
11409
2669
13927
2189
1457
5837
11098
12973
15901
11386
15538
16139
11474
12900
16235
15016
15955
13604
1743
7287
15630
1179
9639
3357
14971
4486
6624
13679
15810
15363
11742
5013
10333
13431
4565
569
2219
5953
11156
14907
3674
7125
2967
265
14227
14423
1789
9256
9106
4370
6734
8280
11378
1377
199
2591
2927
5745
10796
4238
15140
7304
2071
1231
8304
3394
667
8389
5722
8282
14155
7169
4425
8565
6481
1987
3538
3189
2384
14596
2974
3838
3086
1949
8148
3073
2684
15182
6034
5770
12824
6005
10692
6429
3420
8616
13435
6844
2304
2691
6543
10578
11213
2697
10896
3613
773
11798
8493
1599
9891
15202
8885
7705
14451
7002
1508
9818
14905
1685
1427
15090
2478
5607
2372
2044
1234
5303
2211
4201
1310
15636
4714
6587
9644
15265
1747
11598
13030
5919
6527
2737
15967
4933
13116
3195
13734
1372
8712
5538
6496
8715
6563
11474
14711
13919
15025
16283
8407
2379
13989
7202
7546
16669
7670
11297
11540
14545
202
10502
8805
1843
7783
5762
8451
5696
10008
12880
3486
4256
5987
7752
14247
16108
10482
7390
8742
10206
13118
15197
12529
6136
5771
3142
1862
10466
2364
3315
16383
16750
15700
11698
3789
15552
13963
4556
5358
13789
5972
5638
3411
4442
4800
6543
5861
9119
2389
7098
10702
7175
9134
6808
2255
5931
7491
6503
3918
16361
8754
3058
14312
10601
6272
5583
237
13494
13387
11338
7194
538
7561
14571
927
8058
12330
10028
6914
7452
8070
5424
13200
12683
5986
904
10636
2467
12613
10186
4865
16748
4757
10291
4177
1835
9819
3005
8561
4487
1112
13216
11676
2840
1153
4507
16760
1664
3180
4895
1125
7105
84
5244
8071
12511
10683
3167
11776
899
9822
9641
6312
14797
4809
4594
6278
6283
5574
11456
16408
13522
5507
11267
1200
2539
15362
7029
1573
4772
9562
14541
2694
4327
9205
16348
9340
7039
11374
5206
13461
13179
460
6054
1933
13114
15675
909
6361
5126
7725
14413
14977
673
6678
3315
7987
3520
11634
13271
9313
6227
15910
1029
7977
8618
6556
11090
13443
10200
6015
14338
6863
2775
16753
1823
8631
3863
11373
6918
7330
16281
523
5093
4402
2836
2894
10721
11525
4207
11651
8573
5422
15466
10497
4262
9859
4927
11750
3435
14558
4158
15297
768
204
4005
4158
4611
8738
1293
5885
6862
5591
15727
5764
3063
4821
188
4095
4141
15294
9387
5056
2574
14941
13496
6160
16281
16480
6002
1465
2144
16019
11990
14910
8219
221
14776
16089
3199
2611
10532
5296
12072
9557
12050
5991
11369
1279
5776
5239
13864
4709
3946
536
16082
7355
5734
8265
2909
3214
2251
11787
16109
13585
3190
7770
14042
13543
3869
7469
2873
2664
2472
2476
7641
5751
8591
5813
12542
6804
6076
5454
5808
4954
9202
16358
786
11842
16324
16545
6863
2564
10592
11753
10088
10033
12642
10150
6640
7266
7023
12631
12602
1415
15267
2132
642
609
3479
15541
13701
11811
6194
8712
1263
11959
2508
13029
7315
14319
9485
5140
595
8801
5664
10595
214
6020
873
7513
7472
9065
6629
14482
5077
9866
14654
4628
6287
10549
9824
8915
13806
5907
6911
2793
4891
14734
6730
10052
11267
2689
10804
4982
678
3183
10335
14679
13355
16345
1175
325
4684
5565
3131
6221
8764
12127
585
15164
2012
16323
4610
7806
2979
12910
14031
6492
9800
8252
10002
8987
11591
13674
11769
8097
1459
4019
889
10009
6754
15472
14610
4318
12234
6565
10285
10724
12708
10424
9295
11442
11424
4390
1598
7035
10857
6479
5327
4192
2620
6880
2939
3441
7039
6050
6132
1878
8092
1730
5028
12648
2566
15835
10107
5951
15466
4864
5431
15600
8078
16218
12611
10839
8088
3336
9586
5889
10161
11782
11547
5446
3310
8739
15452
3997
2311
8484
6779
7353
12144
1395
14632
5980
1570
3618
5723
4977
2153
8597
2279
6742
13513
12816
12220
807
16168
12821
10881
14534
9436
5895
4541
12789
3318
8470
13162
8819
2154
6678
960
3050
9871
15775
1944
12322
3803
15865
16469
11563
8746
6094
14582
9333
16516
9064
8573
10001
16241
12308
6784
3529
851
10119
16680
12318
4478
9547
6728
12154
13963
2629
14426
3166
7330
5442
14531
3250
16691
4760
13614
1061
2092
6159
8445
662
16109
6406
8617
8532
11675
9589
12603
11617
13766
15913
6884
11874
3989
1790
1363
9713
6089
1224
15160
888
15517
15215
16353
2184
7226
25
13207
2670
8764
5259
5569
11354
7723
4195
12839
4851
12213
2049
14244
5090
1520
1431
16722
263
6877
10467
9997
10784
1504
16187
1116
1088
7592
316
13661
16703
13313
7718
3187
10927
16067
4686
14085
12733
11823
6293
12276
16682
9110
6417
11819
5007
5004
4707
16138
611
5778
4610
6916
677
2818
15393
10980
7097
7339
13109
10838
4096
2760
4592
5922
8962
9759
1823
10743
5022
8221
9135
15491
9944
4414
2942
16321
3031
7037
10646
14607
6083
5749
5782
2877
16210
7053
5266
4232
1460
7298
4549
5303
6963
5383
6420
3705
16047
12203
1906
14872
16208
6500
7817
8904
2566
15541
13954
3783
1435
5045
2492
13575
68
2872
9111
4742
15840
7535
9625
11475
6413
15504
7102
16304
13753
8493
4897
9511
4515
16056
8274
16477
2972
4687
6076
2249
10069
4331
15652
15857
11315
3854
14124
2963
2677
14127
10216
9548
12492
3293
2059
3755
2126
2400
4430
13193
13183
3566
6574
12281
16100
791
1217
1215
16587
5111
6549
16701
9816
2600
12886
4181
6535
15741
3518
8318
13718
6836
1027
3908
9862
6683
10209
7159
6152
14587
6998
4769
3008
9057
8642
9385
4253
6339
13536
7357
16350
14374
10312
14252
4
12875
16721
16175
5927
14185
15281
2508
12228
5431
4010
4227
11325
6390
3667
5512
12940
1533
11649
4971
3648
10138
4180
10781
9881
8128
8842
1159
13872
10420
9992
11497
15019
15312
2455
9569
6170
2607
3263
4624
15374
6603
6747
266
11019
10999
16600
10003
2879
3271
7262
9483
11571
16492
8959
14403
15372
1958
573
1450
4997
8776
4739
5683
12840
242
8750
569
12128
3228
2940
9336
15607
13015
2377
654
3690
9018
13687
14041
3605
14681
7599
9939
5269
3046
7394
11917
14145
7575
11714
16328
7455
7315
11703
13628
7247
632
11652
7965
3332
3222
5159
3580
12826
16777
10852
5886
2402
4152
7942
13987
3737
2531
7350
4379
778
27
8487
9952
14279
12387
8795
2932
12825
11257
6889
16030
8559
5009
14446
2233
16622
3029
12129
4829
15055
3518
15296
6632
12226
10451
16527
11935
14004
15404
15819
7543
869
9265
11839
9103
11790
774
6047
13791
16613
13807
16470
10252
6191
11981
6811
665
4336
8045
2411
14292
14705
4448
8493
2650
13572
10963
9714
14132
9957
7346
10681
13270
10002
2224
8413
1964
1918
4696
3815
16420
14399
15688
7364
8775
4182
12953
7860
12416
12586
2407
12564
3066
12500
13520
45
542
16389
9472
11077
14998
5486
1950
15393
7035
15188
16010
3271
1668
8642
8026
16796
14800
15544
11778
10751
9098
13132
11386
6367
5128
8788
7238
380
11908
15708
12304
11509
8885
6928
2676
11670
7352
15970
1870
652
1447
6744
3183
11358
16418
1044
12904
12392
4015
3980
6889
600
15932
10186
15646
717
14372
15624
6814
696
13295
268
7589
11652
3652
15507
14526
10933
8478
9075
16237
9780
7588
15625
12491
9817
9501
7255
1546
10282
12871
14802
7186
9063
12864
15340
6083
7310
16355
4361
13537
3587
12912
8407
12285
3053
10365
3458
16047
4819
10098
6135
16169
6621
13317
14786
10280
11925
12930
14088
7735
11960
15952
4494
13954
7585
15993
3984
10937
7338
2850
311
13012
13145
5828
9511
11986
3943
13677
10833
14310
2574
16123
4609
304
12171
1936
10183
6885
2783
6888
1087
6255
9696
6340
12749
384
2771
6733
14252
8843
11906
9562
1007
5885
7548
9749
5169
8681
16424
8060
12443
14933
1058
7611
9193
10968
15303
12220
10937
6060
5546
11297
1501
9635
7933
7943
10224
2529
7595
15560
5476
16702
3830
3133
9751
9565
7794
2718
11460
2792
6332
6543
1548
11814
3666
7695
6463
3877
5564
14102
16625
1527
5270
7294
15159
470
10999
5431
11474
11440
800
15435
11485
7226
5167
10484
6303
4800
4903
4800
9738
3109
2489
10075
13011
12783
13118
14476
9779
13321
16325
11317
11714
15646
2715
8386
1545
11092
4274
16478
9322
1244
9163
14405
12945
9440
16201
3039
5
8999
268
8048
8566
14809
11521
8682
7567
6801
4734
9320
12426
2245
10194
15252
7584
1255
13376
6689
2196
7383
551