8191
2519
9614
918
2735
53
4664
12140
4813
7589
10141
6062
4777
10970
5757
8250
1449
2417
5934
13424
11167
11418
6212
13025
5749
8237
11394
2545
6044
4808
2880
904
820
6700
142
1875
9543
12040
14202
11330
8050
7158
5824
12382
5699
1133
2340
7440
6183
10476
791
6518
1401
10428
2021
2370
11478
13328
9134
3338
10882
7637
12360
9851
7497
1001
2348
4590
853
3149
5338
14058
10147
9446
1450
12658
7654
14050
2820
2701
257
1701
3228
3238
2178
2469
14077
5391
370
10138
5226
10016
11972
634
3186
3962
3249
3138
9423
13144
587
220
6717
2984
546
5353
1748
9692
3494
2069
1901
4322
138
1664
6868
629
11408
11052
1888
2928
12342
10557
9478
6438
10555
4287
2678
12119
12284
5393
1448
6805
4712
6348
1413
8039
497
11250
10207
10486
12743
12968
12722
4281
2709
8026
10761
9995
3773
8578
7239
11256
5145
10736
1889
13268
5419
2485
3356
7061
14179
10869
12088
2973
582
4825
8606
7666
9640
7534
14145
3630
8937
14168
4442
13402
10622
13544
8238
3014
80
328
10683
4929
4782
5745
6760
3353
8629
6187
7797
12887
13218
5860
5911
12929
8353
10421
2555
3481
1964
9746
3245
12754
1834
3665
5113
7259
8519
9591
11487
4335
612
12668
13842
4663
9656
109
6336
3346
1684
493
6477
11828
14220
12154
4788
8182
6270
8247
10131
12417
5600
1310
12907
9549
3157
1319
9879
2887
11011
4482
10384
10445
5432
12404
12927
10262
8174
10193
8105
8875
11134
2117
7967
573
4291
5802
13103
2757
11251
14109
3581
8115
7277
3503
8921
10810
1506
12029
558
12345
3797
4934
10606
4480
3701
342
1790
14247
7534
4317
1445
8867
9764
8210
7424
2604
2137
11266
3496
9716
112
8439
7369
5577
8674
6758
12623
5992
10814
7021
9853
2945
4311
7781
4430
1074
8605
3527
11301
9356
12358
10441
356
14259
206
5858
5608
4868
4819
7116
10114
4882
10321
11231
2949
5484
4589
4932
989
3945
897
13687
10176
3717
9555
4036
12836
5721
9011
5159
6958
4259
13823
7204
4571
12116
9845
10973
10315
14022
1549
10612
11776
10675
9759
13942
3827
13534
12225
9914
3563
10600
10690
3376
12290
574
8383
3161
12126
9843
3275
11195
38
1369
8119
2162
9754
3784
14194
1174
8304
10536
8223
3116
8259
5973
6247
11939
8091
5863
724
7675
5934
5405
13541
9990
2362
8764
9305
11387
2206
9010
9562
10957
12401
9015
5135
5312
6898
3565
379
1938
8709
12514
1193
6213
9076
6585
12330
7213
12719
9663
9070
3367
9955
11766
9479
5104
11055
3340
8094
1064
5476
220
12014
7891
3561
8453
4609
10153
3656
11573
3152
8320
14267
8324
10593
2637
4566
1849
14238
4670
1909
3277
6512
12245
11708
670
6239
9076
10062
13698
5055
634
285
7038
13753
4519
2288
11494
760
12244
8408
12854
13371
10828
7538
2739
10796
1718
10057
12831
5658
3461
14228
4621
10920
3903
1250
9138
1782
14097
9348
11754
13571
1151
12271
9070
14046
245
11212
4771
9497
12956
10155
13000
7251
5507
9063
10560
8942
11500
1362
3295
815
7641
12587
11264
7666
12792
13259
7589
13511
4956
12925
5254
2276
9405
12
248
9854
8888
1250
612
6810
10386
1727
192
12350
9446
13158
4957
3293
450
7181
6585
13541
13729
8309
814
8581
11595
2562
2294
10094
2709
6174
5888
14021
213
210
666
3497
13530
1574
1205
7710
11255
13106
9842
6731
12604
13542
5928
7803
2598
2963
9263
3025
11458
4235
355
9200
12480
7485
13729
6112
1904
3155
8372
6341
1190
1620
1962
3495
2737
5268
8895
9740
9341
2615
6049
3809
7505
5805
12530
7997
13417
3094
10830
5427
5514
4740
11766
13786
13070
4036
11939
4542
2008
11510
5337
757
8019
9218
10116
6234
10840
11067
8100
7073
7729
9561
7113
2889
4394
13182
2759
382
13109
4238
8726
685
6438
11641
11529
5456
12916
2999
8532
5948
8007
9173
2981
3154
7472
7785
3450
6191
6701
8545
10145
13357
1367
11212
7202
1808
3929
13079
13201
7618
1736
5847
6438
10306
1402
10444
1682
5655
10798
5265
1182
7004
1835
282
10662
4452
5442
11251
10284
2934
4947
4004
9462
9469
2967
9604
10655
5463
11555
9079
9158
600
12460
8419
12711
135
4900
7738
10822
1286
10943
9975
3830
5057
12528
1052
11744
5037
3708
10115
11878
5239
13239
10866
150
7433
2234
11831
12014
930
1397
1999
5667
10877
1853
8388
10584
510
4622
514
5875
6694
7598
11518
359
12242
135
4762
10928
1866
1805
5286
4347
6988
6559
5865
9511
1417
8614
8778
5679
6881
11327
10892
1902
11110
11431
5880
1447
13914
6217
4331
1645
442
9653
13284
9959
6300
938
13862
8059
14098
9786
1401
4037
11794
1529
10352
9275
2150
3821
4758
8862
1971
207
7490
14122
8772
9115
3007
12719
6952
7953
14282
9043
12029
10804
6989
2459
11114
7773
4031
2863
9958
11482
375
2041
12231
9895
7733
6444
4273
1217
1414
1092
7474
2108
12200
9345
1314
11246
9552
7962
2547
14108
10394
11098
4524
4588
11695
4585
13510
1090
10597
12384
4893
8852
243
7204
5067
4080
9572
12670
7879
11733
14058
11399
430
6665
7231
12846
10124
4116
999
11179
11311
2857
11966
8982
283
6598
1736
13418
14006
7838
10988
4232
3181
778
10039
6612
8528
10677
1537
8293
1227
3386
9975
8810
9111
3366
9070
7478
2603
13726
13767
12959
5862
10040
10544
8664
7168
9484
10853
431
3502
2733
6965
5486
146
9496
1942
3866
3416
5440
11240
9576
9168
14066
10411
5055
2837
12238
4755
3662
5378
1202
10288
13904
1379
9888
12216
7559
12525
1357
10983
1373
1343
5591
12668
3548
10590
3485
1289
10126
2746
11722
3523
4157
9732
11475
12137
9087
3702
4523
12266
9184
5038
5403
3480
8430
2627
7491
12889
572
8674
13840
5570
755
8749
2254
976
1757
6486
4454
13730
8357
13125
13084
8042
6731
3854
1236
6445
10424
9357
11931
11928
1567
5521
12612
2518
7532
5700
9427
5346
8888
11154
2685
11
6628
7836
6656
4973
12409
13334
9395
6864
644
10489
5321
1711
11893
4560
12303
5511
11360
10284
7742
13905
9164
4360
6826
6249
11773
6745
4825
4865
9281
7381
4103
11547
14016
10984
13387
4317
8657
5484
5632
834
12041
13306
5966
6663
3438
14089
13847
7503
798
12508
1731
11588
6670
4124
2023
5248
4597
11457
2840
16
1393
2556
5715
12479
568
1009
9147
213
9289
10304
11583
8560
839
4756
11787
9421
6216
7145
4876
14245
9991
11173
454
4140
4251
14177
12073
11496
7563
2482
6475
2746
7997
7032
11346
2244
229
5437
304
11555
6803
14183
11495
11123
11528
1195
6906
7797
5380
8918
5075
3744
7862
8171
9715
8735
6330
6278
4115
11555
11597
13573
14106
8105
10528
14208
10785
1318
1706
4276
467
12204
9627
9104
7197
6766
3170
9939
4657
13060
6661
8566
10658
11034
5323
9319
789
13359
5851
8578
10031
2097
13853
3670
5076
2816
4135
11564
3406
11892
5254
9144
2095
5685
10222
12725
6484
5670
9089
7594
11265
2885
10495
8789
2177
2317
7041
13922
5778
4638
4883
6926
3337
9647
4144
6046
10397
6676
4779
7777
12821
11692
11800
4939
1571
4199
4387
3150
12981
12186
13507
2577
11620
12178
11661
4443
1410
4586
11545
7441
8303
1344
12842
1857
7094
13929
3032
12857
13998
12809
4346
3047
9924
12289
9049
13350
1782
5404
11592
4673
4146
11349
462
7085
11099
8891
10551
1429
10663
13629
5688
6901
4096
7147
13849
6003
5288
9715
13245
376
725
1310
1827
5091
5235
2369
7105
548
13750
13062
13892
12737
9917
4044
8139
404
4436
10518
3419
2358
11497
6828
1844
10985
8146
1772
13776
4412
11665
13613
4742
8930
6236
5413
957
1582
10620
7238
13075
5237
13363
13128
8770
10653
9045
2274
2005
9775
1976
936
3477
6697
2650
7061
6890
8027
13757
10558
8466
3553
11435
12184
2495
10320
2697
12272
9826
2830
2703
657
14147
1422
7225
10356
9494
552
14270
3468
4297
1106
13000
8969
9231
8416
3089
357
6703
8259
8880
5101
3887
7828
4057
10218
7880
12655
5683
10082
23
7323
3556
8800
6338
5496
1149
236
13161
12590
6565
396
9243
9167
14145
4504
12379
669
3747
9461
13274
1522
5955
6052
5784
13651
5968
6852
2746
4443
7267
2085
2634
10418
4215
13791
13409
13304
8780
4877
49
11676
11827
13500
2704
13623
9186
1948
3429
5733
12680
2578
587
8148
8216
3106
3967
3913
1638
3545
9000
7333
9396
9983
1321
8026
5074
6619
3393
12608
5263
11080
3398
10101
8888
14254
10112
9364
6969
3741
4120
4472
2933
2838
8163
5780
1117
2366
11754
1030
12962
11952
9694
4762
7716
14112
5723
3793
12663
6605
12579
9570
10250
10169
5394
9067
12951
12084
11275
364
11096
9326
8305
13707
12648
9744
13343
12650
6242
9176
10857
10729
5199
7444
11193
11870
2921
3294
7347
5001
14106
8390
430
822
14289
783
14130
286
3485
8664
10640
6551
7085
8833
5203
2305
10204
10361
6692
4380
13353
2238
7549
10653
13825
4440
13419
1066
8128
6858
3397
4759
6630
13832
1041
4113
5266
4341
3358
10679
4251
2454
4032
3153
10245
4908
11399
12878
10699
2775
13436
3962
8294
1338
11818
5305
3036
9860
12396
7451
5413
9301
11506
4476
6031
1634
13788
296
2578
288
11402
7211
3383
4553
9879
1118
4381
12805
5790
2276
14188
3034
8886
11219
7411
13435
4814
10790
2250
13445
5000
5083
11750
9417
3538
9634
4139
8328
1498
4330
6275
3645
3468
9409
3661
12325
10848
4884
7209
6612
8246
3397
592
10966
13876
12998
7584
11235
14059
13378
6063
10399
3036
5612
7900
3543
9680
10590
243
8280
14031
5335
2528
4056
9666
10992
10481
9719
6173
10295
11615
9624
7323
14286
11964
12567
2791
14266
1543
2557
3755
9711
1524
1801
13744
8048
4047
2663
5001
1407
1675
3393
5843
11244
12620
10394
14201
3441
14030
2597
3567
9959
8618
3023
1532
10919
10613
11216
9604
4922
1944
3636
8782
6863
9290
12555
3201
11482
10301
10266
12015
10663
6592
3429
8068
3734
3048
5276
6539
12132
3722
1881
13673
5476
12544
9369
13923
5713
9065
7477
10144
11044
5268
8472
13155
760
1164
10701
10973
11142
7843
11729
5529
12304
9776
6660
9957
6091
10393
529
9673
533
9360
822
8017
4398
2166
2150
1748
5840
3276
1380
12924
1142
1302
6085
12081
10411
8059
4605
12666
12660
7334
4669
10095
4744
12123
10898
13324
7825
3930
4341
6043
549
3762
12809
3302
13923
12466
10756
1982
6334
1169
10169
2652
5570
13371
11680
11868
12044
1682
8203
9469
12699
4211
1690
4964
7154
10640
8735
3128
4585
1686
4414
1177
4857
2662
12602
10088
11106
5833
5336
5725
8967
2199
2777
9638
4160
3377
10657
6586
12076
12789
4414
5154
3664
9604
41
13579
10772
3791
941
4354
6888
4053
8018
4804
11658
10484
7917
4412
2195
10675
7345
2111
410
11627
4814
8847
8433
5764
2830
11730
9968
6432
11131
14271
9393
1907
3448
12909
3510
4294
4812
3696
12052
2377
136
11143
4380
5271
10612
1990
2081
11994
2077
8384
8908
5621
13944
4849
4116
9756
11182
10044
3235
10474
6345
851
4539
9619
11326
13665
3506
1112
11812
699
6613
2091
1703
6223
12552
2245
5719
6003
1469
3764
951
2865
10274
13410
308
10409
10000
2056
9020
6085
11652
6266
14005
5322
2165
13307
8116
7486
11922
12751
13294
3600
3174
1317
2903
2995
11155
12907
1240
8778
9553
2840
11380
8621
13635
13698
7014
3691
9654
4759
13248
8580
3595
12775
7738
9736
2284
10663
3696
348
11326
9998
6584
12605
9837
4482
5246
12418
14180
6789
3960
2641
7482
4569
8359
1210
8066
1846
13115
8481
90
2691
11618
6227
2769
5180
5711
3056
14071
3987
5445
662
3266
5116
8373
2315
13704
10542
13812
1646
3146
4017
8694
13882
8465
2070
4612
9476
13287
3790
12941
9702
7685
12447
34
3999
13074
11586
9589
8634
11640
6869
1500
7932
910
3040
7228
13465
11242
2331
13276
1056
807
7180
2780
2792
2436
10434
6310
6354
4033
7211
13247
7474
4111
6182
11134
4137
13859
5902
13056
3063
10272
5296
310
2498
4852
3022
5005
628
2343
4259
13094
3465
6882
2509
10615
13632
9901
11406
13257
8589
11960
3262
14209
694
929
766
12113
3480
2007
4063
9901
10890
7382
11630
6167
5222
12387
1402
1508
880
3527
10992
1521
3600
12106
11471
44
8672
13053
12462
2577
8481
11387
2412
1168
9838
3351
4068
12447
13278
13344
6767
13878
10796
1613
9043
10522
9018
2018
11003
6166
9709
3904
3760
1219
2788
4895
6537
4683
10432
1808
6378
3600
9625
2933
7312
8349
9891
12824
8565
3106
13361
11579
2073
471
6671
2112
3172
7870
9443
7881
4775
13649
3851
10850
1961
4105
3929
8862
4610
10465
5921
6253
11055
10377
10690
12664
10197
12865
6945
8198
3375
3914
8848
180
7416
9576
11969
5727
4378
5422
852
12563
10124
3012
3271
2880
8590
4070
7933
7554
249
5273
2550
6215
9874
11320
13672
11791
2876
10678
13069
7232
5157
12198
932
1558
257
6489
1389
12926
13919
3708
54
1412
12058
1755
9670
3929
6106
583
8785
10702
11656
3435
13226
10020
7500
4893
8566
6462
3117
3142
10477
3967
12367
6732
10788
7913
2491
494
3458
2347
6909
9573
5724
12761
7388
4645
939
12284
9626
8756
5126
5078
970
5879
1265
7974
10665
534
9540
7045
3930
3276
4625
5334
6295
487
13217
3798
4165
1548
4156
13884
3484
1582
8083
7563
6686
2602
1055
10934
956
11170
9269
6296
4120
9900
3869
11115
8390
20
4536
3134
12801
12696
13154
5331
10729
11048
3507
14200
9006
395
8056
3780
13122
5129
7
12910
11257
3603
11887
9954
4518
10023
11892
2698
11983
433
9471
3469
11444
9952
1562
6688
12292
3004
4428
8767
5495
12177
3429
4440
8694
7163
8111
12575
14228
370
14046
14169
13965
4174
11434
4768
11027
12096
5404
174
3001
4963
11631
13465
9283
4691
8170
11855
13069
13730
247
8698
96
2284
1224
11029
10578
12328
13357
9755
7131
8354
1049
10328
9888
9848
1235
4135
337
392
9528
7568
1158
5359
11854
7114
1648
3257
3598
3007
9150
8985
12153
6715
5861
2911
928
4013
7052
14245
13846
1989
12571
1803
9930
6190
418
8959
12811
7788
12308
786
9480
12312
5579
10608
8976
13876
5580
13115
507
7289
1087
7458
5800
13758
10464
9957
10525
5818
9478
7563
3164
8005
7972
2189
12935
12982
2579
7275
11087
1911
12159
6466
7674
5074
7097
1757
4685
8773
3974
2213
4192
5602
9638
8335
2903
13714
12774
12483
11763
3859
4923
930
990
9544
9802
3466
7981
5292
13033
13935
5717
1808
5651
13630
13873
848
11476
7797
2834
5077
6654
5656
1372
8249
4721
12796
3726
1109
7336
367
2502
4636
10851
9932
10414
13806
3622
3572
10152
3551
13598
7545
6537
5656
7689
2746
6948
12605
2378
12242
9983
13216
3484
6818
8690
378
11206
8930
1024
13737
5090
12146
6458
942
595
1718
3736
3573
7244
9797
1858
13741
7602
7522
8923
13218
8267
3135
9669
10305
10074
5221
3962
401
6093
4642
9476
5255
8273
8583
5623
6881
12028
10346
9831
5386
5791
7693
8909
9382
3287
9748
11463
4856
9955
8808
5869
4736
6440
4851
4521
4850
6546
7958
9083
7961
9301
7723
5158
7442
6397
3089
13089
7437
12673
11167
6152
8162
1700
8227
9230
10934
11366
5857
7391
1966
5565
15
687
50
10832
9474
14164
120
9886
11606
12916
122
7885
1419
9118
12149
3375
13140
2125
8104
262
11160
12920
4517
1207
3827
9090
1384
7173
13988
10773
2055
3497
9877
2517
11457
12038
3609
5309
1709
9242
6714
7868
13760
1149
7703
9150
4451
473
478
5087
1694
13117
4145
14208
5721
5170
1164
12841
11223
7773
13377
8730
8103
82
8255
2910
6785
6572
6291
9984
6113
10038
3091
7130
8318
7015
13949
12684
6118
4342
11793
13272
431
13390
13185
12011
12380
3492
938
3273
7962
5566
11962
7063
10980
7065
10726
1042
11209
13345
7985
7890
13094
8018
9667
9196
329
2980
624
8138
11003
433
4809
13745
10471
1991
6914
6574
6458
10671
6171
639
7810
1801
4287
8500
11894
7975
10301
2831
2282
9359
1589
9171
837
5433
1735
14007
4066
6829
13598
10685
9805
13277
6901
14200
7494
9941
5477
9128
6679
4195
2421
11742
942
9710
13290
13007
6098
5903
421
172
319
7415
4493
10827
11331
2418
14011
109
9776
6069
11691
6378
6513
9461
3231
11245
2261
1930
4834
6445
1966
5169
2398
2371
1767
5887
1242
1567
5565
768
6003
12598
6620
8582
4722
1272
1976
10192
8063
20
7208
1321
7028
5936
12457
8313
6181
11014
6404
8703
5362
2764
8151
12099
13400
7486
10234
7105
11472
140
9102
9235
3162
2256
6811
10015
13830
9554
3468
7233
515
13401
12042
9245
10307
8874
5042
10663
8671
12613
7534
11325
10700
7708
13771
3282
2083
11739
13143
3154
10959
11736
1871
2827
4640
10925
212
11765
1459
6379
6261
7154
7347
1011
342
14084
13036
9486
13601
377
2508
1557
9007
4720
1841
6085
6102
3948
6727
13438
3635
3056
8525
5666
12420
5917
9429
11029
11830
9748
2714
14060
3724
5139
10624
1218
10499
8047
3222
13704
9123
5365
4612
14257
10212
1379
4825
2647
7081
3281
5037
7550
13304
9914
10168
10012
4606
7550
11528
8221
433
7326
7830
9513
12105
11574
10239
6454
6074
7206
5867
6026
11180
7635
7722
6755
7344
4297
7017
2487
8027
13034
2473
13102
6682
6778
4027
6170
2349
2449
5697
2930
3906
2555
58
355
8702
3775
8259
9387
3906
13457
5300
884
11672
2201
2789
12230
4973
12296
5851
1763
12382
7566
11460
12296
5608
5261
12340
4590
4529
3249
1362
7920
6592
13298
11570
1674
4236
4218
5533
6321
12030
1890
7648
5130
9702
9497
4543
11844
11975
3797
4488
2
7743
12082
6872
8708
5979
1589
7828
2680
14265
2174
6710
6728
3560
4488
12016
5960
2279
7653
6627
11586
4190
2473
9242
2339
174
2988
472
9431
4334
10496
2515
9572
11061
5523
3865
5508
13330
13567
11183
10796
13829
12292
7730
9350
11111
3205
5818
9633
5293
10089
13890
3650
11469
6369
10885
8094
1493
1593
12710
10801
3084
2768
13736
6749
2617
3513
9308
3419
7175
12967
6128
11675
9845
29
2436
10881
5746
5092
3088
14099
9852
10188
12390
6099
5798
6110
8900
5352
13713
9121
13510
11686
12190
8516
7596
3540
4723
10539
10461
13195
6883
11070
6637
3659
11349
7556
3710
11554
12251
10013
1560
8628
11621
8448
7396
5193
2927
12878
10174
9468
208
8016
3085
10062
1908
3623
10767
8655
6008
4642
2542
13531
4094
13662
10191
13543
13961
3330
7317
6775
4458
10184
5618
8594
2212
9977
7464
3138
11097
11753
11391
9826
8336
3087
10424
8496
11837
8461
9178
1156
11968
7995
13854
13304
12032
2479
6593
4736
4684
645
10185
6532
10744
3918
890
11483
1530
1915
7915
4432
6376
3008
9381
1828
7260
10365
12635
9247
5652
9599
11993
6618
10970
3860
7343
12976
2207
10814
1663
10014
14194
3554
10207
6958
3038
13447
6376
7955
10225
13799
3269
9347
5489
6127
4273
11675
8053
6375
9037
3988
3794
3875
11965
2499
1966
9821
14034
12253
2344
4745
13421
877
14083
4007
11852
7737
3727
12989
8809
12786
6372
13349
4265
4903
3121
11031
9947
12244
4198
12635
10951
1554
6350
2082
1183
1143
5130
306
7360
12310
3715
3576
2239
2098
3578
1867
14149
5051
14014
1199
11414
11148
10462
439
13756
3966
8970
12290
8630
4838
250
8566
6332
12909
13767
8444
3375
1103
5067
11710
13842
9558
6868
4954
6857
11280
6703
5569
93
2621
13280
11819
294
5702
13506
11511
2826
2558
8738
12165
2383
11883
13689
94
8282
5679
11071
10369
13995
7570
2021
1318
4233
8901
1126
663
2078
8324
13793
13766
7776
4817
12804
185
315
1441
7898
12596
1927
13
4719
8148
11742
9512
3332
9726
11850
2455
7895
1550
5793
7802
13162
5750
8315
7363
6004
12329
10195
7576
11796
3014
3536
4387
6124
2973
10529
2163
8484
4737
11767
2446
4644
9456
7225
13330
4932
3076
7734
5783
3717
7670
7763
94
2971
9677
12752
10523
11908
10222
9406
13305
7020
5487
11494
14198
9105
1476
7111
2070
12674
9365
4970
13239
8979
1597
6530
13652
3842
1201
12692
779
248
4315
2951
11630
3505
7246
384
16
13251
4874
3118
586
8277
5417
13753
13022
3199
11669
12157
5751
3421
9253
7571
9715
1938
7805
5704
4027
11083
160
11932
7594
7719
6451
2389
5254
9575
1428
3082
12822
11900
10145
6871
12334
571
9332
11405
6510
9487
3315
12650
10304
2431
11216
1051
8485
7747
11525
3537
3751
10732
7889
12034
10574
7544
13203
808
480
7718
8768
610
14053
13303
14183
13283
13895
8660
3302
3056
3128
1911
4981
7837
3975
2357
1525
8909
13314
13007
4724
4455
9289
9687
12356
5517
12690
11868
1907
389
6927
3006
11680
9894
4283
7113
6133
7107
12115
8844
561
6708
5076
5347
4566
3092
5274
8021
952
8659
1915
2850
6992
7505
1763
9382
7802
4844
11873
4940
13090
2990
2014
7525
869
5059
4562
9004
9506
9661
2408
11149
1452
4922
12027
7019
3230
4372
6114
13514
5207
2098
8229
4781
12126
6676
8107
4888
1182
2154
11183
6295
3072
14123
7580
558
2477
1668
13547
2178
804
178
12481
2992
11319
4144
554
2571
7410
9250
10042
4461
205
1801
12630
713
5970
8458
5526
1183
6225
5094
4639
6389
7200
4977
12925
12714
12937
1852
5771
1484
2709
11512
7372
2636
9620
5724
2901
5221
13091
2955
9450
9707
9892
13294
8716
7448
4621
8617
8184
728
2571
4811
2077
3859
3300
499
5874
3836
12802
8396
11819
10699
6245
12766
6555
2450
1448
12881
9315
8748
12514
12934
211
7680
14080
3836
2447
9098
9358
14054
10572
1543
11844
11423
2718
4169
2650
10753
11590
7656
7369
3652
293
8576
3582
1740
7327
13783
1115
273
13010
3847
10589
1499
5626
11207
10906
5092
6817
13856
3489
2182
4492
10837
11270
3594
8045
7883
3634
5692
14232
8071
5658
12968
12967
3986
12096
13494
631
5312
9946
12853
390
5897
7260
11183
11490
4102
8689
13945
5342
3066
2790
2785
10896
2865
3419
12303
1882
9864
5280
6474
6716
7444
9888
5826
4433
1608
6065
11598
3569
7151
5342
4415
3873
805
5808
10689
12334
10222
726
8007
8802
13161
10387
10633
10166
7244
5511
10955
11019
3627
5384
11717
10615
1075
10046
12593
7940
13920
1075
7404
7039
9187
12252
14099
1937
8833
13928
6503
4759
10359
13045
5492
11925
8008
1418
7027
11251
4208
12507
2645
11354
1637
5239
843
603
13403
12436
11957
11643
12367
12549
14040
618
4145
10901
244
11538
11407
3248
2663
8308
10095
6569
13117
10028
10295
12140
1111
11982
5819
1826
11919
12268
12619
11881
13920
4182
3999
8599
13384
747
14289
620
9811
7016
782
4061
12666
13856
9573
2557
9358
8781
5211
714
12982
3030
4749
9174
9403
9072
10031
10358
3224
5303
3934
4748
10474
10306
13976
168
14125
9052
9704
5118
9594
7713
13215
6981
12718
8242
13189
10130
4939
9095
11356
1740
2131
11540
7174
10895
6794
5940
892
3424
753
11837
3584
11679
4564
7456
12115
7224
10510
13070
4627
9112
13800
2769
8932
8232
14104
9687
2199
112
3627
2649
605
4272
8538
9458
11279
10401
6687
10947
5105
1061
13521
9931
13112
13690
6023
1976
4385
10601
9618
292
2867
7718
4202
6403
13442
115
8560
13580
2873
8956
5987
13909
1291
646
1170
2868
4261
4077
9704
250
3617
337
13798
12546
1520
12867
8215
7119
5037
4899
11118
908
8796
12913
5458
13815
11139
567
4933
10257
11880
10035
6010
3718
8953
7383
9989
3986
7585
2288
8626
12993
2754
8684
6427
13529
12912
3582
10042
3147
11534
6736
10125
9967
12504
10880
12161
6583
11296
6836
7627
9141
1727
13434
4676
1405
5681
7072
4903
2314
4134
703
4638
12481
12994
14282
13362
519
12910
11759
3982
13254
3988
1609
5689
13241
13315
2293
10151
8000
8542
6940
956
14240
5650
4183
7799
7293
7619
487
545
6369
12450
7474
6835
284
1684
8227
5387
4667
8871
4530
3966
8659
4343
5060
12799
4088
1941
13575
8940
10650
5215
9435
4344
9009
6382
3373
1803
5856
3155
7247
10144
1201
418
8255
2410
9613
6014
1473
5580
2539
11778
11053
1301
7647
1975
9253
13183
13811
5962
9021
1544
4415
3844
7578
13384
11121
14243
7164
12554
4586
10248
7957
13080
2963
621
7245
2679
5394
1859
14057
10224
14047
9553
3839
12203
10585
11319
3484
3840
13334
289
10768
272
7314
8987
14184
1369
2445
4113
2464
8325
684
11244
8931
8837
9372
2905
6892
1208
1641
4466
8715
2893
8152
5805
8717
10132
3048
437
7932
8368
3775
8851
7530
10234
12227
3487
11869
1833
10814
7074
13864
8203
13987
1904
5986
5309
1631
11519
1493
9726
6826
11666
11823
6459
1052
11122
7248
5720
7802
10043
7458
11192
11853
10540
9239
528
10425
7042
11278
8479
11118
5982
5821
11325
9787
4216
13573
11135
2917
10117
10104
8308
5861
7639
7738
7232
6474
8833
4765
2659
12228
7362
10750
174
13000
13648
14276
12484
12015
7040
10615
480
5069
1103
293
10750
9584
5223
9345
4269
8070
1621
8459
4162
12452
11287
431
5261
5460
2014
153
4891
13968
1252
4602
7266
13481
4260
8208
5240
6587
2780
1277
3900
746
9924
3047
13145
8691
11478
13420
12017
12969
13819
954
10956
2872
13016
10173
5164
1677
58
2776
13700
10705
1212
6087
4035
1321
12674
1859
850
2163
6547
5605
5055
4063
9492
1057
4469
6096
13242
6805
4805
4815
7576
5791
1582
7852
417
7712
1483
4637
2495
1887
8913
2664
466
3722
14298
2692
5902
1933
13997
3434
886
9551
10844
6572
4870
836
4486
6471
11417
8790
936
2276
10227
7832
9205
13738
12904
1810
8657
29
8364
8937
6118
6736
4236
1632
7788
6823
8075
13270
11628
12499
4127
8684
2340
6795
4223
6433
4020
13457
2767
13606
3140
10951
7768
8796
8498
3040
6375
6476
7847
8379
305
1487
6829
11644
3592
5810
8948
9607
12931
3439
12564
2876
13738
4414
12612
9256
2233
10594
349
10244
8868
9371
13110
9978
4204
8955
911
1453
7887
9258
12183
8540
11753
2837
839
11601
899
6420
13360
2693
2127
11298
12902
5201
8753
13104
9217
8978
4588
12997
7338
855
6561
12151
6712
13719
8635
9063
12907
11801
5661
7177
1260
13744
10104
4808
13965
6588
12495
11523
6226
12008
9536
11226
7602
13625
5606
13413
9375
6529
7537
11168
1888
5185
4024
11738
8321
10386
7210
2097
2249
5447
2688
12460
8742
5137
11399
9732
4688
2137
4733
4483
1840
2381
9546
3130
3354
7602
12086
13900
1466
1179
315
11497
3956
12545
5348
3366
11857
8355
9801
13091
11677
9131
12193
5952
10445
5583
8653
10011
8917
4538
8285
1807
3999
6456
3509
11889
9078
4855
1652
8010
11584
6619
7179
9010
6222
5130
11736
1795
13767
12832
1374
7046
7027
5030
13097
13914
4950
12449
6555
8574
2251
9459
10400
10351
5582
6035
4088
7535
13344
8761
13950
3232
4941
4949
6894
10688
11518
11373
5803
11897
2430
10820
2615
447
7976
9385
2064
5551
8926
8087
2811
5263
3464
3678
12010
934
4638
842
554
2263
13105
12795
6316
7739
5744
8877
2493
4930
4888
6939
9766
7298
1719
4506
4429
8802
14169
3386
11836
5469
14262
8448
5564
10355
10140
10895
6560
3437
14086
13444
4207
12356
11789
12426
6573
5161
5669
3348
10603
3213
8172
2498
684
2558
10774
4406
284
6360
10637
14096
12950
108
12785
12579
9357
13091
5265
1201
7150
11760
8884
4244
8483
1526
5993
8655
4927
3742
1438
4375
7261
2016
3779
11674
6487
3583
12919
11728
642
3323
11206
907
1985
7322
12443
13926
7226
12036
827
12945
829
8599
1089
6609
3074
2015
7871
11457
5915
12331
4997
3568
10871
13407
4192
9507
7663
3415
11846
9977
629
11229
8765
7136
455
4219
4421
4212
7532
12680
13652
8431
3447
13556
11556
13303
9185
3182
9739
1368
4011
437
9267
3778
681
3204
10698
12917
2862
2630
709
6283
11930
14195
9082
3886
5917
5325
9522
1872
11821
13705
6281
1854
4805
4904
3610
8083
8390
4736
1335
7156
4286
12920
14122
9683
4665
8953
6340
8916
10194
3761
5644
445
12806
7518
888
9883
13149
1051
11565
2769
13407
5643
8053
8665
4910
8824
6390
7967
13935
4276
12848
2160
7269
13064
7380
11323
7928
504
8038
13175
3108
7460
11416
3736
12476
2090
5646
8074
12097
9292
10946
8736
1761
1172
6348
12268
8859
8409
8795
12783
6490
372
13742
10495
4756
10083
4812
12872
9147
9570
7668
8469
870
433
3238
13006
9684
7080
3010
8585
2181
7055
8984
8070
7716
7651
2878
693
4310
3654
7440
431
6252
10781
7120
505
7124
6485
11657
9945
12877
12108
10964
4566
10410
6102
12181
10826
10586
13615
7375
5237
1603
10243
2700
6160
9909
688
5376
8657
10202
6575
1687
4163
2635
9798
7340
6509
313
12493
6246
12027
12794
13148
1888
6028
4048
10047
12320
6748
6380
14081
9217
6240
697
10831
1286
8159
1894
4775
3826
8761
2083
11401
1640
5670
5993
1662
4701
5513
12212
840
35
2157
10442
4253
11810
13589
9399
8898
9177
13946
12252
11745
4166
6332
9324
8273
12895
4327
13907
12678
10401
4841
9734
14171
735
5123
6866
11314
10603
9399
13596
644
10354
3937
9990
726
11362
10760
9162
11705
5019
10337
6347
357
13498
9477
2079
5404
11152
5698
10959
9273
5195
6411
4151
5922
1097
4873
4767
2609
910
2631
1735
13022
10605
3823
12360
11166
2537
356
11345
4594
701
7231
12124
7841
8307
5987
11973
147
5690
9418
12880
2017
5918
1036
1564
931
13625
4156
6982
720
13981
12017
5593
4766
344
7230
12459
2435
6547
9181
4599
3859
1755
4972
3743
11075
8983
12656
4168
3803
2241
6410
7879
11895
11625
11553
3951
478
9405
9384
10101
1571
14097
9457
12177
12687
5815
10552
6903
9743
8801
154
10002
5307
6443
11242
12693
10385
5181
1041
2623
374
6356
9949
12305
4106
1880
8746
5557
8145
6889
9958
13602
11107
1852
4190
8427
4366
13659
5948
3926
11424
1752
205
3079
9142
485
3590
2588
11263
65
21
3136
10206
14069
1402
9876
2902
5824
4123
4744
12554
553
8454
2050
8085
2824
13037
8092
9853
12932
9313
7003
4214
3140
12597
6400
11420
1726
10339
1710
4177
2303
4438
6866
3428
9171
11479
108
6097
9158
13267
9542
7498
10892
6035
5084
3681
7958
7317
1325
10163
3433
11145
11838
9031
6146
13684
8519
2878
12968
7492
9576
14039
9538
4566
8564
4864
14283
1772
10159
8950
10140
11775
10339
11590
2464
3617
356
3358
9706
2798
12154
2145
789
6181
13164
8069
11767
4150
6106
12780
4447
10648
30
8675
4263
1094
7411
10082
2030
12245
8770
11710
7796
13099
13318
3242
7527
3767
14047
1943
1224
10481
11325
8600
11300
6553
10172
12864
787
4206
3303
1364
12561
9539
12851
9057
8212
36
6530
5614
4098
11123
13576
4246
575
2590
13242
13716
7561
3605
8041
1415
13180
5689
3645
14194
5955
10837
10684
4454
8751
11888
11448
6339
9805
6086
7499
4888
13448
10702
1347
4540
4414
9785
12360
13736
11604
13887
13232
9927
1498
12786
2602
1624
8572
7909
10492
10420
3055
3969
3870
559
2195
12354
461
1124
11579
2104
6066
8098
11002
4515
2379
2821
7324
434
5702
3895
12511
3071
13556
5860
13234
2706
6133
8477
1776
5596
4198
8198
3885
8533
8895
5423
1921
6271
2046
1303
3477
12635
152
7337
9026
6085
13094
8848
8366
240
7942
3231
4151
5029
9368
10686
6539
13624
13491
9908
14230
8387
1305
8626
12634
1910
3810
9799
7089
5305
3178
13604
2784
864
10709
2594
5910
5700
258
8929
1651
11144
12353
6245
11604
5331
2248
4504
5421
7855
6682
3091
13135
7147
7185
944
13888
11075
10617
2905
1902
9828
4793
7101
995
3439
8179
2744
666
8445
10693
12689
6282
14110
13402
13440
3076
3291
8943
3759
2736
13288
1462
12760
1246
6767
11364
11206
9368
7652
5470
7246
9721
925
12022
4531
2097
11456
2900
13575
12050
6574
234
14222
10937
4888
1754
14240
2399
11915
2972
13720
3905
3029
8605
6203
11177
551
10004
1549
6117
6528
8595
11645
2229
2446
5631
9532
10395
8402
9148
3350
8304
7566
1816
5059
12635
5989
3780
12637
11817
13967
2195
1450
8269
5928
11888
13246
8412
13915
6461
13507
12560
5755
14092
7427
7195
5535
11050
2842
4980
1025
926
12989
2816
9070
11082
8856
132
12685
536
10664
4580
13024
5689
7831
11445
7233
1658
9410
8495
6816
4475
10101
13666
2595
4967
6494
2895
2440
5158
13623
2345
5386
6840
9701
10370
9017
353
11481
11411
10049
6836
8739
1487
981
328
6373
2643
9083
4335
3029
9766
9016
1972
1796
5592
1708
4069
6897
129
5215
10315
7257
9421
770
9264
1383
10434
1039
5027
7866
12320
12260
13991
7073
10591
3203
1474
5575
7208
598
7649
9384
9136
12261
2123
9940
13392
9424
10651
1353
985
13973
7707
5621
557
1961
2646
13520
1782
1426
9279
12765
13770
13127
9399
6784
4870
3656
1033
10315
12348
9905
13189
8634
4675
13019
11686
1862
1257
9307
2176
2840
8495
13145
1943
7087
2395
193
3773
1740
9062
1294
13249
11461
3614
11181
2574
10576
1754
12482
4316
9909
4008
6334
1239
3441
8101
9273
110
863
1708
12195
8635
5091
7976
1277
1681
5527
2235
5122
9302
12057
13737
11950
10872
4968
1146
3209
7805
5426
8989
11976
251
12460
11643
13465
1095
11770
8673
9102
8508
2750
3672
7349
11556
492
1592
13789
2612
9960
2364
8509
5082
8139
6540
6170
11660
13659
4388
2405
13765
11478
8650
3585
11110
9145
11074
9667
4772
5114
5818
13812
14114
2858
7112
7264
6842
7643
9153
8372
1994
1518
14020
8637
13992
2797
9577
6130
13972
8941
7443
6718
4913
892
5989
10148
13718
12307
2912
6577
6914
3376
13975
6874
2068
8762
5279
6891
7602
4491
7582
53
21
13514
11198
6571
4174
6183
4461
9458
13374
5849
6212
5035
12869
9596
1117
868
9230
13382
2624
3259
13328
4629
4481
7074
13697
13823
2695
10307
12695
8068
3628
12240
4037
3849
14146
12344
11773
2369
1857
3885
2462
5397
6735
13085
112
8989
11594
8573
2831
9201
8885
7766
12146
9916
1225
8646
2931
12491
855
12170
1338
5502
4035
4808
12282
10432
8857
4047
8325
6768
4777
2791
1395
1933
5547
10127
10765
95
753
1179
10107
10998
4988
9929
11994
4914
8367
8441
5705
5051
8810
1474
4054
13402
12226
8882
1634
1876
2278
3456
8458
2816
5886
4421
5865
1540
942
9697
6692
12579
8657
781
6813
5117
10461
5330
11850
626
13417
7784
11145
9061
952
4871
1934
13305
10097
6459
1481
8911
10006
14242
11464
10887
1371
3443
10027
14251
5210
10768
7571
11038
8985
7090
12102
849
5087
8376
1949
9974
4287
2274
11847
13604
12524
6593
6205
10236
365
9399
4996
11241
9456
12504
3681
3235
3995
357
13414
914
7887
10346
5727
3687
2868
11656
8572
1577
600
11249
11009
11252
6458
8010
762
7108
5327
4560
10931
6218
2571
6209
10187
7526
3792
9616
12681
907
1568
4013
10879
987
6869
5336
8550
2044
734
6511
3526
5821
1716
1437
5726
1699
6025
9354
5714
5863
8131
13439
7175
6679
11021
4750
10130
6576
10300
5916
5667
10934
687
12695
11096
13465
8561
1908
5085
8979
2924
9041
3825
6563
13885
5299
1385
5788
5612
1134
9578
5749
457
498
5443
5058
781
8699
4157
8652
5182
7815
2938
6996
6322
12049
7027
12416
9224
6181
7665
1344
70
14289
12627
7174
5396
8603
6006
4113
10229
13522
11199
14163
12371
13160
1749
4791
1980
12041
11944
11652
13334
10154
8046
7507
7664
12946
1361
7913
12123
976
7277
6021
7307
11700
13811
12214
2808
1063
8682
11871
2643
5725
6763
569
8779
3668
5466
2669
3140
10924
11295
9950
7528
7780
3078
974
4672
4606
7141
7201
12401
1281
1280
2566
5581
5128
9531
474
9684
2928
9519
10432
1733
2151
1188
10780
7192
8288
5717
13333
12087
7717
13189
9274
1452
9644
12680
4704
13269
12180
5954
1446
10809
11505
6955
2068
2376
900
6492
11973
7568
9555
204
13036
12951
3302
2032
10211
9220
6779
7174
10972
2084
2180
4588
7538
13829
10863
4103
10573
7385
7511
3196
6626
9117
8569
184
7014
12437
4081
1860
1986
12814
1665
5341
6046
9374
4270
7017
9378
3796
1522
14019
4521
5258
11548
13954
12696
1849
1585
11894
6730
4229
10859
12808
14067
13417
6641
8398
12273
9454
4159
10018
7954
11973
8673
10644
5733
9489
12491
5108
1220
4167
628
2667
4203
9357
8332
12817
10276
6752
4617
10977
12467
7319
13385
12923
2046
5809
12432
2565
6109
550
10651
1529
8078
12008
8299
11461
1988
207
526
12163
2934
3151
195
13040
2012
13076
5619
5582
849
10517
6266
3992
2706
5629
13885
4461
14200
12992
9000
12267
6864
6014
3023
10466
10142
10770
2196
6826
5426
12267
254
3255
78
4275
4115
4122
12550
13737
2014
1957
8119
10209
10829
1282
10523
4634
4681
13491
3297
4854
10736
2138
10993
7672
2452
13079
5622
8416
5589
6867
9322
4555
7307
7808
3689
7804
413
1949
10226
11861
11506
5370
2388
7773
5720
5897
2681
1485
4138
8987
3043
2924
1469
12442
880
11687
7917
5910
3544
2316
3537
4220
11555
1669
11022
12065
5784
4515
51
12136
8802
11943
9749
6323
10873
10943
8603
13995
10833
13850
10472
8591
4951
8181
634
5836
2260
10875
11395
9801
11748
7673
2660
5371
3517
9163
10897
14190
12984
11010
9827
9092
4791
5645
12345
5247
10612
1816
10627
10155
3352
3784
9943
3292
702
11489
593
3516
892
9666
7554
8001
4347
12470
722
1082
10133
12228
13356
4583
4314
898
1455
5511
9127
13971
9036
2203
14089
6357
1329
215
8424
12715
12899
14245
11642
1076
11076
8016
6363
2972
9554
5272
5302
14021
1449
6384
11477
13005
4667
11668
6881
8625
6177
11
6390
7126
4549
11676
12090
11759
2682
1255
5591
10622
11832
12331
10152
8406
7862
11669
11438
7370
7775
4076
9201
10635
13341
3859
12550
5330
5591
10915
9361
4533
6914
96
4995
4604
7931
550
7692
11353
10022
9164
1967
3771
3245
12477
12692
619
5469
13484
9510
6121
4923
13502
7869
6624
11591
4438
4332
12594
4726
6446
2
6820
11097
5598
5283
13499
12971
1716
11230
12637
3598
7117
11192
6835
1777
326
9110
1240
12834
472
7207
3385
3985
10618
13160
7900
10525
8466
8745
13408
12823
525
12000
796
2345
878
1340
13561
9782
2115
12454
3096
11894
6747
8437
10980
9039
7856
10459
7928
1628
7796
7966
11459
8723
11026
555
512
2533
4068
1953
10046
7067
2572
14258
2102
10024
10049
6175
13981
2501
8964
3313
6534
366
9662
4090
13159
1789
5404
10537
8800
787
13563
3517
675
6589
9432
8033
2330
36
6731
2440
12573
2523
5770
6378
3848
12272
5921
9366
10882
3762
404
1898
11720
14233
9168
5265
14190
6425
2978
846
285
7243
7142
7309
10895
2815
7707
6242
1218
10173
3065
11424
70
5629
1707
6236
4179
3437
9264
4991
154
12683
4342
8913
598
216
6069
14031
5421
14099
12674
7806
3237
6653
10926
13988
11982
2988
12625
4524
10940
6793
14039
8760
6387
10092
8547
10028
11703
7583
5379
10200
8946
36
9865
10161
5817
11219
5690
11238
3841
991
4622
9247
4669
7061
4235
2943
1363
7957
4185
2771
451
4192
4130
12081
4005
6748
8915
4338
13191
4025
10999
5680
12653
4253
12359
9663
4509
7648
7224
523
10328
11652
16
5628
9837
5677
10790
514
2137
10529
12875
8521
1808
1216
3366
7298
4613
14124
390
11085
11311
354
10791
2901
11196
7535
10250
445
5046
11761
10399
7987
7168
4571
11564
11552
7833
4620
11511
9989
13731
370
8766
6929
1060
11056
8723
949
1071
11402
4383
12111
9246
14060
5166
13369
13074
5926
11922
10869
9486
4970
5279
13145
10860
12670
5893
1202
7368
5883
11455
3299
6043
3623
12311
7901
4601
10906
12
4545
6369
14247
14268
10901
7854
12501
9957
2917
545
12987
2895
5764
11486
14177
12285
5584
12943
11996
1805
12466
5262
11879
12204
2864
12494
2289
12101
78
12523
9938
532
3532
1982
704
6080
10056
9178
8822
1030
12273
1551
11163
10432
10795
157
9995
2798
13479
2064
10640
1490
8740
6697
965
11531
9080
186
7338
5267
2393
758
5175
992
11742
13382
1946
12829
8607
10577
13315
12199
13192
5132
4282
11735
11784
212
2949
14298
10901
1791
10113
10067
12728
5702
11345
11570
6311
11086
3950
10664
1040
12957
12087
10981
11203
11207
12891
865
3562
13604
753
4556
13522
6097
2907
2713
5776
13789
7557
9071
370
8898
1002
11177
7912
1144
3333
4179
8878
3547
10502
11774
9735
225
4382
1425
9432
12664
13052
12547
3675
1735
11584
5678
5675
12740
4331
13540
6766
3259
8834
8677
11742
12334
4253
7900
1475
186
4275
11779
10897
14153
11405
14163
13038
5849
7234
13860
10700
10885
13633
3373
5033
7741
13057
9590
14037
11239
6348
1843
4003
2192
4222
8608
12215
2485
8488
10918
9872
536
10277
2906
11766
13014
9595
5107
1505
1356
8540
3385
9074
5232
1723
4358
8385
9803
15
10415
2634
6073
13344
6460
5295
351
2466
5868
4835
6501
9951
10452
11686
9319
13260
7453
12574
11332
13320
6788
12123
6772
8230
12640
10882
9596
1243
13137
4399
4092
12970
2521
8509
9031
10115
13715
717
10887
12764
9925
110
9626
10843
3690
4904
11051
4822
6126
9691
10319
7544
5541
693
11747
10985
13280
8430
1197
2546
1558
1998
4473
3201
13232
1426
11445
11778
923
6095
7572
8223
5595
1784
2876
2014
2835
1976
10263
7531
3039
10512
7223
3544
5556
4335
13300
891
7804
7793
5648
12272
725
13538
10332
11432
478
3591
1626
2507
8643
587
2371
3507
379
6349
2863
6419
3394
8185
13293
7258
10424
6563
2759
2462
3986
7371
2877
1132
10216
4369
10925
3460
3042
6332
846
13196
8361
9263
7293
8739
12801
5675
10573
12620
12405
12305
1513
316
12244
3962
3196
11472
10260
13704
14287
10802
1873
8275
9902
3710
12035
4488
9474
1700
13101
4100
7343
8486
13074
12174
2971
4939
9298
13072
1763
4049
2348
4401
1869
4883
10848
11445
12507
7386
2880
748
9257
461
1570
2663
6638
818
7415
6261
10985
2553
2404
1314
7068
1893
11336
2652
8692
4436
5626
1867
8333
10250
920
1765
857
6574
13741
328
13971
3059
13089
2861
8197
13804
13190
942
5103
6624
7681
8911
3923
3133
12324
9134
13487
8674
738
12491
10942
10926
2072
1495
4770
10031
6589
10109
9916
3804
11546
8364
5166
13994
4783
4683
5677
11676
10233
4669
645
3298
6412
12847
2400
3530
10638
7050
1400
3488
5667
8390
8568
8885
7725
729
1842
13424
5940
10028
11749
11590
5235
7717
1439
2160
6353
14026
981
7860
10447
4370
5763
14214
7285
1625
12333
11884
6400
8093
11050
9248
8571
13637
3180
8566
12570
11767
13380
9454
12899
4413
1911
9979
7879
12757
13718
12563
11127
10926
3068
13957
6588
4380
3884
9275
7476
5374
388
8567
4831
12464
3972
5511
7085
8375
10000
5808
4752
4138
6230
370
3521
1240
8676
7777
3766
13452
5627
4841
10467
2688
10936
5542
11714
9093
13131
13014
12239
10296
8833
10493
4668
1441
1618
2517
7186
13237
264
4055
3579
3732
6510
4084
11984
8473
11509
13863
877
9214
7135
2435
741
7098
10789
1350
9226
3076
10517
7421
8575
13811
2941
932
4159
8359
2975
12717
9860
6521
13941
5778
8760
3729
5384
4975
10491
12377
4972
11142
13171
10668
13973
14124
11818
13046
1415
1991
2692
11530
6756
4083
12461
8902
9964
1050
13026
3687
2805
11083
1180
6568
1446
4158
3430
8711
1020
9055
10008
3903
13602
4509
2901
13661
3496
1370
3385
2960
4085
3144
1996
1443
14191
9946
2335
1617
9087
10934
12137
2419
12308
326
7566
8577
6550
13234
13829
4117
13272
13661
4203
8259
976
4281
3327
10333
3777
2222
10377
4715
4517
13966
9652
4549
3428
6054
12716
5518
13746
3736
1834
2137
880
13017
12041
13314
10466
3825
6602
958
4465
229
1056
1283
10251
10366
4694
7511
14060
366
3848
11120
10905
2650
553
2088
10676
12636
12362
1184
5364
13456
14261
7233
2598
3166
2292
7685
9110
4986
7575
12295
5544
5284
2212
4277
7780
13723
3805
765
2959
9074
8594
6815
8548
3102
10211
4645
7753
5682
12289
8556
13340
5849
10126
8345
8084
12316
10741
8063
1476
1990
4530
9271
11429
12575
11259
2505
6884
10620
536
6424
4040
12989
11743
9181
13394
9516
7391
4664
4903
3953
11435
12363
13106
11713
2787
9952
7952
11236
816
12797
4218
712
10618
12021
6751
3225
5973
8706
7075
13742
946
8167
4563
1944
6974
1919
14005
6245
10653
11793
11075
2567
9385
6696
7788
3282
8385
6399
3109
7470
12151
2235
13122
13999
11256
4375
499
7350
4833
1660
12158
6659
12821
9979
12663
5119
7874
10979
14230
438
3358
3763
8189
10893
11559
437
11340
6043
2096
5217
9974
4240
10252
12653
1754
6791
1096
10877
4303
5830
11497
6280
4558
7922
10548
11587
6773
12509
2464
2042
13415
7564
10682
7899
6223
10049
12615
13206
3036
494
8828
4474
10901
4704
2757
8308
10981
1743
6461
3792
11926
13973
2233
10519
4297
12004
9040
6107
6547
7172
1597
10770
5371
4809
1170
3587
5100
10172
11564
13077
11286
5935
2902
2252
1310
1565
14085
5789
8763
289
8495
8763
6438
8393
4072
3934
3823
4712
5110
429
3918
8780
2959
12949
8186
11198
10248
603
13494
5019
10238
8781
7836
5117
6110
12452
11664
9440
10990
7540
5187
6439
3212
13017
10787
2591
6212
13864
337
6893
9772
2953
11702
295
1743
3712
10419
9212
9836
687
530
2240
13785
9086
8762
6817
8770
8032
1107
172
13441
2268
13220
5593
3327
916
8118
3715
31
850
9227
3639
13635
11846
685
5516
6847
11275
6366
9078
9314
4885
8749
6881
12599
8847
13556
12411
12573
10493
1086
172
8043
4215
9279
9782
11173
2406
7298
3480
6302
8304
482
9619
13652
7393
1097
13202
136
2982
5789
4287
7102
8211
11277
1388
8371
14014
8944
8020
9473
1651
1639
5440
5661
8695
13287
2737
165
8651
8541
6401
8210
8037
11250
4634
8113
2858
10452
1836
1884
10126
4920
9847
3461
10062
4642
10979
2533
3864
5704
11829
2590
9518
10422
12087
12666
6150
13499
13341
4203
2503
12155
13497
1147
5142
1207
10899
8690
1540
13908
2623
8277
13696
13813
14136
428
6432
1024
9833
10598
7778
7573
5032
12256
10426
11340
2218
6397
399
2641
11912
767
3878
5660
478
5048
7648
11201
5429
2316
1482
3428
7228
9693
1896
11052
11001
481
7883
10202
770
8303
8106
899
10860
2237
12514
13523
7466
6184
3615
9305
14037
11739
5633
3770
1114
5622
4223
8347
9736
4517
10774
4008
1030
1866
1294
1028
1302
5032
464
1974
1969
1445
4869
10904
8982
13042
2593
8217
10342
1891
11014
6861
3691
11439
12564
4243
12932
3570
475
7555
9417
14085
1266
3820
8282
12089
7317
12165
3452
14218
10479
5707
14166
11484
9933
13936
7292
12554
10559
284
6516
11443
11428
5181
4824
6738
4390
4641
1815
11079
12210
6518
92
4841
4515
3563
13968
5144
9714
4997
11900
10182
10566
14175
1573
1238
7451
12407
57
8940
9256
7244
14244
2488
8000
6325
10458
8661
4873
548
10103
12319
10672
10285
13768
568
6430
4550
13341
5544
6271
4350
1645
11424
13290
11909
1070
8279
12851
14170
1773
13957
8221
5509
5157
3000
3547
2686
4163
2468
7482
5315
5302
1236
2856
83
12543
6124
10515
7022
9664
879
5742
4761
9526
13690
14192
13010
6029
9184
8557
1472
4799
5519
9119
4161
8335
5955
1208
86
10993
8557
3672
9149
13677
12965
8963
454
6661
6551
4797
10088
5245
8270
1336
5724
6435
989
1419
13241
1010
1262
181
12306
9452
8578
12086
10169
10058
7973
11945
11818
4658
9041
390
1700
11577
10683
12999
4546
2889
9641
9317
9843
2253
9396
10999
3941
7728
9506
5865
9146
7376
10728
9863
14249
2825
4158
12298
4358
11082
10693
1816
8482
5765
13509
7687
7227
10517
11876
2816
6427
6957
4356
7346
1904
7860
9493
13582
13281
2889
3780
11962
10976
9814
6223
3186
4479
10099
6211
6462
13065
6695
6839
13848
7327
11708
6716
5843
10135
7455
9443
7152
3252
6083
7368
712
10383
1172
6447
12843
12293
13336
7075
749
12732
5812
9930
11427
7326
862
2237
2800
6591
5240
1833
12085
1865
4172
3338
13630
8119
1499
12260
8246
2520
6580
5060
10345
1185
9516
12007
9746
1772
3501
374
11838
4091
2042
13710
4013
8954
6877
13756
9001
4044
13700
3534
13733
2692
5930
9668
3410
2306
13774
3927
4561
9549
6231
13806
417
6401
8221
7030
13591
13987
2734
992
4884
12444
4168
11818
11753
925
3253
6700
6307
4429
13131
11806
1443
7493
11821
8203
6148
4582
12313
5687
9763
11886
9673
3337
12779
12227
6016
13819
2440
3894
12744
9487
4115
8397
4398
4390
776
12693
12548
4001
12195
5116
4365
7099
2664
7224
6576
8762
2093
2547
9946
7328
11447
12043
5393
3187
5315
13441
10749
4278
14230
8597
6217
10300
12212
8499
12495
5509
12604
2281
7204
12094
10415
9241
1977
8200
768
2258
1765
9291
5991
2747
634
5778
6968
12057
9824
7566
3122
13625
6932
3402
13115
12532
4560
7395
14232
11485
2614
7779
5013
695
12306
11187
12299
12056
12962
9729
13411
12941
10458
3269
9257
5817
13941
7743
4252
12485
2626
9010
4360
12108
7801
4528
3020
9510
7593
9567
7788
12504
10069
13998
8743
7969
10410
3639
7767
1530
13170
7937
2613
14256
11366
12738
9897
11650
9039
1334
7387
11139
5673
5449
2099
5090
5026
4982
1223
12058
5711
5164
889
68
13293
3458
1308
3568
2209
11092
676
1968
7704
9243
13317
3028
1867
3845
5800
685
9834
4374
13928
9668
11950
5848
5221
11005
7108
10592
8663
7045
9491
13590
5181
1597
947
10762
13628
8473
5478
2706
1407
11018
6788
13788
9661
8638
12424
2002
579
3315
8418
11347
3080
6416
10157
9116
6448
11211
4234
9697
13741
7125
1854
3824
3191
7898
8676
3671
5010
10896
4500
178
1233
8521
8564
10075
5481
61
5990
69
13842
11986
10240
13816
12159
10060
4918
12615
6188
4869
10651
4439
1750
7886
2277
3082
11448
7780
4297
10481
4597
6433
2094
6565
9816
5794
58
3571
10294
11932
8404
9989
10780
8247
634
12539
5027
5613
7608
3453
1901
10077
13329
11766
6401
3625
13412
10058
6192
9798
12792
6136
2723
8029
7247
3327
5570
12137
8021
12164
8064
9919
4108
10340
2160
6943
2731
12417
12712
12139
5483
9452
11126
12025
166
3670
5802
771
8321
3587
3519
4936
11662
1304
2766
1477
4844
10862
2431
9808
3965
5800
6284
6732
8212
3892
4479
1203
1599
4272
14148
13381
9416
555
4796
9688
12500
14060
4929
6906
12127
1363
2525
7456
7778
13306
2704
829
5431
1751
10915
9464
8672
10036
8833
2552
2254
9121
8868
3913
11852
7395
12047
12939
14167
328
11254
8540
10894
8932
7147
11733
12979
4157
4639
9192
6688
11295
8234
343
11006
12972
9729
4501
12574
12415
8682
3242
8781
588
11385
4163
6049
3955
3046
4585
9153
5076
628
10409
7783
677
4353
4605
8454
13780
7838
2652
8215
6322
13824
12841
4706
7381
6562
6704
12351
12493
14005
12622
6659
12495
7945
9471
10873
9361
8265
10465
10337
12233
833
7600
3785
4952
13
3180
5333
10883
140
8346
2301
12072
4098
5578
6431
5713
813
6157
7976
13289
10261
4516
5074
8172
5321
9792
1340
339
9798
3002
6537
1142
715
5388
10592
4459
9938
1123
13913
5742
7036
8705
1698
2933
1821
904
5859
12177
3667
9359
9907
14299
8074
4670
12758
11657
1477
12993
13858
1336
6523
11829
2414
10779
11409
14218
7834
11911
6557
99
7942
5923
5714
5286
7784
7757
18
4620
6531
12499
2556
12597
7268
7529
10037
4921
3137
2145
10359
9705
11665
13106
215
2666
9202
4953
5886
966
9988
7437
7083
4241
10837
8170
13560
1794
3701
7317
10468
599
145
531
409
7098
9197
3439
13503
11810
10212
13612
846
7494
5076
9887
10003
13048
12154
8506
9009
5489
8805
12169
11040
5375
1454
11422
2851
8822
3075
13727
1588
1026
5721
9031
6390
14081
4669
8875
12760
5749
4429
13362
8516
1283
11779
13586
738
3801
6222
14010
709
11213
6044
788
6310
9046
13146
10881
8193
8013
13763
9528
12995
10341
9978
11848
14205
5353
1235
12714
640
9713
7219
5397
10594
9813
10941
8484
6386
6368
12512
5701
13706
11807
8818
2817
10333
13208
3549
7866
4319
3173
7561
4288
3856
12898
12006
9163
12866
2153
4737
1014
11179
2799
3316
8308
3296
7972
2218
2816
2787
5655
13184
6777
6133
9598
11238
9052
10221
5029
2071
6716
2350
5996
12357
10523
5909
2274
13448
8424
7941
808
9521
12847
12105
1489
431
5183
6747
11159
3858
7527
12294
6995
3119
1891
8793
4455
9017
5115
13888
9663
3623
8878
8592
3531
4490
4075
10933
4012
9326
13961
1323
4195
5256
8671
3123
3132
14145
10271
12368
14156
1084
2688
8345
13550
10014
4280
12165
12934
10973
8401
2286
841
5009
2356
5496
11367
5423
11339
2836
12469
1000
3526
13886
11474
13846
10639
3299
11672
7186
281
3841
9749
11954
5059
2862
2309
1119
1920
13978
4699
12148
4064
13460
12247
14050
9138
11179
13606
4282
6667
804
4195
11979
11768
6805
13558
4662
491
12626
2875
2733
10970
7269
7806
10076
12546
3363
14100
12720
5859
4119
9014
230
1372
10471
14016
782
2680
4281
5665
3883
7351
3596
2923
3443
2660
5988
12899
5273
7376
11174
1787
7688
3098
8430
12674
9757
4621
9593
11413
10935
6715
5269
432
5889
7132
5375
14116
4585
315
9172
4846
1475
9686
8086
14074
8692
1879
4009
323
8375
465
11976
7476
3980
6716
5543
11821
13948
4888
6431
11606
5838
4572
4502
10947
2618
12405
7340
2583
5123
2584
12746
4998
14123
11209
3608
5403
457
613
3938
11046
7822
9929
6718
4447
6126
12832
7342
4610
11113
10048
6692
12287
12830
2006
12970
7626
1343
4098
3662
12668
10872
9482
1019
2723
9319
10638
6450
12962
406
88
6770
5918
2769
1577
4001
5023
12772
10589
4928
975
10390
13181
2331
1459
10062
13037
13110
8343
6218
8395
6798
8018
3712
6931
3515
2206
8487
11338
1868
4004
5164
13723
620
1726
4913
2058
10992
3330
3491
11906
10134
2247
1051
8041
7874
7049
12551
3990
7544
3041
10905
6314
3802
11291
5350
8571
11729
11380
1939
12756
4207
7380
13520
8555
12957
3990
9238
13201
8870
3931
7939
13045
6020
11021
8165
5131
10681
1911
4562
239
9969
6160
13935
11984
5806
8873
2070
3404
13287
2836
13469
6873
5066
11847
2448
3170
14219
11388
6441
13838
7518
3331
5339
13141
9367
10439
4701
449
4372
585
13215
6
4203
2900
11858
11027
5891
10359
3259
13381
10288
8350
10870
10969
9803
476
6195
1690
4149
443
6229
2018
5259
2613
1395
578
3805
7768
11986
2224
4886
14172
6418
2046
1306
10998
11920
14015
13475
845
9265
8265
3135
12235
5092
9871
8932
6857
886
5121
2210
12063
7803
11848
12800
4990
3611
85
6363
8674
5926
13989
8554
6655
252
3984
9576
2562
5728
11442
11412
10003
5341
1593
9448
10775
3746
9858
5041
12303
10756
3813
13772
1760
3453
12716
2242
4039
7870
5073
9932
14064
3420
4550
2252
8484
5832
13692
10455
4384
10789
12297
1992
7622
11964
12644
1328
3105
14010
2209
9553
14105
11478
7052
10935
3277
11086
572
5970
5229
8348
836
6716
8197
6180
5785
7034
3431
6248
5261
3383
5907
7868
4054
8358
9768
13634
5316
10861
9942
11909
7642
1648
8583
12174
958
961
8156
8880
4928
6027
13307
3842
5627
11326
10344
6602
8320
13019
1556
6864
4815
4003
3827
556
9502
12491
10264
13465
6377
11122
10723
10659
12328
5260
12471
12753
5008
225
3990
839
8084
11769
10379
13102
2546
13066
7735
5519
1894
13631
8780
13014
6440
12368
7114
2605
14108
4229
1490
6245
1353
13772
7756
2646
592
4486
8710
3952
9648
7738
5986
1955
579
10524
10701
7649
4556
13628
9850
3359
7010
4522
6691
14042
8150
2985
9849
3706
10261
1324
13635
9120
9808
3147
8339
11412
6526
8917
2031
1368
8874
5675
10990
14180
12182
10831
1450
8436
12579
2747
1960
8448
12668
12123
7587
11070
13950
2196
4402
9298
10640
3884
860
2275
468
8508
12021
8578
9269
4347
6901
3041
2996
11125
8132
2338
10715
12697
11471
5856
358
3270
9336
10901
8368
12719
7770
6004
8484
3350
10901
4004
832
12426
4173
5481
11535
5377
5496
13344
11463
12343
4554
12449
7710
4481
9564
5428
10014
7277
2793
10700
12670
8342
942
5280
6798
10727
11038
1782
3078
8451
5960
10823
2441
10399
10369
533
5858
8104
4802
13014
12199
465
1845
10636
11744
7091
4385
2352
9625
4719
4537
7411
13081
5450
12863
11539
6590
900
5287
10099
1397
5951
12301
7636
7177
3091
10416
3286
2800
12190
8309
3171
2391
5450
2754
2260
3330
12560
12600
3878
3124
13265
5597
4428
3639
9907
10876
1793
4242
7807
9728
3566
11891
2755
1319
8935
5455
1953
6204
5240
8748
4148
12284
7333
9516
5171
3533
2204
13810
7725
555
13456
12633
12927
6399
9851
9283
6815
8216
11552
526
10289
14119
9952
8428
4207
3746
5558
8973
14175
8833
11234
12249
7547
10063
3046
2670
8210
172
3350
8496
3127
8011
10534
13381
6324
10398
2681
893
827
7807
6467
1821
9620
11290
7069
13663
13418
1854
3465
1758
1742
7774
13704
8609
9749
11537
3123
6361
878
1899
1131
5633
5016
7358
14176
2897
1776
10636
7640
12755
2596
2004
13449
9071
7879
9927
4010
893
4739
8074
11700
13409
3184
1303
9413
2957
6750
4260
13386
14071
1998
7543
11338
3198
11239
10067
10041
9509
655
5385
1430
13080
8159
13049
6405
8273
2919
4321
13554
12506
3624
3842
7974
4088
1408
8181
8850
4043
6135
11999
5659
189
10902
10133
7958
10211
13119
10518
292
6764
1521
13814
998
9638
8927
9311
12230
11404
8611
10193
14270
11097
521
8695
3326
13779
8993
12330
7198
3758
9497
7436
12029
7671
3377
13969
527
4136
8747
1699
11020
5751
4678
6439
10118
12451
13064
12083
5635
858
12568
2281
363
3816
6970
861
274
13928
8643
6860
12605
9570
4586
13619
4020
4834
6859
12430
10483
4647
10109
963
3603
10745
12895
10534
13616
4678
2598
9184
12548
6785
5444
6788
3823
11729
4307
5903
11867
6336
3928
4064
1869
7998
7532
517
13529
6595
1128
9048
3436
1006
12609
9356
7702
6675
5990
5107
5161
4907
2254
4869
10155
11038
12898
13249
2732
9638
12940
4323
50
8245
7286
6823
983
3426
10264
6483
12616
4759
7842
10881
5377
8337
7802
4514
7911
12628
5579
12086
5428
10526
9156
4398
6474
2073
2838
8513
9433
13714
2480
12405
7702
2931
7775
12132
3073
5227
4943
6214
11225
7702
7910
2841
13659
11094
12419
10159
2963
11834
5836
4780
7336
12665
7270
9965
13893
967
3645
10334
10089
11170
9565
1186
12880
4289
4462
1237
11901
8342
12233
4687
11111
8005
141
12660
8301
7763
2608
2991
5225
3157
25
2636
13106
1160
9526
3990
9944
5405
7542
9775
8263
9369
1822
8705
10097
10760
584
7264
2785
3805
2321
11347
9448
13946
7735
13451
6765
6124
2520
12524
11342
7322
562
4991
4141
8711
8350
8714
13176
13132
9454
2372
7511
6992
2596
696
8637
7833
5152
848
792
3779
2787
676
11172
9142
4315
8952
8548
2523
2749
12516
3721
10270
9534
12339
1562
12455
602
3926
4395
11304
5646
3443
1564
6916
7681
6694
2306
4985
723
11744
938
1597
9657
5575
9504
12801
7909
4019
1650
2969
10311
1401
6761
4532
4125
5448
644
1458
9109
13716
3697
6382
10329
5593
1847
5217
9113
13544
2842
3202
8409
10528
11462
7458
669
11726
720
12173
6898
6637
11971
5664
4120
12316
1927
2985
13069
12821
4551
12533
2222
5183
9033
2419
7761
7316
520
1296
4183
11492
1470
1630
10118
9115
7433
4622
872
2284
3841
11641
399
8938
2597
550
13278
8567
12393
4212
5140
2778
10192
11865
1803
9076
9550
13035
7884
3870
774
3325
5435
1860
9124
10759
13383
5601
14186
6134
12021
5236
1402
8703
5662
7149
4020
12722
12545
8990
13868
9599
12079
13284
10625
11462
10494
6607
11036
13523
11185
8682
5892
6400
13061
4131
1778
10732
8260
10522
5586
13358
11238
13951
8165
4684
9797
553
11967
368
5124
10737
8122
3281
8701
8473
9688
8705
7536
11903
8307
5472
53
8339
12178
9224
5774
7972
3718
353
9868
11180
959
4785
12707
9304
12259
3240
3294
11862
11480
7383
12298
11226
12408
9783
2416
7219
741
11231
7734
5386
10226
737
9196
12008
13536
42
9063
3109
6080
13816
6973
6508
1687
5982
4326
8019
8464
10063
7575
5139
13724
1309
4221
12862
2362
4502
5983
8667
6734
7349
8396
10440
10647
13670
12279
9777
4468
2267
2659
5880
6410
6925
1818
4751
5318
9751
12342
5499
8032
8664
2811
9661
13248
4726
14272
729
7513
3624
8595
2543
11678
9150
10310
11701
13708
7139
1741
9018
6797
5732
9849
749
7119
9314
5702
2096
5174
10761
2972
4356
11941
376
1291
10179
2879
13913
10123
1181
8483
8713
4416
11183
12481
10183
5494
6727
12531
6369
7118
3784
1237
9875
7633
4185
555
8089
10030
5663
14069
11552
4109
6417
6351
8441
1852
11300
12417
1562
5078
10885
8041
475
7806
7603
2690
7990
1144
9441
7579
11198
2013
5286
9929
4132
7070
676
8852
2064
8734
3358
3471
13494
13863
5672
4116
11488
13967
3121
7214
7139
7723
10271
3758
1969
3864
13867
13232
13002
9661
13948
12848
1306
8759
12995
13289
11338
7815
3953
8839
13985
11464
588
2367
10157
913
4043
2844
11037
7542
4508
2652
6150
2276
721
11202
12074
1045
12447
4786
9961
4091
9171
1207
17
8478
13181
1279
3198
9141
13818
12253
6850
5427
10244
1856
10533
8596
3410
12204
12917
4812
3097
2736
1588
5124
8143
5753
4781
7636
11955
2518
4319
3338
3183
11312
750
11905
3729
9273
1731
757
9730
8896
9482
12772
6463
2321
4421
6719
1468
2979
12
1738
8486
13220
8070
6353
2338
12956
8704
6684
12568
2862
3308
5669
5045
1438
8005
10945
5345
1144
10009
13990
12437
13382
5869
6702
9986
3767
12410
8510
12998
5237
3796
9747
13205
1762
8070
7485
10584
13499
8932
658
11402
1342
7799
1477
1061
12248
589
13017
13161
9812
913
6092
4124
8224
10790
13907
13969
13772
1743
12811
10991
7063
10203
10615
10256
4381
9306
13033
9609
10240
7464
4648
11737
13010
3127
7609
7937
2675
12858
2416
1397
4156
6907
329
4847
12018
12769
7302
10401
1043
9408
1131
867
9332
5507
13753
11381
4994
14195
8892
13427
1741
4208
9420
5229
2970
13650
2818
462
13743
10593
9797
10502
6091
2172
11784
5721
12325
7466
13934
6174
11721
9341
711
12432
3993
5704
3014
10134
6821
2205
5733
9871
9846
12181
6809
6791
8704
5742
10935
6141
10989
11083
3421
6399
9304
14060
12915
7925
4510
5061
4409
7349
6279
9888
4869
9444
9992
3288
3281
6718
5886
13068
6456
4170
613
2677
5743
1914
2832
6271
3594
6387
4517
7390
8844
2250
11678
10728
5848
6820
12473
13996
569
2402
13075
8350
6313
699
885
9806
11080
9375
9979
10378
5242
362
1337
4799
3784
11092
7386
5097
14244
5957
3458
2162
1934
10150
13114
10862
4720
13899
9184
2984
7558
7215
2185
8111
699
7615
3720
7410
11367
953
12836
5677
2901
5425
633
12610
157
11553
3989
7836
1046
13943
8265
9603
4647
743
9422
1972
900
9338
524
5110
14222
11381
12570
425
3332
9945
2549
335
10981
5777
11131
5192
2762
9228
1420
10339
11598
6418
8110
3799
7854
7385
9568
12312
6815
8064
3363
10197
2252
1017
11093
12166
12004
9061
10304
7844
13296
4963
9235
1872
10155
9053
2974
1995
12747
11999
10423
9009
6222
6185
2335
659
6002
3193
6166
6709
38
4763
4509
3212
5371
10127
453
13639
13127
11229
7577
2624
5950
9905
6934
1422
2028
8236
9040
1260
7146
11275
9278
13787
1389
10321
14073
11875
5053
14297
12951
3451
5450
5591
5838
2380
10676
9531
9636
7726
3859
9147
3161
8805
6551
12049
1031
6242
10709
12499
10058
5769
8753
3366
6861
347
5188
979
263
5801
13159
13513
6972
1469
12972
5935
3721
3637
3114
5188
9934
7601
7092
7254
3325
8433
4211
8903
1339
4720
53
13359
6006
6185
13368
7013
5467
5917
1038
4866
1133
12507
6084
11485
12243
7307
13991
2263
5014
13647
6624
5621
5399
4858
2854
1758
6454
2178
471
12729
10298
3018
3502
11563
4552
11479
9256
6406
9082
10496
10020
5963
7923
4075
10488
11181
7143
14129
2618
5177
5
7756
9191
11646
1589
3738
1213
2783
730
2918
1266
3450
8747
10791
11565
3607
8351
5350
11572
12928
1243
11983
1407
12734
5560
3374
9934
1339
10401
2095
1840
2644
13076
10445
3701
13276
7140
9726
12525
11297
6032
1083
3012
10190
8451
4405
10072
5398
13072
91
11147
14214
12427
3484
12363
13916
11188
3249
571
1377
2007
8345
5272
3405
9006
2911
12481
6656
6300
5308
6302
12367
1765
2734
761
2427
6373
12238
5894
12996
5646
7860
7897
4915
14276
6081
6123
8892
2318
3262
4123
11175
7455
12541
9245
7374
1544
10093
9242
6149
5421
13769
13117
13369
3792
13302
9521
6273
7477
10457
535
4277
5558
6174
14205
4787
2409
5168
2240
10295
846
11472
2917
12228
12432
3310
6189
10654
604
506
4500
12479
13480
8840
14002
10487
8982
7338
8433
13480
5479
9867
11858
5569
7776
6569
6794
8283
6212
11987
2937
1667
5083
3899
146
11616
5683
2862
14190
2640
14103
3452
5756
9939
6788
10325
1746
2087
3901
5087
10108
5502
9430
4707
13518
137
1932
13811
97
6668
1777
8931
12038
9840
6238
114
10310
8368
10342
11652
4184
3468
11409
178
3169
12668
12137
1137
9634
3247
10597
6560
9621
6194
515
6571
604
12014
7632
7890
8907
6174
14102
12416
4512
1879
1589
6679
8261
8039
180
4454
5730
11254
4775
5821
7755
11905
10737
5475
2737
1221
12880
2895
12754
10118
9142
641
4299
9613
14082
8070
1100
2940
12739
1321
11364
11000
13947
3276
10130
3971
6093
12636
13011
1391
6662
10433
1158
8410
12587
7807
7930
7595
797
6671
13098
9705
12145
11195
9660
5210
8020
2240
2008
5330
232
2374
7702
2295
2330
13206
13743
4038
8910
11092
13253
7375
4955
5698
403
10189
4287
6488
4636
9049
10215
11957
11154
12686
8032
7390
1083
8138
7006
5528
3244
1391
836
81
11023
9666
12860
3967
7671
1316
14001
13269
11452
2341
10184
7254
1077
10554
7742
7647
4818
12458
7243
9784
12090
865
1705
105
7214
6884
8297
10309
2754
10543
955
5115
4591
13893
6157
4890
8630
6902
7173
7614
5574
750
1316
7411
537
10503
9100
13587
130
7969
11960
2898
748
1759
11973
3418
6980
3220
7261
8913
1904
5618
10681
6410
3452
8277
13412
10953
785
12589
12950
1396
13251
4769
57
11125
391
2051
11247
7751
2370
3704
10513
3567
14183
12106
9969
6422
13591
11721
114
3126
4048
11957
11566
3381
3023
3299
916
10819
12450
13073
879
2746
4698
13474
815
7267
12353
13758
12324
5329
1494
6155
1372
11399
8150
6814
12366
5028
5461
13675
12548
6609
7600
790
5997
11416
11164
11666
5268
9331
602
4768
2414
220
2439
1011
5308
745
10602
1588
3316
4425
9084
1474
8475
8186
1141
12346
10144
4380
1341
3500
2249
11846
4529
11134
10712
6078
11910
2495
10120
5284
6152
12410
12910
3454
442
11819
13709
13283
8938
10054
1675
1781
658
10175
11431
1113
781
1066
8446
7963
8097
500
22
11348
13680
11723
12679
1117
5071
7986
9837
6722
8711
10195
5415
2631
9677
14075
8628
11412
9430
8715
6368
4141
8851
11758
5580
7228
13460
6867
11254
3934
3827
8118
12266
6966
7504
2828
9904
14150
5116
4361
9013
13796
2069
5035
4590
3790
311
12336
3117
4741
3178
1854
11133
13724
8232
4956
7613
9125
10245
11652
4310
2066
13323
12093
2644
345
9212
2559
13452
8692
531
13159
2721
14042
13595
1537
2344
817
207
1361
1365
11137
3048
5255
8806
4039
3788
7166
4751
3295
13013
8916
9959
5620
6197
10153
10850
11161
13765
5383
5893
7607
6493
8170
10267
12261
5202
9058
10854
6863
2864
9650
10402
351
10335
12596
11794
12437
9816
5189
6433
3962
2662
7813
8790
11030
1327
8545
14269
8386
8237
2019
11802
624
8068
3531
8369
8687
10190
3718
12943
9089
13870
5522
10613
8601
10021
5358
657
10623
7215
12276
860
477
1912
3637
5556
5518
2672
3828
4697
1023
2367
4624
1572
5976
4884
8807
12220
14020
4956
8799
4265
12716
2068
1566
12375
12933
11505
13856
7787
3623
13644
710
5396
6967
12832
10690
6562
3436
13684
4056
9629
12602
683
13388
9076
1541
3614
4612
1292
12229
1604
3123
2440
6196
7251
2054
7108
873
11970
2573
1856
2843
1557
4872
10175
10032
1759
9748
5179
6761
10357
3397
13538
13417
6475
5911
10819
10910
13322
3361
8821
11215
12066
9379
266
2702
14227
2534
8736
2515
3307
7464
12375
7636
4768
5840
8479
3656
944
1696
2833
13516
11354
6982
5396
3645
4285
2359
2022
7947
12589
9063
11062
7767
1241
4797
11625
4099
10414
9049
9941
2278
4012
2913
4466
12956
656
8596
2689
10635
11752
3861
9072
10436
2686
3088
7524
3698
4120
13897
9205
7640
3094
9710
308
244
210
381
3119
375
5519
3218
10178
3795
10358
7058
12681
13570
8190
5871
12692
13839
1090
3651
1677
3333
1612
4289
9039
6323
10959
9394
13113
5625
6570
3119
8388
11034
1843
12624
1974
4374
12221
12873
13612
5030
9454
2749
3014
13859
9640
2831
3266
3252
11898
9892
9746
7460
627
13027
6667
4061
10789
13651
14245
13956
8907
1365
7679
14092
4246
14126
9652
9140
12236
5261
4808
9693
13302
7254
6637
1921
2903
8725
10590
8346
10764
3228
9414
11572
3536
3664
11783
10357
3242
2244
6049
9549
12784
7768
1315
8050
3715
13513
3613
5247
7180
3198
4446
13358
5592
1154
3142
4985
4121
13410
3434
9933
13300
2731
9903
4964
9140
9292
7223
81
476
8738
1309
884
2305
12471
1884
6687
964
872
4074
9145
2538
8175
8467
14271
2394
10477
6261
12993
10145
9961
9257
11362
13219
8527
8153
9100
6757
3245
3924
6576
2681
4010
11733
3541
7223
8641
13666
6772
12635
6370
8093
12143
12296
1842
11068
10580
10739
13460
4075
174
7267
8320
6728
6784
11736
7633
4524
3008
5949
11837
11096
3159
838
12517
8406
4793
10087
7973
1317
12180
7555
14085
1115
13792
904
1008
6190
13871
11098
4068
13034
2569
12768
607
10720
5358
6848
8178
6018
394
1738
930
5394
470
4346
10474
13770
544
7143
2989
12565
3525
3651
13511
13056
1194
8808
5003
5730
1971
7183
10678
11087
399
9119
5194
10642
4031
1355
11274
4143
9610
10838
1099
925
13571
5361
6814
5998
6448
9287
5696
3735
4179
4706
6628
5811
1195
14028
10280
10145
8061
1999
8270
1733
2156
12958
3097
11508
12307
1526
3998
5499
11343
229
2853
114
3573
4527
2532
11950
114
9801
627
12211
3560
12298
995
3252
9916
1089
735
6398
11757
12284
8431
5706
8534
8472
13957
1845
13990
1448
6246
59
12984
4955
12999
8264
3491
10484
7595
4747
2529
11297
13211
3993
637
5938
8
5586
12353
9041
4426
12851
9284
12240
8374
6403
9119
6122
13332
739
9730
1848
2870
2022
4133
1593
3081
11561
4220
5108
625
5785
14242
615
1567
11134
1653
6051
5323
5957
5931
7250
6757
9180
7253
4608
13412
12589
12930
14121
7521
10481
2662
12552
6792
6272
6649
11176
4787
3947
2299
2412
8859
4759
2072
10049
10106
5602
5765
2727
8139
5755
3419
2694
1276
9992
1719
5982
7192
1244
13001
14063
10186
4988
5536
9917
5451
12474
906
10867
10104
5309
12102
11293
6745
13970
1392
7075
10138
5021
2374
3049
13381
13606
4396
12176
13160
1382
12462
1610
7385
3777
2321
9551
466
492
9698
8203
11917
1185
1101
2552
648
6922
1230
9104
7051
12356
11385
12299
11015
6819
9345
1713
8590
12594
4542
8404
10731
1941
3705
5115
2805
9287
13666
3491
6954
6645
987
11357
12050
13192
4592
11095
11206
8127
3200
9775
5708
11539
11102
2161
5783
11378
13509
4049
1730
5215
9626
6597
9120
13704
6848
6003
3401
6187
7111
137
10059
3566
2729
10783
11502
10134
7454
9584
12082
12080
5255
12456
11123
4276
4725
1835
10572
4022
247
11113
4851
7900
9853
6582
3680
5637
10965
10772
2228
12782
3712
6224
11033
12058
13405
5342
8144
8182
9789
910
3380
1063
5236
9383
5244
12178
7617
6636
12675
12440
4634
2322
661
6671
14118
12303
2447
5136
9087
11015
6537
14196
13196
7821
1750
13639
722
1505
7567
1129
5591
11415
9673
6677
11969
13376
10064
10579
5208
7320
7066
12512
11988
8633
12384
11487
3887
13897
5634
3019
1774
5304
13680
13184
13965
4155
9671
2985
11073
6558
645
8158
8846
10406
13973
6255
10022
12998
12968
2926
5966
818
13490
13638
3240
2947
13478
8826
12542
13057
11636
12509
10795
5870
13614
865
11125
5487
436
12606
4864
2107
1622
6010
1982
309
10449
1598
13088
8915
14243
4229
8200
11846
10183
12104
8279
12191
1360
6537
1725
6319
410
5659
9625
5929
13901
3608
650
6271
3481
4877
11180
5521
9149
2364
5739
12699
1061
11544
8295
9373
9378
2563
5657
2420
1726
2523
7377
8345
4805
2474
9424
7920
2044
11356
1391
4969
7398
7537
13987
2864
13575
14256
6772
9655
2030
12335
2715
1519
10951
2776
5693
1976
3341
10329
11273
13587
5790
5324
2727
788
6940
4698
3359
4884
11593
894
6235
4501
6641
12536
8749
4316
1091
2752
7130
5983
1015
11997
7006
12793
13495
91
10158
4149
2672
3091
11823
2902
8575
6837
530
2187
1997
2849
3354
2273
6145
2029
6121
888
10349
5719
11598
4255
11771
1808
1186
5323
9002
14284
451
993
9199
2160
3600
6806
5581
4704
967
200
904
1839
10435
6021
608
1308
11003
4556
3263
9232
13845
7035
9945
2913
5567
8136
3933
7573
12733
7089
5902
9306
7881
1524
4173
8952
8962
4112
429
3545
9154
10169
979
4634
9364
12259
7367
9539
14266
1344
2779
8030
12223
6483
1301
549
8888
4711
5596
11927
12098
4694
7467
9359
4417
10041
11971
6404
632
113
8423
2005
896
13132
2074
12263
7268
12966
1043
10105
229
10102
4565
3353
5606
4088
11973
2070
8798
7451
4477
11562
9672
11021
3118
6513
7920
9839
10363
4050
7767
3608
8658
12326
7157
9866
5400
2036
978
9961
1717
4173
8247
376
3657
12138
12371
13847
9489
7335
3445
2300
10211
6331
9135
11482
2377
6205
9164
11182
12613
2546
10927
10697
12079
6674
6204
9556
3509
2553
13944
1188
11296
3108
12284
1919
12943
4589
13752
7440
14088
7984
438
1758
2713
1322
13090
5958
1828
11850
87
9720
3663
434
12920
6469
12835
3668
7296
3996
605
10459
10320
9806
10332
13742
5592
10129
3040
815
14168
9710
1487
10146
1309
2501
11562
2488
5367
6071
9104
5759
6917
458
6114
8153
180
9238
522
1922
10082
2246
8477
12271
11040
7215
11290
12420
6767
1056
8941
1781
10443
4672
1281
13204
2086
3757
6711
4500
12766
12346
3381
1404
1875
12863
11584
12746
13099
1925
7183
1190
6357
2260
4258
5733
12227
6123
10873
2105
12694
11152
8233
9025
3511
7741
13662
1884
7811
7734
12195
2165
9898
13970
2529
1216
1098
9464
3343
2131
8086
13963
3239
2995
9692
8660
2140
13013
11358
13753
495
3318
6686
8558
10620
9081
7505
1921
333
12419
3403
527
10565
1007
14161
1080
10475
2019
1735
11790
148
13838
4193
1829
10381
4128
14122
7029
2573
12120
3715
7900
7326
11928
8190
3260
907
9633
7618
2620
5733
1190
4265
9759
8987
12645
10132
13035
13590
3880
792
13317
12803
12986
10304
11252
11898
9861
5840
12609
11489
10702
5395
12529
7317
90
3341
9321
5017
13481
5253
7977
11472
2729
13799
1648
3315
774
10446
11347
10137
1176
9796
3250
2413
1915
10937
12801
8656
7489
13915
7175
12222
2870
1120
8745
6025
1869
8490
10438
11062
4434
97
2785
8814
10054
1128
6367
9563
7690
4585
4955
2263
8667
10060
7812
134
9280
6007
13597
11661
3655
6712
8648
7777
5913
4952
9067
14291
12252
13506
4198
2763
7980
1027
11781
2698
6929
2570
6262
1172
5233
8588
2892
8073
3173
10358
12196
9772
5094
3368
4484
3720
14105
2520
9299
1070
14107
1062
7335
10566
6014
6156
11496
5329
415
1294
5454
9233
5077
4447
1175
1524
752
11416
3918
12881
6833
660
11584
6834
9756
993
9892
12697
5823
7465
720
1630
5815
6558
1557
11703
2276
2218
59
8881
7673
9536
12390
8517
4947
10533
7305
12239
9777
8622
5594
7325
6646
10454
2450
5903
343
3196
11916
1698
10583
2256
5471
5709
3090
6959
12250
6779
701
2232
11597
9106
12861
1834
3967
1855
3717
181
7016
3821
5783
10613
11737
10253
6537
5654
1677
533
7553
5283
704
4804
5334
9554
12615
3054
4718
5548
2149
4717
2398
1302
8994
3476
8155
7852
7725
11848
10905
2822
13247
8209
11245
365
7315
10199
10266
4366
12433
11758
3787
11821
11490
7461
1336
7966
2704
1882
9687
3292
7808
7752
9776
11883
7987
3772
8439
5642
10740
1415
1020
4887
13033
11088
2345
4469
14093
386
5440
3731
5811
12562
11582
6520
14180
5764
13806
718
4805
6741
990
1575
816
3081
2605
7898
4368
1240
12441
6208
7045
5123
13925
5885
12707
9819
12862
12267
951
435
1605
9552
12945
8520
2450
14116
5865
1478
12802
6919
4912
11919
10041
5994
12951
12758
9693
6672
7408
9549
4207
6699
9350
7882
9086
14183
5537
10930
879
2927
1105
4981
12498
6150
12924
3682
11013
5838
9136
5943
8138
13727
4094
2876
5205
10435
6694
1300
12188
10465
7018
10181
13339
10368
925
13839
12377
6661
386
5184
2645
13235
3186
1634
3790
12736
3365
1500
1486
9422
6201
8074
5528
6817
9604
11716
10821
12527
6425
2904
290
6270
3199
965
13167
10603
11403
4110
4499
4912
4933
3752
249
13266
11712
8406
5466
5681
5690
2247
4733
4905
6183
6500
1002
7358
7626
3775
11943
13182
3811
7481
10581
603
3374
3349
2625
3217
5989
4360
9442
7151
5118
7471
4988
2701
4754
3470
7407
12979
5840
9997
5128
2832
7957
5362
4599
5107
3702
12564
5546
3876
10894
9286
3851
5720
4760
13836
535
12925
12768
6203
14221
14272
3706
6460
11965
821
9218
9838
1721
433
9852
11003
2326
5633
2273
9926
8659
7291
6885
12675
6272
7963
13554
7604
5686
6036
13432
12236
7163
1936
2583
12325
1431
11953
4898
2122
13779
4808
11013
764
11942
6443
13568
301
8266
9452
3239
10714
1525
4984
5671
11437
1644
2020
13692
224
7622
9808
13734
6944
3414
7747
13801
4470
2492
7979
1506
4900
5021
4164
268
3235
2018
11421
7816
6508
4358
5569
2650
5286
555
5346
10480
8657
9644
8526
11686
316
13039
4316
11396
9676
10781
378
9240
13849
5267
12614
6501
6922
5449
8480
8761
13954
2603
14271
5355
11207
11398
3786
6330
5152
13380
2235
2483
2771
12395
2894
12526
10942
7424
7738
8210
6661
1387
4435
1730
5574
13929
8865
12384
6169
12764
4488
9338
11183
14001
8279
13100
11027
3350
262
12999
2163
9129
13744
11634
6051
1222
3681
7831
2821
9529
10376
3340
9991
1184
5336
4383
13179
9141
2311
1882
8455
7543
13843
1021
5792
6542
8722
12731
8883
10872
8973
5559
13922
10584
824
7327
5346
6690
13666
4690
10925
4794
4129
5792
2314
3084
7116
11472
4155
1807
9643
3018
5747
12902
13556
13670
12294
8703
8573
10807
1818
7147
7
8463
9955
8375
1944
10646
9920
10867
4749
1409
171
4957
4002
13871
2749
3425
1693
1650
3776
6390
13924
11402
3022
5454
2466
13172
3267
8582
951
813
12850
7374
3562
9043
4046
1896
7446
11876
4216
5761
10894
8424
10925
2789
397
12818
635
8426
7088
8629
4609
10497
7143
4866
10620
11236
6778
12340
10485
10645
7909
4869
11592
1105
12996
257
9633
9043
2288
11268
7173
5618
5695
653
5491
339
11878
2350
11256
9995
5716
11348
5781
8128
5928
4964
14067
13702
4726
9104
12801
10918
9555
3706
10221
8208
6998
9253
12143
3882
1158
3467
10112
11446
457
8829
14230
2350
3766
731
6114
11762
1509
2483
5751
331
3267
6227
5229
5310
4523
7414
2610
5704
6027
644
7517
10963
10032
13619
1369
12512
2054
3662
4531
10902
6218
2541
13651
7701
10885
7838
1510
14231
4911
5146
5111
10702
349
2457
6029
3825
901
168
6160
11900
12296
3313
14009
11744
8739
13477
1039
5278
2311
1106
9217
1134
2715
10425
4202
2603
5455
13377
8257
3465
5548
4857
13723
9232
1528
50
1173
372
4082
6548
11179
7915
1488
14005
8485
10944
8751
523
9824
10323
8773
4875
6763
5392
11146
8275
11289
7945
6119
4346
9602
5855
1903
5357
11356
3084
13527
10743
8521
12162
13101
8974
2435
540
13319
7394
9903
233
268
11572
7445
5597
13020
6433
4955
13966
4875
2776
5914
12476
12389
10730
2099
1279
12445
1084
12468
9564
2055
11900
4876
6037
1701
10387
9966
4645
12791
12609
11551
703
3580
7625
3441
2922
464
12667
12764
10836
14112
892
1501
6940
3939
3628
29
9411
2898
4738
8641
2443
10794
3053
13246
6359
2057
1759
12145
2029
5919
5690
5615
2911
12824
14177
2863
12243
14275
13612
8509
2352
2903
7758
9403
10785
8596
5907
3095
8078
4176
3074
12707
2154
4676
6345
13991
8360
11317
8896
6552
2991
5931
5583
6042
7443
8233
13804
1097
372
12251
7403
7722
4525
1696
6460
2409
7438
14167
4527
10426
3328
3958
625
5508
10557
6473
435
10438
1913
9182
11424
46
5524
313
1448
1095
9212
609
6782
13805
8179
12827
8247
553
9550
8158
9277
5191
6640
7254
687
1589
12184
6884
5451
2050
741
2662
989
3175
4897
4639
11753
9211
8138
2765
7360
1769
8982
212
5753
1130
10829
7406
68
5241
6411
13411
5855
11395
396
13844
8257
12842
11191
448
6125
4459
3189
2109
11328
12857
2493
4594
4967
9843
2966
13958
12714
14205
4492
4523
14102
7331
3412
8451
2438
1961
7783
2681
5692
5335
13776
227
1356
8339
11670
1844
3008
661
10205
13465
9525
8318
1428
927
3837
5711
10256
624
10996
9613
9913
9362
3667
4956
9195
1816
13419
2849
12867
13415
13623
11437
7374
1892
3280
6394
9500
2633
3472
13848
5604
4738
10575
5370
8360
667
5443
1071
11840
1925
7787
2491
8030
12087
2349
5234
5558
6971
7680
11184
2627
13803
11771
9281
12818
13154
8461
9836
10905
4399
5989
13919
127
4083
13259
7268
10234
493
7772
657
10448
8816
7562
8205
13438
3705
7473
10630
6100
13094
12518
8833
12657
12705
11264
3249
8341
8255
5725
12461
1388
12761
11850
2218
4451
258
5694
5901
6808
13362
10915
580
8696
6210
12244
10810
12229
13099
7902
7728
8766
1857
558
8961
2783
8800
10771
12893
13585
129
3148
7857
9986
6528
8793
3049
7739
7577
10766
2216
6914
13822
5254
2913
13777
2949
1072
737
8186
10868
12373
8286
6662
186
11628
4897
8242
13467
4818
10212
2403
9142
11168
9509
8449
9354
7186
463
9008
8454
7606
3631
5617
489
5672
5890
13770
9962
12962
2721
6342
4908
11778
11622
8366
6696
8599
4806
13495
7139
10281
5668
7646
7031
11252
9484
4119
2173
4200
12906
3209
992
4516
2526
11182
1537
248
3798
3064
9211
3313
6386
13677
13752
13663
4732
3245
4219
14006
7688
4038
9275
6912
1744
9798
7778
2545
13255
4259
8919
6457
9543
6558
9386
12836
6475
8794
9579
8904
8472
12187
5428
10033
2885
5700
7737
6546
11712
1607
4047
2121
841
11634
1414
2548
6850
407
4379
611
13053
2073
7827
14253
14039
11351
9243
8737
14254
9921
13679
12087
9071
4894
1043
6552
12095
1740
9390
8326
2966
11765
13123
4417
3591
882
14028
5310
8981
5417
8315
5045
8840
1818
12354
3395
12871
6129
8210
4062
13726
1725
13749
12356
7164
13732
10891
5617
119
3143
11829
3179
3819
9522
1649
538
1668
5204
319
9370
2758
9730
5562
12616
10562
4781
10734
1811
4043
729
6053
9522
3273
6687
4067
11816
2235
5284
7612
14288
11909
12930
9619
11206
13175
9024
4874
1469
8416
7221
3102
9226
6792
4793
7744
7865
11906
12534
11611
11936
10331
2143
1111
8848
9255
10214
11402
12606
12753
5295
3533
5499
4594
3837
3498
7694
6422
7781
4065
9930
13256
1073
5751
13680
2407
8357
7509
9949
12130
13473
2184
8799
9416
728
13945
4499
4470
11015
10723
10432
9417
3414
5335
5947
6871
193
10248
9065
13771
5249
10923
13954
3100
7301
7818
9248
1842
9214
6237
11144
14135
9183
9749
13461
14242
13005
13281
2561
5390
4758
12623
6853
1406
2121
6460
14210
5864
6185
10846
12656
7469
8673
8814
8275
12814
3109
5076
10216
14291
9155
11313
8816
6933
354
6695
2759
229
2050
5935
7518
1221
4220
4564
13988
12927
8038
12437
9886
638
8388
7093
4743
1012
11559
9006
2789
6946
9210
12724
3206
3236
13225
12106
14262
8156
13512
4746
2481
6084
6772
3019
2312
4712
518
13920
12062
4294
5022
323
13236
1899
5404
5437
1770
8965
10029
10123
2730
5954
11421
14179
1402
3114
1641
4901
7209
8498
14240
7112
13733
10248
563