1686
10332
8994
7365
6921
9107
8783
8486
10204
10417
10051
2749
10555
7747
3943
7164
1908
3465
7489
5999
11607
7023
5578
10522
11843
4280
9131
11243
3227
6027
4669
4000
6770
14152
377
11101
8683
2163
3302
3071
1112
962
8657
4911
13325
11089
2622
10121
2628
7710
3128
6088
13042
8136
12891
14112
11255
4003
13037
13993
1731
14510
8001
7944
5919
6365
3422
7770
681
10904
11379
9030
3706
5909
2260
3086
9408
2186
13506
3581
1886
3193
10860
897
11677
14679
7949
2018
12738
2976
10376
6465
6813
1143
5772
13866
7530
8053
6417
7196
13814
1303
250
2201
14547
4538
4461
9153
5301
12455
12732
6749
5392
5482
10667
9635
9511
12413
7159
8320
2235
4222
12398
14646
14287
4333
1984
44
13883
12078
11754
7321
13183
7427
4050
9704
3913
12286
910
8204
11846
5677
8339
6638
13136
3343
8615
14783
5778
9331
12719
9948
437
3577
1590
8682
10772
6360
9786
12455
2290
11667
5984
1043
444
556
6755
14516
14229
207
10578
10903
13756
4541
7062
2101
8039
6066
5772
1192
11645
7507
14268
9720
8897
10145
8342
6345
7602
731
4137
8136
3358
5297
186
7038
11178
13061
112
12267
9150
7428
14665
3852
7228
3683
12464
112
7224
13425
5
11821
9676
1853
10560
7610
5574
13185
1805
3235
7912
9087
6601
14205
7437
11765
814
9842
4509
7237
2316
9129
5897
4827
11109
8306
14969
9275
4432
8136
8611
14467
1408
8765
8054
5756
5988
5582
10316
4714
10457
6801
5022
4543
668
13194
14920
6698
6507
4428
4482
3124
1166
1045
10740
7083
13349
7025
6136
5560
13206
91
10870
4284
8416
13185
11994
4716
3109
13838
13522
888
5644
10061
1522
5466
14761
6713
8652
4307
3150
11410
1285
777
13162
14934
3927
8232
7189
10469
8730
4567
104
4732
12227
13576
14781
10976
514
15075
9143
5935
6986
5107
8198
13484
10128
13522
11259
12289
11151
369
969
7293
1672
4160
5264
9448
11375
14322
759
10682
13371
1854
8227
8213
8314
8917
7591
9883
4355
14656
3860
10137
13307
8774
5405
8690
3227
3357
4611
5003
4497
1625
6148
13190
7258
5043
8835
9204
12151
6741
4246
1857
1209
2845
3709
8109
12910
2042
8312
10101
9389
4638
7848
6382
12392
12474
5390
2552
1113
6109
9923
257
5306
166
13054
2831
11970
14023
4982
14171
14283
10236
8130
4550
3885
7521
8654
14649
4226
11392
13564
4042
7450
10394
5268
4834
9426
3026
7199
12256
3158
1181
14332
11692
14021
870
10811
5103
9643
2808
14069
12352
7479
11405
10956
10857
4659
13313
14799
1520
10071
2243
7209
1267
6408
11771
2340
6553
1381
14757
3120
12049
1420
10082
3322
7358
2363
5584
4011
10365
8309
7945
13210
6515
6823
6603
8310
7368
1416
852
1619
10750
2176
5313
4270
7116
4984
10499
4177
937
14804
11503
7102
7880
11232
6112
10711
2249
6464
10694
14292
11207
4223
10942
12044
11342
574
13811
814
6091
13170
9431
1547
8179
14054
42
8429
12320
3435
7339
1688
5672
8235
2809
12200
9491
14545
7903
6358
14981
1557
716
2484
2271
13011
6036
10566
13909
13585
11984
9702
8057
959
1074
14961
1775
2122
6166
5077
6737
7100
1988
5074
5299
11640
3459
13045
13468
9291
5664
4081
2128
14583
425
977
6467
6775
9630
14831
10350
6737
3354
3091
1059
10811
5401
5951
346
4471
10363
6904
12085
3815
14171
669
10079
13021
9808
4162
8987
396
8005
118
3941
2123
4974
3318
12639
9122
5881
8637
8602
1183
11092
8247
3
460
7768
1503
1051
8365
8516
13482
8631
1
8711
13824
12405
12601
10176
11578
9304
8317
13310
589
10840
10421
9007
14799
1761
4518
10592
3621
13105
6536
3877
11938
1966
12671
10505
815
6689
1190
8293
7134
3209
3658
2040
12655
8577
13924
12565
7082
14402
4888
7786
1952
9816
7992
3741
4252
14851
12601
6652
8892
5661
3377
5517
1770
4881
6272
12358
4764
2969
6242
1132
5885
13032
509
5232
10032
1556
5541
2330
4197
12768
3210
14270
3000
13260
2910
7099
5231
5752
11074
12739
12318
7163
3056
3078
2784
13192
7155
13337
2105
2026
12710
457
4038
8277
7419
12589
10291
798
8162
781
10894
6613
697
7442
11416
930
1055
8699
10269
2445
4062
3934
1290
3679
6813
14035
10939
9639
5480
417
8361
5097
12227
5716
11669
3127
4209
8861
6415
13066
12774
1135
6100
11170
13603
8241
12657
13570
12109
3258
10747
1157
6927
12421
12524
15059
12774
8038
7980
11011
11354
13353
5973
11836
5380
11962
5002
11660
554
2545
13256
2099
12239
9231
9033
14487
9075
5177
7781
11246
11411
5907
8860
2245
12772
589
10052
5746
4123
11056
12938
12123
2764
3681
7329
8808
14332
14141
10224
8261
12876
7497
6474
14618
1676
7007
3138
13280
9421
521
1815
12507
14396
11914
4402
10826
6850
9574
13700
7085
13338
4904
8233
6694
8942
9098
5036
11717
4461
9314
10713
4244
3369
14964
7918
6905
13207
3529
9973
10486
4621
8968
11267
13630
5400
10466
7107
4449
7804
12503
5866
4690
8532
9687
1347
705
8000
8006
9105
9983
7339
4536
2898
3311
11856
13547
12992
10041
8225
11656
7961
5514
8630
6255
14397
5333
10552
509
6060
6113
3001
5230
337
8451
4304
2314
10767
2637
7270
14566
4948
1225
10574
3408
14174
1356
192
1636
14571
5403
9080
3443
1335
8457
10600
13613
14149
9851
9830
3805
8037
6472
315
721
10671
2486
6699
6027
11263
11087
9017
2985
5918
3061
8942
5274
10021
8979
12261
14290
4046
4436
10631
5027
1803
10871
2813
12874
14309
13683
6341
13335
10176
15037
2048
13596
10946
11680
2158
12857
443
13902
14336
1985
5128
7021
11553
12185
13061
2751
457
8562
8146
10971
11748
10262
14487
7341
11146
2366
6377
11601
8823
5596
4966
9446
2599
8255
9774
11782
4739
7490
7509
6845
3609
13062
5062
3400
661
7815
631
532
13534
14220
3228
8505
14196
14326
6172
4568
2739
9823
14448
6405
4597
6933
12057
7571
13780
12073
1659
12685
7438
4005
7289
3918
8740
14134
2629
6551
5923
1057
3935
8416
9667
9340
413
2610
9243
3238
1208
6595
8828
8494
10361
6223
8886
11184
14487
1657
6064
8552
10012
3731
7802
801
6495
3843
10934
13403
10474
4707
13583
7175
12636
4158
12355
12857
3705
3443
11648
13244
398
14967
14513
3719
1518
7820
14788
3022
13379
4189
653
30
15039
9612
897
2575
767
12030
12619
3285
10465
2001
9896
13927
7067
242
9554
13323
11607
8548
6939
7355
14629
7537
9019
9687
11409
10402
5432
4180
13891
7822
10626
1002
9941
3676
13417
10842
9040
12615
2275
8003
10017
13548
14981
13963
473
8555
9028
11796
3935
3130
13322
7883
9248
5062
12806
10280
8302
14362
4757
5315
4430
9555
3954
11287
4589
4429
2665
11646
2758
10482
7162
9668
6617
6830
3740
11846
12012
11089
310
2608
11632
2103
12025
9423
11321
14830
11004
14664
10486
3286
14091
6464
4473
4531
10267
14885
420
6926
5457
2437
12689
11624
13185
841
7581
13513
13862
13350
6614
3537
1323
14906
3656
3219
2793
5899
8718
12755
10420
8270
1957
878
13267
6812
2294
12452
5514
12881
14764
12152
7816
12290
8305
3497
14662
3497
6953
7934
897
11936
4512
5395
14841
428
8510
1217
10189
10670
10672
14024
5913
3330
9148
11266
5705
3953
9192
4454
5083
5981
14106
5001
14079
2288
9591
5715
4744
345
11094
12160
38
3925
9981
13503
12829
7
11233
4859
8270
7888
11175
10788
1006
11330
5224
683
5689
4318
6846
5478
10788
10625
9465
14320
8682
5614
15050
3365
11867
1539
6694
1620
5433
9469
10342
2018
10402
11457
2639
11610
3404
3390
652
3098
9922
6706
12127
11639
872
13735
9740
1153
14066
6990
6207
4783
14455
10038
7176
8588
5649
2597
9626
9997
7958
8332
3449
8929
6753
4011
12651
5864
14908
3963
2948
3402
8978
11832
12785
7706
5479
11313
254
6320
9955
6011
7239
14289
10301
11907
8938
7161
14272
11343
11705
5403
9366
3511
137
101
12780
11928
1240
6288
9797
1202
6148
7276
6537
10763
12361
3771
3646
11978
9374
3250
2330
3600
13329
8759
13754
8093
1289
6079
7456
2157
2886
9568
9927
1616
1678
1799
10330
747
1178
6262
9150
10451
12157
3987
8195
4620
6508
13899
1102
1326
4410
1384
211
8918
2259
7709
5898
8510
13685
2372
9619
6714
7729
5268
12629
1021
7931
4390
14805
4242
6236
5308
11770
2091
151
8763
687
4770
2922
13497
14139
8739
862
13527
1632
4762
888
696
7088
1626
6133
5662
482
12793
8429
11555
890
682
753
3249
13970
1398
578
12844
15057
9323
2367
14775
1784
5273
698
1771
13783
7773
6838
1920
2311
10248
5483
2030
9534
8576
7729
9870
7649
4712
13588
6219
14095
2779
5429
4900
9713
4411
12188
10841
10086
12307
9835
3565
1807
7797
5248
6607
8274
1462
12619
511
12121
2274
3679
6529
6924
9094
13079
10773
11234
13194
14214
7655
14802
1223
7804
9518
4724
9865
8852
513
8383
3097
2914
7714
11036
842
3691
3459
5208
10816
4167
12004
13563
4765
2608
10557
2904
7313
3335
1882
7532
563
11959
7608
4165
5618
549
4124
10397
11692
5184
1121
7878
6209
7754
653
6384
6718
667
8477
12285
6240
2189
6230
5040
6587
13405
14646
7925
9657
7026
6335
13614
5600
6404
3889
14437
2844
4041
14489
10724
2875
9104
6604
11523
8714
9818
8332
967
11446
7560
4719
1107
4900
5672
4842
8526
771
14163
5087
6181
4806
14297
6454
11366
3523
7701
12605
3505
2075
4142
10190
11344
7964
9604
4067
5111
5536
14514
354
10349
11666
12500
9072
3355
2063
2498
14445
10012
8713
9223
1735
10504
14709
6320
13673
553
7246
8420
7978
2053
9758
13699
5610
1561
5998
5490
5473
14067
2226
11544
10887
12223
3982
1598
2392
217
1667
3835
6592
11601
5390
6885
1093
10499
2387
7472
9357
11227
3914
15026
8591
6895
14533
11285
14319
5624
680
12392
8979
8983
11554
7914
13950
12953
6692
9628
13366
11949
7388
4120
14962
2582
14887
828
14863
3735
6092
13691
2007
12346
12928
14686
14007
2589
3746
14002
1221
8499
1501
11313
1298
1150
864
13356
7096
9938
440
8243
5991
7084
4427
5400
874
9341
5899
9901
4439
7997
7356
14556
6345
8505
7972
10609
11832
11076
10522
3349
657
13180
3429
4342
14232
6165
2851
6852
3051
9294
8725
9141
2626
579
10703
13576
13114
13906
2708
6892
8047
12530
8023
1813
5663
2346
2085
544
3073
8046
5145
4184
2095
15043
9319
11657
85
5600
12644
9332
395
2403
4696
11327
3094
1691
3372
10175
2579
5818
7889
14167
2903
5651
10615
877
12291
14662
5084
3460
5501
6604
9071
2805
1614
7084
5262
3120
12207
3921
13733
6993
3667
13617
5792
8215
10248
11871
7515
4337
15039
14565
13735
4216
13158
9377
5764
613
8455
2528
7024
6931
9610
14565
14505
12077
1865
7298
12714
4299
9437
11800
2546
196
6407
7834
7597
9006
6842
2550
10345
13398
12590
11471
5573
8609
4702
9155
8374
6330
6087
4321
12025
4512
1322
11458
5797
9512
1382
5744
4650
2489
11239
8085
7239
8211
10379
4679
11162
10167
5942
5883
6055
10565
10564
2154
7387
2268
10401
12663
13346
13679
5528
4985
3572
1143
3585
6381
12435
12372
519
14907
3378
13535
6939
1363
12114
598
2070
13791
5280
14113
10324
1022
14542
5998
6196
9687
5086
4702
4481
9820
3047
4268
14515
1815
1304
14580
12671
12921
352
694
14890
13556
3677
4072
2266
1167
13665
9792
13496
9774
15037
13109
9668
6066
4380
12974
1147
10560
14660
11856
5804
9324
5818
6094
9539
12493
10800
14491
841
14492
12497
1705
14345
2691
9079
14296
5606
2329
742
162
13010
15078
2952
14149
417
7987
11080
4049
6450
11164
13931
7223
2442
12272
15086
4248
7601
13182
6409
10816
11204
7115
13725
12284
1859
12336
834
3501
14384
71
453
7508
5983
14751
3847
9000
2658
11753
14482
13697
10881
4377
1325
4247
1583
9760
12003
828
10543
14435
6961
12362
11305
816
4802
1085
11693
13888
2875
2056
214
2439
4925
2192
2293
2985
5411
10902
11954
11922
9309
1649
10629
4850
6026
13454
13147
13546
9074
4954
1742
12267
6916
8107
7820
7761
8784
4888
4940
7642
1244
8993
7048
2676
1722
8872
12259
7172
10519
11303
5099
10217
5438
14212
5015
8389
4290
11978
3803
5452
9766
14218
5749
15008
9984
6111
68
12113
8080
14323
11860
6775
14778
3674
6853
1619
13934
1642
10664
8016
9142
11908
11373
1009
5063
8029
5149
12842
4005
7699
3352
14064
11035
5618
2316
7862
4791
2251
5495
5929
1300
9674
11708
1399
1660
11266
3178
4671
6613
7162
3088
9137
4138
3063
9986
6296
13344
4509
10544
11741
3624
9409
6101
11138
12554
12304
10940
8143
7221
5271
1919
1952
4891
3190
14420
1446
6792
10090
2577
7051
14422
94
7449
2317
3103
12176
2453
13092
10764
10743
3199
3926
13751
12046
8135
1390
9317
4572
10533
12223
11210
11310
9685
2286
14314
6641
12415
6897
3660
14528
309
10666
3847
8437
7638
1454
11700
9482
12716
10201
1283
3752
1434
9265
13407
1378
2541
2461
6694
2421
1152
150
13334
6879
13234
13224
11558
13993
13946
10110
9863
6814
7186
4351
6048
9619
6324
11228
9746
4117
14766
6142
4930
6087
13494
9348
6857
2271
8849
2822
13253
10719
6966
14591
8209
682
4813
5976
14201
3969
5714
8165
5880
408
7177
13205
151
15093
4283
4517
8360
3963
10767
10622
1911
13324
12647
4407
8221
12167
11930
4106
4071
9042
11316
9104
1524
7960
474
13791
3510
7946
13479
458
3986
2278
9500
13692
2125
13822
8641
5141
5300
9197
14616
12050
13805
7954
13370
9989
12446
3435
12950
3943
6779
10912
14712
2533
1329
7370
2794
2210
10922
13341
13652
1184
8263
14503
10964
8157
3641
5241
12531
14955
2427
9449
12289
4964
4859
3018
7203
4389
3550
12522
5552
8629
4705
7132
4228
4847
10726
6157
6685
13632
12987
13549
5550
7290
3175
3477
10163
85
9787
5138
4281
9974
2812
11247
7434
7462
5095
12327
9023
739
4896
2151
13278
730
1740
1533
1123
6448
4970
3468
8773
5229
502
5288
2801
12625
12666
1579
11582
8435
6167
2067
834
12805
351
4900
1523
6438
12608
8449
5439
5388
5398
10819
2070
10145
11908
12287
11925
1708
10774
13000
6198
14897
10402
14512
1007
4457
14985
10794
3501
2668
2978
3244
7368
14422
4305
2323
3845
12974
3698
5875
6854
5075
9055
4447
7879
6776
11412
14848
5808
3872
1047
1955
7665
14284
13418
7802
5730
4681
7790
13550
9431
7118
15011
2409
6938
3144
1586
5100
3677
336
3779
10003
9635
10769
2307
4584
11706
13208
1089
9521
13531
13802
14373
13905
11556
11480
84
11210
767
11025
2767
12426
2255
9403
5532
3402
6954
9333
3910
12373
2383
7639
5024
13206
3068
14093
13683
4431
8731
524
10434
383
8226
7956
7246
7970
2085
14969
1957
10741
7685
14741
1617
13709
7486
9479
428
6506
4914
13176
5003
7725
3316
3627
985
3652
843
1112
1561
5288
13177
5297
12533
14063
12124
752
4146
55
7609
1496
10016
7782
9404
13509
7458
15052
14674
5377
1144
13038
6875
3935
4963
6281
12403
988
1287
10346
2136
5998
14020
13525
9739
5370
4739
5329
14031
2106
5036
326
12992
8783
9143
12309
2116
3656
4048
6192
10606
6184
7341
4763
12454
724
10749
14685
13844
3957
4014
13615
8783
11249
4144
5500
4275
11288
3640
1757
12234
11448
6297
12473
6424
2909
7935
11461
11065
6609
9723
3511
5773
1656
9604
9290
4552
2298
8776
14369
70
3963
606
3088
8702
648
1328
14504
874
8041
6579
11943
2445
14073
5888
13898
14009
1895
1844
7177
9848
10191
2047
993
1292
9644
7303
10653
13506
1912
2456
8249
12214
9916
6953
1277
2511
11326
8212
4199
13198
13792
12962
3688
14612
2009
763
11399
1334
13801
5902
11833
5289
6224
9128
11568
2063
5807
8507
13526
4860
1537
2121
7965
7848
1695
8466
10981
185
7700
2945
8772
5340
959
15002
8017
1952
4958
3404
7837
351
2043
1325
5103
5144
10042
1462
1466
1576
14350
2488
12813
11179
8739
6522
13238
8143
8200
14149
3980
8360
2741
1140
9376
10450
8745
10204
1428
5393
10284
12438
13924
8929
9979
7351
9354
4294
9913
2920
397
3318
2040
5181
13385
7335
1619
5814
6405
1577
477
5429
2637
2841
8219
12157
12066
12792
1538
5625
12307
11360
12973
3452
4676
206
8296
1043
11834
5297
2901
4178
482
6677
14668
4746
4320
10984
2338
12229
11896
3792
6836
9043
3511
3195
6265
9854
8278
6237
8399
1065
1526
4203
8701
6678
6964
11698
4023
3317
13457
6216
14357
14978
5653
14858
2250
6799
8140
5034
8201
1000
7603
11492
3623
4974
12723
3167
2354
5531
6447
8586
4490
12203
9802
6859
7195
1924
4542
11832
2916
13880
1344
13699
6963
12894
8256
8943
2574
13142
13322
14907
11729
7421
1687
7635
14351
11198
1439
8203
6628
6465
3069
4546
9924
746
7620
14990
4574
13428
13892
5914
7157
12184
9129
5258
1936
5186
1038
7964
3855
5148
4533
2833
6974
10415
3675
2338
2528
6289
4071
3711
9638
688
9650
9285
9403
9487
10596
6813
6515
5635
13620
8657
8746
7626
10120
10680
10861
1844
14590
14406
9011
3798
10151
1169
9410
2293
3028
7847
6705
3057
6442
5033
15028
6234
10885
4966
12114
2016
943
6573
2319
3855
11312
14566
9153
14875
7705
9553
9356
11763
10918
1703
7759
3304
4814
704
7839
6447
10836
3108
922
2612
12570
9701
800
6543
14626
4796
6878
5413
11927
12878
1946
12382
10138
1716
9844
632
4771
1673
10534
2197
6173
11660
10306
13525
5421
9759
2547
888
6995
1388
7796
4720
7941
12638
3037
19
3642
11848
3368
1512
833
14362
5864
11878
10090
10887
1714
622
6934
13256
10676
12344
5049
7632
305
10474
988
2948
7115
7852
14003
902
11762
12158
1936
14203
1878
219
5475
13901
14839
11434
14643
10241
4898
6420
14989
8914
13178
7410
9073
14153
4086
9249
9817
8980
14344
4890
8632
10060
2458
8950
3797
7804
1929
14048
9929
59
7998
1515
9158
10728
7420
9315
3704
9465
8568
10482
5844
1050
2524
6031
3107
9124
3949
14530
8755
6260
275
2766
1383
13608
4820
11001
3483
682
534
13613
128
5229
9020
665
14971
341
8189
8909
9778
8881
6315
5198
12453
10408
11462
8664
4867
3338
13032
10969
8670
939
836
4218
12833
12293
9887
2092
3305
11253
12709
1644
13968
5394
8433
10937
8305
12719
14667
14499
10315
13176
10100
6819
9869
5478
4884
10409
2733
6242
5449
10660
13720
3369
13739
14986
4398
4137
4040
4779
1283
9023
5070
3705
5873
4333
10409
8766
2876
2156
14025
6872
165
4326
534
10446
8778
4243
141
5
14728
14673
1504
9422
11013
14646
1309
8680
14661
1541
9227
12311
7364
10955
288
189
1690
13864
4782
10930
589
2380
5218
12267
10053
8965
3357
7205
5528
3969
12499
9179
5783
7624
8109
7473
2681
8416
15050
14192
8692
3640
11177
3793
2272
7921
3679
934
13236
129
10016
11887
9443
1119
7243
10411
1798
8561
13714
3863
12298
2669
11187
13490
2239
10832
8532
1052
5721
2454
12442
8784
404
10217
3387
11760
14919
4220
9448
12812
11174
4416
7223
7861
3954
4544
11920
10918
9704
11386
9968
13512
10956
12746
10528
3157
4701
10325
2045
1240
5462
5264
12165
14408
12026
3008
11368
14556
14082
9931
6596
2858
9264
3689
7253
11543
2294
2480
327
2748
12110
12341
12061
589
617
5391
14244
4494
12173
386
1068
13631
12510
315
7029
4426
11208
8360
10408
15084
3832
4472
619
4753
10000
3641
5766
9652
11221
3422
12989
7436
7470
9673
3323
10895
1675
5059
5060
10717
5982
13603
14328
8956
1499
5784
13637
10237
3939
5513
6969
11728
8116
9507
12863
14875
3315
13310
8077
11253
10911
13321
14101
8515
12201
12176
5806
3283
13316
10887
11953
3816
2369
9593
10911
2979
3571
6453
8564
3069
4906
15086
158
4530
10305
5897
8113
3078
8577
9416
4110
928
11968
13065
4795
758
2643
2881
12710
4300
13679
9534
14212
3280
7804
550
774
14224
9124
14842
11194
8205
11898
153
1687
7568
4977
6750
12898
4978
14102
6960
14330
9203
9782
4878
9331
4695
3900
2116
8295
12510
8733
15092
4915
11873
8656
6937
14784
11365
4416
6942
9739
8617
5118
14168
7001
10194
13358
11666
5640
9011
5356
15001
12113
8255
5977
9884
11775
14840
13693
645
7323
11647
14340
6012
1908
13109
10437
8340
8018
13233
5903
13517
5871
10069
9178
9227
12029
12812
12507
10172
14137
1691
4129
2369
14114
13502
8406
4498
10374
11453
3170
8334
12842
467
8780
4402
1765
11356
13544
9455
9666
1235
9993
11972
7424
6644
13223
4154
9970
2194
7069
8447
8406
1554
11063
5462
7401
1074
4933
10201
10836
3673
7906
2883
1264
4911
5016
3872
12480
210
13244
14176
9685
10268
7233
3857
2823
6849
5110
12343
9353
10024
11765
1024
11058
5868
817
2362
1566
13762
7850
7050
2032
14301
14440
13967
7354
6186
1645
4477
11001
14869
2344
1464
7607
1379
13810
5069
1214
2296
13525
10451
10411
7884
7712
5018
13253
3409
192
9005
7311
8883
13658
140
6673
3678
6077
8694
4280
12958
2798
2258
168
12303
7024
1109
8215
5799
11779
489
12202
10483
2705
1798
12502
7905
11805
2226
4498
3347
12331
3824
5856
1678
8135
3197
9919
7869
7164
12637
5145
4079
3876
2980
5955
8349
6356
11925
12487
11164
42
11594
3785
6841
14384
9903
13824
10320
14275
10771
8886
4252
4073
5822
10097
13402
1743
630
13551
5921
10665
12595
10124
5989
334
10336
14112
8270
11714
5096
7558
9941
4748
12410
13887
9171
2454
426
15094
1311
12406
13076
8532
1868
1292
9110
3423
1162
14493
1479
1805
3316
13577
2459
702
3457
1617
6655
2217
8373
14269
10124
7592
14342
11259
11883
14921
5833
1964
9880
7045
6457
12275
11431
3588
11224
2941
5159
14252
12739
4102
10786
10940
5187
4240
5955
14804
10037
12742
14691
12500
8161
12302
5
710
3449
6282
8730
12698
14283
321
5708
12334
3820
12886
12888
6551
11881
6974
9036
14998
3355
10675
10533
2173
9159
14415
10561
2194
12974
14919
6295
6956
1137
7897
13843
12670
5468
148
5282
3526
4811
7926
6937
13455
439
14489
4558
3092
5785
1098
4768
1065
7650
6197
10606
5449
5074
9200
4996
9962
8593
3901
7573
10384
724
8639
2725
5972
13250
9234
6735
13801
2434
682
168
3488
946
3588
11132
980
2631
274
9590
12255
14100
10780
3716
7649
4186
5652
15024
14752
2646
6033
14894
11999
5826
4822
13763
9579
8289
10633
9845
8918
5239
5608
11893
11897
42
8374
10211
12311
2844
7792
2028
10176
1704
10523
8516
8412
14122
2879
7177
8318
4504
5955
10110
6960
295
1588
10477
10281
7668
11584
15037
4154
1777
11264
14649
13863
772
7164
11107
8997
3427
11576
7448
5717
3777
13666
1062
4243
6325
5348
8406
7521
8730
1851
10574
7018
3778
6477
13606
11143
866
2955
11195
4734
4053
4517
8051
2871
8279
1000
10498
5533
10459
1736
602
2329
11438
5415
13306
11707
7897
7865
13132
13811
12112
5892
14870
6051
2032
2020
9966
5727
4101
12811
5976
12418
15097
973
14906
11141
3217
9351
3009
2120
13668
11395
9252
38
1640
13411
411
12952
10103
1809
5656
3827
11329
14535
11117
13477
7397
2661
12172
13756
2701
12891
3188
3674
5192
10369
11395
3608
10898
5595
8995
5525
10501
3368
4157
14493
10410
2093
12055
5207
6592
1100
3782
2500
3847
4463
3206
5794
7442
5071
9718
1409
12035
11031
1527
5573
13491
4418
1711
3636
1678
11397
5022
9981
11203
9100
7723
1972
13937
12494
11431
13549
9278
3439
7622
6527
12967
1725
9537
10950
13237
7028
678
7311
6414
3622
3048
3335
8781
3057
12921
3062
3139
7405
5716
159
12696
12053
4358
5994
2589
10266
8935
8372
2585
9825
7480
1080
12749
14797
3971
14629
3890
8307
7940
4759
14114
3280
11110
12914
13206
1552
4723
354
14482
10936
11825
10129
6593
10292
498
462
6940
458
6630
7730
6863
7066
11981
11444
6066
8753
2137
12322
7639
14860
287
8023
14546
4561
14308
847
9982
566
5682
8408
4172
13226
8189
10441
12794
10228
12568
3174
11114
5020
8215
13364
147
1857
9040
3434
14486
4155
13629
2843
4333
14924
13394
11115
11125
8309
9147
12831
1577
3991
8116
5867
8045
10133
4051
14042
10764
4536
6740
932
1609
400
8222
6577
1373
12828
3855
5638
979
2923
704
5476
12866
4659
57
12518
2206
8566
3136
13798
11339
7382
6806
1574
2661
1250
10162
4142
4408
13443
10228
6060
9396
625
1393
9007
5578
8130
6
9232
5398
8531
13154
9818
11958
8033
6213
12579
4012
4447
594
875
11293
2813
2120
13589
14611
8473
12365
11912
5225
8085
8142
9671
6515
7808
11543
3067
1201
9987
970
12741
2322
13496
6463
7831
11585
2958
9634
7089
7587
11262
5743
12649
4137
12426
8183
4017
7258
14908
9369
753
11207
13004
4022
10087
12538
9969
580
5494
7721
12726
8687
6512
2406
6514
13432
11202
1637
7802
13323
9189
7569
13103
8749
12314
2127
3589
12079
5881
6752
1401
2738
6279
8572
122
2124
9325
6142
2347
6908
1016
9468
11570
3598
9497
3920
8979
1930
2899
6280
4310
4249
10292
907
12688
7107
10851
11104
13188
297
7076
13017
11689
14143
10064
11632
10170
5891
4961
2340
9407
7785
11802
8841
1277
7984
949
2893
7574
13760
14204
6345
6421
6203
3005
12911
14386
11613
10130
1600
10539
1387
3693
3598
10512
14386
1912
11967
14249
8717
11705
6217
79
14611
4056
7368
12321
8435
5320
8230
8735
9177
9024
7378
383
6428
6352
2956
6536
8245
6517
1865
9888
4771
12767
14088
2426
8664
3288
6285
14423
2812
8729
4592
9063
13027
7482
896
13824
2344
489
11669
6290
14308
1093
11412
9312
3105
11765
2830
6586
11662
13366
829
9568
2422
2383
2989
2051
10670
4026
14498
10876
11395
14869
5513
12509
13124
1546
9281
11382
2565
11344
12771
4886
10898
1988
898
665
8557
14139
2636
4776
2942
8977
13044
5425
4645
6943
11296
8372
13618
4512
690
2917
10583
4775
10929
7776
12543
4199
13558
1299
10505
7495
12133
7907
8280
4636
14888
1202
6650
9053
4268
4052
604
7371
3967
8581
7445
15050
6969
7801
8211
573
699
11620
11178
14656
1901
13472
5468
12824
11961
7230
10005
2310
8001
2990
851
10493
2883
3185
6597
9682
2146
6164
10951
335
12834
14265
5231
590
13700
343
13093
10899
10573
3655
5487
14282
8986
13463
4119
2136
14330
13923
5216
261
3758
2736
656
3376
5074
10286
5644
12580
1889
6830
168
13607
14532
8173
6061
14658
5388
3173
5076
12860
6648
5981
12722
8425
7443
11902
14312
12636
6252
1169
8670
9768
1565
4388
2712
11386
3963
12263
10578
9700
10130
12838
1701
12761
6224
3188
12544
12653
321
1816
10510
8123
13557
4207
10909
8125
5989
11832
8106
9508
13728
8137
9804
8245
7371
9995
8453
11437
889
14305
5347
8629
11609
15085
13077
7232
11512
2557
8417
6389
5888
7697
5139
13617
12678
5684
14628
7381
13593
4290
4232
5517
4859
3991
7954
49
3162
4220
5880
5902
2333
11028
2489
6461
6237
866
13162
10765
1660
14362
9983
1698
10060
3747
5752
5931
4754
8685
11880
6723
10862
4570
5593
353
2650
14917
12680
1250
977
14552
14997
12085
10648
5271
1034
5313
11963
9717
7596
7932
12957
14960
8360
841
10361
4924
11652
2573
8063
13908
2195
4579
5408
7505
9549
12080
3388
12416
9201
13504
87
12994
788
2597
14902
751
10433
8214
7252
5718
4466
10426
4458
2000
11280
7165
6567
13449
1761
12990
5723
12515
900
5149
13400
3709
5213
14811
3033
5356
13858
11812
9419
1110
1191
12954
2700
4297
2641
2182
2504
850
4517
12481
11360
4347
4449
399
3938
12227
13629
10343
10302
369
10693
13460
5119
5912
920
9603
5680
3890
14500
4784
7965
6274
13888
11462
6578
4299
7811
6013
2111
4668
1729
220
2836
11875
3641
9434
8357
11935
7525
10055
12733
6959
5491
13585
5973
9352
12064
9913
3422
9864
13014
13297
13369
7643
13269
7751
5289
6739
14497
9216
14398
4594
7559
5963
1757
12580
1460
11486
7431
9212
6031
11690
13008
9258
2664
7001
2091
7579
3440
10034
4026
2959
7032
7878
5179
8014
4446
11726
8939
1368
10658
13931
1235
7416
5683
4758
4633
2177
14245
11318
711
6040
6644
5254
2182
10470
14655
9965
9062
3318
14939
14452
9427
11964
3771
5681
9731
4385
13311
545
9387
3644
13440
14992
10834
14355
6053
6895
2661
5127
3105
2235
8676
5028
12154
9304
5992
12521
14680
14276
2789
12604
1664
5210
14813
3523
12900
8917
4594
986
5028
12016
14912
12817
12258
13291
9230
13205
5731
12876
14574
12325
3974
4741
9681
7250
5042
3720
493
8534
7799
1938
9353
12663
7390
9032
6885
8431
8219
10912
9060
8938
6043
11752
14962
815
7038
7000
11959
9660
12116
1364
194
11040
990
14695
6880
9313
10006
3072
10181
9219
15055
1324
13024
5375
3177
569
6643
1965
10839
9713
11581
12778
8724
3801
6621
7939
3925
12014
4415
9677
7508
7993
2833
3632
12370
14122
6107
11142
6573
3022
15076
8936
13745
11711
8771
5131
11419
5310
6442
12330
2686
14201
14002
12590
13692
8748
9350
12748
11289
245
4574
2133
8707
352
7196
7239
13740
8220
6751
5410
11017
8934
40
14958
9171
8526
9917
3343
5756
585
7912
14634
10602
12034
10295
10306
14518
5420
2619
12299
8252
4592
1778
4400
11751
13339
5114
625
10225
7449
14846
3025
4763
3993
1814
2745
2772
6863
9427
6556
11188
10257
14014
7595
4147
12303
10747
14749
12479
2423
11078
781
13190
6709
10048
7566
9345
3370
13949
5768
12514
12093
10138
587
6162
14780
4933
2614
11718
7942
6829
6414
8499
9771
77
3169
2806
10826
10990
13327
3517
3835
1363
4399
12305
2573
484
8686
4424
5614
5522
6809
11994
6204
3031
14484
7753
9629
10476
13013
542
2649
5167
4932
1391
6706
4590
11137
2804
5928
2444
10163
2037
8331
11703
9099
14682
3501
1361
10872
14723
3278
468
12698
796
13559
14089
6349
5997
7718
2786
9667
8464
4371
1000
8378
11888
9190
12371
6590
13150
5286
5429
9184
14119
6479
10266
836
5896
6406
3802
3836
9664
2344
6195
1621
6116
12940
14748
3342
11819
2238
11998
10171
12032
1337
7772
6124
10221
10415
2162
862
6464
5262
2644
10612
10367
6518
7213
12366
13
6317
7349
14868
7996
7868
5791
14102
4130
6713
14435
5643
6602
9023
571
5841
12161
483
10907
6549
8764
1911
4701
12154
11382
12841
3297
13307
4085
10638
545
6460
6144
13401
9548
1292
11353
7053
11829
9450
2589
12054
2621
12807
7162
9105
13840
10930
13406
5159
14183
5156
8510
10481
4632
4220
13484
8933
2722
6676
4790
14259
14128
11946
8074
10407
12910
126
13889
3915
5917
4102
9978
2286
2726
5783
994
9446
9953
5420
8244
13973
15076
285
5805
15017
5683
7840
12183
10169
13461
11149
11368
12559
1275
402
9473
4473
7931
6743
9142
14296
5984
11604
14495
5268
3810
2696
2366
5425
13063
6578
8926
7812
11464
11757
12009
973
6448
6089
2395
11768
11064
8932
8066
10140
5419
854
744
12912
11159
13382
9353
3780
3866
1453
6471
4093
14627
12295
10405
5352
12304
6183
10521
8034
10526
7764
11781
14688
6282
13630
10429
6409
9563
6253
12779
5544
6648
8813
8480
14614
3982
10519
5335
3742
5584
5693
5428
1331
6610
6741
12370
2872
5427
13011
12027
11632
9571
2624
10618
1765
13835
320
11910
2967
9469
6161
13243
13754
805
5046
13746
10210
13728
10021
9284
11322
5904
10262
7317
1123
12009
5146
910
1635
8486
12142
7329
13791
13545
2353
6284
1693
10282
5560
14733
3679
5133
3789
591
7355
12296
2512
10302
3686
11683
6806
13950
10904
7175
612
10100
6832
10351
4859
9135
12297
8016
10175
1739
7279
3693
7516
11381
2000
7333
13679
8429
2555
3555
3922
6902
1954
4853
7590
9375
1783
1529
2249
4422
12381
3614
4050
6687
6419
9648
3112
13191
14378
5229
13294
10185
4206
15029
11731
1667
5077
6050
3098
8698
14649
7801
11689
14321
13779
7583
15067
3537
5192
10902
7854
11898
10532
9045
5457
14943
11833
9684
8942
7649
4056
7713
8936
105
780
3655
5655
3492
2811
12229
11957
13767
4741
306
4796
11840
12350
9445
48
14086
2993
14186
10916
3274
12531
11744
15072
5279
2769
9410
4517
3504
1177
11897
4868
1009
9697
14991
8425
5418
10859
3784
13467
7620
1532
41
6201
14671
5586
312
2098
10340
6403
174
12044
11801
2883
1735
10847
4197
11092
13722
12282
4446
10858
5514
4430
13275
13148
5108
7665
774
5991
12462
12002
8017
7232
495
11931
7046
2844
9906
757
9645
5928
5052
3928
8709
3108
4873
4711
11813
7955
4092
319
9305
1846
5832
11744
9113
11386
13814
8075
10411
13528
10021
7125
1700
3035
10993
13892
3086
7247
10763
6307
5685
8453
1583
362
4158
4506
10327
3767
11171
9718
8557
7999
2713
6574
12279
13251
7510
3163
7243
5210
7352
15098
1436
8039
3666
212
5840
4501
3839
14697
4016
11072
13144
10576
1866
1662
2017
14872
14747
10114
3674
2513
12461
6797
9065
7430
10581
10222
9174
1965
13988
4864
3094
12471
220
617
10208
539
1876
12773
12720
2822
6384
8912
12632
4263
7569
172
8496
12020
9972
7494
1434
4342
187
2877
11599
14166
1597
1522
12912
313
2733
10125
12964
10881
10748
13676
7003
13229
11813
9814
13871
8930
9159
15030
2846
1358
1209
9619
194
11796
6652
13085
9313
1204
14971
3586
8722
14741
7373
13696
2232
8537
672
5791
1300
14157
6362
1753
304
8075
1255
10660
14350
4942
5648
14783
2637
8661
3275
13209
9339
6713
4115
9474
5763
3972
1000
857
7388
11896
4819
86
8182
1769
10401
5361
77
4764
10385
14874
9623
2186
294
8203
3520
7189
5765
4441
2581
14615
1956
12562
10102
10700
14
12555
9650
9748
9598
3777
763
3497
2368
533
10283
7797
240
8069
13808
12369
2415
13733
5206
11122
8722
3380
2749
352
10783
6950
3368
14558
7137
3086
936
5208
5338
14387
1300
14185
11067
7417
13086
9515
790
10289
5032
9900
6920
4889
12513
2705
3732
1151
12275
8222
9148
126
4838
11435
12588
4776
10039
1895
4451
7599
12867
5406
11052
9405
14670
12270
8524
10476
10782
10198
13446
4999
1795
3486
3907
7586
13852
5265
12432
8034
10301
68
138
2121
6582
5264
9597
14701
3886
14719
14035
5190
10172
11573
4958
14811
4747
13457
9960
1313
5104
14141
13983
14013
12826
8916
4696
11582
11763
10312
11427
2490
4113
13246
13962
195
1211
735
13325
6790
5426
1197
1315
2136
5850
1851
1564
8489
2004
4439
10925
1242
7962
4765
4817
3863
4881
1466
9558
10889
14382
2082
3976
612
310
6052
13363
3721
12095
2009
7573
9771
3439
3412
6492
14347
6047
14562
13041
1297
10752
10678
4723
11551
3792
406
12277
13289
2042
8222
8044
4806
10326
9673
14970
11005
4341
6781
10727
13313
1026
13798
2620
8098
1941
14115
13459
2742
2199
8740
5269
4371
5969
9091
461
2091
6778
11033
6473
1472
6134
2306
5347
9388
13397
14553
9607
10103
2330
5368
3619
14353
1602
5636
1629
12243
741
10423
9323
9636
7269
6319
8289
13264
2246
12360
7194
11436
1209
13671
5486
7001
4164
6429
5059
8723
14820
5565
2527
5386
7182
5868
3594
15079
13384
10038
5947
8679
3475
13828
9388
12662
682
9922
3880
4427
11152
13977
11082
1819
12080
4625
8243
1999
3027
3095
7175
2691
413
6304
11561
14200
13987
2308
10492
7900
4356
5715
282
14693
11457
13267
1680
9852
10969
10820
717
10523
3380
1266
3530
11069
3652
12622
11760
1964
7930
8976
6252
1101
2660
3709
6884
5785
9522
11415
13231
6167
3231
7497
12474
2874
13856
11733
3149
844
7853
1417
2248
4722
11047
13442
1667
6159
12591
8574
4744
13565
11098
3181
14663
12616
4936
11690
8572
3482
8432
3665
8630
3083
14289
2754
10534
11354
9066
3602
2812
4712
11257
13487
2069
13584
9104
1195
4172
5923
10062
7960
14238
14297
4221
1230
1057
3369
1700
14379
10911
13007
12949
4515
9933
12015
8302
15011
2431
6535
14224
5539
6906
868
5601
1686
8566
2540
10738
464
12559
6309
2364
9648
8607
3794
12231
13701
1943
1036
1836
6808
6012
8733
1554
3762
10620
12150
876
571
2583
10993
14889
7436
15049
2582
618
7904
4643
293
4490
13295
2324
8994
2058
8901
1968
12891
393
7994
6105
3230
2074
5170
5294
12405
13295
7092
6852
7252
4400
11225
6744
14705
12115
11596
9236
14060
9525
8057
5939
3730
4140
223
11726
8966
1466
6452
9174
1016
2107
10792
7674
12133
4437
4555
11692
3001
10421
3654
14642
8028
7100
5249
8356
5943
11861
2397
12166
1953
7117
8214
10169
3130
10641
8269
9253
8205
13914
8105
5909
12982
13991
1708
7190
4958
413
13656
4004
15007
9600
2799
12312
4374
5158
5668
5129
2982
5889
15001
10775
5955
11015
952
1859
338
4144
9819
268
12821
7528
5869
2461
14162
11563
848
12455
4523
12487
9113
12041
4251
12865
7402
12849
5849
3496
3474
5468
3220
14857
7827
8086
3160
1255
7037
1388
14075
263
9813
10094
8663
11586
11137
811
2208
8630
10552
3837
12081
3081
2460
12944
14063
14206
12285
5252
9504
2742
3797
6995
3583
4539
9789
8800
1648
2604
9767
9471
3797
14330
14489
4719
9173
7451
44
12967
11208
14633
11000
7569
280
6313
9422
5115
176
1701
14606
8562
8199
2985
773
2240
9889
5459
4896
11244
11191
2258
9344
10747
2478
1049
631
2515
1880
12469
14601
11674
5207
11871
5961
6591
4899
5254
4648
11558
3088
14768
13743
14656
11723
14073
3403
7721
9832
9990
3678
3531
14450
3678
8195
8371
11019
10242
5580
121
8080
13333
9456
8610
4480
6709
5319
13124
4345
14085
5644
10862
1887
5814
13779
1851
798
6671
10444
6099
15048
454
13468
14476
11277
4644
9551
9244
9310
6793
2277
11751
4695
3925
3751
7138
4516
3381
7018
1764
3131
2946
5848
8536
268
262
1385
3875
638
7885
13606
6502
165
8276
1683
792
1265
5895
4843
12654
13990
4784
10611
400
5430
7381
8167
4380
3663
12777
2297
4025
8310
10524
8599
14771
9803
11671
14832
1580
6133
1771
824
6331
10183
7262
4889
10367
332
12489
8678
1633
7897
10914
14163
1488
3412
9628
1125
13146
4841
7023
11901
9437
14727
8050
13487
14564
10189
1813
6406
12627
14779
10219
12992
6167
14397
11060
14222
958
9578
2009
9295
9025
7511
6953
3269
6917
8661
2944
10652
5718
10885
14807
4463
10928
1227
14867
12493
13307
5429
11684
5569
3552
8909
12663
13913
9725
2387
12271
1376
9800
5945
14573
629
13924
1688
7189
11505
9990
4714
9442
7361
5528
7257
3517
11253
14581
2168
253
11759
11840
13826
4922
310
14576
12441
13131
13732
12198
10127
2903
3740
14357
10321
9119
1297
13621
5797
5659
4920
14315
1157
10756
14507
9078
6291
2961
8379
3139
13840
8879
6365
5715
11606
14803
7632
2603
12061
11023
13462
15010
10607
5848
1949
10299
12705
6368
314
13783
5805
10899
8826
6818
5987
641
5992
10501
14715
13447
10464
12015
5306
13401
10703
3301
12343
9428
2085
12392
5205
6508
4366
10021
1301
7236
12781
83
8568
6296
4811
7540
9069
4116
13234
14307
10842
8668
3344
6649
13985
9561
14842
5975
10056
12209
7391
6796
14103
4389
7495
1910
4157
5879
14896
5576
5068
4659
10805
57
9039
6320
4143
6943
3146
2062
6563
1007
1386
6051
8645
7941
2563
403
2771
6323
4922
10686
9239
9604
1081
9544
7251
5116
11892
9905
8193
7928
14512
2063
6020
9008
8668
12510
9043
8399
1728
2788
7349
846
11542
11894
9866
3117
3114
5617
9268
6714
3687
3583
14456
14490
10898
4940
6534
7131
4415
6889
4889
8510
6125
8253
10598
12588
7357
15060
14207
5063
9012
7336
6364
13633
2562
40
3168
9725
11086
5613
6920
5473
12276
7054
5033
5328
3983
3800
5784
12931
9407
7093
9699
14185
5817
10953
12542
312
12586
1643
1949
14926
4125
2664
10469
8570
12268
12260
1505
11260
7888
7065
454
887
2404
11545
4756
2443
13969
212
482
7191
13047
4180
1988
10886
10944
12026
4475
14240
12261
9099
3360
11894
2149
6894
11493
5004
8657
10011
1255
9857
13179
12433
11188
4971
4656
1271
251
275
4179
14727
10768
13734
10439
5017
1245
7487
6112
3605
9486
12032
14862
3981
6319
8766
2580
2936
9239
9519
7605
9291
4388
7923
7214
10367
96
10390
12083
1829
8031
4423
3457
8931
11340
3996
3616
2893
5780
6852
8579
5810
11475
179
3835
9883
8777
14826
572
7393
5849
2080
4488
2397
13100
13910
15016
10798
8808
11773
5525
54
781
2077
7723
9476
14577
5498
13554
7985
9567
494
13871
12376
14757
4661
2140
4695
10942
6804
13984
11921
14426
6392
6928
5821
1021
5996
1919
12631
3582
12603
4738
6070
11177
8409
3927
2292
11048
689
6108
2655
5516
4820
7066
12474
8724
13070
10604
8082
2220
11287
10212
1038
13791
12153
8499
8173
13563
1336
12849
10404
13329
4520
891
10951
13703
6272
2592
11764
11227
3554
997
13341
12829
12995
6949
7869
3573
10864
7759
8596
8204
4967
2936
3930
10437
1067
1438
13943
14742
5457
14213
11432
6609
538
92
871
36
3161
1737
11409
10371
9501
13165
5131
12165
1292
11686
3649
13691
5972
11707
9842
242
8308
1523
12118
4446
3716
9668
10072
36
12563
5360
13657
9185
8127
5945
7213
11864
5855
11237
14089
2844
6387
3801
7893
4921
11756
4915
6670
8523
4904
6396
565
2353
10581
14077
13175
50
847
296
11085
14354
7870
621
6539
5165
4557
7366
4068
843
157
9760
12131
14347
1228
2039
9669
14279
12910
3273
14158
14730
3271
2101
7826
1983
11074
3884
1029
10562
6063
3704
9221
1833
2355
12701
11901
7048
7311
3750
4753
1239
242
14920
12221
9792
10984
6913
12153
3065
4847
3254
13437
7197
4515
280
4959
4661
9127
11944
10665
5774
14621
7088
3774
8271
10762
1759
7446
12757
84
8170
443
7127
8521
1569
5769
1276
2274
8824
10181
12784
14951
4261
12413
6514
274
10522
3664
11576
10151
7359
8059
10510
9115
3691
3964
2158
13182
9943
548
7320
14138
5502
12716
8798
10027
12978
13791
10593
12312
10429
8529
9683
8865
8390
3751
14212
6049
11541
4483
4718
4101
5345
10554
6518
9192
8665
1317
3264
3411
7860
12668
5798
703
8114
4911
5476
67
11231
6291
9047
6497
10572
7763
3760
11559
2892
2310
7086
3898
2998
14632
4140
1948
1267
4730
4454
14068
8452
5445
14933
1772
3561
579
8594
454
10375
12616
13319
6644
569
1729
6071
7476
8625
5826
9788
10065
10739
4662
9999
8708
885
1923
12881
2937
11546
13433
4391
4049
11671
3572
4201
2733
13095
14181
11571
4154
6593
12301
4973
4055
1456
5052
1450
9720
14598
267
5532
14438
9639
7058
3814
14374
6104
3302
2059
2383
7603
14753
9350
9838
1890
6472
2031
10978
4113
4264
12619
13140
232
8195
9439
14368
9308
8531
14266
10521
4820
9793
3857
7404
4716
880
13898
13374
768
170
3655
751
14761
1807
4218
857
11963
8438
5417
7732
9551
7607
2599
11394
6738
14866
2968
5809
3032
2799
8776
7355
12479
13966
1766
6832
8469
4439
6780
8415
1455
10177
5910
14264
6917
12194
5042
11656
3046
7313
11573
14623
5376
1419
11943
3450
4974
5686
12103
7110
7530
11628
12355
14129
14022
659
546
817
13943
2835
9049
13750
10204
7339
3468
12394
12106
4427
14945
744
6912
6370
9352
3736
11351
10597
13079
2082
5559
10799
9667
11462
1709
3003
4949
4857
3475
13995
5404
13933
6996
4866
3488
8844
7752
5784
12846
13065
10715
7813
13046
5525
8528
10652
5698
1352
13037
25
4893
3068
12956
9898
4369
11001
364
6899
777
8272
6992
13709
9609
5639
3428
507
7754
5680
14747
509
9354
10593
7911
2458
2539
6612
3129
11884
10284
14173
250
1935
5234
9258
10875
8841
1949
7214
10181
13533
12165
4961
10758
3127
13763
1391
8665
9424
6165
12663
9111
13430
3765
3391
14507
4783
4448
2287
948
12167
9603
1950
6621
4360
9852
12237
8809
12796
7451
13195
7695
1762
7035
8235
12032
8417
6449
12101
11870
12832
11534
10546
13154
321
866
12709
6850
5924
851
11363
9344
1305
12413
12056
6693
10550
5804
8229
307
884
9988
6296
4174
6827
11918
7424
9206
3920
4305
10737
4709
7424
1838
762
3118
10215
12379
13140
8973
12462
3375
5391
13280
9419
4157
8969
4738
10474
11883
2048
2346
4918
2590
6221
13710
6455
10345
875
6509
8515
12635
1265
9597
9403
4557
6863
6495
13178
13970
10372
1157
2985
12786
10312
11531
2606
9938
10943
13931
13537
10805
7018
6803
6803
9938
10672
2876
8300
6558
946
3309
329
10387
12109
3996
6461
13972
12122
12949
7943
10906
8978
9599
11111
3391
13133
356
12300
427
10783
3462
12192
10949
6254
10400
6129
13285
2642
8642
5815
929
3937
8553
14955
3828
11908
13529
3611
11025
8765
8587
940
7952
13835
11498
7892
6272
13122
4542
6645
6914
7766
6446
8400
8721
12137
4654
1528
3138
4630
10424
13259
3857
13489
5380
7650
14106
10996
10961
9284
5508
6049
14786
6917
3360
7216
14122
902
13676
2026
1820
2138
2518
8027
8374
14507
12313
172
6437
12621
8385
5608
11896
12590
10142
14053
14880
4540
12353
9020
3235
1976
6620
7216
6244
1183
8662
3987
12608
8168
9142
12294
12653
3270
1932
1528
10689
6248
3487
7038
10773
316
3272
5871
817
12407
9331
3544
11694
630
12135
8720
10432
7129
3635
7279
1405
6311
12809
12236
8017
10049
9978
11703
751
4787
4231
6693
12950
11624
14756
6768
11595
862
13884
6254
7870
10713
8527
15072
7630
13596
1339
1770
2486
8694
6756
541
12362
14291
7511
12219
6953
482
5240
10545
6515
6947
6906
5361
7907
2679
11178
4594
5896
4879
6290
2670
13992
5471
2139
7705
2315
3820
8530
10000
7713
14804
10680
9857
2535
5249
15043
5548
2269
6779
478
2238
4179
1486
184
14886
7377
1612
3659
12479
8755
8877
12281
14024
1550
11261
9082
8941
6090
6294
12373
13626
3632
294
1690
5626
1289
1870
9077
9152
5462
12424
4652
14517
14038
155
3980
12399
5710
2857
652
8520
5648
2389
13521
6649
6753
12774
8808
15065
8252
4743
12945
448
12214
7838
6781
9791
8453
7735
974
696
13911
4050
9676
4845
5448
3394
6761
8399
1505
11144
5057
14596
7089
9308
12908
2794
2425
9657
6609
3466
7365
3956
13483
12663
1693
508
11191
2182
4140
11759
12025
10791
12983
9
5753
12677
14433
14889
3984
4427
1965
10780
1593
2608
11006
849
734
12539
9019
6357
9721
8045
512
12420
11979
1706
12994
3777
13629
3080
10882
5042
10112
8871
11833
4982
13213
8737
5795
12195
4891
8795
7332
12222
14678
4645
11575
10964
8783
3462
11964
1926
6884
2434
5199
5557
10186
1974
2060
502
1691
3506
12139
5221
12305
434
7714
14681
3128
13462
845
11338
3131
10794
12462
7664
7536
9602
9391
7253
1637
1696
8404
6075
10080
11749
11106
13606
11353
13111
2962
8881
5745
9145
1442
5821
4228
12148
11539
14793
9312
13032
8916
13547
1100
3267
10994
11576
1309
12134
2104
11231
5379
12006
8838
6511
6140
3263
2917
8898
8716
5308
11902
4702
3242
5002
7238
13776
1475
13797
14470
14832
7859
6056
423
11099
5762
1715
8177
8263
14439
3033
5948
13171
4273
3069
10906
11878
13959
11464
7937
8238
14306
10074
4058
8105
12224
9118
2995
2833
11438
9065
11350
10283
43
12526
11700
2874
2878
12827
9325
11816
10068
7850
79
5909
14750
11700
12380
4503
111
1233
13156
472
14682
1465
10752
1327
15065
14053
13076
10307
11224
12335
7523
13255
10076
12077
9419
3958
7926
11851
928
3897
6985
6460
11298
8999
9814
8238
2348
12822
10191
2733
7010
4076
4219
9442
7763
11683
10149
8353
12996
5804
11499
8966
10874
11377
14489
10824
3286
1590
12775
13299
14730
13599
12356
4718
1012
11901
2386
11542
5752
12373
7521
386
10123
3650
5409
3092
3174
10727
13939
2271
3416
14914
12907
2039
13458
10475
15005
8529
13379
9131
2206
10855
4773
11698
7990
15048
2419
7970
7841
10880
4778
4607
1829
9033
5658
11353
796
1382
1040
14188
9819
9636
9046
7079
240
8315
2442
4757
11337
11910
546
7255
4872
2453
2674
6734
5998
8741
10851
4821
5503
2256
13254
5107
6935
2898
13528
9391
1969
4643
4235
5032
14857
5020
9128
1462
11063
9921
6269
3858
10500
12911
6375
12526
5975
12255
13864
3993
4589
5226
2267
13652
925
1024
7808
11659
13178
9860
14979
10919
5171
1536
3818
526
11851
2524
6981
3755
13324
12120
922
700
3796
1054
6222
7657
12733
6734
2348
1930
1428
3355
5012
14885
9232
6577
6753
1396
9629
5611
44
12184
6534
6831
638
11516
10786
1151
2151
7071
14253
11628
3819
5706
1629
4624
8342
6781
5905
12548
9245
4546
6037
8278
2064
2285
2906
778
2974
7510
7308
279
9142
13183
11865
4649
6175
102
3902
9683
8429
11191
828
9932
13268
7933
6197
1335
12175
4663
8571
4037
9773
14291
6657
12828
13637
9100
2660
6769
13909
4189
4037
2531
13931
12549
11229
3567
10769
5533
312
13099
11608
11405
8118
14671
13815
1583
3235
13038
4290
8729
6854
11765
1029
11110
13415
14352
4716
11681
287
8509
128
14918
3837
4199
3089
978
14126
4598
5183
8254
6886
14118
10800
42
1278
7422
14909
7132
11706
1647
13732
12863
14138
14649
5318
3133
6635
10071
12163
2786
9847
828
13670
6212
2371
612
7292
9178
8119
12421
2059
11658
6722
7805
7586
14277
4769
12325
79
2048
10975
5601
6022
9435
4208
7646
14507
1691
8710
7640
9467
9181
3388
10397
7943
4138
120
138
741
14345
13844
4514
12282
3411
8557
6642
8519
8310
14259
7348
12609
11783
14651
1819
9481
5278
3854
10526
9445
12824
3729
5346
7654
1915
8640
9931
11470
11074
14865
14198
8792
10863
4515
13759
13961
9554
5464
10918
14143
7523
7280
7629
13181
11456
3741
7469
7091
4998
11259
1554
11032
60
587
11105
9563
13650
2533
197
7441
9805
14902
3525
5645
14856
10398
2759
9307
1702
14279
12558
7990
5848
14725
8902
13172
4641
10270
3354
879
7678
368
12919
8118
341
11921
20
5391
7304
39
3753
13852
5131
1196
3243
584
10211
3264
10737
11686
11870
9220
11697
7506
7068
6723
11627
561
4970
12232
14128
9304
7782
12629
3643
4992
12246
5869
10771
7833
1778
8488
7418
12870
9967
2435
2268
4565
10890
8226
10144
1648
4311
7526
12879
7677
12575
9637
497
14191
13613
2499
8679
2850
7027
132
7769
7331
12635
813
12106
12837
9680
12750
10691
8011
403
3628
4071
2006
1078
751
10529
3068
2194
4838
1166
7084
4818
9775
14591
10441
15055
9277
2484
6375
12931
8034
6533
2913
5891
4434
9991
11357
5117
9895
926
13990
13906
9510
6175
12802
10194
8553
1424
13627
11516
1689
1759
7531
11732
9903
1979
10977
11944
1716
14698
13905
7756
9621
14216
1853
779
1765
3342
4768
12640
275
7854
12243
1425
513
10407
2237
8021
14331
2744
7464
12963
14162
7942
10421
2563
5659
11221
9095
4014
14119
1380
8128
2849
1206
14623
7029
1924
5141
8461
7922
11371
13924
10244
12659
14195
7178
2654
6023
10718
10464
11648
11862
7639
8446
14959
4036
9884
3730
13632
4617
12765
5982
14577
11117
274
7382
2575
7017
11537
7128
3250
7481
2111
11851
3928
3854
11758
3775
1334
1670
4369
2900
968
3900
870
1846
6999
11199
14254
2848
13773
6278
6335
13367
4218
13691
2142
5560
960
1016
49
8357
5769
8384
11430
12691
11750
4193
11820
9135
3788
1135
5658
7560
15059
14264
7751
5277
14883
9160
8332
4126
3281
2966
6511
5710
966
3521
14309
6711
14500
4146
94
13015
3507
5152
1525
5482
11306
14315
10071
5311
834
4854
10279
11198
1261
2559
3822
11401
6386
12513
752
10573
1421
2268
5632
7857
7912
11046
4506
3205
4977
8974
11487
14557
14511
9841
14383
93
4084
9899
11545
13243
9359
14809
10260
13677
13828
11235
11637
1454
4995
11642
4143
9656
14021
14077
5681
6610
8348
2653
3454
1522
8243
1346
11955
13633
9645
9383
2967
1614
9553
2825
15036
8074
14968
7738
12531
3025
655
3140
14046
1777
2010
11745
8713
12463
11811
1251
1864
1094
3374
6338
8645
7767
8628
3846
6268
10497
2953
9709
8615
4304
1418
12793
9249
12185
11806
14020
9356
7109
11550
1796
13573
6670
14597
13982
1977
8674
7428
8490
14309
12134
5247
974
7165
11620
261
1460
11224
2380
4877
11363
5538
3567
14692
2921
13189
7222
4607
5040
9132
7881
7315
13709
13345
8622
14524
7502
9980
8374
11531
14388
606
3258
4159
10260
13142
3814
11251
2564
14100
5062
3678
5236
14258
1889
3140
5874
4118
15082
6179
11192
2592
9956
8327
13260
12522
6925
1099
3015
104
13736
7784
10093
6267
4865
14946
5396
14769
5683
2825
101
14984
32
12364
6287
9502
1123
3172
12686
1597
1185
2525
7781
4761
5157
4063
3175
14744
10437
6968
5664
1295
14076
1128
5347
5389
6842
13761
5203
2255
3391
8791
12494
3635
14692
3936
13981
7959
8275
14115
10722
5563
9596
642
2003
5346
6796
11533
11742
11376
8259
14063
4935
8897
3928
4898
9470
10612
12759
7055
14643
6952
3255
14738
13047
9588
12091
6720
4573
10483
2136
6678
14815
14631
11686
9024
3450
13623
379
5807
14970
4490
7129
12184
5219
6722
14360
7523
5162
10075
2098
9596
13066
10457
5017
11701
12315
2484
6714
12571
4084
3584
11491
1136
8905
11738
4791
439
12241
10052
3402
3154
6842
1042
10138
9558
4532
6957
13869
4659
13928
6709
8000
8582
13104
7840
4877
2084
212
10970
1334
3172
1498
3836
12752
7780
8492
14114
9395
7005
8579
10577
5687
13234
2317
11105
8095
10226
9046
7012
9838
5662
10258
3028
3926
3910
2111
14978
7911
13590
8694
14462
10942
12393
7062
11601
14923
10189
14875
13780
5894
7906
13456
8793
12700
6827
12080
3892
3903
208
12282
13518
13687
2537
10064
2973
8622
9621
4224
9896
11369
14747
884
9746
12348
14915
4872
404
7596
7150
11979
14706
581
12075
1459
10799
3910
9203
11803
1093
3074
2001
10667
6343
6517
3851
10552
12331
5374
12588
11915
560
11537
9661
3936
10954
4744
6924
7805
1838
12604
3391
5295
8949
5458
4418
13470
8040
3909
12504
124
3575
9075
11115
7479
1074
3778
10836
6106
2937
2174
1601
11163
5861
13628
3846
10210
981
9210
1542
192
6524
9821
14740
11182
7654
12220
10846
11069
1606
11631
10284
7155
2599
2689
10237
6393
4915
68
12666
2484
12222
2152
2572
8921
8416
4352
10871
9660
844
5532
4259
3944
10513
5942
7882
3049
2423
4935
11796
5840
5972
9672
13467
4431
9321
11815
5345
6841
14625
9537
3902
1853
4841
11041
6315
12288
3597
3336
10700
13524
2641
11709
2267
6574
5266
4042
1073
8441
13303
3312
3272
2862
12418
7215
10251
13096
13904
9246
12319
10011
13058
12900
10306
10265
3559
1960
12049
1556
1281
8543
12877
5325
14083
2716
14044
871
1459
14425
1647
14346
10816
8766
6613
6995
68
9629
934
1892
11201
15046
2604
1943
5241
14587
7472
9667
1226
13901
762
8146
10462
9676
2065
5139
9970
1290
7874
14885
8826
9445
11953
9779
6452
2221
13679
14675
5337
9130
8724
2024
11404
3142
11915
11893
5309
1866
13435
11636
2802
5834
4469
10992
2700
4309
4612
13582
4173
2544
7126
3476
13920
4188
13174
12929
12953
8024
8630
13223
5641
13463
11795
14503
4499
7176
8525
9000
4132
10827
14231
8429
9844
3939
4226
10597
9208
5609
11884
14643
14090
3201
5462
4
14755
3855
12052
11574
11722
1817
923
6769
12367
7897
4329
3238
6785
10623
5798
2132
8195
565
11559
11613
11576
3089
8673
8201
7950
2204
67
755
9717
7416
3648
13121
7796
1525
8742
5466
876
9996
9675
14811
3745
8274
2901
7151
8428
7953
10238
12371
11356
11625
5926
12965
8703
6199
6412
13271
14036
11102
7022
10767
15001
14233
8372
6595
10362
7476
9969
4051
11956
3090
4663
8950
14102
9834
9419
1973
4135
13866
10482
12665
8439
11275
14828
5526
9965
14173
7582
9935
12142
11399
9869
1084
8486
11036
5402
13646
9923
841
13026
4351
686
9528
13634
8278
8315
8537
6894
13985
4288
3725
5762
4305
12892
7830
9371
9738
12579
4919
5492
10279
9464
5489
2944
6908
5712
2585
7531
11823
7162
7516
4341
10664
14897
10333
9036
2205
14910
9608
753
14945
5415
2903
12830
8154
9988
4557
10066
2374
7560
13850
6666
1174
6534
7502
11272
5191
4894
4853
5982
5521
13877
9785
10996
852
12733
8319
12060
8105
8065
5277
2551
7387
2045
5595
13899
6777
11850
12379
10877
7418
14914
6025
13980
11233
11500
7441
4523
4956
11233
7930
13540
12870
6376
8272
2414
14681
11052
10722
4465
13870
14640
13092
1963
11564
10103
12201
10509
10031
4723
3474
9694
2210
5969
10736
437
5786
8175
14281
13583
7919
9282
3162
6635
3649
3051
4471
4875
49
4889
11839
5241
7912
4854
896
2040
10374
7382
8657
1624
5069
5878
967
14867
10564
13328
3260
8279
6421
11325
3300
3311
1560
1876
10989
10261
6561
1550
3571
6075
12212
2646
6689
14544
9290
4009
13313
8773
5609
14032
14175
14340
12556
9590
3352
2302
1371
9665
3234
574
11403
2210
4126
6787
4562
9271
3546
6054
5371
5186
3895
3520
4508
10172
14453
10824
8457
13455
11179
14707
6796
13094
6077
5936
13567
1361
404
1833
5178
12036
1745
8612
1874
4234
12201
4128
10852
12411
12906
141
13260
14744
1874
945
10374
11519
2163
12155
7591
4941
4554
5756
5673
14287
2912
1587
4489
8018
9007
15020
12610
3768
13522
6260
5265
11474
3091
11526
7024
7036
11707
7937
14662
11099
445
10732
9263
4655
94
14047
11706
10167
1451
11725
13673
5184
5465
8047
5588
8151
1660
11932
10947
8506
4676
3068
11970
14312
1879
8246
1850
9904
1073
14877
10517
726
2181
3708
12228
9726
14830
10364
2585
4044
14497
3800
8610
226
9991
10594
4211
14482
14276
8734
1562
576
12313
5585
7989
1020
12603
6653
7318
4756
760
6641
3180
6197
7144
245
10925
4892
8133
3360
11943
881
4156
2294
10119
12855
6971
5948
1931
12647
3457
163
13048
6160
5584
8424
1067
1596
8811
5197
5437
2980
5308
13903
7199
12166
10079
13417
13958
5666
15047
4337
8180
9026
1816
5642
7130
5001
5216
6331
12635
124
2015
6863
8688
10894
10057
1194
13898
14529
13436
11730
3976
3624
11120
11457
9711
2015
9992
9372
7699
8354
2905
13193
1169
7989
11580
459
5660
9352
10461
14225
6204
4466
7829
8974
71
13227
7203
8392
13576
7287
9333
27
14324
543
9164
1682
13803
3156
3124
1264
10695
1751
5106
10119
14886
5283
8416
8534
2409
8298
13545
14177
14977
5063
5930
14993
10059
14198
7434
8271
13395
2516
11084
14714
10923
3956
10879
8817
4971
8774
12872
8873
11185
12239
13784
750
4759
7013
126
10437
10510
3628
5095
14109
11044
6396
12463
9677
3391
8263
7830
4433
9075
12645
13108
6766
6035
7364
5713
11513
3919
9619
14152
1888
8632
13808
7532
9778
6943
15022
3838
2135
9755
3692
9951
1040
11509
1687
9952
14291
12691
8467
913
5579
5233
12519
1701
10701
7729
2065
7292
1959
12860
6200
3948
2157
4030
8337
3108
8792
3295
11419
13958
12952
8515
1409
7817
5256
1059
3583
7788
5493
5108
13461
1620
14520
8911
8315
14035
14946
6132
313
7592
1253
3694
939
4365
9308
6328
2154
1679
12220
14407
6229
3444
14459
12484
7788
13935
8782
8508
2090
7677
10865
3420
1281
12967
9132
6067
633
98
6664
6347
4378
1417
6339
11265
2061
2967
8968
8965
441
12132
9038
14542
6549
2049
11741
8204
3847
5591
3758
6124
9573
13969
1981
1550
12578
13258
12024
9257
4454
10290
10915
4177
14077
134
7644
429
2629
4101
5625
15046
11123
14543
4145
13683
14574
13070
4274
8083
7021
11397
1535
2689
3390
1091
7301
7535
1061
1576
10807
2603
4374
14810
2486
78
4500
7313
4613
9565
11504
7989
5561
757
9362
8894
7953
13507
12820
4188
11454
2503
12040
7582
2755
4223
10867
7831
4500
9951
4564
7926
5937
7493
9841
4242
3996
10637
3238
9725
4480
9710
5436
14937
3258
8459
427
12803
5305
10231
10379
6716
10227
8555
3325
1454
6601
4068
7218
11138
9039
5265
12910
11010
11666
13663
13872
8057
15099
11007
14124
1515
13963
10730
5548
4488
188
6633
11663
5029
10114
12498
1334
4050
5778
10265
5577
5326
1524
12588
10038
470
14084
6684
8642
12198
5990
1326
12928
1745
10019
1988
7770
1467
13310
4460
9850
7659
4191
10173
4553
8004
2892
5866
6940
847
2004
15080
1724
5272
7226
12169
2796
7163
12329
1115
1753
3534
9603
3742
6081
1404
2849
10331
6173
1672
10998
717
1851
10547
2651
5865
7651
11826
2706
7196
14380
2342
5890
2157
6768
2925
6704
13556
11235
4126
3769
10993
9202
11026
6809
4048
10513
3555
3536
1716
11794
7292
6804
3010
2016
12667
10207
13051
9777
9518
8721
6179
11869
1119
6958
10208
33
8761
11825
11713
9552
8714
2316
7564
4350
11853
9985
5226
11388
15017
9453
6297
9736
3513
57
9623
2687
5004
3589
5324
14175
10034
13641
3113
6003
9543
4765
10700
3471
5956
9055
11269
2776
6877
14943
12625
4326
1216
7076
9879
3858
7106
12855
8781
3458
3363
338
356
2411
11685
4903
1514
8327
8074
8297
5813
12914
8256
10268
8351
1691
12436
12663
14846
11119
1163
2911
13085
8550
12374
6928
5392
5925
9398
6774
5222
10828
3034
611
10282
2061
14614
4397
13664
14755
600
12280
6416
11092
4743
3585
9338
13827
5065
7046
629
2888
6507
14114
13049
5187
7144
11816
6218
13744
13
12151
9820
11988
4061
1102
8790
9919
5921
14246
9689
661
10865
6154
6351
14131
4956
9532
4093
1199
2134
11751
14787
25
3216
150
10698
12286
8476
6913
909
3734
9973
853
10247
5247
9447
13044
15017
13606
10055
773
12542
8665
12259
11438
6457
13494
8647
9999
3938
9427
753
10807
3678
9731
7601
647
5745
11555
8622
5616
4145
10207
9983
9435
12345
4579
5038
2368
6008
9518
13510
659
12437
5986
15002
10063
14347
11704
3226
13121
9500
4877
14413
14764
2803
8112
8611
1448
7992
12988
6655
11934
5638
4556
8369
13128
24
3820
7075
4838
3211
1631
12325
4662
4656
11519
12784
14900
4815
6970
7380
6132
12325
10667
14267
336
14592
6661
14929
6669
9759
4449
4271
4532
4078
14185
8100
284
9410
2232
9032
14942
2902
14644
1347
551
5743
9808
13963
5861
984
12294
8615
7272
12967
4595
8234
9292
2792
3145
5525
1760
4899
12407
14067
6689
12769
11617
7716
1762
12362
4864
9720
10072
13504
4828
14104
13162
4148
10344
1092
10432
14929
2587
4856
11267
2605
10384
12497
2165
3640
3434
14743
10168
9254
10958
74
10783
9485
12384
11053
6924
10354
9108
711
8107
8256
6019
7080
21
7987
7084
12690
8944
2762
10989
2314
14018
9158
3286
14810
308
3401
61
10436
937
12819
14270
3087
10697
2683
6824
4852
2024
7505
9508
11585
5586
25
835
10842
12827
4108
7487
14680
5229
7266
10806
12636
4362
14449
14088
5722
8408
8138
11136
4904
1755
8009
12152
10560
13295
10939
1429
8778
14376
9560
13701
9947
7432
14147
9707
2501
1734
4060
2952
3606
5950
147
5503
8693
13536
10284
12042
11235
90
7232
2451
1993
13423
9523
861
1239
4927
7028
3533
10001
3060
994
1886
11618
1504
889
2905
1682
2443
6102
7676
8732
6554
12230
3338
4974
6050
5721
7688
1934
340
6456
12731
706
14987
4322
8970
11157
11581
10314
4601
700
3598
13658
7501
14826
7714
9415
11173
1858
3134
10822
3675
8273
12836
5252
11296
5975
10221
7105
2970
9288
5071
7254
1098
14167
5434
394
12113
5034
155
4435
716
12793
13212
10490
9291
8625
6383
8787
13186
10220
600
3938
5944
5944
10741
8240
5737
972
7207
10714
6893
13800
11249
3901
7869
14100
409
4813
5032
3364
9296
7286
3750
5149
4064
5659
771
10564
5533
1937
5529
1303
7252
5633
201
6
8275
6063
12990
3721
5150
6146
13697
9609
10080
9485
5471
797
2422
14004
12041
5575
1972
8450
412
8796
8590
1319
14830
7669
11554
6060
2541
15050
5987
7639
6473
5890
10223
7801
6376
9118
4909
2200
8201
12406
446
7317
13733
4359
293
12594
9323
6280
11945
1357
13940
11215
13214
2377
5501
3463
13634
10324
3187
14591
9587
7247
14039
9701
4485
7824
9407
3302
6298
10896
7199
9064
14831
2490
14267
3042
3170
887
13111
7141
324
7266
12902
1957
2025
3726
3206
10403
334
1834
8118
1766
9781
9888
1703
2720
9694
734
3089
628
12247
4885
10023
14521
3221
3794
9851
5804
199
10779
13567
3474
14480
7133
8701
1166
15000
11755
4243
14406
11727
14581
9103
4861
2730
4802
5038
9252
12352
3637
12731
6460
887
6029
5588
12267
12821
3536
10143
14819
7415
4144
2085
14950
11955
10637
4715
13554
11401
8694
3770
7486
4118
13144
6936
3715
10736
5736
537
6387
6264
7041
8806
4697
8720
8231
9328
12551
6164
4349
2840
14227
14113
8661
13918
8538
3008
9934
10175
8626
10927
12655
12629
12926
1412
13177
9145
5918
3404
373
6039
6689
8405
4824
8429
3978
13157
6917
6418
11835
6520
5689
1822
5216
13887
9158
2909
11372
7696
3674
11147
2645
7322
329
8821
14405
7060
2225
7555
5176
1995
7034
2367
14528
1144
9602
10560
1326
5641
9705
8769
1321
1436
536
4807
8968
6913
8632
8800
12331
6939
7380
506
14806
3017
10718
12907
11226
13735
14656
13278
461
9214
8439
3027
8764
12478
12010
8291
8638
11842
6018
11176
13573
7177
12979
2991
4090
6874
7823
5201
6609
9424
12065
4070
254
7381
11068
7154
12534
2455
14697
14696
2711
13072
5314
8180
6704
6579
9318
910
4661
3732
4130
12839
13001
7421
5950
11029
14623
3700
5134
6955
3213
9299
11044
4464
2802
9519
14481
12974
9690
13892
13276
924
1122
11568
5435
6908
11045
14624
2382
7745
983
4736
8257
13636
9090
14404
8886
1312
11824
13300
5018
8283
3275
5361
13405
3944
13836
13730
7266
13821
800
3175
8717
12802
15094
8736
8600
10232
5820
1646
12790
13198
8281
10199
11641
4404
13383
4351
11264
9172
278
2297
355
12708
10410
1968
13058
5408
5853
10181
10682
6670
5865
3778
7448
3718
2000
8144
13190
3564
3309
6422
12854
7832
14282
258
4933
12553
10800
7142
2440
14443
944
12924
3576
9997
3922
12066
14542
7926
8460
10211
3464
12144
5865
12911
6587
3142
13561
2968
11970
6429
10139
3656
13470
12241
297
10775
14734
48
2012
11083
2664
10865
11529
14575
3353
11440
13357
4005
15051
9405
13326
13781
704
5384
14291
8866
3560
5348
11779
8183
4565
8313
5090
9742
9158
11791
8109
7480
5282
4339
238
3431
5850
5613
4924
2916
11335
12852
4026
4741
10884
7258
5654
13379
11862
4874
12956
2925
12044
10662
2873
80
7683
10145
9316
1509
14918
262
7337
2599
12712
5488
922
13345
3261
5773
7705
14499
9140
9652
5256
9334
10594
3179
12280
12756
313
4063
10651
13293
13957
13369
9721
6393
8787
1289
6239
9851
7025
13840
4583
14132
4495
2483
2832
4451
7146
10623
8610
1821
4269
2721
9475
2216
3627
4647
13178
5750
14715
1633
3781
2029
10279
13609
12649
13205
11728
2094
7233
911
3729
9535
2316
9224
9093
7797
13096
3793
14813
11560
1431
6411
2151
382
2271
11764
9269
8150
9907
5758
14029
8706
14160
13336
10933
2421
9455
10919
3355
10951
6665
1630
9851
8529
12327
823
9907
2422
4950
9861
9046
12917
2199
3069
3082
1087
2757
5836
1261
13990
7300
14543
6882
7026
9328
9652
8626
1165
14139
11897
10945
5539
8832
13034
12281
11651
14
11097
13327
14995
13842
2063
14778
6245
5474
12283
12385
9985
14501
1802
7917
3279
5704
5300
8894
13295
9596
6866
2177
10105
10365
13531
3821
3250
7946
8905
8367
9777
11370
5469
5774
7176
711
12923
97
3409
6321
10393
10999
1828
7542
4342
7482
14145
3072
4082
6943
6102
10764
13842
9177
8062
6153
3197
11417
7520
5989
3282
14366
1988
6900
7594
4949
1422
7528
11729
7103
14667
9721
379
8135
1510
466
6600
3808
13518
7980
4563
2270
13156
12800
13648
14386
10408
7121
2545
9326
1956
15029
6928
14950
13931
4771
6382
12427
12075
13613
2085
8839
1788
2359
2353
4594
2887
5684
7981
2143
4290
9500
15096
9273
3779
120
2502
4067
13593
4680
13673
13467
6318
4835
7960
7625
10824
14469
14205
10779
12732
11692
14781
11031
6637
3316
6046
2021
6810
1097
12356
10373
430
11902
4444
14499
5857
13349
10665
13464
3073
8631
1100
6268
13628
12128
11742
9884
6965
13155
13148
2731
8844
12076
7565
10093
14606
10481
10713
12617
3317
9447
4360
3256
14420
12066
13747
730
12653
8834
14327
1325
408
3399
5442
12560
6382
10175
3175
4161
6718
2021
4109
11927
9671
6226
1688
5877
14669
6750
12949
7782
1870
5870
6645
3714
2124
1922
11477
6607
6897
10989
12660
11810
789
235
9788
13080
13899
8787
4255
3791
213
3026
2888
4408
4890
13727
3496
8313
4659
11701
1852
14329
10940
931
7673
9498
8145
9763
4215
4626
13607
13917
7083
9944
6107
14489
12015
12943
5195
8066
9613
9288
7879
13624
9474
7578
2002
12513
11284
839
4954
13442
8046
659
13873
3502
695
5100
8085
6211
6717
6206
13967
4850
9635
1712
6556
13451
11363
6683
9935
13698
4111
14221
12694
9237
339
3656
14813
5918
10664
9143
5251
3576
4948
4860
7265
2510
9984
9737
1919
9053
12293
8831
1497
4334
1695
11081
13106
9391
3607
15031
9754
15009
8629
10917
5597
13757
6788
2567
5750
2648
4042
7998
11247
11749
12371
4973
13760
2358
12646
530
8870
2832
11417
13120
3532
3692
5321
687
14358
6200
2936
10100
2281
13314
6748
13701
12826
7049
8852
115
6637
14659
5627
10386
7572
5619
88
14175
4200
8723
3566
7047
10572
13708
1817
8065
7150
10214
13352
13375
1113
625
11894
11992
12039
10910
2366
11666
12778
8081
11072
13187
10258
6064
1870
13391
12087
736
7875
13244
4833
12146
2820
6312
5903
6469
498
9181
6704
5840
1576
8165
9624
2901
9858
12544
10215
13588
1236
5624
9597
4735
3363
5022
7440
1511
11430
14105
252
13089
13353
10147
6636
9071
9172
8811
3738
8548
13843
13221
14789
9088
13246
10903
12941
29
3106
4260
3709
8233
2392
14119
7581
4199
9076
107
8854
11235
8109
2225
6747
7137
861
5852
905
2159
4703
8962
8568
3419
792
1291
6002
840
5627
6576
11908
12720
7106
7899
11515
13140
14486
5111
723
9521
1332
7892
13134
14582
11169
3182
8664
2562
6434
8852
10547
2311
12215
3537
14652
5087
2511
1482
14780
1670
14607
8671
482
519
7595
784
10791
3980
5492
836
2784
5529
8422
1643
989
13408
7507
9949
5480
11631
4529
12920
1313
12664
4266
7867
8235
6748
11346
5817
9372
11123
14098
9818
5171
6341
12905
11153
8058
10270
7216
2855
3221
14347
8172
6272
11791
4784
151
14398
14218
4779
6268
10847
9963
6238
10903
6546
287
6736
9917
10887
2913
7864
13099
11464
1314
2893
7394
4083
75
12558
9263
4360
7643
8499
6552
7723
14303
12188
12392
8076
732
7633
14432
220
12813
13630
105
11593
771
12261
15050
7813
2818
12062
5158
9721
3195
1547
1624
15026
1690
3537
9918
10991
8779
1191
11405
9023
7292
5490
14559
15069
7593
3668
2117
8255
12238
4205
10205
6400
10000
4169
6287
14227
10336
57
11299
7262
8091
10719
9363
9180
3072
1059
9554
14304
2605
13472
11952
12001
3744
13422
8734
11290
12239
11777
1695
2827
4934
5654
10296
14885
3716
8554
8560
5019
6031
7647
3319
6118
12336
5614
14613
11936
14920
8608
500
4015
967
3367
2391
1894
6567
11349
7689
14791
7175
13356
7779
7641
11167
377
14965
2605
1789
15013
14460
1549
1526
3173
13082
13535
641
1161
11170
5925
10341
13767
14194
9757
13859
2764
14921
2989
9588
14894
1229
13970
235
10680
6841
5346
3116
5069
5001
9409
1942
13316
602
241
1591
4607
12277
13368
1285
4487
6938
4548
12785
5507
14397
15063
236
13357
421
632
5061
12836
4719
4621
13455
8516
4613
7925
7843
8746
12254
9999
2981
10037
9707
5706
8261
10489
111
6925
5720
13900
6218
5447
6282
8694
2737
11865
13019
6330
9017
2348
12626
2408
14334
4171
7199
4443
122
13820
12758
9858
8206
10209
115
8387
7584
9412
5795
3873
1308
14094
9120
2081
13830
3060
4960
5517
7807
11014
14703
7270
13938
6279
680
1175
10393
9655
14881
7688
11797
6995
3069
14335
13319
1265
4440
10822
14602
10097
4827
12439
8826
3322
12839
9173
10471
5813
331
10449
3898
11037
4769
11948
10170
12637
10800
12877
6731
250
11363
7415
7799
12758
5750
1646
7775
5706
3926
8118
6374
12419
7218
9136
1834
13788
1932
8800
14294
11832
4033
14860
7309
6844
978
294
5162
11537
8240
13162
2351
11168
9844
9923
13348
3012
10455
8503
7432
5434
4095
7644
8373
765
12261
901
2842
12399
11951
10100
1568
11577
13154
13687
10285
5144
5215
14236
1270
2900
4945
12258
14750
12658
10051
8463
5791
2167
12715
5651
7525
10415
13887
3576
6915
7425
8961
5816
12842
12326
4855
5074
4122
2317
14184
9453
4166
2373
4313
6835
5142
8515
11720
871
3752
2608
2633
11793
13425
11476
8636
11385
11125
7272
11259
13141
2523
11993
4536
7321
14221
11798
3998
4775
13544
13322
11056
9857
1173
4604
9192
617
10333
11862
3295
958
3642
10885
7321
1237
14253
11474
6571
11962
3096
6505
13388
5633
7075
7652
11337
840
11682
1940
8430
9973
11944
899
3809
1925
8425
251
5850
12810
3484
8421
13747
4693
12399
7260
4392
8976
6316
935
13028
14682
7757
10000
4082
12242
6277
499
3422
9275
7028
12853
9217
3177
6243
13148
2498
14020
4938
10412
4539
680
3522
7864
8574
11745
12012
11775
12139
13683
9084
10005
14687
6786
4781
2759
2856
1274
8746
5392
1507
6069
1939
6466
14823
10261
7630
8271
6257
50
3096
8125
2352
8009
2300
1262
11258
3440
3299
403
13560
1485
820
5838
7875
5184
14358
9229
11211
4668
1010
8379
2849
8188
5880
5236
10563
14841
4572
9097
14336
5670
10498
12917
8591
9485
5679
1155
14998
7318
2492
12235
2010
6686
2495
2715
10191
8839
4277
8138
4985
9464
3971
14676
498
2154
13277
1941
14695
2677
1080
12250
1647
10390
7766
10015
8634
6044
13253
3785
9423
3128
8342
778
8934
11565
9564
11903
4099
8308
14678
9217
10472
5451
11661
2587
9757
13817
2963
3028
7661
5652
11990
7071
14413
2097
2095
3157
11160
2702
6847
10356
4655
4061
7647
9268
837
10892
5873
11444
6691
12330
6261
8541
14813
9288
385
3441
10059
4181
7208
567
4188
14149
10377
8592
7712
2340
2887
12894
13317
8561
352
2778
13800
10155
12013
5530
13315
4063
13374
12782
6893
4253
3196
12501
5104
11591
4975
14580
1113
8341
5981
10994
8798
14080
6801
1465
8594
2546
3815
9794
8329
7537
12947
177
3078
10850
4466
58
7189
8651
4011
12888
5397
6370
11133
9773
13416
8642
8257
9595
2222
8984
3949
7595
11417
12106
9439
6474
12390
15059
2027
5887
14016
3666
12758
3930
6073
278
11844
10174
8535
13732
4193
4507
12880
11456
7802
5194
4626
5775
862
14041
5717
8214
14718
3321
3588
14350
5865
4551
2785
5053
1550
6258
2538
3830
4315
2479
7939
11290
5227
734
14186
6819
5841
10624
10356
7347
300
13265
566
5276
1641
11261
3470
14645
10191
7031
7325
15002
3293
2784
14221
7853
12832
1081
3721
4082
10383
4346
12012
5109
10043
1364
1599
6787
4193
10689
9024
2612
9329
6439
14959
12208
5579
6115
4656
8625
3924
8041
4011
12200
11020
11384
13607
9589
4037
3561
5995
14251
6140
8246
2530
12815
12529
5462
5864
5672
10710
58
641
1810
549
5398
5788
12470
2650
7072
10881
3986
15043
3130
14878
8763
4961
6002
7448
7997
5055
10670
585
13308
14337
6406
7770
13387
11565
7734
13504
10640
5635
2591
9880
3123
3911
10689
974
6117
11111
8738
6743
1468
2739
10171
668
4923
11415
4644
7867
2164
7005
12726
2204
3853
10070
11332
397
8585
8368
10492
6367
14137
13882
4537
21
4415
9421
6996
11122
15083
9726
6431
12263
11723
8791
9539
13405
3524
8919
10571
3448
12394
101
5449
3045
4810
5170
4079
12995
12417
2447
26
3199
12049
12535
14451
4330
8680
15067
13892
334
6637
4573
4339
11282
14074
2535
4880
4864
7877
2941
529
10538
10382
8498
12483
13029
509
14231
8808
12324
5128
9101
3121
11182
11577
889
1021
10894
3215
11715
598
10516
7487
5892
3561
6404
13853
14664
14426
3030
10383
805
5138
13523
9156
13385
3674
44
14370
12902
14552
7228
119
7482
2737
9477
7587
4356
10471
6568
4361
4961
522
11668
3844
4200
13484
5945
7714
11172
5664
3355
4868
4356
7734
11840
11650
9050
11682
3158
6401
2846
11320
7883
3182
5555
1300
5512
5632
3636
8494
2105
9725
1309
12158
330
7168
610
6873
6977
8723
4841
11003
6101
5240
7886
4101
12136
2513
10863
6006
4262
8697
812
11553
2841
9850
11748
9454
6644
4558
608
14782
1526
10399
6092
12661
6259
1138
12310
1230
9676
1525
11756
10139
1806
13847
2972
8953
6130
14981
10150
12558
756
11121
956
9569
2899
2820
12671
1139
5522
2408
3650
12859
9680
12995
6060
786
11599
4622
15082
539
245
10251
6059
11979
8820
2705
4932
9100
9501
666
1699
2012
1368
979
12765
559
9607
1394
3666
2933
5830
2333
5886
13758
4353
12562
8201
2472
3015
9226
10623
5389
2674
3343
3651
10728
13810
208
8897
12971
14872
14337
13792
2863
2834
8355
10278
13340
1795
9413
5750
10003
5468
13826
7105
11991
3640
3501
15003
8345
9627
9687
5662
7706
12655
3611
13398
7672
9415
13359
3561
14250
8475
8890
14138
11274
5650
4860
2095
13632
9911
11953
4723
3745
10621
7588
8753
9181
13081
13867
12649
2155
7646
5869
11454
9380
9544
14567
2121
12955
10084
11697
9702
1291
1027
14629
8115
7816
2604
1707
13980
14774
11041
13622
11354
3870
14725
3858
12325
1523
2027
6048
4912
6384
5202
13531
9828
7019
2732
6282
12208
7760
10081
14302
8758
6224
13475
12576
2399
2912
13073
12561
12807
6055
12643
7127
5242
11321
5839
5341
9038
3717
944
513
9953
4643
8122
8893
11708
14450
1594
14634
11181
13277
4345
6671
6215
12906
7622
9229
3487
11852
14973
12288
9696
3970
10750
992
6170
5741
10517
7351
1247
10559
11879
13640
5161
7138
10041
3437
3096
3739
7048
6185
4552
923
9783
3575
12925
1347
7399
6071
3147
72
788
1288
13869
4854
7799
13346
11608
11851
13287
14524
7933
3057
9129
3919
218
5971
751
10445
5904
9504
12718
8710
3578
7363
1
7379
9419
5373
4803
13846
13426
9182
1248
14328
11869
727
843
14447
4817
10273
1463
14685
2033
10272
12691
4997
487
10525
759
9192
8492
12022
6133
2010
912
6557
8827
739
2139
8014
7054
4589
3518
9308
9620
14871
6119
12710
10531
14128
9241
12568
12775
4639
9242
4307
1978
5478
7109
1527
13954
9761
14141
2880
9597
14135
11436
2752
1457
13739
9171
10581
7940
13497
497
14842
14585
6149
11757
9616
12033
6034
2017
7374
9397
12651
12363
8311
6476
7857
1486
14632
13744
11400
9823
604
4315
14207
4624
2265
473
3887
10731
3944
1148
14532
8396
3365
14500
1718
7255
7398
13144
9579
6540
797
602
10043
1335
836
15042
3771
7359
4402
9101
9425
52
7211
3293
9323
6676
4005
13538
13402
10333
9015
4347
11519
8760
656
4678
5268
10282
6728
7644
12507
8096
5341
11512
5499
6997
11807
13912
5095
5864
2027
3045
12464
12881
15087
12573
9861
8307
9026
148
11178
6721
932
844
3157
4331
3825
5981
5586
6612
12611
7146
1270
5941
10722
14765
5014
3655
8627
4285
8909
14781
3392
2501
7802
3202
10501
1441
13425
2650
13260
3435
2526
8779
4397
8287
9339
8068
3263
12570
7004
5173
4808
9005
3667
11857
3673
14936
4127
14526
9470
7941
9809
1181
13568
1125
6559
7052
9852
10860
8454
3402
4643
13085
9247
8694
6140
13047
6123
1254
12675
8016
14430
6597
2274
7948
9220
14779
2808
12758
4226
7033
914
3132
13488
14177
12495
11264
14466
4820
5959
12258
10489
1318
3657
2853
3165
1716
9203
8221
4218
1569
4280
3645
6301
25
8289
6893
5204
3124
12676
2436
12662
5807
7763
12078
10185
5601
3617
5095
339
13769
8760
3638
3405
303
10155
1877
3039
9940
9481
8028
14508
6847
14646
10292
12455
7604
4809
7133
13506
7568
5144
4278
5316
9399
5010
7559
7730
196
10178
9507
1248
14024
14375
3212
14860
12178
7125
6187
9019
548
7446
2973
10691
12148
2322
7982
11945
8219
10318
13948
6913
12234
3128
11433
1776
10937
4332
11857
2855
7560
11978
6343
5227
8823
8196
8699
6764
1458
12745
6354
3737
11062
12568
4002
5661
14232
10352
14152
1376
12594
3513
9335
11731
3159
8820
1232
9915
2005
14600
4932
10476
5536
4401
8181
1790
8481
10904
6313
3740
4986
14670
1964
10794
2236
8312
5496
3578
4650
4249
12413
10327
6362
7114
14690
12062
13316
8364
13376
6927
5990
473
4299
13940
22
14784
6099
2622
8346
9040
13206
6074
4357
12464
6717
5627
12943
5957
1466
14465
752
8155
3282
41
7911
9809
6145
7940
10207
8848
12456
8765
2217
1462
6057
5853
7716
7885
8520
592
13624
12109
5968
2918
5699
15011
1701
10641
14103
5597
12669
7502
4248
4365
559
4920
12113
13951
152
13230
443
3869
6425
14592
11745
3160
12720
8338
7842
3670
14117
12044
7401
3569
9737
11445
7064
6600
1482
12417
3157
5640
3348
8405
13360
2599
7821
1804
10498
6656
11166
1746
598
14873
3374
5593
13147
10873
2264
1949
217
1824
10671
5458
9169
1956
9847
3048
5214
5878
9128
5257
172
8192
7760
1134
1111
14853
11074
9581
13159
12419
9222
10428
11569
2644
14
2107
891
356
2550
9611
5345
542
8553
723
11284
6939
6886
13451
11275
2942
3381
12680
6679
6014
4379
3614
11748
3480
14158
14348
13121
12023
2575
9523
9993
8665
100
7800
6550
10377
10276
3241
4490
14839
4335
9734
8270
9368
4831
11117
5063
14937
6786
2173
7896
11795
3516
12866
4163
14761
5314
1833
11041
3308
6679
8933
9084
6908
10889
15005
11941
4901
6621
2419
9794
11894
8382
7304
6002
8167
8763
8763
1886
4182
7541
11626
9963
4870
13126
3104
10380
7107
8560
4577
2906
1469
12430
1436
11949
5029
9152
12669
2158
1722
3431
5192
7218
8016
4767
7774
12940
7769
3932
9436
3886
12185
9985
1495
10631
7649
7707
3205
3667
12468
10972
3182
11997
7928
2716
83
6464
12419
6237
9814
8525
9368
12427
4784
14816
7169
13535
8442
939
7363
12832
12595
1488
8888
5894
7690
14467
461
13333
11230
5722
4070
4565
3042
11159
1204
7972
1877
4408
12409
15085
279
8291
7245
6919
14093
9962
1622
1886
9163
8076
2272
12961
4041
4742
4865
9030
7496
6672
5563
11724
1693
13892
3509
11850
2975
10596
8527
14515
12162
9321
11202
9879
9638
8890
11723
5350
2670
5053
12841
1851
8447
8155
78
697
13407
11804
12814
2737
14782
8366
1539
3408
8144
4103
2018
2756
14773
11380
11723
12678
8411
13000
5503
14965
5044
15081
3060
13268
10080
2296
9494
14914
6573
13263
5103
5243
3488
14549
839
2664
12938
4137
9877
4800
12263
12912
10344
11178
5085
3644
4817
4104
1476
6895
5465
13483
12115
13567
9628
3275
1
9734
9770
2936
7421
14848
2442
4695
13396
13010
11964
12770
5131
14264
11535
14407
10960
12818
15028
13167
2482
3744
7313
10499
875
5001
803
3041
1314
6996
12804
4994
4184
3004
4126
12006
2176
12948
10134
14454
3893
8774
8165
8702
953
56
8954
1401
10577
1821
13766
5891
8941
6722
12319
757
5532
14750
2181
9519
739
5915
12884
1682
4584
10447
11906
4557
4280
7788
3229
3572
14292
5480
11706
7863
8746
7514
13979
2483
13341
14588
711
13778
13495
2701
6211
5574
6041
121
8294
2964
2827
1131
11788
9304
1127
871
4020
13371
436
1886
7590
12235
9895
1708
10398
9027
1458
11232
14303
1325
14116
8391
11345
8933
11008
7873
14792
11980
713
13116
4143
10843
14882
8370
4141
3597
6634
775
11608
5214
7674
4447
7808
4798
7528
2373
6135
8323
2742
9606
3704
6571
11737
13636
14368
1723
10806
72
5609
12524
6885
2962
1330
1845
5133
2973
3666
7676
14111
5839
2165
1399
6373
8253
446
12925
10873
12168
10486
10696
14990
14007
13641
4442
8686
240
6795
3853
1968
3450
7872
8582
12479
9278
600
12741
174
13043
14525
5088
7978
13728
10554
4685
13720
2071
14827
7970
5862
641
3851
14250
6923
4849
7429
2085
15023
8901
10061
14855
6391
7271
12120
157
12721
5886
9904
1499
12044
1909
8370
5066
14803
7786
5839
3438
6179
4496
2522
7513
242
8017
4534
10003
14789
14778
12053
9002
851
10931
10567
12740
13141
1502
5339
10138
7206
530
10872
6845
7231
12783
501
12892
3393
4324
3547
12104
7791
8865
889
14763
9568
1929
3008
6935
2976
14919
1089
9199
278
14276
11412
5868
10286
2795
4961
11207
6273
11126
9136
6727
11678
7315
12658
4192
8520
3120
8569
7561
10133
8910
6638
10951
5479
2592
4738
5947
13960
229
12608
14513
7009
6638
7437
13147
4871
2345
5097
13058
10648
5000
10676
8139
4636
11759
11039
8629
13814
3149
7233
3618
3497
1138
6200
2931
13331
7931
10023
8431
7232
5607
14183
10132
7028
2042
8133
220
9927
2347
14115
7107
14570
12166
2431
544
11300
2430
14422
2777
2044
2152
9902
14287
6152
3006
6436
10996
723
3373
3525
14181
7470
12765
6494
2264
14282
6251
10229
12239
14931
11356
3616
10434
7158
5979
11290
12205
13582
1710
10042
7417
11740
12660
3499
13917
12945
8262
13762
15084
14759
316
2056
5762
4
1896
8715
5028
8135
9689
1942
14013
14491
11640
4242
8445
13168
3848
1027
11346
7539
682
4978
5353
6721
8575
8238
13325
4109
4706
1286
11474
14639
1894
2324
8423
12183
8339
9797
14374
2436
15025
5475
14287
567
4231
5288
4577
7377
1932
15009
13200
5469
13245
2206
6965
2175
8680
13289
12607
10358
2495
2017
14342
2273
96
9927
4803
10400
3547
10329
4394
5485
1694
6489
8482
1195
6408
7623
11388
14833
3789
8638
1414
12770
10917
3214
9507
12989
10955
5951
272
12767
1977
12719
13247
13850
1196
2076
12258
7159
13482
6091
13303
5159
12315
1598
7557
9945
9385
14494
2247
1484
14638
1697
11154
3879
1530
12129
9829
14466
4709
3008
8344
13589
7608
2988
843
3039
3112
8393
11661
5167
10243
11339
8279
3319
6829
7833
4890
3431
7371
5502
2680
9170
7791
11041
1922
5586
5739
2586
2990
4011
13675
5395
9393
9645
3388
10113
6805
9345
10586
11061
13970
2500
1079
10257
10917
2468
12322
8907
5505
7381
11133
3472
9246
3822
14006
11045
1908
15017
9255
10159
8633
14724
13060
13402
5634
5708
3175
10125
1439
8882
9654
1550
9179
7848
10369
11444
4215
10750
13542
7667
5196
10905
1043
10004
10842
12104
7606
11802
14631
5383
5003
7411
165
7189
816
15018
5722
6792
5461
619
3868
14883
9409
5398
2110
9908
6143
83
13074
4739
12361
10843
1314
15067
12607
12532
4196
11866
1714
10780
9139
9865
1924
7182
10346
11999
14009
56
7792
2482
5926
9922
470
4126
14014
4171
13084
12805
6740
13679
577
922
12793
5374
12705
8615
7394
5025
8857
7849
9576
7924
8351
12232
3796
3252
3796
11200
493
7293
13222
11837
7992
245
4157
11376
2055
2659
11398
2445
3682
7005
11460
9990
2507
6833
5542
8607
8255
4849
12408
3313
15053
312
3056
1665
4765
791
13490
10661
9869
6855
14966
4156
3468
6093
10231
7090
5528
12115
12216
10125
5287
6498
12512
14558
2044
13565
5846
2754
4602
7126
11703
13861
7913
1232
7570
13012
5725
8831
4393
9003
14139
8528
13274
621
9954
10335
12672
5773
8082
485
7937
9636
2368
6278
8709
3920
2388
2132
7447
7481
2810
5652
6551
3206
9924
7189
12825
10018
9132
1000
5479
4231
14506
9869
6118
1095
2074
1156
705
2927
8737
6526
14850
8175
12751
8494
4175
2367
9123
9058
1754
5475
670
10320
4722
7197
7138
4215
8391
5442
5560
10750
6825
3832
8924
7120
3039
4093
8883
8562
13561
4095
7676
3902
4211
5439
7211
11655
6817
2563
12023
11811
7123
6980
10640
8722
236
10696
1910
5119
8551
12124
13039
8814
14592
14489
12777
4097
3077
396
3252
11579
11726
13816
6141
6309
5113
14442
9834
5172
10316
14913
5045
6351
1276
13949
7734
3600
7868
3575
9683
6478
1346
1452
3341
8446
5170
9223
10335
10422
3022
5195
12174
1171
6148
277
39
11172
538
13578
10559
13843
14909
5417
11459
837
14792
7564
3828
14160
6418
12090
2068
181
11082
8362
15070
14708
5836
6753
6243
7493
4145
15070
6285
11302
956
14264
12656
14451
966
11927
12154
6848
3505
13205
265
4056
9461
6616
14950
8427
11035
14769
11587
2746
8893
10515
4944
2742
13883
6602
5026
13065
11406
14754
11650
12218
3172
11685
13979
10114
14635
14035
5749
13930
12119
4863
7028
13661
590
4622
4693
13584
5464
11372
11416
8183
11856
14391
8105
10511
9382
13342
12073
2979
13969
405
75
7726
6874
12291
8297
14631
14255
4246
5907
4586
4566
11230
7167
9876
9041
11798
9056
2477
6043
1982
6983
6282
5682
1430
8957
14877
7129
8163
6577
11474
10705
2950
2424
12200
5399
1805
1726
633
8065
11612
7602
12774
2595
13236
5355
13187
3599
14089
4044
7523
13196
4123
13017
9525
10159
9241
14090
4245
4587
6673
5150
7452
10229
13805
13412
12037
8441
4939
13330
205
12323
14449
13667
13504
8758
6730
5631
800
13743
6828
1392
14092
6888
14795
12886
4595
8963
1469
3748
3229
12464
1281
6062
6606
10910
657
11567
3461
2746
6734
1687
5977
12001
4027
2729
9442
15060
3705
14586
3811
14356
12042
8677
5807
13130
13207
8838
1138
10667
2906
12196
9100
1384
5688
10095
9619
12054
12224
10700
5242
11240
8006
13511
12707
241
14790
14401
567
837
3145
7952
6513
14519
5210
5906
12396
2821
2644
11228
13278
1872
14821
1799
13963
12311
14302
3539
9910
3797
9471
12330
1772
5825
11827
5333
10762
1785
2772
10441
15058
10698
5753
3002
1713
8438
5323
7306
5676
9068
7292
11956
9635
8714
11986
11082
4810
13051