4727
5905
868
10048
1077
862
2214
4414
10607
3740
4335
6057
1704
1901
7116
3430
9258
5139
3702
3277
10650
8309
3830
9544
7180
10181
2221
379
5417
10208
5873
1000
982
3276
3764
9416
2976
4180
1629
1999
3231
290
4418
1406
2300
1539
4878
2657
8048
4371
10522
3446
8121
8293
4285
3880
2976
8747
2602
7607
8071
2612
2993
7729
7539
143
3391
5283
8789
5101
10848
9434
4026
9139
10734
8434
10798
1881
6161
8309
5466
2117
2458
8166
3888
8236
1384
9332
1355
7488
9493
7816
9856
5307
5415
5575
5747
3563
3833
734
7913
10666
3058
9919
2169
3123
7708
7084
671
1800
3770
6746
9743
7683
9791
10855
8858
8574
6214
1162
8539
156
8869
10392
4250
146
7728
2007
1295
6752
1304
10815
2754
1416
6181
969
752
2332
653
2032
4026
7477
3197
6386
2691
2530
3540
3774
4447
3377
5726
10202
10640
1283
10856
5307
6158
3177
621
1259
9653
10468
9195
4092
1105
4691
7112
7435
10442
9553
147
10348
8519
1940
1316
1025
4108
3718
3926
1378
9804
3609
654
3192
3347
5956
5860
901
10101
844
4680
9075
2185
6970
9555
4699
8971
4117
8029
9398
9961
3421
1918
9295
1887
10181
9998
2471
2730
3269
8049
8297
7753
3801
7772
7091
3849
4866
4459
8771
7194
9241
2710
4812
10315
1820
918
10096
9268
6149
3766
8357
7900
410
5077
10838
6283
3990
2913
5681
6199
9953
2840
9164
8359
4990
2171
4850
5739
4537
10411
5203
2892
9360
6738
7950
7139
1260
9650
2281
1311
1771
9620
9551
10615
1885
8576
10421
7108
6513
3362
1813
668
7707
2846
9041
10410
75
2883
562
8481
7430
6716
4086
10558
7917
10386
8474
450
1339
8504
1257
8661
6331
5428
596
6671
1224
8030
1791
7103
10896
10396
7781
310
7283
5238
6501
2524
10666
1354
4898
234
7001
9748
7280
9905
8381
2537
3072
5041
3164
2431
8793
10233
6234
3908
3330
7998
1028
7333
6011
8338
9741
7601
7413
8229
6589
10507
673
1434
692
10036
6452
10657
5286
4504
5483
7574
5145
4042
7502
5276
2345
63
2693
9941
2798
7939
7707
8162
531
5921
5375
6859
10610
3903
1606
2535
6344
2979
9235
2185
6703
6602
3740
3696
502
5572
5212
7832
3634
7596
6844
9274
259
10219
10080
4878
9141
3587
3600
2134
7085
10466
10860
4671
6380
10880
7033
7580
7590
5012
3971
4816
3209
3781
7621
8054
3608
5056
2147
9961
263
7999
1328
6865
5443
2476
5512
9435
7041
8728
2894
2924
2751
8642
5641
17
6894
7687
6575
2713
4180
4096
7138
1500
6319
9741
5079
1304
4335
6200
10592
5441
1734
8091
9638
3492
7800
7690
6996
5343
599
1391
7538
5619
6926
3315
6929
10653
3024
1071
6211
7059
5875
7536
928
848
5616
5505
8176
9585
10406
4833
5475
5119
5238
5648
10326
3820
5825
6273
4310
3208
9842
119
498
3444
9719
291
6536
10056
3610
1259
10007
10320
4634
8563
10280
9117
6209
43
2549
4693
3075
6585
10614
10317
9287
7391
3855
4321
3593
3794
2132
2944
10312
1690
1142
7173
3064
8274
3038
3398
7881
1129
141
10317
1822
3415
2543
4119
9249
6876
10214
1237
3517
7949
5311
166
5919
9017
1088
10383
3514
4701
2788
7258
9753
3118
2396
9831
6000
4594
6369
4874
3884
8940
10087
6455
10158
1182
10830
2526
1519
700
5528
89
1631
4950
10135
495
323
3692
5915
184
10331
1876
2179
5559
575
9978
8706
10333
9843
6198
5565
6892
5184
10058
595
10399
10243
871
3051
7471
106
10721
2556
250
4547
5708
9650
2414
1760
553
8108
5946
10013
10288
5867
9431
452
271
9489
5123
2238
619
7529
7524
9649
8504
1807
1314
9449
9687
975
2362
10481
3922
8719
2171
2096
1056
2068
8600
3330
10059
8505
4455
1763
9524
427
3728
3250
10769
6861
10018
4242
649
6906
8673
5359
1886
8970
5038
308
4616
9606
2405
6327
486
1216
7046
7016
9339
5743
5146
1299
4112
9172
1319
2022
6505
7161
2069
622
4749
328
9279
2718
7597
2061
9494
9123
2577
2687
5544
8603
6442
8273
2964
3693
9109
1003
8149
4962
6918
1884
4941
6011
956
3585
118
9436
4798
2746
2900
3415
5695
311
8028
6793
3639
8637
9437
3082
9939
5693
9373
7108
4096
10770
1172
3853
1532
8457
3723
7481
2713
4743
4483
7052
1437
9563
9817
1136
8716
1957
9890
131
10639
5991
8560
1402
7927
1691
10337
6881
3014
7219
2482
2923
7753
3761
8845
9722
3918
3236
9279
2655
8255
3074
9612
10739
4196
9947
1914
8582
7798
9983
7904
8207
1357
6713
1584
4942
9386
3465
3230
375
9638
2810
5132
6022
2246
5675
7071
968
1643
6726
8958
8918
1506
5059
4491
984
4325
9506
7358
6148
4605
10818
3604
1284
501
2286
2018
349
2338
2918
1584
344
1447
615
3893
5426
5527
10808
2710
7322
3834
1907
6600
2386
1718
4364
1422
4231
1500
3041
3040
5894
3264
8535
10614
5871
4230
3667
5173
7518
8290
5612
2976
841
4955
4536
6274
8870
7616
2894
5096
8741
1260
7184
10455
8272
7654
8758
316
10806
2909
1812
717
2809
540
5715
9886
9443
2585
8127
9259
6863
5078
8140
948
4246
10276
2
2954
1483
1170
234
6954
2683
680
10760
4781
4094
3959
6037
9008
8657
7663
1167
2635
10223
6424
9440
3149
7119
5042
1343
5007
8001
9035
4576
5341
10131
10359
10133
3978
7413
8528
6584
1796
869
10658
9925
1004
4783
8877
5428
1220
8685
2165
5823
6868
8834
1948
362
197
4747
4038
7355
3199
4802
6548
9981
4639
790
7061
6705
8605
7331
1869
8673
10652
9840
1488
9185
10473
3364
3993
10151
7429
3761
9621
1461
1162
6362
8562
7297
3304
4079
7902
6840
9300
9596
1712
5004
4213
7198
9702
1569
1695
1154
10496
5749
7681
3092
6273
3902
618
1440
8693
9648
130
5996
9650
7925
10637
9787
6099
4248
4816
2602
7815
9509
6852
9746
1039
5889
5257
6881
4546
10704
2503
7031
4109
9513
6672
8987
3936
2867
9074
1601
5809
4567
9584
1372
1545
5685
10440
8421
9680
3124
8127
9431
3503
10287
3955
9098
3220
4201
10759
8748
5143
4397
3191
8925
10280
10150
8134
3442
8123
10313
2992
2099
4772
164
8334
6633
8078
6735
1162
9225
352
1137
1842
1912
4168
730
4999
1584
10389
1889
409
3329
7117
3353
10412
10628
1961
2122
8026
8366
2284
1630
2523
9337
10419
6689
3828
4585
6398
202
3017
5782
2063
1200
5082
3806
9978
7670
3060
7024
6969
8776
2533
7182
318
5930
4105
1547
5772
8791
4686
4636
71
9253
2284
930
1721
4966
433
8246
7786
10080
6198
9933
7013
1909
8278
473
8686
6931
4976
7101
9379
2253
3925
5286
9440
9835
6174
7823
9583
1356
7257
7225
7833
2368
2158
7662
8088
1053
6853
8684
4512
9087
489
10150
10612
3537
2646
1420
3210
9001
4167
500
9695
3807
5607
3723
4321
1779
9598
3573
4464
8482
976
7944
6597
8422
10823
917
10892
4099
3207
937
3789
7574
4097
7846
8646
8029
6045
239
2386
1210
7753
9144
3115
10874
9673
7448
10674
1719
9908
3185
7924
7388
606
1597
1337
3631
7433
978
1144
9704
3102
5266
5592
6041
6745
6044
1320
7899
2969
5116
973
10305
2444
1237
955
8954
201
8300
2401
4960
1812
7827
7461
4173
3165
5413
7129
2276
7115
5607
2278
8142
3530
6844
7160
2069
5059
4956
10498
352
9151
3762
3764
747
10599
2004
10754
5316
747
10021
5446
10770
7506
10377
9406
5887
8763
7638
6923
8661
4657
8179
10536
9714
8726
8898
1990
8000
4328
7076
9180
10795
10813
5810
9714
6050
6815
906
3478
6233
7190
7897
7893
2757
7843
4107
1986
3081
9225
291
7192
10645
4816
4498
9705
5981
10485
5720
4884
4263
6558
9648
10104
8331
640
3380
8220
6678
7567
6875
865
5479
311
2979
9147
10313
5747
4363
195
7602
7243
6271
10760
8275
5445
1233
10066
2609
7393
6361
2207
9218
9630
8195
1188
5388
290
1483
5361
9683
8146
7755
10175
1449
10858
3441
1209
1583
8019
10853
9188
10067
4893
7921
8210
4476
8695
9365
7701
8957
10493
10270
10151
8882
10421
3610
6851
6002
10765
3542
10267
7986
3159
9085
6696
8799
6429
8810
4078
4400
6983
6185
7994
2953
6109
3108
10641
2218
4377
6161
5070
893
6096
3160
5454
9114
9314
7839
3411
217
5954
10272
130
5784
6960
6499
1957
6836
8818
5394
8567
3312
6052
4873
1943
6663
4111
3274
8440
3128
2422
6909
419
9088
8031
6899
1742
802
8580
3811
902
1328
1577
2771
6702
5211
3089
3064
2997
8805
2812
3309
8562
8671
5958
2792
6340
1220
10690
609
8558
5481
8828
7639
2472
5133
2177
6178
9138
448
9212
1003
6097
4850
3038
7898
7611
9804
10849
9907
6353
812
8722
3496
2920
4882
10053
8327
6100
7229
1787
1962
5277
1722
9942
2381
2769
8021
1290
820
8434
5206
5243
3132
7950
4463
7842
4167
5267
6659
8148
2873
945
8189
6164
3588
6257
2812
949
1907
6196
693
1911
1247
3619
1354
1877
10698
10451
5174
5397
4303
1995
2287
7862
3560
9822
7413
797
7084
8384
9658
9982
10032
4060
5387
4013
6130
2658
887
4341
8181
9271
10177
7620
1841
594
3230
3566
4497
1559
8332
1623
9018
5905
2411
5048
1623
1084
5882
10688
2684
2869
886
8756
3990
34
7441
5052
2554
3010
4259
8580
5117
4393
8304
4493
8606
9486
4178
7472
8012
7457
8173
5189
485
6614
10527
8470
7608
496
10406
5237
9680
9966
7363
525
9185
5202
4006
1876
7854
9783
3177
3393
6436
10778
7323
1293
8955
7985
2564
86
3423
1903
5955
9595
6103
10607
4372
9187
1427
10705
8552
5861
8415
7641
3586
1113
8887
2658
9167
9410
6527
1531
409
2012
9076
7220
4839
7484
960
7765
9657
2113
3987
5210
10421
6834
5404
9206
3846
3975
5643
5803
1243
8339
9913
1209
8231
5310
8347
6252
5886
8022
4606
4444
10534
4474
5417
10809
5489
3560
1808
8074
6116
8761
6519
7189
428
6572
10022
3055
2812
5225
9883
6100
5870
3461
4670
5762
10738
1912
7062
8567
1074
48
5299
3387
7828
5600
10493
7183
637
9247
3793
5329
9211
10195
8961
5417
4683
6362
5625
10075
6883
3158
2677
530
3757
3986
2652
5442
9511
3559
5126
9763
1166
1933
5946
8442
5267
6332
7943
5028
6498
5576
9053
5272
9725
3539
3397
6160
6822
7212
8408
10665
8733
9087
9709
1998
5364
5057
479
6242
3789
2016
3182
7222
3214
200
3657
7356
7353
10588
3092
622
3369
6466
7500
1676
1904
789
10211
5182
7002
3503
2291
9465
3508
1270
966
3761
2887
15
10141
9645
6608
6786
1385
6709
2290
10704
10307
8979
845
10826
69
1728
4180
6689
4922
8668
5401
8340
5921
4799
3137
1462
9819
5169
5456
10151
10088
6687
9062
4256
1850
966
2168
920
6323
3820
4150
3307
5671
7482
3725
6693
7160
9918
5963
1423
3297
5144
925
8367
8503
4049
2961
6579
3015
937
9333
5400
6441
3441
8257
4105
8277
9595
9902
8268
4588
8342
4780
73
6134
2849
6350
8250
5898
3463
6012
5709
8587
3398
1727
3478
1904
2297
7245
6609
10489
3378
281
1781
6462
4214
341
8669
10407
5180
402
6178
10422
5678
1726
8932
7927
501
924
10840
2552
6226
7455
696
6647
268
10188
3539
9435
2737
4466
8778
10116
6701
9747
6562
8461
263
551
8655
9178
4098
7813
10369
7376
2738
3507
1221
3938
2438
7211
2121
5710
7658
8929
10027
1984
6308
7051
7520
10698
1731
10609
10094
357
5913
5616
1841
1211
2548
10444
1390
9069
8067
10044
9642
2515
9526
7770
4026
10003
6860
2107
5897
6775
4539
5330
3993
6966
3511
8842
9577
10353
6591
4010
1008
6800
242
10558
7522
7453
5550
3593
6207
1059
4288
5741
1961
10651
311
2138
4188
1527
183
9680
2333
5878
2987
8507
9933
2001
3344
4228
2932
10546
3489
4485
4880
7211
5282
3287
2002
5289
5937
10564
6737
6552
1877
7736
4928
807
3565
9047
7007
8850
4282
6893
9617
9267
10222
479
5212
9636
1686
7069
7542
9428
4213
6376
7093
680
1616
4516
6570
10105
4791
6775
4453
6394
10888
10229
3502
4050
9448
2662
2942
2916
8769
556
2691
7041
8938
2749
5749
2070
3476
4255
2755
7247
4738
10778
9307
7887
8864
5685
6840
8595
6643
516
6565
1694
1996
4543
4826
6006
4639
6770
10165
1234
5602
9376
298
3953
5034
6978
3596
5530
142
8302
6118
10050
1652
230
5764
2084
221
7549
4204
10813
10145
6741
5533
4089
3479
2234
8177
4266
7956
3404
144
1196
10791
572
799
3230
9077
1796
1797
9570
13
9273
814
3979
804
861
5044
8221
4226
4764
131
3888
2584
7824
10119
6925
2197
10884
6824
9927
4359
2132
3318
3735
7816
451
9259
7195
8082
6282
3575
5831
9296
5151
6654
2497
2142
3732
3033
945
10595
896
6823
8798
6196
7606
478
10506
6174
4380
81
1851
8792
1415
4936
3161
9034
5343
6592
5273
8419
3961
7511
10755
8784
1113
8995
6770
4284
4673
5897
8026
7204
1983
2324
9141
5158
10756
3770
8459
10841
8033
6289
6083
7589
4500
2725
7299
4086
3601
9227
3226
4099
3957
8886
321
8616
9638
5088
10197
2784
2901
7060
10420
7030
5361
4908
3080
7832
5067
8295
5369
10327
4424
761
9396
7692
2608
8895
4308
7152
4996
9328
3828
9669
118
3015
9294
6389
6398
1536
4034
3259
9980
6249
7934
3370
6693
3777
5337
6342
6547
7528
9042
9
8440
3831
3489
1414
6415
6564
9746
404
229
1994
1871
3941
9673
10367
7834
2011
3224
8434
2691
9957
10648
9231
8289
2547
7116
9952
4412
4498
3337
3056
3231
5038
6145
5997
1209
3590
9901
10517
712
2646
7461
2352
8627
2445
7640
5853
7554
4377
7616
2145
1452
3610
7296
2642
8090
6114
859
6515
2942
7003
2625
667
5389
10591
815
4313
8193
3925
10193
8630
4437
447
5330
7473
4089
2774
1664
9935
1903
7275
9711
7927
1686
1517
4893
1590
109
8265
2172
9059
6239
8084
9190
9320
464
5727
7128
4072
8589
9252
3051
7988
6006
3371
8737
6169
9789
112
5752
8445
1821
10395
1782
9653
5484
10028
8874
10768
10449
3277
1103
3158
10504
10834
3345
1801
3059
3534
3333
6314
7723
4197
4534
7568
7788
7554
3133
9174
3601
1585
9836
5917
8446
1584
2897
6532
6224
5596
1612
4936
10589
2282
5349
9371
8866
5288
3139
10691
10471
9517
5910
9379
7848
4117
7354
5547
8396
5098
3063
9700
3689
9159
5967
9823
1862
5005
3522
4328
2083
2816
7479
7119
9900
10814
1617
10335
2831
2195
4081
2797
619
9889
4533
2155
10501
6615
1823
3536
5330
6529
10619
6395
386
1682
9523
4065
5045
8020
2966
5625
6118
2429
6768
4711
4417
7054
3701
8582
51
10746
3895
5311
1426
10742
6419
8980
6598
10591
9211
6294
226
1823
5117
8916
1391
8873
8934
8812
6470
7118
5423
7342
788
6847
2485
6455
7225
4838
4612
1865
2585
5200
3613
4384
10553
7995
7779
4353
8431
281
8199
8095
6536
7784
9447
8347
2749
9566
7768
1082
5631
9705
3157
8812
6717
2427
7194
1100
3834
3536
3484
2285
2850
3296
2670
5352
5451
9246
9299
6751
5698
4554
4857
10604
10166
771
7602
9901
4231
5292
6880
8514
2210
2938
3654
6014
400
10214
3652
7235
6943
9062
10686
8787
4090
9919
848
3645
3422
4892
9703
5646
8965
10479
10341
9713
7849
4224
952
7669
3384
9542
10664
7470
701
4874
4827
50
50
3577
4573
9462
636
8111
5524
3277
9336
8336
4749
9293
6120
5462
7329
6820
4563
8267
786
4102
2000
534
5933
87
3797
3283
2697
2247
192
5380
10370
8343
3530
7122
9339
4374
4948
3641
3771
4835
5054
521
10405
8084
10675
8043
1906
422
661
9447
1715
2288
6382
6289
807
4918
8724
3927
1076
9984
1965
5415
1063
7269
4184
6370
1513
2017
4995
5288
9447
2773
1637
9971
585
5826
7214
7229
5641
10100
5740
6825
10376
7784
7803
3424
6510
6313
4313
10636
6054
3060
3385
10707
9929
9157
109
4300
3018
7748
272
2479
4241
3505
7825
3503
7278
1604
8843
2369
10288
5118
5490
9145
3204
5741
3877
9659
1291
8595
714
9673
10612
494
976
10732
4347
6268
7416
5147
7284
9724
3838
6340
1468
3037
204
5574
8480
231
6075
1391
7150
9966
6528
8221
2788
764
886
6847
6440
7726
9438
8419
2279
9373
6377
2037
9706
621
9194
7499
6537
1803
2145
799
10841
7706
4019
349
9680
655
4230
8059
4147
7666
8552
1846
8125
525
1135
2042
5071
4389
9995
6450
10584
799
10628
5762
9734
1745
393
3087
8144
2429
6205
865
861
8441
5407
2512
10686
5058
3648
2496
9652
1862
6432
10576
8907
4121
6395
9417
7176
60
6701
5794
8511
9860
9252
8034
75
10878
8818
3383
6173
10161
7148
1564
9643
3656
2914
5051
2449
8518
2024
1104
8283
9722
3235
2765
5231
347
7974
4918
7648
6067
2170
7326
9752
2413
5475
3689
9856
2701
7720
2768
10476
121
1624
8757
8290
8552
3697
792
1315
8392
481
9516
7492
9954
1241
4706
7217
4680
7581
9675
8820
5153
9181
5199
2133
8602
2555
6036
1595
2255
2035
7486
2613
7571
4056
9860
10021
5377
7727
8738
2143
7751
10178
7144
6290
8698
7533
10796
10235
9130
7492
2144
57
2892
3871
10366
9697
9650
8845
5369
1634
9185
10676
7251
383
8860
6290
3785
10490
9135
8826
2223
3567
4568
891
8020
7574
4490
5482
8192
1821
6199
2900
3235
1197
7642
2882
5071
4690
8293
1921
1751
8859
1132
9980
2569
7893
1065
3173
845
5711
3777
4479
4971
10810
4892
3268
7767
10516
3147
114
3756
3521
2343
296
6799
6908
1585
9171
1573
7281
839
1586
5276
1254
5010
8377
258
4561
4258
9246
6674
4696
7542
6434
6214
9262
5488
9280
10856
7582
1549
10436
5911
2243
4990
8785
10328
1028
1373
8602
9095
7914
8682
3037
9312
4262
8601
3314
9541
4575
8001
4213
4556
1721
8465
7179
4742
1920
1598
60
1391
584
9306
3708
1542
9330
7626
7843
2172
5888
3076
2374
7812
1306
479
10608
8676
9147
3192
90
2922
9999
10084
7436
5822
8267
2894
6032
883
9664
10691
5308
9327
863
1974
2345
4655
3041
5676
1648
370
9778
402
10749
241
907
8346
7474
3807
2018
10509
8914
6864
5837
9668
736
8972
3344
2305
7635
2197
8956
8765
6922
9420
10124
3374
9271
2251
1507
186
5291
8743
2884
4253
9059
9304
10154
294
2992
8548
5428
1805
2374
1325
1464
4421
10143
7213
4291
4043
1902
10004
3228
10507
10764
6085
3944
1067
2193
7737
6417
1594
3836
10899
4101
3822
5896
1721
8382
9513
3994
5315
4773
567
6362
2927
5495
9256
6672
817
389
10309
2978
9656
6241
10806
4318
9751
7227
7281
8930
7892
4507
1833
1919
1841
3972
2694
3057
4253
7601
8459
7841
10631
94
698
6166
10400
8153
9302
2686
8401
4053
8267
7742
4765
2806
1237
9304
5261
8833
252
9643
6062
2035
8273
1037
730
5319
4016
9526
5845
4568
8541
7860
1195
3294
7866
1663
4468
5839
7941
10512
5003
10296
1192
4827
4795
6193
10643
1777
4666
8370
5722
80
1128
8765
5898
45
7136
2404
7962
9797
5616
1248
3681
6992
7346
7520
4310
9915
8065
351
2464
1573
6400
6358
2080
5960
930
2275
1412
7377
9752
6120
6385
2596
10135
9087
7460
816
3670
7197
5438
4049
184
5174
4340
8998
3128
5284
1305
2166
6805
6149
7459
4336
8427
7857
6769
8201
6752
1335
579
3931
10877
1369
8735
2670
10890
3372
8963
5434
3586
6753
4722
7605
10597
5194
13
3230
4064
6979
6859
10521
5050
7057
5765
9931
3574
4051
1466
10770
7216
1007
2798
4748
1910
8990
6479
1380
834
2376
7797
5754
3226
8630
6604
10224
3509
8350
2436
8829
10665
5704
656
5132
7729
4225
127
2347
2827
6495
3704
4713
8207
7837
6
10087
9890
4239
9861
3300
7933
4436
6689
8030
8653
4236
6301
5971
1697
10715
5198
3981
8024
9212
8150
4048
2402
10592
10095
413
7939
2453
7742
3157
9096
4345
2423
8394
9978
2549
9994
4828
5595
3047
6088
10893
7418
2968
1295
9630
9296
1839
6977
3057
658
7673
1646
6311
446
6750
2012
9300
426
2665
1393
8112
7350
6320
3617
3253
3426
7589
6183
600
3749
1033
732
3078
7031
1656
8181
1640
6300
2786
6155
4833
7698
10669
7108
2564
2026
7150
9772
324
10066
8141
5313
4350
4045
4085
474
2523
3123
7979
1226
677
2600
5292
478
4454
1785
3896
7692
3001
7405
1488
7679
7217
9980
5119
2859
4503
205
6632
7984
1151
3896
8594
1717
7821
4825
3575
158
5392
2745
6344
5861
9077
5951
8865
5190
4007
1804
8677
8000
822
8947
2952
3240
2498
2757
7734
9102
9702
8021
3070
7671
7184
4903
10048
8954
9208
1731
3012
10686
422
215
5902
8404
1089
2971
9197
8688
5651
540
10347
5790
9854
5312
7716
7691
7338
5161
2484
5548
10214
7632
2210
5796
10545
8975
6749
13
7667
7972
1933
10103
4020
4274
4626
1092
2082
10262
8974
6272
2090
249
566
10095
5698
7005
4156
9138
3137
930
6501
1549
10811
10440
10172
8973
3902
9450
5984
10149
1016
9996
6363
802
4318
10667
9911
9368
3202
2627
2734
10523
8172
7361
2525
9169
2446
4823
9709
5949
6073
1846
5702
2815
10695
6021
2613
9547
1191
7436
8713
10240
2969
4338
1785
6606
2774
2544
8059
4631
612
2499
6454
4468
10156
949
6501
5400
7154
9597
8594
8201
1795
8195
3085
9679
10868
1141
2447
4841
3698
5730
10127
2880
524
4324
1941
589
3118
8697
1667
2612
7800
8868
7661
2447
2103
2393
4871
2003
5472
9549
3154
914
561
5964
7086
6700
7840
6094
5611
1252
10406
6923
10158
8367
2807
5984
10229
927
8329
2631
3386
7849
2745
8095
10114
6284
1050
6772
9862
4792
10837
400
3812
1555
7223
1000
892
6817
5113
583
715
6916
1904
8047
4818
6168
2810
5714
9996
8332
5536
2433
10298
9406
3799
9988
6146
1948
5042
10494
2916
5884
6080
5277
4754
1545
9926
1318
757
1345
9993
784
5889
6671
3242
1863
4116
7913
1699
1013
4650
9077
1455
2570
7091
2363
4343
3379
6782
5479
8225
100
7207
7159
7347
7626
4493
3794
5568
6035
8957
3079
3267
5360
8651
3479
8149
550
7819
5888
3230
2084
3955
4835
10816
3086
8144
1656
3210
3104
4384
4817
4321
5588
6840
366
605
7465
8304
5034
5937
5936
8338
1018
9140
2058
5434
9960
4696
4522
5237
6499
6147
5937
5419
7993
6095
323
4647
10279
5095
4926
2382
10554
1984
10550
2954
3854
5688
3059
10428
7691
6229
1623
6663
7641
6138
2342
379
9327
8580
10364
3368
20
1291
3404
27
9147
1751
5457
10464
6591
3819
9037
6258
9049
430
7392
4750
2575
1838
5849
4983
1936
1933
3176
10738
3775
4342
6209
8201
8301
8564
6281
1958
8336
3483
3131
6037
6
9833
7390
4195
9898
7948
854
1790
908
2115
7137
7
1151
541
10557
10042
4452
3592
5615
9566
1528
4751
6663
5763
1791
7259
8417
6675
7361
5040
4353
270
2508
10585
8933
665
6282
7134
10473
2116
9526
4480
6580
10341
2739
7617
3409
683
9434
10018
3120
8652
4827
3826
9860
2301
4330
10307
1124
4365
5078
8245
6603
2685
3751
5184
4602
3600
63
2491
5064
3998
311
2453
9063
4573
3039
10774
6118
8578
8901
957
9844
1609
10059
8070
1324
1283
2186
3977
903
4469
7302
703
9670
1042
3850
8982
41
9101
6190
9195
6319
2288
3466
9471
8679
2436
3471
4100
1648
8277
3423
10098
9375
5281
901
5987
3248
1903
10097
2750
7340
7649
4501
6722
6764
7114
596
5336
2209
3451
10219
9662
9007
4335
4485
9515
9302
2600
1350
4765
7203
7696
3865
9643
298
5308
304
5072
2480
3337
7022
5180
7914
3443
5406
722
6808
475
2507
5566
3044
803
6145
1057
8403
4920
10405
3132
4975
4053
9466
5732
2131
1772
7293
2977
3067
1543
2940
1016
6011
415
4387
6712
7951
6496
10547
4695
3223
4545
911
8719
10010
6166
6204
1778
7030
4031
10363
930
9454
8395
7792
682
10196
10534
9252
3290
2214
9186
7688
10031
3847
7083
8547
4524
7148
6574
6031
9452
3132
4660
547
7731
10505
3302
9913
6282
9776
5793
1678
7786
6079
7532
7612
8082
7798
9262
8617
8219
2520
8643
3404
8276
874
10318
5516
3685
9557
9745
1368
9256
9282
595
9547
8742
3708
834
7706
149
2260
10781
1575
2239
5461
3233
9844
5892
10288
6088
1624
9481
3521
9020
3328
6996
5034
4297
7852
3964
3543
1954
9512
10149
2726
9083
10603
2261
2599
467
3169
1265
9003
574
3462
6175
4108
10055
7156
9718
9524
4586
10518
10222
4910
3217
350
8110
2375
1258
7692
6745
1924
1466
3783
1525
551
1389
4583
10392
3437
5097
3135
5169
294
4160
8735
9333
7139
5284
552
1687
3591
1064
8483
5893
10278
3884
7749
3125
10078
6547
3232
6565
7859
5036
3062
6370
8737
3284
530
2595
9331
8300
6332
8246
2959
2120
10093
7397
5458
7174
3922
9213
6777
8795
3551
6836
8613
9197
9187
2245
10687
3114
628
10717
8230
4198
7544
66
7694
3417
184
6103
7913
6884
3089
7891
2142
6834
2722
2048
925
7619
5975
3351
4742
6732
8251
3590
6598
2419
10569
991
2826
7226
10668
3962
241
8681
10314
4045
7879
4997
5368
3904
2441
2196
3121
3681
18
7765
789
8038
7826
7906
5428
8112
5280
3165
7575
5212
2262
4537
4068
8967
1029
5764
9656
7137
5987
5615
3308
7722
892
4549
4186
2862
4248
10627
5581
5596
490
5040
9633
3425
4846
7965
10796
10380
7108
3547
9105
1772
9058
8512
6039
3214
82
7376
10882
5673
5911
7872
2302
10704
5102
1874
5180
5318
1075
1112
252
439
2653
7237
10749
3318
7118
10364
4168
5350
2488
6981
1181
2440
7176
1867
1723
5534
9944
4200
9145
2832
3583
2537
2390
8126
1131
1300
8992
1791
7036
7843
3919
7906
2592
7923
1271
1545
2287
8967
6550
4627
5426
2792
3969
270
8317
3469
2902
802
3776
7193
6157
4875
4547
10089
3691
1776
8379
10474
9472
6233
10326
10208
10837
10519
8472
4591
2640
1209
1589
6423
8717
6589
986
6084
1407
6344
5735
2362
8248
2193
2968
9768
4577
8249
10080
448
8875
3114
238
9154
655
9517
9827
2388
5039
1875
356
7593
3280
8958
1491
3957
8414
9502
5266
2294
1697
6833
3358
10892
6635
1452
5361
7621
3939
7141
570
4375
9365
6531
4871
3672
9581
7030
9570
9735
1153
9760
8263
8079
1043
3670
4599
7069
6492
3944
7188
6257
1866
4030
6496
3965
3548
4534
9876
8654
2399
5588
727
3649
7698
2665
135
8767
4443
8943
7692
370
3015
1209
5372
8870
1035
9027
3157
5128
10394
5218
3933
8203
9093
9571
7078
5499
2434
9717
8139
10179
3305
2136
8278
10307
9890
5799
6960
1069
3936
6361
4770
3376
6468
8847
67
3089
7511
10239
8413
1125
8716
10599
405
8273
9820
11
10799
7501
3171
2412
10449
10591
8234
8245
5177
8219
5484
1984
2250
2945
8899
1563
8472
9097
3152
4841
6193
5334
6338
801
2173
2925
3490
7538
1187
8253
1286
6135
5079
1597
7692
9811
2210
9223
7161
8021
5267
7829
2563
5392
1359
807
6480
1832
211
1547
3373
7276
6209
4316
1564
7401
1177
3349
5796
4810
4231
4884
10617
2331
9469
5594
4519
1138
4368
5158
7889
4044
10724
9139
10113
5843
3263
10789
6494
5261
9587
2701
3834
5421
1753
1927
354
5226
7513
2623
6913
10715
9043
3543
7109
4431
8367
3020
749
4209
6942
8529
7231
1904
3091
5072
3439
10321
9238
382
882
7195
10473
3798
5532
5249
8493
7634
2175
4760
3511
10870
9207
1559
2384
615
3804
3967
3471
2731
4493
8723
3027
1973
4384
4708
579
1975
7284
126
8199
10162
8157
8511
4021
6575
8642
2736
10750
7941
5478
2678
5466
1617
5087
9690
9269
8253
1152
3993
208
3644
3283
801
3496
7774
2449
5654
7000
4191
3249
8720
2537
372
7047
1217
7036
8059
9493
6779
7800
956
8106
4483
2375
2338
10639
4044
6546
7539
8875
10323
10005
1177
8861
619
1343
10013
8741
4155
1774
7433
6466
1552
7364
6202
1271
10462
2570
6637
8744
10125
10831
8965
5750
4283
7285
7497
5993
455
6909
7859
10824
5634
7450
6006
8110
2819
1687
8121
6674
1800
8422
8087
2792
3412
6761
3064
1335
10772
1676
1903
2472
8867
9392
8863
3391
9239
5664
6606
3556
1285
6697
9366
7535
2027
1256
7421
2007
4910
2480
5961
7140
6600
7508
10507
4424
5805
2129
3430
10820
926
6979
2162
8794
3317
8362
5381
4891
2279
161
3023
5379
6717
6220
7792
9710
8613
7392
4095
3491
8907
6803
2280
6536
6952
2992
8000
322
8716
821
1009
2742
4748
8853
4272
6825
4475
3953
8154
6409
5033
3936
9519
8609
8108
8829
1279
4704
162
8345
3230
6607
7206
2608
3770
809
573
10481
5978
2593
5830
5337
2162
6882
3410
5164
3886
10147
5636
8507
1667
1786
8751
4727
1759
3059
10576
920
9944
4802
721
6001
8327
2945
5115
5401
4246
10096
3458
8544
4223
6617
356
10391
9212
5572
326
7589
10105
4298
4469
8579
10522
3608
7618
7460
792
918
7624
4774
10371
2688
8325
10569
2684
2741
8698
2066
1538
2147
3191
2462
9049
2714
6078
4026
2320
325
398
1161
1894
4018
7845
285
1150
5520
2781
3392
7307
801
1678
9002
7203
6768
9261
5436
9898
5859
1504
4377
4537
5912
9660
9685
6918
4495
7401
4611
7876
10871
931
5158
5607
1211
5020
5760
5117
8190
8446
8709
10085
792
10847
4089
1500
9250
6617
3741
5829
1093
1872
112
4898
1802
6319
1240
9631
10023
2561
10459
8656
3859
5349
2119
3091
315
4586
2345
9662
6073
3004
4630
2371
9908
9629
8791
2230
1164
2782
10541
8905
5438
10861
1364
6342
8962
5473
3900
9129
9496
4746
1627
6487
5529
10408
10071
9504
2258
4466
7548
1809
3169
7297
6232
4802
8415
4870
6257
6940
3343
7020
7948
17
2630
9641
4940
8253
535
8708
231
9117
5413
9263
7296
2430
4616
5359
8860
1488
9797
2073
5021
418
9687
493
7372
8691
1454
5239
7278
2839
7117
6359
646
8781
3831
5768
1366
6554
9646
4802
232
1408
8491
6939
1220
10694
5483
9295
5029
9877
3337
6657
1351
1895
1547
993
2994
1109
9795
3684
2102
6982
8951
8872
5476
5437
7891
4991
8075
1403
6386
10196
3597
8113
4917
10343
4771
4318
7951
8001
2672
1081
10770
1025
429
5980
3849
7974
6654
6077
6901
961
8643
1172
7801
8053
6350
2104
5889
10151
2032
7264
8974
8024
629
6372
8270
8847
8912
658
2336
7635
3105
6139
9945
636
9469
256
3833
192
10315
2779
10812
7072
9735
1503
10105
8825
2850
8582
1229
8501
1567
10402
5686
2314
10074
1905
9333
10274
10636
10839
8295
685
10571
6508
4508
5124
9953
7305
879
4315
8349
9358
1752
6718
10753
410
8479
5268
9351
10880
7234
1496
4014
3061
5088
2739
9948
1295
7138
5251
6929
485
6018
9638
9633
6082
6057
4912
5269
531
3665
3025
4755
10068
2951
1925
8491
9241
7860
1172
6776
3850
10360
5523
3615
2793
4266
5178
6956
5958
672
9067
8254
2254
6808
4492
9806
883
2091
3006
3678
10186
5730
2236
1108
9033
8609
1116
4828
4771
5906
28
2212
2742
6236
8720
9935
2539
4796
4185
3911
5412
8962
2346
9273
1492
7793
8891
10470
5028
8367
6449
2536
1246
4635
1146
3917
4544
10158
5420
10546
338
2914
10557
671
10054
8711
339
9869
7831
7119
6792
338
8149
2761
8215
1282
465
1687
1660
8699
529
7408
6461
8011
5227
9666
8055
4034
1615
6312
3344
4302
8877
10266
10511
2145
3498
1380
3075
10598
4176
341
8455
7802
7390
8440
5253
4928
5495
2142
6738
7011
692
2151
3521
4566
8989
3721
3590
244
6701
1027
6241
3798
2701
2357
9898
8023
10851
6397
337
3985
3034
3185
2336
6880
8778
117
2728
2507
8263
5710
3010
10115
1739
6016
3129
7753
10253
6149
3163
6893
9751
540
6891
2284
2630
5814
9118
9868
8153
4612
5367
2755
8152
10161
7272
3439
808
7199
6223
3888
7024
3363
1083
7967
4674
6642
8757
6351
1954
5605
4990
3295
8800
1647
7275
7585
7211
5245
1569
9464
8503
2486
4103
10637
7959
4294
3670
2298
33
10312
5157
640
8249
8636
576
670
5617
208
3815
6286
3976
2728
7278
187
6414
10744
7721
3208
206
10339
8756
4063
107
6410
10866
3997
3667
1788
6578
4360
4207
10050
7455
3842
9817
7712
8685
272
9529
6178
10245
5672
5400
9505
4799
6436
8567
10196
3003
5179
2579
186
3655
179
7693
6772
4145
9873
4294
3977
6681
467
10128
6551
7825
1135
376
3907
7603
10571
6102
1440
2571
5192
6525
2106
8073
5833
8974
9170
1978
9433
1506
4438
5924
8695
5344
9622
132
2352
5932
10842
10674
2767
10866
8742
4281
5362
9219
5229
3294
8995
5731
7041
884
9761
6665
6401
2489
10251
10312
6004
5363
7052
6838
5344
1326
8663
644
2774
3534
7924
6338
402
8375
8659
4834
1311
4146
7119
8763
3585
4775
3711
3032
6667
7456
7206
10031
5337
3501
28
7482
1630
6372
1383
7411
8427
1648
2834
2178
5629
410
6507
5958
2644
3725
2483
6936
3574
6181
5868
8025
10073
7810
4111
3606
5049
1472
3990
209
3026
8629
8338
2404
4748
3497
473
7572
8896
7543
2070
10891
7615
3811
7889
711
9224
5111
10186
1896
881
445
8246
2167
8707
1506
1766
10138
9626
3173
2262
1123
7959
6597
2253
276
4988
4284
4298
5824
8202
6851
9714
6234
9218
7659
222
5611
2037
10849
7434
2294
2083
185
1211
10062
6363
9896
1209
118
5612
3108
8871
7872
721
8404
4375
5202
444
1457
8961
1542
8227
2828
1838
5791
3275
3237
3759
4102
606
9151
4690
1803
2584
8634
10308
9272
6417
3761
5026
9504
9937
9178
10131
8085
160
3488
6865
7557
5734
8416
8187
3633
582
4763
1696
10591
9421
4229
5121
8713
2373
2939
7599
4782
3717
7796
3192
1501
3242
2486
3548
702
3103
6429
7919
4783
8903
4019
5936
9605
9970
7489
10674
10295
4698
5483
8285
2732
2844
7580
8851
4676
4296
2144
10618
5787
4885
9174
6140
3352
1251
1690
4640
2191
7044
9264
2991
3736
3425
3441
7956
5753
4970
6385
301
7711
8854
5715
9810
9847
8534
10447
6857
5805
428
9653
2774
6229
3207
10687
10639
8135
866
2662
3916
9724
9887
1494
10616
8239
4114
2038
2459
568
6227
5070
4254
7819
7068
7481
2473
4682
40
10266
2936
1835
3602
2553
1420
8091
3865
9467
6555
10625
8215
1287
5284
2129
3470
9619
8699
8859
2984
7680
1930
3566
5656
7511
1619
7449
2487
2272
6892
9865
4902
10032
4846
6109
3400
6614
6039
7415
6691
4247
5031
6736
6846
756
5509
1448
5669
10130
9654
10121
2543
9973
2549
7830
5207
9804
9308
1588
6568
4022
6236
8295
10188
1496
493
10388
1653
2055
7203
5023
4896
10731
987
1954
5740
258
10173
10427
6135
1978
3743
7454
4493
4549
4454
10614
964
3825
3149
7323
3860
276
1539
6744
8141
2437
3718
9225
6743
8858
2647
7975
5093
794
4254
10061
10515
6397
7807
3265
7466
10163
2535
9832
323
3104
10631
2287
6212
3154
4468
5357
4301
10367
5793
5959
5621
10025
2092
4894
5484
2632
5754
9645
5925
9725
2319
1240
9267
4597
6952
7493
7771
3359
8854
1933
6307
2666
1352
8386
6848
1017
4114
869
6537
8617
1525
9708
10178
8129
7098
6858
406
2452
25
7400
4052
2981
3234
8281
6921
3091
1849
159
5369
1352
10094
7948
8541
4333
5697
4675
2381
10357
6876
9934
5635
6108
10226
9991
1130
8730
4315
1622
1157
9663
4159
3141
3384
7082
6629
8741
1311
10413
2149
7947
10567
3997
7466
8263
6542
2380
1600
2553
4558
5184
2262
8973
2460
4614
3931
7838
6614
6732
515
10122
8016
1303
1946
8164
355
10511
6376
7351
2730
8722
10136
9321
7833
8354
10377
1664
9394
5941
8141
7652
5922
3826
3308
5218
1494
8080
10250
7360
6647
4315
5208
7483
1234
7168
8145
3415
200
3172
3161
8681
1462
126
9098
7861
9021
10847
6361
5488
8248
4339
2730
4536
6896
6169
7455
8037
441
8695
7354
9210
6516
2661
564
10574
3990
10895
4801
5854
8966
7132
10741
6898
183
4697
774
7767
8632
2881
4491
3766
5693
6298
2118
7055
1358
4401
4160
3564
7375
9352
781
3429
790
2175
2358
5183
4863
10411
9164
7700
10628
9696
2660
7848
3631
5040
10131
8773
10300
6335
2850
7253
2116
984
3000
4944
10763
6949
4679
6912
8232
7710
6244
7010
449
6698
9724
7380
3639
6173
9085
8043
2993
8368
2366
4811
1245
931
2973
532
5976
6907
9602
6489
9872
10430
8387
5108
1433
2930
435
2073
8546
4686
10407
3402
9343
1408
5426
958
8242
5956
10654
5806
5965
281
4547
2772
3073
4218
10599
572
1420
8665
6168
266
7052
1318
5479
9751
10124
7278
8001
1338
2600
1677
2561
8230
173
7620
5916
7898
8891
6965
8673
9100
8069
7785
3375
7030
5591
5482
6619
10620
1216
7062
5349
789
4804
4903
8881
7112
1902
607
6899
1928
4286
10029
8167
8238
8585
7824
7371
5706
10786
5523
9581
2440
2086
9683
6820
9271
4445
3352
7470
10795
9836
885
9370
10853
8236
2279
5576
7143
2195
10690
5695
5436
6178
2797
77
2808
4401
7128
1195
9947
3534
3797
4548
8536
10649
8776
3904
2559
4123
5816
2195
89
9431
3735
2016
10654
181
5344
8077
3103
4316
8039
9553
1490
9886
528
6625
7952
490
3614
3499
6792
1121
263
1676
3885
7624
4072
7429
3112
1768
8753
1291
2669
6458
4448
6674
1554
4328
8743
1244
1506
2531
9055
5770
1326
3061
7887
870
825
9920
1866
1900
1033
8255
5262
8288
3039
2925
3633
10245
8388
5451
4493
10566
1987
673
4563
9598
3941
10710
5053
1073
5956
5881
7430
1556
5082
5160
10561
6291
4887
4544
4848
7756
480
8727
10586
8495
7151
8437
2980
9725
8352
6526
4246
5762
911
3645
2307
3492
821
8385
8829
6531
10089
8927
1317
6719
10482
1330
7733
5893
1050
9215
6015
8586
4346
370
9984
8005
9870
968
2312
5255
4601
1531
8409
5897
2913
6269
39
62
10470
7177
4865
8178
7307
3912
3248
2032
178
2091
8881
10175
10005
8860
7042
8504
4081
2386
1091
690
7887
6274
5569
7731
7015
9589
2837
5221
6555
2482
3008
7762
8146
633
537
3812
5743
9897
6601
1700
2957
3706
5502
7544
5997
6512
1234
1659
2476
4171
6647
7080
4017
3860
10837
6428
9715
936
8649
8319
7331
944
5636
54
1728
3421
8803
6587
10371
5497
4198
6011
6417
4047
369
1970
10150
1208
10100
8712
4878
3831
10659
5093
3133
39
6675
8166
2913
5645
8307
5226
5471
6737
2834
8714
7889
10100
6127
9034
9683
871
3954
1441
10450
6526
2117
9384
9693
10208
7793
4194
5514
7215
555
6565
8046
10894
2523
7538
5245
10100
5463
7691
8418
9551
3095
6240
9243
8456
4447
1261
346
2345
4091
7800
3718
10138
3772
9432
9340
2587
5935
9889
7806
1317
1365
2698
9534
6206
1179
7232
4049
7372
1631
5880
1196
4319
407
2645
1872
5620
3569
4260
581
5362
4316
2166
6702
7923
6874
3226
7949
5607
9826
2616
9197
5323
8072
4593
4690
2152
2205
4801
353
9629
4911
5917
710
2830
1719
1444
10372
5272
8201
7213
3602
422
6176
1308
1113
8466
3438
7986
1848
4081
5367
10158
3227
9754
7716
9400
4063
1725
5366
8065
8946
4674
10863
6997
10008
3865
8303
8206
5083
3960
1317
6957
3286
7302
2371
1127
10579
1468
4498
4947
10597
3884
5116
9018
7524
5646
7125
6881
8638
6166
7453
6313
9667
603
941
3811
9479
5788
1491
4847
4718
3786
10676
10398
10128
8420
916
2218
491
3473
5626
5403
9311
1404
7452
5215
1164
2074
9780
7020
6440
4085
4515
4428
2376
3745
5129
4025
2605
1707
4460
886
4552
9653
4142
3678
1822
2769
4002
1165
7817
10548
1657
8078
1944
9084
7902
9885
2797
267
8283
10430
5615
2457
4541
5620
8925
3076
2831
5674
10429
3351
10771
6468
1115
9602
7042
8767
2678
711
5114
9104
8598
5733
961
4043
4795
10083
5837
3800
7415
1012
6092
5803
10283
9362
8811
5221
1373
4788
6187
665
8662
67
5100
3191
2461
6467
10598
7379
1737
8979
9788
6302
8201
2028
2622
8034
9310
1823
6493
3688
10754
7822
10639
3137
8188
7001
4456
2734
1562
5459
8609
10188
2955
5829
4305
2821
1420
5125
6197
5510
2371
6040
4044
999
1506
7784
6421
891
4094
7819
1480
698
9464
4996
8793
324
3992
3503
10716
10765
931
8959
8121
6589
8446
3004
5972
9600
10387
8313
1672
8357
7593
6945
1212
5912
7562
3921
6776
9541
1292
8635
2005
1940
10658
183
8334
8597
436
10024
1770
9989
2504
6229
8556
4420
1267
6151
7503
6727
7552
8151
10466
6757
10468
2533
4358
7425
4461
4989
4691
1095
1877
2446
5887
9164
3582
5107
10371
10038
4687
9756
2203
433
187
8057
7645
7692
1725
8447
1398
8681
7495
9920
4864
5083
4903
3413
279
10103
2400
3693
10346
3353
1595
1819
3264
7763
7652
4741
7316
125
10271
1143
5154
3948
8180
10838
4561
494
3781
8695
5385
5817
8877
322
3690
8383
1312
2107
70
3420
7809
9545
1710
10037
916
8672
8729
3588
5104
4745
6342
5744
8130
10098
2927
7427
10505
7215
1402
4563
10773
10344
9055
8173
7403
2054
8167
6359
3404
4804
6392
2571
9613
4895
5271
6347
5730
7408
10829
2288
3110
1410
6195
2896
1862
4687
1407
2944
2812
9617
7654
8355
1948
8637
7375
9320
5143
5811
5407
3727
8846
3322
7820
8564
6729
9542
8500
2622
5288
6782
8111
8391
4283
1562
5677
5103
7120
3163
9819
2495
9816
9598
7214
3940
2600
5295
5777
9563
8477
1198
10146
8225
2266
2622
6483
3177
4735
608
9659
619
6833
8657
10143
1427
1255
10607
755
5971
3105
3623
9290
3956
3252
1664
10059
353
3940
1984
6118
7743
5593
555
9709
186
1079
3738
6982
9235
9955
7072
5001
799
7909
3557
10186
9215
4247
1156
2929
6027
9475
2486
10822
4486
5878
5895
3074
7410
8215
4230
1352
10745
1612
5395
8416
4728
3015
1817
164
7201
4330
2938
8005
10495
4499
3827
5227
1226
2431
8274
6797
337
9922
7573
2485
8767
9689
2400
6845
6757
1042
2726
267
1997
9406
1994
4726
9917
693
9349
6208
4685
10561
1875
5846
4123
213
3949
5679
6978
9846
3923
3958
2190
10080
2349
3972
3913
4857
1780
3327
3504
7854
8555
8114
9008
8739
1294
222
8417
3949
3222
5881
6630
4866
565
8423
9302
9761
4256
824
3060
7797
4263
6051
5419
891
7159
9795
6662
9824
3737
1524
8031
7207
3741
7710
9325
3803
3585
8238
3199
6631
3274
2039
771
3442
9528
358
3452
4069
1295
4980
1165
9215
9601
9398
473
9466
6784
8735
5700
3721
49
10086
10873
933
4569
9764
6999
9309
10792
564
5175
8926
7402
284
7353
5021
7631
6608
6080
599
8914
6926
8008
6735
8348
4574
2350
7312
9536
8662
3298
3235
8461
1999
3438
6855
2140
3566
9209
780
10150
967
9299
6129
4002
316
9105
4504
7529
10219
3634
25
8539
2908
10591
1159
6415
3862
3658
8870
5935
2277
832
3815
7521
4715
2099
8719
2372
1854
7213
6270
8762
1919
1284
569
5895
6597
10630
5900
3891
6904
8556
3701
2540
8427
4720
10628
5360
392
1731
6596
2061
2792
2267
790
6593
5186
10255
6446
4547
8826
2877
1418
9084
3036
698
5991
6651
8481
7770
4724
870
4999
40
8357
6062
5562
1011
3226
3796
4334
501
3661
7667
804
4433
7927
2774
4919
5944
9697
212
7220
10628
4845
3782
3953
5428
4518
6024
4627
1515
9358
6758
8916
8685
493
3569
6731
6837
4113
369
1490
1719
5377
2167
3906
1846
3251
7633
414
9974
8960
2085
8043
8427
3148
4181
2408
2025
2026
4438
9030
4010
8944
10158
6864
2077
634
2277
7062
6049
3335
4082
2065
4412
7967
5234
10453
327
9536
365
4765
4381
10725
163
6378
9547
3650
30
3936
7123
679
7285
1904
6589
1518
3957
6766
2265
10448
5210
8968
508
265
8381
3588
5900
9392
7508
202
3776
6627
7747
8762
6804
719
3725
2754
2610
132
7286
5655
4880
1533
1850
3360
5211
2308
4212
8665
5902
393
1434
81
9945
3443
2711
1685
8214
6008
1992
3346
8588
496
220
1230
9512
2533
766
3952
3858
3701
4796
4030
10898
8237
1531
3467
148
6922
546
1662
1514
10412
4696
5585
8424
1625
3195
3646
9536
9093
4275
8416
924
10461
2439
10210
1361
9229
6555
5715
1637
2472
6298
50
10772
9133
2882
8859
9418
3528
2683
2581
8767
6362
4037
1928
6214
6470
7995
5029
6691
6713
3381
9393
8913
9371
8464
10399
1122
9181
9678
208
10395
8258
4653
2
3284
6733
3711
9722
10825
4267
1517
5141
1728
2840
1166
5802
1705
681
5746
5523
6171
4923
5816
1564
373
3048
9877
3251
7225
6851
2747
8211
10195
4092
7071
4154
4302
1586
1112
805
4446
9762
904
819
6283
8936
2532
6831
7268
10196
10114
4674
4278
6256
9999
3167
8971
39
5108
1823
2145
8129
8469
4090
8174
3198
10752
3157
4011
2944
5005
2339
752
2386
2925
410
2288
7588
3412
7933
9603
713
8999
6042
2932
4016
9390
3975
1914
1790
2407
8016
3042
7713
4048
5504
7997
2047
6962
7897
2343
4516
7962
387
5019
3574
898
1853
5512
7134
4068
6032
4656
7938
5924
3422
2850
7381
6338
336
8537
10641
2130
10169
8944
4451
6371
246
1420
5277
8050
8989
3422
9290
3545
7833
8272
7340
4206
326
6376
10201
514
7379
9236
9940
5573
8546
1589
4515
241
5351
7568
10289
5264
332
4290
2498
3340
8751
1919
10564
3560
3466
9362
7539
4494
8285
1045
921
5260
5225
4261
9279
10178
7108
2504
9876
992
4901
991
7439
9911
7742
10627
1577
5000
131
3140
9251
4473
4837
8018
4132
5079
2823
5586
427
10752
5979
3741
6766
1542
2438
9815
3199
122
6321
910
8312
5370
6368
8377
9230
6674
563
2217
163
7032
10320
3320
8348
5678
6830
2635
3852
10255
3227
3098
1052
9057
10378
4523
2612
7317
10265
10247
867
8723
9239
6882
2493
5098
5274
6361
2409
76
6260
9149
2282
5487
4054
10489
10462
3898
10499
1651
1536
7911
7393
3469
4732
10619
739
9386
10701
5763
9027
9735
3408
9839
3449
7300
5642
1589
2546
4937
2207
10686
1644
3897
10683
9758
106
3656
4166
5521
7495
6493
5921
4979
1950
6963
7435
8262
1408
10759
2150
3352
7813
4854
9604
5163
161
8273
5890
844
9586
2526
10639
6783
7579
4176
3584
7690
273
7552
7226
10288
4192
3064
382
9388
3597
2346
4779
10748
167
5604
1797
1431
1881
5978
802
6763
10445
2458
4249
10337
3612
3170
435
6638
6444
6829
3869
1871
2650
4751
1888
8283
4284
5117
10632
2076
4687
9716
6975
9337
6025
2460
1228
858
4052
2550
2025
2390
7557
3968
9867
7770
312
5937
10681
9844
10632
9608
435
5776
7258
2991
274
2585
6017
234
2490
2280
676
7590
759
2630
10712
8157
5495
4530
4495
10761
5217
6296
4314
7561
7228
9239
7903
7543
6163
5771
1253
9057
10066
6255
1553
10702
8318
7543
2325
2343
4909
9918
3603
3142
3065
2540
68
8335
7257
2911
402
7232
10144
3161
4509
2864
10662
1314
7257
4424
7311
4302
9681
1260
10565
2886
2693
9479
5770
1702
7648
10076
9244
2877
7319
21
3791
3121
2344
2440
7012
10222
3301
7991
7737
5986
1079
7540
3586
5674
10468
6970
2284
10367
9901
425
3961
4670
3707
3969
8878
9136
9972
9793
10824
2189
381
10692
1338
8358
7618
894
8777
10427
2059
4022
2210
5663
3297
10386
8820
8237
3960
1138
7516
314
8702
1579
598
2815
3173
6953
6194
231
9927
8698
10063
8776
7871
9845
7032
8050
7211
8253
7601
9801
1585
4904
1039
5222
6182
9053
2194
4627
8023
5047
3988
8213
5327
8951
9996
8154
622
1319
3889
10526
8382
6771
3353
7224
302
5261
750
6992
9423
8875
1561
4640
5023
2941
8737
6808
6355
784
4520
5640
2527
7938
2228
2698
3931
8771
8987
1914
4536
3037
2636
2986
8639
4433
10588
9600
4423
6462
5243
4842
6644
10725
1321
8765
212
8503
10677
5965
6605
538
7329
6297
9070
2544
5492
1450
9607
6865
8928
9478
5806
8660
3490
10360
3994
3152
9841
6339
989
3796
5817
2659
8884
9308
629
9001
10006
5564
6611
10195
6689
1821
7971
8807
3515
10741
244
8244
574
9030
4923
9526
7414
5996
2361
7536
8335
2797
10048
595
7974
10078
8683
4675
5006
2401
3797
5198
695
9426
2287
1818
8229
3386
10829
5843
3277
8927
2154
7429
8349
327
1466
8773
2467
546
2803
6971
3115
2416
6350
2455
2864
9142
1709
4461
3308
5311
3449
3957
2740
4085
9940
3606
10633
6964
5671
3858
9742
7640
3403
2959
6015
5284
2234
10396
679
476
8737
3554
2952
8606
5792
1198
9650
984
5968
1558
3302
282
3106
9281
708
4814
6650
10436
3531
4281
508
8217
9767
9451
46
979
1002
10208
2516
6437
4780
5472
2609
1620
1487
6822
5950
3978
6548
8584
847
1573
9233
643
2507
8868
1168
6887
2955
436
7267
9839
1934
9024
6972
2683
3932
6500
7105
10467
5965
8183
9454
2529
2319
5971
9042
4383
271
648
7930
1583
6399
5244
10677
6860
1059
10735
3351
2035
10801
3857
6048
529
1922
1066
6334
9847
2138
10213
8873
563
982
815
8029
5237
5050
1332
1681
9808
5514
10847
736
5619
7169
10442
4530
3595
5893
26
7522
8560
5904
5106
626
3838
7850
3311
8579
3209
8761
2615
10789
8291
5523
2634
1504
9470
2874
6156
10343
5290
9208
985
10508
474
7286
8569
4032
2111
4509
8908
3187
531
485
4042
7606
2284
3806
1520
8148
1755
10446
8513
2177
2898
4709
5311
4228
2824
3025
898
7695
2356
5751
6137
272
2374
10267
4116
2461
7677
832
2707
2036
3034
1872
9893
4484
7451
4584
65
3324
3474
2261
5226
978
6748
7742
826
2730
7722
2202
4869
10494
2736
7946
5159
4039
8070
3159
10129
7217
5834
9168
1485
789
3174
3372
10127
4546
9456
5463
9014
585
2844
7189
4848
9166
1173
10047
10587
4108
2084
10498
954
6484
7241
3799
8661
7683
5152
2053
6449
10804
3925
8961
7376
4772
6416
4276
1571
7363
6361
10195
9184
8659
2050
825
5210
5098
8881
6328
6867
4914
1891
10101
1515
4499
6225
6250
5096
640
7989
1071
6011
9775
7468
1750
5120
4391
2025
1164
8293
1545
9003
7888
10554
1764
8028
3213
10485
3330
10395
6642
1056
4885
3993
9735
6116
7844
1446
479
4579
1535
5375
4263
4981
1326
8031
3778
4007
5457
7702
9353
126
6955
5062
9115
686
8722
1220
511
10343
10701
6669
7553
3591
3737
7899
1278
8277
1392
7703
1265
10799
9539
6373
3339
8696
7943
4666
919
2232
69
5671
8093
9007
10892
9285
10563
8140
898
6133
6747
7314
9599
8418
10310
3965
3697
6157
2000
4525
78
4355
4220
8367
9465
8498
944
6093
1038
7797
3058
3078
876
1040
593
6581
8473
9329
4632
5569
6733
9764
9253
8708
3208
1950
1403
1897
8269
9883
6795
7329
6126
8223
3985
10817
5528
4954
4578
647
5473
4970
4694
6247
9854
1630
10840
4704
5345
4973
3728
5322
2699
6718
710
1870
2767
8645
4686
6686
1585
5166
6314
7129
9861
6943
3410
6008
6567
3753
5254
9221
6515
3621
1006
2132
3524
7066
416
2912
3918
1973
9626
3413
7517
1846
6713
7662
9143
4774
9465
1071
5073
474
9881
6340
615
9738
9258
9223
2873
6693
10006
1534
6038
364
3380
1280
11
2472
1785
876
6416
8997
6
51
5048
2444
158
3022
4129
8867
1005
3886
810
1479
3282
1954
9708
6951
5332
6861
3193
10709
10248
10798
5312
2017
6819
4204
9820
8543
6410
659
3813
985
7392
8232
2748
10723
1163
366
2445
7551
6812
6923
2591
3271
2245
7723
232
4127
4900
10110
641
7026
7503
5412
3054
6801
4008
426
7315
276
6992
5054
480
10222
6282
4894
8421
545
2044
6623
72
7723
8738
8214
6203
1237
4668
6884
2907
3119
10166
8914
7082
835
6192
7540
2993
2900
10105
10657
1183
3293
1323
8989
9442
3713
8700
4819
5851
6068
54
9016
4476
5719
1029
2191
3111
4706
2045
352
3089
5809
10284
1903
1909
6647
6319
1177
4112
1948
10168
8480
3603
6064
8031
2328
9430
1624
6695
9185
7845
10453
2200
8239
10775
9424
2774
5965
2146
4861
7080
6033
293
7524
9974
6788
5880
4223
2828
7527
5219
6815
4510
3526
10083
5355
9720
6831
3490
2952
4198
3665
3066
2202
9142
7958
9585
2550
10332
5243
1277
8583
5014
2464
3646
3392
9140
7806
7824
9622
9491
8622
5543
1380
10309
10096
6864
1605
2131
5044
1840
3181
4759
3066
7722
9466
7232
3082
9432
5838
5767
3703
747
5694
4669
8328
8345
10234
10840
236
1600
8705
5051
4000
4935
10516
222
7295
6464
940
9929
596
5916
10824
6039
8746
9771
5520
836
2744
10107
7772
932
1979
2051
2739
6712
7403
1163
4901
6288
4589
1051
3396
6062
3408
7698
3730
9360
10540
2187
3336
3852
170
3249
8367
10530
4509
6590
8597
7985
4508
8495
6863
7409
6128
9817
205
9404
5052
9509
3255
5144
7497
1556
1924
2505
2601
1259
482
8033
6481
4637
5702
9443
4601
9154
6575
2123
4563
7112
10876
10336
10189
1297
3355
6757
5064
6246
7854
10673
6227
4616
8412
4297
10045
1082
9491
7770
4171
3705
897
1088
6
10689
5801
10597
8902
1165
7257
2564
8625
2219
3113
2671
8094
10706
9598
1128
1684
94
2478
1282
2817
4157
4983
244
10828
318
2559
10215
298
310
10566
5862
10686
1179
4648
7023
4267
7470
4022
3285
6620
834
7014
4997
6089
6988
2890
4789
9552
5697
7884
6650
7280
9166
6354
3433
7402
10124
3223
10350
5238
10594
1097
10391
4245
6059
1749
506
3717
1063
227
6671
7009
6578
9598
2834
5422
3269
1138
7195
6367
8131
8672
10136
4851
548
6628
7251
9137
2700
4150
9196
3744
187
916
3848
8627
2970
1654
6495
6156
7423
6850
5716
8913
1630
2511
6706
1178
2906
6323
3224
1942
9454
1796
6360
7827
6942
5455
3951
6502
9953
7602
4210
2585
913
6205
3881
8899
6756
4716
8661
7094
5182
10519
8302
10345
6817
8055
9476
3951
2790
1014
3581
4088
10426
3383
6478
8248
10531
4093
1325
6685
5695
2890
2197
8038
1857
1528
3954
2393
9577
10128
469
3586
816
3335
5744
5186
557
9964
851
1717
4551
10573
4110
3053
3645
5813
6719
10382
4705
8131
9368
4206
8950
3847
5950
6011
4282
6295
10856
93
5553
2904
5568
2468
10847
7050
3607
3626
10005
3954
8530
3401
4786
9481
28
9129
7667
9636
2393
7908
347
3897
3837
5411
5057
6745
6027
4893
10690
5
9962
3185
1535
1998
8000
278
7225
766
5158
5189
6642
2088
2367
2715
6231
9950
8254
852
162
7674
10430
8245
9384
5891
3394
9485
8353
9664
9381
209
6294
372
4516
5368
4432
1876
765
3750
1573
9751
3110
1094
8369
1886
10889
7438
475
8934
4371
304
2994
10592
6574
5186
1671
266
2034
9279
2960
803
286
7747
2328
9345
6175
10543
9674
3926
9748
2840
4717
1919
1688
10414
3566
5242
1520
5499
7924
7682
6751
5797
393
1242
2056
2392
8815
10686
1856
10859
7184
5898
9184
3250
1820
3053
4234
9569
7062
7232
3723
2528
10494
829
9524
9950
10419
6043
7982
8772
3840
3875
8595
6926
6675
5299
1389
10576
5654
1162
1953
2791
9577
1206
2531
4500
7067
9046
8942
6216
65
7905
3860
7821
10531
448
2666
9568
5343
9249
3565
9502
8998
8256
1760
5182
9035
6324
8331
387
7070
3964
10489
5208
10267
6192
1520
8892
6472
2343
5407
3062
5473
9762
5215
1147
3854
8342
3624
6308
8116
6775
3396
3412
651
8117
8216
10284
2290
10788
8413
1707
1590
4359
3459
4488
6723
10369
8177
318
10637
3597
5284
8436
2938
9049
6102
4738
7846
10299
1929
8928
1508
5943
3870
2596
6888
6522
1399
201
3913
7905
8836
10541
5921
5190
2113
529
8035
7334
6686
10412
6583
5768
758
10887
3422
5717
7183
10420
3370
5395
2941
6942
270
7115
1837
2288
9540
8150
7513
8663
2977
2625
6421
9148
7219
10216
7675
9322
5994
653
10062
6428
8839
6795
4002
10619
9094
9727
10885
5291
8993
1708
3979
640
5272
2248
10330
7381
9808
3390
586
528
4332
4595
2141
8427
881
3135
4955
3030
7332
260
7845
3304
4490
547
1329
6803
196
9382
7216
7593
9626
2036
358
896
3957
10758
4394
578
9388
6390
9063
8144
468
4959
9404
7604
5055
3970
1337
7267
4448
3346
1769
9457
1657
9082
3207
1787
6141
9304
7630
9243
7355
1882
3781
336
9717
9512
1969
1370
7376
8742
441
7299
4531
472
2598
10462
3149
2429
8775
8909
9199
9804
3188
10624
3477
8389
2616
7797
1874
10038
1254
5726
3229
7855
5133
5104
7170
7918
6139
7402
1831
6401
8280
9980
4851
991
5567
5074
9837
5355
4188
4487
714
729
10748
4098
6313
3547
8084
8758
5863
9434
9271
6931
6600
4117
10553
4901
2880
7482
9446
9761
192
4346
6079
6228
9116
4454
208
8235
7933
5970
5446
1676
7810
10013
3106
6570
4940
1000
635
591
2440
1627
2598
2149
1312
6632
1077
3517
5248
10022
4246
2992
2828
10846
3515
7855
10251
5620
3097
1157
32
5391
8912
6459
8091
3992
6615
1759
2360
588
4526
1353
760
10185
7352
9124
5389
5493
5730
4754
7375
5114
2175
6856
7139
10426
2558
6316
3524
8324
9951
6821
1752
3551
1068
3060
2810
5942
8599
3015
4861
7401
2503
4469
4754
7300
9886
10867
1823
8845
1255
8476
10100
6475
6637
9294
793
10640
4702
6080
9582
9071
5414
7320
10671
3644
3796
5664
614
9358
10875
5781
1911
10749
7135
9163
7846
1918
3964
10194
4346
1012
7824
6445
8756
3615
5850
8758
6165
615
3284
1064
10500
75
8451
10824
8752
10162
1111
10115
10382
10851
2147
10132
10650
7897
2097
5035
6890
5842
10766
7689
3380
3060
8816
8513
5681
9769
9463
2302
7234
7
10765
1887
1458
10091
6892
10836
6131
7882
5333
6269
3501
3291
3021
9821
9993
9075
7024
7012
10170
3939
6252
4245
5911
448
8711
1267
9844
854
6748
6849
9573
6617
8762
4621
7249
9162
2544
1713
9997
1339
1021
1391
10546
7767
10713
6728
7604
428
6532
1524
9928
6106
3945
2847
28
2875
5514
2419
4358
7453
1755
5500
9017
9114
2722
4476
481
2773
2767
10870
1949
10674
5639
9696
9285
8949
10300
546
3413
3386
3791
524
1516
4526
6087
1625
8723
10386
7576
1860
2214
99
2072
9247
8312
10403
7685
3501
7272
9520
5588
4604
8839
7177
3173
2995
6446
4625
9752
9067
3276
4528
10110
7577
6426
4707
10596
871
9524
2184
3312
4595
10670
198
2583
4075
10357
2580
7115
2609
7825
5939
7125
9201
2794
10545
7057
2393
5785
5610
4329
7224
5384
10861
747
2241
9172
1975
1607
3617
4422
4297
2755
10563
3909
664
632
8656
5784
3638
8060
10464
9965
909
5902
4347
5134
6716
2656
8985
9773
1541
707
4326
3312
3072
877
1001
4958
1612
616
1610
2143
7672
4305
3339
2743
9956
2556
838
6597
1306
7383
9138
1560
3635
9290
4185
6743
10113
6326
3114
5925
325
5088
3930
2713
5973
5675
9894
5051
10451
8755
7150
4357
5014
3698
5701
2439
10506
9413
8158
8823
6081
1911
5802
4242
5665
2614
8592
7880
3871
2906
8037
8161
1627
9584
9583
1743
7018
1066
8177
792
9516
7857
8663
303
9865
9869
10240
7129
9814
665
130
7866
6894
4946
8203
7010
7547
706
10849
7862
10719
1428
9564
5361
4729
3653
8181
1392
3198
1949
5113
10624
2902
9614
1523
3640
7430
5171
3138
2238
6683
320
185
2882
3011
9291
3567
1781
1248
8687
9057
483
2103
7879
8439
3461
4664
7950
4035
8345
8287
8226
8012
7157
10468
6003
4740
1886
4621
3957
9976
3246
6311
3333
8806
1916
3658
185
1235
7853
4049
5765
3637
8906
778
5
6409
4671
24
5917
7517
3073
6362
6476
3194
10012
3682
768
99
7691
9056
8982
10687
8736
6306
1727
3466
6594
9470
4350
6112
4008
1867
6401
10252
10160
7500
7567
7199
10789
1793
2439
3658
5283
933
5212
7592
7188
5571
2178
5470
1297
6634
1117
6862
9802
652
2509
1693
7301
7234
10798
4452
7322
8684
1696
8737
1977
3030
1817
9169
5445
9947
3535
1075
9881
2562
10364
3906
3483
4828
7062
4209
2632
115
387
6014
10030
1291
10478
2412
2403
2310
1991
6949
10489
2991
423
6241
7903
8448
5836
4685
7129
9482
9523
6452
10537
1674
1928
8741
10885
257
9699
3995
1437
8565
6947
5173
4452
3934
9635
4841
2001
5054
9661
1892
1153
8079
8611
6645
696
7625
4788
8940
1016
7076
5515
5026
799
2732
4281
7800
1812
9178
344
9015
10664
1572
8172
9983
523
5167
4610
1990
2086
9155
7956
8286
6077
5032
9257
9916
4856
6038
5552
2474
397
6135
10268
2409
8635
3146
4933
2241
4060
4499
2061
1578
7635
1912
5485
10851
1741
7852
4755
6017
8603
10093
1742
10465
2989
2237
3444
2678
2465
7452
5935
2269
635
4532
4926
4528
7459
4479
493
7004
3546
10163
8370
8505
8726
8910
2635
9750
4844
7914
3260
6504
7027
6125
4091
9375
662
4889
9231
2262
8187
8934
6471
3807
3768
1251
5204
6938
3799
6455
3414
105
1818
8917
42
5758
7271
9219
204
1514
2201
8857
10813
966
584
7841
1179
4117
1833
1216
3023
4005
6683
9203
2862
10387
10090
2519
7205
5867
5354
9298
5687
8388
6264
4718
6080
2013
5131
1545
9334
9060
3065
2658
4922
302
9048
8348
9124
5990
9526
282
4637
9990
4333
7647
6252
9902
6501
2861
5664
9202
506
352
10230
10584
1791
5592
1370
7807
7977
6949
6502
8299
2287
1252
7988
9382
8271
1781
3241
3062
10627
3772
3087
7294
8456
4158
1005
8910
1102
476
8973
8874
1772
8956
505
5128
135
7196
3058
366
970
10805
3923
10529
7947
2924
10049
10781
447
9410
7458
2207
766
2971
1604
1913
7908
8179
3094
1953
2272
7981
9805
2710
9338
5027
9798
7637
8526
1773
4038
7290
5065
5112
7266
5103
9724
8183
7787
4423
8960
5334
4660
2704
9568
5339
1673
4035
7084
3188
6613
2815
7368
5634
9270
7247
4892
4227
1193
10864
9186
6459
1074
8259
6573
8631
4366
7841
5714
5040
2032
4108
9512
4283
5861
7482
6229
8445
5088
8080
9452
8497
1807
3087
9811
7056
9733
2438
9894
2132
8617
8261
9052
10306
8103
4116
1223
9814
1831
2290
4999
2860
1705
1826
9809
9741
6365
8502
7431
6752
4047
7638
1085
9914
4575
7385
8008
9418
8910
2386
10292
9977
10845
7763
2027
7621
2441
3934
8321
9425
8885
8197
1382
3144
7953
5195
2116
4271
727
3393
166
6144
200
2058
10633
8914
6378
2889
10060
3562
8641
4568
8561
6589
1556
8003
1475
4088
3176
5190
7429
8496
10864
10159
7216
8779
5606
4008
1782
5132
958
6344
9814
6702
6258
9452
7739
5567
2733
4210
7913
620
3454
8718
6261
6676
5251
4245
5417
3311
6059
3772
4344
3256
5594
8269
2734
8728
7739
2176
5515
2753
10795
6084
2179
3164
5683
330
9297
2710
5935
9248
3238
4185
5152
10793
8316
3950
2945
10646
1200
275
2375
3803
5299
5570
5468
8756
8189
3147
8563
3827
8470
9071
1994
6526
3679
2006
6732
5710
2851
1581
7426
8420
7395
9838
2477
1163
553
8190
546
9825
6753
2805
10868
9091
6718
10099
8742
10009
9581
1467
4360
5401
2778
171
5407
6063
1821
6722
2090
2439
1213
5557
7956
1568
429
2281
2174
702
670
8222
5559
1378
725
6380
7745
4892
7349
5934
2967
2565
7020
9998
361
8710
3155
336
8261
8951
3562
3208
3892
6459
1864
7067
10295
9462
1559
5437
2384
9537
881
6263
10486
7501
9221
9452
2954
8315
6414
7395
7934
4410
2349
7393
7282
4487
9040
1985
8064
6112
10379
1651
6139
9501
7809
7875
8603
10218
10388
4202
3023
3656
2280
5990
10358
4371
4019
87
3360
7789
5921
10442
10246
1534
6193
3095
4364
2204
4637
8820
3721
7683
928
6286
7477
6010
9652
10031
10164
2044
581
7862
6197
5530
5114
7851
7754