668
843
436
734
378
1169
1168
1007
542
700
1245
1574
1657
1442
1699
1046
1481
1248
431
944
1857
314
737
1821
668
410
599
606
1528
826
1878
1374
1142
42
967
784
993
39
1235
54
732
35
1586
521
258
1772
386
1296
570
1231
1109
977
605
677
1878
964
1239
526
1334
292
252
53
477
1005
1771
679
1720
867
600
617
1301
1034
864
16
130
1208
471
555
1139
869
1311
119
1190
1452
381
244
1479
366
17
1274
511
752
258
307
1506
1736
377
1345
164
1642
1075
250
1506
1281
347
915
301
1656
1027
513
929
434
1791
1519
1147
1649
1329
854
775
954
1444
86
1778
517
1788
1533
1385
691
1083
1770
825
58
565
174
80
88
834
1311
922
1291
1470
407
1209
1897
1226
1622
277
195
1647
62
1183
1655
547
1720
1253
444
71
443
1362
1435
1288
917
1718
1556
1488
1580
93
841
976
570
1247
456
1005
799
140
1040
962
1150
624
1244
24
552
1159
301
779
952
1192
870
1598
1633
727
133
1856
466
1761
1635
693
1547
1050
367
1560
111
1438
1667
787
1252
1610
302
966
1566
1127
139
524
1734
701
1553
999
1179
413
328
127
451
890
477
141
589
129
1263
1856
896
1046
686
1293
1803
705
750
1201
605
1872
1530
1557
220
1506
362
1466
335
474
429
1040
1817
399
1805
539
1513
1435
1349
1153
901
616
377
1823
1692
1325
137
1111
1134
1427
1523
709
1015
1796
1302
669
872
1288
380
769
1121
695
262
680
1549
931
891
904
69
244
921
236
1340
53
579
1746
1434
3
1558
414
1370
1497
9
1604
1349
847
1236
707
1754
443
1471
1458
1727
436
1211
813
1608
793
393
1343
1625
1363
1027
837
236
1242
1560
32
1812
1062
1145
1314
627
1348
1424
1896
1532
1207
932
1740
460
245
1016
896
1856
220
4
1119
600
127
1802
433
1741
1722
421
1854
894
339
620
1014
1034
798
1550
1136
405
975
12
249
698
728
786
1611
425
914
617
21
1519
369
438
973
429
432
511
996
666
447
1516
915
886
548
712
1318
1709
534
1443
303
194
1349
1367
94
1173
1792
60
654
1768
1127
724
419
913
1627
746
1685
96
214
1449
1475
70
283
1299
1450
147
973
1754
103
139
996
1840
1787
1382
1613
1495
831
1357
1280
493
208
1154
1704
252
1747
984
254
68
229
71
881
714
1762
99
1502
125
446
1403
1388
1580
421
1352
1359
1303
857
899
683
1243
576
894
1467
415
252
691
558
134
1189
1552
939
993
1013
704
234
598
175
622
881
362
1143
1777
1635
1426
1499
1014
664
1573
1726
164
409
1347
1719
357
1891
1601
926
846
1742
1153
1413
62
556
1293
608
367
148
109
1218
240
952
1637
1153
1608
466
1462
350
1893
923
685
1496
900
948
1534
216
1045
1216
1394
812
1675
603
1888
1139
1803
1869
1082
1523
582
1192
973
291
1664
538
1315
137
1369
1869
396
876
907
477
1393
981
566
122
1827
991
1118
103
853
1526
1771
1216
416
1226
1701
1512
55
1213
1757
1132
540
1551
118
252
414
1746
871
542
59
1531
1326
795
7
1472
910
1895
185
531
33
84
546
1068
1107
1382
523
1021
151
816
312
1816
70
185
729
479
10
723
1030
729
1617
1658
1808
225
835
1211
940
823
569
524
94
1063
257
978
776
72
119
814
766
1314
1621
1336
597
1558
835
1114
266
1510
1013
1863
968
1336
109
1637
1449
380
1368
1252
1126
1048
1228
394
1364
411
1149
752
767
1520
934
608
560
1021
341
396
493
528
1255
1385
1215
1075
814
1295
1718
459
396
108
625
310
1111
1074
423
1616
570
1651
1143
356
991
1055
232
580
1592
236
894
1222
1312
1761
1763
740
585
1495
494
228
1358
1411
1707
1813
929
1247
861
1313
282
1109
1264
1742
926
870
235
1494
1172
1116
884
827
1320
979
1427
311
381
705
1359
717
1093
443
1218
92
1231
12
994
1366
818
1590
133
125
653
412
1514
1053
1233
1497
826
594
799
1799
1045
220
1273
264
66
961
745
1629
355
1379
1226
371
724
715
270
893
243
535
70
1814
1105
920
1601
647
1090
674
1159
226
182
1842
706
297
118
1568
145
1215
1577
111
1710
991
66
1095
1898
1170
1542
1708
1789
206
1304
1474
1248
831
1146
1419
1103
29
1225
1202
944
302
936
596
856
803
957
432
491
433
8
284
864
1612
414
952
787
1249
1803
704
1846
1120
858
1643
303
1070
259
1339
1369
355
692
867
1521
1138
672
1097
1205
291
558
501
955
1537
1794
337
410
458
1122
857
577
1485
1174
360
954
466
1751
846
1358
322
1713
1866
345
1629
976
1897
896
1119
1207
19
1113
1101
1187
372
68
261
1008
327
1021
343
1235
1111
311
1881
386
431
634
1809
926
1229
138
1794
703
741
159
921
218
1001
418
67
567
105
1497
736
436
439
487
1411
962
281
1541
1726
1679
645
1834
247
932
1320
312
792
1489
90
175
97
1385
86
1328
818
435
1365
195
1053
1855
409
815
583
828
1768
912
1026
514
1884
893
1758
1644
1070
864
1023
1025
231
121
1188
154
1807
1300
947
499
1209
1315
411
1526
1112
187
1470
1594
529
221
1865
1305
675
1594
589
132
1018
1053
1419
765
177
1589
1675
237
1417
902
390
129
1160
1647
1741
1437
1561
133
250
1385
1023
360
782
1273
1650
46
306
877
1092
1576
1489
965
270
373
357
21
961
1743
774
1793
739
1557
699
1527
141
670
1451
561
1500
339
410
48
1349
417
354
1233
289
1759
834
244
690
1287
283
20
655
1269
1734
830
1611
1600
1303
1808
1078
1322
618
6
233
1116
205
973
771
1446
1592
1036
1378
1131
1796
1211
315
1671
479
1671
516
1690
713
1852
1594
604
1873
349
497
1419
384
282
323
691
313
234
960
1053
1666
1722
230
1725
1808
1891
37
163
1494
949
595
1839
1532
1484
895
405
879
487
75
1763
1350
1724
614
1713
1006
534
1753
141
673
116
1227
177
354
764
885
707
1482
236
11
1775
404
685
500
1740
224
1298
135
1685
1161
1428
1502
1246
46
1419
1015
194
1070
1392
1298
1860
1379
1443
223
1547
748
1671
1710
1541
954
1842
280
910
1517
1091
1183
156
1074
1353
497
1605
521
1309
1800
361
1599
1422
1081
242
1024
1629
1348
126
872
1505
1475
987
357
1846
933
366
1583
443
1405
1164
1880
1262
1099
416
86
1611
1140
1399
1027
1060
52
428
87
1456
223
345
1732
394
637
1414
1638
1074
1364
824
178
231
904
1263
867
363
972
430
324
213
58
404
639
394
1672
1727
33
1511
1616
1373
283
1540
374
703
1001
1111
1737
1497
1658
1377
18
1818
445
1031
1230
632
1604
1172
673
863
1484
172
521
1652
1560
1803
1855
502
647
947
1494
536
1487
1636
1807
980
881
317
1729
680
856
1121
765
684
853
1424
318
994
1811
1341
1439
1772
517
1821
1703
1499
469
760
1799
763
643
788
1745
1469
381
796
844
893
1603
122
1527
1788
609
1227
822
1755
903
116
293
866
559
8
282
1100
909
1627
892
1007
1073
571
1145
1851
194
1161
1787
517
778
520
1288
865
305
1732
961
1655
1380
1702
18
1672
126
388
1425
939
205
925
1256
947
112
891
829
110
756
41
1619
1534
1438
1766
670
434
1892
1712
1164
350
1219
1686
1275
898
1716
830
375
1058
1378
1782
462
57
1384
1369
1146
1217
1398
1879
1238
1812
124
1010
67
94
131
154
1774
1194
1154
773
161
1444
1078
1565
1610
378
1411
1551
851
6
951
460
1110
986
1155
1090
581
608
1376
524
1479
210
999
638
1820
907
1849
22
1467
1844
380
577
286
1754
1884
205
1283
211
999
1516
1149
1410
1834
524
48
90
1589
750
1308
812
999
646
156
571
425
23
711
218
1218
1792
268
1572
454
771
167
119
1089
1014
24
468
44
361
202
938
1319
23
585
708
116
28
1112
501
515
1545
533
1309
395
395
1641
921
1596
1690
508
493
956
932
1637
755
1225
283
96
382
1705
1149
1346
1128
1368
669
92
543
1358
126
165
302
1311
1274
430
1797
1475
314
146
647
1554
729
1804
1196
1783
1020
1479
80
506
246
805
1676
1663
1884
1140
570
172
634
1076
697
735
460
1433
35
1284
1677
1676
1380
581
740
1149
1689
1554
739
1727
11
1726
1823
1520
1704
1045
1144
767
955
1014
157
1659
1544
901
535
890
383
1153
86
434
1115
297
654
1060
1537
1466
235
1304
1427
458
332
1695
606
147
1583
827
1254
611
829
439
350
1032
419
1333
1061
1218
1752
4
1746
636
1271
1249
617
1756
859
1466
1393
1739
1445
941
1315
230
1493
1275
1663
1720
1011
379
646
993
672
1691
1023
1023
651
1467
256
1172
628
160
129
166
121
211
696
1635
781
1379
681
316
427
809
1716
1706
1015
1119
1017
456
1737
1308
247
1737
1877
334
1823
1312
1636
1288
594
1235
295
664
142
1645
338
1542
1016
854
1876
373
759
952
1407
1852
1758
1020
139
741
1708
1124
876
1842
156
1600
797
898
1290
130
1633
361
794
1364
23
136
756
35
674
893
807
471
505
91
1627
918
1019
1011
734
1895
56
488
38
1198
1236
1052
1552
1680
1544
25
1596
945
667
498
1051
1551
1385
655
1828
459
1744
1504
1503
836
181
280
1400
1411
82
1620
1023
19
539
1084
1390
320
388
728
698
1072
1806
704
839
1152
792
298
1204
111
1452
778
521
1290
462
1542
965
788
1653
760
1578
202
1354
28
1580
1601
490
59
498
178
1544
1015
1517
1402
1238
1713
1121
614
1779
1795
483
1011
1699
1837
1881
1625
906
1597
1640
192
583
1840
861
502
1207
1171
768
1071
149
1058
773
687
1786
910
12
981
195
1668
145
661
878
1813
454
1058
1110
165
179
454
260
1133
1301
808
1215
748
88
1845
541
1267
387
1556
1354
104
1207
1335
893
220
1319
137
218
91
918
612
1734
74
1299
375
306
257
1565
1896
1450
1056
1461
533
837
1368
198
337
1454
258
1880
1645
423
428
1501
227
1362
1260
276
1788
590
1690
340
828
1286
1410
170
256
1422
1425
1793
1532
1195
490
454
1825
1610