12151
13650
8251
10304
233
1234
3574
5838
12289
7702
8348
10370
4774
9907
8627
6158
12011
8659
482
2455
2818
8242
3487
4592
12691
5115
1015
6534
11858
6206
20
5434
13528
9877
7429
10790
5184
13310
9402
5833
1040
6821
9440
1559
4645
5116
1207
1632
11637
4440
10691
4942
7893
10818
591
4800
9345
12541
12274
5127
1727
5276
1616
8683
2369
5132
9404
2489
954
2343
3712
11164
13389
11527
11514
11196
5769
11608
2428
5476
12037
7128
12795
5412
13456
12616
11709
3403
5959
13717
8988
1453
12156
2710
7521
217
9568
12461
3920
1069
10002
6515
3988
10765
8014
10540
7087
9188
10075
5234
6601
4005
5675
6328
3990
4576
8457
3630
3008
12835
2639
7532
12180
11707
2420
8840
642
11126
12368
3095
8960
6654
11898
9715
8398
4800
13832
7532
10288
1400
11462
7306
5204
7361
6492
5947
6421
6835
7428
7186
1571
13194
11483
512
1302
7410
11898
6541
1588
259
9337
205
5568
1550
13266
6294
9000
4871
3156
3359
13526
1707
1947
10224
13067
12680
414
7117
3985
4778
11436
5790
10579
4589
6735
9251
657
2369
2180
4623
2853
10104
7004
7388
2918
712
8519
6936
7205
8062
12239
10773
12283
1353
13894
13996
3746
3525
6058
6748
2354
11745
8825
7086
4997
3958
1452
6948
11199
1305
7941
9830
7826
2046
2304
13296
5628
5122
11595
7604
10516
11134
8089
2998
9500
4311
1270
7574
6660
6944
11217
2141
10760
1860
1554
843
8688
909
5205
12581
5568
7273
1767
6381
5515
10864
8719
4526
8834
4366
12246
1782
13893
1137
12228
12429
8293
709
4317
12783
6042
7134
9796
1072
5844
9608
5847
2923
6143
6694
1827
9671
5930
13494
31
13118
5732
3272
10444
834
12112
10411
11739
2361
9251
11709
4290
12811
10442
309
4476
11498
12997
6510
7697
2040
5167
1618
2214
11073
4788
11002
4043
448
8232
11400
939
11902
5319
2186
9793
4784
11453
7715
11933
805
8593
7831
5919
1088
11058
13739
11967
6983
12528
5155
54
4784
6200
6865
1934
10441
11103
4983
1595
2602
7890
1465
1109
11621
6180
1487
12350
9133
5903
11929
11315
7813
9602
9576
477
264
13776
5872
290
9295
5076
9704
13502
7289
12678
5413
5406
146
1820
4299
7385
13897
5446
7881
4957
8616
461
13560
7632
2798
9792
9951
10487
4782
1690
1797
5596
2782
7923
4741
13325
1440
13112
11384
5168
1386
7557
672
2456
12087
13741
6052
6818
6861
10523
9879
13729
658
12402
5410
12054
9779
3424
13305
6555
8060
8188
5739
10815
7660
5920
4544
12940
7900
6055
5320
3443
1139
4243
3385
7681
9931
10009
4817
1103
9120
9618
8594
11159
6924
4622
1667
2415
9413
3148
6209
8267
1427
2453
7182
7639
3943
12054
2443
13717
38
9842
3909
7512
1747
9276
8428
4001
10287
13450
10090
13868
7006
4505
9368
9053
8117
1485
5372
9607
4702
10161
4904
7503
965
3015
8753
8600
10249
11998
12827
4839
2854
12630
3169
1542
6414
12774
8051
10362
13517
11088
10597
1779
9224
9049
8775
10915
4382
13823
7877
4888
8783
5701
4525
12110
2489
2507
3963
13139
13843
4129
12585
10197
7269
9386
1504
3351
6319
4375
2808
5864
10090
3779
3777
3846
6036
7225
4032
3673
6245
13465
2701
13979
10739
10122
7076
6248
5119
8496
442
750
2138
5794
4013
13753
4264
4784
3704
13076
1060
9753
9186
8880
11270
5281
2879
6366
10996
2026
2889
3459
1720
4951
5468
6632
12414
855
6094
2618
11481
8717
7513
11434
1709
7448
11171
1556
7207
12297
9474
13436
7680
8399
6017
8359
11693
11122
7175
9439
4604
13030
6761
7315
328
12834
11235
2372
972
3336
12581
9802
5381
10084
11864
1691
8574
3271
7164
8015
5181
2675
1071
9852
12185
353
530
8778
4657
3578
11404
5875
11081
2523
6682
8559
6396
11714
2748
5579
2486
3870
954
4125
13347
333
1589
12694
5965
5884
13599
5239
3595
4045
12408
10301
3272
5638
5626
1073
13730
5985
8719
12360
6398
3759
2821
9574
3619
6485
8534
5566
10039
13248
3209
9522
11145
6537
2685
5055
5515
10178
12282
13198
1144
4320
10980
5567
1265
11154
1475
2034
7742
10809
7533
10333
2646
10921
3884
11266
3709
8555
120
5290
1788
2097
4397
10727
1844
431
13864
1789
7567
7476
7630
986
2647
11911
5686
3649
10948
3559
2855
9981
4191
3129
12088
6989
2158
3991
13021
10433
2309
11675
1806
1548
6673
9966
334
13344
7044
13777
2654
6025
9894
2986
10266
3536
11908
5762
3121
13522
9202
2063
2469
268
12718
4327
9189
5420
5188
7332
3971
4694
9937
11884
1100
9601
7674
1494
13755
4932
6524
12730
1568
7040
6761
13302
43
4978
3966
4743
5635
5278
10024
4953
6791
3223
2444
4774
13800
3886
4058
6349
4840
11256
10326
11929
9772
3041
3428
6765
8866
8651
3996
13414
6224
4597
2710
8603
4993
13225
6586
13905
5902
13079
247
2356
12913
3730
2479
9766
2512
982
12139
9343
3371
13154
10466
2270
2057
11926
1153
9269
3917
11024
9054
13585
13261
13307
4810
8478
954
4991
1558
11271
13459
13014
13576
11699
13702
9511
3999
2872
13582
1037
7702
9956
7245
5942
1642
906
3831
11032
8141
2046
6961
5734
7648
9770
10952
6789
12375
1711
10837
4758
9682
745
3200
7818
7396
13867
1488
5943
6115
10728
5642
1796
12191
2259
3843
1387
10534
8213
12458
170
6237
10067
12310
8569
11754
7465
1219
6614
2630
13569
1248
12254
214
6045
13751
12861
3884
6038
9661
7100
6173
6342
12315
4035
7511
3572
3298
1988
2124
8202
6151
8675
1190
5484
10847
13993
11741
10762
7591
6149
8383
3380
7645
6111
12240
13071
9991
5384
7156
2436
7518
13757
790
7727
1717
7786
4564
2111
3691
7281
8175
1037
847
10515
2632
13973
13133
7181
11169
6875
8515
4902
13552
2307
6336
4506
6130
253
13471
8451
9257
8495
5821
3798
8125
10504
4773
13823
10555
660
11194
9513
2110
10248
13564
10701
10311
13567
13828
13146
12539
10147
2817
1128
2398
6071
6835
12461
10990
11323
11709
12729
10429
1317
11200
2709
13668
12746
12651
8350
13842
8697
2407
10603
10531
2588
5938
11582
7256
2983
8069
13382
6821
11782
6572
2722
12482
2923
11880
1080
13889
7369
10706
482
2432
1254
9699
13802
4581
11363
5153
7132
13119
13497
2183
12526
12485
10001
8793
6841
3859
9238
7891
8370
13088
3042
6852
6675
3368
8062
9460
2391
1889
9271
5372
13473
10615
11692
13242
9469
1368
7966
3816
4337
4136
10117
317
4603
6539
670
620
10700
7433
5859
10849
1602
11564
12061
10998
12206
13653
10748
3635
1089
3975
7322
3156
2187
9235
2696
8173
9072
4353
971
607
1502
7630
10219
5859
8223
8802
2140
3312
7492
639
4363
13207
11422
1754
9890
8598
2585
11566
5887
2083
9133
10547
2770
1396
5477
9727
890
6653
5803
536
1277
10073
533
4021
13291
392
3166
9544
6810
1618
270
2156
473
4413
1365
2867
2145
2641
6583
376
2130
9408
9498
8682
7548
2120
6332
1984
7380
9929
11938
8768
4482
8024
7565
9394
12667
6218
643
13310
13101
3727
6272
11906
9721
5478
2975
2595
8015
13857
11826
5340
5820
11866
12655
13266
11751
7563
13021
3091
3097
1745
258
3417
13282
12293
8408
6159
9542
3603
3874
7550
6940
11742
5906
7752
6736
7151
9251
11851
11481
8359
8259
2399
13651
11326
9306
1083
9664
7665
7434
9623
10040
10978
11609
2587
9928
9802
6212
5323
10564
4126
5196
1685
11061
2122
1147
9286
4048
4720
8087
11649
13852
12874
8685
4945
4818
8505
7786
12976
4859
5220
2961
8620
10432
12142
2459
7842
2271
7665
5861
2427
3799
9646
1650
4136
13646
499
8981
9641
11458
9120
11769
2226
8416
3243
3850
12477
1739
10025
13641
4621
2396
4002
5794
9401
1302
13800
5407
5259
9297
5131
5154
7512
3093
9582
6966
623
4759
11402
6004
12731
7941
12431
8965
8918
9926
11497
4849
6296
2456
387
8790
6916
1155
7340
13147
12489
5175
4614
2983
3281
9001
11851
8196
3797
1991
8649
2658
593
6969
10672
13748
8435
1306
11237
9553
11112
12733
10963
6303
8121
1623
10906
12226
3641
13736
3366
5125
12842
10274
10984
11499
8112
11612
6458
1642
9938
11910
813
2577
10076
4476
922
3707
7625
3074
9665
3875
13262
4713
6035
1607
6421
9164
6852
6669
5460
3713
4107
12692
6362
11520
3578
3041
12132
7713
4073
8743
1345
11547
2922
5706
9896
8654
13422
10728
10609
6577
1902
1674
4422
8189
3412
5181
4925
7132
10784
11623
6555
244
8497
489
2886
8173
3284
6618
10025
8462
9049
6954
3494
5269
10908
13900
11106
3789
6505
6424
1332
703
9517
12806
3082
3814
3179
4125
10694
10117
9179
9580
8499
372
649
875
10700
4460
13025
9602
7660
12503
12839
3384
11768
10738
5116
9172
2723
6980
141
8302
411
10456
9192
8231
12659
1202
12334
10181
10715
11511
1142
2512
6357
4491
13646
4800
4524
10265
5109
12765
11879
7372
4318
5163
13531
3551
10752
1867
9129
7117
6790
11443
10101
89
7842
1553
11018
4081
9779
1361
1351
10390
9782
1818
10223
1892
10808
371
10507
12783
12571
9892
1655
6801
3909
5196
10291
7372
8419
2096
2904
13167
8045
6407
11781
311
2922
5628
7512
2550
949
8912
4927
3776
8600
8997
8854
13004
12121
1163
5900
13322
320
13261
9836
1434
6553
2448
9704
13067
498
9150
9268
5498
5085
1075
13280
11734
3080
3225
3008
9088
9841
9815
3014
12884
8192
7034
2535
3097
5969
1782
9262
12206
5038
10430
1550
237
12069
2215
2153
12570
4821
474
5977
11938
9943
11123
12804
11336
10329
9282
3989
4962
4606
12257
11156
11977
9173
11650
711
9283
7622
6177
8031
4733
1551
7729
4865
13671
13395
3646
8501
6021
6861
5007
4911
8546
1739
12569
12399
822
9000
4984
6504
4638
11653
10497
5229
273
6761
6543
9952
11170
2754
2240
3381
8533
7854
1739
3919
10894
4534
4846
8175
7866
10966
6108
11762
8245
6016
12395
12799
7545
9797
1479
7807
5301
6767
12909
12248
8907
10131
5442
2933
7787
5523
10377
10821
6244
12710
6934
12174
12155
6258
8368
5089
13720
9109
1018
9280
13485
8208
6846
9869
4934
12987
8650
8236
1967
1326
12323
13104
10892
250
10034
2207
5542
9739
9502
2737
253
9235
9798
5233
4728
3436
821
946
2691
4924
3720
6175
2739
9699
11125
6275
2955
6361
9901
7090
4489
395
11754
7223
12571
8950
6579
4180
6733
1730
1524
10669
9252
2608
6662
6462
11242
7918
5518
4466
363
10630
13501
3679
5087
10732
12780
12807
12097
1026
5041
12302
10372
6380
8701
7703
9112
8748
11583
5125
13149
522
11702
8897
2796
8508
9781
10487
13745
3299
10280
12167
8048
6315
8618
9717
2151
9939
11907
10963
13450
12950
6595
5548
2756
7856
4539
11590
9103
13665
2270
1784
9298
12789
10973
8697
10866
12841
3584
11592
10698
4495
960
3998
13346
10543
6848
1502
4118
10367
1446
13530
6758
2800
9290
4278
13710
309
7317
11138
3010
3028
9458
8336
691
2074
6117
2189
13258
2499
10146
6970
2302
92
9093
8211
3723
13634
4134
12602
11447
5820
737
2351
5696
6502
1869
134
10953
5966
11447
5171
10408
10721
13633
2880
8078
10250
9841
4113
6748
4794
802
13176
4249
13625
6173
4113
8225
5127
7440
7249
6182
3959
6998
13584
5913
264
4144
7641
6500
6747
3877
7186
9982
13670
9477
10618
10822
6637
5804
10918
3876
5316
3195
8397
11486
13340
3384
13468
11036
646
4175
6980
7832
13625
4593
4992
7432
5974
3459
6592
3461
4202
11843
11198
1244
11101
3495
13064
2344
10001
8968
11512
9924
12529
5207
3767
13067
8396
13387
11945
6696
12612
9619
489
13551
4964
3071
12015
1806
4602
4004
11910
3365
8316
12926
10060
8828
5782
6226
5119
10283
12077
9818
10245
10120
2171
12667
9818
6335
5763
7391
4149
6493
9005
2399
2827
3598
2510
5151
9466
6942
3888
8597
4316
510
8299
13218
12166
9935
651
13998
11733
3209
2857
7334
4436
6717
10027
9765
1820
11471
13832
5602
2504
11518
715
3268
13680
11227
11377
7863
4014
12854
12712
11839
7959
7336
10488
342
7940
8617
13476
8916
8401
8560
10265
5853
11011
1832
12887
4504
1675
13400
5352
11357
7286
5918
8833
1668
6286
9097
3627
596
12896
10928
3416
11890
5144
6019
4193
702
3866
1401
4341
11873
11412
3851
12367
7235
10563
3946
12725
11427
2938
2456
5375
12426
3220
925
5061
6947
10295
10738
11404
10506
2708
7669
3206
7221
12327
10757
11993
9562
8661
5886
4951
1684
4884
12989
6045
1111
4821
3590
1964
12684
9881
1652
2448
3300
11511
12472
526
10758
4689
6591
11196
7234
3133
10455
5381
11698
12208
6643
8913
6013
5559
7599
10948
6544
2924
7267
10977
5663
12512
4603
8878
6641
13870
6213
8059
8896
10740
4322
3389
11955
13366
346
13738
10876
4116
831
9000
8888
7153
13430
13232
8545
9383
11429
2431
2433
12959
10502
5742
9831
3453
3696
4660
1095
8010
8496
12599
11580
7568
9778
7159
9830
4192
1849
16
12543
12536
13885
3769
827
12572
4867
8092
3293
6266
1612
5843
7330
4137
5398
8956
9117
1940
12471
11810
7539
7849
13403
9
891
6067
9108
5702
13137
13345
7918
674
5303
2454
13825
7347
13976
278
10128
7581
8873
5778
8123
2314
11328
4444
7338
4086
492
9615
6876
9019
5803
1585
6584
10027
5974
6402
10190
12464
8795
3084
199
4999
8023
3293
7630
12588
4241
2270
13222
7868
2012
12164
7361
1655
9476
5428
8884
9501
5963
2
8938
3048
8039
1701
7981
3403
9571
5479
3132
7795
3924
11172
5105
11593
7177
1551
10929
5702
2642
519
6304
8567
10367
9054
9803
13482
13005
13724
10323
443
11106
334
10998
5581
6562
6907
13567
6303
5616
9453
1770
11472
8159
6466
12644
9081
9986
5802
4559
9101
4522
3192
2142
12414
2222
12409
13171
13134
10004
7130
2992
3902
13835
4249
11962
11103
1249
1055
5080
6308
6074
6932
7050
3622
4049
2182
3775
2473
11344
948
1850
11792
13104
3135
4114
9132
5047
12387
8251
13591
13049
9166
9330
8551
6759
11366
9176
7024
7589
885
3466
10858
12106
3509
4051
12421
4295
9452
12033
7747
9994
136
11868
12675
8036
5010
2172
4205
12760
614
2169
4942
1282
7541
3605
1211
7290
12650
4258
10151
2857
2925
10920
11671
10583
8504
6042
7323
5813
2787
9585
992
397
8005
9552
8070
2006
13705
7636
11759
6826
7673
11064
7032
13650
12925
12685
3666
5771
11592
6347
13375
7110
10455
4298
7939
8824
8096
2975
6659
3359
9024
5658
10703
6450
3892
1335
387
12324
13991
3525
755
4272
9638
12568
1793
5869
13474
2454
10448
5445
3939
11274
11671
10031
12507
3851
1503
13713
4799
6639
4933
7997
6171
3705
10222
12599
3508
12457
1870
11426
2307
13904
2615
1829
11273
4433
9585
11271
9218
11697
1237
1991
3753
13112
2884
3950
1418
907
10344
6051
3063
7404
7728
11422
10912
13627
9426
12872
10758
5172
1097
8656
7065
1377
9958
13367
6648
8993
2707
291
12151
10178
12761
3115
1319
4851
7100
7064
1512
10774
3920
12111
8676
5387
13313
6658
4856
907
3571
6631
11600
11430
7616
2384
5424
9225
6647
3244
3726
179
519
10487
11359
1969
11451
3240
7642
12695
2107
11112
1010
12140
5365
3688
3549
2672
10045
8279
2914
2990
672
9556
2853
1204
10112
10486
1228
1385
2367
3509
10764
5845
9395
1163
1448
11650
12889
8617
11328
422
9344
7085
11354
4601
8171
11276
4547
3678
13952
9398
5700
8465
11037
1749
143
2714
3919
4425
5414
5724
13256
988
8579
2090
5618
2433
13132
9794
11030
10592
12079
13920
13195
5357
7210
4707
4003
9709
11148
13694
3728
7617
12797
9808
13550
4837
4931
5977
10016
8129
7906
12509
6277
154
1053
2142
12264
7532
6105
6519
10774
11606
11331
2296
10392
10749
5897
1518
10788
9490
7038
6007
5938
7686
4060
5625
7392
12201
971
5839
10138
6632
13726
11340
13474
6544
5680
1535
9303
11037
9683
6890
11039
8853
3338
2911
5516
4998
12610
1755
9487
13801
3223
1386
12502
5225
2879
10306
5277
7915
9729
12853
8006
13591
6923
11547
4469
11475
13031
6017
9951
9632
461
10278
13782
4602
13777
5174
6823
12098
2080
3039
8519
7829
9840
8189
2966
13607
2381
13076
11632
3730
5369
4781
13949
5631
2168
872
10257
1064
2787
3468
4912
4092
1843
3337
4365
2123
8903
5572
711
196
5973
12335
13971
5795
7157
7706
7902
10388
13940
5237
183
1546
9566
12864
10412
10564
3135
4755
4577
7752
9391
13487
3464
2868
7658
678
104
8513
1470
11947
3921
6458
3435
3821
2291
2248
8895
5392
11540
13792
3397
12662
6803
8160
5480
4611
12986
11734
12735
4399
4986
6473
13601
10604
9775
5228
3261
13563
2205
5739
8201
8025
11262
668
10523
6306
7923
503
11892
5970
6172
77
4174
12242
533
3273
7907
2151
652
11116
13960
12079
4605
11879
12125
1482
6606
6183
6929
103
11747
3032
5931
6412
10931
9138
12031
6970
5331
7108
2687
9650
13078
7685
7383
4121
10097
11105
5375
4033
6217
1570
4988
3071
10512
11639
921
7714
5052
10456
11613
5432
8628
13038
6246
1034
5229
10529
1267
1351
11098
8222
3110
2212
13299
2869
4867
11979
6576
12213
1914
634
9159
5819
12356
6820
4408
3830
8654
9716
8291
1622
10253
2798
3669
781
10788
7734
2931
7136
6400
9399
3794
8817
13384
12425
3365
13134
1938
9011
6093
12485
12924
8943
10034
5023
6967
1127
4706
3772
11099
11987
4970
12365
2801
5079
6592
2297
4884
11391
5477
5271
131
13337
2168
6351
693
2701
748
6746
10993
10678
3081
3771
11007
6
2234
8543
8951
8621
7879
1425
11506
3690
13161
12260
5001
8245
675
11898
5211
10359
8509
1051
6845
7718
295
10081
8501
835
1178
9352
6517
10707
1473
1782
3521
9989
1776
9987
10023
2024
3855
1247
9353
6573
4915
8065
1567
6986
9614
4753
5293
3053
6526
6243
10352
9562
11323
4916
8288
12809
7795
1125
6047
2402
10586
11695
9433
7465
8564
13455
1719
11347
1143
5297
448
7686
11872
5093
1149
1585
13077
4996
4097
10786
10681
8655
10980
13499
3377
1478
2527
813
11779
3762
4160
3471
5888
4101
4160
8273
11574
13503
13336
7849
7264
5586
3478
10798
7399
1385
7546
4086
9881
7551
1820
7531
10907
6584
3543
3703
1604
9920
12470
9856
5008
13289
13448
9630
2033
1904
9379
5112
3939
762
6523
7596
12106
7726
555
1136
3310
4424
11313
6931
3422
7964
3113
4233
1811
12081
243
2550
1374
11197
5141
3005
7773
7292
3925
9798
6053
11737
9098
2371
8884
11071
8655
1850
7087
1164
2543
7054
2681
8775
26
2861
12645
4188
1417
3519
7411
4875
13061
2666
1599
7548
6754
13126
12612
12410
3150
12099
4977
1155
6565
5355
11196
3003
4140
10156
2330
12118
2170
8760
13667
13212
772
6574
12916
2593
13662
3124
949
4499
565
10960
2955
13875
6484
10448
4816
5104
4997
6071
6627
8069
2269
4151
12956
11679
587
8254
3366
663
8020
4935
3658
5833
1837
5724
2792
4506
471
5365
2823
10634
643
7398
1515
8610
7910
9291
7801
11809
12702
12368
9898
10999
6873
10178
9727
8569
4569
8682
7825
2660
4808
5478
12127
4452
4849
889
4527
4182
1617
12358
5210
9756
2646
12817
10554
2730
3480
6161
12171
8467
4529
4600
6820
13834
13661
3026
4609
770
13924
10919
4877
7238
10266
8568
8324
8944
7117
13567
13132
6350
6193
1479
2986
2666
12574
9825
2984
3718
8473
13440
10004
5814
9019
9184
13827
3797
10606
11473
1806
8311
5457
1995
5551
1879
3981
4420
13228
3521
1004
12218
4609
3208
144
2698
817
4034
9893
4998
12621
6731
4669
1848
631
3972
3736
5368
11562
11719
8203
11994
3265
8920
845
13435
13224
4858
8788
3786
10929
13944
7363
9582
61
5884
3645
4715
12803
12204
8355
1157
12489
6322
5379
12143
11079
12156
1248
1311
8963
6212
6993
9710
8716
5825
8882
5652
5988
2794
9810
3025
12801
7741
7382
12948
3840
5824
13362
9719
9273
4342
11681
12125
13909
385
4432
3333
12331
7861
11703
10409
2442
11456
668
6484
7746
8481
6912
4060
4396
10113
12185
3922
5455
13338
5898
10121
12797
11676
11156
581
2683
9676
11429
7601
7023
11514
13969
9779
10401
7966
11295
5890
11487
3318
10604
13602
7479
13572
7068
9441
3780
10837
7243
10034
7404
861
1680
5044
8749
2024
11884
2690
10635
8259
1137
9235
2953
10466
3149
2050
12113
7614
9575
5856
7617
9145
4533
12245
11180
4820
7326
4841
11509
7118
10873
12177
438
6957
13606
12092
13070
11411
13748
7235
4071
5659
3210
880
8448
898
10931
486
9811
5362
8059
7546
4019
13688
169
10821
13925
12033
3272
1761
7564
8456
1764
7888
5594
4679
7625
4326
1795
7275
6610
10519
7050
10999
7212
11290
10686
2950
7320
1966
7671
9365
9078
13105
12638
11321
10713
4715
6023
5893
9874
12798
6345
2688
11032
7310
3035
3702
3661
4321
6493
1393
13196
12345
3971
61
10750
13407
3202
10448
9613
22
13207
5713
6040
8515
8858
11746
10549
271
11976
4863
245
1108
10010
8252
6103
9365
8024
7277
11662
1364
13915
263
5716
13519
3255
2170
10304
1788
42
9342
3021
6897
13083
2087
1540
1219
362
3332
9207
368
3045
3646
13096
4021
2059
4113
7499
8302
2463
6197
1154
10482
6057
10753
1159
6781
5582
3413
12587
5402
2635
4547
12707
5512
3369
7997
13861
781
471
12576
10471
12774
5794
2751
5759
9770
12352
7709
10837
12535
10524
10962
4011
9983
7780
8611
11620
7650
11128
8030
425
2529
5187
13175
5570
7956
3148
3920
8303
1629
4704
9077
9870
10595
7127
11799
13638
10282
7870
4368
10486
9998
9504
4928
8589
12839
10218
10265
5240
12387
13713
13495
10267
9785
7061
10693
1259
11100
3658
8257
10632
10961
9996
9968
6687
4300
9409
5363
5091
8729
13036
12924
12478
9881
852
7988
11414
3192
1102
3382
4537
11314
5232
8389
3213
4992
10357
10463
6856
678
1141
12783
3376
754
1202
10932
3176
10271
10571
10165
2665
12731
11038
7979
7878
13992
10360
8583
3824
13379
8370
1582
1357
13003
13314
13564
2247
13906
13847
2165
831
4299
7906
6323
2838
11904
7776
1590
6500
13639
13503
5601
3237
11126
12587
9004
7378
12483
8753
323
11773
1559
8769
273
4125
1659
7014
9390
11619
8050
9121
4537
7866
1662
6597
3183
10009
6369
13902
5828
9034
8151
3152
9255
3269
13550
2787
7910
10815
637
4617
4211
12617
5942
11124
9320
6881
7936
6434
4657
1890
4187
10924
13187
8706
13019
2125
13656
3675
5181
2018
428
1616
12687
1710
5247
5103
12264
10323
7780
13380
5480
6778
5776
9763
12051
3077
13545
5188
9721
3427
13506
3712
11020
9928
13456
6583
388
6470
11545
8956
5572
13610
7955
12067
2880
8345
13720
11636
13931
9457
8733
11050
6639
3415
8080
13083
1851
7900
1452
219
10180
13074
5416
6914
2078
13077
6431
6293
8016
9331
10452
2031
6512
11135
12370
10793
13028
1413
10920
10664
13005
13153
9262
9718
4820
7578
2978
8619
6319
8150
817
204
7191
7922
4890
10854
4065
1522
4635
7927
6010
6693
4292
12594
4381
3834
7570
11370
12846
6375
5413
5255
2461
3651
9784
7155
7231
8950
7893
7329
2003
6148
10983
7485
13545
13019
105
5692
6451
9385
1992
9513
9999
12787
8455
213
7429
9841
8024
6803
2245
6664
3815
8070
6103
2013
11803
5762
5040
6417
11512
419
203
10445
9622
1707
8524
1124
9333
11158
13513
6236
2478
12797
4142
8812
9596
9010
388
1847
5443
3345
9907
11372
7560
7794
7883
3716
5182
915
13973
5419
8395
6173
8442
11502
1054
2052
8106
12563
5125
12288
12403
8837
8231
8295
5229
13097
3523
13245
13757
8889
9741
12262
6580
1691
7173
6330
6589
4266
9815
6275
12001
13384
12275
12223
166
2698
8537
10514
11088
2396
3652
3734
6870
7744
9559
2091
13366
4134
13843
7809
1815
11575
11718
4810
4807
8733
7642
12291
3236
8569
4501
3392
1362
4848
7980
3139
13535
11876
4652
8532
7801
10178
12222
4623
8659
125
7307
5556
8633
2972
6985
2560
7044
13470
495
7456
12252
1247
11061
9710
8658
8780
7984
9438
8034
656
10754
2162
6431
6909
9841
10050
784
1143
2007
3470
11416
10664
3260
8472
6797
5100
7766
1469
1902
8919
5596
2409
4650
260
9881
4212
12565
7374
12622
7297
13034
10088
416
1122
12081
9813
7121
2542
854
13098
10586
10723
8109
11438
2953
12590
11826
8799
8041
7028
12416
11140
10505
11902
13852
12513
11398
9116
8878
11250
13168
10278
5124
9187
5232
12454
3784
7274
2734
9193
9782
5504
7598
7346
3088
5851
7141
7693
13707
11776
3369
3855
5682
11008
7132
13232
6721
6932
11541
1620
6430
5591
630
9601
10410
8851
13369
8584
7492
6697
1637
2292
6851
10163
12736
8414
4519
3740
1157
8988
6230
5358
8808
12761
9403
523
13581
9498
4729
10073
7371
4228
2243
13891
12977
7457
7536
13742
12494
12380
11889
5873
1247
5736
1901
8314
4823
6524
13149
8617
1789
5392
2757
734
13047
6140
6964
6668
5518
5355
919
370
13288
1068
11023
2436
1798
6956
9458
5019
4172
9486
3629
12108
10519
5714
1887
12293
12242
485
6027
444
10444
6718
8106
13534
2706
7199
12504
374
8383
10756
9790
2621
4223
2404
10028
1536
12040
6013
4211
5683
1874
2858
8349
13930
6706
2710
10008
4445
3136
5452
5080
4961
7422
6780
1737
7919
288
5689
7120
1237
10750
13180
1052
11138
4187
12684
8506
9742
4211
8036
3034
488
7827
1348
105
5275
5073
4970
11191
9001
10171
11740
9122
1085
242
4922
12292
7574
5625
8899
8773
1225
13894
12644
12086
12416
10718
8206
1073
9159
11296
1568
85
5234
10781
5010
9025
11339
13836
10419
224
11205
8789
13563
2639
6330
5756
9607
11584
8328
12639
3128
10159
8053
12964
7006
1393
3074
10356
13184
7276
12136
12235
4093
4960
13656
6073
7904
12704
4555
698
8100
10248
4023
11103
1003
5470
11403
8923
4478
7716
4928
9416
2891
3283
13496
8823
7711
12833
2213
13065
12135
12839
4154
3253
6132
3264
13133
1498
6423
8965
8930
5545
10791
10008
9900
1797
9252
1602
7307
9573
8810
3141
8092
4915
8086
6837
8361
9493
2079
7413
9388
5315
10807
8970
7107
7821
3389
10908
4325
3115
6558
2851
1346
655
5377
9837
2453
1335
10093
833
7559
13292
5676
11943
4255
6538
6653
6969
2661
6420
11344
7445
11981
10854
8846
9313
5915
10277
9093
3984
6662
2506
8496
11823
1704
13109
13310
461
10968
3840
8801
3909
7422
3487
8814
4479
2458
2409
10827
9006
1764
743
8194
11197
7322
11085
10832
13700
5471
10587
224
8871
10668
6300
2520
3723
2340
1142
372
5996
1229
9310
12015
11131
1854
10847
12818
5840
2785
12872
3058
3707
1025
3710
559
9988
3475
9281
3608
4270
9054
8577
8952
1283
12172
8797
1652
13603
7058
7123
12437
13176
10221
1373
9210
8492
778
1498
535
7799
8586
1655
4791
7620
12519
13145
1716
10534
12086
481
12832
1607
3607
12445
10873
3932
102
2547
10659
4484
3581
10919
5385
718
2722
5485
2980
9805
686
10599
7169
8877
9021
4814
4330
9079
12556
9358
4878
4657
307
8738
13538
9517
9388
7652
6970
13895
7882
10478
11354
8786
1588
2695
4301
690
1682
5220
4843
3742
6552
10832
2963
9007
831
4960
8396
1251
3674
13891
711
2408
2063
10859
13682
5165
9827
10174
13228
9345
6070
3992
882
10011
13854
6230
784
3389
5
9492
2930
3738
3727
8537
1482
10163
9707
267
4808
6413
1461
398
2073
5313
3570
3700
2147
8606
4989
9926
7238
678
6467
996
13822
12107
6012
11918
1802
11452
13956
10666
11800
8273
11385
1097
5541
5026
4376
3328
3201
8409
5911
4748
5075
7474
4021
13467
213
2548
11329
2958
8262
7322
12066
10868
13521
9958
174
10858
12824
11748
1435
10777
1401
1407
10453
8800
6278
5078
4918
2098
11169
9488
12366
6748
13320
4184
3349
7484
5047
11058
6054
13393
3464
2384
13866
5277
4078
3498
4264
9725
9780
3288
4786
12367
5851
10985
10856
7774
13957
11061
1871
7688
3245
212
13404
13664
7706
12091
9556
7106
1490
5830
788
633
6556
6967
4230
751
1804
690
12059
10379
8412
5115
11363
10495
13752
10836
1678
7124
13623
1036
1299
12418
5388
1753
11215
2575
5616
9998
4807
8395
8847
2254
8223
5006
9752
4126
9738
11405
13793
7603
11322
13639
11805
12326
7852
7974
4817
2860
7728
348
12192
3925
1504
7044
13529
3690
8373
8443
2082
6402
2414
12794
2160
122
4944
6725
164
12038
7365
3233
7687
12066
3313
1155
7232
7690
4885
6840
5717
7289
2840
8971
6495
3736
2124
2877
10696
4096
6814
5183
4784
5734
188
5429
5435
12107
708
3163
5746
12043
5478
5417
4556
549
3557
7474
5296
8350
643
2047
12990
3450
6046
1965
9176
7725
2425
9885
2493
13196
5206
9257
7633
9652
5812
6970
4565
2049
9916
11948
6824
701
1544
1725
8202
8113
5406
4934
5032
13296
2151
7432
3603
13158
5113
4480
344
8541
3975
10768
322
8012
865
2069
10288
6355
2771
6260
118
1182
10244
3208
12434
571
705
4371
6865
4376
2290
3278
2595
6573
3546
9428
10867
6167
3608
4529
11010
5980
1681
10690
8082
2717
13031
511
10636
12874
13523
3978
4770
13473
12069
3176
1917
2101
10547
861
10436
8452
3737
10602
8217
4213
8790
6322
11766
1205
4698
11769
5457
5430
6499
3618
11018
13269
10677
1577
11003
5532
7065
4661
6142
5008
7177
872
13994
4185
5425
4720
5115
13138
11077
12965
3174
1131
9412
10559
13123
10130
7315
6805
13135
8450
3294
407
7915
6467
12483
10291
10765
5581
12505
8211
5061
12284
3943
12037
4721
3869
7825
12593
6306
12484
10932
10419
3511
4265
11619
7075
7404
9608
7726
12745
3720
3862
9589
637
9587
5035
3452
13884
3355
6554
12119
3937
10477
9627
10465
10109
1504
7765
4970
2072
13722
1199
2005
4825
4576
7631
11470
10628
13393
11913
9525
1459
6080
3228
653
10724
9551
8009
11704
10745
1426
3475
7018
11864
2000
11700
11473
9917
614
8916
1407
2666
5252
10289
5542
9647
11874
1121
13061
5545
2209
10443
1929
1302
7818
6519
8965
4817
8072
5004
454
7371
12588
985
8651
6641
10027
3474
7264
6453
5682
195
4327
11212
2000
6853
1736
735
9369
2010
959
11262
8614
4417
4524
4486
8473
10561
1060
12982
6833
4564
9637
11844
7468
3947
13415
3503
9104
10660
1615
6255
2931
4743
10481
12390
3184
12067
6070
9134
3681
6163
4723
6040
1618
1780
1715
12850
2247
10350
6930
11354
3967
9366
8447
770
11945
9471
7753
2211
10104
1710
778
751
8021
7204
873
11076
4060
6437
4216
7202
7556
3854
10771
5058
6112
13592
2092
9930
1353
2246
13433
7903
12257
6570
7185
1527
8029
9445
8543
10753
5839
8212
11960
3706
7881
7212
4418
9758
427
9981
11742
4774
4026
8123
12367
5179
2701
8929
10544
7399
8257
7912
6532
10032
6337
9332
12624
4390
11697
3886
1910
3947
3335
2619
4107
10099
3720
4961
1541
5778
829
6783
8744
3457
12464
1874
13182
13825
13473
8634
8736
6072
5694
5137
3781
11093
12765
588
9416
6986
203
6658
10755
6417
9229
1724
3421
1766
3702
9208
7192
8229
12423
11231
2444
13770
3779
4103
10595
7219
9840
12768
3934
1882
12739
11994
3279
2529
11493
11415
10873
7883
4748
8831
1534
9358
12496
2123
5142
9919
7132
11406
10977
13353
10415
12581
10614
4143
5349
5677
6222
642
3945
2553
5848
13383
8338
12428
10730
6371
13169
2011
21
8179
12317
12523
12216
2645
464
13715
1276
1993
8260
5047
13990
8326
7540
8357
210
3766
10208
7932
11715
8883
3280
4399
3575
1058
10971
5204
5005
11231
2508
8255
9014
2557
11948
2143
10949
12717
10327
8775
3288
5284
168
6683
12714
13761
11665
3
13245
7595
10108
10058
13569
12586
1583
12925
9529
5392
13883
9990
2971
3538
7936
9704
9786
5205
12308
8814
64
11743
9686
9928
8689
12757
2233
12662
9452
3764
4727
9674
4462
3942
11848
2006
1833
9423
4425
5632
7781
13248
8480
13714
10330
21
8341
7825
2286
11108
6145
855
3314
6231
9348
9720
2390
11688
12713
8295
3379
9599
608
13375
1860
7316
12033
6440
4384
12447
6214
5079
11365
13279
6440
13814
2763
10770
1798
6188
2476
11005
8642
6562
8802
9616
13424
9050
13255
13222
10021
13264
6849
2259
8331
7857
13582
8935
10688
1392
3187
1569
1835
9867
12043
7126
7123
212
7976
9866
5212
3438
9632
2929
13118
1190
916
12505
13670
333
6929
3532
12874
6771
2625
4488
7184
9032
9263
13568
6889
12550
9923
12968
5967
226
12937
3289
1502
9215
13496
12164
1898
11706
12380
1263
11773
9216
6435
9827
1166
10910
8577
2772
221
2191
10518
5983
4138
6090
9419
11169
9068
12607
1421
7576
69
9597
9535
13766
8844
9031
6262
11078
393
9470
5467
1177
7216
9316
5478
1284
4450
6193
1812
4737
7607
7327
5926
1020
12775
6320
11999
2980
11966
8062
4622
3166
3676
12404
9082
763
5059
12134
10305
8451
12616
8831
13043
12567
3122
4854
3441
3497
6140
7453
10077
1226
12369
12172
10305
2879
8304
12086
376
10117
6285
10846
6925
422
1808
6226
1472
12548
7770
4831
3044
11778
9912
8582
2168
5870
10847
12301
12214
4435
4215
2838
2394
7466
3703
2021
7979
7700
1546
10507
6348
11427
5986
2003
1741
12141
8469
9449
9373
6166
8850
6691
82
5763
5783
3091
3751
13031
11707
7964
1006
1852
8089
472
12272
5099
8900
12728
3174
11724
5179
4564
4168
11147
1049
9435
8602
9489
7166
3124
13152
2123
12067
7818
10959
5495
2264
11966
5639
13926
4946
375
8443
7247
8997
6884
13817
11634
7666
9399
6010
7347
6199
6836
8485
2394
5917
9296
5293
13434
2163
13145
11992
12882
9097
8581
3944
7409
5627
8514
8992
1862
5906
662
11402
9901
1041
1823
10495
9193
2500
8267
5163
9054
12505
5370
7743
5545
11179
10605
4203
4842
13861
6217
8899
13871
6615
6897
268
9928
11460
11111
2301
9219
3615
6288
6477
11617
2738
10394
5668
1532
8283
11617
4814
6742
10348
9900
6211
12136
11883
8587
6526
2519
3061
10778
3720
3856
13062
7950
5198
7993
10176
12585
3501
2112
5871
12271
12919
13161
12598
6317
2780
9405
3049
1936
11449
11410
5604
5952
7812
8558
12497
4317
6837
6282
11823
1993
6310
4005
4236
10282
11320
11815
7092
1384
7578
6899
11472
7703
9596
218
8446
8752
806
4642
11851
5544
12385
879
4015
10562
11749
2579
7489
2003
2437
2994
5513
7913
8210
434
8073
145
11416
9996
2396
10264
2994
10088
4677
4248
12284
1150
12201
10865
488
3923
11706
1940
5850
2790
13855
9627
3627
259
4366
227
3854
2466
7333
8164
8605
11108
1622
5465
10674
8836
12941
11546
3910
8374
1749
9498
4392
10802
9873
9294
8423
11425
12891
9965
8833
6780
112
6982
6829
3113
3427
13711
8863
12074
3409
5798
13446
3793
1484
9388
10663
4634
8110
422
3129
5705
12494
1141
11214
2442
10956
7855
1543
493
13815
1928
8424
5691
12795
7083
2569
7666
1761
9981
10396
8176
860
12007
7522
13107
3052
5424
11483
2058
7906
12450
4924
2834
8223
5740
4295
9297
4710
9519
4153
3552
13191
5696
4140
6405
2210
8361
11606
12185
3241
13399
818
6829
10995
4071
6280
6153
888
8869
9714
9735
111
7529
8141
19
4669
4318
12889
1218
13641
8714
2233
723
6227
773
2110
3112
13202
3722
2308
5366
8730
6215
1901
2128
8975
814
10587
3060
4130
11525
918
2381
12942
5753
4679
1659
10051
10936
9778
12115
7807
11330
11812
12489
11277
11352
2105
7281
9446
13119
13420
2757
7397
10931
5929
12088
4942
10490
2151
2303
7465
9287
5792
3415
13069
13320
2174
2276
5898
2233
1270
10432
6249
10970
5539
8538
9779
7848
6114
10846
1788
7549
3636
5195
12240
13206
5468
7223
9601
5918
339
4192
11994
13167
4805
13303
12206
12401
1744
2319
2171
6825
1947
6434
7873
5675
13949
13681
194
5779
9846
1000
1809
10066
10896
12153
3033
10564
10628
171
608
9091
13771
6861
2298
8884
12160
7085
9896
8556
8756
1972
584
6143
501
1882
273
8659
9133
5229
6557
3994
4971
11559
3703
9087
10454
104
7106
7555
11385
2918
10898
3338
13677
13212
6583
13366
5180
1802
11246
11693
6248
3434
2688
4459
6838
13372
1208
149
3909
7990
9991
9565
4202
12
1520
8808
9742
1587
5716
6279
53
197
7903
7816
11800
13205
3491
352
6049
10073
2408
1337
5587
2875
1951
524
2398
10108
12913
10979
436
679
13494
12454
11622
3170
13117
13789
4956
7632
120
11079
8211
660
5258
8531
700
2532
4830
8626
12506
10147
12099
3264
10446
322
7391
226
10448
9487
7317
4361
2128
4903
3953
8442
8313
3546
5466
9186
6428
12604
7132
11671
10910
9806
13577
3021
828
4265
1249
329
7895
2290
8135
7228
6847
6420
5386
9883
11602
8307
8383
11138
10663
1104
4661
6225
4069
4340
13990
10572
404
2561
9148
11747
7947
3126
9889
12683
887
11996
12348
12779
6691
12810
10505
13247
4589
7688
1378
251
8746
5149
10105
3234
11791
4983
12515
6670
6552
6977
947
9827
3739
7369
927
5070
3303
10939
8183
5002
11595
24
4773
3921
359
7142
5399
11453
10252
7216
8415
5103
7458
5
5572
7422
10606
9258
9741
6713
7826
604
1559
6217
9776
4491
9483
11756
11268
6355
11717
12648
10546
8381
10274
12260
2030
12321
8062
3971
13421
3770
12398
12737
728
11527
8790
5020
13706
8078
7271
1378
13648
10685
3811
793
9083
3456
3242
3589
3574
6486
2739
7993
12868
10394
5300
2576
6477
4245
5317
7014
7435
657
4221
3893
6115
11832
13748
4547
2405
7782
6557
6269
2326
13581
8115
7899
2436
6451
3501
10239
1436
4763
1304
8622
4416
4755
3411
724
4957
6687
4135
1420
11705
10048
13816
1831
5079
11381
2652
3178
4352
10158
8293
6301
720
11803
8781
1345
5370
3364
280
5168
11757
4870
7502
12965
9165
3288
13438
4871
8632
12590
1582
9664
8915
477
11831
1790
8473
3816
5704
6077
2885
1979
13053
10550
6741
5825
3442
10614
9354
13292
2622
4136
8486
2639
8000
1519
9745
996
1325
719
11087
8124
10016
4580
11408
12972
13729
3943
3521
11923
11420
7292
12697
13508
905
11446
12951
11618
3122
9320
897
13570
7635
7956
13839
638
8776
5881
2071
11521
3514
1550
10367
6508
1404
5120
11959
4906
3808
7142
3179
4696
10219
5480
5989
7304
1449
1849
3687
1885
11823
6805
5600
1526
2653
7143
6992
1905
11072
1269
11991
2625
12167
5366
11143
9647
2864
13797
4466
10919
7998
9727
3850
5170
5717
7330
10725
7340
7180
8871
10299
1406
13106
10565
10036
10230
9380
12239
9356
13541
3984
12294
7601
4564
3169
1248
7285
7994
4689
3223
12135
8147
5268
9184
7567
8766
11818
2893
13291
13683
9926
7207
6264
6122
5736
9481
13509
5863
7745
4933
11382
4922
13610
13873
11704
13702
7354
138
5018
113
10330
4636
4120
2975
5155
10624
1230
5656
9764
2881
11626
5726
9624
13486
923
701
195
6690
5993
13776
10457
2637
12844
11981
10208
12912
12113
8693
4867
13507
3412
5309
13491
11299
12190
352
2990
3511
822
2871
9140
12184
227
638
3038
9211
8644
3124
8507
7942
6265
10814
8556
1765
1186
6335
11916
6752
3643
3812
573
9595
8763
2103
11268
6894
7259
4046
2573
906
12144
5579
6237
426
6252
7857
3564
1465
3288
1013
10027
9878
4408
785
9709
9328
1060
2365
958
7816
3168
12890
11462
3831
737
11535
1779
7387
9306
3551
5605
1081
6650
12353
9313
4868
5560
7056
9405
13534
1197
1845
11577
13929
396
2137
2732
3821
3160
9828
1478
11295
11532
12351
6416
3140
8330
4977
1166
11406
3326
10555
4
9691
10936
2743
2812
11955
2789
9659
12035
12609
10577
1846
9640
4922
877
5418
5805
3882
3620
12470
13960
7125
846
3581
10166
2839
6508
4578
450
111
397
8064
6199
8706
9763
11291
8774
6507
7150
1156
11978
12766
3675
9800
9752
9640
9466
7773
4234
9532
9455
2889
5519
4327
11371
10457
12272
708
12548
6249
173
4276
4408
1984
12676
8328
12190
4439
11771
3391
11756
13127
2320
7406
3924
4236
2640
3396
4200
9025
2090
7416
12278
384
1270
3436
11635
8015
6073
2097
4479
7303
6389
11868
7907
13678
8242
1490
1463
6669
8273
3895
12357
4455
6925
100
13436
10503
8074
247
1378
13656
10630
6399
3498
1527
6955
5170
323
2956
11751
7331
9117
10630
2862
13613
607
10693
7120
268
3832
97
4182
2047
3002
13871
10617
11208
10756
13916
5162
12401
13264
2685
4188
12918
9200
9839
3874
11867
5760
6271
1329
1491
11809
3861
3396
5606
7661
5165
4179
8028
13139
3395
9813
8167
4479
2402
5557
9441
375
8056
2055
6218
13204
9904
13431
11766
4525
3645
874
12800
11667
12809
7517
6682
1223
13395
9800
12471
3793
9399
8510
2841
5141
2785
2951
8652
10266
1135
2414
3633
9266
9307
13402
11983
11717
10013
3312
4505
3923
9036
2267
7806
10154
344
11518
7915
5404
11422
4885
5485
13365
1636
1473
4194
4804
9306
9688
7251
138
8757
8743
6892
11203
5113
9432
11911
10203
5172
1279
4066
8480
13201
7089
3196
7184
2249
1833
9614
1092
7472
2022
2358
10382
13490
2821
6296
9145
641
2628
1872
7588
13616
4020
7037
1618
2167
9002
2970
12836
2562
7034
3344
12822
5727
2997
7802
4052
6968
4724
2159
12445
3131
10363
8098
8597
6693
9497
6552
11997
8229
12803
120
11201
8997
7752
2703
1724
9945
4612
1691
185
4027
9605
10202
10250
10418
12294
206
1802
2868
11422
3115
9275
3963
8368
3583
10894
11545
5398
2915
3161
9426
6703
9672
4541
2608
2881
9723
10543
11027
4233
3752
3317
3704
7695
6919
6283
9056
4108
10301
9285
8502
7941
4828
4547
2625
12471
13601
4150
2745
9029
7821
7175
10789
12738
13629
7433
1170
12944
2500
6249
2123
4019
991
3215
10141
13662
9640
8936
9155
12981
10880
3139
13236
357
13181
5740
7358
13584
12864
8370
9918
4592
12232
7847
704
13435
13242
8407
2975
9072
10689
9352
1684
12686
12600
5175
5299
6210
6083
10919
4141
13570
4037
11374
5992
3247
7678
4323
12001
13575
2716
3508
8774
8115
12484
6245
13401
2990
6401
6636
12240
12983
11994
1292
233
11350
4812
2552
12760
1708
1026
10681
5440
7351
4708
8700
1005
1978
4877
9667
7267
4920
10994
4863
9937
10901
7296
8710
9092
7412
6706
13981
10051
8572
8514
12143
9292
520
8778
11276
3066
6573
2418
13805
3889
12975
10568
3365
10081
4658
12889
3213
6231
7227
2962
6368
5933
7479
12948
11883
5188
9895
1027
182
4244
10573
6271
3402
12579
4012
12966
11599
1316
2330
1352
2700
1865
9075
8620
11304
11196
6133
1211
13797
282
3779
3252
11395
11331
7134
1908
2055
12671
6468
4121
2134
5328
8253
7557
10848
9383
12021
10511
5395
8339
12347
11767
10386
4739
6985
743
5834
6247
1579
5531
4822
6727
7954
1257
12906
3842
1090
9701
13818
1209
11935
1272
8497
11152
12373
12067
5715
11006
500
9123
1410
9795
4322
4149
4605
8002
10807
8032
13723
2828
9338
1298
7454
8458
24
6384
12212
5708
2711
1975
137
13116
4453
5282
6403
343
418
12540
11956
4026
7782
3564
918
542
8380
5004
6259
6034
8392
4579
6844
12574
4939
11928
8547
3299
9741
7672
9835
3709
2015
5065
2624
6132
9060
7125
5625
11919
9824
2633
6382
5021
11933
12928
10018
3195
7533
8606
11161
1989
10144
9899
10843
1996
1253
5051
4320
10601
10357
10867
11513
9810
2265
6510
12388
9922
10514
6748
8290
9963
12479
12521
11757
6322
12289
9929
7535
11893
9310
5696
10875
9735
1858
10322
1725
4364
508
8267
11293
2232
2915
3945
9802
6354
9135
3489
9394
4333
2525
2805
7796
9684
5482
10615
8161
6330
3270
4034
551
5700
2009
6192
6538
1921
5426
7143
10089
3779
8436
7724
9135
5324
1069
5676
3291
10313
10131
7947
826
1402
11928
4615
10055
2243
13180
7128
4780
6639
1410
596
13961
1440
5436
7619
1029
4417
9589
13955
6368
4574
2159
2196
9249
8236
2457
9029
11032
10665
4389
5182
2189
5620
5496
9379
8057
4282
8317
6495
13762
3543
1187
6880
7627
5046
9357
169
2090
11874
10867
4484
8788
8995
646
10541
8465
12854
3457
3129
9663
13275
480
4182
3120
5172
8491
8870
11470
450
4624
45
12912
1630
2839
8828
13373
6138
10542
10871
8745
12524
2148
3216
13442
2907
13433
2738
11930
12358
8733
10079
348
8052
3039
11154
11735
3063
10368
8076
8864
3777
9665
12514
2713
4467
4626
6203
5851
5521
8360
13991
7251
7300
3561
1753
2304
1344
4265
10390
4898
9746
854
11462
10755
13395
9370
12730
9373
10560
9717
13017
4410
10827
1730
1571
4204
1076
2262
9294
10317
3042
10435
2586
43
5359
12278
1087
8361
4539
4580
554
12816
9741
8559
2949
3314
11012
1928
12201
1846
68
8961
127
3435
2752
13667
11110
8889
6838
12420
2590
5237
1080
7568
176
4305
9796
10978
10688
11519
5829
5194
3430
13654
11767
5096
1441
7419
11849
1189
1630
563
4192
12659
8545
7221
13836
8693
11595
6147
9435
200
3017
4550
11475
12641
10876
6869
6761
13427
7418
2157
11080
12727
8494
3973
12896
128
583
1632
8395
4099
5298
1246
10742
681
4721
2486
9808
9326
6546
4635
11268
3027
10568
13631
1379
7594
890
11355
10584
5839
12146
3057
9482
7911
10855
1840
4033
13714
3830
7161
10594
7689
10086
9901
11952
11843
7228
966
8188
9302
309
11353
5399
10119
2907
2973
10633
9191
12765
3488
7520
11140
9581
3109
718
7114
172
6267
11262
9655
3032
4432
5704
10618
12946
12518
10892
13695
1811
3852
5626
3400
1258
2246
8836
5470
9703
10098
12624
2203
7710
684
12546
6925
1240
8864
4009
3793
27
968
5185
8410
4127
12487
7267
4559
3084
11021
13944
3909
7044
7883
4878
3547
10753
10987
12233
1290
7375
8366
5391
9744
111
11828
13815
13160
2711
635
9681
3915
12773
6533
2924
12434
11386
4344
10901
3321
7850
11851
9274
12680
699
1490
13367
11931
12091
5725
7995
9950
1564
12681
7639
7164
7299
12332
3147
7785
1897
6836
7672
2207
5770
6249
11198
2780
226
200
8955
6049
818
11513
150
4558
11174
3526
13065
3645
7564
1956
5007
4038
11494
3750
12028
6239
7982
3175
439
11654
10151
6299
13752
5667
10835
11947
2512
3948
10621
8376
10559
12275
10424
7148
3151
2833
4672
5697
4834
2266
6824
7018
3036
11343
11363
7939
2504
3864
4797
8792
6227
12374
676
7025
10325
8540
46
9345
7964
1675
11280
13405
13764
8444
9302
4410
6475
5934
12489
1950
1302
7257
6292
10413
13461
6158
1562
9060
837
10948
519
10128
6300
6347
8733
8336
11280
11094
12690
10837
12862
7655
5411
8520
6823
11319
8801
5946
8681
9215
7272
6084
11091
10695
9807
10904
10730
5433
3947
3825
10830
4792
9167
4030
3501
10637
11712
7445
8714
183
13328
5288
13268
13807
5796
9253
10939
3470
11239
11473
5089
8384
11567
120
763
7683
12387
2287
12680
707
6131
8876
7071
12399
6016
4810
1612
778
10932
7653
7652
6193
519
8949
2763
8751
3954
2350
2978
3299
13526
6953
13858
10990
4985
2174
10550
2871
9955
5566
5798
12751
3834
3269
5328
13152
3853
13918
5256
6875
580
3382
9980
13438
397
6268
7162
2430
4477
7301
11694
4406
12648
5698
9008
1674
9803
8716
1526
4735
13346
532
7609
8107
7416
6868
7891
8450
9370
9630
7754
5454
2332
8668
13785
3646
4167
995
2217
8462
8785
11265
5162
9042
883
8535
13682
10310
6759
3974
6145
7082
3126
5543
11188
6776
4124
579
13202
10622
10409
4769
2004
8852
8001
3713
5802
7008
7073
1141
472
7743
12677
2591
12651
4663
11811
3604
5052
10650
5655
11663
4168
13616
3551
10540
756
6419
11309
11334
11150
5738
8528
6199
13677
355
9863
12867
4712
8993
13096
8526
2892
711
8528
779
5751
13000
7374
7186
13591
5423
1575
7481
4525
2961
10540
13762
6853
2680
9352
3647
7429
5012
8101
5938
762
5097
64
10858
11791
2061
548
3327
4745
11459
7244
4844
3308
11762
10056
7110
13941
10410
13991
10568
1517
8407
13103
9979
12572
6511
7771
4850
4652
3723
11697
9841
202
5782
11096
9984
12824
10536
12653
1417
12671
12893
5932
1318
8191
6556
9069
844
3515
11015
3030
7793
1064
9349
11527
3476
9893
6123
13661
798
12821
8635
833
10478
1537
1105
12625
4858
6751
3706
2466
3372
7722
11191
1537
11496
13948
9787
9420
9622
6454
11529
8449
2741
783
11889
12628
9707
8997
4326
6714
12818
4170
13848
6699
13443
7758
12790
13548
1602
1677
8444
1856
4250
13955
650
11418
9409
5211
6419
8663
9442
3027
5662
7090
13016
10564
12113
9938
323
9854
1728
5978
12089
10036
2306
4189
3201
10600
7509
11079
6290
7279
8193
1997
4705
7717
1613
12848
3194
9614
5980
11265
10808
2072
13204
10849
1727
10517
649
6081
5437
12894
10012
13479
6995
6322
1097
5464
3494
8244
5473
2738
11375
6757
11972
6928
7068
5092
9671
400
13353
13329
11485
2143
10532
440
296
9854
9024
8454
731
5912
7346
6502
5307
12678
6459
13541
10292
10832
9560
4784
7965
11716
3742
66
5492
7445
2422
9952
1795
4434
4763
12155
591
8535
12887
1124
3936
12194
2731
13646
8698
4578
5518
10843
8252
7676
1150
11852
5206
3878
6478
4915
7190
7352
283
9572
1050
6593
7496
4015
669
11996
2893
1908
7352
1757
817
5251
10009
9972
6173
591
12898
3268
9295
2607
9602
4644
7009
12228
12969
8937
9437
6105
2790
4372
8386
1708
6824
12195
12958
6889
6894
4477
10596
7125
2004
6922
7689
495
4853
11618
12008
5398
452
5576
4616
9309
1712
11052
400
12212
11735
6612
1935
3287
1981
9164
9250
541
91
6535
9826
6702
11412
348
519
9387
12777
1185
9471
1627
82
9188
11934
13216
8247
12589
13492
13273
13019
11195
812
4934
11963
9993
4743
13393
5740
948
7133
5691
8784
8909
5051
11881
9402
9280
4064
3619
2671
1270
11136
11582
9964
11301
1712
9828
6886
1591
3366
9699
8830
7669
8404
10472
2516
9261
3233
580
12993
3560
6586
12448
12219
10374
10188
11373
2379
8480
12133
8983
1057
11327
12921
1400
2774
10650
7482
9749
7891
2758
7496
3567
4285
10419
7558
4197
9539
2618
7706
12366
12556
4048
724
4181
11808
1111
12221
10739
8810
9014
8803
4437
924
10046
1551
6159
5990
6881
12324
11128
13745
5979
8092
13842
866
9510
13433
3415
272
979
4842
974
2358
4158
4024
7686
8665
349
4006
9315
10416
13314
11008
5111
8535
8503
9966
4195
11671
13570
8287
6098
3363
7241
6361
6064
3398
12049
8193
11533
10486
2961
2296
3471
7154
12955
1054
8496
11684
4768
7690
1711
12662
4369
10372
3139
13928
10796
4121
6027
11577
9596
10402
11263
4259
9198
9428
4611
9712
3102
1623
13226
8463
13014
740
12341
9858
2857
9657
5158
2889
5102
2966
7204
10331
6579
4510
640
4808
10427
6778
11501
6568
8711
3424
11570
10333
13154
257
13543
5109
1400
4881
5356
13184
11113
6585
7967
5341
7271
9319
10368
465
170
713
13957
1434
8314
10160
13952
11205
12584
768
6733
9649
1159
3617
1611
7405
6506
9758
10688
12137
2490
10370
8835
9502
6782
2955
10009
12146
7317
1023
1909
2842
12084
7373
12466
4398
5174
4759
1503
12381
9267
725
5757
7071
6557
404
5793
9256
6310
9906
2855
7500
12764
5455
2677
12474
12518
252
695
3059
9447
1476
2206
10343
6903
6159
5012
3650
13175
5202
6443
300
13869
1835
1430
9735
2101
6868
11618
1259
774
315
6182
4886
7416
5470
1879
6948
4234
5105
3443
13985
13035
6772
948
10173
1345
7857
3541
10006
1918
6892
10004
3734
3715
9420
1593
7552
7039
8946
13340
4517
8194
3163
4051
9661
11509
13078
12083
13367
2036
1892
49
7627
8198
8755
2054
1571
9122
9469
790
7040
11503
7127
4859
6423
11546
10812
10880
9123
9388
5787
1385
5989
8765
9344
279
5850
10864
8870
933
13392
7886
13076
12689
10764
12951
11644
99
5437
1577
12324
4799
9724
10347
8716
10898
951
2146
4145
1603
11561
6489
2289
703
5855
9212
8091
11870
2
8145
7314
4707
5998
8201
10050
10042
4223
592
5863
13269
4895
4446
13092
102
12355
12681
12181
1133
10929
8224
10140
11522
4053
4305
13661
12712
10454
7028
7582
12779
12126
12573
3881
7787
12654
2614
6529
13876
10524
8106
12142
4088
2547
486
8787
3624
403
2921
632
1917
12813
7023
3418
8089
5649
10281
5001
2995
11204
3374
6831
1603
9332
3600
12195
13590
4974
4596
8451
10231
12479
5808
5234
2772
10756
13431
8080
307
201
9315
6018
1530
1270
8762
13909
6965
12272
6131
7743
9591
13055
7475
6085
6710
6381
6443
2083
8346
9227
3107
5861
10575
11331
11864
10617
9146
452
10676
757
10392
5727
11945
1636
13729
5807
13057
8273
12436
7825
5343
13948
3504
13289
12801
786
9605
10565
7543
11141
11227
3573
1931
1381
12203
12393
4114
13554
6729
6630
11347
4438
2011
8582
3705
4950
964
2272
9895
10730
8714
10606
13515
11861
2996
13503
8971
9700
13867
6426
4636
9455
1284
6465
5284
9161
8516
13589
123
1423
721
11740
10205
9284
11808
7112
1070
8426
13802
10668
2823
1167
309
4641
12891
7350
10463
9641
145
2928
1100
11028
11995
5661
3125
281
4621
3704
13721
2940
1563
5901
10940
4338
9470
10455
193
3183
1116
13661
4900
6099
4982
12909
12028
12982
10240
7740
10455
12376
7137
7085
5517
3347
6771
3909
10790
2274
7463
7135
6133
4020
3493
8180
5860
4574
7100
9425
7274
4694
6488
6162
5
7693
3665
4068
1353
7411
2058
9399
7088
8596
4866
1965
13039
10473
1260
11897
9036
5427
4013
4547
12848
1265
11157
5660
7094
6182
7782
11815
442
13423
274
8628
7145
310
1333
13644
10164
3110
4096
8902
9036
3596
7675
10652
1152
7356
1325
12762
2085
603
3777
2512
11250
3032
6392
10063
2719
7666
11076
9067
3288
3676
1495
6765
5490
885
12586
5105
11371
3854
9391
5965
9257
7380
9790
7682
9801
8478
4460
13490
8587
5713
7085
13444
8456
4725
1626
10448
8283
3977
3365
12772
2340
8157
10133
9797
6608
10800
10090
8032
4082
7587
13855
4645
1266
2243
3898
2461
1151
5445
7027
5316
10001
4022
908
4583
13143
1526
13192
10852
10409
12761
11169
13404
12391
10042
4531
13123
8916
12892
777
7459
4111
69
7303
7428
4684
2080
2231
8093
12247
41
2176
5460
12765
6739
10562
8572
8612
13985
11957
10830
1299
10792
3250
567
10148
11170
5974
13001
4590
9416
10708
6308
6479
11081
4687
6162
13263
10834
5048
7356
3993
8673
13404
2459
11152
10503
11341
11833
8269
5116
10186
4573
522
7952
9234
12588
11859
11812
135
8474
3492
12168
719
2582
1617
4361
13456
6223
6241
7668
5959
5670
2805
3953
12027
10675
4771
12629
9589
685
13165
11387
4721
8518
1449
1489
4583
2942
12533
11809
4865
653
180
6983
3928
10164
8561
11891
1227
12742
4977
11704
13607
4598
1420
1440
12713
7833
163
4000
684
10213
7234
13451
11226
4599
5506
10245
1488
8637
10188
10716
7447
3639
7823
13410
8030
12983
8849
1981
4761
6700
13471
6982
3460
1295
12887
13774
9736
10986
10835
3938
8960
2099
680
10252
6635
1001
13801
494
9708
7191
8727
9078
8061
11765
3319
5506
10656
2550
10277
13817
4690
13394
4195
1848
1209
11344
9031
13432
4423
5952
11300
5833
5309
1215
13010
563
10555
1285
1812
62
11589
6926
11588
9673
1706
7341
2746
11252
9460
9748
483
12409
830
7829
719
6473
7618
2650
10280
7858
13666
2417
6727
13452
3264
5655
3831
10064
10179
11758
3557
2769
2490
2466
8186
5313
8885
10891
12023
4745
8022
3575
2268
5442
4838
11231
4920
8668
2503
2842
5481
13924
7627
6984
6943
6864
9120
7543
11868
4932
121
7536
10350
6722
10268
6524
11305
6427
4808
8230
8868
1172
7537
9922
13374
4560
11923
4023
5708
2086
5280
1008
752
9903
3793
10983
10195
1318
4719
12167
6105
10840
2832
5314
6237
11574
12716
3996
9445
831
6830
3004
2849
13495
8984
8496
9999
4681
4909
4234
4808
12011
5830
6183
13703
11218
9251
12806
8931
2948
2202
3814
5399
4201
13338
133
8897
13212
5300
5239
3654
13339
12842
2207
5228
12947
950
8584
12540
7541
10390
7717
10456
5735
2173
5835
8972
11175
1768
12202
9748
3464
4587
9531
1211
9074
2507
3410
12557
3876
7759
1252
11622
6909
6977
6239
10071
9712
7443
9904
2645
3434
1352
10631
5203
10883
11302
12175
9645
553
13221
13002
4850
6462
236
1657
5812
2140
9097
3964
13970
1355
1079
1404
2650
12991
10025
10219
13023
13456
7599
3403
2449
7216
1583
2685
1374
12732
4729
749
3082
2249
1295
11055
12157
3918
12870
7735
9974
4906
5732
5407
13667
7002
10056
2846
13277
2336
11087
4033
5556
11972
5777
10667
1484
9530
10516
8798
1581
12619
4035
12560
9717
10999
2057
3240
182
9725
3719
1635
11726
198
1650
6999
5449
497
1597
7715
229
3564
5278
588
1666
4958
4482
11985
11394
9704
13644
1411
9783
12877
12258
9123
497
4195
9730
3794
8788
12070
758
2397
1368
2902
5689
5909
3175
3919
3765
13398
8243
12557
441
13568
11340
6063
11927
4772
12387
6900
3853
1371
13076
1863
15
11631
12240
11832
13983
1695
13868
12853
9479
4538
11860
7792
6800
5032
10254
10699
9095
3575
8806
9475
6986
13403
8947
12702
10475
9257
9562
3616
13835
5413
4284
3935
1045
9110
2288
9280
11585
12162
3932
2667
4887
7493
11295
4867
272
8292
9032
10045
7573
2055
7855
3336
4617
3285
12442
11662
9916
7870
8083
7592
12284
12439
3566
250
2261
2697
6313
7304
9420
2514
10068
7503
10694
342
2182
9818
9046
8617
3524
8646
2797
251
8059
9156
2601
7568
363
3350
4268
11717
9749
1472
10554
8531
5852
5628
8216
4830
6122
2187
8358
10991
7053
13556
4923
3819
10521
6723
10960
9171
936
4629
13889
13868
8734
8763
13084
4752
2778
5651
6741
5136
9012
7068
9934
7391
1946
285
1593
3769
4151
7731
2985
2405
11777
7730
8950
10889
6014
4030
2586
5214
12324
8346
3115
789
10462
12219
7676
4008
8468
11648
6796
9905
5304
6020
13535
2229
13828
7306
13495
485
5187
5686
6250
3741
5580
3328
12384
11893
1016
12056
5114
10289
1226
1033
11084
3118
504
1831
11600
13557
3406
1665
10017
4560
4968
7222
644
11469
2226
9200
7055
6211
6728
13775
9619
11643
12286
439
7396
12934
1949
829
4621
9249
4504
4011
13834
8274
6642
1781
4765
10515
361
4760
12904
10527
869
8691
13240
5092
587
6669
5901
8700
6308
8686
5017
836
4926
3039
12409
980
217
7823
9354
3224
71
1870
7235
7645
4090
2698
3756
13209
7490
8889
3841
9101
1296
7165
5233
8706
2644
13944
8284
10860
8954
7036
3184
12540
8505
2737
19
3839
46
5504
430
9016
5828
10789
2206
5638
9909
1433
10418
10078
5884
10593
3018
3836
7069
7374
11894
8692
6365
5035
9362
1449
13319
9672
10699
4112
12050
6855
3661
678
10619
485
12552
1077
11812
10621
9682
2484
6907
13122
11791
1274
12548
3929
1538
8158
10028
12810
7237
12040
4411
3519
12248
9399
2188
1603
2950
12329
9243
11826
7735
355
1451
8154
8425
4028
4525
5817
7419
768
6064
10493
13661
184
9881
7517
1648
9882
7797
9102
12967
4555
8835
10166
12023
5106
12535
13368
2091
3514
11338
6680
9336
8724
11667
13968
11934
13811
5610
1547
6615
10353
12893
3576
7122
13090
10769
2322
11920
2013
11047
12287
142
9987
11013
8998
8301
7336
10877
6428
6395
7607
8327
3671
1925
10904
9967
1548
3617
8401
12501
11293
913
1005
5565
1448
13384
6236
1529
2098
11192
5293
7416
4636
2283
8919
3840
11840
5395
3357
13023
7933
3160
7095
2412
4126
12052
13609
10021
13613
11691
2858
11799
4918
5452
2160
7740
5194
7275
3833
8462
5199
6789
13938
8759
6383
5270
913
11466
6867
1629
13215
5585
6004
7620
104
4292
5534
396
5599
7415
3715
3874
3022
2652
6440
13780
10088
3049
4062
8043
3737
436
2346
5336
8929
13067
666
12105
5716
558
8809
6435
12626
2430
9610
5259
5768
5407
4246
8235
10223
13868
7838
10274
3505
7702
1583
7070
7047
242
7969
12549
4494
2480
3338
11185
11734
851
6922
8421
2477
8157
10126
10201
332
1634
6577
8032
10240
4150
17
5767
6631
8119
2310
6587
10273
1172
11544
9477
8257
728
7518
5011
4406
13170
6461
6483
13584
13169
6569
1789
10012
997
12203
11536
11040
9115
2520
8377
3491
6542
10163
7140
6703
13352
3897
7493
614
4099
1404
4430
4428
5403
1413
9317
2069
9746
3273
4320
1849
13040
9953
8256
3249
8580
7935
6694
12455
7832
5658
13582
527
10933
2213
9200
5320
2154
8742
5961
425
10354
817
2711
6734
10582
3465
8947
11388
7335
1643
5622
718
13763
7564
11120
7091
5679
12875
8198
6746
12866
9867
8853
3268
7071
5951
8169
9842
9045
8460
6841
12297
10365
1987
13640
6933
7328
2966
2421
9513
6032
4419
2375
12817
5422
2251
457
3652
3998
13730
13754
3080
11233
2575
12639
13385
9432
13318
9762
8800
7857
13267
3758
12786
236
9505
13182
2764
5840
9890
4595
11500
13499
5455
13050
7342
2401
13912
12579
1361
10263
1395
7272
4462
264
12087
13184
9184
11159
6266
9686
6303
13163
6484
2682
11970
8134
9420
258
12515
5349
11957
13898
7853
1847
2478
2749
6819
1630
2269
11144
6075
7018
13238
7920
12158
10991
7401
8997
6677
2574
13206
8980
1270
4799
638
7076
3425
7479
11343
4867
8973
2063
7779
12625
2583
4696
5498
2585
12073
10660
7348
3288
542
2270
7363
4377
12885
448
11706
8325
9794
5804
4272
13293
1542
1327
13499
11506
4
350
437
9426
11733
8501
12390
2160
964
12734
7146
8357
4658
2363
8861
4983
11843
3034
13014
5896
13133
4665
13018
10383
1196
8673
1465
9262
2555
9634
3432
9591
10563
8740
3257
5403
10192
8370
12538
3682
7453
6023
12024
4331
12737
12228
4806
10682
13864
12426
223
13152
3372
13355
7314
6162
2770
13669
2047
1608
6426
8395
1493
3560
10706
13859
2260
4199
6699
12160
12683
10661
13337
3609
7216
4471
2530
686
9530
12818
12062
7368
6162
5866
2539
9911
2379
13340
3304
5479
8478
1166
3484
12502
13371
2040
11102
13587
6381
10812
6804
644
11317
1652
8443
8832
11237
9227
11102
11873
1233
7523
7742
5809
8427
7824
5588
1332
11590
2754
2617
7895
9687
583
8586
6124
5848
12469
2782
5933
2284
11105
3619
5970
8044
13355
11596
7974
12078
10377
6580
5965
9435
6855
3936
5061
3119
12435
13298
12833
291
4725
8465
10680
582
7967
1961
10109
8061
9008
9309
9059
9597
11585
4879
12714
3021
10663
1844
11798
12726
3904
2129
10787
7664
10348
9969
12837
3670
2154
3952
11839
1961
1779
11814
10133
4027
3309
7479
10228
4674
3513
13225
4769
4928
4991
9006
13499
4412
13734
510
6110
4146
2179
7777
8085
12912
2214
6157
10355
3280
8665
11671
12342
9497
3402
1584
9397
7554
8727
910
7791
3996
8244
12348
13018
13955
2777
1707
1582
7907
215
4025
12455
10559
1329
2617
5363
13332
4641
11535
10233
630
5206
13995
6270
6305
13501
481
3528
8287
7910
2968
11391
9207
4029
13950
11201
572
6051
11828
6330
433
296
11878
10212
250
10869
7167
7380
7104
10821
7732
5200
6656
9229
3762
9142
9693
9114
4141
7162
9606
3117
11853
3701
8203
7583
13835
2212
5951
11446
2031
12697
11659
8756
2079
126
10996
1167
2529
1136
13309
3445
10789
1694
3861
12367
5143
11305
1611
5722
5567
5181
6571
4924
1365
4100
1101
12789
10910
1490
4972
12325
12505
2217
7262
10873
8234
10710
2765
1224
2623
7930
7631
9244
2955
6322
8945
464
3257
11056
9017
10710
6872
5096
605
110
3385
8222
1087
590
8329
8097
11211
3855
6609
9387
895
4745
3101
11400
13321
12518
8964
9169
1035
13707
5769
4296
13426
13466
12130
13879
9585
9930
12540
12140
6725
728
1594
6620
2519
11866
3406
8447
7374
4770
562
9997
5536
99
12531
9447
3092
10623
1097
4762
4209
13747
4916
2212
2512
6758
9952
5675
4492
11663
8117
13560
6687
8992
9650
12672
6097
8328
1721
11918
4813
8917
9625
11639
8028
1626
148
1208
1767
298
408
10087
3321
10962
10842
78
13169
8882
8527
6638
6237
10661
11081
8020
97
13900
13835
13310
1749
12008
10660
12073
9601
4839
9227
1816
3841
12039
1569
7684
12189
1757
2528
8497
11605
7489
13676
7589
13243
1385
1104
5713
10044
6408
11081
12482
9300
7252
11079
3176
13894
6515
4394
7682
6125
7758
13080
13040
13794
2811
11675
2028
12534
7623
5698
12485
3536
11656
3948
3768
10185
10964
10598
5865
4655
1409
7951
8332
11654
6745
1106
9464
4348
13255
4097
7111
6578
1231
5172
13895
5531
108
11458
8522
1764
101
11031
101
6388
1081
10634
12813
4303
13988
9667
6864
4334
10048
3389
8022
1855
9572
8712
13083
1588
3765
7778
10528
10640
7095
2337
3579
11805
3746
8030
2789
7442
5544
3077
10412
6230
5044
2091
10278
11627
12198
12856
8669
13946
1428
4370
13830
8727
12858
10718
2705
4532
12506
278
8006
6941
6736
13593
1296
5089
7015
1766
8740
12805
8162
11018
1633
3841
6845
8093
6390
1102
10485
8889
13795
6873
13844
7809
6035
4052
4942
2968
3548
3174
3572
3304
2058
12787
892
5601
8474
11751
13176
6021
7031
8996
10519
13943
8536
13234
7579
11512
13235
470
9938
6314
13955
11441
9246
13853
9914
6797
489
12365
12842
4399
8073
9205
13554
8539
12912
444
6136
8431
217
3237
5081
1061
8630
748
7886
28
10980
13677
12716
6147
13276
1835
2925
11
12750
5471
10700
776
9779
4308
216
1713
12454
5245
9121
457
9101
3928
13416
12022
11187
7221
5476
8272
11971
3548
11508
4257
389
7176
6801
8483
11268
7087
5904
10307
791
13764
5553
8868
172
8911
371
592
12228
5195
177
11763
11791
4718
20
7298
10699
2046
4698
9346
2172
4129
12491
5402
8125
9309
336
12059
4469
347
13304
8363
13171
4144
12850
13140
4091
10421
3722
934
13102
8210
12059
2046
6537
7661
3676
8527
9908
11847
9561
4611
566
13297
9237
11434
3107
4536
3109
5966
12155
6990
7496
12362
10322
9007
7758
13157
8673
3668
9503
10410
1905
12699
8584
2067
6486
8768
2904
8443
13085
12067
6004
12353
9919
12874
7305
8704
6068
1092
7251
2288
7334
8749
4271
13863
9277
2241
11197
11573
3030
63
10704
252
2785
3866
12069
6557
7649
1583
11661
8715
12223
3869
5468
10791
11290
1053
11346
13859
12532
9695
1295
7662
1464
3699
6625
320
12609
4501
6911
7384
4407
10039
5871
1745
5560
10468
8285
2887
4856
7180
6180
925
4496
9629
3190
5227
272
1334
9790
7220
8825
4465
2349
10439
13939
11384
11886
6991
10768
11185
12439
2717
4841
566
5384
1205
7491
1519
4102
12357
11489
3850
5736
3358
5533
1485
7247
5529
10016
1092
5415
10155
12867
10309
1114
5139
13636
1274
4723
10563
1451
6368
9791
11958
11934
12382
995
10083
12314
10484
13353
10003
3496
2831
1679
5596
11437
5217
6012
5010
8815
13136
6041
2918
10339
8031
10559
5922
13704
11805
3139
11266
8650
4180
4861
11122
6253
8281
13171
4805
1104
11095
10569
7610
4845
13765
13795
896
5010
6071
645
4214
8325
13323
1879
4049
10028
180
5644
8923
885
4378
2693
4366
8243
6872
2902
991
7650
7066
10256
10288
12530
9064
13090
7367
11485
1289
10922
6121
3373
1804
12550
12314
12727
7997
13778
8558
2805
7441
6264
1920
11508
6995
11379
12427
13162
10121
6696
9150
12023
11672
2636
512
10533
3635
4140
1179
10849
3505
9122
11009
7258
9857
5793
13698
1232
13634
9564
13761
9140
10414
13426
1637
2574
247
9819
9758
2611
7384
365
207
9529
9565
10501
3167
1186
4067
12048
3508
6026
3721
1168
6084
6276
12804
8363
6340
683
7105
5882
3733
2397
5603
1455
11217
11117
7474
9961
2692
13288
6836
177
7201
864
1360
11051
7941
1650
4779
1808
10853
1560
11591
13608
9451
1402
4619
11278
9933
4634
3827
8529
1690
9991
12622
10363
4170
1820
3933
9865
3175
7823
57
353
9141
7447
4269
2115
4987
5326
9128
4301
332
2199
11101
2933
10862
5806
10745
1397
8587
6640
3474
11888
3721
2323
13327
10262
5190
10257
800
12179
9268
2624
1274
1425
9223
12621
10045
8875
4401
4954
13474
9434
102
10053
7002
8034
949
9396
11690
11399
4983
926
6468
12355
12103
1267
12112
6477
2350
12586
4820
7200
13637
2777
4836
13985
11464
12837
8451
5624
3612
8304
10319
5251
13736
13649
8927
1686
1386
5989
3643
4966
6860
3730
12944
13727
6756
5848
1856
3785
2907
8797
7153
3180
1574
11755
3974
251
13382
6954
2711
10457
6483
9872
5524
2105
5472
13303
3138
1436
2484
2559
12902
2525
13276
12528
616
4981
10416
9756
323
5565
11970
12890
8151
2545
8340
5326
11246
3351
13723
3730
13702
12793
13348
8086
1371
6338
8354
3110
9788
13900
7109
9028
3671
1189
5571
1956
8399
13387
3266
5375
9243
13421
9924
10733
10120
883
1997
10702
4940
9719
6828
8195
593
2776
124
3774
11637
6802
6269
12123
2852
10536
6443
2182
8756
6689
12345
2594
11824
7097
6356
13917
274
11189
3024
3373
2775
4544
13589
2747
4888
8398
1481
2350
13655
3026
11124
5523
11704
8677
12606
5495
5156
4926
2877
3584
2119
714
4902
9265
2976
7812
13152
5486
1166
5643
8400
1499
4701
13402
6812
4080
1055
3167
11233
1982
5370
11207
8735
2607
4480
8226
9436
5901
9478
610
13179
6224
9441
8083
8161
1859
1331
491
5910
10437
8129
1211
721
9115
3214
2775
8811
5692
9651
2797
5906
7479
8860
6761
1067
13243
2020
1809
2256
2665
1663
1095
1176
6461
10998
9815
7293
12524
2994
13001
9978
1674
10244
9169
9328
6491
11478
669
4548
431
8556
7798
8615
12279
126
8968
8115
7261
2111
13494
5741
2021
13653
4452
9568
7382
7887
900
1736
7240
4048
7692
4024
5451
5447
6238
12834
5236
7128
12483
9098
3820
9870
4321
1265
332
8981
5425
1286
12942
11401
372
13508
11663
12135
1571
11902
10027
10686
9694
1765
5617
1438
12048
313
9151
393
13507
5233
10796
4664
5101
10613
1654
11169
2852
5837
7286
3534
11587
72
8626
2756
2180
6142
7910
9037
997
6401
7186
8827
2185
6089
6692
10342
4290
1930
4162
3414
10033
9202
9212
13042
12265
4234
13174
7014
4764
9484
3526
1201
12865
4680
10049
9347
7447
4399
3642
6752
6717
2545
11777
5116
11965
727
1974
13671
13334
3194
4042
10281
8671
11774
1963
7935
7596
8681
6201
1630
9671
5166
6110
613
2121
7237
4209
4942
968
11765
4241
4127
11815
3180
2899
4512
10314
5707
6962
9192
6010
11836
11679
2768
12465
4971
864
3509
10483
10623
3704
8375
10681
2026
1299
8703
13103
8964
1526
2308
2464
12692
41
3520
7547
7830
11671
1749
12947
7786
6566
13123
13519
9692
4992
9852
10431
13900
9908
3603
13963
3479
12328
9830
9891
8533
9803
12258
1438
12016
7842
11522
595
9385
10358
935
10167
6941
10288
13987
6316
4042
13918
958
3098
9397
2071
10725
2639
10561
13580
2904
8721
13388
5623
13325
10035
12674
10463
3815
9071
533
1720
791
8689
4808
1036
6994
6672
13259
5582
4487
11395
7988
5110
13914
13619
11189
7692
13995
5736
9358
13728
6461
3597
1192
3076
11619
10745
3416
2830
11061
737
5843
7660
2209
4538
2861
4052
11650
5658
8436
2032
351
690
2198
12618
4985
5909
12726
1626
10428
3919
13970
9801
5618
2932
11584
9544
8606
3315
3687
945
9100
13383
2616
7860
7116
13125
12466
410
7909
9483
9019
7282
13999
12826
4413
6930
1539
1284
1952
9193
12546
11341
12568
12740
1201
2880
11898
8651
6504
12521
9887
6820
7776
7479
11020
11034
8676
5212
13139
9316
11148
9527
12469
10958
6675
2647
10354
3466
4208
2479
7846
1495
6011
8136
9564
57
650
2845
10655
7909
10217
9300
2333
11994
6503
7674
4826
4573
4757
357
2641
12188
2172
8460
8018
5552
8666
9316
13523
9499
654
1267
12107
7553
8355
11625
2813
12935
2787
12427
7782
9233
4332
10313
2023
7774
3878
10224
8017
1007
2197
6492
4296
12175
3652
9900
11641
7742
732
4306
444
11521
2660
3271
8973
3445
131
2596
3686
10681
8322
4370
7609
11813
938
6415
11146
7623
9451
4925
3911
12867
10439
13303
3355
3541
10847
149
1449
11438
7528
1340
361
4254
8705
8535
10294
2016
7889
2243
5176
9960
2695
11973
7605
6971
13685
424
1374
11788
5835
6749
13221
4913
6379
9801
8586
12853
6268
3595
4164
9290
12942
3830
5328
605
12498
7500
9857
116
3871
7057
11383
10093
1248
10031
6549
11484
3670
2883
11035
1920
10322
9147
8480
11873
12882
5455
6541
2698
11370
11359
12422
9981
8826
4369
13179
7242
7150
8472
13026
7645
7169
3174
4680
8261
4064
865
11507
697
6127
4306
2866
11466
4795
6641
7973
11944
10499
5372
6855
2888
8241
1611
2107
5818
3683
1555
11333
10996
9121
13623
13201
7014
7588
6763
13604
57
2351
8824
913
1753
7200
1173
8194
11954
1436
5827
4058
5389
10647
6178
5557
6563
4527
2426
9970
3774
3509
261
6691
5813
7512
11183
9974
12132
13521
10015
11703
12718
1676
7580
2228
1868
4595
6150
9478
5537
920
2543
13200
5976
9687
479
6275
8983
1510
4289
12749
1781
5310
2505
4559
8245
6334
5094
1357
5035
3344
548
13702
7187
13610
1500
6650
7417
5872
4454
11306
2855
2931
13880
8019
5558
12207
13418
11129
9265
4612
13538
12235
4586
1247
6127
2210
10108
7772
870
11068
4491
1447
13808
3109
90
9804
3610
6027
13736
8723
2037
8444
10013
12077
1259
13625
4099
5078
4070
4427
12939
10066
3213
1025
4687
9739
4861
6132
6126
8507
1805
12125
11830
8629
7239
4511
8124
6394
11304
2295
10895
11415
12506
13912
6906
11323
10065
5338
5104
1509
561
6070
9823
4225
5429
8034
670
371
3147
13518
7357
9473
9371
13908
2507
9766
11383
3824
1763
6600
10190
12951
920
4062
1199
5623
13038
1644
4818
1279
236
683
4045
3503
4718
6949
9479
1074
8279
7750
10752
11405
341
7089
9741
4142
10290
7615
2253
6195
10580
1260
238
6933
1438
8202
8290
8876
9867
6905
11604
6182
3609
10721
1824
6627
9434
12552
2634
3701
7123
12540
2449
74
7595
7710
3860
195
1019
4569
11427
4894
8737
12846
8395
7791
757
3233
4478
11018
12745
6192
13524
7800
1299
114
1566
9189
8269
4918
5400
9847
9534
12399
11864
11938
1450
2170
2782
4351
11896
12104
851
7790
4947
433
9220
7375
13555
3651
451
12585
4318
4078
8964
1426
251
13604
5093
11818
486
3024
1260
13568
2119
2794
4675
13892
11155
13871
13193
7692
7274
3459
5230
8407
7406
7
1833
7470
3355
11532
8948
779
565
7802
12372
208
10364
3906
3246
6836
1251
11689
4471
13422
6435
8310
1369
4195
10052
12399
2953
1105
630
1694
1523
5069
11367
3363
7469
7640
10930
7089
8574
9150
5906
973
11214
9766
2662
1524
6754
7292
12087
13000
13610
7594
4322
10554
233
4764
8190
8767
3133
12605
11519
9464
1318
4553
13759
4432
9597
4722
3299
7417
13573
785
9603
8186
216
4622
11187
973
1206
3393
11241
13860
6844
231
12376
4180
5664
5828
2436
13858
6119
2629
8790
9853
6821
1330
11472
2703
7434
13122
3683
3005
10078
13994
1073
1412
12075
393
2432
2878
10498
9948
7501
7785
13216
2435
1362
3015
10618
8509
7934
3785
590
1343
666
7346
12162
6163
8317
8389
2346
12733
8791
6261
7956
7709
8210
12044
2285
7668
4654
11513
3279
7635
4495
5363
12843
3475
8734
657
1918
13722
11155
2632
1600
6400
5733
11600
5511
7830
13975
13196
5599
1817
10516
1551
6371
13932
11556
11856
7012
7813
6465
9175
9688
11474
5430
8097
3310
11741
11036
8984
9068
5591
11915
3497
4974
9790
4744
2968
5956
10870
6886
1289
12593
2814
13094
727
7142
1967
7316
9790
13846
2741
8332
1890
13781
4025
2929
7405
4766
10542
9404
7664
5762
12067
10862
6377
3976
10972
5664
5437
11669
9891
9870
5008
11989
6748
13216
3722
7019
8610
8767
3628
11536
13630
7661
5848
8692
13563
10778
6110
12185
756
604
3196
4676
4821
10948
13818
9847
7432
4893
7243
2404
930
12093
6596
9583
9838
13911
10092
1677
10475
3279
4532
6788
3244
6057
6247
6089
895
8221
10916
9877
6110
4479
12886
6214
8728
375
9379
10147
7554
5532
6899
2052
3443
2563
5130
10229
8439
9171
2886
9195
6503
8247
6816
10252
11699
5021
1437
304
3201
9750
5086
7115
9098
7084
6300
6939
13161
12818
1286
9655
3392
8207
711
1661
8386
6416
13285
3996
198
2589
7885
9154
7725
9924
11930
12914
13592
12120
8947
5465
6476
8715
13384
11259
13754
10501
4944
12480
3183
9740
12277
5823
11110
6662
5898
10493
13549
3816
12964
2352
8782
8662
4889
11999
4883
2718
6048
7006
2108
7634
5321
10209
12745
13269
5968
527
6194
1252
13389
81
4687
12694
10231
11766
10355
5156
8525
10356
1255
706
10280
5332
3932
8299
12827
2794
13748
1709
13252
11062
7473
12784
10423
12576
12444
9383
8148
9189
10196
982
4546
3080
7483
13630
7280
6076
3368
11687
9480
6864
12970
1457
4636
11295
11776
7157
6820
1170
6702
7966
6451
3804
8046
1652
6811
10717
7958
1035
4827
13257
4597
12283
12162
5150
8861
5776
10862
4742
5642
7653
2828
12557
7560
9840
10818
10844
1965
4615
2334
5894
13448
1925
10430
12243
11477
2764
2270
6572
1417
9096
9612
11837
757
11607
390
2750
10971
9377
6959
10505
5538
2331
8246
4693
6828
8629
5533
12424
12043
11692
5965
2359
4029
7979
1788
2652
7335
13139
10171
11691
53
4407
2609
6813
509
8914
10008
9575
6637
1706
4685
11986
9074
13184
254
19
11851
7282
9184
11030
5340
3131
2521
8661
1617
11918
6166
2305
13932
11345
10429
6812
3688
11924
12896
5970
4225
13195
2057
4625
9516
3855
1446
13361
10895
1231
10807
4716
7164
5829
2519
2236
7000
5822
1564
7699
6104
4183
10314
12138
8777
7933
7494
10787
11894
9715
12228
3226
4970
6258
7986
10368
7655
642
13936
9429
7671
13935
10614
9432
6938
1149
12377
6784
4971
2874
7266
1406
11236
2356
4063
4314
6160
8640
1451
8156
3956
9383
8821
361
13147
10922
5087
3353
10071
13755
300
1464
1425
4324
13689
7893
2427
6270
873
13761
3409
3526
1694
4423
2692
8940
9508
12162
4960
5634
10985
2460
4196
12767
4297
11704
3809
3613
6540
765
10291
3908
13153
10025
4097
2734
9772
8988
11586
2964
4408
8772
9231
10729
536
4502
5761
10008
11882
13620
2818
1367
6781
11508
6034
8791
6914
1829
5700
1189
11107
12620
3774
1160
10474
13809
1180
2129
9817
11432
9266
2365
13768
10676
8646
6470
9507
5907
2678
11854
8045
4540
10125
1623
979
12428
352
8518
10683
1548
10633
5025
4283
3496
1799
8531
10607
11604
10430
4372
3680
2968
12536
11104
3935
6951
5025
10049
13358
13773
2587
8405
9696
4522
2401
11126
3967
4358
8782
10188
4909
13717
6602
1238
9599
4664
12745
592
12570
3461
11027
10336
6879
1800
2346
6379
9871
11713
8105
7117
12334
9784
9007
8728
13907
2035
12244
9877
4556
3347
7271
13633
7607
10704
13802
1297
6438
10796
3719
7436
11906
6825
13218
6502
1228
5016
13099
1250
3810
11130
8728
12983
9955
8160
12240
667
11676
3057
10073
4269
8309
12723
6072
3436
8022
9818
13806
8772
9872
11571
11497
12741
2150
9317
11729
11397
11254
6750
11731
12667
5988
2940
12103
11334
1195
12660
3289
931
11261
9854
426
3124
9549
9574
7203
374
6555
10788
12813
10882
12868
11656
1298
8089
10293
4172
13696
2497
8763
8562
8348
5125
6452
11641
11263
1537
11612
13589
3896
986
53
7861
2025
7521
2612
11619
11372
4696
10161
12103
2494
5361
1422
427
1607
13359
7327
12566
9289
12342
8392
10598
6777
6831
13473
13675
3712
9854
4729
61
7287
417
1228
1719
6390
5730
9348
4055
8457
12607
4454
9646
4330
6
6060
12090
4678
3266
9012
9868
5924
6531
3170
10486
2016
12536
1534
1021
5221
10976
3071
107
13343
9411
12968
8554
1185
7979
9248
11956
11936
232
2856
7829
5529
11029
12560
10845
12219
7451
8287
4147
10647
4276
4904
5470
7916
11879
8240
4772
4666
7728
7583
6809
9757
11268
5007
13285
814
12185
12602
3632
12455
1187
3350
12947
1455
12610
13330
2553
9138
13743
3972
8212
5975
11442
9637
2527
7869
5689
12993
11093
106
3425
12223
9935
10196
7225
5419
11371
4241
8221
9631
11211
7638
4926
9531
12507
3705
3901
1702
1416
887
3183
11220
12867
13091
11788
8515
2654
697
11562
5272
847
10402
13038
4914
5641
8859
4896
3984
10803
78
6527
2707
7729
8565
10055
1075
2076
1867
7361
5021
12223
10499
12979
10392
11001
11915
13995
8673
8306
9108
5410
4302
10510
6828
1194
426
5427
441
5030
5739
1065
12353
13837
234
2182
3215
2167
6649
12016
5977
2260
5211
7701
6833
3190
5710
2784
11547
9988
2443
7061
2620
5778
13649
8355
2927
2512
2613
6411
4742
9451
1659
4141
410
1611
578
6567
5184
13378
4464
9293
13039
1447
11299
12143
11483
281
8734
8584
2983
6933
6803
8526
12052
9167
8050
4423
13358
294
12645
3927
10626
2355
1269
4996
2688
2049
1985
13460
3810
12613
5903
7912
2721
12900
13081
8629
7083
7875
3223
4913
7578
11941
11879
2400
7307
6724
8188
10220
1884
3634
722
5988
11966
3428
1656
1166
12418
3210
6385
3556
10434
8624
3208
5452
8183
13014
1717
7213
4489
9472
8742
11226
2827
11093
6562
13821
5526
11493
4536
6415
12807
2896
3156
6272
1051
3414
4814
6381
10804
9428
13744
2458
10335
213
967
11375
5363
7467
8342
2063
6485
9238
5562
5580
2299
3734
8496
2887
7962
1866
13505
10936
3592
11290
6754
3120
8658
6963
7256
3892
4039
7868
7664
805
1774
8753
3207
9872
7079
10931
12668
11825
7067
13847
13062
12522
5854
13647
8797
12470
771
5225
10334
6528
10758
5641
9304
9383
7856
111
6177
185
10732
3322
8886
10023
7423
6440
2323
2291
3674
10691
12111
5537
12430
330
5825
12296
1168
13417
555
8272
2323
7959
4393
12921
7742
8686
4478
13971
6964
11826
13878
11367
1849
1305
7344
10630
1540
12516
3844
408
13432
10276
7642
7227
10083
1007
13867
3542
12259
10305
3022
1192
10860
6610
10473
11469
2379
1709
8050
2703
839
13989
6258
7446
3641
6100
637
3002
9103
9482
3746
8857
3004
121
1051
10057
4308
3735
3717
4966
12108
8994
60
8015
13542
8703
6572
6867
12249
10637
6284
1664
2072
13209
5189
2056
13740
10548
12319
3261
12407
12341
1140
11233
8737
13828
12623
3568
2283
3052
7542
7298
4094
12349
6394
11708
12455
5978
6744
3402
6225
7977
8102
1080
13066
13019
13831
6553
12164
12381
2371
4319
1045
12422
4259
5743
4739
7804
4622
9578
11783
487
2151
1885
12006
12672
9657
11823
1881
5687
5396
9561
11742
12922
5922
1530
8787
3414
7509
11483
11419
6282
12396
10851
4211
3212
399
11248
10231
10296
12651
13492
2235
2241
4472
3507
8598
3282
9382
9556
9125
6634
1091
5816
13663
4962
7824
8197
9654
4866
1823
12787
13862
2516
7051
7294
12892
12714
1914
815
10978
7427
1860
8523
12137
13965
1549
13272
12163
13895
5565
10226
8869
877
10255
13751
649
9387
8534