198
612
2684
144
4767
6643
1087
4491
3805
4448
5129
7027
1658
3555
6397
97
5245
1206
4604
4396
3941
103
110
2902
6832
4638
3667
5194
2833
3766
2904
3452
6975
6800
5063
4272
3865
5084
1888
3798
3969
667
2457
6955
4725
6956
858
1535
2587
3870
3465
3061
1028
5952
3194
6636
2418
1222
3773
6714
823
332
1808
371
3384
1883
5124
7076
5184
740
2074
1062
1498
6430
2658
2405
2327
2646
6891
5274
5066
6061
6930
6577
3888
285
7029
5471
6585
980
2563
3788
4601
5275
6958
1373
2498
7057
1188
4097
5111
4882
2895
6636
3716
1343
2395
5149
3792
5680
333
3734
3318
3200
3920
175
409
281
1266
5397
5354
374
1948
1142
5861
2377
6302
6031
3890
3228
1849
3791
3057
2584
5302
2743
554
461
4013
684
3687
2465
5410
1033
4695
357
6997
4060
4222
3405
3518
4274
2701
2197
3571
4902
6133
4188
717
949
3354
6457
2695
1022
4922
2447
386
5897
1395
2578
418
3764
4343
2996
654
2545
5440
4027
4379
4094
5620
5701
6737
890
6503
4956
5530
3404
2980
124
1797
5831
1397
6795
2889
5655
3021
2885
4399
2914
1656
4981
3824
2791
791
4521
5345
930
6834
2689
5339
6924
3724
2582
5646
1832
760
2572
5540
6706
5299
5262
1642
3190
6896
2176
2691
5195
4571
6683
3644
3531
1934
3008
5379
20
1198
992
5058
3770
2808
6883
6532
4658
4387
2099
4768
155
2999
1767
5182
6308
4404
4425
3495
2540
1287
2645
320
890
6442
1322
179
5057
4906
3086
5379
6161
5788
4180
398
2986
3840
335
3398
4252
6617
2396
538
1916
6656
4090
1549
3937
4367
4743
6366
6802
3213
3304
789
2460
4484
6043
3680
2834
1610
1999
220
4209
166
4784
2540
2674
2631
1294
5500
5529
3593
3555
925
2661
3103
644
1937
5563
503
5105
4147
875
4449
3338
1176
4121
3717
1756
3479
4476
5534
6293
6338
1088
846
2227
4654
1540
2173
6662
4510
5340
2968
4423
5112
2644
4231
3092
3001
4351
168
4777
5658
781
6953
850
5269
563
3903
2904
691
268
6299
6522
1971
1756
997
2936
5019
2461
824
306
975
269
1839
2908
2088
1746
3637
6074
2124
1680
4013
4491
762
222
3043
5851
5768
1605
2521
5602
4139
7035
4863
1851
6162
3301
192
5387
1668
3743
3015
3180
5738
2323
4710
204
5579
5659
3492
5829
2494
1921
5823
2504
2239
3327
843
5146
4318
278
619
1565
6754
2148
6078
4626
4405
440
2400
2774
6768
1423
319
6757
6875
5007
2553
4104
6011
4250
4700
7092
4696
2961
6774
2818
5694
3767
6421
5494
4610
5756
1308
6664
417
3542
6536
2654
479
5246
93
2530
834
2117
6033
5461
6836
7017
3479
4858
6177
1474
2310
2278
2456
6499
3249
6290
1228
4634
3471
6523
3514
6221
5205
6108
1604
6164
6013
4374
5724
3761
4644
749
4615
3883
3154
3157
5532
602
2414
2249
4727
4437
5749
6858
5042
5526
2915
471
3572
3303
5913
5651
3303
6685
255
6364
4367
2036
4610
5956
2327
96
309
4029
5646
967
1772
3767
5169
4422
2114
3803
2333
6018
3315
3877
6993
2814
2575
59
400
5053
3837
1103
5975
515
5127
4292
1262
6809
4400
2455
2232
4714
4206
1366
1033
1483
4029
6499
6955
6951
6396
3216
505
1306
1736
3820
3793
5266
3588
6024
330
5779
2974
397
3539
3189
4566
4843
3574
505
5120
5393
4227
4315
2424
3776
1744
1411
1717
4354
6948
5676
3296
7059
2871
3003
3140
3756
73
3133
2010
6003
2310
2240
4800
4926
2370
1161
1292
3028
6984
1217
1860
4127
6174
2129
2378
256
3567
941
3459
2162
340
5130
5624
4346
584
2801
7025
2400
5661
3662
995
2535
5329
7038
1597
5005
2376
247
2355
6398
5605
6803
5852
2677
2690
4136
1869
5219
1742
3692
3103
2189
885
2945
5368
3032
6432
1500
1628
991
7041
738
5228
6091
2182
1250
6496
4345
467
1259
5929
2689
4318
3409
1111
1337
2157
3098
6383
362
5476
1261
180
3327
6263
6973
1634
1498
3960
1844
3886
4938
301
268
6585
211
4626
1336
805
3996
3283
5904
5204
5790
4071
6696
2760
830
2122
5229
2191
6520
254
1634
1619
406
5554
1727
4745
360
4403
3839
1859
4206
6728
1585
6193
6470
6155
1101
3888
4096
5184
5539
2409
5629
4642
735
2306
2824
6036
5347
1621
5442
3734
3770
4049
4120
4031
2166
3462
7022
2891
4167
1179
4769
3603
4192
1295
1201
5136
2554
7027
1471
3530
5974
1297
23
3959
2578
90
2806
2
220
1494
4436
5727
3928
6051
2440
4162
6010
4431
3640
7065
744
5654
6959
2010
6901
3707
2293
3640
629
1550
3248
353
1612
668
2909
4284
3135
6334
2840
1474
6060
2361
3880
6313
836
104
3051
3953
2392
343
896
5944
3473
6944
5078
1112
5395
3613
2464
4791
256
6153
5196
5192
5241
1694
6436
5730
2356
4262
4926
1616
6754
2874
6001
5021
3729
2929
6500
6935
1227
3209
6143
5926
3264
2624
4994
1656
1419
4206
2232
118
3219
2839
6433
5839
1079
4719
2412
4926
6197
1776
2941
1577
1296
2478
5333
6383
5637
2386
5500
1793
1814
728
3484
3772
5416
6391
3439
5868
4414
792
2351
3343
5868
5916
6005
3260
634
2282
3426
3841
3841
1912
291
4999
5136
1277
4731
5290
3692
6260
3312
3865
3173
2408
5861
168
6816
6896
973
2986
3654
1358
3086
2495
1536
6605
2608
1173
1054
660
7023
479
6978
6918
2959
6882
2939
3277
83
2157
6108
6921
5825
6816
4497
3926
4793
6097
6637
112
5360
7073
5210
6740
6820
388
5529
2005
1143
6658
1226
5734
1789
259
1218
6892
6113
4979
3867
2775
3710
6481
1349
4945
1737
3885
6328
369
5991
3745
3050
5609
339
655
2111
1555
78
77
6592
1103
1495
6093
780
7093
1291
1476
5689
170
3717
2269
6240
535
3113
3512
2983
6063
3945
3275
4598
943
2172
4001
5813
2751
4727
3316
654
6851
2002
3380
69
4910
5071
6232
2998
2802
334
1223
5533
1366
6212
6940
765
1946
4075
3250
63
7057
1452
634
2883
1462
5823
6468
5595
5849
7006
6031
4315
1204
2022
3880
6952
6578
3505
4551
2686
5070
6325
1286
6780
2432
280
4428
662
2953
6539
3434
6497
5510
6525
1018
152
5885
727
3594
2841
3434
853
235
4472
1160
990
6328
1195
6012
3196
1343
3925
1327
3063
681
3087
4535
6427
6789
3031
1610
6848
5192
2453
245
4993
39
3100
946
3608
3580
3243
5372
706
1930
5582
800
2669
5655
6311
6551
514
2143
1685
4943
6285
5019
2082
1119
6725
506
6242
1963
372
4470
6659
3549
3423
4521
3457
4504
6409
3805
1774
277
4159
5299
4677
6130
3269
286
1982
5998
4028
2941
5368
4881
5135
127
4495
2468
4494
6315
1805
1536
441
5568
3163
3875
5941
1236
747
6552
4463
2794
1164
3178
736
3536
3753
4607
2628
4707
3987
6368
514
367
1378
1587
2696
6964
1271
4529
6005
1033
5268
327
5358
2811
4023
2563
4338
3297
3891
4280
5974
1116
4896
6631
4987
6932
6811
4620
5477
800
745
6684
1267
1110
6830
4467
350
3658
5199
5905
985
4904
3978
4399
2540
393
5053
5721
6095
3071
2078
3163
1271
3767
3812
3222
3317
5604
1331
5412
2628
366
398
2993
1657
5946
4840
883
150
1453
558
1621
4411
341
193
1095
123
2065
4961
4013
3103
105
6721
4839
6843
5742
6350
674
4113
4294
4399
804
2697
2838
5230
6840
12
5838
2410
4214
5548
6227
6148
1036
4025
6376
6085
6830
2145
3063
3825
2866
7088
3419
5489
2696
4755
2458
1930
3430
2700
5821
1790
1893
1834
4367
3870
97
4857
1522
905
4499
1523
2885
6700
2648
4242
5089
498
6509
5736
5558
4713
1498
872
4141
2024
297
2767
4827
5149
3269
1976
2682
573
3199
4707
3496
4101
212
1012
1036
2239
4479
958
5518
99
5892
2029
2161
1989
1108
4653
875
5429
6936
6947
4310
1646
553
3903
4335
6708
1014
6178
2286
195
2685
3829
5474
1585
4135
2799
6604
6892
6831
1181
5716
3705
2296
2871
2165
4603
4093
5704
3569
3627
5183
3523
4674
5297
2009
4487
6632
4488
2432
2919
1711
3932
880
5856
2893
1321
2355
4913
6419
543
4417
6720
1925
207
6608
2807
2277
2530
3145
1781
6143
4052
5382
245
2851
4948
4239
862
3480
5156
4139
659
1257
6052
1095
4580
367
2598
4196
2708
3461
3373
3270
357
2578
6804
3553
3709
862
2867
420
210
4981
2887
2412
1540
1115
1240
1399
426
5670
1007
4449
62
153
250
199
381
4262
1917
4882
5520
2779
4033
895
2675
2402
749
1688
4771
3249
621
744
5803
3004
2286
3646
6277
4421
4766
2344
324
6378
5093
3880
1788
1153
904
3457
6801
2137
1353
6706
1486
421
6569
7057
3750
2987
579
2176
722
287
6597
3350
1550
1915
2823
5708
5180
5512
2985
6765
2633
6229
2114
6777
7031
1236
3584
4116
4895
212
200
492
2022
1798
228
3967
5576
4698
6453
6249
990
5324
153
3205
3827
6386
6117
5724
464
4106
1488
4858
471
6414
579
5516
5668
1585
2764
5168
509
637
558
948
4809
6935
6803
6331
4632
4314
2120
4979
5159
5771
2678
6010
2444
2376
1216
4776
4098
988
5941
564
1678
1500
5780
2334
2992
491
5848
1913
1799
892
1386
2360
1309
2225
2992
6284
6900
3104
1675
3528
4841
3137
1453
4404
5911
3829
194
5009
5175
6011
6185
6492
863
2732
2065
1987
40
4453
2096
2929
6045
2936
1494
5474
5206
3139
6111
5066
6494
5554
2691
3155
1937
4182
4874
495
4733
1720
2757
102
4044
766
6692
4015
3306
911
6978
515
1071
5308
3909
2311
336
5929
5982
6306
4500
840
639
2613
6550
2807
3609
3450
4230
6041
6925
1867
1120
4060
5884
4039
4917
6297
3183
5383
2036
46
6892
1749
3337
1416
5540
491
6490
5227
5981
3684
3175
2480
1193
315
5134
399
3956
1469
2346
1174
1210
3035
2375
4231
6703
96
1800
4030
3569
2881
5712
1892
4583
1291
6300
1132
174
4723
3055
5962
6051
2077
1444
1287
3275
4773
4351
5768
55
829
1647
1504
4656
3050
4462
6037
3316
45
3846
4655
1900
2641
2660
4796
5209
6864
3028
4376
2266
2829
2481
2936
1712
6955
1257
6927
5507
6899
1120
5570
2368
2894
7065
2010
3906
801
2434
6088
4108
1283
624
5535
3210
3599
4951
3085
5447
3961
5527
5630
4505
5361
2534
2708
5874
6391
2503
4976
5140
2083
24
5939
1716
5003
5364
4027
4557
2258
3265
6862
2842
4719
1757
1170
2643
6602
3725
2598
3182
1218
654
6751
1968
406
2610
1524
435
6449
1521
2962
2309
7018
2565
4062
5302
5782
5568
6547
6765
106
4375
3596
4648
5489
7006
3560
760
3194
6686
2879
2330
6712
5696
6646
2471
6313
2671
762
5290
6208
6191
5430
6875
1957
560
1787
651
1296
610
2575
3236
505
4951
3779
2802
5000
2050
818
4502
1655
6578
1222
5281
518
4846
5430
2838
4919
3483
1228
6831
6383
2254
6943
3485
3665
3304
2395
5879
3134
3665
378
3684
4867
265
1288
2928
4037
1159
3243
5699
3132
2697
4506
5874
6801
1672
6254
1060
4955
5733
5082
2869
1260
2306
2016
1285
3890
2367
2224
1319
3983
4257
983
2573
2134
3076
2782
4699
3184
4844
3339
5018
634
6251
6465
5060
3797
3152
5418
3940
2406
1289
44
6312
1455
1386
5213
2338
2592
6682
118
4699
5502
2425
40
3412
3160
41
4902
6503
835
3648
5510
1979
5166
4173
2120
1532
4280
6858
5025
5858
3222
2290
1777
4646
3669
3151
2787
1537
871
3069
5987
4598
1964
6958
3854
6221
6570
4101
1698
4011
2304
5412
2373
5552
5318
4130
5819
1916
613
3120
4671
1732
2887
3237
5771
5805
3934
1672
4325
823
5990
5852
6280
3150
5019
5929
936
4316
1006
1880
437
6812
3514
6580
6805
1930
963
4739
2790
2575
767
3004
4577
3800
587
3310
1469
3092
1732
4044
283
5120
407
3622
698
1766
5503
3455
3095
6414
3780
3942
6423
199
1785
6483
541
5510
6477
5619
2688
286
145
6724
2197
2836
651
1036
212
975
5316
3442
1155
6762
4327
1741
6621
2115
3871
1841
1848
6271
799
6874
5499
1068
5060
4133
5455
5567
2615
3891
6364
861
6491
5655
2572
4121
2727
4489
2588
2374
2102
1771
3188
1524
3514
5600
5780
5066
2991
1628
943
1814
1610
6506
5094
401
1073
2600
900
1856
386
6062
234
6110
2590
186
2663
2775
3772
1640
955
523
1784
4615
3828
1732
6086
7053
203
2038
6890
1722
3467
6304
2077
4296
2927
311
4787
2966
2629
4078
2411
1725
3756
1708
678
6972
3616
6165
5786
2547
2256
2056
1353
1545
4507
3574
4833
3747
1719
1876
3498
6142
1409
3630
4963
6749
5516
5840
3688
6229
3940
3522
1763
4101
6400
6703
1082
2811
324
4596
5540
230
4835
6406
1702
5592
4084
2002
3490
5412
6028
112
2587
4763
6243
889
1864
600
668
5954
2063
6030
4417
2539
5299
4419
573
3892
2029
6408
2411
1811
6720
6137
3083
3757
3769
856
279
572
54
3205
3968
5774
4701
437
1068
1390
5857
2261
2387
4597
2026
6964
2389
3868
1790
5639
1761
5655
6256
1265
373
503
3000
4474
6634
5627
3021
576
3190
4101
6628
5848
3865
6668
6278
1708
3613
3292
3669
45
899
3054
1691
5571
5603
2265
7032
1028
5713
4923
7020
2544
6683
1019
2520
861
1707
4441
683
6893
598
1945
2537
6061
741
3514
1856
4290
7056
3728
1027
5643
1535
5286
5275
1118
5323
3507
4218
4064
4855
6764
5027
5872
3502
1152
3677
6049
4194
2746
4611
3877
1869
328
4644
1147
4021
5033
3837
6521
5419
2361
820
3113
2595
5344
6438
681
1029
5000
5602
2904
2543
4605
3200
6819
6054
6224
5331
3112
3787
1931
2299
5320
1650
2585
864
4682
7022
2049
1270
2727
3522
3267
234
680
930
3805
4615
6712
6229
3378
6382
2058
3555
5012
5767
1531
4851
4342
3628
2418
6898
2293
5459
6665
5205
2460
2265
1737
3382
4413
4633
5176
4091
784
4860
6977
5546
6322
5895
6896
2460
4807
3077
6416
6282
4380
750
5179
4691
2400
3622
4790
6511
1726
5463
6939
297
5600
5373
4868
6372
2300
169
3427
3044
168
2418
3264
6914
6251
3238
5193
1038
1662
171
4761
5632
2147
1333
484
703
3236
1946
2302
4302
2117
5498
2949
4330
5372
1919
292
2080
8
3644
5440
585
5823
6759
700
2446
6048
1584
6461
58
3829
3176
2009
5594
718
6886
1584
3227
3218
6607
3984
397
2412
3925
5084
2145
1371
2301
4381
6392
6785
6948
6740
791
3783
5563
2285
3779
6610
1517
6834
4353
5439
6412
4297
3998
4702
5416
3941
2514
2116
3407
5871
6997
578
2127
3689
868
1833
3978
6491
5835
6099
1540
5578
2846
3123
2034
484
1915
5265
7046
2747
5124
6402
4339
4134
6724
2060
2831
3181
5538
2744
3834
4413
2882
5489
6068
4342
2233
3065
2416
4299
363
3446
4231
6993
2924
3918
967
5487
6539
4329
2682
3618
1946
3501
279
2083
2597
4547
4026
6816
5727
1407
434
5247
6371
7029
4694
6887
2661
5257
1250
4313
2056
6095
6018
4155
4619
5557
3221
3707
2842
5793
4712
2064
3443
1144
1501
5358
5275
6187
5811
5100
657
4105
2402
1518
2895
2852
3208
6459
5864
2125
4266
5736
7067
2904
6201
2012
1632
1018
1930
1487
5966
353
4579
1326
2501
6772
4304
5065
785
6817
5671
590
1533
5249
5230
1196
5861
114
5876
199
126
1045
340
533
3480
1089
5830
5366
4298
3942
6484
4964
6114
657
1740
6411
6410
6399
2537
3615
2566
2470
402
824
698
6065
5389
92
5330
3785
944
1367
3253
6053
1223
5083
4479
2739
117
2689
460
2915
2620
6413
963
5037
1520
530
6604
5400
4835
4886
312
1319
908
5830
6044
4446
2766
1952
6155
1828
5263
2866
3504
6529
4143
344
5164
7015
3268
6759
3104
4490
973
6100
573
963
138
5766
5625
5113
1224
5060
5150
5178
2400
2678
4701
6626
3886
2372
5107
1362
797
5191
347
7047
924
4268
3280
1958
1988
2465
1673
5683
995
1327
3752
6691
2932
4682
5683
6427
6216
940
3589
5657
6889
3080
4735
653
2552
6702
1320
5104
2311
4615
4625
1895
4823
5847
1239
6525
416
4495
4849
5347
624
2541
6668
2524
1642
6224
7011
5298
4352
3614
3582
3785
5177
3267
3247
1222
3932
822
4463
6413
2131
5526
1118
5018
1798
5749
489
5070
5033
410
2689
2257
1880
751
3408
3353
6193
538
894
6125
3886
3321
1972
6037
7039
6820
5410
785
3529
5359
1792
2071
4173
3633
2661
2744
1409
5951
1107
86
3333
5794
4145
5290
896
462
4003
238
5166
6470
4947
5918
2572
5688
244
3967
4999
3606
3460
6725
1834
4767
1117
3219
4899
5425
6059
5464
3398
3416
6443
6992
3492
6768
5760
7020
5865
5181
2879
3909
2635
2532
1975
3178
5725
5221
5506
4075
2656
2087
3079
3859
5974
5179
6596
4980
5576
2918
2301
2430
6149
3919
6031
5926
3370
114
3766
6252
2110
6017
3248
5993
2411
1081
819
6385
3710
4199
6636
5318
960
3287
1193
3959
6386
651
4589
4993
4357
896
4043
4183
1355
4608
6676
509
4091
416
3004
4504
6386
3723
3057
4173
7064
5476
278
4465
4185
729
809
1334
1122
6999
5702
6646
5987
6115
6829
2921
2883
5904
1716
6115
4519
5517
6293
5031
7081
4719
3473
4786
2254
1976
5208
1196
1775
959
5750
2646
2487
177
1161
3086
3798
5609
3690
6069
3655
3003
3697
5922
282
1256
6263
3008
3496
5681
2830
6116
2213
81
1460
468
1971
3142
1327
5463
4843
3459
2699
5726
506
4500
204
2054
3925
1216
2668
4239
2722
5744
3482
3010
6513
3523
1694
1215
3422
5014
5867
2707
6292
1979
854
88
2680
4672
2306
7
1569
4761
568
957
3792
1052
3686
5764
2417
4423
5670
836
2026
3328
4239
2468
2657
3088
3451
3684
3102
5839
6339
6996
6976
6784
3718
2538
6940
6054
5624
5116
2866
5176
1193
1636
4040
3061
4161
4764
6169
5015
5966
6431
1094
6723
6965
4982
3542
2641
3447
679
1848
2923
2766
3724
3509
2348
6903
4331
5500
5033
3263
1434
6157
1967
76
1066
6626
5122
5274
6825
2225
3396
2636
3519
1742
6172
657
1
4223
6996
5135
2167
5711
1438
5287
6882
3181
1190
6168
4834
4456
2214
2009
4492
3309
2054
288
3188
4921
4598
2137
5247
5682
5567
3302
2571
5045
2031
1093
1063
6913
4923
6254
2321
4705
7087
567
4125
3214
5284
912
586
6273
1794
4236
2708
58
1912
5928
2785
4940
4313
1417
2644
1909
5721
5692
6110
7071
5629
259
2666
6156
5603
2575
5107
3615
3078
1952
3259
3567
6889
1128
568
6925
3673
2494
5860
5802
5618
4353
6493
5554
979
6865
3926
2849
1654
2037
6294
404
423
6293
6360
3142
4548
3696
2575
56
3622
802
2232
1888
4969
4745
5000
3468
5087
3767
1841
2207
6128
5382
832
2232
4347
5842
1187
5931
6929
5094
5412
428
3454
5653
6360
2055
5137
2162
1464
4345
4101
5007
146
5673
3279
3662
104
1217
4047
6350
641
4015
177
4166
3085
3395
1200
1552
2380
1016
3490
5551
296
2200
487
1638
6758
6170
2454
5064
4809
2580
3170
3391
936
6463
800
2861
1627
1144
6890
2030
4346
5697
3976
3793
6996
612
978
191
4120
5203
659
775
2857
742
1472
180
790
3806
6322
3935
5751
3144
6615
4230
4495
6006
2240
5562
4012
7073
1217
5671
3036
1596
697
6702
4826
4154
4604
4179
3106
3320
4133
1675
1806
5989
4251
1268
5545
2240
563
4215
4022
4723
2690
3003
2177
5542
2085
5743
4674
6714
5808
6450
1668
3880
865
5046
4753
1855
2832
6998
3483
4055
6830
1336
7081
1244
4956
4266
3677
6050
6286
6881
5018
2239
4409
458
4465
146
3803
6779
3119
928
5339
4454
4607
6095
2890
5932
4565
1700
1396
5622
164
1556
5260
6916
5770
597
2012
7098
5509
2893
2054
4594
6415
2642
6091
3415
1598
2484
5666
2027
4439
6592
3034
6520
960
7039
4201
5628
7089
3255
1323
6568
2910
2497
1670
1580
3549
5515
170
220
3254
6292
4381
1433
6113
857
4483
3526
4613
2087
6658
4270
5
6787
844
6307
3804
4605
3973
2665
2997
652
6007
6338
6915
2605
2449
5899
3276
3610
3494
6394
6856
1410
2751
610
4174
7083
6730
320
4469
4477
6198
4502
3755
3570
1522
6992
6581
6915
3693
4808
542
2115
4499
585
4844
286
3469
3408
548
2866
1113
2492
4803
5578
1016
1617
3024
6316
5596
5736
1858
4478
1640
319
4474
4264
6898
5075
1706
5775
6140
3025
3719
5634
472
2776
3836
1086
4483
3413
6990
770
1478
5658
2203
3330
2687
2076
3761
5839
2800
5563
6230
2641
5231
7079
4692
546
5905
1018
4589
1401
550
3603
1573
4244
1891
3871
499
4272
4332
789
4261
3149
4203
3540
1815
1745
2732
4688
2289
4858
6498
900
4190
2007
3511
5343
6763
4863
6342
5110
1965
741
5391
6447
5191
4645
4334
3927
1619
2715
2969
531
5717
1620
146
1823
2320
4175
2895
3559
4432
776
2842
2267
1985
1610
5033
4607
483
2913
4564
4131
4200
3092
4644
2874
5537
3356
2938
1670
2032
1802
3652
2046
1833
718
6587
407
546
3280
2804
6814
1610
2480
2233
2925
5081
1834
6936
2638
1072
6263
5285
2499
6513
6816
5344
5515
4747
4007
2490
4231
2755
2584
4700
2489
1227
6580
6085
2604
4348
2833
1181
5993
5857
6830
3320
1748
6925
2420
4225
4451
6678
3565
4448
311
1495
1540
1315
5784
1262
2263
3213
1983
4612
1807
3611
5432
2749
6056
840
6816
5089
1776
4410
4259
1541
16
2953
496
4146
2485
6696
5237
3721
117
4317
6815
5218
5722
5032
5854
4258
5623
5154
172
743
134
4718
2163
7007
5026
6592
2511
5041
969
5482
787
2449
1518
3520
6972
3293
836
3463
713
4616
6482
6348
41
2805
5867
5601
4892
2630
189
4380
514
6446
2760
5362
1211
5727
5236
6313
6436
2860
5471
7006
238
2915
300
1301
3513
2756
3198
4362
5368
2128
6577
5055
2461
6498
176
2684
5133
1855
4128
132
6100
790
5075
1653
6527
427
2007
2889
1596
3080
4022
290
1355
5842
512
4019
3846
964
4569
408
2605
5200
1660
6644
6213
5193
2328
2863
2469
6349
989
702
517
313
6890
283
6386
5277
2119
1718
4985
4631
6296
3401
426
6974
6459
5599
6766
314
128
1737
1601
5859
5532
5231
5178
2618
358
2563
6755
1041
3689
4881
327
4638
4042
6749
6637
3420
2607
3911
911
6834
5249
4396
159
3030
4639
521
4458
6435
5363
4041
6101
6152
3515
2947
3943
918
3114
1933
1195
4199
2721
5112
6713
3442
6918
7048
1667
1726
786
5559
732
4177
5024
1076
2782
2609
3730
138
630
5103
5649
2002
602
4126
2356
6960
1014
5113
5359
6581
3525
3272
2174
1026
5768
848
2901
4461
2631
4479
1225
3361
3678
6849
2039
4725
2479
5098
517
1442
5336
1933
5040
5835
2824
5382
1682
4748
7013
1357
4432
4225
616
1122
3771
836
849
5019
5200
3406
4220
4328
4002
2452
964
6042
6468
4092
5607
1738
4383
2204
4536
326
5595
5207
6117
1066
6844
4372
4848
3869
4716
2036
6
4517
6786
408
2433
4737
4046
804
3912
6394
883
5204
1597
6352
211
1809
2566
375
6107
3767
933
2878
310
3632
4562
5679
6228
5505
3727
5378
899
4338
3014
6488
2689
6954
211
4932
3802
6877
2199
3227
6705
2541
1678
1271
6650
2331
6067
4426
5349
3139
4164
3031
1879
3587
1628
3686
1610
5386
3511
2439
3459
5806
4565
5208
4367
1785
3250
859
6878
4774
5849
5104
6146
6397
4322
7071
6357
378
6838
5063
1828
412
3260
320
6583
3821
2916
2415
509
2212
4124
5388
7078
277
2634
2644
4586
6838
3788
5793
6422
5373
704
7049
94
4684
3170
3207
1245
511
980
6219
766
6948
740
3813
792
981
376
393
3983
1928
1923
7073
4499
5620
3215
5269
3141
4608
4924
3805
277
3951
6762
6504
2577
2107
2433
6754
1170
4461
531
6353
6452
2393
4945
5560
5444
2322
3516
249
4108
5422
1558
5044
4194
4116
6381
2187
6604
4342
6859
6087
3012
6970
52
2676
4370
1648
933
3074
4773
3186
2437
1886
5160
2038
703
387
1555
3702
3454
6256
3246
6659
3228
1330
4656
6497
3908
2346
1249
4580
896
5241
4144
2768
5525
4928
5749
6020
1882
2557
4739
4536
885
3196
3648
4722
2246
1025
299
6182
6465
1553
5860
4612
2021
5889
3761
5458
4446
770
3130
2417
4634
3757
3226
2428
1487
6755
2508
3211
4119
5219
1383
1586
2303
146
5288
1253
3893
1557
5722
1427
543
1937
6617
4855
607
6747
957
2000
4821
2655
4610
6130
3212
3253
3563
5083
1656
1351
3828
6054
271
4996
4472
6472
3943
4641
1774
5502
2140
6310
2815
2060
4210
1133
3001
2546
132
3270
3165
7068
3805
574
2337
4727
2105
1608
1023
1387
4499
734
5841
5273
2185
3242
232
3332
3716
362
3915
2385
3966
788
1944
1999
5389
1062
5491
6386
5136
2867
696
2607
4013
1619
4613
4052
1713
6081
5583
2561
564
385
858
6733
6364
2568
154
5183
4217
2066
1962
5529
890
4294
6996
3818
2239
2159
2220
3324
1399
5053
6756
892
1279
3093
6671
3007
5966
2427
6257
5248
3456
4185
4735
3333
2391
1214
4201
1
158
5031
5097
1681
1083
317
3174
2220
5867
5115
5441
868
6471
2479
1797
6539
3345
3597
5215
4450
2166
4321
1226
2637
6338
1635
6042
4699
150
667
718
2915
6112
5139
6109
5663
5496
1235
2707
3832
1452
1044
6986
2921
1158
471
6695
290
536
275
4506
5785
6342
2884
3673
592
2529
3937
5617
3279
2683
6981
6970
3684
1098
4834
5477
3345
3304
5115
6923
470
2310
826
4582
2468
5358
6477
5082
4568
3241
1404
2467
3328
3158
5520
5453
3308
3258
3763
2123
3620
3638
512
1609
6129
423
1623
3620
4215
2559
5354
6564
1004
6034
6094
2574
3850
1848
3937
568
5359
517
2817
6203
5438
1216
5535
2058
6173
4204
4818
2402
5846
6023
2737
1821
3188
2327
5507
695
4840
977
2508
1042
1087
6585
4108
1704
5447
4360
2551
3198
7026
142
5786
6831
4282
2923
6986
6016
4876
1643
5948
804
6712
3173
5722
233
3746
3756
1863
5369
2374
793
3161
5471
6945
5438
623
1371
1968
5043
3023
2005
6868
5292
4352
819
347
6763
2963
3240
3583
301
6198
3837
5445
1420
335
4728
1325
1196
196
7091
5926
2310
3721
1460
6291
3274
5662
1824
4849
2794
923
94
3490
6964
1271
1032
3287
3712
5066
1095
2701
1283
1021
2152
4381
5249
1939
5901
4600
5650
1032
5326
6805
6114
4454
6331
1248
715
308
4746
6273
3344
5017
4358
643
108
5711
2127
1760
4695
4821
6514
6441
1976
365
2469
1619
1700
1189
6243
3292
2993
1500
61
987
6133
370
4058
5976
1297
2713
5910
5083
6424
6249
2652
7042
2842
3776
5740
698
4049
4861
639
2310
3682
3018
4932
6655
5525
674
3615
320
4355
1783
5249
3037
357
5862
5504
2193
4720
544
2946
4150
909
1781
2588
1383
1025
981
3534
6830
1758
4345
5674
3612
6485
3987
2411
2384
2446
6465
654
815
7064
6162
4611
5764
5833
697
6603
2536
1257
6994
3407
4532
3264
3137
4123
5093
1451
3884
3797
508
5460
6684
5884
6624
1389
3296
4599
470
3362
835
3187
5440
2028
6550
1149
6639
3778
5932
2508
6801
4534
2590
2200
5929
5992
417
1286
6063
2393
6888
2497
5390
6269
6409
438
6133
2112
614
4174
3588
5664
5429
2098
6017
4620
5796
3673
4414
6567
3340
1403
2526
5234
4611
1761
6108
2206
6753
4373
892
580
6606
2123
1831
3457
4685
2126
327
5895
563
3851
2170
5340
1990
3483
5390
5864
555
4237
3078
3236
5090
5007
236
2598
43
737
1139
745
4292
6076
873
3440
4222
1449
3819
4306
3467
6341
2559
4762
484
6792
4238
5115
5899
6144
5664
4243
4236
6894
5848
553
4223
802
1937
6198
2763
6020
3068
2422
4448
6837
554
6036
2064
380
1530
4642
2407
1531
510
4931
4644
3264
6849
3588
6772
2979
4325
4551
3435
4552
6227
3815
1950
2610
3400
6082
6305
4059
5340
5612
3340
3018
6286
4378
3475
5687
2006
5430
3255
1639
1542
5385
3109
4430
3714
217
3261
138
4210
3936
5436
844
784
4658
273
5756
1706
3631
512
5751
1458
5829
486
2695
940
938
4868
1150
6922
3640
3043
1407
112
5035
4191
2138
358
4442
3447
940
5751
3894
1615
1369
4631
4909
6715
5579
225
4648
4869
2918
4819
1331
6269
3812
1408
1364
2032
1619
989
3970
6322
5792
3784
6165
4198
2213
6171
5691
4879
3457
2868
6727
3104
2665
6052
6801
621
2823
4232
2114
6529
1321
194
5146
4167
3322
4382
4990
5472
2273
5552
2917
4495
6627
6612
468
1139
2622
5513
931
2607
6214
162
5257
6876
6781
6041
3604
4778
5199
2573
1005
1830
2291
2206
3556
2175
4124
325
838
1038
5599
1451
671
6316
2349
717
516
291
5204
897
1529
6194
5131
754
2360
1145
6659
7073
2577
4939
3714
5678
6186
1319
4247
4217
6889
1660
3743
215
4804
4192
4197
3405
6530
105
205
6228
1377
5277
6358
6438
2848
5053
709
4293
5654
6637
6283
1166
1883
2687
5159
5247
4628
2407
1938
6706
6179
1144
1481
3646
1169
980
3059
2964
4248
2458
163
5232
5547
1730
2748
5200
6831
5347
5116
978
4336
1723
7002
2798
4314
1892
4936
5901
1288
6826
3849
2355
6593
5228
3651
1352
1932
1771
3134
6502
2915
5197
141
5785
5228
3164
6965
1035
2563
521
2543
1444
4666
6129
6492
5220
5634
5291
1885
899
4603
2225
6646
5375
5081
499
2045
3330
3928
7004
6207
3149
1961
1105
5973
4785
6669
3723
743
4359
372
1364
1117
1032
3539
1172
6812
3541
1444
1088
178
2870
4287
2165
2682
4693
3973
2914
564
5583
6910
3857
147
2247
2999
1142
6869
2540
6594
6150
971
5370
1083
6973
465
6454
962
202
6019
5098
4596
4478
5884
220
4361
5813
1715
934
4333
1442
2327
5626
6638
906
6158
5842
4160
2018
6994
442
2025
3549
2101
1087
6938
514
975
3034
6358
3255
1965
882
2623
3310
3263
2186
2705
3302
6110
829
1024
3602
1994
5213
4505
3433
745
1311
302
1298
3892
2199
2423
5814
2797
6855
3107
2170
4794
5383
5065
2917
7044
678
956
1346
363
6880
479
6139
4859
3052
2376
3253
44
3463
411
5983
1682
2054
5643
6844
974
5961
6796
3200
5675
4306
401
6033
3966
6738
1156
567
57
6720
4527
1224
2715
4874
3439
5998
5322
586
3989
2168
5282
6142
1788
1161
2943
4880
1151
6347
1279
276
4336
7065
5370
5597
5860
853
5725
2111
1810
5498
520
6378
3149
4446
4093
5859
6251
5016
6537
6776
3005
5624
2103
3138
2063
1491
6448
2413
4989
3573
2687
2188
6134
1337
3698
6890
5705
2175
2978
3187
33
5373
3733
2514
2508
2394
6555
2724
4088
2212
3949
6896
1121
2425
2450
1716
1290
2429
3265
571
4296
849
781
5320
1098
6005
2283
2172
821
695
1271
4
5129
31
4892
2118
2664
3509
4979
3373
1506
978
1161
1851
2540
941
5205
5223
2819
3609
2946
127
3493
91
3815
1213
4596
1581
4019
1161
6652
3543
5963
1076
731
1289
16
5985
3773
6581
1299
2657
2419
4776
3430
1862
2613
4171
2605
2376
3244
1835
6010
422
5393
5309
4470
4261
4595
5084
144
1115
6082
2386
6046
1686
2670
4507
2510
3657
693
6219
1764
3909
2791
6402
2309
4268
5968
3726
4635
4946
5120
6307
3944
4530
6523
1615
4120
7077
539
1769
7051
1734
2750
4368
6396
6998
5863
6278
5183
6988
367
5750
215
234
5022
2302
481
2354
3818
3671
5054
2886
2889
5453
1088
594
4494
2931
5035
1298
3738
3614
662
4333
1357
5234
6261
5931
6011
1783
7083
398
1959
5805
5010
722
1384
749
1438
5850
2428
4848
3064
2176
6833
2614
1446
5433
1632
2231
2334
1776
3252
6342
2586
4724
5951
6803
6519
4128
1390
5231
1445
4142
2809
5897
5554
4322
5298
1920
1562
3322
863
1265
5282
1017
1860
2213
3456
3560
2071
578
6863
1542
2617
4585
2478
840
4300
6778
3472
3906
5660
3155
2280
5308
4674
4579
1286
1848
5487
1736
670
836
2302
4278
1925
189
6898
5867
5015
981
4027
4527
4675
1863
6560
3678
405
4905
4825
1589
202
6844
4124
198
1858
3923
3106
1610
4137
2187
6399
6275
6199
1993
1271
4339
946
486
3880
6297
1425
1362
2209
4962
898
3758
3466
4091
3324
1218
1287
1941
1261
7019
751
1331
1556
4834
4531
6438
5656
5830
5317
5197
3782
4877
2439
2526
4963
4868
5369
6017
2393
4971
2277
6377
5624
6329
5767
3008
4707
6090
4730
6529
6761
5165
3100
1770
3352
4636
5295
1430
2459
6869
5111
2484
4961
2684
3260
2352
2161
3323
2423
2788
5293
63
3455
5595
4774
4018
551
2404
388
5517
6735
2739
345
982
4800
5933
2216
2484
2849
5052
1322
3803
6124
6739
3586
3527
1870
1602
2763
2420
2800
5118
2918
3331
5063
1201
4609
6315
3881
890
290
5469
3861
2093
2671
3950
1828
4653
6601
2743
4317
1593
4977
1206
2569
6726
3140
2639
4025
2253
6436
6728
3459
2249
559
4463
2012
2865
27
2237
1731
1228
6550
2921
3514
2994
901
3651
6559
502
2300
3219
2525
4881
5187
6664
6931
629
2561
2803
2847
6575
5954
3937
4807
6499
6757
1300
1135
3466
1254
3863
2693
1000
2257
2068
6538
4061
3993
3444
1609
4960
754
5449
6759
5026
3086
5943
3187
1602
4872
4189
6040
6269
4684
2105
2113
7093
3867
870
4255
4279
3176
6583
5385
6755
1375
6784
3369
5365
4976
4041
4901
5257
6216
2668
358
2379
5693
4803
2748
2540
2134
1065
2227
5665
2505
2480
4209
6334
6846
937
6277
6516
3914
703
6658
1493
454
6006
4338
1182
3527
3186
518
3626
2159
2599
120
75
1799
5518
3807
3656
6423
4318
3037
589
3396
1845
1774
5901
1678
1444
2571
6814
5015
5559
1715
3770
240
5680
4767
4085
596
2460
4928
153
3023
1190
2214
109
6959
6607
6162
5908
1577
1062
1357
3130
1278
4314
3897
5721
2715
2621
6907
39
6694
5251
2379
6299
2555
1620
6610
2088
4169
3919
6011
24
1743
2416
4349
2776
1108
6051
6247
414
4787
6506
1404
6713
5014
801
3512
2879
1897
1620
3866
6217
2767
1328
3602
368
4073
388
1786
4655
1008
1291
6271
4517
1503
1100
2098
5393
5180
1639
502
4134
3229
5187
3081
5833
4688
5964
4953
6154
4646
5372
5000
5936
272
6438
4810
2686
3266
4836
6935
1552
397
917
3895
6554
1427
4528
7008
6055
5900
4738
1525
743
5271
2992
1199
4474
6037
6527
2968
2480
4356
1553
2681
6307
6605
2769
3308
165
5135
598
6950
5526
332
3086
6513
5785
3812
6049
2223
2542
3744
931
1956
2965
3589
3863
325
4689
434
5475
422
921
2357
4421
1791
3041
4220
6023
3647
322
6780
4447
196
4122
6982
3137
5588
699
5663
2810
5991
124
4362
6373
982
391
1516
2644
2059
1620
1632
6083
854
4805
5922
2983
5831
3705
6853
3278
6369
5423
6496
4029
2922
6778
566
248
255
520
6369
5990
3365
2696
2885
1789
3538
484
499
1304
1310
3902
698
4922
2454
5573
5064
3236
5334
142
1060
6794
1142
299
349
4474
2861
2785
4001
2260
5182
4340
2729
6697
3326
2710
4131
6525
2002
1892
34
356
5196
4297
3025
3908
2980
4104
2844
2220
6407
5180
4839
4000
2053
2538
437
5937
4310
4024
6333
367
1329
1546
5570
2991
3252
4602
1906
6884
2438
2921
5027
7045
6889
1304
1330
1414
4160
3484
4384
5205
4894
2295
3078
2429
6914
1778
2898
4739
4530
2530
5963
456
3772
4141
3620
4069
2146
4324
2080
6314
645
582
2031
3107
3163
6318
4574
168
6472
5184
6356
2340
5971
3633
4050
2230
5168
4552
1198
3547
2202
4432
6756
3588
465
5524
3999
6393
3576
2920
2726
3795
4566
4328
606
3726
6019
4037
1395
2002
6522
5972
1934
1944
1160
6126
2196
3439
7058
1337
2789
1507
1548
1313
1601
5253
2127
2037
3102
5649
7021
60
255
1077
3195
6579
1035
281
4014
4991
3758
368
6008
545
4441
6320
2557
4422
4684
4799
5052
5522
2889
611
1853
6643
6011
2461
3246
582
3883
4069
1149
7081
4017
7035
1629
6260
4383
1919
184
5429
4653
2471
2636
7071
1753
3448
4531
6202
6261
884
1770
1315
6839
4518
5415
6625
5694
1516
2377
6325
2207
2541
4156
169
1645
4124
6751
1824
2754
1696
5482
6057
6355
436
6415
5584
982
6516
2547
1591
5110
6050
4275
5214
1648
3248
1215
4463
2291
2880
2353
6172
6005
6792
3882
4548
5466
2150
208
2182
6467
3288
180
3835
6556
3561
2860
3580
2507
6403
3191
3706
6472
1003
6727
3013
4822
4419
6789
6495
5231
6036
3750
6165
5676
2349
2030
685
6992
513
296
2340
6668
274
2688
15
6367
143
615
2262
4191
87
4649
5071
722
7040
5691
3128
5702
1485
2521
869
3596
3109
4032
787
4891
2775
1927
6021
7029
3954
6134
1453
914
4169
443
3528
6821
3753
5543
3739
6719
5850
2290
2470
6742
5294
7091
560
5490
5498
4300
4896
1088
6129
828
2778
4361
3334
4384
208
5247
192
4366
2428
2346
3167
4862
472
501
1229
3121
6657
5084
5320
297
2928
4385
1278
3294
4706
5809
2055
901
3165
679
5084
1962
6884
3793
636
2606
1548
1894
2029
4207
6576
300
979
4807
6066
1801
2786
3450
3514
4639
6906
2750
4484
256
3119
3476
2891
6461
5025
3497
5756
4792
1572
6390
6620
1903
6421
3657
847
2256
2521
6550
4126
56
6498
3314
3532
2453
4341
4103
6854
6324
5872
2357
5216
4041
5966
4634
7034
4133
2915
679
5942
1681
2234
1974
6674
4015
1020
1403
2233
2682
6155
30
1839
5625
59
3841
1343
4548
6519
873
6694
3218
6725
6075
622
6389
6854
593
3280
2384
235
1423
824
1742
6371
5156
7026
6911
4750
100
3390
856
4920
2312
1002
6081
4717
6864
6218
5378
6572
6703
4612
450
1502
5989
3947
5871
6386
3008
2455
1530
2373
5785
4878
4763
2238
234
4014
6808
4692
4779
106
1756
685
101
1913
2724
581
3709
3250
3512
4800
6818
4793
6874
1357
3176
1734
4617
5639
2499
815
6746
1671
3789
1004
3613
813
1358
2746
2662
231
3694
6961
6432
6888
3081
6149
5828
6768
4668
5673
5791
1940
6992
3239
4556
3977
1883
4486
1316
99
6375
110
6984
5681
5749
2136
6485
6655
5954
5082
2772
4244
4519
5008
335
1276
1657
1001
55
3229
904
2022
6313
6033
3663
2704
4893
3971
4171
6679
6641
1067
4394
4476
4790
2411
2094
2750
2072
5044
2324
989
4328
1923
4265
4780
3942
3446
113
6816
1454
3341
4579
3570
3442
3977
2552
299
1051
2948
3765
154
6661
5152
4281
1051
5037
3598
6226
5972
2290
2376
3390
3935
2828
2244
2895
1528
4589
5145
2419
632
4191
3916
2303
1220
723
446
982
707
7052
3961
4693
335
5724
3691
6253
251
1109
6625
4309
2145
5869
5469
5508
2139
5077
61
2029
5489
4222
6846
2734
432
2330
374
1406
6497
2894
4089
6254
2161
5922
1404
1346
5010
4915
1610
884
1584
3330
2744
3948
2601
588
5331
3811
1453
489
6288
2577
6680
1010
5010
588
4005
6035
6226
6001
1052
3943
4492
2635
6171
1727
2372
6332
5916
2159
3694
3733
6222
1945
2501
2383
691
737
5792
6946
3734
2600
5197
3111
5004
2011
3087
6010
7079
2409
3045
3850
2809
6860
1421
6011
2081
4247
3374
5353
1132
5887
4764
6703
4128
5996
2484
2273
3843
1075
4564
5446
5231
2053
2547
1415
256
6920
879
948
2072
3679
2441
6731
2044
6344
6798
6597
3933
184
4567
613
1709
6905
2696
5993
4667
1693
5503
5645
2681
4281
5026
1307
3747
6121
5015
277
6710
550
1821
808
5417
6475
4068
3586
3034
1839
2351
4216
5586
2418
876
4429
3912
2759
1086
2297
4815
2175
161
5791
3380
4278
3733
958
2945
6363
5976
1063
812
2145
5176
6657
994
6574
4580
4060
3873
6867
3369
5874
5186
6990
609
6631
3553
280
6490
4015
5716
4875
1279
949
4107
4106
2179
5403
39
528
6538
2634
2683
4980
6903
5391
1999
7083
2191
4835
5029
4253
429
4652
288
5433
5993
402
5900
1767
6961
5827
4248
3323
793
7085
7074
6807
3650
5126
3400
4015
4010
1638
6072
6499
2329
950
3492
2228
4860
220
2762
1501
5091
1801
219
175
4434
3807
291
4471
1969
2170
825
6109
4198
5621
3925
1409
6223
605
2535
6729
4931
2272
445
3524
4601
4631
6148
6010
4024
1323
2145
1803
2844
6536
1974
4781
2126
6547
4882
4656
6301
3694
2694
7010
6131
4887
4940
495
1928
2967
1929
5257
451
1534
3812
3344
2624
4008
1082
296
7049
1984
1564
5863
3158
6766
1503
6977
3915
6356
1565
170
3061
372
4064
4680
728
6830
2022
6611
3423
1385
4536
4510
5026
4465
1814
1639
1705
525
5745
171
5234
582
3326
4418
574
3250
4503
4863
920
6485
4270
2349
5740
1667
6088
5443
1092
2613
5194
5288
6640
1804
513
6311
5330
3364
3051
497
2776
1451
85
6625
2221
1373
6573
3509
358
489
3780
5782
5538
5267
5680
578
1224
3246
5478