891
664
1105
449
1331
2383
674
2131
2295
1177
1613
52
964
873
2132
1736
1204
2236
2375
1123
553
272
1389
2167
1561
2420
726
2116
1283
1339
1035
67
443
30
1537
286
266
2391
1749
400
899
1370
1139
2005
737
2178
2589
379
2410
355
716
1648
2014
2140
1211
2276
1867
1328
66
2006
2494
1000
1615
695
1075
2474
2253
2293
1472
457
2462
770
592
872
801
2083
1380
2515
111
1887
1033
1982
1530
520
1141
1860
1457
2335
2184
1013
2095
2037
1709
2598
2516
710
2596
654
2117
1432
46
2490
1644
1647
2372
587
2116
2308
1568
1301
716
1108
70
1097
1805
1145
2165
1
1315
2246
432
1351
1799
1989
2452
2135
1248
1443
2369
29
1519
732
1932
20
286
2473
681
1966
1756
874
2557
2284
1880
1420
2581
1434
89
1493
105
2041
521
1306
468
623
616
678
1376
913
348
251
1352
2094
977
1123
1903
164
671
1125
362
2473
501
847
1533
830
148
1228
1657
1108
1464
140
532
1470
1794
950
405
2245
2552
2214
2235
2386
1904
2419
2066
2047
159
48
1213
2317
289
324
2359
2494
2457
2121
455
1006
1498
437
1212
1966
542
1389
459
388
778
2357
2556
352
394
765
1705
287
1572
849
2136
2190
2406
2477
384
2085
2379
2292
1556
2530
2125
2393
1788
74
1709
1078
2390
2538
233
1599
2011
462
923
2565
1900
298
864
1129
2036
1597
1965
942
784
37
1814
524
1227
2058
1595
1455
1575
853
287
2083
1456
1971
1433
736
1432
203
2366
1892
2014
109
1715
2321
298
1460
46
1740
1070
919
1629
464
1137
250
655
289
1050
2491
2367
194
1220
1215
816
1329
1781
1139
47
819
1717
544
2543
2390
1718
2009
1403
1908
1790
475
1958
2392
257
1207
15
709
2280
1675
345
415
628
2191
618
2464
94
295
1932
668
917
1237
2250
229
1913
1203
240
1054
2015
2094
1611
1489
1466
1601
899
1351
967
1422
356
1835
564
1519
1868
2380
1836
1666
671
2249
425
1414
496
2396
1194
644
1506
1809
1076
477
1357
321
2228
1233
135
179
396
2388
2406
1978
1959
2385
715
1673
2546
521
411
2333
1810
197
760
1063
763
864
1031
1517
1836
978
301
1204
1082
149
1532
25
2212
569
1093
1060
250
67
2099
215
1655
2151
926
1319
1963
1853
2473
1462
949
1474
2341
1997
2256
1276
379
1560
308
1067
971
1390
668
1918
1392
2519
671
483
1991
1811
190
1421
1858
2122
1026
1444
2221
1957
2178
1892
408
1193
183
1435
672
513
2566
1756
2427
642
1315
1948
1558
2537
174
2068
1741
1216
1289
1291
909
2172
1146
1353
570
2472
2424
1747
2358
1448
349
2094
722
780
2463
15
892
1074
675
1008
704
2474
2340
2283
1501
1486
2521
2077
202
2413
1803
937
2517
1758
1852
528
2470
1165
2317
2485
1888
430
2454
2437
995
2481
1543
1753
1563
1585
1339
2320
1886
1700
1767
1172
1520
1116
1830
1999
1447
449
2149
823
2171
2366
1488
1682
2235
2576
314
1453
1215
1677
1584
2058
2293
311
232
637
1104
1933
997
1274
207
1445
228
1324
770
2300
2353
1861
1618
1064
2565
1433
641
2598
965
1922
1577
1212
2086
888
633
1776
1015
588
593
962
1678
1715
2
1345
1912
101
476
2445
85
934
409
1684
2422
2024
1758
2301
1136
155
2487
1801
1473
22
2102
943
1364
745
455
1897
719
2373
807
652
454
1511
1201
437
771
2330
1341
1732
678
1583
761
1738
339
997
960
1085
1320
2560
214
1865
1885
1899
249
903
1122
842
1278
2422
256
2219
838
2544
898
66
21
2344
430
1479
525
2415
1756
2327
2038
2071
2476
1615
1226
2076
263
1977
1066
1277
2484
956
1691
1523
264
292
74
1348
486
1999
1075
1449
2273
1993
856
2110
2106
143
332
52
1162
377
2459
445
125
2196
1308
1564
1145
1984
2381
1082
1969
804
327
764
1501
2175
1959
630
834
472
1025
2163
1609
2219
554
980
1279
291
518
822
805
593
1488
1997
300
1710
715
571
886
483
1406
1809
1421
1416
481
548
1264
1914
1084
1937
1407
1028
1083
2515
2191
1767
1910
219
145
2230
339
851
993
400
1971
1391
1082
632
427
1430
2034
2415
841
703
405
1536
1173
1195
1169
2510
115
1213
879
657
1662
1153
321
787
1224
117
803
2244
1107
2008
534
111
307
1551
2287
2568
617
2044
795
2202
2162
1766
1459
2226
1446
2200
1324
1460
255
363
637
2191
1577
579
803
808
2163
1799
269
533
1235
496
598
969
685
2137
2127
2070
1545
1838
2269
330
1712
8
1871
952
1101
264
2180
1214
2388
1614
781
2138
1173
2261
2454
2305
1990
439
2387
1956
2171
1954
801
1989
1012
1089
2488
219
1622
1161
1417
2401
385
1758
855
1628
2529
2455
2223
674
222
336
421
241
1121
1763
1856
124
1421
1303
651
1492
1815
1734
2411
801
901
9
2543
515
1535
74
1071
2028
1079
202
1657
507
1837
1725
1963
681
644
2573
2129
639
455
1055
2485
1960
2104
1974
660
1961
1483
42
1450
1943
1367
151
1311
73
402
150
150
1165
2199
1518
241
813
814
1697
1713
1537
1081
1847
1585
1299
1702
1949
961
202
467
2543
1362
1924
704
291
1362
1186
289
750
24
1521
1805
1258
1057
1405
2441
2461
768
226
2187
2313
2449
367
258
1377
2578
1751
1324
1531
1801
208
2339
515
728
1008
361
1960
1517
1707
1458
1123
66
1916
903
2322
601
978
558
643
5
2375
558
1410
600
2547
2363
1846
985
638
1785
1756
1319
993
2137
1954
1520
1197
1959
1838
813
902
2565
737
1382
1130
25
501
67
435
2009
2552
630
2224
603
1717
1055
520
2442
1389
2083
1204
558
1989
2028
1746
2543
794
2353
227
2287
1711
2281
2113
92
1835
1038
807
1565
123
2318
487
2181
2353
282
2326
464
2122
909
1492
3
732
551
2485
2204
790
798
1981
1361
432
96
2143
1612
1469
439
1673
360
1012
2099
2033
2076
956
129
370
2457
1981
390
521
869
1617
649
673
903
543
1500
1534
1860
2177
1370
1535
387
1460
127
1426
636
196
1206
285
497
1425
1300
1437
1535
1256
2422
2028
1512
1279
1832
251
219
1825
1482
1188
1617
2291
150
15
1101
1214
1283
1118
2338
2257
2527
2187
746
2128
2393
1933
882
2276
1503
1974
2306
588
261
1198
1490
302
2222
773
2464
1163
2322
247
1517
1894
1752
1064
39
2151
751
632
1887
1496
2324
2444
871
1405
783
2420
1282
1432
1991
1683
1417
1374
2335
1762
419
1755
767
627
76
1026
2334
1841
1847
1048
1990
1721
2114
1537
2138
726
2000
2362
1864
987
339
550
2196
1099
2565
332
414
983
558
346
2500
731
539
668
1112
1162
1767
941
1411
1910
1259
821
2378
2488
2077
1718
1861
166
809
1103
1282
674
1761
2593
2560
80
2276
378
172
2260
1663
1662
1890
2571
1645
413
2326
165
487
1914
2035
872
555
1674
550
904
499
808
491
947
1176
62
509
2440
2469
2187
2276
771
1786
2449
2366
2156
268
513
473
1286
393
2207
1582
919
1082
2590
1776
616
1636
297
468
2209
2569
1991
1082
1898
2186
1298
1188
592
743
1137
1427
711
1570
606
1939
383
903
1372
824
717
1822
318
2531
219
1081
1259
487
2239
2271
279
743
475
2106
1499
869
2533
1011
1235
97
1375
1024
247
2012
923
1237
1402
1276
1380
2350
1674
243
238
122
987
1774
889
1519
2527
1012
1537
1723
1436
1172
771
1300
2153
1780
838
1914
1776
2176
33
306
1122
540
839
810
629
1651
861
56
2472
1673
928
398
57
2540
1413
1388
807
1447
1816
486
864
469
1791
439
1062
1592
1788
1702
2227
2062
371
2323
841
617
962
779
1882
2039
2399
2517
1428
2152
2479
1098
1571
375
2000
1869
2462
66
1692
2220
1181
827
2230
2350
1433
1743
1121
2036
1787
609
318
556
1916
1312
945
619
424
2090
1042
1562
635
534
1311
2005
1415
1656
1428
1356
595
322
2002
1284
2517
2289
1761
428
2577
726
2051
907
2533
2514
1570
646
1368
2491
1341
1161
385
915
976
1122
1170
1620
1500
2050
1410
1354
2029
1610
374
1433
892
635
691
1936
1328
2187
1160
654
1845
2310
1660
2111
2548
2384
1007
190
2080
1345
754
1101
14
79
879
137
1829
2090
937
1813
1372
426
311
878
2077
1740
2352
2492
2105
1559
795
150
1352
2272
739
1149
1127
1990
1632
1114
1959
2425
834
2053
69
1160
151
127
723
421
622
983
1542
953
697
967
938
678
2058
42
1160
2517
163
520
128
659
2409
1006
1201
1247
2184
1720
948
1496
2139
23
215
508
2360
2349
2543
2511
2570
811
1886
1201
1056
1278
610
2596
1378
1797
1634
518
639
306
1423
16
627
880
2538
2522
1156
930
1561
213
870
1718
226
1125
108
169
1056
2474
1646
253
1458
1430
1745
2309
1065
1244
1981
1455
1545
231
147
1058
844
1529
1938
1979
1487
1197
1372
2379
384
541
2575
2482
920
1954
284
870
1561
1265
1940
1675
1925
2089
2065
2368
2276
1901
1262
2592
1396
745
1
1957
2246
2538
265
2014
474
1080
1828
2245
2078
865
1476
2417
1858
2036
421
2377
709
102
1441
1499
1331
1934
35
243
582
735
82
367
331
1910
1590
2288
2431
446
256
2220
2458
2536
640
727
2274
1618
1478
637
733
131
2472
870
310
1621
1395
2481
362
259
302
2180
1675
1707
108
1194
2219
74
2135
1012
1530
1010
1249
915
1367
2561
1247
804
1303
1870
1009
1124
884
197
1899
725
1056
2551
15
928
253
304
1160
2527
1068
534
990
4
2267
2080
79
2263
1705
1051
992
2111
856
8
1677
1849
2359
1100
1425
2487
1813
105
1424
1119
1152
2173
2515
1677
1624
816
2374
1266
762
438
477
2134
112
1363
1771
1740
1524
2290
1416
360
2266
398
1205
2125
2056
826
1662
1806
2521
1894
2242
168
886
2444
1352
1425
1380
673
607
2124
1941
515
1711
70
2452
1201
2317
2119
1441
298
411
6
1440
174
484
1352
309
976
1365
2023
343
2435
2253
2286
745
1301
148
294
1568
1011
2573
1436
2388
544
677
1327
304
1489
2164
1432
2060
1316
895
2586
1566
1148
2569
2103
1440
1892
1685
566
902
732
2236
901
1432
1730
2335
1454
2534
894
679
2071
2550
2332
2006
392
2349
1814
1904
431
2364
2431
1002
2034
1048
678
361
402
2068
1990
1463
1677
1389
2412
1358
1909
2473
2038
1893
1061
1295
2246
2188
1466
165
364
73
1292
2553
2119
394
885
1461
1404
1361
201
186
2275
2208
274
136
1720
2204
759
2394
1491
835
1936
1491
618
77
1830
130
2129
2398
1295
308
985
2030
1221
488
1057
374
492
120
1711
59
2401
1849
986
2421
2536
2499
2482
1221
2375
510
1403
563
473
2144
784
735
2597
2512
407
409
982
903
1701
1060
2280
799
430
2436
779
755
656
408
194
2145
1084
1577
1846
1661
801
596
966
412
2501
17
675
1531
2557
1677
2488
2390
1599
1448
1922
1044
876
151
2409
417
1930
460
1923
384
1443
1420
2306
2038
786
952
544
637
1785
2248
324
1887
272
1599
2220
1121
233
1834
850
1646
1511
845
67
2264
2250
2503
1560
1394
2596
194
1860
2037
2179
940
2174
1699
6
1114
345
872
881
159
980
467
662
2177
2100
2306
907
1414
2159
1907
1675
688
1171
534
491
165
2096
1282
1247
1393
740
1035
1771
298
1394
1833
1232
1850
541
1448
1958
703
2049
2306
131
2496
2293
1419
665
393
663
272
1496
1894
1854
1694
349
816
1636
1849
602
1367
1810
264
290
1076
2506
2384
2334
1483
1854
666
728
390
1610
274
1919
185
461
663
42
1498
2326
1311
791
1124
199
2413
1895
1188
1621
168
864
1496
569
987
909
717
2512
851
2256
497
1875
352
1859
1374
1992
7
2030
737
1439
1571
1395
468
2078
484
479
2346
1224
1199
2058
557
534
2131
1465
2167
104
1550
156
1711
459
1319
2502
1356
1675
1763
1377
2030
980
1016
932
1108
1140
2219
994
1328
1539
1528
1252
405
1880
440
426
1814
848
2074
2099
1288
1932
1294
2501
212
275
2343
2393
2138
1066
1619
2068
81
2549
1640
565
2002
2157
2257
608
529
1717
200
272
104
2059
2082
1792
1970
429
875
2512
1505
1737
2201
472
823
2268
13
2353
884
2520
1716
450
742
962
1951
257
898
1433
1470
1930
1623
2107
1753
375
398
1411
1974
1605
1249
824
481
1974
1541
872
2523
366
765
1604
37
210
1467
1004
920
854
968
1220
33
1921
1250
511
1933
2479
2504
149
654
1990
304
1401
2249
1553
1772
835
928
2209
160
62
530
1237
1307
1218
1356
1625
2244
1734
2441
701
1999
289
140
1681
2431
654
331
1936
71
1020
1467
228
124
2043
1081
1590
489
1265
1416
2398
2329
1692
2022
2169
1116
2217
13
1595
2042
1382
1845
334
2393
228
374
844
2479
252
1433
642
351
2315
2570
27
2025
1714
318
920
486
1134
740
223
2585
1698
1862
1291
45
2575
1220
1501
389
600
1451
2040
1315
2199
274
1437
946
116
1145
1285
1410
212
1108
1476
1623
2079
326
490
2128
779
641
802
1211
1389
2484
2519
703
1783
21
1018
863
2022
577
2592
770
1758
247
2452
1137
781
190
2483
684
721
1033
2413
1695
1839
172
1087
2124
748
1109
958
2025
1525
92
1048
1833
1164
629
2250
2519
1342
666
480
604
1149
1799
2591
2019
2282
258
2546
230
2425
2372
615
1464
307
828
1779
2581
2300
1444
35
748
670
933
1545
480
2588
428
934
1170
2034
349
1795
1204
1326
542
796
1878
1149
1075
667
2555
299
342
1048
2500
593
468
2238
132
721
2291
1846
1802
1897
1940
2033
2167
775
38
382
1713
1405
1310
730
241
415
2029
485
1068
484
1315
1191
1283
984
898
908
2412
2003
1247
1937
1480
1353
759
246
1221
1142
1304
453
588
2183
1483
1414
1947
2022
2077
2225
1404
919
1797
615
1811
1983
1186
2421
306
75
234
2467
2476
1758
1213
609
520
473
1772
656
1036
465
35
2235
598
1376
316
850
927
779
991
1825
207
193
1369
342
1756
116
343
1344
1257
1604
2347
2482
1488
2584
1292
2053
1370
2134
1337
1226
1518
2264
2563
1486
1309
429
1343
540
98
489
1466
1348
1308
1189
190
410
2235
1399
963
1600
2089
461
135
454
69
1816
300
618
1255
371
273
184
674
1109
115
97
343