196
268
123
553
139
151
646
33
406
459
200
40
418
156
479
101
428
681
72
644
603
366
34
262
514
441
60
122
568
59
336
161
49
127
119
390
211
79
69
96
512
340
202
582
102
396
82
218
619
330
569
584
23
253
332
344
489
117
229
143
365
623
255
182
665
430
609
33
429
303
288
40
261
184
517
15
526
448
39
504
121
293
480
694
564
102
282
663
53
125
501
204
198
667
119
586
416
355
664
469
137
410
596
130
617
668
448
393
591
176
667
520
367
519
237
132
677
689
578
675
585
482
429
588
50
238
198
427
492
218
249
682
639
268
17
374
122
342
195
125
377
505
32
96
251
462
97
525
211
394
260
197
47
222
85
408
92
281
236
212
95
563
222
167
582
676
405
137
388
12
97
502
351
45
283
554
271
357
477
405
220
386
273
203
334
660
537
565
347
229
604
617
96
685
216
152
668
457
172
386
260
474
333
280
475
158
211
590
560
417
499
200
170
650
103
246
658
683
627
510
177
518
211
8
328
525
86
509
174
1
184
308
543
661
663
681
685
482
323
159
378
434
475
160
494
364
43
160
72
460
553
658
205
88
484
446
269
370
88
170
65
527
342
142
158
286
273
185
498
594
551
140
283
605
171
355
556
128
331
681
191
291
48
693
513
320
321
157
582
266
250
331
436
496
689
440
83
77
658
662
439
43
590
594
467
90
447
305
119
486
83
621
15
63
465
574
174
286
483
637
600
172
262
521
403
163
407
400
92
288
431
169
210
668
24
361
683
515
25
14
373
274
423
385
667
255
642
325
418
260
156
370
392
415
677
387
482
552
528
143
354
217
398
127
429
171
121
633
579
318
205
550
261
133
237
450
188
266
550
80
137
331
48
51
444
648
252
498
6
594
199
697
165
520
539
407
625
361
164
609
281
127
165
79
40
513
646
319
277
241
606
430
193
686
401
359
201
27
646
626
689
691
119
387
443
196
645
316
385
96
278
367
694
255
502
37
70
676
264
639
137
187
513
183
74
345
121
544
394
536
485
661
150
364
608
168
669
621
245
279
640
388
230
201
341
479
471
385
344
531
169
311
696
432
347
532
26
32
43
152
489
409
145
596
522
282
649
215
386
228
568
261
18
43
65
213
374
576
637
56
669
153
616
27
496
127
269
370
136
487
378
532
134
96
382
672
211
600
665
313
198
93
644
63
478
585
485
546
444
457
210
159
292
532
639
681
200
623
237
84
124
26
333
372
297
457
126
331
636
11
251
91
264
350
623
56
427
509
73
383
84
252
631
136
478
286
266
530
8
202
437
167
149
685
286
610
375
655
699
525
692
367
307
415
142
251
169
87
279
9
606
552
569
457
233
413
296
136
560
267
198
97
229
371
698
58
437
122
479
540
638
221
120
9
219
412
611
512
550
89
179
477
660
38
450
574
451
381
376
35
95
572
594
480
150
418
450
314
598
499
413
73
270
514
31
611
537
245
462
288
29
199
39
45
619
548
601
76
611
632
244
246
179
475
176
426
256
456
28
224
126
77
494
383
193
435
648
683
322
186
153
230
657
254
631
349
379
573
538
73
378
219
209
667
371
205
363
27
586
604