3119
5216
3188
12783
10447
5170
5464
7148
12156
11449
5338
6193
5847
3150
3685
11870
8189
3610
11305
3295
2586
1342
10993
6302
470
11094
188
5391
1818
656
2759
3742
3800
2801
9943
6624
6377
7979
3421
2799
2804
10351
7048
7152
6974
6305
7605
11521
3923
8870
10609
4304
5089
5292
4783
422
5234
10536
11468
3945
309
8888
3756
2417
6041
8071
11535
405
1462
2301
10120
1585
1038
5649
3428
8040
2536
1168
3848
6191
4608
9559
623
2913
289
9688
4752
12455
3892
3461
5692
8689
8110
3897
7039
7838
12648
10083
4838
3803
4407
10150
6618
5532
7362
11077
338
4358
9920
6849
8168
8921
11750
8218
11072
10787
2306
11835
12109
11594
2290
234
5978
5181
13006
12969
136
1358
2215
5804
5119
11365
11949
6373
1820
174
481
12482
7582
1784
9735
2090
4195
4420
13138
2760
9660
13159
4416
1686
11105
1665
11214
10227
6733
9569
572
6106
12574
1236
4048
3339
2313
11222
8301
13056
7090
5097
4063
3531
1858
10530
3070
6568
1942
12812
4974
775
12238
9681
484
13097
6311
55
6529
8189
12650
1507
11091
7413
7103
11250
7426
7795
9269
5730
11788
4048
10166
11842
10101
12895
883
6006
13294
6794
8375
2948
12329
7537
4314
91
8342
409
4745
9512
8394
4949
11639
10704
3050
3476
11628
6657
11530
2529
760
6542
2680
7241
3196
9993
502
6962
6093
7401
2787
5799
531
3478
13021
1812
9667
9035
10120
8661
1602
2689
4733
6249
8569
1436
7804
2591
7565
4055
6801
4938
5499
9288
5665
4070
2371
4763
8867
10612
9348
970
7297
9240
2170
11481
1693
10434
6956
8823
11237
11084
4086
1959
156
8507
12369
10347
13204
909
11939
5308
9683
7409
11027
5373
7168
5788
10055
10359
2585
5829
2605
6923
1988
12853
11055
9438
10717
11165
7557
11183
9527
1446
3212
5847
7452
3844
6652
10149
11629
5504
7720
4248
11651
13110
3429
7381
2899
4340
7748
5167
4458
4016
1280
12951
1587
6863
10598
2590
471
1493
6834
11712
4043
2257
5918
6942
2927
4285
6301
6734
13003
9306
12278
12554
10867
947
3064
2050
5303
370
3556
10300
10824
9595
4348
10442
3980
473
4625
12324
12005
2978
2884
2171
12032
8256
4972
5297
6445
3647
2864
11140
7771
776
11559
10332
2235
3625
2951
7991
10731
7383
11768
11510
5761
9888
12780
6969
10254
3743
10690
1067
9174
9615
7561
1964
10857
4915
5910
6169
2765
3131
626
7960
7243
4753
8212
4054
4592
119
4578
6905
5788
736
11186
3873
11531
1086
147
872
6650
5575
6399
6665
3174
6813
99
8731
9313
6744
10793
11296
1568
12515
7764
9050
4625
9415
1695
8539
5686
9266
6082
10088
3139
3512
10862
10257
6907
5461
366
4402
4231
10712
3482
97
4580
4346
1684
9845
9080
12232
9899
10816
4768
5308
1085
4338
5764
12684
8532
7519
7246
3452
12613
13070
7569
12893
13180
12
10640
11162
12518
9967
3259
3964
9241
7708
3462
5136
2352
442
6315
10755
2155
2169
6361
2193
4235
4585
12457
6460
7594
4868
4787
9737
8713
102
3363
3123
434
12853
4193
5469
5347
5431
6941
9589
3730
1105
1223
1718
12332
2766
1058
968
8700
12250
95
9606
4051
3639
953
8401
3803
512
2606
8784
9223
11051
12866
9708
3765
5314
2634
5402
2274
6938
3163
3400
10693
6212
508
216
7528
3390
8873
5444
4133
7453
2676
8714
203
353
5412
3570
5793
12253
1800
8178
541
3060
1692
5127
6032
10425
7176
5978
6828
4187
8941
4882
5043
11967
4653
4672
6258
5670
10721
9426
6831
3002
6282
2195
5402
5681
6811
12914
12727
12018
144
1921
12911
6019
743
1302
1656
6618
2727
5058
2155
12094
10817
7172
8447
10750
9948
422
4278
12642
12967
12716
12174
1860
9786
9178
8134
11855
7046
552
1534
6061
582
5006
3085
2060
10472
11222
13227
11538
9151
10441
10507
11616
13220
8718
5766
2386
6736
11405
10611
8347
12911
9524
6335
7205
6213
5029
4193
12175
9923
12487
12139
7219
6530
8378
4061
12949
4892
6446
11692
3765
10052
11492
7972
400
1268
10977
9023
6903
6231
9876
8167
6981
7265
3075
3748
4647
2858
9187
11650
1712
11719
1036
851
9509
4879
6093
10073
11973
8364
553
7675
10464
11368
9497
9475
11469
5443
12360
9158
2885
7148
7594
9624
9987
12918
8509
7719
6096
74
2737
12449
11653
3784
5347
11892
3889
13224
1833
2635
2686
3750
9503
4046
11906
12723
3654
6394
5039
1907
8336
6677
4288
2499
9601
4690
5357
1813
779
13281
10841
2495
12053
17
3694
7427
799
4116
3485
428
10625
656
4530
1397
6702
10472
11845
752
7341
7740
6661
7985
623
9469
7118
11658
268
8443
3336
1768
4213
10163
7877
12621
8077
12961
6313
1743
9414
8984
7134
9352
7970
841
12692
11876
6704
1598
10169
1796
76
278
8956
12493
6237
10188
118
2298
4540
4981
94
10180
3136
4302
1451
1253
6855
780
2968
9607
6852
9947
519
1193
10775
12082
8274
7806
3638
5273
9067
13039
690
2694
7551
314
4404
3163
11589
12612
5363
5911
4409
8213
12018
5048
3736
8072
6266
1017
725
5354
5124
6303
790
384
6163
8149
4208
5332
4231
9319
5640
11551
2994
7723
12556
9831
8486
2199
5673
12860
7561
5493
3560
616
3748
729
4945
6000
9617
7269
3155
7262
5300
10690
5332
10856
2979
4992
1494
1005
11107
8262
12034
3719
599
5636
11099
6323
3102
7953
872
8650
8608
7116
1144
11099
10712
7596
1439
591
10880
7447
11881
6886
2058
4870
11189
2037
8613
6829
3379
9946
492
13276
13068
8290
8076
3647
7394
10312
9107
1418
8405
5243
13141
6042
767
3671
4114
9306
4570
457
5748
7860
12557
12521
388
2055
4246
1962
2600
9084
5010
3840
7623
2967
9259
4402
1461
12541
6415
8259
12054
4044
1433
1984
5632
4086
5906
10093
59
297
12328
13240
12229
8361
4290
7277
8194
9853
7880
632
7851
10549
6571
4047
8773
3982
6976
10610
3235
2771
10563
7863
666
11760
5913
8392
3150
6416
4808
10316
7871
3531
3122
8215
13056
1536
6245
5051
898
3022
1074
9842
525
4642
12360
2138
1220
8839
7112
9185
3694
8578
8253
1623
11057
3531
1124
2666
1357
3610
2056
866
766
3410
11089
3120
4936
2191
1536
3440
12335
944
11463
7198
2701
10759
10806
2733
5657
9950
1181
2230
1093
215
473
3043
6876
10713
3721
394
12068
10500
1414
7505
2140
12159
1446
3835
7740
12866
10306
4963
9135
506
1782
88
12281
8177
10644
589
8037
8502
1622
9244
11400
4884
2381
1861
9140
6789
3420
12707
6068
3677
9923
10356
5489
3024
11970
12362
2441
5887
13123
12197
3172
7084
9999
9546
11904
11266
4036
2507
12767
8993
8521
2046
1907
3858
10592
6143
775
9392
5380
8413
8968
6653
11897
568
7435
5744
6878
10373
1803
8806
12776
10811
12784
11682
3422
13254
6608
8549
326
11902
11343
4041
7233
1918
846
2295
5557
13123
12839
3741
10449
1542
3446
1570
13043
2037
3393
2033
11346
7757
4029
5334
9491
6519
12731
4543
10218
1043
3169
10190
10936
10605
5906
11160
13182
10247
10673
12182
2177
4315
10977
6982
6544
7072
12615
172
5720
8694
397
8097
9059
6208
7939
2363
12904
746
4154
2561
1538
3246
10659
3970
11540
2001
9877
13295
7433
8602
11045
4601
5930
3101
3687
8886
12433
9871
8292
7552
7067
2508
1478
5862
560
6628
1815
2318
9488
7202
9889
10958
1814
6024
12711
1288
10462
3235
7497
382
5064
8701
7906
3550
3036
513
12756
4782
6372
10189
7000
11536
12953
1013
6384
6493
562
10938
10104
10487
10756
1503
4529
8880
9896
6289
6067
9017
8859
6516
2059
4107
11104
3268
4662
6797
3600
4232
7687
1961
8916
3282
4374
7044
10957
5507
8511
994
12531
3416
12528
11241
3249
4619
2332
9645
155
6373
5338
7148
5243
4838
101
13244
4077
7059
7101
10625
17
5878
7526
4793
8935
5151
8002
6867
489
3570
11483
6856
5322
11666
11366
11607
13251
10068
5078
8797
12925
5929
8541
12301
10676
2539
6421
2735
7374
1027
6325
7413
7857
8476
323
8056
11546
1932
4267
5857
9090
6042
3376
8544
310
3049
4564
777
9146
7823
7579
12760
1755
9649
5781
5405
2961
10788
6133
72
11671
4104
6258
6641
12293
3174
4924
10978
3025
12243
11801
2684
12998
12157
6335
6941
6828
1483
12718
10160
2272
224
10032
6107
4843
9702
6174
11257
6314
7059
6621
13018
2243
11619
2629
11573
7126
10794
9040
8652
3637
1039
505
7615
10044
7866
6729
4186
12496
3419
2692
8357
6488
3831
5944
10506
12548
7001
8186
6280
3344
1651
7619
5085
7947
2821
5663
2843
871
6635
3888
2086
12802
4844
11882
973
7684
3280
2044
11678
9317
6873
2714
1528
5484
3902
10912
9048
9517
10791
8977
146
9185
348
7066
1647
9390
1402
10093
5711
12810
7198
10175
3449
6815
1319
8777
8742
10297
6548
6154
12679
9451
4474
1685
4554
5481
5416
8453
3574
7790
986
106
9812
8274
54
957
8380
5396
10041
5226
12544
6621
4101
8698
7802
8158
3552
226
4926
6465
9993
1680
9829
1529
5787
5481
12256
550
1649
7971
6672
2841
10906
10109
8434
6271
8174
4204
1657
950
5393
9094
3294
6638
11180
2488
1056
9111
83
12805
5610
13184
9428
6038
10416
10475
11697
4342
8178
3650
2804
10262
2757
176
1871
8645
5298
117
52
1396
179
11785
12626
7702
11007
741
4316
10343
8765
1662
7867
9118
2620
10741
7717
5153
5902
12715
2993
7443
7270
4748
830
9927
6144
9629
4000
12022
3317
11734
9407
2900
11180
7632
3460
10298
5306
9924
12565
9334
9988
11992
8528
5768
10616
10668
7556
7502
8208
681
12880
5818
778
7108
8726
4561
7061
4714
9576
621
136
9304
5004
4178
10126
9410
2396
7363
2924
2285
12438
3894
7778
8728
7699
979
504
5009
12313
1292
4289
10248
5606
9317
6263
7616
4367
12263
4880
10633
12017
10688
392
1608
7288
7970
6368
9389
9407
1784
7753
4323
3091
12557
4368
1184
1260
2302
4570
8031
10054
1561
4432
2785
9181
8637
10134
357
9811
3464
3736
1166
9522
10542
3777
1965
2884
12283
11236
2072
8899
11426
4305
12622
9169
2533
9986
6215
1071
9445
4210
6720
5936
5209
12531
726
5381
4462
4070
5826
5382
1888
5346
4017
5986
3958
6656
589
10279
11438
2361
7182
1698
11704
5726
5896
5789
1149
6986
1588
7385
4653
5301
8612
5673
6923
4231
1478
9155
8976
5532
10925
8591
1476
10111
1455
11580
1478
11898
1157
5858
308
4334
2304
10558
11873
8750
8945
10450
4553
2620
5965
2332
3532
6420
12618
7428
7491
8100
783
10905
7385
12686
8064
9152
12241
4682
12664
4002
2721
6180
5052
1963
10449
12454
1331
5062
4710
11381
10006
4013
9160
2373
7422
910
10047
10490
5472
12629
1531
2541
10274
9228
1164
12113
1415
10495
924
584
8380
2424
9635
822
360
9284
11098
4842
2013
10553
1333
3845
3383
4900
8333
9469
1242
4
8739
8296
12790
366
11548
12816
12145
4862
9447
6114
4447
2432
8185
6684
3287
10599
10652
418
7058
5931
9894
10981
7456
10229
5598
11076
2972
2480
7695
2207
13043
10009
8195
591
8259
12332
8258
11728
3202
8062
1716
1951
3739
11630
12450
2274
247
8393
5605
1053
4113
1164
6615
12739
6401
2287
2753
5713
5420
8942
2439
1280
6063
7010
12586
9842
7997
5421
599
7724
12562
13134
6681
3186
7903
7764
4788
11135
10634
6802
11814
7679
11583
4515
10278
4737
4387
3539
8187
643
10693
4725
6103
2653
1266
10273
5956
10331
5903
12101
7811
3243
4502
526
12241
5418
7956
4654
7434
9266
3162
3000
2838
1740
3197
4743
621
1315
5871
5566
6978
6031
4496
2765
9431
5130
11563
2843
3434
1300
11931
704
1863
12173
9475
8809
5964
11825
6292
4205
4978
4468
5431
2763
7523
10922
3050
5213
5331
10183
7928
973
8911
6015
4841
320
8336
3841
1765
5517
2151
8154
7789
8197
8244
3691
10773
5602
9109
11015
1818
7079
3649
3752
4507
12581
11329
777
2380
11103
4078
6165
8564
10773
11946
4699
8358
13008
5104
9617
5805
4753
8346
7544
10713
8007
6048
4863
11973
11821
2261
9602
10657
4018
3361
13267
6071
11824
10820
2253
1189
7855
4216
13139
6174
2042
722
11492
2344
9300
1088
12757
11596
6625
7462
11576
5839
4811
9260
9179
13102
10504
9979
669
6753
12507
11823
7136
11019
841
7881
12968
12567
430
12861
5594
4669
1248
9242
8346
382
2133
6575
3437
5741
11960
5023
2023
6823
9493
3366
12230
2063
1700
12847
8413
11752
1420
5991
11859
9290
11687
1151
716
894
4425
11196
12241
1095
3249
9613
6675
5986
12857
7072
1518
4057
11030
5480
344
8423
3680
7696
8977
9498
11716
7002
7462
9014
147
5991
1484
9871
32
4348
1199
5987
12040
12530
9549
11255
3970
10444
11300
11865
13041
4471
2273
199
2535
4364
9229
2930
2162
13110
11325
11635
6933
8763
11163
5371
10444
8043
7741
6489
8720
2920
3790
7975
1936
10125
5522
562
9244
10347
13124
3854
3484
13182
6570
3516
5110
12243
3961
8083
12906
2975
8247
4700
5023
12814
7569
4645
5613
8701
2379
2331
9700
4550
3939
595
10480
3211
8512
6732
6654
10749
4580
7967
4799
5594
7044
3982
12129
10506
12049
4326
373
3906
12330
13123
4751
2207
1059
8704
9891
2937
3095
6936
5042
10969
2758
4126
432
10641
6965
7633
31
10715
13228
9540
8545
322
1089
239
6811
5689
835
7066
3759
11903
7897
8177
1429
12208
6954
12361
4187
10455
2572
9395
8914
11745
8796
10351
5860
12911
9824
5131
5499
6677
12035
4690
3692
6152
11563
2583
9924
12268
5596
7084
1115
3457
12196
12230
2423
7326
2014
5574
10570
1819
1105
6273
12600
8165
12565
10587
10579
1770
848
8613
10170
2693
1942
5229
5322
4403
6675
2077
5061
10771
5200
5336
282
12834
143
8974
12125
3622
5829
13170
9715
9544
1501
271
12984
281
11145
7192
11390
723
7326
2135
7780
10195
4998
140
4710
3517
9332
6203
7989
6386
12249
3860
1750
204
8736
6213
7943
1578
5702
13013
11417
5140
324
4562
8976
1489
2421
475
2307
4144
5253
8784
6146
11015
9673
2698
7975
674
1630
12008
12256
12771
3861
2035
10210
6154
9862
7160
1878
3974
11058
814
7884
9020
5627
281
6789
6553
4751
10887
2240
6575
961
1260
908
12268
6240
5313
8500
1731
8681
278
6032
9134
8593
1488
2354
7941
12908
7938
10172
3056
6790
8303
5163
12552
6243
5199
5314
6870
5913
12493
5780
5500
12821
3050
7916
8326
12951
11271
2961
10872
3745
5107
3291
4327
13144
3946
10775
10234
603
7411
1441
8429
11521
10313
4907
5273
12044
9809
3055
8916
12283
13267
646
7255
747
3763
544
4453
7730
10122
6080
7164
12854
13172
983
1030
3309
4687
6214
2901
5807
77
5697
11682
1772
12392
11381
12333
8155
2413
4128
1251
8776
10456
3801
9066
5929
11105
8292
8091
11272
11392
10859
3116
9937
3300
2793
4193
5563
9431
4208
6453
4425
7488
1565
3231
4513
10722
12472
1237
8785
2867
1396
8045
10301
10495
9594
5111
12961
10320
2171
9293
11891
5923
12955
8055
11463
2770
7724
5406
4451
5546
2166
1708
7435
8330
6746
5493
7036
9200
2739
3458
9994
4638
12806
9711
12079
8905
10536
5239
3553
7701
2685
3615
7588
9567
8890
10389
12298
7273
5285
12910
5087
308
11095
612
6290
7932
2294
2532
1673
641
10208
9618
11093
8582
2117
3232
3015
9145
3726
7
2767
2845
6048
7909
4667
10249
334
4476
9551
2431
7325
12877
5491
5464
1728
2566
1052
2111
13049
8218
12280
5739
10950
195
375
4460
12306
11104
12128
5132
11487
8676
8786
7184
10510
9507
13152
8404
13078
7470
5497
3274
9485
7263
12715
10102
10436
7716
6319
13273
7755
3971
11210
908
1767
4292
5746
4063
2343
12501
6181
11540
8881
4183
8903
2631
1807
12219
10144
637
12495
10492
12078
5398
9301
6581
9535
6178
2663
2869
9209
4389
10011
6122
7604
8251
3458
848
5237
6449
7924
1038
1831
5666
6882
13137
2407
10701
11665
5932
6133
4540
11584
6964
8512
9650
3664
4278
6342
2542
11008
11924
9868
1417
4794
7798
11500
5570
4753
9719
9016
7442
12061
7134
8381
11533
10276
9987
7274
10492
9107
11518
10531
11011
7400
5768
9454
7503
7705
3342
7997
4965
1344
4414
11027
11306
8736
7181
7575
9149
6678
5631
4370
555
2314
12287
5543
185
3663
11364
4965
254
6118
2050
4013
8649
12041
4964
5155
10845
11837
1973
2565
8973
6767
11051
5544
11586
10508
8797
598
2801
6320
3715
9894
1164
8629
4285
1579
12448
11734
2229
10103
12744
11035
4710
2337
11443
2780
847
2
10575
6726
9777
11982
3404
548
7155
11392
9639
8050
7306
8382
1583
8931
969
10533
10647
1105
6369
10310
8958
13164
5362
8239
13287
12170
9993
4109
2395
10237
1125
10342
8319
9470
801
1721
9323
8801
6372
3276
11830
1883
656
1196
13270
351
9605
6723
9309
9042
10155
7615
7207
7137
11297
2919
9723
5871
12195
1267
11640
11718
6838
3404
13151
9993
6465
12270
2499
3546
5950
3968
12629
1647
6848
105
8188
3126
8771
4092
12231
9011
5496
3553
4958
6535
4526
6186
2059
12572
671
6678
6639
10185
8224
3472
12417
11878
4311
12355
6509
4262
10959
6857
8073
6550
201
9306
7280
6845
9283
6254
10924
3772
10826
11846
3619
7970
6779
11323
1856
1727
5719
3160
4389
6134
1849
9813
2010
6794
8041
5306
12230
10447
5109
12286
9058
12369
9195
1916
6823
1202
9053
10521
6260
1379
7143
1806
3208
2909
4197
12164
4247
10816
3017
2800
12416
12170
3536
2004
2503
7866
4838
11002
2472
4513
11606
505
6521
2160
13258
7777
11065
5743
10652
12921
9459
5752
12675
1378
1627
3105
1848
6457
8931
1753
8301
11285
2225
3686
5790
7620
1736
8447
12711
4031
12136
11663
8933
10352
4934
12896
5544
8526
4356
12884
3812
4151
10975
256
11525
4556
9113
4624
1848
12363
3047
5849
4106
8771
9867
3266
8028
5173
2983
11454
8987
8008
1149
5420
1841
11802
7414
12189
6491
8059
4341
8362
11329
6377
2635
9906
9031
10481
5582
1863
5027
8716
88
7760
1969
2644
1226
5545
3034
7599
7415
4616
3054
3991
8774
9464
12105
3457
8670
3265
7059
3433
4117
10280
380
321
10165
8726
5789
10009
6161
2166
5530
5868
1179
2861
2447
11237
11931
2588
3834
11327
10716
6030
12502
9837
769
2590
8261
12223
12691
10037
5453
6605
4630
7622
7636
11050
5874
5503
10446
5874
6110
10267
1173
10059
12866
10906
6078
486
273
8863
9250
302
4861
2542
3475
10911
13192
8559
5673
9604
12749
13174
8352
2768
10191
12563
10669
3121
9722
11729
11043
9185
11239
3773
12380
7881
7994
6041
6991
4101
3399
11303
9333
5931
9187
8835
2109
6779
11613
840
2775
12026
9668
11943
11123
1849
7116
4529
3583
12174
9648
5916
9110
5400
10880
8146
116
6238
10575
163
1682
3511
3791
246
621
10108
10348
2850
8895
8767
12280
1733
12677
5187
7761
4479
13246
12729
9474
12062
1740
11241
12639
558
4037
6579
11749
8567
9805
4734
3931
13236
2371
458
7031
9890
207
8129
12237
847
8451
5718
3852
7812
7420
8426
11964
10325
1642
4845
9418
6302
10856
16
8636
7627
1233
2143
9287
7573
2138
1989
11562
12859
11720
11439
4570
3057
11404
9446
3514
8308
2643
689
5430
8711
1166
7960
3086
7909
11222
155
9059
13041
4279
12103
11635
6530
573
7380
9542
3435
7383
4775
13230
13031
13251
8206
11629
4598
11289
240
6692
9864
11536
12595
8060
11770
7150
3766
8200
8759
1619
5383
6248
6676
9567
310
5869
2259
7555
8067
7077
8932
12833
10529
7692
676
7736
7753
5636
9396
12865
10639
5808
5406
12468
3836
7573
1982
9759
12369
11282
10469
2300
9606
8117
5534
5579
8128
4508
3661
768
524
10921
2558
9387
8340
9794
6110
9834
8514
12858
3426
308
2329
8487
10345
1765
9011
2995
6088
12813
8447
173
6491
11667
9981
8215
8135
1562
11578
11268
3164
261
4107
7703
1891
9133
10363
1199
12089
5934
9870
3993
11067
957
5711
138
6527
8999
3384
9335
11859
13019
10681
9414
990
8556
8694
3732
5753
571
6719
2619
8793
4111
10055
8719
9133
12214
10
12208
11541
743
10029
1955
7930
6336
5105
11553
7892
12684
3448
4080
2242
4860
3865
3905
9465
2663
9336
6734
11342
5748
11163
3009
7848
7652
5821
10813
374
12654
1187
9724
10598
6067
7981
7695
6908
1436
11481
5920
11301
12107
2683
7522
707
6318
4801
2935
3658
262
8962
3403
9333
2106
6251
2633
44
4010
9012
2664
11647
2043
10145
6607
11852
8110
2942
12353
1521
7938
4410
13035
5334
7669
10285
6077
3583
12769
3482
457
9960
11100
13032
3850
11791
8073
1086
2181
9700
11189
797
10524
4806
11539
7338
12121
3564
4342
5570
912
10849
2641
3825
4050
10391
2501
3100
11847
4566
9013
1132
5143
13088
3537
11558
6388
6435
6940
13047
2362
3521
11678
11705
683
4990
8672
3073
12107
2250
1181
5086
3862
6166
4777
6165
9954
7083
11314
8783
11842
9972
4331
10595
7681
4834
13238
7519
4584
1286
6486
3850
5029
3136
3215
4644
13213
990
9366
4735
1312
3124
6535
10422
10778
4853
11535
5706
3438
2273
6176
10903
11914
2939
11633
11375
840
7300
1471
6990
593
3442
8236
5305
7167
733
7187
839
2326
785
51
8129
5191
4822
7522
10736
2875
11527
40
8671
6542
9144
8102
9815
12026
13129
10468
11046
7714
417
12254
9178
9564
101
2305
5334
12080
4380
7828
6626
10188
6938
3767
7542
7223
5807
10320
1529
4312
9474
6947
8455
5882
2065
2396
2012
9074
345
3005
3404
12098
3203
8793
10769
9681
3046
8728
10175
12076
4543
12187
4632
13213
5300
4665
6654
2095
12901
2416
358
5124
12968
6139
3196
1588
12741
2317
11401
1697
7770
2615
9382
5263
1025
3138
10301
7644
13069
8749
6258
625
9875
3244
9284
3100
1775
12720
4421
3991
950
10481
12844
4150
4637
9205
12839
12327
12627
9735
7316
11144
449
11091
9820
4188
2833
8771
1818
615
6198
12043
10158
6014
12049
79
5055
4801
12680
6191
5585
7775
1060
67
4299
6679
7917
11778
6994
8502
4915
2424
11274
3277
8709
11933
11367
5784
3528
10517
3307
150
12210
10106
6813
8270
11416
12913
12315
3153
5298
11971
11620
7507
10751
11194
3232
12510
12054
2563
2611
11625
6081
5870
12483
2627
3724
11904
8657
9037
7869
5594
10393
2494
5750
10054
9665
4927
8639
5316
1018
11149
4383
9007
11601
11539
5174
217
9282
7262
5560
3836
2637
3996
3923
6567
7827
5216
5627
5185
13179
507
9393
12546
16
11084
11524
189
8650
11218
9402
10517
12930
5139
11416
12211
5976
12176
10799
3632
305
7005
4642
7822
7885
8390
12205
1666
8324
7201
1428
12438
10812
2753
12095
8442
5567
566
1863
858
7802
1256
11731
4114
1245
1487
130
12949
3670
6849
8774
7578
3078
3700
890
7589
2292
13004
4915
1802
12931
9107
1185
7970
3853
6350
6430
8195
5574
2850
49
8192
7104
725
7778
7953
9336
9573
2956
1416
1139
1211
8120
5754
3798
4292
12395
3437
11986
1888
8549
5853
6590
5177
4144
4465
11175
12377
3234
7635
6470
6466
9714
10307
2896
3399
2853
5453
12116
3068
1534
13291
3064
8421
4196
6447
9475
8413
2536
5654
12859
5305
4687
3460
5909
9492
11905
8710
7023
10389
4356
8498
6405
12040
12240
11644
10599
6043
10597
2318
1331
11917
3306
5155
384
12581
6515
6351
10852
5609
13157
11751
3613
12334
3835
6309
3705
10745
11600
8924
4023
2903
5722
6508
3541
2545
2623
10393
3736
10147
5600
7035
3562
9040
3743
12105
11170
2907
9336
6674
2748
9560
7758
2712
9959
13039
2270
1507
7653
9445
3083
9375
11762
11216
2868
1368
13247
4955
12993
4456
11984
11560
6185
5558
6261
11418
9719
938
5795
3355
4334
6547
12177
3075
9514
7565
11491
12786
5094
6906
12117
10614
10483
166
4688
2237
1662
1339
10993
6047
6494
5823
4193
2640
5578
72
1367
11544
10933
4816
60
9811
6189
5330
5211
1242
7812
287
6295
5235
11915
4742
8557
2676
9723
6403
4077
9889
11537
8418
658
10336
4184
3513
11621
9154
9356
5565
10224
6327
9811
3208
1098
3088
3652
7771
6162
2198
9736
9440
9548
12811
6477
749
4840
162
2718
2642
2358
528
459
5870
8528
2486
8115
1339
6860
7200
6735
606
5171
4542
5518
13258
415
4905
10121
12592
11031
10558
1136
2977
8964
5094
6569
8812
9584
7527
3832
6816
9971
1539
6392
286
4391
10285
564
11505
1809
10313
4594
4202
8719
3009
5690
2777
8929
3916
651
7883
3013
3473
12771
6380
12514
3571
9252
11613
10980
5098
11115
12203
12193
11577
3892
12629
10370
6553
11155
10961
5895
317
11822
11035
625
2963
292
10605
9869
1468
10593
9240
3425
7163
5905
11584
2162
1032
8543
1019
3457
6615
7001
1275
8676
12284
7303
4346
12407
8624
3879
13086
11974
5344
744
4991
7088
5669
925
7902
8380
11330
12547
6663
3846
9498
2277
2697
10712
10060
10493
9413
12657
10890
8750
11645
676
13073
3175
12044
679
10411
4490
1402
9127
8232
9287
3797
4351
835
3573
3161
1551
1500
9733
7419
10939
6379
13291
8622
10883
11204
1826
11411
7378
5932
9493
5123
4133
5786
9544
7367
7491
5188
2046
1036
6873
6733
12694
8440
5022
5883
9456
10058
8547
513
9541
12169
7222
8913
10038
4054
3741
2988
12080
11664
8957
8109
1680
9468
12317
5167
10537
6244
11334
1992
11637
2880
3476
4502
8562
3658
7461
4416
2299
12071
8893
6904
3100
3788
5558
12695
11335
476
7462
1714
4110
9563
996
3991
351
8975
11038
10866
8478
4697
2201
3329
3807
10158
8320
4990
4398
2276
1225
6350
1880
9377
8298
7062
11942
8381
7230
10204
8411
10701
8064
2956
3096
9031
2842
3444
9242
111
3587
5908
8806
9998
4853
9256
51
6425
9093
5054
1086
190
3800
4894
12098
7598
11131
75
8328
6991
10682
9115
2078
9469
8721
11464
4798
1863
3763
9220
6206
3027
3198
2045
8632
9117
1430
11377
10152
9823
12066
10897
10874
12868
4209
5160
6145
11618
4901
8061
1447
11701
4105
2340
12795
11090
1237
12574
3199
10708
8201
224
9168
416
7629
11691
10783
2387
12341
12834
13142
12724
8983
9663
3063
5390
5251
8606
8782
3904
6345
3477
3454
10140
13266
3427
1813
1427
10730
5608
11491
9200
7241
11228
11767
3277
10465
6526
5782
3628
6575
10224
6654
11447
5094
7503
4959
432
1890
2735
743
11899
3710
3675
11872
8224
11642
1357
12551
3665
12637
9736
6499
7915
10650
6214
13030
12606
4275
5082
5412
9862
5551
13265
3366
9595
11910
6081
7179
3762
4226
6877
2136
9214
11914
8320
13183
6599
2799
12131
4743
9533
12935
10976
923
9873
10974
1706
11517
266
5437
6635
9404
10905
11589
9314
10116
2523
10618
6562
7045
9213
9619
7195
6813
993
3039
4459
10042
13006
10555
5422
7818
6200
9346
12465
12856
703
11253
8738
248
9676
478
8622
1620
4064
3364
4190
7140
6518
1967
433
4449
12493
1158
9287
2155
11019
7597
2523
734
11118
5571
819
2602
5465
5294
1058
8849
9603
2356
4718
11359
4507
11985
4674
6862
11390
1350
7304
10906
7067
1650
7190
10330
8888
8731
560
405
12758
11383
11476
61
7715
1490
1739
10481
4521
11656
6220
6217
5112
9483
8456
9543
4567
7705
3824
12477
11018
11465
5337
5558
11356
6831
194
7782
3811
6080
9309
6617
2933
663
11055
8070
965
928
8126
6479
4768
7338
11818
8318
6795
2759
6908
6410
12843
1439
5178
3030
1181
13253
1443
8309
1024
366
4724
10179
6071
11324
1860
5692
12903
3697
4280
8586
8385
12906
12487
8024
2674
9285
9880
13204
2312
8799
9675
9944
4550
11942
953
12085
11629
5530
3642
557
1796
1722
4414
164
10144
4633
10431
6977
2235
6759
5145
6897
10500
13153
2915
5169
1939
1976
2213
109
8056
3486
6078
2341
12751
12189
6781
11766
948
4837
8326
11863
7630
3821
10956
11230
7697
7433
6478
10186
7867
376
2963
13287
7972
1780
10847
6518
5860
8091
485
11304
4563
8330
7602
9392
2117
11644
11864
12820
8985
5774
3657
8995
11701
8936
7974
4216
2964
3650
3308
8778
11273
1215
9013
6911
4310
13083
4650
7370
10385
7614
6192
9208
803
10778
8207
12901
10355
11963
3712
4487
9616
7346
13291
392
7468
5774
1328
7013
8532
3994
2540
5387
3061
8164
12506
2470
9369
3137
1863
2385
10195
7028
2793
8339
1847
11185
2225
4042
7701
2638
11293
9959
8950
8343
7271
2818
9590
213
3803
6772
11264
10938
5696
6231
2285
11931
9151
11967
907
12513
601
2733
9413
8708
9168
7319
7111
5943
2040
7420
7822
10688
9174
1564
11725
8257
6881
10074
2775
8143
10409
2553
6110
7327
8792
5287
12225
12851
4903
11951
6393
11226
3148
6200
1416
2424
2175
4931
5046
10906
7790
3237
6736
2017
12828
90
2656
3694
7256
13031
360
10302
6719
10775
7615
4405
2122
2657
11829
7012
11572
9796
7448
2405
11670
6425
5618
5414
13217
2698
13266
12153
11326
12268
13100
8492
3865
10102
4800
10351
4249
5519
939
9067
5283
3251
10738
11417
4377
354
11508
9666
9748
1938
2429
842
3452
2756
13110
11460
8458
9478
10891
6876
12334
7311
6187
7523
4932
6820
4133
4661
4987
10718
11547
12460
9576
439
11832
7785
1836
8508
8700
10564
3452
120
3340
11789
9809
265
3860
6909
13270
7186
4646
4855
1444
6931
4800
6194
2467
6766
4836
31
1120
8505
1101
9053
10203
9870
2044
616
1842
5372
3877
8322
2994
9925
5784
3223
2897
7791
2620
8146
11056
1279
5173
349
11497
8232
6238
2962
7860
8636
10374
3943
519
5765
8044
6270
11500
12284
5334
725
4327
10459
1091
12484
10078
8019
3911
11158
8838
6052
10797
10108
2361
11246
10746
13187
5400
3896
11771
13132
5882
6362
3639
9155
1366
8929
1637
12112
10520
8357
4099
9518
9709
1302
10817
2516
469
7153
12318
7433
2345
6948
10038
2346
9200
1091
4516
11781
6906
8345
11256
7606
9436
6445
4802
6068
5811
5889
11328
13189
12844
1854
6423
13141
11986
4013
3099
5402
5355
6594
11292
8154
11617
11871
2093
9583
3499
9825
2610
11851
10952
11151
2686
9373
4711
12415
2322
13114
3190
8556
8079
3947
531
4704
12597
2555
8256
1560
6692
2047
4360
5575
5502
8163
12949
790
4669
9728
4090
6455
13078
9998
10913
9519
9886
5066
6838
5856
8013
5217
5723
3161
1524
12960
8017
6081
1699
3456
1988
1979
2296
13082
3509
9975
7902
5916
8801
1126
3629
2664
11984
3929
2315
2748
11958
7136
7114
3890
9591
6278
8432
8192
12669
9239
2697
6640
7263
9651
8294
10382
5110
8094
10063
922
2093
8730
5339
4789
6013
4413
8416
1023
4192
12116
1385
9768
7930
7476
9131
9158
1938
9991
218
10874
5054
2226
5818
9979
11165
11151
3047
9853
7354
12664
1632
967
4171
436
7409
11863
9855
6409
8712
6414
6086
3369
10481
1418
7409
12823
4423
2922
8309
8185
3979
10949
10693
8342
5412
3245
6750
6969
4166
1448
3442
4595
87
7390
123
10956
4133
9608
1562
4858
12969
9143
9952
12046
1563
1813
2774
1400
8899
6518
9327
7753
3049
9281
10580
10683
1861
9890
6593
3886
11652
10997
4782
13190
1463
4900
7635
2545
12497
1536
8125
6861
8012
6439
6843
6619
11103
590
3844
2770
1671
7905
1146
10249
4418
11691
11770
6522
9792
1212
11330
4188
8504
2914
494
6400
1386
12731
9954
1314
5196
5638
4587
10315
9036
8557
12951
5194
4040
9249
7847
10933
11242
7541
520
2419
4360
10372
1564
12179
6565
12413
3507
10328
11286
8986
5193
9972
9156
515
9105
5797
12915
4014
12244
4059
12289
8996
9611
7064
9516
6937
11112
927
10815
4007
8496
12870
2262
12257
5509
931
11192
7056
55
4161
4119
10699
9071
12106
3471
10481
12483
12538
8549
5328
13234
7830
3584
11585
176
2421
8310
13277
6665
3655
12537
10606
5987
4900
8424
4815
6140
6398
6507
8384
4674
11707
9527
10737
10603
454
9446
10559
1441
1922
733
1882
8188
849
4983
6381
10934
11994
5688
10534
114
8099
12705
10728
11984
3642
2874
7051
7583
1960
11958
1235
9929
2795
2002
2977
5794
4976
1949
6476
1858
5918
7906
6816
3687
4943
3823
4015
8746
5106
11577
838
553
12280
6310
5801
2308
1557
10689
6776
6573
4948
1790
1068
11318
3032
2994
9642
11200
10237
7908
11515
5387
5096
8739
1985
12871
11346
8721
1918
5654
508
9147
12422
10457
285
5492
11590
11157
6383
9651
276
10561
10093
2830
792
8849
3807
1897
2192
10650
6601
4784
9206
5945
6641
8637
8463
12709
3850
7614
3742
2639
10027
9284
11324
9669
10121
6358
437
10569
10587
12121
8548
7779
2089
7219
492
4718
9928
3094
11144
8309
12849
1909
4575
7773
6504
6493
6243
2607
12119
3378
11475
3573
2586
10259
6110
12728
5224
7803
2666
5065
9853
6156
7192
7418
7404
4791
6090
6867
7203
4650
6955
10834
1195
12880
4202
9030
8203
3928
9047
5786
6723
9851
11881
8240
2261
9106
1475
2556
9123
10892
137
2647
3653
307
4354
9957
10489
5101
5201
2669
4742
11131
666
131
2818
707
3242
3077
4908
7640
2249
9225
4350
4134
11068
10634
7611
11746
1172
2835
2367
9654
10399
584
5753
5564
11631
10276
12551
3883
8504
9200
12384
4904
5618
3139
10072
11191
890
9988
6223
5298
11860
10831
10
13261
6437
10887
3553
5159
8466
2692
4073
9220
5115
8782
8006
8558
5050
7830
4538
10296
1911
5589
3559
9016
9300
12961
6443
869
1814
9188
441
10323
8767
10590
7835
10606
7184
7699
2465
3617
2665
8972
3245
3861
10801
8601
2040
3808
311
11423
7070
5743
10737
12354
8714
6587
11650
2838
11750
10181
677
10251
11334
5422
10646
7509
4642
11645
1521
955
7254
10304
11213
1544
6374
1218
11948
4015
597
8823
3068
2298
5841
7659
1374
2075
4650
8850
2324
2000
10496
3906
2841
959
7867
9586
4010
12478
6779
10550
5957
1417
6439
4127
12742
13272
10259
3628
2375
600
9978
7325
9247
2873
778
6454
10593
6766
4990
5471
7152
421
12804
7307
12710
1578
7753
9902
4345
9591
6488
7392
12705
2414
3168
3343
9453
1348
9305
7043
10548
5319
10436
6225
4497
7194
2851
8930
106
8225
275
7395
8150
1982
1789
5387
3599
4409
3389
1626
8547
8132
9431
4858
12833
6687
7323
12003
2924
2796
8329
9698
7937
9534
7113
8675
12612
5668
11597
7175
12085
10945
1892
12083
9484
4552
7295
8461
2799
12693
12534
10517
5344
3548
1736
9159
3898
6644
3964
10010
2287
12090
2430
8186
12163
7588
5055
5546
10683
5385
8981
2626
558
10108
1442
8976
10926
4803
1339
6347
6049
7146
12078
12736
544
7543
3442
11762
12400
1549
2913
9309
5418
4406
6850
363
2372
9448
8317
1753
8843
7708
8995
8603
2990
233
2766
10642
10297
11644
4789
2903
10013
493
4963
8843
8211
1590
4142
10398
506
2247
10001
12729
4784
6248
213
12333
4907
2596
271
4942
11625
666
10834
9479
1619
5569
5717
7729
6698
3213
2540
10135
12893
2129
9606
8324
6292
6901
6585
1948
1258
9615
7208
9289
5016
51
594
9636
7163
3527
13078
12022
2509
4749
1413
736
11575
4381
2529
2854
295
11496
2385
74
12755
3459
9452
10897
6578
11627
5147
3044
10888
8496
10256
12744
12829
7369
1080
12548
5941
759
1982
3926
5859
8171
5509
12974
2108
5196
6784
729
3441
5926
13004
10638
11545
3218
2289
897
1476
5375
2570
7283
12089
4707
6377
4982
9696
3061
9601
4509
4289
6849
12626
12759
6094
10733
10374
5741
11000
474
6021
5153
11921
12685
11073
552
8141
2119
7572
11807
4608
11192
4621
6708
1842
10333
3050
11479
2004
8331
2642
2473
1108
3185
1865
10004
3704
10645
646
4707
3124
13113
2200
1340
1115
6351
1447
5232
7240
5561
12858
10984
6861
6343
12150
7972
10982
923
3145
2191
7453
4689
6375
1249
2222
5884
8298
4643
3311
3963
1978
7044
5657
10067
4919
104
9916
11232
2446
5792
2288
10598
10829
12541
10446
11468
9576
611
9375
3695
12542
2006
4589
2660
4483
9503
9898
5643
6094
7324
4639
5971
7808
5406
10695
6270
1326
11064
9802
9689
798
12377
143
9849
8159
12715
7618
3681
569
8017
2867
4445
856
7370
4808
11240
922
12433
7215
9458
11584
10073
7885
3552
1002
3418
12767
13254
4839
5701
2534
7742
5448
3458
11974
241
2433
5834
5228
10417
10805
7214
8555
2195
3265
12528
5949
10091
3882
7655
509
2840
5206
7560
11774
5196
837
3818
9380
9959
6940
9321
4071
2328
12973
4123
1041
1789
9703
12503
4743
9411
2973
2108
5078
2300
5623
9367
403
1512
9639
4677
6364
4943
2704
5163
5331
373
8991
3252
12733
6047
10478
12292
1509
5841
6138
5115
5313
12141
12646
6037
10206
8197
10292
9369
5558
13177
7549
5539
6263
1637
3825
10809
3908
2610
7706
11678
9125
1440
10021
2213
7680
1503
463
9512
2785
6267
8064
5942
7796
8172
6896
4938
10012
12090
6505
5140
2804
10183
5587
8988
3972
8047
12542
6459
6825
2632
5848
7162
12236
1940
11478
12286
863
8382
8210
1483
3043
10857
12814
8632
2152
1814
3133
336
11713
12747
10023
8586
7702
4441
10531
5625
8022
9978
10804
2840
4180
3433
824
10508
78
2992
293
128
5350
4048
11972
2216
2266
10393
7162
8324
12346
8472
11750
7378
10687
5486
6532
7471
4487
2272
2801
5909
2665
917
7649
7029
1304
12543
11188
3830
8458
3810
6111
5761
2110
9197
1987
8874
10311
10446
189
6345
10660
12383
1820
10761
2363
11378
6030
3202
4246
8919
7241
10122
8915
4426
8127
6840
5373
4167
9135
10343
803
3676
8991
11436
2313
11801
11740
4518
4139
8854
7575
9538
3336
1184
50
4992
10963
3870
10766
2856
8968
9157
1869
10807
4613
8835
2248
2366
12889
7822
4571
1050
2195
6899
12195
3242
7854
242
6878
2264
10508
2131
4461
5937
9813
7652
687
12649
12474
6352
5969
9415
1721
11639
12835
6925
8682
6980
9821
6448
9994
4597
9971
7586
11796
2051
10111
2591
12389
9147
3477
10966
5128
571
5291
904
8334
1515
12982
2277
10848
7160
8760
1282
1681
7572
2762
550
10704
5277
3207
914
6747
1599
3047
6672
6996
11477
12193
10317
4559
9921
12048
4620
7189
3022
13077
9828
12929
12311
13293
9223
8610
7956
4013
12515
4840
6855
2696
1140
1882
4752
3497
2942
4272
2868
4522
7563
6279
3314
2560
7553
6752
7629
10473
10572
3316
5322
3655
2425
11585
11400
8110
2683
7863
7067
9918
12004
11962
4347
972
12157
749
2558
2187
7066
12481
11066
12575
2078
9158
4767
11328
1626
13179
8791
11174
6642
2346
5374
10075
7225
86
9101
8454
10487
2588
7163
6631
4302
1177
2063
8232
4329
9909
2971
1812
3871
5923
6920
9975
7454
13092
1173
8924
10944
586
11067
5074
10460
2508
681
3178
8149
6199
1148
7999
6733
8454
6866
3962
1614
5491
8963
11784
4534
7198
6351
2495
234
6428
10430
11717
1370
3428
3579
7420
6728
6860
10048
682
2793
6200
7139
5555
2022
12751
7276
5966
9165
534
6818
2143
7702
2297
1287
7907
6446
3679
8008
3823
9802
11555
4708
3145
4282
1533
9908
4406
10439
4706
5710
3048
6836
12519
82
453
3648
8258
13203
4150
9926
148
8605
6335
13081
8718
7997
1106
11291
4362
2845
9762
11906
12385
12615
7613
7662
483
11972
6329
8866
6615
11966
11470
10023
6241
7794
5901
11166
2376
6957
7624
11487
11296
11611
10941
2062
9678
5150
8683
9938
3440
7066
4945
3267
12225
13213
3005
12343
10601
10079
4226
8706
11740
3837
11514
8652
591
6378
1107
6945
11457
7120
1437
1465
10356
5945
5089
10236
4678
860
9396
5033
1300
6934
5917
10157
11367
5991
5972
4856
5807
11708
11332
1402
7023
4924
13058
5265
2792
2992
6931
9312
9499
7628
8257
10804
13276
4567
2259
5565
9885
1226
8201
7774
9887
3122
7220
3544
3401
1289
4617
12611
5082
11203
12542
4926
9005
5060
10057
6051
9641
3002
3070
2038
7294
12347
9536
656
8567
465
10157
12744
4016
1360
11440
6050
10359
4667
2064
2428
11097
6476
4664
3822
8663
8840
12023
12220
3098
6280
3983
4451
8577
10344
7178
9161
3614
5853
3818
11780
5528
6192
12901
611
4684
7333
5515
7597
8358
4635
2480
10102
6865
4513
5652
7283
9691
2545
10696
6094
6583
8203
12004
1904
5363
6536
11212
7843
2845
1734
12284
11167
1725
10466
263
7248
5738
2136
4019
6201
764
7486
1006
4131
5793
6318
2997
4969
3936
10406
8119
12650
40
5651
9957
11706
2756
4813
2371
226
12241
2698
2617
5768
5136
5779
9422
7548
1850
8485
120
12809
6953
10690
12416
4520
10788
10565
2176
8120
5083
11236
7722
9822
8259
2990
10343
3303
2796
135
732
688
730
237
3405
9215
91
2875
10309
9728
4891
6812
4148
12208
116
9824
6875
6546
98
3676
547
10204
10124
7037
11129
5456
10702
701
5695
5009
5704
6353
4833
7768
10864
4624
11568
4522
3925
8335
7964
2478
7875
9914
10071
9488
3165
5747
6681
6557
9486
10675
11606
4552
9843
4611
12308
7081
12488
4400
8242
9161
8198
2319
11302
11187
2321
8873
11245
6956
6738
10430
284
11448
3740
1565
3647
12998
11998
9144
805
8614
11020
12773
343
3127
1484
922
7793
12209
7126
7233
3062
6860
11324
6926
573
1719
6119
2862
3730
7447
6821
9821
4403
8583
9063
7
1813
10776
9055
4159
4709
7115
6498
2172
10382
13120
7244
121
2232
8160
1052
2122
1894
3206
5798
6661
684
6336
4391
12110
10231
4933
4081
346
1929
9533
5823
1681
10458
3681
12585
1614
5055
6244
2369
8497
10748
5575
5090
3520
1034
7242
1623
5859
9926
923
337
247
11028
11661
838
3363
5079
7324
4520
6139
4182
6681
1084
8109
4085
11096
10486
10711
11644
7149
10272
385
1756
4018
12585
4858
6389
2305
8229
2946
9357
706
8464
2725
6397
781
5447
10497
608
3748
6396
4713
1280
6394
3703
11526
6984
5710
11725
4918
6954
5881
9608
11599
5420
11116
2946
10657
4822
1508
7970
208
7229
2775
3228
10412
11640
7402
10622
5095
8889
13014
4082
5458
6542
8616
4956
8112
8023
3346
13241
5674
9782
8931
9857
2517
386
1135
9842
2163
11324
10873
10877
7222
9676
3977
12264
1221
8570
7127
7145
4817
927
11700
8012
2343
1386
1108
10217
5052
6362
11194
4999
3660
5929
6298
7843
5148
6515
5090
3143
10192
3969
12021
8392
13214
9775
2356
8134
9202
9138
6153
3071
2064
7487
6938
2960
9050
5095
10885
5531
4580
5303
6308
729
2289
1993
9309
2637
5966
8164
647
3851
11157
9635
6754
7143
686
10050
4613
682
4767
2936
4729
4498
6776
5700
12818
10988
13261
12192
10690
12576
4292
5663
9352
2598
5686
13248
2013
3422
9390
3040
2978
9170
5020
10235
11566
2231
3560
11248
10751
12236
1051
10527
1226
249
2137
13153
9840
4745
2264
4891
6208
11929
950
6790
1737
9273
6309
7768
5700
1138
9319
6117
10801
11663
2289
9654
6387
13080
7930
10864
8291
7883
5809
6802
6329
7235
5080
10217
3078
5611
8604
2891
12487
6663
11649
12736
10671
8926
1141
5003
1580
4308
10171
11043
827
11190
11046
2339
10885
12614
12388
9382
10723
10662
558
12
11155
7909
617
8954
6608
11928
598
1009
732
9235
4212
5866
2612
7278
5874
4275
8474
3715
7039
5627
3551
1879
11673
985
9047
10554
10573
8954
1846
9861
6566
8313
9445
4963
9492
6398
4668
4429
9604
9729
1211
9143
2636
10078
10835
2494
5314
10291
11021
6676
8340
6331
8192
9652
3923
6774
8044
6444
11706
3735
6642
4553
454
12053
13175
3828
5331
4041
3803
4602
4192
5098
2351
10317
5644
2785
7749
9572
6770
3378
6293
7602
8730
338
1026
9772
2315
6319
610
3165
6064
2298
8691
9831
11570
2883
2128
10749
2272
559
4597
11500
9118
10306
5355
4737
3811
13281
4803
1442
4254
5948
11012
12016
6990
8539
806
8208
8841
1999
4702
8385
11059
11973
7362
10630
6006
367
8529
6868
5587
3232
7583
1652
4344
3702
2856
3509
1498
3042
9937
8630
8989
54
13160
10322
10057
4983
3364
10608
8368
6162
891
13290
5506
11840
11257
2955
10067
1546
3318
422
4658
1881
3364
9432
9146
5386
9631
11392
13005
536
6752
12018
4643
10373
8581
4315
5866
5846
8370
12203
11389
7304
4251
7325
3629
6881
1101
6957
7617
3948
5142
4363
6137
8387
4646
5301
5119
6311
11264
817
7917
8060
1197
8691
7117
6311
2753
7713
9228
8397
10470
1058
10950
937
11302
12826
918
2337
11807
3433
13099
2973
2524
10234
13288
11866
10736
11958
6587
1743
7320
1138
9986
483
8795
11570
9458
433
8242
12485
6044
1695
8525
6593
4321
10913
217
2493
5132
101
6506
8702
11070
8784
207
788
4925
12398
4355
1263
711
13121
5103
4580
3577
5081
9087
10450
7839
4437
4626
8978
5154
9709
2004
11531
1680
10976
5493
5575
11590
9334
12669
9173
7292
8932
1723
1410
12540
5699
2843
4577
12305
7717
390
11458
1738
6542
9823
3856
5959
6845
7595
8410
8920
545
1642
777
1357
4276
4183
1377
7626
6360
13289
2275
1548
383
5765
12139
1820
11531
10307
8104
7551
9780
6390
10970
10897
12087
6361
2918
9628
12262
3950
3693
9537
3927
8400
5028
1163
6965
8339
4030
1340
10609
259
12140
3638
10119
5823
5926
2146
11975
2945
8640
1644
1773
9984
12058
522
6739
10666
7850
12050
5461
10030
10901
8173
3245
7573
2506
9493
6609
3810
3981
2117
10185
7312
5815
6063
4407
8898
12692
10730
10954
9192
5049
13185
7215
3369
8819
5025
1590
11025
5227
9541
2769
11889
10513
6471
3914
11894
140
3174
6564
4440
10459
12974
5824
9480
1924
13285
2637
1848
6236
11577
4231
10693
4277
6934
12546
12272
7836
11071
4620
7065
8237
1703
9650
12005
10779
5450
8079
2705
4463
7325
1986
3692
4264
1127
5025
3369
8481
9913
12772
9390
13265
3375
12158
896
2380
2152
5687
1305
1102
11710
7626
8146
2129
686
12890
10756
3737
6694
3181
5967
4915
1556
2159
8024
11627
3841
11094
11866
6675
8425
7882
3850
8284
5556
11160
4636
11055
12622
1797
8476
2903
5251
3048
11187
6485
9154
13112
11
610
1396
11298
2816
9990
1920
1158
11163
5956
9753
4682
5716
3208
4762
2479
8882
3039
4476
7570
6761
6817
10001
6247
3050
7193
5209
10712
738
7282
1461
12034
4847
5183
12214
13086
3638
9976
1074
9298
642
7391
8626
5671
13245
2345
11217
11935
3771
728
2330
116
4299
1706
2412
5682
12586
5883
4062
3488
8517
8072
13038
10870
5077
9386
3082
2822
8406
13288
6992
2445
6103
11339
2037
11580
6282
4306
7568
8697
4042
8844
10410
5767
1099
6871
6312
6844
1437
5344
4131
746
5942
4330
3562
9446
3060
9461
12424
9208
10588
11229
7769
4095
6579
6510
11366
11658
7247
10158
12869
10995
2913
10317
3093
7999
121
3083
2639
124
544
10784
3327
6547
6956
2208
3096
2675
8797
2688
8618
9361
10158
5908
7296
1935
2785
4390
20
9787
7592
6651
8627
13282
1440
2638
1348
11273
7143
2548
67
9647
5907
12616
5659
2431
4218
10437
13276
11359
10880
2298
8731
3446
11123
8113
4067
10495
13257
10024
11538
2786
7914
10489
12030
4579
10539
9268
5040
2297
7410
3847
477
5923
12413
10086
6360
420
643
4401
4678
6471
6685
3266
5368
6375
5403
11184
5663
847
1043
9639
11791
7230
6487
1325
13201
11954
4915
1969
13273
8840
935
270
5996
8924
8132
12380
1941
6340
7829
8051
1385
182
11509
3823
12675
10221
9517
6610
8244
10267
2556
7729
6096
7877
9972
1453
857
7988
7444
1418
133
1158
177
6096
7970
11324
7948
4160
959
7143
8912
1131
2468
3219
9362
3760
6903
7577
5775
7501
4148
13152
652
11324
2459
12855
3639
12443
4054
12112
5278
820
5322
1517
6734
38
3115
8033
2275
4957
9818
11663
11940
1035
270
7737
6457
156
3719
10810
11643
2066
5658
5897
3186
8451
9304
12245
1977
6618
5224
781
11150
10424
6390
7534
4092
1775
10668
2376
12064
4848
7842
9817
775
4364
1517
9343
3635
2959
6029
9260
12272
3583
11148
6953
10478
7124
8720
2633
4507
2862
7147
8655
448
11684
5172
9525
3415
9239
937
6212
6169
11764
517
2345
3375
6936
12893
850
4317
759
6280
11972
4123
6749
2213
10830
5557
11279
9640
6652
2720
10031
703
7075
134
3099
644
11613
114
11657
1615
4384
2947
6769
8506
5970
7458
4964
223
13007
2397
5016
1090
9479
5315
11725
900
5036
4205
11352
5371
298
11452
9249
1985
9772
3389
2674
2840
6481
5044
20
3707
8283
4648
11839
12458
4918
1962
6958
7754
4396
8249
7709
13151
403
5576
7524
6309
4637
5962
10923
13191
3044
10971
3009
9798
6954
11014
2100
9685
2276
5166
9993
4138
7606
8988
12218
3028
4351
3328
12631
1667
12376
10317
11931
3130
7168
12532
8360
12746
8717
7098
1029
5835
10986
9509
8990
5930
7995
12775
5319
2391
9796
8929
7358
12623
2940
3820
8570
5554
7009
6916
5520
9272
5603
11845
951
5468
1380
8356
13083
7717
6943
3104
9912
1954
3873
10307
10239
5229
9790
4322
7726
2854
1579
7376
11237
12344
10548
5030
5215
563
12318
6942
3721
13270
4348
5328
10599
6695
11474
1477
10638
12844
3716
5563
4415
2211
12126
8165
9299
3713
911
8037
12931
11356
11542
10102
8349
706
10151
1946
8676
4320
7546
6268
11677
10470
4705
10324
12311
6371
1110
10703
2277
8910
874
4879
11418
7978
450
6859
1119
8160
9070
7848
5329
3202
7518
5662
8037
11072
7440
5218
4842
5462
5258
4524
3953
6520
11445
857
1034
2342
87
12837
1816
2720
911
1729
928
11721
2382
6446
5199
11411
6789
2850
2319
9376
8055
5123
5546
2530
896
6710
2407
5630
4139
12153
8965
2971
8914
7630
7878
12119
1608
4471
2050
12923
10257
1347
2881
11118
6611
10907
9758
13102
13146
1208
10310
9417
2557
2161
622
9153
4151
11409
10036
3745
3744
11164
11963
1569
8522
8293
584
6022
7751
9615
1229
7875
12444
2192
12469
12919
10512
9030
13000
9007
6498
11018
866
98
8669
873
13214
11360
7736
4442
10428
1506
563
3255
379
2812
13051
4850
7257
7341
7317
7426
5784
5415
6158
10672
3149
3269
6153
11789
13048
7340
10957
6262
11594
8536
9842
10383
12310
6320
1452
10622
2091
510
8883
7284
2872
10723
8957
250
6394
3578
9152
9307
1925
8010
10438
3913
4019
8393
53
10901
955
8242
2053
10003
431
704
2370
3182
1742
3394
3168
418
11618
9023
479
3955
8240
11596
3034
12307
1663
10183
4058
5208
1573
6050
6537
11450
12783
10940
8456
10891
11709
6917
6089
5838
5764
4386
4532
6130
12517
11902
2310
8050
7449
12001
10961
7152
9499
2444
7576
5499
12157
4424
12789
12366
6983
4192
9125
195
8753
12596
607
7202
4068
938
8876
11650
6217
12067
4632
365
10586
12191
11057
4307
7481
4293
3075
11297
11838
2655
5978
10126
2677
6398
7822
10584
9420
5293
3346
6558
11572
6274
1191
10416
9364
337
12915
6655
8493
1742
13107
9806
12867
2953
13054
9119
12867
5320
6798
7101
4991
7667
4999
8806
6316
13092
1964
2941
9581
10808
5600
3441
9019
6342
7890
7216
4786
2617
7951
8135
4540
10095
13282
2373
3005
10896
7794
5
13243
5118
7868
8225
3135
3850
377
3164
1581
11452
10755
1334
7404
2346
1805
8100
2045
12042
6478
698
9359
11657
10211
2409
3391
7199
7844
6995
12112
12635
13230
9705
12170
1290
6139
109
13210
1322
3069
6582
186
1106
12497
2588
769
10595
9742
1065
2547
1615
13039
4900
2200
9119
199
12499
5523
9276
12575
7856
10612
4675
10759
937
6158
6129
5410
11098
6368
11460
7024
3022
5146
11318
8643
2835
7441
583
8688
8861
5280
1654
9810
6342
9604
4415
10072
552
9417
12667
5384
12044
5292
6288
4944
9367
10302
8302
5060
9336
6777
3252
7924
8442
4438
670
1006
12316
12574
12734
10005
149
9895
7525
11200
6736
1032
212
851
6772
2432
4502
10951
7842
5637
8108
2165
8912
1264
11196
7643
7655
586
5272
5150
11333
6258
659
4683
166
9460
427
8495
7010
4578
9185
1692
8461
8951
5528
9015
11029
931
12929
2590
1033
5191
10495
5491
495
4926
11873
6796
907
12290
6314
4671
7344
502
711
8964
189
3965
1489
10151
2727
374
12463
11461
5817
9901
7487
6874
5963
7864
1485
1616
5796
4597
7517
9440
10305
5675
4546
4663
11874
197
3210
10510
5166
9019
5597
2294
9096
10788
9187
10426
3189
6590
12157
4145
4973
5707
10091
1606
10814
4785
10096
1902
3658
8616
6770
9340
2464
7517
4775
9265
4933
10900
4617
6423
8029
490
10360
8311
7954
1178
8699
3560
2037
8723
2485
8677
5041
4455
5186
4481
10719
12459
12401
3932
8978
10650
8592
11862
11885
1368
9466
12134
929
622
4239
5270
4864
10893
4160
647
12985
7266
11399
4844
308
6486
10514
7788
6212
11234
9781
12788
5759
9860
4742
1041
11277
6370
6533
7923
9131
7707
8482
8571
7215
2224
1079
2721
6781
1925
12139
979
7228
2833
6582
3776
1258
4067
12742
7755
5067
12193
4043
8592
1840
2023
9690
958
9346
8234
7224
7311
5054
9520
10300
2934
11972
4002
6156
5453
6156
8267
5477
7318
7140
382
10594
4061
9028
4472
4938
8327
5233
1019
1773
7803
8707
1779
9609
10237
4211
5506
8429
9685
6937
12494
663
1855
6114
9880
12487
7993
7621
3032
4471
12779
11581
10831
6143
6138
5602
8214
5765
12969
3594
586
1465
8367
10116
10831
2492
10418
13025
3171
1428
12872
2975
11243
8644
5242
9400
11743
8773
12977
11253
11894
1160
5571
7244
3625
3132
4970
2304
5546
12495
10349
4505
10414
8508
12125
1538
13081
4129
10817
6856
3842
290
8106
7662
10087
4285
7521
6530
6367
4963
11687
2014
9016
12935
7437
3464
2702
4671
6226
11734
7258
9879
12763
481
12571
5909
5759
4572
5183
12354
11186
10206
11267
2767
4323
11567
1193
11037
2655
3000
1722
6581
7700
3677
11419
12475
3110
9483
1297
12506
10667
10634
9964
9281
160
6375
4575
12317
3290
2659
4010
5046
5542
9168
3748
1699
9402
11806
11432
4571
2946
4422
10244
11193
12432
5000
11154
5535
12894
9205
4846
3560
7824
9069
1652
468
4174
6092
12618
5376
7980
10471
10189
6262
3608
11885
11831
9793
5734
7789
11005
10285
7700
737
6286
6311
10425
7342
11532
1387
8861
8775
5517
4885
12075
3659
13118
4894
1202
5148
5911
1746
4094
4352
8365
6509
9043
8252
7156
13223
1769
2153
12390
6688
13142
1325
3377
13035
11909
13267
12819
5396
5418
7749
208
6712
10993
2856
5968
11060
3688
2150
7260
13237
4725
4211
5934
7355
12299
2557
11602
12253
460
1356
2156
9146
7374
1418
991
10908
5235
8697
6575
2118
7043
10256
3867
1206
12910
4556
12379
11643
5997
8497
493
9263
652
10898
2116
3873
10338
12712
448
8961
3572
11482
4718
9199
2047
7765
4714
8141
8603
2078
4089
4647
2521
7924
11402
9638
2919
3047
9078
411
3899
3945
7658
8219
9216
5198
9942
169
8551
8515
12883
5075
6226
11156
7181
11926
5934
9825
2039
1182
1914
5165
8057
11179
9686
13214
11519
12100
803
699
8227
3174
1126
12162
11105
10714
3480
6501
7880
4702
11953
306
5854
746
366
6978
5974
3127
6949
8186
1516
14
4068
12405
13072
3441
7288
2210
11469
3775
5627
472
11401
5738
11170
3649
8851
8480
10801
3733
10138
2200
10548
8797
4934
6240
4629
9982
6019
11318
2322
8470
9128
11791
847
10111
7813
11335
4385
1798
6933
9223
4859
4428
2562
10462
7811
10493
5406
5918
8128
12956
658
4988
884
8678
12777
6983
10069
9925
5672
11872
12360
3649
148
1686
6683
12584
5647
2483
1042
2378
4911
7392
11892
304
4457
6006
803
8044
12408
11457
5591
3978
7920
7153
6342
1234
9494
7532
5641
7994
242
5814
1257
10674
1696
5619
7327
5224
9888
2634
3582
4809
12672
674
1048
359
4409
4050
1217
8843
8742
12680
7141
2539
6746
10183
2163
3705
5231
12420
2743
58
10533
1197
12953
4275
9780
2253
6967
5207
11370
10874
1387
1969
5702
11133
12093
6524
8219
5705
10711
9058
13111
561
2998
1903
2363
3657
3337
10828
11864
4214
2866
4274
1134
11821
2681
4033
2051
5864
11409
1178
8784
6756
9916
8836
1714
6671
4315
13127
7977
6492
12193
2409
6621
12475
2003
8370
11197
9300
12978
7794
5141
10173
3123
4476
5440
12033
4610
5304
1991
4066
6138
9427
9343
465
8484
142
12067
4550
3156
2426
5639
6500
1897
6825
11795
9775
10640
295
13000
7928
2931
4288
7632
9863
10269
12686
3158
2875
2752
4814
4919
5671
7216
1924
591
78
848
1837
3585
9935
2703
9030
6269
5705
12658
12776
5488
5842
5611
12302
5943
9919
5728
11147
13289
5867
1580
5987
6755
11707
13007
9321
524
2000
4964
643
11389
1067
8396
12467
11545
2265
7653
8106
1567
1331
8356
2925
433
6198
7955
5685
7374
3922
6441
9371
12966
4304
2860
9635
9290
5471
180
12402
2263
678
4034
193
203
4216
12250
6275
6074
640
8276
9786
2936
4495
13161
3341
1339
11784
4929
7695
11260
5617
9109
7668
4599
5406
2884
7304
1745
1713
4432
6804
1512
10946
5785
5770
8081
10714
3402
7495
8750
9789
9000
4229
9798
1773
2733
2855
10513
5410
12116
5595
12985
20
7467
10355
3154
12139
3157
2993
4639
6953
11403
11624
12489
998
8635
5471
1214
4473
11943
11740
11489
6634
5136
8210
4463
6598
2561
6925
9349
9728
2612
5358
137
11332
1793
5705
8405
8478
11293
5955
1430
3663
813
10062
7785
4696
1002
5347
12722
3470
9433
6497
6582
10450
5711
8767
11333
3584
10691
9310
9583
1325
6439
5810
2204
9665
7824
11590
11203
1073
4801
6737
7314
6912
12713
2942
11838
12690
7952
4319
6136
10106
6104
8294
4358
5677
321
9708
7722
7907
6239
8411
7293
11632
3570
10527
8206
8901
10925
4461
8349
7245
10632
8541
9614
10865
7518
8645
13029
5474
9467
9957
7618
12448
12214
344
5796
4291
10787
3271
9503
4620
426
6269
616
5393
8402
325
9152
4491
10752
7417
7327
7940
8425
10058
13104
2883
4815
839
5086
7161
13201
10706
4784
6445
9189
11652
4234
7959
11424
4742
12611
12943
11106
12141
6555
11139
4713
4585
3612
2096
12606
11520
13232
12919
650
4563
11901
9112
7237
12138
12711
8998
2865
8661
5179
4593
2177
5547
9019
5795
5244
3610
9143
7887
3221
5625
4411
5589
563
238
9080
2532
10150
379
6427
4577
7683
1475
7092
824
5591
12220
4606
10644
2799
1602
8149
434
9219
12776
7536
7917
10762
10685
8102
12462
10406
3213
3930
1982
253
1698
12510
45
12224
12502
3434
455
4433
9502
10250
9852
1458
6027
444
3742
6484
2158
4934
40
1841
10559
5289
8424
1216
12795
13144
4835
10686
6993
12827
568
11410
11963
7901
4845
4432
11548
8403
1983
1940
13217
2825
2775
4471
12496
4434
3997
2595
4780
8348
4947
12890
9082
1255
58
13162
6835
2796
8630
4679
12698
5790
8694
12841
2826
6655
2727
1149
5979
526
2504
5278
2723
3935
625
4403
3254
8211
5679
5474
1059
12065
6920
8729
6945
4142
458
10302
10766
2962
12685
3800
13062
683
701
2086
814
687
10650
5587
9240
1715
10245
1010
1148
5282
7921
5949
12651
11297
4018
11476
1545
8068
12725
10123
4972
12108
3261
8700
9930
6986
10830
9203
376
349
11608
2649
4324
4271
3293
2967
6014
13204
7717
9509
10433
2934
13192
9266
11608
4200
10459
12718
3346
3991
11762
11408
11170
841
10824
9592
10447
8852
9863
13233
5113
786
9019
1798
2043
104
10840
8766
6880
7156
11447
12423
3877
4577
9848
429
7692
12289
8264
863
1306
924
3261
4000
12617
2546
3852
4285
10597
881
8612
6329
6610
1341
3956
894
3342
1480
1683
7478
5550
13140
8698
10594
6662
3437
3486
12634
12068
11996
10104
11685
11074
84
320
12004
12230
13260
5035
5465
3886
11628
9141
9148
322
11092
11140
5018
3237
4107
12180
3547
7552
12523
6295
13253
1875
10422
4180
8680
12395
1426
6454
6866
4803
6597
1774
9624
12980
10318
6686
1932
12551
9023
2999
7536
1324
12260
7669
1967
4146
3912
857
826
7516
5023
5312
2255
4389
6389
1917
4979
8806
4384
11890
4821
11302
8571
8414
11419
3684
6135
11011
9978
8431
5036
1555
1718
9786
10281
12695
1257
1499
8497
8400
7848
1605
13144
5656
3621
869
4143
350
8646
7568
11336
9037
10558
2662
4515
8771
9842
11094
7247
5183
4175
10467
5083
1267
13195
1473
4148
10159
4831
11433
5499
5625
1529
11016
11461
3232
324
10987
5089
9387
9342
4494
10132
9483
12200
239
230
9384
4901
3044
3135
5698
12655
5202
609
3147
3807
8186
340
10965
304
4605
5610
8156
2171
2831
8007
11616
7619
3818
5595
6077
2692
1504
6327
12268
12996
10938
8097
6745
9454
6710
4603
4428
3039
12126
6636
8884
9166
8586
2481
7858
10947
10536
9799
5316
4509
11219
2981
1613
1924
9976
9757
6341
2285
2184
4687
3050
1066
1805
2098
2151
4809
11705
11905
1421
578
13202
483
4313
2256
11087
9496
10738
4619
9591
1275
8600
3669
1498
4053
11901
10112
10370
5510
5592
6252
10231
11513
2659
12401
9053
1945
11012
13128
1545
12167
9881
10774
8078
7865
12225
4692
4549
4681
668
5194
12766
11747
10744
11465
4715
7403
6733
4463
4282
619
13042
10692
1494
4582
2144
6670
3679
6722
623
8253
2686
1131
8042
10874
1286
7431
12207
9759
3683
1300
2295
65
2647
11609
4147
7490
5018
6279
11455
747
9521
10499
2864
7309
3556
7869
6137
5057
3714
303
6898
11978
7622
1673
12445
4250
3864
9255
7561
10445
7953
9889
6177
9508
6169
10946
13067
10652
8526
9232
3544
10575
8510
8724
11656
3916
7435
115
4984
1199
11900
12930
12206
25
2390
12187
5484
154
491
118
4630
13026
8858
11556
9631
3077
3205
9351
8746
8040
8287
3545
7478
12342
12141
8879
5745
6747
12460
12706
2527
415
11647
4320
6734
3561
2521
12368
2758
7850
13028
5831
5449
9206
11344
1946
6881
10743
3198
11457
10710
641
5496
4349
9747
7866
2928
6722
6098
12020
10744
10153
10382
5599
1584
2406
12786
12836
11280
11054
5196
5080
8887
251
6246
5727
25
4761
4181
11907
2995
8840
2671
2914
11057
9659
4542
12881
5882
6472
225
3063
11148
67
9519
5714
4518
11324
9961
7339
12622
7451
2614
2277
12695
4833
7333
3831
8830
7462
9613
8836
11050
2861
1609
8803
9071
11102
11949
10129
12122
6915
12784
574
1137
1544
10658
2179
11586
3763
12144
4638
11454
2554
265
9392
1915
8227
301
4261
4416
2204
10047
279
2582
4
3161
6241
9308
7528
11851
8957
12576
5968
7133
7374
2539
7120
4314
12236
11508
2406
4199
13166
2938
275
11011
6400
10519
1796
13036
5576
7114
11673
957
11894
722
4414
6208
11338
9098
12519
10264
6490
9991
8110
4946
1695
11712
11365
5009
9874
4616
9501
3287
11775
425
2846
2903
3356
11762
4920
9130
11328
1210
5144
9251
3086
3850
2673
9248
11233
4322
12007
11694
9867
3672
4566
2678
5114
5592
2651
1048
7373
9548
9284
3985
1742
7187
13108
5639
10640
9744
4969
9286
3245
8770
5579
5630
1590
13081
12129
8682
8731
9707
7622
5743
2108
9631
8308
7886
10287
12316
7311
12487
1694
2518
3457
3085
5712
5023
9268
2503
13297
5675
11451
10203
12808
11659
10742
13163
990
13218
10645
5913
10035
2540
7598
12316
8602
5519
2902
649
7016
8063
10035
8855
2041
5846
5483
2086
341
7300
6833
2923
2638
6048
723
11734
1504
10100
12704
12129
9352
148
908
12328
3776
8429
7881
1156
5489
709
13137
7847
3916
8
10445
10870
3614
5667
7120
5793
4414
7168
12280
294
3109
6951
4809
979
7303
1178
4834
3411
7901
10124
814
12450
11895
204
5482
8487
2990
12783
12551
3057
1411
9670
8818
7127
9046
55
8427
10449
12419
763
1165
1827
10479
3569
1913
8061
10458
12937
6459
6083
10252
7558
11830
441
11395
2562
4522
272
1541
6186
5415
12089
10199
10822
688
10826
3833
7290
13126
8561
10050
4069
4383
11270
8814
6049
11335
8699
1576
1005
11132
1214
9884
75
1246
3625
4121
11075
2256
4443
5838
9064
2738
1246
4347
4427
935
9335
1432
3773
3885
7595
8461
6753
11766
8929
12130
7096
12151
2528
11426
1098
8780
11530
861
6521
13239
5812
6821
13112
8544
5378
10654
8733
12936
203
5807
6312
1142
1187
930
3438
12102
5894
7913
3901
12092
1402
913
10544
9709
12403
2242
4234
8559
1838
2614
2885
9744
10581
573
6610
10165
7784
11429
8238
2226
1628
5837
9717
10824
6527
4649
6231
4145
12215
627
1721
7224
12348
6114
1194
10762
5897
4633
6765
3082
11399
7138
3486
12734
9707
12496
11452
9096
4839
6606
9792
2350
4979
11897
6169
529
11380
1294
8695
3589
631
12971
6459
7548
11748
9371
4134
1273
3260
12603
1074
3360
3097
4365
778
9351
3071
2325
4450
5179
5122
2905
11371
11277
357
13217
1113
11617
9312
2789
11289
11919
12412
5962
138
8567
13052
8899
697
12382
11554
11578
11048
1259
3706
8734
12447
7857
5704
8548
10102
13110
12224
136
10119
7579
6673
4990
427
8768
7288
5217
10721
7791
5378
11128
1910
2226
11141
5871
2349
984
7482
11364
772
4039
8856
5768
7782
9281
7825
956
8873
10437
7692
7718
846
8628
4078
7482
11181
11929
10141
1779
8937
9197
2240
8089
3204
6513
6193
8673
5773
2108
10100
2901
707
10
5737
5477
10532
10445
10499
1328
12152
5591
2379
10802
4922
11751
4428
8593
2256
4367
5142
12497
11573
4200
11721
1691
3070
5934
4950
3325
7247
4467
2516
10033
1852
1571
7908
636
5566
8969
10541
1482
10197
3431
9815
1140
6194
6608
4424
7480
11807
7585
11640
10690
921
11927
688
12768
12720
8054
12809
6185
12425
6913
4185
11237
8837
12462
12342
12093
13225
8363
11310
8815
8373
8087
8739
6438
992
1647
10485
6756
10647
1807
9722
646
1775
5688
8256
8738
1134
7592
3519
11576
8782
8060
2334
10661
1608
7029
3387
4045
13227
3434
1629
5089
13155
725
3518
9422
4317
1250
6322
8029
7172
15
7795
1400
4598
13079
11124
7826
3714
4074
8634
8805
10619
311
4397
9084
5399
12456
9262
12635
12096
671
1995
10788
5730
3187
3779
12765
11191
11628
11620
3224
3020
4678
11582
4600
54
11427
11105
1010
11711
8167
9312
6843
7556
857
1314
5847
12037
11798
12991
3501
3202
7910
3645
5809
3072
11778
10502
6059
728
7539
1747
489
2294
1597
3969
5117
936
338
2832
8111
1446
4594
13172
3959
11445
12098
13288
12519
7641
11972
7979
12395
1221
10249
1939
2433
9715
9389
5747
4300
9177
8288
4741
9019
966
8767
3558
4313
520
3393
6778
581
8343
2938
5343
2893
3896
2760
12192
12800
3681
1948
6081
487
9649
11890
8986
9738
778
5361
5453
6946
7838
8849
4602
1190
12950
4513
10202
1731
8411
9429
5833
9573
8547
4242
5831
4522
5528
13044
7813
11848
6833
11483
6148
10851
5149
11307
11461
1827
10089
9108
8342
3390
4628
6413
1146
12031
5062
11305
7723
10005
2285
5657
9912
3867
6333
3884
12388
7193
4495
7620
5701
7584
5982
1499
2754
1359
10969
8994
8269
3151
11077
3461
8487
5741
1548
1783
11342
6026
3801
547
10153
30
5754
9971
9496
11055
6768
4234
11346
9344
6938
11624
3029
802
2615
6201
3411
2772
4633
8232
9061
4011
12691
12201
4376
1668
9582
10661
40
2078
8885
10536
2785
12337
7953
485
2594
4472
10972
6354
4912
4809
2229
6914
7584
8350
8750
7047
625
2419
1550
3234
4656
3430
9583
6491
3401
4090
6852
507
5242
9495
9996
11286
3308
10731
1917
2636
2138
7816
12214
11900
5671
4818
3737
8179
1719
10001
1028
11697
10910
6114
11421
1875
9656
10270
6041
4034
2335
11752
10354
6721
2798
8870
12196
2361
2671
2195
593
8995
11594
7655
1212
10775
9813
11936
6954
11004
7059
7698
5603
4992
3376
1690
8470
182
6210
2444
497
1085
12451
10657
11083
10513
4203
8761
4819
3411
5265
1059
4885
302
10108
753
3880
1429
11447
5407
12331
8965
3973
4821
4739
6512
1098
11827
10198
504
12352
7652
2043
7891
550
3550
303
8957
11457
1912
11171
11719
5710
13270
7774
3769
2148
7310
10331
7752
4969
3423
3843
8542
2305
3067
10177
7545
1265
4091
9193
64
1491
4396
10646
160
8321
12268
237
8414
5977
9373
12371
10047
7422
4965
8673
8493
3527
7763
8181
6501
11022
8569
5393
9155
3294
3592
4617
7929
930
7011
6088
11654
591
5201
471
12349
6239
11963
11847
11601
4433
9736
2998
11948
10659
6902
4379
10089
6745
4236
812
8314
13046
10499
2681
2360
3345
11282
2549
1883
3386
10809
543
240
1084
1490
1665
707
1259
11787
7142
4642
12082
461
1209
8315
10839
12722
10403
6085
1088
8068
5039
11856
12224
3701
10493
1344
5852
11449
12315
38
10897
3057
11309
6850
3582
10599
6704
9377
2012
12057
8872
5193
7116
787
2804
11461
4711
6738
299
11856
2372
7903
11080
6765
4543
7455
9441
12797
3060
4958
162
4017
6522
4246
5009
7766
7802
10617
7919
5222
8317
1246
1069
11118
649
8713
11770
3660
10869
2825
1544
325
8659
11378
24
13289
410
5414
12165
4705
1690
1809
10369
6753
4714
607
2166
4390
3449
12430
9225
12382
10496
6930
9630
8261
152
7723
6251
1798
8518
633
1251
5745
11290
6759
2810
10737
12721
2545
4004
5393
6354
7131
11091
3254
11113
5706
7593
3411
8013
3549
5869
11219
9517
2602
7683
2685
7835
7388
2483
6842
9045
4072
9942
8039
12013
12163
11024
2168
9479
723
9110
13230
9475
4070
3340
4052
6891
6954
11579
6297
13095
2115
5186
223
12300
10618
4334
2585
7663
2964
9
2250
3612
6799
3007
11350
10103
3032
11276
6157
4085
801
4891
9561
10620
230
1393
12358
6224
652
12353
12352
5723
3942
1513
4607
8945
8577
7923
1949
13266
7601
113
7551
5209
11404
6672
8213
6185
12832
4535
8330
8620
4784
793
4825
4517
689
5217
2215
8521
8041
10683
120
9028
1349
1555
13125
755
3909
3615
8055
7534
3683
9180
10956
3944
1634
8965
10054
1767
6236
2185
10827
3640
1712
2770
9799
8692
11554
3013
185
13212
5761
6096
8539
9300
2295
12967
564
5536
11856
8108
7007
1220
12994
6894
7975
11910
301
7201
740
7728
9968
7543
5109
10377
1578
3532
1434
8267
1015
8061
10367
1235
5492
986
11446
5909
9185
2228
2674
7557
6630
11840
4576
12971
8540
1352
9066
4473
8227
81
6376
11201
4112
13133
9264
1170
11035
3054
10372
13004
10693
2446
10271
1636
359
12473
10557
12589
4075
8631
5047
6824
6086
2089
4577
7005
6522
10846
10119
4401
12574
2636
1399
11624
2238
6833
7379
5795
10604
4269
8372
3998
13039
8808
7830
9507
826
1425
10005
1397
12197
4407
13098
13238
2706
3207
8571
4935
9303
7593
3593
2069
8249
1069
5513
11753
5093
5791
3797
11806
1061
1060
133
8925
9740
279
1788
10174
3232
1556
12524
4541
3972
9617
11837
1689
212
10167
3246
9594
1398
10757
11317
11035
10704
9493
9261
9148
295
3084
9979
1922
9989
9778
3637
4904
8266
8937
1837
1645
7671
26
2566
13273
2845
2348
1455
5649
362
8804
8572
4511
7131
12635
2533
11386
3192
7987
10310
3391
1076
11111
947
12726
6749
4714
11453
9797
10533
11307
9160
590
1204
3393
11876
4149
10677
7632
11303
1064
12031
4869
2258
10971
9765
127
4939
5805
4991
11784
3000
11996
12155
3411
980
1220
7395
9802
4401
10775
12436
12781
10980
8634
810
4569
12545
11078
11463
12322
11347
1072
5259
1678
11537
10453
8444
797
2412
1594
3276
5295
7844
12077
11837
10713
9041
2857
7344
3766
8134
5802
7097
3778
2701
6931
10966
669
12748
9427
5161
6600
1862
9965
5317
3556
9616
293
8193
6611
155
2589
12574
5078
4105
10494
2596
2321
1241
11154
2601
9824
6055
7272
9786
10278
1363
2954
7616
11216
9919
9411
665
7743
12641
13235
12780
472
4480
2933
65
11123
2067
4762
6668
8645
11176
6755
9715
5975
5201
12635
3912
3108
1152
4801
2019
7662
1138
12042
6323
2943
10773
1783
922
3182
12362
7646
11166
5242
12064
5490
8885
7979
9384
9031
5782
857
1893
7623
13123
3177
6588
3472
964
7033
6506
3055
5951
9553
1288
3359
5307
9797
12982
4681
3312
11303
3906
9561
10613
9101
12658
2531
1211
6602
9477
11721
10100
10462
7669
11160
12153
314
8033
11381
5940
3123
12231
8525
6422
7747
5819
3845
13216
10703
1671
9456
3834
12645
9300
2804
6718
11998
1062
11936
12316
1358
352
6368
8563
7425
3650
11727
1816
1647
11613
2658
2430
6374
8189
4138
8399
7402
4835
1603
961
9433
3906
4311
11281
6249
9801
12163
7012
6119
1489
11608
7838
2071
5303
7204
481
1715
12754
9864
11329
2904
933
10968
10992
10327
1643
11367
7638
8412
2466
3135
5760
5879
505
6200
4751
8391
2718
5309
9657
8163
7122
10351
6896
7465
2269
9550
12535
7403
4457
11696
6008
10089
784
9700
7603
8991
5267
9170
8238
6300
9402
12482
2890
5169
4057
12997
6388
10236
3857
305
9424
7442
5635
7900
6643
8835
3637
5080
7481
9799
7696
6828
6784
4851
7067
2621
12592
7750
1208
10857
12935
2400
7206
314
2497
5172
1503
2397
12959
6357
6385
853
2305
1876
8475
11322
4313
91
6869
2789
2543
7124
6893
4434
13141
11008
6139
12627
9030
3335
5839
3347
13185
12766
8094
9107
8799
1324
12102
8631
9890
12061
235
4684
3170
11342
6502
321
10981
5612
12313
1099
10688
1146
4812
637
188
10056
3623
957
10545
6770
782
6189
9039
12531
1996
11273
10414
11513
7835
4672
9603
8595
5246
13184
580
8833
9727
6186
4378
12422
1238
13284
260
8533
8152
1452
12553
3772
6477
12334
8247
7142
7302
5980
12096
6375
4977
7859
4545
3092
6689
7199
9111
5167
9732
2143
1581
11390
8785
11763
5739
3665
10743
4735
5442
5912
8858
5062
4630
2621
6600
11300
11341
3734
7861
3020
2394
6831
3229
2564
9694
7945
435
1236
6034
1083
11432
5193
7832
3230
7445
12514
9692
12305
7556
5779
8406
11330
4952
7326
1235
10735
2805
2548
10363
909
6512
2822
4068
12169
5179
3432
11014
11398
10967
11644
8584
931
562
1993
9735
5072
5282
6824
7465
10210
3991
2140
11474
12076
8880
10054
2264
7491
7464
10265
4888
13152
1610
9519
6910
10770
13258
6937
8619
10185
11260
12171
11994
5860
12797
3958
5571
4069
5787
2896
8735
348
6831
79
1801
1787
12189
8956
7360
8150
7445
12190
5151
12606
7919
6284
6604
842
12206
9577
10445
12579
2212
7305
6136
5057
2258
11924
3574
11449
5396
2363
2764
5314
11939
13298
4439
12460
6989
10199
3236
3779
12194
5107
2035
11870
7111
12179
2757
7638
8590
7818
4069
4432
4213
7204
8824
11943
2357
609
6975
3834
3732
8884
8851
8750
10521
2967
1670
5745
5369
1266
1057
7423
3604
3775
1377
10477
3880
11925
12760
13083
6769
5709
11796
7981
4847
10394
1663
6103
11138
7643
6464
4363
10945
10129
28
12395
5390
3850
8525
10058
11748
8100
12108
7147
10976
7708
12345
11088
10585
2690
6871
10059
1382
1940
10098
209
8382
820
8269
6959
8560
3174
12818
9471
10064
8186
3471
2894
316
1367
10247
13117
7136
11049
6334
10206
12450
6370
371
6301
6650
10776
11597
7713
7280
2366
2501
5808
1822
6084
10062
5803
12078
775
12682
12562
4159
7133
9988
1655
11442
5529
1117
5698
3214
8398
6784
1149
3278
2860
1688
9127
7279
5916
13098
4905
1356
9052
7937
6365
9091
10288
6029
8407
9466
13213
3786
660
5352
11738
752
106
6709
3919
3103
2512
105
11263
2781
4255
7000
10388
7959
983
3136
4887
11770
11087
9136
614
8142
11150
11129
5200
719
3096
2283
12631
7102
1347
14
10971
5932
9913
5581
5783
6280
5560
699
7304
3223
1479
7619
12881
350
11208
1371
12217
4295
15
9113
1570
9072
8416
11355
6987
4863
10854
5759
11543
12234
12589
8046
4095
7046
12933
668
8117
5195
1259
5780
964
116
2800
5607
6061
10043
9353
6672
6672
38
8468
2303
6377
5986
3094
10232
11476
10881
2752
10956
5423
6913
8673
11442
8580
8599
13023
514
8342
2248
11950
12109
10485
687
4747
2775
8354
5329
5418
208
7256
10493
12924
8179
7108
2928
358
8996
13222
9188
2733
5582
6752
9576
11716
12416
4155
774
12524
10183
574
11621
12674
3306
1516
13108
6803
4469
7649
447
3130
1377
4122
6537
7822
10559
12114
1657
6441
6381
10749
9855
9989
5282
313
6484
4986
3046
8954
10898
1428
7367
8020
7620
9226
1183
5629
3616
8132
11592
10957
3260
1468
11720
12022
152
5189
8750
8908
10403
3485
3333
9048
8167
4250
9397
2245
10712
6650
3793
12523
6854
10615
9823
8120
1113
8434
2928
5554
3043
2545
6622
11589
6257
1340
8961
11844
5190
9100
8077
4182
4007
4533
1187
1934
9481
9138
9630
5578
7639
918
11834
6979
1770
4236
12450
8556
8444
13106
173
4906
2090
4902
1742
1951
3594
4493
2715
6985
8813
4669
1304
10322
11004
12196
10263
4415
12491
8321
1927
191
7045
3886
10184
2737
2003
2724
10078
11780
6452
4823
10417
9973
5973
8694
3162
10372
13
12472
6270
5326
9858
3302
12945
6084
5044
10203
2806
8332
6109
13228
4418
6040
3560
13240
10823
376
6726
998
4439
9894
9853
8327
66
11185
13278
10562
7834
2372
6117
11837
3131
2443
11089
6871
6677
4472
4345
10786
9178
6814
10233
6854
9077
7351
9023
10401
6720
2547
7863
12690
2773
10810
4070
11203
8248
1847
11748
5416
4282
10260
7119
2712
1913
187
11145
961
4250
12058
11078
6395
7938
4591
6129
6697
1500
6004
4789
9748
11387
3831
8844
11839
7829
6551
8363
12838
8204
3909
91
10428
1302
4135
8794
710
13047
10940
13296
10630
4369
812
12775
10598
2765
4256
8277
8790
7208
1091
757
9474
7752
12105
564
10042
4285
12736
1581
8771
3593
11397
12038
4766
5088
10165
4402
8256
9914
3910
10188
6762
7960
4405
1718
4709
2750
12264
11197
8562
5430
6135
8207
6907
5419
11209
9127
2806
6738
7790
1981
17
12146
9803
6233
7587
2596
2311
8850
11803
10247
7069
11781
10674
8351
197
5802
11933
8062
8544
1417
9385
11985
8242
3931
3495
10678
4881
8932
6132
6454
1433
11951
2974
5035
7594
2161
5902
13094
8866
4133
1641
338
6296
9974
5796
1106
12758
1429
11848
2725
5566
9285
12272
11500
3581
6528
11188
12672
11881
9276
12692
5641
6805
691
9902
9961
9984
1233
10242
7234
10288
3231
10198
9365
11963
4102
2463
982
4677
9490
3305
8285
4730
2321
12175
8078
1157
2700
3135
10843
1036
11559
10459
2603
3199
12284
12372
3454
11980
6439
8964
12540
681
8450
4367
158
5588
6059
4852
1552
9443
2659
8660
9286
625
2734
12750
6998
10309
10356
2958
8670
7053
7073
4301
1317
7807
10210
2528
3572
428
5404
12343
2462
2490
6783
3550
10304
10071
1935
2208
7630
1012
983
1716
9299
8925
796
6219
5550
11426
1891
5738
2387
10091
2245
8666
1393
2803