2710
5497
5876
5474
1112
7918
5725
7389
3377
6773
3124
8471
3527
6307
7984
3051
5079
1126
6552
3169
4097
6290
408
1198
7040
1246
6718
4930
6192
7198
3900
8285
7063
3412
5400
5618
7366
4047
2866
7410
4648
5846
7728
422
6384
4413
578
6146
2460
3498
361
8146
6913
2270
1674
8208
2873
8993
4002
7437
4144
7521
2014
1668
4055
7252
3204
268
5170
2225
6518
7700
7052
5810
8916
5733
7009
3189
939
8254
2628
6920
4755
9051
8562
1136
1685
3246
3745
7007
6931
6036
4075
6064
3315
5061
668
7768
7686
400
8150
6213
5183
1126
6246
9140
7927
2874
812
3144
1144
782
1613
3436
7619
6489
3938
8099
5637
9117
4585
2742
358
4781
2314
4448
2501
5066
6426
8261
3110
7908
596
4373
8757
5212
1762
1936
1770
4325
3613
1780
1645
1156
2413
4808
7090
3465
7320
2743
1072
8146
803
5357
3713
3020
2449
1659
476
2088
2674
6971
4028
2954
5740
7224
1002
1342
7829
2361
7149
1069
7056
2196
3848
7644
5701
2870
1208
6994
7838
7223
7721
4174
4122
646
930
3603
7554
5328
3326
1895
3377
8808
4342
2542
5022
4843
8481
4939
9177
8403
8529
1491
6633
410
2166
8910
7830
5908
3796
1875
1199
8564
6120
7444
5773
5897
8534
3601
6708
4380
4958
2876
3142
2321
4050
874
1802
5223
4006
9010
466
6756
6065
2006
5073
4344
154
6576
5576
1996
932
2278
5674
2562
3796
2717
6031
6830
3597
3475
269
8899
2510
3871
3712
7413
4101
5835
1992
138
7695
1068
4543
4729
1087
5237
7720
5967
3219
1643
3403
7335
5185
6010
2030
3867
1419
1633
4933
2830
2427
4020
1021
3133
5417
7832
3709
4405
1665
2707
8592
2908
4294
9023
2169
7766
6467
4956
2730
4226
2731
5311
4509
8772
6955
4492
7696
8379
4757
6280
4
8640
4678
733
6430
5434
5130
6214
2975
8907
7311
106
7951
5146
4881
2763
1533
8822
769
4319
372
5904
7654
5603
4884
6977
2651
5452
1245
4645
9116
7052
2708
6091
8257
8475
8757
796
6873
4626
137
2790
1107
2674
1862
7930
5497
8958
5515
5089
8800
4648
8480
8047
1340
8971
4219
1322
5785
5375
8110
2241
5585
2439
3657
1547
2023
1123
4909
4970
5631
2579
3513
6329
6218
3554
213
7175
2857
4381
6251
8766
4667
4430
3665
3380
2337
5047
4596
7092
7352
5101
7346
6450
8274
20
9010
5574
1329
7968
6817
3186
9154
9162
7277
5147
2891
5546
4185
7454
8757
5216
1646
7821
7587
4767
1210
8898
4665
2487
8212
1132
2602
6409
1263
6967
6882
3351
1917
8191
7708
3476
463
7724
5327
549
6037
7620
6314
8169
8414
658
5968
7070
6029
2079
7341
7503
3448
1426
249
4351
172
1763
6279
6572
2671
1651
805
8087
1876
6431
3215
3482
1827
4451
7480
7527
1552
8157
7430
4461
1427
1290
350
5402
6125
5576
4182
6483
6117
4739
2954
8020
6959
2491
5772
5385
6339
718
1960
8560
8410
2669
8589
7369
4667
2246
6294
3156
8109
8673
7644
391
5872
4477
2255
2277
7495
7835
2469
4037
1876
773
182
8965
4887
8999
1817
9149
2699
2472
5815
9182
1029
3885
226
7821
4766
918
7717
935
6016
8741
4136
9182
8271
8916
3411
3100
1763
902
1131
8217
9044
2443
323
7304
4020
4713
1994
6337
3877
6773
5900
2255
6342
4936
5012
2746
4750
7292
2605
4461
7643
723
2193
91
3811
5042
3559
3654
8875
3274
1062
1751
6130
6734
5706
1849
6115
53
1588
7436
3231
904
8343
131
3570
1691
3120
4069
3791
7198
1155
6883
5684
326
1894
8689
8738
83
2232
407
299
1586
5847
8801
2913
3462
3782
274
8939
435
5795
7808
1820
7174
2560
4806
7365
7170
5558
2056
8438
4486
2150
6317
5128
5559
1517
3280
6420
739
4794
4586
291
534
4383
5601
4762
8198
8288
7853
2737
399
4637
5529
2186
7767
5605
1204
5058
3767
5093
2202
4113
1281
4489
8465
8810
8264
122
8806
8400
5401
5427
9110
833
3058
7429
2031
8068
1902
6801
5922
5323
4761
2283
5668
4376
4215
8858
7100
4753
5809
3503
4301
7428
5281
6325
5953
4569
8338
233
3375
8257
8421
8249
2001
4336
5227
6561
1988
8465
494
3952
9070
4959
6927
5416
16
3761
1267
1312
12
3861
7455
4316
6396
9097
2394
6745
1977
7560
6397
8979
8863
3799
6371
3428
3173
3568
5377
1376
3572
8526
6841
1184
3732
1560
7428
3874
8630
6645
6417
940
4891
7607
2835
4694
8743
7366
7610
4012
7308
132
8372
966
898
6508
2363
4806
2257
5601
7340
4753
7292
4527
4629
3989
5146
4030
5777
44
8465
7312
717
242
5067
4258
7156
2025
3672
7162
8045
7766
3089
410
7603
7556
7511
8239
8205
2071
7815
5565
1856
2280
1523
3279
7767
4268
6386
6523
7551
4557
8440
83
629
4722
7773
2866
627
5201
6725
8036
8244
4616
3905
1583
6144
8367
5678
8092
7658
62
4012
3915
7952
8354
8221
6013
392
971
2057
4736
1021
8311
7072
2983
8800
4765
2335
6949
8110
1693
6661
4466
7009
5407
4288
5096
271
2852
8871
5023
7231
2024
9198
3787
3433
4611
446
6382
7137
1391
4729
2777
1282
7348
6959
8615
1659
6251
761
5912
5473
6098
1606
5831
9000
4801
487
4483
6576
3742
3074
233
3501
6647
7763
3198
2481
5457
6284
4395
9021
6415
145
7496
3126
7118
2714
11
6919
5648
588
461
5165
2191
9126
5292
2251
7694
1930
7456
3179
1322
2539
3062
5342
1608
2808
2933
5321
9093
3561
1996
7996
7711
1578
677
7107
1035
5821
567
576
9189
6362
3861
8696
7298
6813
115
7256
6733
4487
5726
6538
6066
2773
1500
1666
1305
218
571
8013
77
8867
3320
122
8429
7966
2065
3619
3134
8634
3873
6333
8520
6233
5877
6029
82
1616
7495
4257
8667
4061
965
239
5845
6372
4565
4684
4003
4265
1560
6878
2034
8076
6519
2963
1483
6074
7870
7760
8647
5259
8310
4393
616
324
6546
7172
5115
826
5464
900
2356
4917
8264
3813
21
7269
2396
6118
8141
4671
4225
6756
3876
714
2959
1592
6744
6172
1437
2203
4713
5849
4677
7403
1859
7697
175
1789
3079
8130
8973
2690
8090
5475
4857
5386
379
8299
4456
4369
6758
8414
1522
6277
1193
8991
633
8525
5256
7869
1671
5496
7055
2866
1959
5046
7187
4689
1320
6753
885
7904
8217
7067
1574
1240
4559
775
5622
4786
8475
1053
1361
8292
563
9130
8712
5572
2347
1535
4560
7170
4045
9170
7928
7455
9180
6960
1159
7736
7189
7111
5860
5097
7976
6073
4280
174
5448
5812
4566
866
6404
5131
7858
4693
8652
6847
916
7313
3103
8171
6374
7565
7895
8474
8171
3720
3347
4172
7562
3837
5094
307
8883
4575
4969
1822
3663
6780
4356
509
5269
831
5344
5070
1891
9195
4314
8629
3521
5777
7402
7772
776
1547
3884
153
2068
6188
3206
147
2638
873
6626
1582
3989
621
170
9049
6177
4276
6585
3492
6250
6360
1151
6318
6684
886
2809
7170
9106
3500
3500
5503
3128
6904
8431
2867
908
3212
6980
3148
7293
3865
4807
4577
5568
5441
4270
2419
6333
7202
7912
5593
3054
5281
1795
1871
7787
8393
9014
3558
112
7855
719
1872
143
280
2457
989
6507
4821
4216
2095
5149
4216
312
1355
5569
8243
4636
6181
3128
3444
1384
2848
2589
1127
2074
6987
4668
1494
6031
126
1235
77
3119
8707
8135
237
1032
5350
7996
8746
3153
7890
2259
7734
8815
7114
1703
3088
8041
6742
619
5740
8655
4769
5073
3471
5106
3556
6410
671
2800
1202
6750
2681
5383
1619
4873
2546
1824
4902
4821
8243
3511
1518
5548
6222
1231
6476
3754
3258
3554
3929
1934
1057
567
7479
6559
5973
6717
12
2166
1353
303
2276
8403
1400
5452
2517
3915
5993
3101
5423
8587
8223
820
5981
2279
1432
2646
5257
2004
6786
1807
9118
5965
3547
8934
6421
1107
4402
2830
335
4591
9028
6193
5126
7999
8165
2701
7137
2946
2867
8524
8739
1132
5330
6327
449
4150
7661
7501
4492
7193
2781
1419
8619
4079
8281
9170
6127
7221
6144
4153
2720
4498
9061
6342
4096
970
8944
3477
5039
6714
2328
6535
7833
2547
2478
4043
8309
4441
538
821
1577
2316
1631
6421
1501
7036
8748
468
5381
6641
2680
8233
3020
8092
8134
5899
6090
1478
1719
2124
4947
7939
871
6660
8425
1414
2835
6882
7388
8625
6010
3071
4804
1119
3544
3339
4324
4614
2247
7386
6961
8623
885
8099
3604
3272
3907
1512
1269
4789
481
5736
4065
1343
1528
1646
2853
5401
374
9145
5613
6289
8753
2802
830
1805
695
3853
6408
4862
4186
6247
6516
6590
5503
3917
882
1623
7995
7598
4505
2162
9067
8754
8293
6062
1675
1760
5722
8369
6945
7984
6554
1062
2454
422
7848
1211
5032
868
1329
6932
2932
4801
4842
1502
7363
8193
1916
8155
2508
4397
5579
2893
1300
3541
4860
3311
3706
4406
2673
8232
8834
697
1124
7730
7826
346
9069
3402
4432
6469
222
4023
2760
46
6435
8994
6393
3181
7078
8307
3769
120
2135
3963
486
1748
6089
1411
7851
564
1240
4796
5162
5475
417
2539
7081
987
2922
7128
113
691
6614
1445
4574
7810
5440
8498
4972
7129
1026
3505
104
2125
8022
5814
9195
5610
4786
7118
6078
1045
6228
3445
4810
8306
2669
1656
8330
9036
3845
3440
4898
2967
1862
5719
544
2096
6810
9139
6375
9140
5882
6500
5279
6809
1074
4615
6008
3159
6119
7949
2372
8355
8776
191
866
1734
7117
8411
6000
2048
5962
1098
7105
3497
461
4337
3713
2654
3181
7486
6870
5986
7511
2169
4860
7635
2078
5299
7821
9132
6247
2454
8719
8429
43
6302
6615
236
1432
7951
8829
4056
5966
5269
5993
5671
8043
4425
4306
6822
6864
2441
2367
709
2044
5617
776
6291
2963
7789
8531
9017
6291
4806
5466
496
4917
6728
4463
8472
3413
2498
7501
8466
5940
3127
2398
6389
3530
7831
6060
2092
981
463
2082
7877
1082
4978
899
6442
4281
8569
8582
5878
6312
3266
2813
2566
2425
3132
3885
7298
3368
7188
8838
5195
7938
1224
2485
4892
3600
8755
6604
1966
1144
8414
4827
1260
3872
9137
1736
5361
5063
2545
5110
7179
6017
4123
1953
7236
2875
1941
564
3504
8419
5752
7185
846
6119
3491
1420
1902
1169
2534
8974
4307
3778
1880
4326
746
2911
8068
3230
656
6869
4500
2861
265
5685
5616
6945
7693
2846
3072
6159
2752
2461
753
8192
7070
5278
2230
4892
3666
1365
4338
809
2310
8105
6720
6130
8546
8049
8386
5201
40
69
7954
67
3456
6562
1006
3830
6476
9129
161
6801
5325
4995
5963
8852
5441
4732
8271
651
2896
8200
3715
4838
5625
2463
5618
5932
91
4334
3835
872
1167
2291
2909
7121
5647
1780
9035
2992
5919
6610
8630
5611
4049
4734
4217
6791
326
4007
2140
3632
269
3585
1520
8388
2673
7571
8450
6003
1528
2265
3882
4492
4120
1338
7742
1868
7355
268
2625
2693
2408
8031
8864
432
1139
6184
6830
2316
7698
8994
5463
8992
1147
6034
2291
4975
5835
3312
8771
8842
7907
3356
8688
1683
3062
7236
4275
5616
8540
4417
8908
7867
4064
1964
4005
5451
6321
7101
3465
8129
6523
4673
3933
6041
2918
3861
4168
5075
2183
277
4316
7598
7550
3570
8488
7740
1750
4840
1831
8213
1774
6140
212
1642
9025
6250
6463
1925
7174
6825
326
5807
2629
8470
7627
1379
6558
3794
2221
2567
5453
8708
353
7349
6029
7943
1489
3281
1871
4452
4790
5431
7618
5130
6523
1917
6286
7368
3020
7139
3393
3930
3556
4929
9142
3133
6875
6071
2234
7441
8282
6634
4694
7884
3477
866
8304
1095
3920
3589
8887
640
5814
6690
4181
782
8336
8848
1880
1683
6392
7082
3557
1796
4443
3645
4066
117
3891
3486
2331
4764
3098
7206
7971
3877
8818
7936
6536
3339
2537
4365
6775
4779
4968
1756
8941
6593
629
7571
4172
539
7423
5840
7649
8681
5431
2307
8162
7055
5093
7105
272
6706
8050
8160
2031
3131
281
6945
2977
4712
8661
6282
3598
7061
8309
2491
6360
500
3945
2310
8405
5589
2396
1938
608
4169
5751
5154
3626
5924
5319
6863
8697
3651
10
729
724
5291
2775
8745
8644
2602
7973
2571
8012
2302
2635
3987
262
8125
6057
7012
1795
2436
678
6727
1211
4425
3421
3037
3327
9087
484
4463
8368
7554
7418
4257
2404
5756
7869
8762
5070
8685
3501
1443
1218
9125
1574
6528
6180
4222
8034
3053
6171
7906
5791
1129
7483
5056
7080
2590
5163
3010
4846
1502
2912
2530
8660
8571
104
5246
3731
7176
6841
6741
9090
4193
970
1475
7866
2115
1291
842
6462
938
3523
7005
3097
4459
8033
2576
8951
2184
6686
2651
3264
9194
2014
5415
7371
8786
6972
8826
8610
1858
1793
3845
3555
1580
9135
5495
273
1095
1270
5571
7874
5417
4285
211
7276
4262
7040
7316
3810
4571
6271
5432
424
5514
7769
4957
5879
2233
4940
1411
3136
7744
2230
860
8749
3584
7147
3459
6880
4548
595
4783
7807
7273
4932
1793
3282
5075
3664
4235
8325
8887
7042
1575
6123
2792
6183
1195
6168
1212
956
3635
8864
842
5568
7631
1519
4605
6889
1556
6977
8892
6900
2288
3466
3233
1006
2852
2737
1448
8267
2008
5582
5784
8497
2995
8485
3014
170
7462
3091
2844
1464
4606
3211
2946
8946
5355
6208
4533
9105
6252
4095
4047
560
6131
3893
5042
5314
3495
1344
8258
1460
5162
3531
4402
6801
7435
5540
3359
3739
8669
8220
1765
2346
1516
3747
8861
1175
8987
2467
842
3131
8367
6906
1829
5130
7107
5446
1204
8332
5730
7796
6480
1329
162
6464
3625
9009
3407
2022
7066
2956
8426
416
2999
7278
834
5374
4968
3557
2192
1621
2960
1797
5520
8741
4728
2191
218
7965
7831
7361
8542
1609
2401
4762
1282
1135
4500
6440
2124
2979
8845
7919
6161
3987
81
4666
7768
5471
7874
1389
5988
2936
6722
2361
7273
6717
2642
461
5597
4668
2046
9047
7828
6761
8857
2982
1749
4719
28
2708
1306
3168
8701
4616
640
4929
4606
3336
4071
6861
33
1163
3412
5000
8136
8707
3687
8943
8021
1899
6305
5437
8049
5149
9012
8670
2102
1373
8319
7607
2971
2907
2219
1515
2213
1449
3984
2257
1020
5888
6919
6444
4228
922
3877
3930
4325
6783
2080
8380
1530
2506
7438
1506
2378
6550
197
3687
7448
5483
6356
2969
7342
6885
9059
5466
5915
4313
3480
6587
6658
6336
3042
5307
4636
7864
3545
1888
2108
6250
3960
4391
5221
2980
1646
6231
7314
1783
3120
6512
5302
7741
493
1275
3195
256
5696
9144
7710
1366
8751
5862
3148
6550
7944
991
5564
3739
641
7622
3654
1729
8875
4962
5518
614
8756
4849
3455
5801
4614
1537
9194
3134
5102
1403
2613
3362
3815
4599
1220
1526
4853
5697
6295
1790
6054
1133
891
7157
1804
9167
8748
1371
7023
7173
3251
3949
4602
193
8249
5776
981
2275
7642
1647
5486
9027
235
1626
6721
5584
5550
4679
4602
454
1966
4746
6567
6355
3250
2078
646
8100
2250
3768
3702
8187
2356
4085
9154
6801
5476
6574
2034
2218
8691
6664
2186
8251
994
6772
4908
3100
8872
6728
2242
367
7661
6211
2771
1092
5064
8830
171
6070
6309
8569
3555
2455
3327
4635
6525
4158
7740
7231
7485
9130
672
6178
365
968
2817
5376
3378
4736
4223
1468
4839
5827
1877
8670
149
2382
1577
7315
2207
5608
7174
4922
3340
7955
3488
438
8385
8609
2597
2348
3063
145
3588
6356
1663
4038
8199
6224
8640
247
6291
7604
4273
3834
5294
4157
3414
119
5383
7547
6691
3413
5558
1059
1139
1052
7344
7249
3170
7831
7684
4507
4536
8421
1276
2031
211
2053
8069
7735
6008
5297
66
5639
5080
1546
4567
967
8407
632
8661
3883
3252
8482
6191
6188
8505
2749
6533
7769
1196
1880
1179
1226
983
2354
3387
292
3668
9142
8731
4510
7987
3950
7727
94
8781
6860
7704
753
8915
5812
7837
2337
3862
8388
6984
8042
7823
2731
7586
3628
798
803
4630
7655
6805
5442
808
8668
1857
2360
1847
1381
6908
4506
4092
2888
2734
5397
7103
1746
4397
2173
2568
5911
3897
8610
7596
8853
2149
4504
3786
601
3980
2905
2640
208
8189
8290
2960
2649
5708
2384
8014
1682
7671
2500
6436
1545
917
4877
7311
3862
6977
7741
185
1028
2101
6155
995
5873
3744
2670
2768
5146
5310
2687
2669
2649
7017
5194
7282
6495
1610
5054
2714
8738
5911
2895
1890
7918
6344
4562
3648
1678
2540
4556
5603
6571
824
1912
2034
1322
9005
437
8829
4541
3097
6048
4093
8590
1851
3982
680
1418
5079
1833
5083
7469
4223
8741
3153
337
7257
4311
1780
7771
4478
7527
8025
7072
4322
1020
6770
320
5026
857
1891
9124
6351
7595
2736
7357
187
7619
4932
1016
4914
1395
3536
2211
7204
5087
186
2859
7354
958
1200
2099
865
2425
783
1690
8410
8147
7997
7945
8918
7890
6029
6832
2344
8715
3148
126
831
4801
8460
465
5325
484
571
7936
7167
2068
6480
1366
5628
8441
1785
7379
2640
3327
8862
8247
4616
2579
8547
924
1993
1661
5377
8835
3512
2762
5193
5975
1149
2985
3097
8527
8346
3707
4597
3181
3375
1259
3481
3448
7475
6936
759
444
5558
3993
944
3008
8194
7544
8522
1684
3936
5659
5785
2684
4848
3204
2645
855
7823
5006
1252
9097
6880
8297
8096
3428
847
676
2124
555
5234
8227
4614
6634
9097
7713
2528
4374
250
3583
4779
5787
2261
7557
6442
6232
3486
2485
5336
5877
6808
895
8748
8592
9019
6201
5765
4434
4358
5866
2123
5130
2433
8231
4801
5943
2343
9035
314
4656
2859
6527
557
7883
6120
1873
849
1160
636
5124
8631
2247
6727
8108
2737
5964
607
5312
189
7829
5388
4698
7058
6926
5982
7280
5778
2363
4541
605
5434
153
7276
6957
8674
4371
404
1104
1076
8781
4516
4028
6121
7488
8749
6448
6671
1978
1106
4318
7680
1488
1067
8527
1810
3451
822
5243
7331
8308
2236
8447
350
7530
5421
934
5614
3722
4048
7275
2982
1949
1506
4472
4373
4746
8580
3551
1554
2452
7687
4695
8052
8359
1752
3364
251
3156
6307
7143
75
6942
3482
6422
5874
4876
8904
6777
953
1274
6032
1182
506
145
5066
244
5377
3157
5178
1104
5078
1163
396
8381
3780
7988
733
565
6910
5328
6455
6431
420
7210
9059
7414
2079
4577
5934
1332
6904
8371
8519
2849
606
2216
5045
1120
7463
1289
2505
4095
6436
1629
5259
2823
8851
8464
2787
864
539
1204
863
5881
4198
7509
8862
7904
4895
2848
7077
5805
7144
1983
4203
4312
4971
9046
3385
3449
496
1107
4712
4273
4762
4378
2166
7497
546
4141
6343
5564
7221
3656
8455
7742
1051
6964
8489
536
2505
7419
762
4659
6790
673
4526
1954
9067
977
1973
8110
3411
5281
5107
1139
6037
4635
5981
4648
7223
359
7745
287
8710
3835
1731
905
134
1683
2042
6374
9119
7226
4299
8593
1143
9131
3216
1177
7937
2251
6613
5836
3162
1741
4794
4486
7324
9115
7292
2025
5448
784
6621
25
5427
1026
1459
237
7441
8223
9182
7544
3614
4152
562
6254
2740
1542
8867
3964
5096
5128
8046
2152
5877
1166
8008
1981
5945
1404
6875
89
7908
4948
7174
903
98
9101
442
5990
6978
340
8125
4977
5618
8140
1285
8797
8191
7415
676
3690
5075
125
7373
6210
1070
5096
8900
5437
354
8605
4806
2642
2402
8719
143
4725
2886
7238
7551
5775
5299
459
912
422
5720
827
1403
6627
7628
6847
3244
6294
7687
2108
6003
966
6046
437
6984
8892
6355
7001
4823
2192
3819
2724
7363
734
679
4089
1311
7625
6736
5103
3409
438
4035
6582
5499
7944
5628
6630
2501
4073
2050
5714
2552
2753
2001
5977
8916
9113
629
2710
5118
762
4526
7684
366
4814
2570
7185
3195
2111
6873
2912
5592
276
6612
8008
7771
7261
4344
7665
1849
6546
2479
6068
6907
8345
357
329
283
5703
2661
1356
7620
2319
8779
126
622
7553
7692
2051
7855
2257
1620
3788
5737
6108
8034
1372
7767
5105
6988
6773
3616
3062
3791
465
3626
4302
2741
4633
3278
8937
1553
1582
910
2895
1499
5606
4032
1386
4870
1673
927
8508
1409
840
4704
7451
4714
2925
4427
1249
3990
5609
5195
2503
2543
3019
1981
1981
5321
7880
6298
8232
9128
1713
7071
5788
7928
7465
4709
125
5026
2054
4612
8836
4302
1043
672
8044
1732
6593
3233
4441
3254
7986
2614
343
2090
2372
1138
3856
4660
2565
8182
5935
8692
5884
8168
2945
5162
4757
6896
4996
4376
4595
1692
8147
1742
8010
8095
7197
5296
5584
4156
7642
3174
5281
1943
2795
3592
4365
2568
4468
2315
1214
726
5788
6413
9132
5839
1691
272
2907
7190
8969
6534
7606
4041
2629
8647
6446
268
3480
2004
4972
34
8363
4084
7260
1137
3621
6516
7577
4945
4218
5272
4638
5328
6770
543
6802
8090
6566
6178
8711
958
6868
7361
7657
1773
5060
3403
259
6804
3217
911
198
8476
4674
7309
1972
3360
7063
3952
7520
6379
7370
6520
3751
1527
5988
341
3672
3051
195
4242
3718
184
7640
5069
7081
9151
3826
5600
7866
9001
4920
3637
715
1025
8454
4543
949
5107
7550
8896
3505
5139
215
7662
5381
6372
6965
5846
2679
4859
8961
1199
9069
6491
2003
8073
8561
3747
1668
3031
6252
1467
4962
1955
3177
7600
8080
8833
2677
3257
208
3594
9100
6744
3358
7506
6912
947
7091
2061
5449
1614
6728
4978
647
5313
274
3432
8125
5432
5082
3261
3783
426
8586
4878
4191
5532
7970
9163
5867
1711
1451
1828
3053
7151
459
6082
8669
2905
1564
189
6481
3584
2487
6406
6610
784
3153
8032
3574
7114
1450
2854
5051
7592
3746
4958
3918
543
8405
1200
2291
1856
8210
3896
8912
2473
4688
2828
6163
5756
8110
8640
1706
7463
1006
4019
6767
8969
6141
1962
3757
5081
3044
3213
7636
6648
3484
8869
997
1017
5307
6701
7899
8743
7423
2978
5241
7868
3648
3246
339
525
5920
7278
6163
3868
7190
7264
4819
362
915
642
5531
5154
679
7394
6240
3829
6993
7088
6199
7865
7781
1215
8740
7978
5546
804
8750
1013
652
6630
7529
2122
159
7156
8469
2478
4320
1724
6270
1661
5786
6547
8444
3212
7954
6679
4106
2897
2789
6007
4635
1474
7047
6722
3020
1135
6500
7671
5146
6737
5689
2110
5906
4929
8717
4676
6141
2956
5495
8241
6628
3375
1598
251
2123
3674
1514
6490
8706
6404
3468
7494
6286
8372
2710
7843
1997
7041
7468
8043
2921
4406
4192
7829
6669
3676
5955
6680
2731
6526
6994
7834
5416
288
3144
5302
4203
8981
5924
2991
5961
4770
2836
1827
8642
3295
8206
2841
8779
6241
117
8760
6035
8439
1166
5588
6315
2695
5078
5961
7313
3063
3744
5531
7505
6724
8154
7981
6667
8952
8478
2666
8841
6126
1068
2041
7706
8491
3335
9085
3727
2387
1465
1973
541
3853
4147
6121
6284
1035
1892
6529
7802
9160
226
5554
1298
2511
593
7309
6847
6302
8219
2940
5946
2591
5256
3289
3420
3332
438
3630
6638
6094
6458
6604
9009
7454
7221
5909
6988
7944
6328
8394
1732
1606
573
1672
4110
8910
612
2042
5622
4433
7242
2561
1709
8788
2570
4085
5960
1392
4562
8727
7471
2629
5800
1209
7441
6534
445
4221
4173
5433
7087
5842
7762
4322
7164
1191
5834
8095
8597
375
1947
6169
8344
8748
5328
5225
1629
7340
5684
4975
5028
7502
1750
4563
728
799
8242
2792
9032
2707
6136
877
5631
5798
1446
4935
4763
1207
2176
4833
1734
7289
5291
8927
4439
6439
210
938
5783
7051
6661
2701
3908
1133
9107
1308
1355
4291
7258
7835
2433
4617
6981
6457
6415
3855
6505
2942
4705
1530
8967
7563
2922
8484
2429
9051
6728
8270
5040
3296
117
6556
8456
5199
5197
52
6311
1207
8048
3190
3910
6064
2678
5629
5598
1572
7011
1874
7847
7987
4816
7733
939
4143
4886
4802
2838
3067
7689
7984
3821
752
4248
8151
5812
4194
923
6466
1742
1669
8252
7504
805
929
4391
1172
3532
4333
378
311
9073
7758
8430
1410
854
6973
3169
859
7347
3949
1387
2031
6863
1898
5880
2897
6791
3598
6535
883
3337
8081
804
7279
664
2040
311
4185
5257
7301
4754
9099
2113
5002
3723
6232
6338
3924
4817
5035
6346
7605
8987
7770
2504
8885
45
6999
6298
6698
463
1874
437
3831
2054
3425
8526
7889
7411
8524
9152
1792
2402
6183
7685
3628
6632
8948
1127
1050
939
4056
4146
9093
3573
5850
3301
8177
3910
3167
9130
2214
4180
8419
661
2827
9060
3695
2956
7469
766
1215
1286
7840
6725
7938
8445
916
7242
18
762
2100
4196
7451
5066
2664
7155
3213
6060
498
5961
6636
272
4260
9137
384
8096
1864
4151
2072
5179
6291
4597
3704
4658
6164
1109
432
350
180
4818
4321
1578
2534
1957
7656
5699
8767
6762
5106
8350
6421
8861
6672
1959
4405
2358
802
2781
8774
1840
2761
3777
943
5244
1524
1155
7765
5798
4020
2960
8901
1538
7110
9024
8852
4146
3177
1469
3473
7259
3089
2018
2476
3043
3161
7798
1335
4179
8380
4326
6456
3784
5861
4994
7236
8728
4732
6213
2154
5383
6116
7582
738
7867
7499
2587
7939
7533
3275
9115
3220
3571
3370
7660
2842
9066
8885
4928
7197
4369
717
4526
3427
8238
1083
7592
8425
9001
7712
948
5614
7522
2095
7974
3852
1919
5317
7116
3459
6043
4066
5629
6344
4008
2152
6564
5771
5638
831
3472
1762
4358
1718
6081
3587
3976
3475
8475
200
8944
8783
7400
6180
3951
4547
7930
4455
7411
5365
1357
8523
5659
8234
2801
2243
2493
7849
8461
3261
5916
6766
8973
2711
8520
3023
452
3019
1467
5982
463
914
4987
5983
1302
3501
7562
9060
4598
1805
2871
4929
4441
6259
5588
5132
1658
2396
8390
3595
4641
2727
1120
1921
5541
8889
6676
8238
79
6672
2366
6839
8865
7415
8377
3920
8699
3063
1305
225
1946
1990
390
3166
8978
7903
2125
2762
1568
6909
4520
792
6871
6842
7730
7469
3885
7010
2258
2492
2078
8888
3316
3550
210
1013
6439
1220
8180
2741
3192
2733
293
4577
2913
3840
5025
1527
2964
8177
230
7009
6368
8508
751
8646
4891
8079
7206
388
856
6460
8314
7380
7500
1378
362
8664
7838
3507
3451
6157
3345
2743
5978
8846
7386
2132
7105
5599
7142
6338
1937
139
2269
3933
6026
4454
2327
320
8195
3803
3866
655
7307
6234
7832
9073
8391
7392
6412
4978
8725
139
8067
3372
6310
2711
1460
8117
5425
6598
1554
2212
5334
4473
4677
3935
5133
6947
8800
3648
3700
6334
8259
3984
394
1340
4024
2038
3379
5489
4558
958
879
4702
764
4839
776
7862
5919
5290
8615
8860
5309
5828
1850
5518
7116
7291
5725
2009
4307
7087
3989
449
7665
5707
8142
7323
6194
1124
450
229
5397
5072
1168
6802
7569
2594
4661
4662
1741
4211
6275
7660
5959
4799
3602
6584
4335
6898
1818
80
1382
3486
8997
4655
3638
2932
2513
647
7857
7887
336
5771
8004
4950
7062
7087
7749
5897
8489
1904
6328
7678
7360
5658
3183
5916
262
2327
835
6494
7372
219
5503
3371
4747
8391
1303
6196
4701
7167
3710
2298
8011
3860
6302
6791
8628
5904
3807
4750
4941
1085
3724
4122
1298
7691
7302
6201
2334
8543
8974
6994
8986
4761
8640
471
7303
4406
54
6235
6741
7896
4427
3306
312
1995
2902
8339
5403
555
5053
2782
3975
3226
2014
7276
9015
931
5531
9061
5089
5090
6370
4319
1535
1632
7389
6651
3637
935
2432
2915
9185
3160
42
6930
5545
3302
4254
955
4280
8136
5606
9180
3546
9092
202
1214
6727
7815
1011
4578
3715
2782
6172
3713
723
5830
2179
5365
7709
6995
4788
8644
2180
7416
6301
4165
8272
1486
8463
771
8477
5645
8061
5551
3835
5978
6844
6713
8268
1979
3515
8630
8137
43
7006
7211
8869
4439
3598
1444
122
4407
5722
7258
2131
2443
1669
3943
5296
7948
4220
3703
7128
184
3805
1755
2150
2541
3248
7569
8611
7697
3235
6222
5311
2042
234
4871
3926
6516
3777
3252
1191
7897
3128
6021
1969
5433
1308
773
1965
7544
6063
2113
940
3744
6715
2431
6842
5636
7491
5522
560
2501
2210
8270
2924
4643
8964
6006
1556
207
7209
7317
7294
5410
9153
6045
4426
8295
8921
5463
25
1518
6118
3295
7767
8782
2077
6020
7406
8156
3430
659
2887
8417
697
8674
6731
3000
8874
6904
1477
6327
5093
535
3508
5147
8287
2298
7874
5799
9085
8159
6264
338
56
5190
8510
2340
1064
7481
7799
2930
6208
7039
2893
462
1698
6463
3468
5088
2008
7440
7714
2586
4780
1313
3629
7357
6344
1866
2884
7907
317
1389
83
102
363
5130
7590
9025
4677
1927
2002
6818
8091
3994
5230
7212
1117
6549
4024
6535
3344
6160
9132
1994
6218
1936
4108
2306
705
6100
6574
6947
8426
1704
2768
1149
358
8061
3099
409
5594
568
8235
1690
3702
1831
7744
7521
2096
6084
7058
637
4209
5505
566
7000
8
6886
3669
7987
3552
7373
6105
9055
899
5582
5734
4832
4491
4950
8367
984
3257
7392
4329
16
4884
3583
541
7563
166
2667
1648
7435
1556
2517
8286
6632
6405
6717
105
3800
4281
7904
7412
5131
8607
1568
8697
5321
2921
734
4813
2266
6491
1812
6211
3192
7112
8057
4291
8603
4371
1417
9119
4649
23
3390
7051
3074
7419
6296
6757
1269
4033
7877
9101
3998
3617
5413
5711
8503
2397
2865
4621
7392
210
9084
1352
3833
4896
6416
4586
8360
2148
7342
2549
2363
2775
2339
5771
537
6904
1330
4440
5691
3571
825
7738
5112
6153
3639
387
6805
1259
3824
5139
3656
3769
6106
1841
8210
4418
7708
3075
5592
4740
3880
2009
5831
2666
576
685
7218
2039
7397
925
7668
913
157
603
8974
4146
1305
1065
5006
3867
4673
2821
1773
8123
8140
6492
1080
5496
6766
5100
7776
7676
3056
1207
5807
5222
8292
3767
3002
2305
6304
7826
7779
5282
6440
7867
2580
3109
9061
7541
7365
756
9097
2030
6651
5547
7407
247
3862
2757
1537
4227
1505
8439
7767
5627
3835
6675
2415
5344
6965
7651
4872
2124
5230
7527
4002
5014
2259
7461
9001
5524
5026
4604
2861
7654
5902
8058
6468
194
1052
8993
4978
9185
8702
3570
925
9093
977
8343
461
7744
4186
5154
9095
5055
5139
7975
7906
5723
644
7740
1309
3370
5930
1167
2938
7150
3496
6614
5254
475
2932
434
6131
4637
672
3979
2810
8788
8417
3154
7220
1902
1250
3716
1046
1131
6196
6872
5904
8668
2705
2173
1304
6359
269
32
732
1903
1706
2291
6208
4409
7844
2617
6455
4934
7491
6704
3209
8727
8000
9161
3412
3424
3063
7590
362
5082
8538
282
6754
191
6616
8281
3843
6753
9122
4231
3351
1322
7996
414
3628
1823
6547
7931
3191
6264
6145
7786
5145
5771
6984
594
5639
5378
1667
5111
6505
5468
6867
443
2190
6171
876
5887
5626
7776
246
4030
7206
4374
8058
1692
3199
6837
7920
5346
7991
8818
1763
2443
5693
4765
1321
3918
8743
319
6368
8612
7240
3470
2483
1774
1451
6456
6354
664
1637
949
8566
5349
3299
8387
6905
2355
9098
5321
3043
6777
8522
5109
1435
2861
4971
4743
5888
5202
843
6464
998
5441
3797
8658
1071
5881
8637
7213
2831
7991
1147
2749
4361
8096
6040
4226
6879
7836
3658
6062
7884
2886
4520
3632
1810
657
3888
655
4463
2624
3723
8522
7193
7018
3039
8318
702
885
6451
7059
1999
7889
7610
8459
7827
1529
3602
1693
5893
1364
8250
769
2923
2300
9092
8290
8031
7281
3237
8830
8151
5024
3276
7674
6302
8913
5589
7050
948
6054
4176
3351
3877
4935
9137
1060
8008
6843
1360
8800
448
7992
1993
3579
8247
6475
5007
8772
1914
3064
7489
2169
7834
2895
4550
6382
3754
6367
289
4479
6706
826
8507
2749
3913
7408
3216
376
8430
7684
3535
6522
8613
8254
5449
1191
458
1107
2301
8098
3957
3762
7471
3878
6502
914
3051
8946
3985
2086
2177
1408
5748
97
7979
293
8369
8592
6782
8077
4971
8209
1688
4663
4873
5484
9187
3961
4252
4708
7196
4745
5799
8350
6392
3037
5808
7934
4543
4869
5476
2141
905
730
5346
8004
7492
2670
355
6051
7877
7039
8583
8777
6776
18
7107
2680
8342
2124
3200
842
361
8707
2391
1555
6556
6175
4576
895
1464
9020
2137
912
3795
6052
7845
4341
7969
7830
1164
1144
6193
7223
7399
2368
2225
1352
2047
3019
6977
5961
727
133
6999
6792
7963
2553
2532
7661
1193
4867
1891
8244
8172
6564
9097
2981
2961
1403
6565
5863
4437
5059
8203
4299
4030
4144
6499
6081
1555
9026
8938
9146
6614
8911
1644
3801
2951
8535
4066
8781
8441
8103
2451
5486
3982
7101
6518
866
8016
2637
2610
1320
445
5488
7668
5011
3349
6447
3930
473
6598
5650
269
6026
6981
1153
505
8940
3431
5423
6294
5305
4105
8252
60
8636
5526
5882
3847
8248
1142
5056
4961
3484
3374
873
4283
7514
8060
6769
5362
8304
6410
7441
4199
786
815
6098
978
2849
2870
8950
7573
8942
8018
6660
8980
920
2448
4208
2323
6981
1579
8390
9183
8561
128
4820
4356
5550
6924
5963
5484
1820
3912
6374
2176
126
3843
973
6469
5616
1927
6139
1228
244
7776
2747
1127
2980
8599
4815
8074
4209
6164
1168
7123
8610
2638
4148
1858
533
4951
6315
2475
581
2923
4571
984
2053
5865
5065
7620
2793
8791
2259
3544
8786
8310
5143
9046
4596
3565
4611
7026
7281
793
5591
5762
4561
5226
5459
3379
8903
1382
2647
7157
6511
4023
1685
5020
1410
7313
5745
6752
5868
3544
3412
768
4491
8614
2978
3212
7309
5452
5380
6308
4285
1243
5136
6648
2747
6685
77
6649
5950
1599
5120
919
802
7779
1880
9151
6543
4906
7050
2627
1991
1724
8902
1894
4979
8710
1182
3461
5896
2116
2313
2915
8151
1368
5614
8450
2685
3438
6263
8909
2882
1024
1120
8495
5226
7049
7249
9116
136
5189
5461
6629
5638
3579
5884
4426
5818
8640
7080
514
7903
2366
1466
5819
196
5637
794
5636
4064
472
4257
4899
8637
1087
882
5567
1273
2173
2372
4837
1287
4663
999
4895
8353
3832
3382
8003
3960
8147
8913
1731
8069
5774
4717
3148
5408
5953
7921
558
2627
7601
1666
3353
2346
1859
2833
8814
7649
2867
1179
6448
2440
1911
7871
1385
416
3365
445
392
5153
6749
618
4867
6358
3333
232
1877
8031
8635
1703
6953
263
7144
9192
8939
7190
9024
1309
1170
6547
264
8685
3672
3180
6444
7964
8896
8673
7528
4289
8650
51
3513
8995
4899
2062
8459
3821
5439
9135
3846
4
6638
3529
2027
7822
2796
8210
4801
7664
3137
3378
8093
3917
5567
608
6767
6171
1483
1200
8473
1791
3613
3548
3467
3701
479
4631
205
5134
1213
1044
1258
8886
4206
4752
8234
3594
6314
7637
1007
4572
5391
8
742
2551
3268
5134
4211
5133
3262
515
6858
5798
3640
4614
6827
6302
7663
3334
8125
9095
6070
1190
1813
1415
5767
7254
6692
1855
3656
576
3132
6280
2066
7105
6253
271
7379
3436
6462
1917
3448
2509
3648
4398
3859
5375
4867
982
1167
1315
4893
5440
2687
3038
9172
7792
8822
105
4473
3424
4592
6765
3239
4396
1044
3743
6144
7878
7395
9040
4167
1104
1880
7187
8605
8547
1402
4428
4718
2729
3351
678
1984
2559
8018
5248
7923
8636
510
2637
4296
8378
613
5018
3006
2342
4485
4539
1614
1145
7377
156
5320
7939
2491
269
5288
5874
5990
4717
3190
6162
8942
9008
2036
1500
6953
8870
697
9115
5158
1200
5682
6860
892
5799
3194
8798
6733
6892
6441
405
3580
4180
4705
6990
7186
6145
6580
3326
8004
4913
8045
653
1337
6258
2490
3156
4753
393
5725
6313
2754
6155
4056
1722
8987
3974
76
2138
5989
6346
81
3558
94
3618
6071
1827
3801
2086
4660
6676
9074
4007
4863
3048
8684
8335
36
6005
8447
3434
791
4611
7925
1714
4414
3040
3657
2878
6191
145
4196
2030
3615
1140
3749
3002
7912
1148
2653
7699
4236
2902
3358
9147
5388
7683
2978
1918
1037
6200
1850
6920
2356
3353
9023
4474
138
1673
6512
2648
1415
8666
8710
6385
8911
8340
3343
6861
3051
8594
3401
8008
1908
6508
1164
2174
245
9175
6554
4726
2228
3662
6094
2814
5940
1334
4128
6793
6323
4435
6552
8791
6474
4217
794
6029
8117
5843
8797
1077
935
3209
3960
3329
6660
8914
6966
5043
5445
6067
2918
1517
3728
5441
115
8818
7878
2513
1063
2300
1963
9078
2160
1217
5201
7021
548
3628
5086
4769
7541
4751
8471
4306
5785
8691
8063
4302
4474
268
1448
4566
8216
675
7297
7368
4689
3244
4615
5996
5581
1468
4225
666
3041
875
6899
5959
3462
6128
9099
5297
8189
2955
8480
9052
2914
7664
8790
4836
3686
8263
4337
1760
4435
8516
6982
77
8629
9138
3180
6975
3794
7781
922
7632
5305
7671
9031
3987
6505
3227
438
2645
210
9135
4144
4337
5765
1913
4255
7131
7001
8999
7462
2204
3201
7866
1682
6770
4545
7157
1470
5001
7272
5235
1209
8702
134
7520
4349
8137
221
1631
829
3677
5914
376
7124
6974
8284
3361
7290
4254
8525
238
158
7176
8638
3060
3576
8337
1158
8748
435
4920
8123
5376
3222
861
2476
5182
6958
4249
3380
5528
8420
8856
1093
8699
6682
3541
7699
1954
1651
7340
6586
6149
7324
3710
7658
1261
5683
4828
8553
109
822
509
2176
6105
3452
2285
141
5314
7068
3700
2022
4738
1164
5929
8145
4702
4257
6680
2974
6767
2606
2458
6234
5198
1755
2948
8
6057
2173
5485
4887
1328
4918
7054
4131
5811
250
5485
921
1016
8127
1604
7624
8778
2262
3445
5529
7294
7665
8697
4603
5762
1265
3026
6398
4396
2906
6749
7424
2732
648
7677
6029
3230
2885
2202
7909
1818
3910
3376
795
1209
1411
181
5259
5211
8259
9184
7088
6570
8048
263
3894
7077
6836
7257
3083
8685
1273
8669
3689
7554
6626
937
8327
2329
7713
8842
6434
1568
4313
131
1672
8778
1676
2468
2812
7804
7719
8726
5237
6512
6700
1721
7842
6477
4058
7246
6011
3364
9055
8036
520
5502
1045
5433
2938
6822
4144
7451
3699
6984
8509
7257
4723
2312
3248
2739
6110
4374
6104
6922
1248
962
8152
4238
8939
1517
5844
9058
176
1702
412
2487
8240
772
8413
5017
1716
3075
4077
7867
1526
2271
4772
2821
3444
5221
3988
7579
6264
4068
8938
9148
8835
8099
6758
1684
2708
7671
126
5992
5732
1615
1562
2469
166
9049
3792
3641
7908
3979
6807
2281
4973
4867
6380
6714
5836
2131
2484
2856
6654
8750
4168
1378
7065
5467
9008
8614
7768
3227
2477
4252
2168
904
5019
4506
2918
6132
1416
4881
5837
4318
6342
6253
30
1545
3630
8471
8508
450
8238
8695
3782
8714
5073
4600
365
5487
5395
923
4775
4376
6025
8677
7359
8452
6895
8242
2398
4638
3267
4642
2180
4408
6783
5456
8272
3415
5564
1685
1943
191
4703
6533
2689
677
2093
6164
8194
7578
9012
4140
46
3313
2395
7884
1243
4775
6572
1274
2976
5071
7401
3652
9026
7380
8478
2919
3508
6905
2190
712
285
8164
6867
2766
196
4598
6420
5719
5700
407
4234
2216
579
4257
5279
2450
290
3265
5185
4495
7445
653
4449
7861
7672
3040
841
6525
2104
3087
4495
7450
5515
4518
3435
3295
4967
8918
4583
7693
4505
5702
4670
2383
6678
7172
8712
7926
7435
6812
3148
3295
1045
5070
7135
8660
2618
6925
944
8435
1191
3227
8270
8894
7050
481
3967
556
3699
6849
1715
5556
2300
8673
6574
220
3474
6764
8837
8012
8820
2571
6338
967
2040
7416
1608
1701
3937
9186
230
630
6973
7113
4529
4993
1458
9097
1712
6681
8918
7773
3276
8905
7262
1684
3108
2211
9138
6093
6624
894
4440
1254
5329
4300
1245
1857
2579
617
7117
7578
4081
3443
1342
7633
6590
2660
481
1874
6091
106
5450
212
6176
3487
645
5366
8228
6752
5036
4733
1570
1804
7080
538
8735
7584
5319
3746
6123
4863
6102
2928
98
3966
586
5991
1399
5012
8600
7003
7912
1574
6419
7119
1613
3695
8340
5984
2676
2501
4605
7334
4671
68
7106
844
844
5174
2217
1110
4727
2072
5179
9180
3977
4580
2822
5112
3156
8757
3934
3264
5877
637
5507
4975
1934
1686
84
4481
1968
5384
1955
313
3927
2538
1937
8048
4117
1827
6707
4286
3600
5870
5086
7744
3593
4651
7592
5036
2607
6679
217
4935
8668
6645
8302
8192
3048
6545
7395
2096
544
888
6561
3328
1219
2623
6299
6226
2680
619
6982
764
4797
8569
8984
3897
7675
3608
6961
242
8624
496
668
8070
2536
9095
5722
2292
5170
7961
2744
1639
9066
5081
2416
8334
7660
8381
8378
7343
7724
2273
4929
2989
247
8562
2462
6019
962
6225
6317
3837
6709
5705
1344
8679
2516
3378
1200
3135
1686
8513
2454
376
6352
3491
7131
1047
8090
6309
2139
5866
6676
2906
6032
2051
4073
7268
8088
8471
3677
3371
3094
1479
1941
2142
464
7330
5623
1322
8400
8988
7845
2314
6478
7330
2843
815
4851
7728
8686
1581
6368
7360
8192
6741
4901
2439
2830
7038
8475
2352
454
2557
1964
6929
5284
700
8151
4111
2755
2585
6652
2669
5697
6646
4506
3843
6713
9192
6567
9043
6859
4360
4960
4936
7078
499
1877
5187
8593
5339
2370
3767
3218
5966
6867
1166
1509
4156
5393
3333
8334
6229
2131
5791
2123
5732
8037
5626
2423
3733
9026
7219
702
9061
8287
105
3603
8175
4020
6909
5897
100
928
2706
6227
3996
7362
3243
4657
7707
8642
2318
4075
1656
1771
4121
4750
4817
8252
496
4405
2946
4872
7593
7916
971
474
2958
6556
8239
6820
7436
2541
966
8400
6088
9013
1328
7202
2291
7252
1573
3175
3606
3048
2167
2536
6853
4475
6451
3129
4280
4029
7960
7124
1058
71
292
8708
8221
8995
3481
8460
6306
5868
6989
4550
8056
5372
4051
5040
2005
4774
4836
1688
411
7304
2697
925
7889
6814
8766
8734
7151
5000
3205
9037
32
6149
3200
421
193
7414
4756
8919
935
6577
6856
7999
1932
6080
1619
1560
4840
1049
2976
7050
3802
4019
233
4381
791
7485
537
4418
979
5834
5584
4639
940
1775
5371
9148
2676
3945
4002
1647
7015
8217
1864
7798
1877
7778
1824
3619
250
6102
7562
280
9169
1663
8948
2771
1750
583
5745
15
7440
5343
524
2065
4158
5184
8602
5816
5505
7909
8649
4428
1885
3520
4092
1709
4369
3576
8731
2292
5419
6841
931
2876
4570
4528
2185
557
5393
6735
8010
1228
2044
7694
2797
6503
2903
2890
6531
2673
6746
215
3262
5766
8532
3667
549
5674
6807
8797
2729
1916
4136
7199
5311
3414
177
4376
1307
2761
732
3458
3446
5855
5262
3487
8355
2328
1062
6488
771
3313
6469
6824
5631
6468
4757
7428
4803
5223
1881
7083
5997
3495
300
2861
1224
6909
512
2128
3708
5282
4472
3858
1363
409
4553
26
6082
2041
915
6081
6890
5081
8071
2033
3552
8589
3789
4028
1555
819
5383
4221
8825
1583
571
1651
6927
1899
5138
3139
9024
4183
4472
8865
8354
2990
6225
3938
5992
7822
94
2761
6808
1174
3934
8628
195
8914
6280
4982
1542
1280
2703
6764
9118
9033
394
8350
8934
7273
6202
4236
1003
5242
2570
3184
693
5301
6460
1404
7642
5124
106
5824
2467
8609
8624
5805
5038
2493
1415
1966
3707
144
9185
2525
7644
7850
3172
3840
4513
3449
6669
3078
4250
3642
6553
4093
7548
8722
1656
7788
2781
3964
1946
3437
5629
3723
8171
1242
2077
4230
6851
7229
4152
4762
6317
2686
5511
8042
3936
3564
4077
8700
4982
2158
3058
4715
8272
3483
2687
4937
6775
2150
7708
101
4869
6756
8496
1936
1749
4473
7543
5193
3522
6902
4539
3508
5154
696
3344
1253
7247
4717
1593
4917
6552
465
22
884
3623
1957
8010
617
3274
2622
5639
463
1648
8535
5240
659
4120
7089
2882
8787
7007
2565
4332
839
3929
74
1847
7108
2157
4022
5061
5367
8163
7352
7698
7806
5870
8362
3514
1404
2598
9022
6235
2088
5054
7093
3785
1619
8192
120
2953
9027
7202
3088
2179
5304
3100
1834
7214
2244
283
3320
3519
5836
7879
8965
7834
8944
8941
8646
4996
7606
1717
4122
5698
5910
3225
8388
7724
8457
6345
4001
3154
6556
1402
2701
8276
4670
1517
8750
5668
596
4294
1046
3752
6064
8741
2549
7325
7124
6536
6791
5986
327
8506
5098
1345
2509
4666
605
7949
3561
307
6942
1254
909
5010
1862
4182
7297
1479
4917
7044
7590
8024
3168
8932
6661
2957
3503
5663
3022
5924
1520
2697
5449
8955
7395
2944
649
5769
7091
2151
8369
7258
4738
4456
6376
5132
92
5778
2530
15
6040
386
5967
7073
2212
3558
6400
8033
4757
643
383
6264
274
591
2416
8919
2577
1470
6793
6327
7992
7065
7143
5169
2635
8878
7310
4648
955
8595
1207
8502
1002
1792
8138
8596
8393
532
100
3939
7373
9107
6321
7016
6762
2347
8415
9046
1357
7084
9087
6735
106
7012
4635
4733
2196
6852
4756
4336
515
8541
8114
1167
4740
4653
4398
1259
8777
4262
6513
6903
148
6403
3969
9178
6311
2965
281
8817
696
2531
7103
3616
7596
4265
7084
3640
3883
742
1959
4541
4855
4079
3664
4935
4901
5600
6571
8878
5080
295
3759
7487
1416
8015
4332
5318
9114
6596
7524
3505
5638
1696
6158
4759
3525
4703
2045
5649
4163
9004
7558
6076
824
7779
6428
7704
4404
7443
8016
5330
7841
7877
7686
3414
6029
4549
3867
959
5395
2245
641
3922
3567
877
7592
8371
4807
9005
8784
8004
5591
6471
3630
7754
4530
884
1048
2112
8700
9005
5365
1686
4490
4463
6922
5452
2167
1324
841
8426
7892
4179
6892
2281
4472
153
7726
7819
1676
6834
4687
831
7964
4232
5070
4016
1001
5217
7625
2312
8355
5468
7687
139
8468
1339
5456
5820
2387
5364
8672
8945
7231
4468
5143
1191
1707
1648
4683
131
8809
7546
7198
2332
3018
4665
4623
3643
3084
5352
3000
2051
1902
5761
2259
8790
7426
682
2832
2565
6035
4069
2140
6877
680
7785
4310
8465
3338
4878
4620
3292
1275
780
1766
6156
467
6638
5592
6547
593
2215
1723
7129
8031
4319
5410
496
4664
199
7502
7245
5315
7447
6617
4723
1096
6620
5469
3687
4125
1496
222
4125
7542
4660
1837
3880
289
5726
614
258
4569
6871
4463
806
7879
5925
1377
6252
6470
1094
9196
7123
459
432
7350
5219
9155
3846
2005
7683
8913
6286
1295
555
333
1281
3420
3723
4101
2514
5644
4881
2297
6282
7654
3389
5826
7558
5491
25
5942
5908
3861
2311
8841
5430
9109
7402
2817
7854
831
7920
8270
4464
9137
3563
9154
75
7489
593
8736
8485
566
8933
7995
6225
478
5580
7160
2469
1147
1818
8165
4827
8034
3375
582
1253
5246
3015
4760
1150
3499
7210
7298
1765
7440
5051
9067
4840
3925
8376
2912
6993
8627
6892
333
7857
518
20
7242
4230
3483
5010
6307
1760
7489
7080
1002
2453
8479
890
6039
1181
2459
2310
8290
8990
2580
465
2607
7384
5546
697
2687
9076
134
3091
3920
3809
5760
2741
5200
5635
4980
951
1176
2942
4919
5563
8380
7402
4036
2279
9009
4308
3570
48
3120
4719
5679
8977
1647
4720
7459
7648
1494
555
4382
2433
6477
6073
1556
7949
7155
7784
5717
8047
8634
5278
6000
3303
8828
205
6825
8802
5522
4534
6849
8415
8242
856
7354
7466
3522
1044
7617
8969
4956
6112
3926
2062
502
413
1046
9034
8522
3585
820
8810
889
4708
1326
7671
7350
7602
6849
1419
3442
3161
9099
6067
3076
3754
2293
96
1565
3482
9137
6839
6804
7095
322
2089
1361
4876
6012
2281
6961
4876
5713
5307
2275
8101
4034
7392
7827
4084
4054
2837
8226
5702
3696
2630
6884
9147
3007
7746
6449
8824
3037
1682
7661
2152
5112
1412
2977
1024
5153
5023
5973
6237
1369
1994
1931
7141
1187
4993
8313
4685
2348
4712
6033
4317
5048
486
4333
662
1684
1232
4804
2840
6924
2027
8746
2664
8979
3181
5552
1735
7907
7728
6371
3520
514
9009
8201
9131
7453
3681
5654
6272
7485
2863
6201
2649
8260
6278
2332
5172
473
6090
5317
691
3392
6566
8467
2472
5664
5009
8534
1841
3547
3337
56
5049
7798
1384
7917
8692
1434
4128
1814
7947
2916
4240
8097
4649
944
9110
8192
8315
5406
7144
98
5399
7994
662
1227
4762
2258
2405
8673
7633
4447
8619
1350
4148
2654
4922
8833
4689
1150
5326
4185
2920
5785
6585
495
5210
6935
8368
7009
8464
6523
8169
2214
1044
5378
2936
7620
4024
3921
3791
5910
5738
8905
3873
4733
1436
707
8585
4030
3001
6180
1978
6582
8077
1614
4137
1983
7824
784
5146
117
826
5256
269
8272
2329
3882
6795
2379
2925
5169
1555
1162
3580
5475
1967
1869
4262
8633
5195
2639
7958
9043
4899
8901
3546
8631
8874
4096
2363
1013
2388
3159
461
500
8830
6527
5973
8202
8127
6819
6910
1506
3986
4585
1529
4473
7350
6083
6133
8399
1474
1735
873
3781
1855
1040
9056
3949
5843
2453
8212
7267
8998
7721
5331
3970
3715
6671
9130
5809
3829
4543
8328
5723
6926
3738
7907
7456
3123
8590
8668
7304
7344
1370
8399
7429
286
1923
2117
5166
268
4490
242
4978
234
3053
7339
2681
424
7387
3832
2227
449
2838
7456
4616
4630
4566
2081
164
6840
3606
3865
926
7644
3866
7117
1110
3514
5416
8542
8468
4417
147
5700
1327
5438
7896
3275
8411
3722
7852
4655
322
8434
5532
1444
984
4489
1979
8639
4704
2159
4594
8516
1103
3930
5157
7836
4356
2130
5456
7560
8148
7623
3499
8782
8662
7583
1797
7650
3460
3189
7976
1390
847
1858
7807
836
1868
8312
808
8505
3214
914
3959
1428
4629
8960
5395
87
5711
1483
6710
4548
1822
1063
1805
1685
2471
5786
6069
8231
902
341
355
7050
5265
3910
7444
4729
6369
5771
3998
911
1650
4876
3742
7332
2064
4666
1081
6404
4802
5131
7990
4070
3053
7017
3601
8804
8090
5251
8764
2425
7857
947
1806
5858
1897
56
6723
6519
1190
5223
433
6787
563
5447
3888
102
1996
7210
2393
8849
658
3338
1037
656
5535
5140
8043
2592
8157
677
5340
7673
1379
1699
155
4312
3650
6741
1634
6233
8434
1955
8715
5302
1164
3695
4864
9028
2312
620
8391
1181
2296
4950
3669
8383
4627
841
1184
918
3029
1068
1214
910
2225
1129
5814
3390
8411
9080
7573
7118
2409
1849
4563
1783
4336
7598
3121
6119
9066
471
4577
5997
1794
5887
7302
830
8099
535
3255
5759
9039
4091
5637
5495
7134
6580
5345
5827
2271
557
3694
4298
3107
8483
1418
8000
8183
687
1568
5599
8872
7674
4399
540
8072
1793
2029
7868
6105
843
706
2505
9066
3388
1310
4661
3498
7167
5236
589
4098
8525
7840
6422
4846
3493
7348
1414
5417
8440
1602
8361
6005
3757
759
4093
3731
4125
821
5102
4001
4929
5054
4665
2633
1593
1078
8504
3211
3518
5526
6384
7133
3611
4188
9114
8225
6301
1002
5224
1693
3368
8430
4432
2602
4172
5845
7792
254
422
5723
6195
5897
1060
8353
577
7306
2424
5621
7219
6760
1698
3560
5942
178
5204
2912
1013
4360
1176
7521
5762
2520
4798
6877
6247
4019
2934
2201
8081
5875
2839
248
5329
628
5004
3845
7437
8237
8329
2696
6935
2441
3183
729
4256
1904
1842
7805
1483
4054
2663
5960
5625
4368
3878
7465
7251
8893
61
2041
2095
1713
7331
5675
5470
7778
4007
5979
5071
1446
1761
5715
4703
6591
2021
7405
5696
7972
1302
1390
353
4610
6990
7446
6690
59
7784
2607
8794
2864
346
6727
2482
765
675
7085
3943
5522
5856
5254
8029
2393
9118
2172
8451
4984
4800
3964
5497
1368
5240
2391
9138
5114
6174
8242
1165
121
2771
768
4976
3885
3091
5701
4108
6972
1858
5382
6045
6306
553
2679
5593
2692
4410
2491
7010
6725
6662
7858
888
372
1664
3197
3667
7918
9150
19
2796
2273
8975
67
3853
2670
3871
2698
2881
765
1559
8544
1529
4766
5858
824
7404
2495
2050
5922
7425
287
7384
4711
2545
2806
2923
3963
8224
1102
1458
3652
2060
6816
2396
4095
6604
2129
3444
8585
4988
1974
8322
7017
2264
928
4000
6359
4970
3769
8044
2118
6848
5853
8090
7202
2750
736
3843
8627
6639
8249
8487
6503
6683
6853
5260
1803
4716
1641
8217
1241
4747
393
2537
2599
1869
7631
5684
1590
1006
8137
5676
3922
6258
2910
2056
1736
1195
8749
1300
6845
5663
7771
8547
2415
7649
1299
4182
18
7516
1138
1553
3293
4746
6128
4537
1004
4842
1243
1534
3970
2752
3640
7667
1128
161
5585
3824
3101
7263
2262
4698
6395
1445
7177
1644
8039
6395
4903
9177
2166
2338
8305
7651
1016
3395
4511
5692
8978
5245
3550
7632
8161
2617
2938
5297
4532
1457
6361
1712
6447
661
6245
3752
49
6687
263
688
6013
416
8131
6339
3352
3904
4666
5780
7349
8383
256
3120
318
5879
6687
1401
3215
6267
2866
4602
9120
3706
4942
6515
967
5993
1228
3550
3585
4480
6281
6083
8893
3024
206
2965
3275
8113
3943
6636
7149
1167
4666
4804
2462
8954
442
2247
8828
4846
6846
8512
7720
9057
850
8865
2719
8848
4217
5053
1123
3314
8048
9131
7649
1628
1888
9091
8373
5486
5799
9117
4346
853
5885
6191
6294
1338
7582
4341
3753
1060
4226
6572
7963
4624
3642
6316
5120
6927
4833
514
2876
8123
3538
8991
4488
7614
5072
387
3544
1225
3019
2976
8902
7963
8016
4898
7894
5732
1905
3927
5210
4965
2001
1134
2696
3680
6035
2164
1777
2660
6904
5730
2198
2587
2978
3554
2952
257
2880
3693
9000
8103
5666
3272
3930
6216
7432
662
6708
5904
118