14033
11912
9248
6598
7340
5263
7950
10589
5960
8422
6767
8888
4812
7364
3396
2250
9637
13427
6137
11844
607
8706
3974
9084
13314
4703
1233
10914
4448
2572
1525
7701
12036
5781
4216
4104
3442
4561
13336
9219
8861
5229
10095
7321
7738
7779
7650
8086
11864
5184
1198
7573
349
10603
7816
8140
8865
12137
11441
10497
8284
5939
7385
1699
2513
7535
10281
7461
8935
2664
12617
10043
5595
11654
13742
2310
11482
11679
9000
6044
9902
2933
2390
12037
13353
140
2558
7146
12362
652
10848
9504
3633
3566
12079
5707
7101
6070
221
12078
8700
5363
11456
5959
2463
3215
3460
11540
5235
5292
7918
13641
12646
12451
13018
8944
6190
4053
4907
11385
10264
5057
14339
9177
3744
2193
12604
12413
14459
3162
10693
4616
5271
8439
13312
6194
4798
2184
6236
12963
12398
12235
1615
3094
4721
3897
4749
5544
951
8239
12310
11886
13134
288
10715
11457
8104
11723
5110
3754
10645
10354
13765
4253
4679
1947
4258
12509
131
1550
9950
4068
6523
2572
8502
3266
2951
7371
913
10331
9636
12374
6969
6044
6842
6181
11587
1549
8285
9284
10967
4541
11003
7405
14525
1578
11194
13263
13739
10799
187
2416
7119
9122
11371
1748
12244
5014
1275
10869
6610
4782
46
12200
12553
8621
12265
9533
924
11985
5148
1572
5233
9260
817
7715
11500
7126
5336
1762
8322
1098
12297
11415
7894
3126
10021
6253
10479
13848
6077
3499
405
14539
3392
12361
391
13182
3302
5206
11529
6448
6333
1234
8784
4697
6749
1305
1444
10091
6968
13960
3240
12726
2486
9615
7330
13309
14302
5609
2063
2455
8729
6707
7591
5640
3979
2975
6438
9368
7731
1006
428
13515
13328
13215
8615
12115
12680
9581
10859
1095
1547
4998
5227
14405
7472
7333
8215
11198
14071
4866
1870
3926
473
8737
11604
12356
13739
7310
237
1184
14297
312
10495
5903
5541
424
9443
7193
10258
8131
6963
8217
7699
5656
11025
483
9222
7231
6278
1771
10096
3676
8742
2026
13768
723
2620
14389
2561
7193
8527
7859
3224
11688
531
14044
12558
13984
14257
1755
4441
5128
7199
2695
11485
4741
2538
12790
5684
13382
10953
1124
892
1038
2550
2580
8144
9426
7045
12273
5957
1906
11301
5128
8514
6816
7160
1108
3060
766
11174
4455
9607
941
7111
14100
7964
3510
7271
11738
4779
8768
14572
8847
8882
11585
4640
11935
10834
4295
4971
2249
6821
3615
6567
11944
4467
5756
845
611
13456
8007
2701
3058
9807
5213
11461
8654
7885
14197
8509
9184
9203
1396
3151
9047
3609
6102
11266
7265
306
13265
10129
13223
7952
3313
699
3203
5988
2290
14536
11351
34
1421
5826
12649
8689
6897
14482
8258
4637
10763
9402
922
2554
1961
14481
2366
9665
2494
1860
8508
2266
7760
7710
7870
6515
6127
14445
7803
9865
10963
12450
5172
1390
12581
11460
1563
14085
9162
3706
644
7495
10990
5760
4315
11721
6057
11090
5789
6121
6494
4094
237
6413
9170
3484
13578
1886
6211
1993
11603
11034
14482
191
5454
4887
14074
9716
7905
11521
2933
7116
12498
13594
12806
3644
12876
5263
12081
6671
13715
7356
7067
14030
9351
6492
1994
2444
10315
8079
3173
8468
252
8099
12175
9903
6749
10468
6308
3769
4749
145
10144
799
6348
7890
3653
12642
232
4361
11311
8813
11621
13574
6737
8099
11850
5541
10031
10495
13144
11520
8034
2804
7188
2643
7592
9275
11254
9462
12073
2455
13916
14356
13399
3615
13238
1725
9474
12421
8466
7433
12037
10417
3209
13521
6100
10503
9132
6836
3596
75
13323
4342
159
6504
4406
12971
3386
7521
11237
2158
12479
1422
1029
11107
472
6432
10091
7200
3556
4917
12507
2924
6102
2360
11347
4311
9656
4407
8946
827
239
14158
1520
92
12153
4732
8881
4606
9991
13509
1039
10402
11695
2492
4642
2673
11753
101
4443
5483
13400
8399
2700
6965
13319
12635
11392
1596
3891
3116
5317
2622
1437
2507
3351
13985
5926
9670
6856
9790
11623
1298
4213
13982
9244
6477
11446
2663
9788
8829
679
971
425
2751
3613
11272
11878
8591
9760
8347
2444
9635
6429
11511
8333
1330
11580
5866
936
13467
6133
7211
13513
11316
995
12405
34
9214
9514
9859
5425
4865
8443
10763
13180
8133
7773
11664
2721
11844
9601
3818
4638
8045
11304
9084
13839
11952
1959
8766
6033
1189
14332
13177
4240
2171
13887
10956
4814
2736
7994
6598
3620
9748
14554
13614
124
6230
3197
6283
2483
3877
3634
2320
464
241
7104
3807
4974
10716
8901
14070
14137
12150
4740
8306
7643
5499
4785
7675
13572
9561
3627
12841
5048
6566
1753
11477
4986
2873
3338
2266
13305
12039
6200
6616
10531
13296
10343
9197
7085
1475
6818
5722
102
4554
8821
7353
12319
14559
12300
9453
6990
10042
13927
2041
14360
4540
9439
2732
10113
10905
628
7089
2516
3841
1096
11842
10714
3020
13705
11083
7885
7946
2527
12556
694
6594
14028
12201
1055
3784
5021
11795
10699
8529
11955
509
14012
6097
12060
752
8047
11444
2692
260
5763
11753
11680
2802
3153
1324
11922
13286
13641
3370
1231
5465
11221
2882
8965
7302
12358
565
14548
13022
3954
4311
10950
6774
11928
13706
2085
8682
4655
9723
589
10096
3439
3197
13455
1113
12030
10968
2772
11594
5090
8765
8685
994
8052
2608
8517
8516
282
14458
12318
10657
8292
2318
14395
2293
8666
10607
798
8000
13368
11976
4716
14099
11863
9841
12026
7176
303
1058
2890
9083
10336
4034
5608
5096
2566
10869
9958
10972
317
3075
9000
2478
8707
11023
7200
8766
8634
4790
7145
3266
2105
4105
6544
7906
10349
41
6458
12544
10787
13372
13784
6408
13144
5116
12507
7882
4516
3995
6328
4550
8954
5777
11281
13031
13741
11252
10204
5474
13201
13121
9055
4793
4096
975
13069
11157
6117
9679
6498
4805
1957
4542
12666
5597
11300
2561
10080
13934
1346
10890
4493
6390
10851
5556
12827
7385
13042
7147
7773
2589
9357
4619
4856
7502
9599
13546
12066
5722
4373
6049
11676
4238
4627
7701
10072
6865
549
6149
9200
13146
5778
5826
12089
10582
1540
2255
1767
9360
10923
12163
6977
12936
11439
180
2764
12211
13728
8742
10522
9658
1431
11365
11946
3650
3834
1888
11077
3409
9216
12411
11810
7648
5837
12688
10095
9957
8723
11419
9825
11097
4306
8812
12957
10642
10267
5897
10276
6201
11963
11727
5845
8468
2769
13392
8104
11378
6087
6219
9396
11214
9473
11995
5199
9211
3866
9783
6817
6371
7085
13872
7998
9978
9992
6788
5572
4907
8215
4381
8546
6867
5245
13353
10028
14124
616
1762
9694
5908
5072
4607
8396
6320
6242
3810
2002
6067
11185
6915
7558
13589
13070
6024
13136
3100
10508
9977
10843
2141
29
5244
9668
923
10199
2961
4273
7344
6056
13979
7772
12980
4585
2425
6419
1108
14382
2413
7659
2987
13535
8324
9283
12269
7867
11737
7384
6246
5756
9560
150
2559
14383
8438
13572
6152
871
13371
1434
5835
12188
13289
3272
1286
8936
6807
3130
11093
8341
14424
493
12702
12495
732
5987
5107
11335
3016
6180
1404
2465
13016
1716
9019
13644
11934
7128
7560
2716
12430
12814
248
12737
7134
9128
3088
575
7930
8136
4101
5478
4173
8004
11374
8674
7805
2425
12495
5474
14584
11576
7755
2286
11568
225
8038
6714
4697
7892
12778
4339
9191
5880
3575
3038
5518
13580
8711
9318
4280
10417
2154
6541
5067
6235
9448
11588
8345
1296
14441
10600
14147
10245
6206
309
10786
8080
1515
4869
7414
4191
5003
9258
4789
3194
9604
4016
1511
3879
1778
4402
10722
993
4272
1444
12828
891
1801
8529
3417
1226
12699
13438
14225
3593
258
13998
11945
1469
6178
12659
1997
4336
3546
13012
4051
126
4737
10183
3142
10807
10887
7813
31
12112
1765
8522
1385
13174
13311
10965
1957
13169
10043
8382
5659
5420
8845
8312
13209
14033
9510
4464
13035
1829
1225
9005
7008
10520
9371
82
9425
4696
3901
9121
1724
6575
13035
643
7247
9593
1041
11409
2188
9155
5832
9619
6508
5097
3168
11924
12569
12600
512
14278
1617
9271
13687
11137
5401
6118
6283
13886
26
4833
12718
14192
13413
4599
2297
10065
3384
8842
10573
5309
12570
7809
9513
8186
7398
11809
8138
7115
7043
14118
10633
11266
2834
9743
13230
11685
12997
12393
13358
13208
10171
11010
744
10148
11069
2892
6512
672
6234
5661
4033
3470
10356
14200
12079
2166
8454
4084
6657
8076
1201
5989
10483
10237
5032
10914
604
8403
1309
12568
2515
12869
13067
7396
12322
645
7179
564
10129
2644
1404
12542
13515
978
1128
7877
14202
12710
8381
1859
14103
6319
2696
170
9907
11017
8953
8084
11252
14299
7703
353
14389
6281
9687
3156
2004
11584
13220
13001
11983
12418
1500
2007
10943
2354
6971
8367
13574
7203
10307
4429
10503
13874
2003
9907
1744
10560
13728
8522
7409
4125
1788
9174
12363
9049
973
569
11084
3803
9544
7828
5502
13946
1486
13192
6540
7025
5755
3957
8375
8419
13104
1212
4345
13194
2450
2523
3452
4067
11059
5502
6667
4617
13108
14176
7279
12374
957
13178
2623
14488
3577
11625
12760
3837
13742
12676
3060
1647
12608
7916
7804
5133
6399
5245
3638
8276
2970
8779
2236
9819
7333
14242
12377
4639
4174
10668
11070
14566
12752
10064
14427
9119
11890
1835
9479
1360
10578
11532
14296
1123
7835
12482
6713
7736
1371
3441
1172
8410
7760
10818
11721
5328
11063
10327
4008
10816
4070
1006
7665
1000
12191
8512
9955
7259
10539
11440
4637
6233
9073
14412
13911
4867
12851
10338
10600
13582
10388
7381
7090
254
5067
11688
6065
4157
9976
3901
3244
7706
13838
3326
13166
5491
10446
2819
2867
14540
14367
652
10644
2981
3135
4730
2852
13747
9756
11181
1603
12994
8455
8254
3770
9502
7481
14513
7587
13098
12508
6814
3824
3294
6051
13037
4428
4326
10552
7301
7367
10545
7061
10620
1594
4571
9820
11164
7292
417
1650
3062
12492
11005
6301
8963
6531
12234
12805
10499
10232
8852
269
7475
10645
2412
3184
6607
10083
7400
330
9528
12525
9635
4569
2642
1913
8343
12439
13022
2748
12012
8243
6935
4600
10629
10077
1414
6817
6704
913
9373
432
832
7412
10706
9535
1219
6356
9809
8613
9646
438
2172
5105
7870
1328
13997
1598
3934
1053
10382
5950
13870
3141
14275
7959
9067
2366
236
8969
9853
12420
148
6937
6497
7293
3705
4443
6215
243
4219
14468
12655
4035
9188
13645
12263
8406
14500
12409
12682
3944
8913
2646
8955
1939
5826
1870
2571
12851
12567
14574
5617
13697
14024
1308
7087
5003
3053
13432
8085
3825
3530
8645
6942
3356
8140
9045
1230
8080
14437
2248
12673
10495
6943
11013
6353
2378
10052
6663
3592
7997
1437
4022
2797
7823
6432
4700
8625
40
5562
3107
8046
5200
14435
7012
6915
7445
4265
12669
5560
3900
12861
14383
10686
3307
4195
3841
8239
4295
10936
14247
4278
5618
9192
9684
10880
12058
3576
8166
12010
949
5093
3568
10393
12041
4751
6270
7041
4890
9850
6422
10683
9064
2493
2180
9082
3106
10663
12607
9230
9673
5955
5025
12448
3955
5676
455
12028
14317
185
6362
5719
8221
4662
6480
12190
8778
3942
1273
5127
9912
5593
3875
1930
5438
609
6411
12149
3324
9272
9735
6634
10981
14351
12010
3659
11062
10633
7647
7222
3310
8496
4095
7831
10790
10911
6084
11182
4623
12729
11065
12818
11093
6532
10343
4863
9516
8188
14517
5159
6683
7020
6807
12517
5554
468
5469
9292
3171
4535
9858
1628
83
12231
12951
11880
8401
10144
11052
3140
73
13638
11227
1806
11674
4995
4140
9061
4223
14197
5932
4312
7304
14479
11313
4523
12198
10243
11912
5798
13100
4192
1841
2857
9632
10041
14578
2940
8587
3658
5029
8310
10035
5081
3279
2203
3174
437
8869
12508
6720
2885
8587
2020
14061
5391
10893
10602
12296
9371
7904
9615
13051
4414
3134
6159
10049
11644
6705
4079
5631
3306
8937
10752
8442
2543
7444
8869
265
3909
1686
3608
10933
8877
4015
1978
12780
10386
9196
4127
2359
12813
4138
4560
8436
2820
7925
14548
843
9290
10524
13815
13647
1493
13781
2374
12597
13121
1917
8851
6608
8631
11944
3390
1763
1239
5883
2884
6364
12900
1132
1555
7606
2446
13668
7289
14132
2199
5398
11025
5747
10941
12089
6578
10306
12162
8234
11219
12569
10558
11377
8407
8088
4498
14142
8315
10307
12399
6559
9278
13947
4186
11863
725
7504
951
9113
10726
7607
6381
8632
5929
6294
5621
739
10913
9924
8279
1229
11423
1814
8061
2361
967
2865
2701
1814
3674
9467
13947
2432
11803
5987
8139
846
6632
13536
8410
4289
4693
14365
2065
4306
1709
1255
12438
4217
7325
10592
9673
5916
14093
6710
10802
3035
793
103
13337
11438
13976
10742
3927
11111
11843
8928
2944
1609
9774
6263
13935
6277
9313
7858
1407
4204
14367
8323
1500
7809
1868
2619
11155
332
14518
12736
13076
6057
11386
179
13484
4521
4905
6441
5850
6488
14481
12502
9574
7173
6660
7926
4641
456
8376
7194
1578
9715
1412
14270
6117
3653
11847
7483
6182
10729
11745
10085
2038
3253
11150
9078
8071
4392
13597
11994
10547
9084
8399
321
2771
147
333
562
5059
7261
3358
7215
3337
3017
86
12578
4167
5432
6533
1150
13987
3942
2742
10089
4759
4129
13723
10419
10400
14293
5202
7870
8039
12944
12314
32
9390
6823
750
11366
11283
12000
9706
3574
2457
12992
9103
251
14543
7119
7757
10705
433
5338
4600
11798
513
9462
6895
13281
3752
4079
3039
5884
8193
3742
12289
3255
12491
14562
7223
9430
5131
8297
4460
14027
3015
4568
13287
11481
9063
7389
12299
5878
13921
7806
11766
2977
2528
14088
9058
5562
2900
636
1453
5803
9885
6586
688
3980
480
559
9842
8142
4400
7423
6399
11583
3863
1825
5570
14018
12753
2401
7084
11848
9631
8798
2370
3606
12821
10020
6810
10879
8104
3179
7752
12396
10287
645
4552
6150
1527
1223
9288
9946
9253
10658
3139
2581
4149
9335
7337
11140
4447
10008
3714
11657
2463
472
11753
6674
11357
13076
1262
9465
7517
13886
3806
10730
11324
2168
13371
13048
6989
10325
826
2710
7933
444
3839
2005
3533
14259
12757
9538
12984
5854
7739
2119
5204
10450
13179
13921
1686
9449
6845
4834
8427
11309
7197
9636
13664
12308
8854
14312
12656
12291
14513
8938
782
110
6724
7293
10178
6436
1443
5065
6340
3600
11226
9096
14263
8886
10115
14574
6189
7479
1250
5867
9323
11248
4531
9442
13610
12166
11043
1086
12941
9790
6914
12127
11970
11135
67
5445
2202
601
10044
9568
12407
12618
12256
8728
1294
7442
2508
11979
12354
8047
1937
12375
14255
14100
4910
4193
6453
54
11001
6231
161
11452
1806
349
13648
10162
6114
6124
1006
12628
14419
7548
143
7616
8554
7150
2231
7816
219
12458
4662
12712
9006
3349
7207
10084
3699
4317
7530
4743
6244
5054
13184
1893
10500
6805
14569
4261
14299
4863
566
2532
2976
14085
12844
9073
11525
13390
12500
654
4561
2038
8884
8944
8954
3232
5300
12889
1027
1413
12093
8341
8600
6334
85
3795
1869
151
12997
1306
12385
2417
3863
1890
14368
11101
1420
3365
5777
227
5004
13793
288
6979
7853
9832
10356
3778
7918
7466
11710
2216
5808
9720
12107
7401
13572
12198
12277
2478
2615
5695
7623
7337
13608
11562
13145
8408
10516
8671
3831
7442
6938
3723
10059
1243
3380
10954
12487
12499
11871
11797
3203
3149
7757
676
13753
6508
11408
296
5366
12338
13277
11231
11974
13348
10782
9972
4182
6436
7053
8494
8635
5879
12545
10924
459
9986
6012
11417
11890
3668
175
5451
10
8222
2722
13021
3712
13182
3144
12467
13621
7832
2613
9420
12757
570
11911
13958
1443
5662
1603
14389
7890
9231
13796
1930
2795
14306
14488
8965
5071
11876
3327
10537
8324
1060
7850
7527
7996
5791
10934
11636
5600
7543
13793
4568
6808
7572
260
2108
11901
10297
12813
9039
644
8077
2207
8504
1310
9773
4969
8302
13363
953
2816
2570
10020
12845
9167
12914
10672
273
9459
9836
11405
7741
7541
13928
5294
6401
13763
2052
10392
12570
12331
7704
10237
4722
10539
6839
4953
13946
13310
12269
11290
2654
282
14162
11007
14521
2406
9879
7710
10385
126
9360
2971
1713
7256
7948
3082
1722
7049
1706
6670
2831
3576
8343
6652
6003
3162
893
12896
7206
3545
4168
12689
11826
11392
12075
9649
706
6896
9147
12238
957
12827
12314
6075
853
614
6585
14427
8399
3361
2410
6777
516
10487
802
10140
2702
9870
2614
5554
3291
7923
8807
13221
11849
1958
12924
105
6343
2111
3912
6766
724
5174
7565
1840
1029
1177
11088
7930
7953
11335
8539
202
9598
7913
7585
8602
5206
13275
14457
4081
585
7543
10159
10965
4183
13812
7453
3696
2822
7394
14241
4490
4041
5902
5077
9307
6202
3198
8354
5532
11186
14484
794
6179
6095
2405
3361
14536
2693
11922
5882
10064
6949
1339
13008
2357
12342
8515
3017
3012
3689
12695
6633
7862
8283
13254
11590
4995
602
14448
11475
13764
6351
12310
9543
5725
7335
14107
9617
10126
10817
5884
6117
7609
9375
3661
12789
1550
13413
9128
659
3530
8946
7866
4024
7696
3063
5464
1154
13613
2413
11305
3867
10631
14541
5337
12842
4332
10385
3996
9199
4704
3034
14474
9402
9944
829
13164
14365
11344
3689
4118
921
8696
7223
13914
3378
10203
5142
13193
3058
735
4737
5754
4382
3327
9590
13446
7039
8252
1438
11256
13360
11909
10977
11915
9045
13638
8496
14218
7025
14338
11107
7270
14445
162
9327
14252
5099
14414
5607
8568
14585
9055
8954
11466
2466
11008
5725
5166
715
8478
11361
1220
1446
11050
8760
5796
9874
2700
2985
1135
14515
13603
13375
13391
153
7146
9508
11507
8223
848
440
9818
6090
13090
5943
9635
5440
8657
1543
7278
6868
7723
13745
5206
3293
6006
4256
8532
10071
3405
12258
2115
1275
13080
6194
9192
10657
13485
10494
3288
9653
8368
9
1796
10920
10816
9153
11073
2188
9025
8657
4522
531
9232
3194
2440
8233
3033
32
10922
3398
4066
716
9978
1538
13330
7608
10992
11160
7769
10656
1447
3395
6956
11235
269
2455
3900
7332
3103
9835
5913
8803
1720
10921
129
13473
8400
287
2032
4557
3820
5587
5482
11179
7391
1011
10613
3624
6458
6098
422
8761
8575
11237
187
12422
11805
11348
12386
13895
3150
7455
8265
12852
7229
4495
12768
11313
5678
13245
13007
14329
4484
1343
7191
1180
8463
9402
5253
13822
8738
7980
1931
12000
2478
11708
4721
13795
14390
14118
13946
3230
11270
14171
7092
11925
10826
7070
7760
4201
1961
14434
4260
5824
1397
10853
645
13340
3383
13465
3185
8512
13514
7355
11366
471
12963
7321
12744
9740
11893
11410
10469
4153
12221
2645
10196
14554
1900
426
10045
6218
1553
11718
2037
8939
2644
10595
10007
6213
6661
7152
10605
1566
929
5259
14295
4247
677
6472
11404
7183
13529
9608
10294
9127
14399
10633
14485
6042
12689
615
1092
4071
7308
11410
9444
5480
2663
1810
7745
7789
1887
252
5445
961
14313
1682
6911
10467
309
10405
3067
11349
10979
12461
5956
1752
1985
4414
1344
3420
13238
6154
4082
13782
12060
11185
8079
84
11505
12071
5013
2977
4726
8720
689
10075
7908
1139
4801
13579
10565
14295
2566
9075
2771
577
3363
6989
7816
856
7534
6793
7171
13305
11812
3195
2363
9707
988
11715
6405
829
4938
1612
817
2103
2370
6185
8138
5906
1435
13084
10530
4095
6473
10117
3337
2456
3502
7818
7262
5760
3770
4476
13467
14167
8902
13611
5442
10137
3370
4480
1774
7158
11571
4294
6765
9112
12924
14295
9486
9278
4678
3717
1189
9369
8989
11067
10538
7369
8369
13126
10540
5598
9053
4929
7498
8060
6026
13303
7970
5786
10475
12124
10636
454
10462
9814
7667
11045
13552
11566
6319
12662
11201
5482
9864
13207
5875
12178
12699
4556
3816
10885
14108
12963
3485
13919
272
3137
2674
9878
920
12257
14027
12378
1453
2460
12725
14095
5774
13672
551
13355
6204
10905
401
8901
1153
7260
4648
10896
6815
8192
1260
967
5705
5813
1367
10063
6460
12241
4511
9893
6467
421
3345
7392
13917
6865
6012
8780
14237
10309
1751
13114
7293
1103
4863
6686
13192
3969
9595
4077
6851
14058
12999
2781
722
10286
8143
13870
9941
8260
10026
4410
11637
14331
11106
5027
10129
4201
903
8044
11070
935
8777
10558
6942
6401
5761
9555
6275
12126
14229
13416
12382
11590
5507
13505
7649
13086
6790
6449
14012
2690
2312
12030
11711
12637
4557
1898
8627
9170
14126
3047
12609
6703
10828
1787
7578
9139
12717
1039
2693
4543
14444
854
8763
1307
3092
7300
4907
13033
8688
5839
10181
5553
1702
14403
11068
228
5146
13578
2405
10396
5898
4120
2054
13030
3095
6591
9901
14555
7115
12297
7934
7163
13788
13024
2183
3137
592
10895
11822
7821
10045
5432
11555
12049
5907
4838
4585
6721
2947
4230
4424
11005
10125
9027
2678
10759
5836
5858
6863
10041
8074
13902
5776
6930
3282
12911
5356
5110
12756
13914
2164
10342
323
3918
2232
14033
6653
6584
6348
297
9277
10101
7082
12931
11506
5337
9245
7204
13618
2808
7581
9748
14532
10251
9158
11540
10604
13712
11721
3150
14218
2208
10368
5491
4939
13570
7600
12341
13000
7468
10282
7441
13701
9056
4095
3945
4528
5904
2866
11593
11557
3024
11147
9719
4851
11578
7683
7290
9212
9820
11547
3020
1264
1708
928
4026
13546
10021
6838
14407
12076
4628
1071
14465
6631
13968
1822
12076
10383
12603
3605
4975
7538
294
2270
2345
12340
3153
3153
12812
9796
815
11953
8815
11871
12617
8269
11171
1524
14320
12185
1121
6241
2730
4802
8224
13947
8370
13664
5051
10303
988
6890
11121
3433
11817
2030
8873
5985
12281
327
6464
3532
4589
12871
1916
9025
6480
12454
5523
13214
1221
3082
3921
11109
6278
9109
10731
11962
2711
1993
7646
9637
4588
10018
3219
2071
8190
11709
172
13014
4809
4993
3351
14497
13236
3564
6227
3193
6592
10170
8052
4535
7973
121
4257
3942
8495
1288
11526
13600
12579
4641
10975
3041
14433
5165
1117
9435
2226
153
1276
9231
5215
4939
4255
4454
8142
10552
12942
1207
2053
1126
718
8692
12567
1470
10206
12627
5757
2200
1036
9859
7439
299
1125
3918
5334
2806
13858
3830
7751
14521
9914
11850
9849
12012
9110
13950
8156
6644
9796
8943
9108
2159
5153
8409
12949
9722
6193
9210
11994
4301
3104
10522
3620
5350
8361
7215
4739
4727
333
11143
2854
3666
10568
3779
10704
3975
7740
4268
3198
13807
5534
1796
12990
14386
6248
2804
3105
10470
9015
12996
10519
12688
2052
12942
237
2384
8608
12433
14119
6078
476
1238
13148
7439
14163
9732
11859
722
12743
9583
12845
7927
2942
4793
6810
8888
748
12284
6803
11160
9314
8942
2822
9617
14458
4946
245
12872
6790
9749
1533
7067
4018
5960
2176
13395
8076
7559
8188
13249
11882
2959
3269
10906
8828
12364
13111
12479
12893
6537
11474
7163
4974
3492
2065
12877
11607
12278
283
12338
1556
7985
5173
6997
14435
2017
592
11174
3764
8851
1222
6769
6645
1096
6945
9344
8047
3683
12016
8788
7428
1679
4233
7427
7752
8062
3360
2484
508
11907
5349
4585
512
7973
6282
12162
11074
11250
12154
6822
7907
4959
4671
7969
7266
7691
9451
13574
6423
13777
11509
2058
748
9340
14045
12152
415
942
8395
7143
3549
8383
11280
3178
5672
11595
3481
9963
7399
3983
11903
1513
7597
13724
9293
6356
355
13144
1126
12752
13522
9805
6493
3104
4767
3880
10379
11193
9080
8843
9252
9963
12852
12421
12453
2334
2044
6549
7000
12927
5191
5765
980
1234
5879
8876
9204
6404
9324
9354
10303
5123
129
5170
13639
5433
1937
6909
8831
8544
3077
12765
13057
2642
5736
3743
6777
8767
3650
1270
9972
7354
7278
8176
13794
4847
13921
14451
1734
7236
10340
7315
4261
13879
7389
10317
12142
8897
12239
13490
7377
6683
12274
13263
11069
7009
6235
13827
8976
11018
6808
1755
11936
2343
9971
7864
10252
677
12766
7090
10924
2064
8194
3380
11856
14203
11625
3725
13175
11250
4978
9226
626
1566
6701
9906
6794
4637
1984
6144
11718
11390
4974
7394
14276
1091
12345
229
7415
1451
168
4115
9524
10277
789
12321
3069
482
14173
14279
6398
2180
9569
6772
2589
1171
3474
11742
8223
13514
8672
899
9087
12215
279
8796
9637
5706
9777
7805
9399
1709
5547
3213
6171
6871
9309
1629
6979
8479
10017
1621
822
11094
13145
10332
7207
12392
13229
12194
5937
7503
3209
2346
13676
1619
7877
13610
220
8193
9898
5280
2558
10233
14375
12405
5377
8118
10465
6050
989
1021
1245
1855
13495
2730
5723
4739
1434
36
12811
3545
13874
1470
4851
11251
3138
1495
14482
10855
12243
6481
225
10409
14337
7216
5157
6253
9833
11192
8042
8633
4378
11948
12719
2250
13604
5721
13089
12091
275
12426
209
8798
11605
5952
9803
4071
5607
12230
8227
3043
6005
9197
7404
13413
5580
13627
6525
7540
837
6497
7395
9149
223
3255
788
6113
8020
7996
9608
11748
3810
13643
9926
10723
6502
7418
2630
1777
5639
14205
7004
9836
8908
2797
1559
12174
10000
4151
12934
4695
1203
3503
2705
9214
13196
8455
2108
9158
1620
14484
1748
14020
8974
5314
11651
9118
10814
7180
4679
10518
12612
3530
7550
8742
4254
12394
8081
12710
9986
1855
13140
3845
6890
5343
10344
7317
9668
11394
2880
5750
7287
901
5415
6717
7137
3831
3861
320
4403
7540
12809
6003
9745
5632
862
7837
785
6815
9498
11264
12415
4053
13946
3907
9579
5734
102
7882
8369
8783
8052
14498
8847
7570
11835
6646
11590
327
7931
4459
8163
3206
12543
9890
2844
4414
761
12123
6416
3218
1128
11174
10142
8998
6004
4583
6217
10921
2060
13256
13356
10665
13402
11985
2824
2842
1269
3550
4182
1831
852
4246
261
784
904
5090
8913
4608
12251
791
8769
10312
12882
1189
3748
5622
6298
8596
7882
11651
9841
12343
4741
7086
5811
6971
3670
7489
9502
10056
12811
8164
1909
14368
437
9883
7088
8967
8865
2771
13007
13591
10877
10759
8313
7550
4394
9576
6135
8208
9571
13601
4133
9154
4930
10156
9045
9472
61
8487
12490
11396
4426
5237
10699
1540
5833
11352
14230
9298
14381
8927
1260
9662
5952
9746
1175
10118
3693
4122
10259
9253
7075
263
10072
3977
4552
11697
9205
14136
10743
5637
1113
6466
8695
6871
1621
3676
6758
11833
12230
14243
13397
5352
278
9374
5492
3836
10259
13204
1548
4379
5072
8011
10253
1349
3127
12955
1965
336
14493
8873
12885
3382
12235
13744
3536
4392
15
14521
6204
4418
14391
6686
12078
3128
11799
3949
1631
8883
5302
3204
3250
5750
13164
14232
1961
9449
7627
13871
5341
14376
3522
11914
9083
4576
14451
13999
4518
9600
9331
952
1226
7345
13803
13014
14174
12063
6378
10014
10821
8869
10874
4421
3552
10596
9822
9685
10431
3962
11589
6451
7888
13812
11296
5246
6172
8853
9561
3950
5269
8487
12526
1581
9762
10324
11694
14464
7816
10938
5570
11689
8192
13538
14473
12633
1120
3967
1684
12012
6804
1795
7858
3824
3270
11214
12699
6897
14252
9429
5779
3139
3793
7137
2278
13854
13675
8179
9221
1122
12649
2731
2872
6803
3900
10531
11195
11938
13246
13040
7339
10801
5392
1826
3683
7033
7736
420
194
12825
7647
1841
13505
2859
2830
10831
1063
6083
4002
2450
4931
10410
1811
405
1994
3960
6282
14503
4672
7967
11912
3409
11944
10153
11954
4053
12891
10950
2870
269
34
2958
1450
3075
7459
1113
13754
3227
4881
12893
2229
4123
4715
12400
7004
380
9734
14460
6160
6995
5991
2623
12594
6322
8695
8091
9847
9006
700
5943
1391
2380
1574
8730
14150
4074
3270
7917
3702
12778
1323
9978
7954
168
4590
9904
11272
12693
11914
10752
6879
12840
581
13378
13889
5203
4979
14310
13139
2763
10410
2165
11611
5573
8550
76
9702
679
7285
5580
7904
9163
13239
6568
4714
12201
11840
1631
8578
1302
7139
1004
8206
4912
9220
7034
2216
3905
7809
12713
6932
6897
5562
11506
1141
13554
6478
6389
11733
2326
4148
2050
7469
9861
3243
9793
6628
14288
2729
816
1380
13428
13712
1911
12275
8531
6514
4204
1530
218
10673
7101
7891
599
2721
7130
11923
5503
10506
2715
8808
4289
10758
11717
8042
8757
7251
2722
11560
9795
10772
9206
11343
5611
8209
7647
5628
1505
981
6425
2957
7083
2747
2173
13389
1920
8431
13450
878
13260
3942
5970
8944
688
6032
11905
12543
9503
913
8828
6883
4455
7334
3488
10986
11566
2001
812
141
13861
8144
11978
11106
8602
10487
4320
6346
13104
12885
1092
9295
5511
13045
10327
10070
8553
10703
9983
8269
7229
4510
14181
289
6559
4626
3073
2007
8839
5993
612
11704
6990
5129
8310
13980
5597
1976
12373
10721
6654
43
9293
9825
5805
4914
14189
7104
12012
304
7410
12473
8811
11838
2027
10997
3003
986
5663
9057
11120
7208
5795
7697
14422
4157
8129
13046
12459
2124
480
12946
12341
13599
10217
9392
2503
6603
2749
12576
10993
2221
10187
6374
6699
3394
11698
6181
10173
8898
9836
12630
9576
10599
12701
6305
3655
3582
13616
247
6776
5227
6278
11665
9660
7527
1510
7683
13062
12666
9824
13679
10281
7093
22
12160
6986
13756
9356
9713
6529
10024
11949
5245
8790
9868
4446
3259
5460
10641
4499
12170
1561
5907
6506
8207
6574
7521
9801
10753
2097
6689
4716
10001
581
3793
7899
12430
10814
3146
11533
2247
8556
12564
4370
5360
11331
14174
6320
12012
12771
11598
2350
7525
728
1463
1420
10147
7950
9442
2969
14337
2993
1852
7808
13860
4345
11510
5747
11305
2941
8797
1982
4476
10825
731
10791
8378
2561
11313
2262
12237
6573
5985
5893
3318
406
14498
1625
7904
11771
1457
8559
11509
6482
7610
9751
10328
2951
6709
3133
4313
2243
11779
5265
13938
1027
1351
1081
10386
8280
6949
9308
8021
772
1500
1923
8393
1290
1297
14576
73
4133
9018
1266
3004
5400
8053
1777
3645
1846
12813
1413
5664
10316
8045
10421
12026
489
10221
4614
6141
922
5656
2994
11840
12727
2081
4162
3836
10996
5122
1505
8236
778
6508
13458
12310
10691
13837
6082
2638
13265
2579
4533
11743
8255
10749
8359
5974
1207
12857
397
1348
6300
1863
8328
6670
8825
14169
381
995
11108
10947
14162
8446
7389
3283
9671
1637
2509
904
13634
3347
401
2952
2291
7686
13802
13526
5484
9587
1793
9014
13920
3211
4562
11719
7253
387
1853
11068
8347
9211
2037
2165
9100
6014
3036
13552
2228
14593
9016
13453
7605
5710
4254
6446
14142
10844
11600
2682
1183
5739
1468
10479
5525
9555
7490
8042
4136
6577
3834
6736
9490
7678
3033
7968
5475
2361
7656
7332
12035
13517
8898
5146
9016
7191
8957
11814
13586
8701
11177
7108
5661
11518
10552
1811
8453
74
7312
13545
7844
4819
9912
4345
4334
11362
2592
764
12231
3585
4134
11130
5684
9613
9949
6905
3109
10448
8462
10691
5254
5785
3526
7848
10739
3147
6276
10420
10501
10201
909
5363
4130
1689
3859
11562
3234
418
13765
4952
1087
1727
14109
8288
741
10709
13761
5132
1083
1355
4584
10638
6222
8299
13659
73
7066
5047
12856
13944
3001
2904
3423
13926
12492
4688
5641
12999
8489
761
14292
8468
625
3836
8432
14534
3604
3245
12709
13259
1874
2299
13202
1405
133
274
7216
7558
3275
2794
9825
6952
9641
8660
9424
5701
12661
7541
8386
8004
13877
13829
10617
4037
3615
6877
13914
4319
8494
269
285
6020
4038
12347
7588
2898
7857
9378
5120
12945
2289
10862
7929
5262
12891
4828
3805
5178
2492
6310
326
2652
7296
3057
12668
1360
8580
10650
10478
7189
11318
8750
6980
1230
2893
12582
12213
1865
8428
5531
7511
1592
8077
5311
3325
10898
13920
3866
13872
9676
14197
7821
1396
7843
14477
1596
408
9606
304
8485
9948
5007
14092
11059
1065
10128
7817
7943
1842
5824
9242
157
10882
4310
13122
3151
1035
7005
11545
6383
6308
7689
11243
8389
6240
522
1266
745
1916
4352
10540
9542
13400
6908
5784
10609
548
12839
4347
6907
594
13518
2719
7014
3409
49
10300
13538
12956
7831
4874
6277
7133
3870
11249
1960
3763
12378
5550
2008
11188
10973
7066
7322
5698
13805
4990
6186
11520
3602
11598
1242
743
13342
10794
8767
6054
5759
9655
8707
4556
8209
12942
13269
13975
417
13110
1739
3076
12925
6692
6368
10771
13098
4978
6954
1739
11320
9484
6214
13838
10858
4264
1145
11096
3869
12759
2556
7261
523
6682
7756
13413
1700
2986
10498
11398
12361
1113
7651
3250
12924
8452
1058
9402
12772
726
11200
14547
10663
3612
12483
10797
2386
9644
4019
7095
799
4221
10836
12849
5824
526
2664
1882
13295
10278
13189
11383
14254
14341
14333
12619
1118
2893
10191
4523
12680
10799
3521
10342
8413
8853
261
6089
5476
9824
7672
1312
5626
3841
3773
12446
8630
7546
8582
3308
6706
741
8259
6247
6215
14093
10845
2562
11524
11148
14140
7800
8406
6315
11418
7645
11944
3473
2770
11049
6204
7274
2589
9133
10243
2600
284
2518
2112
13439
1354
6470
5665
6139
4789
12694
942
13160
1577
4704
10197
14309
9074
384
690
3981
4796
11225
8413
4903
9761
12170
13751
1521
13600
9775
11365
13421
14248
8040
11674
8321
13746
4229
5232
2520
13714
4895
7894
10741
2660
5183
4249
137
829
11304
2571
4538
3962
9973
10200
4302
3988
8854
2750
492
7158
5145
13125
14555
6900
11649
8695
6078
13655
375
11489
8464
8686
10748
6842
11167
11985
9386
9470
6348
14249
11539
9872
6699
1057
1696
11548
3131
2095
5027
11126
11333
12501
5766
6211
11639
6834
11549
13072
10290
8421
7402
3651
10085
8317
289
13513
14032
12454
8450
3782
7338
1472
8497
13065
4168
10525
9817
5781
11430
14528
9863
2487
8772
4963
4133
14560
12146
12194
6625
1875
5414
4376
5766
5468
4466
9964
13099
6678
6636
8754
8960
12527
8778
10983
1170
387
13052
11857
7338
1949
2474
9627
10061
9418
2345
4886
9919
2946
10305
8942
4406
10795
2627
10506
1771
5096
6252
13997
11641
11685
12373
5407
5039
11751
10293
5332
13859
3524
5561
8127
3176
4232
4556
14024
7170
898
9034
8332
12503
2712
13507
10391
10758
3567
14095
5685
4772
1350
6394
969
248
12510
8929
11414
10715
13121
9077
3756
13471
1695
7698
4819
4593
6425
8589
7344
10056
8993
1480
9695
9206
9181
8359
12495
11307
3925
9812
10708
5554
8812
5799
5740
12398
12918
3210
7302
11469
10172
10056
8904
5156
1226
7486
2652
8858
13086
1511
3535
14085
7352
785
9556
14000
9484
10710
4214
3959
3450
10458
20
12774
6726
5011
5190
5060
13226
12940
5351
1106
1217
13199
2347
12663
3552
12410
429
8082
12537
10483
11841
4871
12592
14387
3836
10697
7303
11865
1442
13285
11804
10610
107
9997
1093
11919
4437
12154
12540
10949
742
9535
136
5983
2309
12929
8402
758
8888
13367
5412
1722
1203
10795
12612
12081
7171
137
10426
628
13251
3032
11443
7097
7664
2049
10401
12749
12327
6509
12727
14002
12150
823
7196
10133
5986
3842
5781
6497
4706
2133
3541
910
9422
525
3941
14030
13327
4144
859
4856
434
7045
4137
5585
680
9468
649
1228
9338
14313
3358
7100
2403
7291
9278
14120
13671
8644
7570
8423
11422
470
4682
691
3618
7822
3215
6886
5131
11848
13018
1181
7738
3014
1812
1572
5091
8541
2358
7442
13442
5395
6628
9316
14303
3437
5839
4438
11435
9949
13314
8521
324
3143
782
10069
6807
8866
8739
4252
7220
6466
8592
4420
13414
73
2231
12166
8346
8820
3575
9674
4259
208
48
13959
2415
3931
9258
1989
9420
3765
11538
7068
11888
6321
1525
10031
9184
563
9982
11879
8522
6559
652
13061
5625
13086
2440
6824
13728
13916
2706
3154
11966
3262
2108
3958
4655
870
8562
8415
4701
10437
997
14356
7631
8485
7373
4882
12426
9195
575
8136
11618
4049
1133
11973
13542
7844
14451
1128
9391
662
13938
7874
8941
5848
3952
3839
11111
14160
8675
4454
12514
6339
8212
12506
6901
1285
10243
25
10343
1354
4789
9718
1265
2016
14185
3449
6422
2491
5924
1613
428
9440
8325
8140
3040
1040
11657
996
4924
6413
6837
12338
423
10211
2475
11088
7708
14333
12616
811
605
7032
13656
10989
12275
8333
10315
11703
13435
11400
11703
4499
13204
7866
14199
8598
1693
9562
1687
13600
9275
7420
9843
1883
12583
14434
13119
3165
5730
6940
9058
13966
8230
7052
13631
10453
11855
3041
4209
13932
6396
5387
13217
2726
5390
9614
1463
13753
11407
11574
1028
2796
13591
1751
10683
7962
822
3714
5063
12263
7199
7207
6620
896
11025
12402
14073
2484
1281
220
9803
12780
5150
12228
7086
9897
6656
8784
1858
12429
6985
5270
1177
6809
9141
3724
4525
3422
7984
4376
2393
13309
9977
6004
12946
11210
70
10136
9339
12801
12912
3115
13608
9116
5954
7320
7456
10798
9278
3371
14148
1211
6443
1300
4200
9775
2685
2452
6209
8822
1972
4996
9
14124
12716
8029
12933
8559
4854
312
14301
12429
391
2040
12270
1248
774
972
9748
1884
14454
873
7839
9209
5730
10833
10330
3770
9054
3926
10436
14015
413
12881
651
10309
12147
5716
1043
13226
10332
903
5268
3027
13323
1930
12984
8542
13868
3209
10504
10203
6476
6722
14369
10000
10202
5752
11059
7066
5235
11408
8639
6041
13560
2040
10619
6901
9698
3532
9755
12989
1529
10902
13989
446
11389
9722
14445
13789
14050
2585
13203
12788
7621
4729
11894
11410
14030
7636
9972
514
12813
14402
3687
9772
2471
11644
12051
5456
3034
11049
11579
3339
5992
9630
3279
2122
319
4776
8787
5118
10892
2426
2270
5204
13727
3475
4672
12574
11951
12267
10332
5205
12617
6909
12326
14102
9238
6394
7513
11423
7286
8893
11771
56
2758
7904
11369
9848
4465
2053
402
4455
11842
14582
13635
4360
10807
3959
1001
9347
7950
12559
2985
5927
14177
7056
2042
8375
13921
959
14110
11760
6938
13809
1330
11579
10020
10546
7700
3644
11865
8845
6059
12545
6323
12845
1472
8731
3896
7377
9839
12299
3428
1937
11096
6950
11758
9853
4049
2248
9951
5542
3412
4891
335
9660
3805
9321
11075
11974
988
5219
13351
2957
2739
6729
11283
2491
1622
3393
3177
5229
11040
2776
12904
10525
12519
13181
12751
10596
7698
8296
386
2584
3175
13708
9482
3660
9371
7679
12432
178
12829
8974
8438
9426
666
12576
9268
9999
13863
13746
7473
3005
11701
13313
6310
6311
7188
4069
357
13341
10505
1368
3190
2327
12747
11590
6057
18
7386
1475
3050
3068
9460
9890
9335
10732
8319
4984
7411
13338
9494
5953
5445
731
1945
677
13322
6646
8706
8060
5085
1911
8474
948
4355
2052
1100
2300
3936
13042
10330
14466
13510
3360
4580
11
1019
2005
11634
12537
13274
11019
6059
5707
9686
11039
6676
12693
4037
13829
328
7171
5502
12069
3958
3915
5811
4127
10997
11279
13433
13864
12242
5335
3436
10912
13285
9903
14192
10892
1719
11343
33
1074
1184
14549
7915
1300
7992
8979
10723
14195
6683
9279
4957
13137
8364
13834
3084
12610
11745
6616
11182
9786
1267
13559
5191
11632
13118
6041
6296
14373
7648
5559
13963
10649
10754
1815
3599
644
7754
11832
3073
1364
3526
4424
8709
9889
13557
487
10487
990
5316
1328
14448
14444
6616
5012
10671
1371
14342
12868
11084
4632
3842
2834
9347
13893
3151
6193
8214
10225
1627
9151
11244
8605
11250
2521
9689
1995
9946
5113
10264
5472
1757
11194
3490
1523
11769
8009
3920
1068
11874
1501
3984
2102
4668
10653
4194
2059
13191
11513
14483
8048
10163
12596
9790
13758
11809
2648
4806
5659
1632
4226
14559
11372
9882
59
8292
14217
4913
9251
2206
3383
5831
2527
14192
7342
8922
9507
14099
4531
1652
627
8061
417
5350
10049
2678
12926
4441
8692
5116
1502
6981
12376
10018
2549
12177
5667
10252
881
12037
4131
7875
12157
13928
8879
2089
7351
2613
5768
3638
6377
4882
12359
3468
6721
172
1228
7024
14289
9748
4066
825
1062
11890
3266
1421
4110
2055
13843
3209
6121
13500
12054
9257
9381
13849
13734
8764
11957
7197
7880
3134
10777
11506
12082
7347
8646
8340
12803
4984
5187
13197
7215
2561
9206
7029
9517
9333
4074
3078
10068
13153
5291
11401
1280
8743
13240
7490
1611
12356
3089
8820
4890
1777
12589
7098
5746
2610
6275
6659
3912
12803
9069
8192
7267
942
61
5642
6489
8409
8296
13289
6033
13312
4381
12328
11794
2321
4361
12840
11666
9814
5590
900
5276
13528
1442
2081
898
3648
9813
3944
3450
3056
66
6294
12007
12447
12077
12354
10377
5748
1788
1880
1225
12491
4433
1724
254
96
3906
12991
5922
1203
5935
12787
9549
4501
3374
4528
5531
2025
8714
1256
11997
14066
6522
6020
12401
12223
11525
9393
2140
3948
215
14014
10408
5367
11332
10930
7749
11189
8171
12591
7294
13980
6233
7629
5362
5164
13485
6078
2348
6747
4024
14024
1189
6449
295
6796
3423
4157
5398
4085
13434
3420
5240
8033
13919
10189
12537
1092
13081
8968
2730
5914
3223
1548
13487
14042
14257
6692
7862
14364
14210
8754
14340
1328
676
3370
4410
6525
11364
4283
14442
9520
689
8362
447
3108
11855
7924
12631
2165
9598
7399
4418
7733
12413
2119
3703
11173
4285
6518
10750
11772
6950
7666
12648
11943
10207
3374
14439
9388
1494
13764
11324
14590
10443
10551
9732
10823
10520
2959
8441
7051
8099
785
4194
7173
10444
6285
5149
1789
5237
1225
13470
2008
4615
9653
3061
13668
4030
6497
4310
1516
10962
6515
10314
4936
441
2046
12516
5821
13840
6929
991
7873
13943
7274
12722
7414
6905
7924
9856
4323
844
1615
3719
14303
7228
1439
10822
10645
1516
4477
3293
7730
10131
3505
11080
658
13545
12346
8198
14363
14489
4105
6420
665
8555
13823
14266
9577
10775
9335
2894
5326
11859
2921
7683
9240
10988
1191
7189
2657
9977
13932
6943
8723
12036
5888
12240
879
2325
4323
7745
2575
2670
13852
1415
14323
2384
13871
12182
12659
13744
5720
4691
14043
8925
12968
13220
13505
7145
6035
6946
10038
1876
3994
1476
13591
13784
3351
6233
6160
11020
13773
4819
8406
11514
5634
6823
8155
647
2280
7666
10506
7114
11884
875
6366
3431
10690
3098
8996
2779
317
11526
2617
9631
13405
12943
404
2139
14469
10776
14258
10096
9312
7339
7178
9105
3540
4156
10606
10928
10193
2848
10947
7590
6391
11306
3740
9750
8210
9594
5813
13382
5160
12972
606
3751
12607
1858
655
14064
5106
11636
8266
12428
13495
6253
7366
3520
1272
245
12625
12442
12515
13647
11577
7401
13237
4081
6103
11396
1916
9757
11616
4124
9605
2283
5034
7127
13084
4307
4895
11142
534
6181
10919
8345
8195
7180
3172
13696
1990
6975
4021
10825
7634
10029
8763
6326
11491
8127
5717
2487
1313
4219
2023
13248
4771
4554
11521
3964
6949
2918
609
8107
12193
4669
11418
7112
10834
7673
10345
7429
13994
3917
4638
8010
14563
6853
5712
5782
3728
12840
3921
4338
12408
5643
4825
6847
12879
12883
4245
12488
12229
8817
8285
7229
181
9170
2682
4942
9541
243
12139
7972
4869
2830
10
2026
9691
13152
14235
289
10565
3325
7754
10229
11022
921
13488
13578
10141
10799
6340
13673
10116
5854
7064
323
8640
10064
9389
2127
10227
9964
30
6378
7643
1889
3853
5426
2401
13647
12846
8289
4493
3741
11578
3352
7123
3941
5564
6171
6256
6301
5652
8444
1273
11688
5276
6907
1111
565
9027
7620
10562
1887
2600
4245
3180
2024
10312
3972
4995
8842
11917
13969
2416
9360
9654
7875
13630
2632
12073
8505
10704
10696
4374
6510
2314
13125
8260
2446
5241
9832
8107
13273
8484
3698
12794
3558
1835
2527
2162
3262
13389
6545
2847
10023
1381
4925
8951
8699
4436
13235
5762
1667
2664
7535
12556
11717
8433
8334
10330
1389
8942
4832
4325
2612
12313
2945
7040
12502
13647
13992
4428
9442
3286
13473
5937
10266
617
3039
2423
3511
10834
13840
13605
1669
11652
4986
10121
1287
10545
14489
1858
8529
5672
3595
8140
10848
5566
4131
8661
4992
4964
429
2865
932
7150
2452
7358
2642
6823
2632
12409
45
5457
13018
10037
12484
11486
11081
1646
11113
5567
8933
5218
1865
13919
5574
9676
12949
209
146
13111
1622
11088
4953
9328
75
14210
12033
7938
2232
540
13480
6880
6704
12259
12728
5949
3081
14592
12915
375
3618
2231
5766
283
3170
3532
7199
6521
10121
3342
10930
191
1382
11613
1413
6566
9023
287
6635
1192
3518
8239
985
11779
832
3210
12581
6510
9935
12830
7633
7257
12648
13103
8660
10363
1337
2265
4653
6254
9700
8735
5026
11223
9708
1479
9773
3536
8799
13933
2033
6256
4085
1206
4856
11159
9367
6015
1143
437
493
545
8407
11055
7444
1039
4605
11189
5776
6798
7345
1377
4812
5728
1708
4325
941
8419
297
8760
2296
5837
7230
12374
12468
163
7353
2220
6923
4833
10481
3931
4459
4593
7548
13546
14577
273
12625
7159
14092
4030
7255
994
3797
12448
10332
14213
1116
7193
9835
13374
6623
1030
8744
9650
11221
8488
2628
10740
2528
14268
5089
10980
3074
9405
1762
1708
8420
8773
8675
794
2532
1247
5475
1967
9443
14079
11924
6964
9787
221
12545
13043
11113
186
3829
2201
14304
7683
13607
11586
8290
9375
12810
4803
14158
6114
9020
11869
14100
8798
8497
9675
208
7326
7031
6760
7776
5505
8090
8099
1561
952
13497
7062
5838
10140
11768
10388
694
6789
7992
9776
6296
5358
6046
3818
938
4189
10803
8263
3592
10675
12165
7637
11536
13177
12395
14328
11395
12196
9557
14034
7022
14587
5724
1626
4932
3322
8534
10281
2257
7190
4448
9798
4260
10656
1044
7888
9832
11141
8784
1077
6382
2357
4901
2363
581
13298
7821
6916
13511
9199
9548
12005
12982
13244
11737
12554
1033
9379
1881
2061
8978
11053
8674
3785
7293
4693
14086
7993
7535
10360
422
438
12722
12538
8308
13589
3873
2282
11701
14543
1305
10114
408
13301
9530
1141
8080
14535
8294
2383
4057
11384
7672
3902
10310
1800
1185
13802
876
9048
6594
3783
13156
5550
2599
1526
7431
9249
7440
10337
4325
3406
9347
6858
5641
5915
3358
11844
8552
7043
588
9550
10571
966
7796
887
9747
92
7717
9258
13996
6937
7697
10016
12587
9834
2294
6209
4388
10476
4024
14130
11949
10161
13869
8152
14090
7084
11298
14262
3728
5123
11125
1189
11297
9685
10307
4010
41
11498
13373
3059
5202
4275
11994
517
230
14310
4858
14057
6934
13997
6430
8054
7696
13217
3329
11018
3332
4405
1988
12523
13086
7432
6617
4667
8952
9144
4260
4222
2226
433
2305
14341
4350
11054
11908
5935
12944
2358
6985
5062
11245
13355
916
147
9582
1178
5010
8471
11528
11398
12006
8460
7581
10627
12951
5095
6141
8392
281
4123
6705
5537
9347
8794
4747
1990
3493
10916
11188
3507
4315
9436
3770
7892
14103
3961
9606
4829
2583
5925
7989
2669
229
5305
9626
12985
11339
1982
788
14556
13432
6490
4596
4635
2623
2472
3789
4943
9484
9669
370
1554
1603
517
10061
13548
4008
6624
11315
2122
4436
11759
5605
5501
8679
2942
3896
1632
11671
3901
3104
12714
2583
10773
7788
1994
9410
6890
2483
13006
2728
6124
10058
13243
3823
8904
9874
7820
14121
2897
566
8718
6022
5850
7105
13965
632
8320
14453
10688
6766
5269
881
3470
5155
3607
1449
7532
8324
3581
7987
1449
7510
10061
9376
6401
12738
13657
2356
12789
5780
1931
6907
12553
13915
1183
9805
2972
4175
12758
3436
1712
8072
5283
612
7360
10577
1829
9400
5837
2192
11411
9804
8472
3674
1847
2454
10788
4331
14543
9419
11901
8317
12246
7996
4431
2682
2888
929
5350
8132
1088
9408
4238
4858
3566
8234
8434
7245
6133
8833
1899
2397
10875
6205
6
1907
10861
989
2274
364
10840
6366
14405
6630
93
3129
2286
2042
4254
2140
1599
13210
5852
2250
8221
11235
3749
10006
5075
10616
7059
3216
8411
726
5011
10575
2034
6650
470
9049
14322
12536
12173
5714
7835
1331
11853
13374
7407
11781
7324
12307
8554
1202
7589
12853
3280
9547
3249
7495
7327
10834
10445
13117
9794
13618
10206
8586
7140
10036
9640
6888
12559
5461
12096
11812
2821
8494
5956
5636
11541
13563
4631
11904
7156
8736
12183
14469
12854
1890
10328
13716
9465
7813
10444
3564
9272
11718
662
4938
11245
2166
12283
12850
5462
4930
7763
10693
12770
14509
9115
5916
426
1240
6742
4438
6254
9238
742
10391
5247
9948
6781
4773
2908
14018
1944
8751
6403
13633
13587
4138
3086
13970
12079
2325
11734
5441
13882
8829
7176
9494
10338
8498
2418
13678
5709
1028
3449
4405
4603
5301
2746
6690
467
8709
3397
10414
7699
5857
9228
14145
6464
1025
12307
6751
9425
9367
13382
2463
10788
8602
9165
2047
7336
10652
8908
11780
860
6926
12703
2346
4822
13714
13608
7276
4504
5839
2367
10159
9348
13845
6826
6524
8185
8238
10778
3559
1078
9246
5524
14066
13494
5471
10266
7586
4317
3020
11475
10156
12588
1926
9921
9700
12169
7701
7733
269
12877
13917
5408
9799
13894
2599
10355
2431
8118
3914
13741
7928
6081
11243
11497
9439
9731
9819
6697
11260
1721
5089
7225
11839
5989
2497
4305
9934
7393
14209
13605
7028
6178
9160
5249
8066
9223
8513
12143
2298
6763
3497
5044
12439
7350
9816
10526
11978
9720
7540
233
13489
11805
10584
13161
565
13134
3461
9116
10410
14170
266
13700
12564
13312
3005
6459
12687
5714
10892
4865
9099
13046
9243
6796
9089
14399
10422
9865
5985
4585
350
297
12840
8424
3595
9545
11534
8197
11598
7994
1584
9699
8731
2916
12958
7583
2475
6639
3930
10488
10952
8062
3877
14150
8742
2460
9047
7312
8502
12488
6338
10115
2938
1935
13552
13501
7530
7335
4200
2029
11743
24
7260
1691
132
1369
10840
6566
7004
7345
10757
407
12706
4223
12420
10310
11149
6357
14346
6794
6808
10121
5646
10982
2650
10983
7870
13104
354
3760
9219
10786
9850
7242
9908
279
2
6924
3755
3235
4886
57
1752
450
2836
2436
12511
8335
12054
9706
2095
5957
393
12425
11940
4235
11435
10350
2793
1974
6060
7136
11860
12740
7224
9793
10093
536
8087
6687
7949
7274
2765
11315
439
14122
8016
2808
6911
3335
12275
6260
10706
6862
13173
13580
5731
607
14155
8833
1304
2164
5010
6739
9818
1236
5087
13932
1472
10898
4312
8224
68
10644
6254
8368
224
12742
13270
12445
12347
3777
6058
10255
11946
246
2802
12479
10352
6730
10435
8322
6544
3433
5411
14578
4504
12277
10789
7365
7033
6460
11169
9526
7098
747
12450
11802
8868
14536
2562
7060
10898
9015
6077
8354
8801
2123
7779
6812
7984
3096
10866
11747
12802
2686
2070
9145
12298
14347
12381
9611
3262
1753
13277
11222
6739
9440
10304
12487
13070
13330
7862
3103
1004
9557
6832
8756
4900
9277
7022
2421
5000
578
4114
8980
10727
1912
13975
7115
74
10271
8503
816
12699
4513
9435
829
5647
3403
7550
11273
3872
10977
11008
8633
13606
12345
10867
12232
10731
10229
5356
3562
14206
1388
4306
2127
12330
12322
7490
2728
9994
6291
12234
3215
5254
13625
11022
9757
12502
8811
5856
10336
3047
5489
11569
3449
8705
2055
3466
14003
463
8529
10833
3062
11147
7888
7429
1316
13115
10929
8030
2309
13353
12656
11673
1936
6724
3217
10349
9799
2387
6984
3273
10751
12462
12172
6791
11614
14073
4367
13218
13802
5836
2915
4833
318
11004
4095
14368
8634
6447
13457
9328
6996
6545
11406
6693
5633
7043
10735
3569
12028
13482
494
3883
10236
12086
4999
7241
12332
6871
6457
12357
13573
13992
11818
9890
3578
12123
10918
11789
5121
11897
3422
7759
12171
11675
1034
7166
9601
1534
7442
12512
5671
2470
5946
8015
13478
1451
2480
6199
10781
13273
222
10153
1021
2058
7266
8500
12822
13567
6902
373
2238
11528
9657
8116
14023
14411
1288
12245
7901
2936
13343
6774
11221
2652
7287
1543
12312
4020
6214
7429
12647
5109
4453
4755
7528
12144
5631
7563
1300
6293
1550
4625
13658
10692
12673
14337
10375
8085
3079
5737
3915
10801
2027
12408
3785
3073
2903
4402
1049
10041
10159
3495
1503
7775
12447
4438
1767
11264
12567
9490
3592
5886
12760
12051
6265
4048
13335
5300
3586
1783
13862
3328
2651
2241
10611
9163
3898
3405
6901
4895
6119
7059
8613
3224
13133
14020
9771
11901
9837
13051
5583
5424
11090
13512
5330
14190
12168
2602
4244
5281
8888
13469
5201
1755
3992
10916
4755
10078
5990
6197
4894
371
13734
10432
8654
13401
13066
9404
12759
12386
5790
181
10530
13033
2697
13182
4684
4594
4784
4992
10614
979
7793
2387
13214
7700
2223
4586
3423
8987
8560
13058
9057
13711
11555
13718
14485
14566
12921
11412
9414
6553
3877
56
8378
6369
365
8676
9440
1118
13926
7309
10989
10890
13130
2144
5024
12546
5702
12648
2842
6610
3290
9389
2345
294
14087
13901
5956
4210
14409
9706
3026
4771
5080
2786
5266
2933
10302
9818
13258
4518
11362
9690
9126
10337
3601
6294
11890
474
3916
9341
5938
4997
10321
13207
1637
1992
5286
4358
5163
12726
8104
14041
12551
12932
7644
1141
8282
13449
12578
12400
1582
12587
1104
9905
5737
10543
13162
11617
12487
5935
8783
11136
11308
6158
12241
10061
9507
8005
10512
10845
7259
8393
6360
6562
12645
12054
5938
7760
6721
5745
2203
3150
982
6959
5893
11840
639
4759
2456
6697
12603
4094
5220
13785
6702
2514
8242
13747
999
13378
6238
5859
6982
901
12432
9900
4898
12530
2512
8554
557
13387
3504
8350
4562
2377
12896
14483
1515
5149
11487
10269
3752
6089
3515
4910
4745
7958
249
5816
12558
2809
5308
13264
627
12909
9882
14073
2100
2854
10101
12756
12916
13341
13992
12874
5196
10469
5677
10139
10379
2525
8411
3836
13727
6474
2491
8110
13039
1226
3532
906
9064
14385
8366
398
7711
14215
4591
14521
5353
6137
6987
10990
11449
9973
2081
2309
7975
6963
4540
11512
8133
13862
7462
7266
9753
3963
2135
9725
8889
191
12018
10667
6393
13261
7828
3165
955
5867
11752
13459
12469
9136
9372
13437
2348
7594
8901
1870
4687
789
3050
14310
13439
9696
12391
5393
1524
6800
2318
2394
7981
13220
5298
12924
10700
8405
2545
7420
12484
205
8528
6460
14248
12796
14577
3531
1925
5556
1798
7049
364
11343
3546
10635
3928
14309
7742
11052
1563
7015
10183
6384
4181
318
3787
1593
9543
10652
2047
9512
8717
11068
9726
9703
12981
8773
9536
1385
2117
5491
10540
7631
3302
11030
3741
11928
4180
14381
5514
2279
5984
11890
10039
6678
13968
4056
7944
5953
6797
14199
4502
11886
8909
215
7210
4824
1941
14276
5114
3940
12389
2276
10946
3852
2473
11743
1292
9992
2979
5032
3125
4
7190
4331
4865
12574
9850
11253
6432
6376
13064
4546
276
3791
2764
7197
5256
11465
7325
2770
3778
13685
13656
4298
5733
9206
12117
3073
13497
4277
5334
12642
3908
12463
13988
9180
1575
11704
3158
4086
454
3120
13713
5382
2368
4760
1088
5920
2288
11
1208
13304
10331
9880
10173
2052
4272
7338
14277
9704
6254
4305
8209
3572
11435
4577
8285
9818
8900
11548
2665
8129
801
9673
4822
3051
10177
8522
2858
8454
1665
10955
1063
5319
14129
11673
12855
13714
571
6886
6823
11687
4204
12905
8159
8017
1230
7219
5040
11613
7952
626
10021
14060
9033
146
8192
2507
9379
12300
6572
12488
7758
9680
10808
11356
14555
3724
3353
6182
10931
2320
10381
4283
7532
3474
4964
7612
377
9552
221
4794
10326
7051
12085
9248
5670
638
14265
9747
10354
297
11257
10990
8806
8441
3834
12606
535
11219
3580
6791
9552
12720
12549
13179
8003
10450
2730
8194
2841
3788
1939
287
10840
7279
14412
4536
6514
7110
5517
5439
4834
3231
4800
1119
281
8063
14281
609
349
13995
13689
10400
10176
6027
5520
13599
3847
9742
6597
11671
12547
10134
14382
9100
13248
3351
5411
8367
8033
12358
3930
654
7487
5975
5234
10274
4028
12282
3495
10853
14500
11683
8460
8818
9761
3723
12043
6463
13078
212
10038
10938
7579
12870
11433
920
13046
2718
11170
3132
5790
7591
7526
14342
1526
4362
10881
7927
2575
7490
2312
2696
9385
4019
8397
67
12097
2277
13973
2184
768
13464
5363
12710
5732
9693
6322
3620
11491
2125
4393
12100
2412
2394
3181
8232
5858
10758
11517
4642
10053
7105
11198
1238
10702
11240
9633
3509
3819
8984
12135
10158
14031
1788
1165
70
8139
4318
13366
971
12340
5883
2555
11101
14438
4002
6031
2462
9042
7607
4006
8494
1337
10574
9710
13781
1448
5065
1584
5706
9285
6370
11372
4512
11316
7535
7446
9730
4869
12054
4214
6238
10140
7881
2970
5916
995
7971
5968
2848
5669
365
12143
11498
4204
11237
9984
13664
8180
452
3335
9120
4069
7571
9966
8445
1855
9836
10685
6910
8176
14213
8971
7302
8190
8293
7790
172
986
11487
13907
11917
6603
3840
10697
646
3059
8956
2616
10991
11554
14528
6063
10783
1603
2428
5091
5533
8602
3784
1274
5656
3859
3719
4949
791
8687
13335
3944
7621
2494
5480
2892
5952
2340
4835
10244
9787
5054
2794
676
10769
4158
1656
2920
750
1590
8708
13607
12709
1092
7739
8020
4805
5519
9883
9164
1812
588
7814
13950
10811
289
13080
13656
14466
4611
2299
1825
7233
10715
13695
14103
51
53
11842
6695
8691
4472
6594
7894
1391
8509
7648
9698
8851
6424
8226
6749
14261
8419
10446
1826
7130
191
4442
11549
6907
9146
13302
10404
4283
11355
13468
3963
9170
4161
14041
11276
5203
10975
10346
10395
6555
8084
5030
5647
12456
13727
8962
13594
13825
82
7775
13305
12629
4278
1623
5098
12214
3608
9737
11660
2563
3711
11311
8032
5531
13490
11748
362
14260
12582
10382
9488
7286
126
4845
867
8944
8474
1891
14227
2641
4814
14310
2144
1597
7348
1652
2166
3103
14236
5485
7764
8185
13486
8814
4778
13503
4130
4559
1566
1347
2428
906
268
7870
10649
9788
3035
6956
2518
12911
13012
7715
14235
8669
6710
4153
55
5354
11396
9623
10789
7227
10909
5503
11915
2369
3913
11925
9345
407
2225
12001
84
6300
936
7801
3841
7875
4237
11582
7023
14224
9635
6857
11080
5669
8325
13003
12259
6371
5552
3516
4060
11684
13035
6593
6635
2264
2303
10051
1322
11769
3682
2837
10047
12825
2650
12747
11614
802
1499
8274
2681
9749
2635
12434
11714
5918
6455
1831
9586
5499
8871
2900
9394
5918
3081
7996
13528
10930
5187
14226
3566
4671
11765
13470
12886
10667
2601
13630
9588
7552
1267
360
13311
8644
2166
105
10864
7210
4172
13823
861
997
6654
1118
13818
130
9452
5161
4150
7668
6518
12120
7904
11066
9873
9898
10577
6080
4511
10319
4724
13775
5166
14304
1129
5948
8033
6317
10655
8274
2828
6119
6908
12047
2943
1721
1014
13431
8113
2348
13508
2899
13142
5643
1872
7222
4611
10698
13731
11112
5299
14486
13601
13752
14588
9376
5455
12777
2543
7823
7351
193
2989
10865
5925
3252
6045
10780
13789
4878
4787
9700
638
4719
13539
12720
7864
9518
10201
11203
6012
10505
11830
1985
11756
2452
8103
6476
513
4697
454
3780
1995
3998
8715
5222
1726
4064
5782
7354
9027
4146
371
6611
6264
3071
8432
11170
12411
4667
11437
5718
12302
8628
10362
107
10027
12184
8663
12993
6109
11802
1689
3485
4516
10246
666
10593
7691
1413
2840
10910
6685
4883
3916
12555
10739
7115
8729
5075
139
3509
6845
9214
6934
944
4859
14408
834
8363
13195
5175
5630
7766
3412
8835
4464
4640
13236
11729
10117
868
5288
1580
7148
14481
8196
1171
12719
5144
4037
1913
14471
12766
2628
11301
5953
7190
13051
164
794
11958
3467
2260
8833
12479
1181
6812
4166
5446
12698
9862
2144
8171
9032
13360
11754
13119
6227
881
11544
4511
1189
12810
13381
6482
12400
7722
3634
1574
7924
4350
12817
6379
7305
10894
6631
3057
3236
444
5005
781
5602
9806
448
12079
7778
1998
4666
13886
4700
12260
6264
7715
13260
11334
2148
841
10420
751
6971
14120
9685
4267
10718
8677
3901
6183
1135
11092
720
8248
925
6098
9082
2724
2970
3693
7079
4152
7429
5523
6072
10958
4034
9130
12046
10461
7254
4454
13559
831
6370
13735
5630
1145
12843
1757
8012
842
811
4705
2902
12132
1659
9299
3638
961
13625
7344
12179
7082
14396
7461
4443
7687
12511
12227
10667
4730
9578
344
4347
7233
6319
3831
9059
13773
10296
508
8218
13154
10910
1991
11429
13063
1629
13186
10695
10154
9341
4505
12981
9990
6829
10741
3170
12177
11075
686
3
13030
8390
11383
12617
14282
7846
1779
7805
10602
13820
11619
10511
13410
6059
5550
6267
10053
3338
10021
322
5920
10738
2948
5996
6902
6487
13925
5107
8987
787
6787
2403
6989
10533
8647
3761
8610
7812
6896
105
9651
1464
1003
4914
9807
9269
2926
9196
7696
885
2448
11546
695
283
14321
1544
3920
11509
8870
13545
8618
9480
2871
11487
7689
7808
3023
8219
9886
1332
8640
1735
5557
4125
12917
5059
10988
9207
11757
8873
516
14439
11583
4553
10697
6154
7476
9294
8563
14320
10999
2374
10298
7406
8614
6652
7495
12668
7971
5064
5904
7595
3405
544
4285
4265
11246
11817
11593
8207
5882
3596
9198
4627
8233
13031
11254
4386
12120
11871
9026
11755
2344
1385
10824
6121
11479
10747
4578
11723
12452
2762
9392
3613
3659
6602
13037
10804
4074
12531
13344
3391
943
2629
3559
8040
13475
6163
11269
12557
5913
6517
1293
13636
5147
8444
13928
5291
8722
2993
8584
4176
10659
7479
4845
7335
6282
10215
2639
4325
7024
8618
527
12728
7917
4234
3895
7221
6548
65
2238
1101
7221
5178
2678
20
9074
8516
7247
3792
11178
11834
3715
5642
10702
13399
13656
12653
13118
1790
13456
201
10428
10949
4515
7788
10023
6172
7807
1728
2067
7002
10064
10819
3813
12223
11916
4361
12313
9624
7555
269
10461
3062
2212
14438
5214
14318
166
2287
12949
8620
8570
14047
4551
615
12077
6070
11106
8084
4145
8797
13315
6927
7580
10731
4808
7062
6520
5362
3019
10471
2176
5296
8662
11852
7982
5281
8347
4653
3327
580
233
8273
13599
10773
9256
12455
4125
13312
7929
2270
3976
6493
2289
6869
14112
1953
2613
12939
2507
8547
4322
1511
8578
4467
2773
12733
3159
4802
5167
10292
617
1646
5810
12176
12091
7318
40
3011
13890
1756
4215
8570
2649
11327
1002
75
7360
13566
12725
11566
11619
7506
1652
7600
8000
1877
5183
5560
9446
4105
10028
3167
12056
6526
7331
4786
6741
6883
2776
9685
9889
203
12038
11710
4339
759
7002
892
2123
6581
14401
14372
8999
11655
13440
2994
3165
10785
13107
9600
8476
5576
8973
12017
7239
9655
339
5876
13996
5805
13659
13500
12180
12932
1727
4188
4796
8331
7539
14434
6893
11194
6248
11346
14188
13903
8019
2663
14189
8383
7166
4278
230
3318
2814
4632
11917
6036
8502
14541
11820
8748
4584
484
10982
4231
14093
10538
7338
3311
7426
11644
2058
4716
269
2794
1899
14565
9049
1280
2330
1630
34
11048
4503
9212
13285
838
12392
10656
5801
12011
602
5510
7657
3202
12285
9179
14066
3647
12020
14304
13228
1453
8534
11169
5523
443
10806
7628
6386
1365
775
14280
9954
9756
2251
9379
707
7150
1721
1550
7872
3336
622
7521
6251
2536
4474
5861
9689
12173
9400
2414
2895
4795
5001
6757
4299
4982
405
7163
1592
2381
2652
4388
14274
9359
4976
10564
7202
1907
8231
2174
7272
7761
11208
9940
275
838
8043
7601
13995
8040
3278
12530
6519
8602
3396
11237
5054
8469
11273
12425
12523
2242
231
8798
4388
6896
10167
11635
150
7197
5306
1502
13996
2531
12439
14403
13204
14184
9607
10362
3893
8214
12054
6241
8568
13202
8835
802
13667
10427
12000
53
2032
9093
5884
9930
9256
3517
7073
2552
11157
7396
7907
2180
1071
914
14005
2643
11351
12097
10906
8872
933
5824
7232
5808
14534
11108
4172
2279
621
1057
13065
6495
7628
8504
1248
658
3831
11835
1394
12741
4161
10641
5959
6297
6642
580
8662
353
14077
9393
6904
11762
2077
5158
6136
1675
2259
3723
9450
9787
1537
4733
12011
1319
14066
5772
6746
2570
1535
11704
12428
9839
9330
12564
6183
6352
5301
7825
6205
1408
279
6633
12085
5395
8408
1047
12243
718
14308
1413
11712
13347
11460
1570
10712
8589
239
11126
14353
4129
5883
5472
3808
2540
2102
9201
12111
7812
4926
14063
4176
7910
10496
10805
1359
3629
9651
9279
5022
1704
4630
3513
4266
475
773
11950
6419
4392
937
1184
13222
1913
10544
2363
4746
8378
11965
2025
6078
11097
14548
5057
11739
13031
7749
3965
14552
2759
1690
4354
10719
6407
516
6206
10428
1654
6265
6536
2284
6018
5229
9253
9489
6456
12126
384
831
13122
13766
3464
8952
8359
8051
5415
11596
1047
5188
8059
9584
4800
10275
2957
2802
3022
14247
8703
1005
6088
12817
3047
7826
9377
8024
9083
4503
10449
10823
186
4607
14138
9021
14462
6105
7350
5816
8726
9286
11124
6437
4
3409
14077
11477
13493
1082
3102
4489
421
9438
14276
6406
10751
5039
14042
9873
13430
456
4942
14187
962
1757
11425
14556
1097
5604
8729
13399
4270
786
14004
13429
14405
8954
5011
8452
13878
7791
3226
12760
10487
9936
7871
8963
7811
8680
11130
9464
12941
14004
2627
4078
9390
1139
11830
810
14414
6405
12261
515
14167
4151
3498
5141
14470
10
9657
9524
12557
2414
13592
11680
11256
13727
4243
2714
10476
6322
11071
14550
6048
12083
4736
5963
10708
9892
7216
6538
1849
9694
3482
12353
5100
2749
1190
2874
800
9114
12737
2723
5434
5342
4749
4446
878
8102
9596
5479
1683
12000
497
14481
1816
13663
8001
43
13371
2233
4476
7309
2077
12492
841
11048
4355
8956
4211
1249
6895
10058
13845
6498
683
3219
4998
11811
3577
157
12547
10484
8692
12180
3355
3985
6181
1333
6104
10302
5916
9070
3108
8079
10192
2434
542
10473
7306
12455
7344
12596
466
8011
7559
146
6570
8187
14026
3992
1577
9010
8721
1373
13998
879
10222
3135
13287
11030
12001
7153
10426
10653
7998
2199
9998
691
96
845
8502
11722
10087
12980
9275
3211
868
10267
1075
8444
11831
653
5221
6602
14110
5818
8125
6022
8441
1311
13313
10323
2406
807
10622
12328
1568
4638
3180
13898
7456
6546
11756
11690
7874
293
1745
253
320
7262
12153
7471
12034
6711
11159
12889
13236
4230
14231
4322
2079
6672
10121
3955
2992
13716
7352
14077
14505
10399
10003
11680
2290
6534
7726
9823
2299
4465
14241
1515
14122
2997
3130
13941
604
7758
1521
386
1362
12548
12151
14091
13313
599
423
9963
11109
6568
4327
9130
6088
2823
9523
3692
11248
10876
6898
8404
13613
11847
10835
6415
12482
12638
9134
11453
8434
5841
5897
4811
1077
9406
13205
1615
430
7249
13821
3826
10327
9048
13139
5130
2476
7991
367
1993
513
11341
13837
13650
8831
11083
6774
4253
13838
11828
8766
6182
7362
9013
7356
12846
3718
10055
6433
14405
216
13177
1834
1544
13986
6523
5223
5970
6220
9405
10219
12829
1110
7428
2154
11832
12142
6712
5394
13063
7014
10284
2729
9869
7410
13901
673
3281
4046
12255
1858
13690
10271
5594
4441
3325
4827
9215
12093
3225
2769
9531
8841
6680
7817
13980
10401
1858
10805
7342
3730
4628
4122
11497
13085
12279
4900
13818
14082
5310
9423
72
3208
2797
1338
1433
14491
12331
1577
6877
11661
728
13982
10332
4734
14589
4852
10226
1439
13895
1128
11683
12512
2909
1766
9759
5796
7418
11732
11932
5501
3189
12921
3645
3747
11430
3744
9092
10868
3907
7855
6640
7612
13698
11046
10474
10900
11459
9772
9547
11448
5370
11588
1768
10954
9512
4009
11619
6378
13422
7131
11596
10633
14334
4258
7508
9431
11658
11410
5188
5692
9658
2192
3618
1118
13043
6566
2854
11238
980
5139
759
8192
13974
3006
14210
10241
8175
8912
11601
3588
10605
14528
7902
3393
534
7710
12600
8913
9828
12154
3335
1341
2330
11410
8509
12063
1495
14513
9882
7270
7829
5230
12705
2693
12666
8335
9402
11413
10772
235
1716
9040
6948
9521
3505
1277
10520
12299
7422
13667
4136
13842
2772
12347
1500
6793
10642
3053
2103
6625
1302
10624
2222
3183
7757
12759
4351
4614
884
10211
4113
4593
12231
7421
2865
251
5359
1570
1320
169
4821
3654
6640
710
863
236
6576
2554
3141
3323
11520
14110
13903
5549
7583
13968
3880
4685
8851
768
14270
11298
10003
6756
3034
2745
2077
8744
8555
6005
2972
13154
5228
5201
5642
13121
4990
4743
6907
1564
5615
13848
9557
8225
1183
4105
6779
85
2366
10126
8268
12111
790
7432
6553
3637
10195
13892
11304
3620
5506
10627
12351
14499
3576
13611
2319
6092
7907
12078
2525
3876
1267
7783
12716
8847
12363
3206
10916
10227
6143
6567
2378
13892
12366
6441
11198
13646
14397
1573
521
555
3985
13428
7665
11825
14212
9301
2558
4698
10303
9571
63
9578
12139
13942
12320
7022
1021
748
1117
10615
7565
5202
992
3807
9451
9301
4384
4406
9792
2505
7015
12938
4018
9799
5635
1697
541
1462
10169
2942
12033
10185
1230
14430
10772
7140
10344
10361
2373
11054
2989
2143
7215
6492
1882
10261
9716
13955
8295
11687
13361
7455
5889
8820
5689
6823
9970
2651
1997
5054
10639
10358
2052
3111
6020
3262
13967
1150
7937
3267
5445
1698
10595
11439
9219
11408
934
11495
114
590
1238
6488
11329
11117
11830
13728
1342
811
9910
235
12587
9493
4957
11197
3405
12672
1549
302
8770
551
2532
6320
2469
12358
10092
2786
14517
4257
1283
6824
3697
4539
8443
10197
3134
8301
11630
424
11974
10811
5496
9538
8660
10971
6701
424
12337
8516
13842
14411
14450
4712
4299
14202
3504
883
9697
7356
9856
9915
5610
6764
2914
663
2853
6770
2337
10529
4918
11537
9721
8553
13195
2494
4387
379
9338
12703
1818
960
14078
9752
14586
3942
6943
5635
13052
4285
1964
974
7699
12747
1043
6623
7275
12777
12475
4369
668
6681
9514
14131
975
1258
1276
12003
9772
10525
5375
1521
10937
2112
10759
4774
13448
5277
4727
2206
7459
9871
9391
91
6067
2265
51
6480
2087
13502
3757
11691
4009
10778
9123
2967
8259
10739
9770
13860
14282
7985
7421
11577
5102
868
12785
11234
7899
3537
6156
11163
4944
193
6250
734
7986
14122
6314
7549
1772
11349
9178
12449
362
9838
14083
7401
9067
4637
4576
12278
598
1448
10886
1779
9647
4574
6110
6413
2656
61
6063
10211
5141
7217
1007
2258
4431
6247
11222
169
153
49
8569
10962
10995
7387
4915
9920
885
14243
1425
14478
12346
7342
11184
4256
11052
6462
5933
5202
13337
710
12646
9200
6050
13066
9602
2672
7558
6487
3964
13740
7575
11184
239
8750
5145
6863
7470
2662
8898
10338
2575
12475
4702
11632
2924
3608
7124
5810
2192
13516
7644
9253
7010
9340
7304
8556
13212
2599
2311
4564
4779
1175
429
3542
6785
9265
1333
8329
1873
14459
13886
12972
5664
11572
13068
8356
182
8361
3100
9720
3212
13193
9725
5403
4481
1937
4915
8288
10714
12206
7842
6551
3817
4192
2796
1046
11082
13907
8366
11521
9145
802
9854
3070
12531
7904
7853
10397
10859
9897
31
12654
13844
1333
753
3308
5387
5764
4625
12774
2958
10443
10856
8518
6887
4372
1574
3096
4701
9660
2477
278
568
2983
5203
8327
3243
7410
10390
5472
5132
2456
346
888
7337
5468
996
3141
14447
6958
12968
2432
4124
9833
6282
12359
2075
9927
5904
11117
8045
7819
2154
7606
13703
14233
6874
14346
7398
5240
5576
2268
503
7951
10024
13088
11521
12200
8614
8278
14397
2203
5324
13102
1824
12649
10598
10165
1386
13213
7848
9502
106
2868
11891
2998
3555
2421
2760
7744
401
4519
7334
4688
2897
4340
12373
9897
3446
1435
12147
1077
8793
482
10554
2331
5359
14297
6982
6596
4418
5330
12100
13947
7606
4192
6471
9591
2089
7126
4958
1863
456
12690
9216
5498
3703
7520
5839
5775
7967
13632
7109
895
5978
4564
12467
10220
8368
5269
1195
3329
587
12949
4075
5101
10019
12853
1803
12954
14335
4549
7141
2305
8629
14410
655
1183
4589
2918
2604
5687
2096
2093
12116
1790
13278
9534
10211
7300
11030
11575
11807
83
12644
215
2975
13579
2723
1
10215
1849
89
4242
6816
13910
5207
3796
9046
9275
13993
512
8164
7182
1797
12303
4952
3485
10269
9066
900
12615
10285
16
14383
592
11500
11859
5327
6162
12134
12596
4410
11080
12311
13656
5125
7050
8888
9066
11296
3592
13145
2159
6498
13872
13653
9339
2338
13449
9981
12348
11248
1079
11280
2123
8228
4459
9783
2833
4085
14231
9113
6200
1216
7736
7137
11950
346
1066
3904
9481
7616
8384
11332
8132
8883
5887
6558
715
3668
13065
2935
14104
2982
12166
4837
4213
12718
10981
6707
168
4878
10519
8251
9759
2985
9212
13508
1782
2989
13387
14351
10359
7478
11120
2046
11554
6650
10964
5468
12362
6437
11794
6675
10197
5979
3704
4830
8833
2007
1388
2353
13105
4684
1065
13472
2730
4760
1358
591
1938
5678
587
3462
10560
1329
6095
2167
13914
7865
10687
11198
699
8447
8636
12071
6957
6370
1996
7060
3978
1425
10647
2389
1986
5899
12638
4200
9363
4249
11990
13998
2038
12622
936
9969
6097
14440
6115
13516
6362
10779
2723
8008
7131
8233
7786
7168
11449
2011
10248
4963
4873
14076
5634
8075
1627
13676
1232
10121
11117
7424
627
5367
9417
4564
691
12927
5118
6654
9375
1891
14473
7007
198
29
10312
12372
8770
2393
14048
2287
12540
1683
11546
749
14459
12115
10753
3905
1019
5169
730
1536
11509
13554
11885
11681
13569
31
7574
4291
11840
12933
12787
14305
4615
5804
3445
9439
13614
3767
532
14564
9728
6821
11011
2476
7989
4462
5644
11165
6727
363
1137
8301
855
12458
6181
2983
10358
376
13201
3909
1068
11315
9683
578
2592
313
9750
14352
11056
4806
11669
11788
5571
9822
8069
9300
6500
5340
6755
4330
9395
14327
4166
4538
11115
9357
1381
4018
6988
280
5804
4211
12724
4821
6767
2501
5259
7529
13147
8331
6178
7344
13067
290
6402
9190
2773
909
7186
2300
9732
9700
4402
4109
423
5480
2286
5605
7463
11700
10254
11870
8003
1696
10030
9019
8032
5747
13691
6937
8092
467
6113
5703
5657
1833
7711
13976
13975
3980
14136
10421
478
11492
9887
11831
4993
3377
10169
3448
2511
13661
12752
8429
12008
5601
2196
6393
11703
702
5304
13301
1642
2671
6
6394
6996
13294
2025
254
5816
3670
8366
3067
13229
3287
13610
5142
1332
10072
13588
4809
14536
13634
3641
2461
6249
10732
11172
13142
1533
6152
1302
874
4666
6621
11252
12669
11807
8033
10498
2369
2772
1975
3477
3537
5945
3773
11398
7859
5921
8112
3087
4287
3392
13664
12156
312
925
61
8939
10666
9443
8986
5033
10290
5386
8484
12244
13412
12251
1224
3421
12939
1579
8404
11364
7977
1983
5174
5533
6453
7011
2674
6348
8797
2363
8032
4497
12988
11097
3771
13046
6895
2163
7982
286
7269
14246
1684
8820
4987
13012
9850
11938
2972
4620
2632
4318
2442
14054
12653
13691
3291
5744
4988
5975
1904
11985
12156
4784
9244
12965
2668
8767
11335
8140
13054
11883
14442
7425
7915
229
12605
3402
14397
372
9408
1471
12192
7786
9900
3565
719
9084
13703
8957
1728
13602
7112
4246
5286
9549
10287
14365
5668
4451
711
3675
2286
7881
3252
13127
8015
12938
1712
11455
11534
3598
2414
11951
7984
11630
4818
8719
9494
11128
199
875
2429
10071
360
12573
8533
8761
13006
74
3094
5136
12237
7645
14177
10988
10199
2393
9596
3538
3416
8939
184
12676
13814
962
7686
482
14502
5201
8330
3895
14278
13340
11916
4112
9056
112
5132
14524
1897
6092
13257
10360
1244
11072
12214
10438
4883
7037
12851
13785
12999
2441
11547
5182
12011
3583
2942
13640
6279
8598
7820
1694
11809
2558
9089
548
12874
4458
14023
10335
2668
7570
4432
6117
8144
14446
7654
3977
13300
13733
9416
11059
14383
10993
1874
3707
6215
9441
12122
7337
5868
736
8387
5286
1460
7060
1376
9813
12043
11731
207
12894
14389
12112
11313
1861
2092
9756
7202
11253
7735
4149
8739
501
3535
4487
12086
9661
6600
40
12656
7047
6522
10218
6226
12137
5537
5776
10695
2200
3305
3012
204
12600
3463
5381
9859
7906
11902
3496
5704
12376
8247
8609
13742
2158
8288
6141
12900
3007
4065
13225
4391
5333
13537
13067
746
6833
5100
11072
5457
4345
1514
4011
6909
9057
1211
11224
2475
11437
644
5269
8416
13478
13556
4775
4073
13256
603
3303
13048
8982
13382
6904
11218
7739
3797
12932
14581
13078
2003
9548
2890
7835
11376
866
7802
11810
9550
3427
5865
653
8737
13895
9347
13776
11279
4704
5650
12432
6221
2927
11249
11373
59
11875
3600
399
14213
1153
14589
7613
11522
4258
2849
8408
338
8096
8650
7701
583
5541
5467
9465
4990
1215
13735
9174
8279
3162
9448
4708
525
13222
9152
2896
13103
12160
4090
7028
5992
1436
8843
6944
7143
11645
838
1724
11584
1778
9144
3347
6575
12563
6975
11439
1060
4310
5847
8437
13882
9971
6014
6541
5555
9320
8837
14210
4247
12853
7923
2591
6554
14359
13488
12624
11664
2775
2836
11762
2279
9383
8489
6428
13268
10744
4029
7324
12345
9926
3044
10162
2735
5962
1217
4367
13330
441
7123
13213
1273
1959
2370
8005
14265
6781
587
4943
5367
1177
10130
4163
3933
6985
13426
3912
11336
4113
2367
3449
5172
2288
2450
8576
14122
11188
10490
5148
9990
12609
4916
4043
5656
7685
456
10346
529
5031
5196
10447
2639
14393
8421
13562
13178
3553
11539
6404
10398
6034
10360
12045
12939
8015
2306
6809
13528
7085
5521
9594
9604
2871
1845
2335
5789
7902
11118
11172
539
6025
11253
2632
14471
8830
1721
10467
8942
9912
10187
6050
8930
2641
10862
6900
5019
5440
14481
2475
6829
3781
2328
13726
4658
6037
4392
38
4111
1491
5196
8045
8874
1958
11772
6818
2730
4293
12373
14170
9463
8167
5850
14500
4313
4397
9195
4881
8365
8581
14397
13596
8736
11872
6774
6071
4146
8044
3851
10577
11091
14005
4679
717
3857
3762
1795
4337
8395
2414
5238
9801
12928
12629
1250
4805
4845
2291
10213
5994
4974
4709
12943
8057
9290
9797
10419
11042
1997
5102
9869
655
14144
14401
9077
3132
13541
12375
9115
750
6570
6290
4566
6448
7799
12689
473
7167
10109
10884
11069
6338
4858
5325
14064
149
7282
3029
5501
4567
6703
13994
7474
10749
6620
5039
9581
4063
6952
469
3416
12206
8250
616
13834
4613
13361
5700
9245
4904
9618
6558
7146
12124
4932
10608
13145
10729
12450
5459
3409
5302
8814
7234
3490
519
10163
9522
470
9245
3394
1273
1199
2756
63
14016
3822
14093
13397
2335
502
13203
5971
2623
7634
6089
12217
2440
1117
615
6021
14245
6397
2914
14501
14413
3559
6231
2897
11073
9974
9426
9747
8863
8115
11225
13306
8970
9217
8686
582
6930
13272
5922
5920
8105
10938
6654
2147
10154
5893
325
13426
4159
9984
5842
2332
76
3025
6611
10321
2979
11754
13093
3053
8484
6121
7691
269
12758
11217
10572
8840
220
2197
1427
6546
10137
10429
10175
11353
14083
10957
10616
3573
7803
8542
3549
10693
5317
8190
13515
11398
8814
10560
7733
5534
5628
3609
107
12515
2805
470
2097
2639
2536
5558
5215
1928
9808
12436
6895
10757
7106
5994
7655
7230
2743
6959
4141
6402
5399
11634
7421
9368
4109
14303
8559
6001
11873
2561
5962
52
10517
7468
13939
12846
10527
3659
8842
764
2582
12241
8882
6912
8453
2416
6430
6849
2698
1138
11993
10918
6276
2844
1764
11327
984
8622
13581
9126
5133
12616
4442
13017
3038
570
9590
6971
12306
3297
9233
12216
13992
11111
10936
8313
12758
3747
13560
4091
11995
9080
1602
10301
7355
2139
13621
5379
14271
9674
8183
9604
1431
11665
3554
14097
12528
13023
4894
14368
1213
12084
11680
14039
361
3525
8150
9660
3664
11553
3621
13140
195
325
7776
5827
9481
2601
7049
4522
1067
1863
9599
13932
10865
13027
13483
12442
3794
8371
8841
7067
13156
14389
803
10896
2924
1032
10517
3162
3059
9287
1935
12368
5906
389
2897
1780
7025
9207
7417
14557
5188
4502
12427
933
14230
12940
14180
4036
7757
14199
3136
4718
12985
10504
9182
2708
3642
9717
1011
11998
1463
3279
870
4808
2009
6876
5471
6644
8419
14058
3524
64
5818
11206
12469
1844
10849
9275
1804
612
13074
5568
5999
10984
565
10883
3291
1155
10166
5944
7849
8034
2809
12160
12297
14218
1245
237
7092
9348
3778
7473
2593
11221
1595
12686
5624
981
2340
1278
12909
2676
8100
1004
5928
5198
4710
8939
9367
6112
4866
10657
6205
4914
11461
12739
8378
13302
7319
6629
3427
2915
10794
534
6563
11239
8151
1599
6535
11820
8310
5140
2316
126
131
10130
4096
5410
4737
2388
2072
8702
8495
3525
14443
6032
10104
1645
5986
2946
1369
10669
14169
1564
12389
11441
8713
13668
12673
4762
1877
4059
3436
11120
1211
10268
3328
2777
13923
1785
6236
8291
494
8535
8611
198
11320
10663
8424
5354
11871
1129
3220
10748
9285
5668
8894
9512
6208
2051
14153
12466
12700
4726
2982
13132
3815
3668
13495
3363
10758
12672
10128
11180
1118
9127
4491
3589
5470
83
2845
9142
5446
7298
10871
7391
10656
8075
8176
12405
14169
4122
11845
7364
12664
7692
13978
3769
9553
439
11005
62
8504
4981
10106
1958
8740
5497
4632
8192
4770
1017
8937
5757
13049
13981
3714
1619
6012
10257
3382
3899
7718
12559
11975
13705
1034
8871
199
237
11238
2591
393
7063
2135
2566
13283
493
11807
437
12625
8007
8192
4595
13171
721
11719
13333
13606
9175
78
5675
7007
4905
2917
12374
11060
2580
3777
7168
4001
12942
4682
8641
12156
6563
4779
5882
12945
349
5654
13468
4561
4726
6363
44
8899
1639
6103
12248
2983
6501
10290
4203
11098
6825
11681
2663
11564
609
2359
10050
7903
4544
13149
14419
1992
2750
10566
3595
1915
13329
12594
1389
2645
6085
3506
12523
8162
880
5162
2821
7220
559
162
3240
852
7944
3873
9179
834
6740
11916
10362
555
5159
2724
2791
1091
6246
6374
6125
11462
5302
1437
11079
9400
9899
4241
12057
10301
630
10823
12846
13333
3319
10666
8684
5760
1947
12836
8045
13953
9372
5251
10748
14214
3466
5570
3756
6530
14562
4868
2433
5532
5312
7943
12899
2243
4673
3537
3550
4367
11478
6868
7557
1904
11777
3895
7662
5575
5476
13541
3839
2888
11795
11847
13202
3954
3579
1847
5061
5774
11124
11248
14365
11625
14
907
6500
9334
4025
12190
2575
12526
6304
8456
10021
1161
5465
13888
9076
14228
14161
9602
9587
775
13928
12500
5345
10672
4876
6207
9826
5321
6633
9557
3355
3826
13260
6519
808
7864
3186
7856
1445
10624
6743
10194
14509
6454
11114
13126
5113
6556
11419
5822
752
5198
13266
3498
12944
200
14078
5503
1891
12005
3975
6435
527
11594
2417
14039
6828
1002
10446
7395
9619
12776
12442
101
13232
8264
1146
9641
1820
6977
8499
3171
12034
13309
7866
11719
2530
13670
5765
3283
1820
3989
1977
13108
10494
4857
14539
13411
324
1884
11917
1410
2659
6099
10116
8669
8231
12177
7265
1125
6775
1812
882
14130
8798
10301
2491
10475
11701
10343
9308
3375
10735
9998
6926
8250
281
4774
7116
7005
1196
11992
5687
1179
3395
11477
144
1120
13761
1742
12259
2532
9820
13030
12683
11807
5656
41
13577
6681
4832
8106
8348
6462
3197
6573
6630
10455
10054
12613
2137
5764
11766
5058
9172
7594
2698
8603
11750
6526
5234
12247
6566
13406
8591
1355
1984
14480
8960
13512
4403
13728
2041
1244
7693
12771
13025
7417
8929
12414
12853
11443
11707
1846
5192
10959
6600
6581
5665
4380
12012
11412
7665
6446
1098
6873
5611
12829
5031
5968
8456
2414
12654
12624
2751
1859
8135
7382
1209
10094
5887
5390
6029
5214
7433
9
13685
5235
13221
8659
8538
5780
13694
6093
10303
4951
13640
2076
10892
11181
4179
1741
13688
11712
5967
9443
7369
14002
372
2096
6854
12018
10038
1797
5652
11632
3100
2798
2520
8611
1862
5041
8586
251
11399
1349
2846
7898
3804
5830
6623
3977
11343
5473
8363
1545
4271
3104
9448
9875
11824
5035
12512
11431
3650
5136
10625
12666
12303
9801
2784
1929
735
207
7623
14286
7265
429
6308
3439
6144
1446
6338
4185
7028
7057
1279
4278
1068
11614
2864
8145
6340
9923
8406
6281
5885
1103
4808
899
13171
2032
2924
1945
7418
12959
8297
6704
7719
10149
5104
455
8334
1538
6656
6508
10211
9527
9753
2920
6573
8981
9884
14030
12025
13075
2090
3248
10394
5003
6229
13773
11656
11102
4054
4339
4036
12894
6426
852
7496
1804
2377
10522
6426
14034
11243
11011
3670
761
3377
9334
1794
1641
4723
1081
3772
12646
5189
8474
3279
4392
8835
10431
13311
2454
4268
10189
11994
9668
9063
6280
13698
7832
9825
580
7408
2102
1921
9250
9899
1569
5205
9754
6869
364
10039
6747
9777
7928
8173
10365
7103
6978
3830
12857
3027
11345
2267
4184
622
3860
3092
10853
10767
6182
3900
2758
7221
4173
600
1633
148
1766
1572
7695
11898
4154
6901
13087
11997
13026
9868
885
14484
1413
225
7403
1862
1484
3877
10817
6813
8844
11976
3550
11734
2485
2365
2223
10816
7345
14554
2023
5154
3960
5442
14039
14202
2268
3010
1173
6252
1039
4375
14266
4964
7463
10099
9782
3328
8601
14307
8388
6649
6114
11909
3834
10153
11570
4165
6248
11098
11543
10885
2220
12144
8789
9936
13931
13843
10234
844
1230
5321
14572
14580
7403
1930
10909
13466
7914
14519
8437
9216
2868
7038
6236
6871
6671
11254
9755
4598
1160
6232
8661
7156
5922
5290
246
51
13972
7439
7533
6078
2939
14354
29
6539
12661
4432
13121
13327
5013
6967
2002
8045
5500
291
10374
5215
600
9931
6634
4538
5147
1606
10754
2023
11277
10592
7193
6599
596
10030
7993
10527
4069
13347
4918
6153
9252
8569
1505
80
7411
771
11780
11924
9645
9270
8406
6434
9127
12207
7277
4555
5243
5826
11146
10698
13492
11299
7795
7816
6012
2358
8406
4577
14494
12537
10426
13946
2875
9149
12526
6283
3404
10838
3209
431
13663
4679
12693
3774
2663
3479
12137
3659
12846
9675
1861
5579
9758
3068
9170
10099
11156
8264
12132
7429
1464
810
341
11236
2234
9702
5774
3219
8801
7405
13200
10460
7301
6039
3486
3866
12320
12230
7140
2063
9505
12336
13047
13332
9673
12182
12720
2220
291
9096
7079
11678
11106
10992
1862
3140
1610
7839
12157
4880
7225
4544
2792
11343
5158
7320
3540
5690
4565
14584
1150
9214
1536
498
9096
13425
10257
5351
2303
3460
6062
14041
3785
10967
11975
13380
11250
9094
1421
10991
4200
8944
1876
8934
4352
3348
4218
1017
8343
10963
406
596
361
11981
14420
2549
2277
10506
8543
6446
8248
6919
14187
11879
2738
6837
2109
9216
13629
8127
8880
12616
8358
9369
11228
3398
6765
4448
13293
1337
1218
13104
11125
12678
5397
14005
9284
1836
3675
12619
1621
10955
10142
8646
7209
8081
3844
7886
6682
10273
3993
8432