352
283
494
9
110
309
420
242
111
64
90
52
365
60
335
38
206
85
309
162
401
379
167
67
479
455
321
281
111
127
295
317
91
259
275
18
406
252
166
17
355
446
55
466
173
304
81
262
457
56
222
186
353
440
238
366
133
493
167
245
63
61
382
426
180
375
207
319
370
219
299
299
448
326
493
47
148
487
420
456
259
278
220
436
463
20
369
170
148
160
189
331
155
168
85
379
76
457
495
115
172
384
120
127
390
437
492
298
289
363
324
161
382
79
296
165
22
347
49
52
27
190
218
212
475
141
148
272
152
347
466
370
418
493
304
293
135
287
157
47
272
364
110
426
283
421
17
313
166
493
170
390
91
409
103
81
61
437
43
278
77
237
259
341
187
343
425
221
458
388
221
202
297
33
333
429
141
20
348
362
354
318
307
329
30
93
105
384
399
110
130
450
237
436
466
408
227
135
112
92
266
34
306
256
40
401
351
271
448
151
80
349
414
313
405
299
252
392
105
10
460
413
205
193
296
373
483
28
138
62
165
352
82
213
153
66
331
13
159
408
295
389
431
73
293
413
330
348
123
318
267
84
9
193
461
265
297
101
361
229
109
386
232
20
62
102
273
69
493
478
490
461
487
246
9
167
24
121
468
207
172
176
137
214
107
240
343
259
314
457
143
482
225
256
110
147
353
470
189
361
188
59
134
266
195
77
483
443
123
218
158
269
444
418
321
334
489
467
437
17
169
345
329
203
298
189
204
21
38
466
448
463
328
497
285
252
230
340
88
85
437
147
53
499
245
281
377
408
305
495
434
153
493
101
60
283
56
161
263
380
243
499
476
196
341
331
247
349
19
188
255
306
25
411
213
189
305
389
40
151
60
412
343
166
132
408
122
13
481
46
427
115
139
466
457
74
188
388
427
211
117
14
120
102
81
25
172
98
117
497
312
220
131
267
492
82
369
181
62
260
99
440
229
474
351
217
453
488
265
119
399
276
219
354
306
450
115
460
36
242
273
279
248
465
244
458
487
3
94
207
355
427
65
269
176
446
133
227
304
426
256
359
63
493
76
11
324
468
120
68
188
63
363
165
408
197
478
119
36
486
452
91
54
365
34
70
377
474
253
341
471
470
424
60
48
437
356
116
54
362