10910
3027
6788
3906
6623
5636
182
5413
11820
3057
5412
3851
4749
1161
10391
8777
2280
853
231
1545
3513
135
11802
5274
11409
9156
3038
6036
3368
1725
10734
11666
11230
4446
11017
9443
2360
10575
10182
7537
6908
3510
8099
8206
6016
7424
9922
1268
2366
522
1834
3922
1018
6675
4736
7757
2763
10189
8924
5509
7919
10145
6283
2032
8277
7762
1982
11294
11028
8560
4662
5976
6265
10874
5285
1346
10317
4886
213
8022
11647
9895
10412
1569
112
4175
1044
7316
9065
760
3585
6584
10733
4592
7338
5994
2329
2498
176
2953
9795
2565
1202
9504
2032
1581
5326
6183
3099
9090
9143
11730
3720
10393
10346
5206
5246
2898
7
2640
8185
4434
1467
6039
1260
8047
3402
10929
9969
10535
9115
745
5702
8589
8860
6899
6838
1898
4802
10988
8282
8090
11299
7174
3618
7890
1159
11485
3856
10311
1493
10539
5766
6546
11381
5131
11395
10925
4510
953
10144
562
749
6764
5308
11289
5545
22
5561
4038
11548
6335
2248
11213
3632
4742
10064
1329
8923
4257
11315
8075
6963
9235
5110
3633
7155
8429
229
9937
9173
1492
652
9803
7258
7902
4487
3941
11024
11160
1087
180
7280
3540
5177
9380
10497
3886
9404
10728
10281
1030
1079
10818
9210
9053
76
4368
6511
686
7662
5400
3558
10572
8158
1756
6778
6884
2688
2932
10302
542
3678
5802
1223
8848
4756
5857
11824
5434
2093
11353
10735
9312
9071
10973
11673
10284
4698
7062
7996
6760
9723
1401
10622
7169
429
6428
10134
6646
7716
7480
1373
1421
11207
3814
3065
5851
6647
7911
9584
1382
7259
5129
5426
6317
9189
9114
9513
325
5096
9270
9491
9408
2902
7228
3425
2598
9900
5826
3708
6134
8021
811
4101
5412
9635
8722
7792
9456
154
9410
7891
7252
9317
6483
727
5843
2853
8689
9284
286
11487
6070
9926
8811
6496
4500
4644
4373
335
1724
4999
10310
498
2617
8988
9774
10818
10802
10259
9243
8112
2125
11681
8225
9371
8342
7709
6241
141
10541
7502
3232
930
10713
9197
1641
8338
414
3747
1041
3758
3082
1138
70
9354
1038
3564
7155
7783
6630
2712
7707
3255
7800
3213
4510
2070
4190
8318
8302
7191
99
11387
10575
1275
472
8511
2713
8124
3243
9039
337
7028
7495
11779
6930
3619
10986
7360
7647
6582
9854
7667
6524
10025
1482
9313
2178
8574
948
9859
8453
2824
2084
2785
10057
9876
7951
1702
11898
5991
45
3550
11072
762
3145
4973
7910
8794
9427
4510
9189
9835
5428
11550
3626
10373
6077
4599
103
9037
5085
4228
316
7296
541
8241
1169
5483
1716
3759
4431
11038
11250
9418
9631
9879
2343
9870
1225
9221
10143
2908
4675
5727
9187
8440
3963
220
6553
3271
8717
537
9377
4039
3801
8716
1832
11258
5927
9840
1509
7375
10519
7854
4140
4844
7550
5236
8106
10679
10270
2765
9980
5122
9401
9511
8188
5607
10743
2914
2792
3738
5659
4551
6282
9500
119
2049
1992
9430
6454
11593
9053
5263
6748
8129
1803
8702
2038
9704
8926
5522
1407
10927
11425
9901
9676
7160
5375
1035
1510
10320
10936
1454
2009
3457
2121
5773
1607
1528
491
7865
7689
2850
1560
7370
3500
6471
838
536
9088
719
7078
9690
8155
485
9403
4561
11589
5478
8757
7850
11149
1295
10657
8691
2703
4599
2359
10001
30
780
3855
796
1684
11476
3676
2699
9141
4669
4646
9874
11596
964
6996
8904
2191
7065
3739
6791
9791
4794
7768
1867
6458
1481
8267
11302
1002
2856
1582
5406
4791
11685
3526
9134
2587
4426
4761
2360
3716
11811
4018
8911
9416
750
7492
4432
7229
809
8715
1639
9860
10592
6962
8681
2032
1056
6072
10721
10817
1140
1571
7187
1735
3241
6154
3718
3354
1463
2984
3895
7656
5698
6343
5976
8242
5756
1596
9962
8358
7493
9303
7522
3393
7738
11592
1319
10181
8247
1491
935
2733
497
11366
5913
10285
9686
4081
3339
3560
3835
10470
3586
7321
776
4844
11798
1729
6735
4898
1205
285
10883
11447
3636
8362
2587
5242
8675
6239
1125
397
10122
4871
8696
1292
5112
1650
3224
5100
8821
2347
1864
118
3518
10531
10292
4257
4669
4273
2989
5414
7990
2088
332
10768
7639
3183
2522
2780
7157
1410
4319
5885
10669
8504
3452
6927
8539
7987
1003
1568
9613
393
1407
11662
4446
7641
6436
1298
2268
7736
4476
8577
8581
596
11743
9570
6653
4211
516
3409
914
10647
7125
5093
1385
7036
767
10732
2705
6592
9800
2449
7475
1522
10706
6549
3900
5659
135
7075
7602
9984
11735
7569
7489
10054
4932
2192
3948
10846
2019
10119
2456
11570
2173
10691
6834
11077
10241
3067
9483
4229
6977
9440
1420
8776
2714
1740
2403
4186
11720
9236
921
857
5762
6646
7929
1277
1085
10351
5135
5964
9009
632
182
4866
10429
6972
4005
7961
8576
11701
3515
10703
10024
285
5470
10338
9965
3804
10884
9293
10029
5809
3880
11826
2390
145
11577
10566
10351
9796
9007
7399
4512
9034
7830
3016
42
11661
9165
3619
7054
7202
2264
487
2562
1311
2999
5224
2034
3544
7631
7579
7253
10066
6527
9003
10146
6004
5418
8161
3
9569
8627
1287
916
9026
381
162
11698
11763
10881
8618
4522
9282
688
8489
3619
11387
5474
4428
790
1245
9063
4597
8338
7125
6123
1914
1526
5837
6599
1000
11114
3607
9508
3632
2939
1178
3729
3484
6986
384
7645
10217
5119
7411
11735
8996
9148
7803
4784
6701
8229
6417
3593
4022
2041
2355
9496
1419
6899
4208
9677
7502
9728
8614
3931
3680
10679
2708
11388
8903
7834
7601
11441
7792
1505
131
1801
3791
2639
7129
2701
8575
3608
1282
10500
11208
1564
7690
1912
8483
1196
3754
10931
9527
7881
3066
4989
10458
264
3461
1159
5344
10615
4555
11395
5877
10635
1603
10097
6902
10515
5398
5718
8793
6551
10519
4265
9667
6895
8211
1735
5598
2897
6933
2020
11323
8058
6560
9451
1849
3202
9915
104
9690
2422
4535
9112
2540
11315
11647
1243
2224
9355
7051
5420
450
3508
39
8629
11714
6333
716
9489
1454
10900
7230
2296
11527
108
5024
8979
7106
5018
2374
3140
1176
5989
3306
2249
11741
477
277
2275
11416
2650
3004
11542
6817
1705
9106
5834
6193
2843
362
4767
10316
1450
8884
3573
973
4375
3806
1049
10440
4661
5045
1776
3203
2170
841
9869
6169
10654
7371
7585
1855
8295
344
2457
10747
11221
8307
6397
1806
4203
11360
9973
6279
6692
2727
10881
169
8908
1165
8300
3043
1250
1187
9523
9290
3914
5525
6418
10359
6722
2406
2932
10379
10191
1270
6163
10174
1531
8300
4007
4568
10475
11548
1609
8204
9934
7821
8608
5365
6113
6283
4084
6084
7515
7780
9042
9314
5792
7340
2824
3292
2834
5484
11484
1002
7139
7273
11363
11479
10749
1299
1232
11631
8395
10012
7893
5691
5958
7750
355
7539
2576
6115
8379
11601
10420
9167
2995
11561
1604
4058
5577
11411
9913
4068
5458
8414
8872
7648
5954
8012
3016
4988
6536
3830
7315
11148
1467
8388
7715
5327
3950
5351
7787
1219
8856
11025
1442
2043
6765
9062
7744
10773
3767
9905
1788
2850
7805
9702
6316
7428
4776
6755
6894
229
8831
6352
518
1576
2197
154
5551
9591
4178
69
4411
599
4357
3470
8585
118
4173
455
900
4496
1831
11836
4252
8716
9752
5844
4883
4640
1077
4278
8403
3918
202
7227
1809
8550
8736
9908
6053
9104
1635
5415
3356
8263
7431
2048
11130
4109
11412
9456
2769
5260
2606
6275
7361
4075
6477
2247
1602
10285
9936
2333
11323
8066
2978
8511
10062
9324
5700
1194
10307
6778
84
10148
8293
11159
7433
11142
3779
3460
10962
5199
9594
8325
381
8194
5115
10602
2788
10316
5062
10010
1394
5307
4752
7107
4041
9341
10692
10511
9932
10634
2225
8796
10835
9853
9829
3358
5403
10310
4440
10004
8254
7574
3988
7007
10996
8267
1628
992
8213
8089
1000
6816
8904
7110
2591
7129
8058
9004
11803
10240
7606
7525
11166
6278
2952
614
1840
4952
10634
1441
9828
10713
5096
11103
5630
11754
9945
766
8148
5590
6637
4269
5222
5244
3434
9100
5488
3618
7898
8846
11761
9112
10404
55
11585
8993
4297
6407
10136
5489
6599
3639
10662
6144
7831
1671
8524
5758
431
3053
2776
2523
11897
5612
9363
7693
6844
781
11324
5193
10925
7403
9603
10462
8559
11279
3357
8760
6657
929
10421
9414
6088
8562
1816
11469
4128
4556
4419
11529
9231
144
634
6956
9791
671
568
8328
9853
8339
2377
11199
2941
1060
4715
2494
8048
11740
3538
11854
9121
8968
7946
7120
2090
3816
11816
8420
11169
8593
10008
11110
6290
7320
6114
3433
9351
9618
9633
5377
10818
4736
10717
8689
9471
11119
5595
8344
1170
8593
5188
8096
10757
5025
8477
9386
5389
5486
5829
1663
1979
11135
2410
10679
9841
53
5070
4175
10834
7583
3581
1434
4871
119
5348
10732
6555
7600
7117
11645
36
4919
11498
4432
11128
8707
1512
7213
11728
6212
711
1885
1943
2320
1755
3278
2769
4996
5095
9480
4806
6368
1751
235
5422
2749
2984
11075
3962
3777
1172
830
7892
8687
3377
7508
6213
6881
7610
201
9527
6279
8229
9245
11381
10679
4265
6120
10748
8405
11640
2739
11723
10780
9044
5824
10840
2433
8701
8123
2177
7799
398
2848
1369
6623
3386
8960
4109
5090
872
9009
1852
2473
6143
10742
1709
3610
8084
9806
1123
47
2111
8001
3552
1958
2916
853
569
8678
2254
8105
3473
8839
2237
10000
4070
1407
8889
6681
360
10693
9239
8561
11699
10905
6520
3027
4645
5554
7375
2065
10043
11743
748
5789
10000
441
85
1609
1910
1801
6229
1053
2074
9972
5063
6108
1689
5126
4879
4136
11479
2660
782
7859
8503
3070
9493
1975
259
11640
8841
788
3813
3475
11679
7684
9682
7461
5289
1047
10093
8954
3967
3015
4606
9652
7449
2229
11364
6622
7905
8007
8747
7667
3601
10562
7714
625
3704
9941
5354
1005
3854
1595
2648
4747
10219
4348
3566
3186
1370
11358
9838
1063
6086
10007
1912
1215
276
4002
2356
7591
8755
999
4075
4990
8608
4438
11894
5652
6840
7648
2466
8927
10751
1389
5588
10032
5537
4224
6433
9376
542
9016
2950
4937
7425
1658
415
3353
4913
1593
6307
10201
1973
9455
9777
5382
5402
4198
3752
315
8363
1906
2858
2474
521
4543
8526
4346
8718
9663
6634
1746
10784
2017
8154
3368
3495
2070
6987
7174
32
8992
8592
1407
6253
3711
4745
2093
7393
2931
2414
6080
632
8655
11855
4628
4978
9956
6140
5379
6040
2054
588
5228
10379
7820
8091
6060
6923
7231
4460
10142
4134
2196
2787
2453
8434
7351
5256
3009
9443
2422
7873
7972
427
2339
6183
5951
1583
3573
6528
879
4524
8133
793
9514
3076
9129
5230
4135
3010
10381
211
1775
11208
5517
11310
4894
6456
3028
8801
2150
3228
7057
1588
946
9304
10862
1946
11509
4862
7406
6894
8293
8361
134
8189
8528
4848
3409
8907
11844
1607
9503
882
5243
11882
9592
5212
8682
10099
9478
11332
5697
6774
4765
423
10980
6416
5400
3812
6588
317
1183
7775
11234
2688
4876
7497
10736
2221
9998
9924
6103
5951
5496
6464
3953
10888
1895
3829
5800
4481
5432
9304
1359
11655
3300
9700
2544
653
3191
9958
764
10224
4474
4505
1377
1953
9683
5702
9047
9701
52
3243
7145
6560
471
1623
1819
3588
10065
4677
8192
7599
8721
10824
2526
6736
9500
8568
7463
9193
3849
10541
8386
2240
1181
9532
5473
3419
9752
7279
6436
6764
10030
5740
6451
3478
6333
10149
844
544
7537
903
549
8797
8751
4586
3917
9647
4953
8281
1938
2977
8440
4583
6628
6760
10829
2951
743
7110
3020
4834
107
1526
4172
9343
4872
2967
8342
2894
3593
10684
921
148
6375
5510
882
1336
931
1867
7044
2186
5716
78
11745
5834
6977
1603
8284
9469
8397
6110
2061
4629
1740
4652
7734
10817
6639
5404
6240
4056
11348
10835
3571
11736
3617
2829
8647
3449
9648
147
5978
10211
934
8189
9202
3083
11791
7276
3952
7295
8248
4618
2257
7092
2699
5820
1583
2946
8007
3178
4029
7140
5819
6974
9781
5016
5287
8008
4486
810
7360
4750
5238
9506
6479
7739
2570
8713
4138
4277
1639
11266
11457
7276
6331
6435
7710
4183
2414
6606
8933
1276
11457
1657
11821
11399
5296
1973
7950
8611
7854
7289
1206
3131
2460
6943
3454
6724
1668
2721
337
7005
10480
8550
505
9998
808
10990
5087
4870
11578
2224
1863
6030
10499
1726
802
11452
4549
9887
1710
4280
7332
9185
11026
4990
5455
2106
1309
4700
2685
4108
5311
1525
6343
10050
153
11277
1402
11485
5443
2893
2815
508
3672
3561
11781
11101
3134
83
9027
11138
5012
7680
5935
10383
11277
8032
5831
4983
2650
8430
1096
7336
9169
7098
1457
11404
3114
5480
6014
3326
3902
5967
7429
5824
5866
5622
8355
6525
11644
3124
2138
2939
2357
3316
1089
6051
5821
10224
11724
983
9305
9256
10968
5743
5977
4385
6243
5807
8401
9186
8682
11799
31
5575
501
135
942
8485
7203
950
7824
9591
1871
8144
6457
357
7164
8430
10598
2530
4705
10904
4650
2329
9651
11759
11010
11294
46
9538
3441
2215
589
10889
3802
370
4218
8029
6378
6615
9620
502
11180
765
8498
3899
2019
1199
7638
7872
9944
11056
10917
4006
3392
6405
6198
9742
10347
2371
1715
7150
1453
11277
10025
3149
5779
261
4564
5651
7548
789
7243
10215
11687
11439
7769
2208
3470
9887
1319
8245
7984
7121
8788
9488
2815
3053
8087
4272
5985
1792
11397
4115
3818
4964
1240
1467
7920
7771
9400
8494
7187
4568
11536
3903
4986
5642
3296
321
2721
3840
1761
9191
7828
7405
4375
10601
9910
10244
1377
11815
9046
7580
2333
5582
8254
3411
6384
4930
8243
6663
2327
4110
7853
3830
8320
1473
826
2782
10240
3089
538
2170
1524
4616
10022
7816
4099
7828
1116
9510
862
1942
7875
6846
1686
1140
5325
975
5562
1002
7206
9347
2883
10761
3289
2040
7243
8379
7845
7188
9541
11502
4435
7796
1488
9991
9231
8110
4453
4629
8604
9407
996
10482
1461
9441
5015
10350
9369
7450
10409
8523
7413
11541
5065
10685
7017
11641
9013
9490
10936
1873
4387
9488
1429
6378
3404
10229
4893
3874
4633
4866
9776
347
6187
4118
4362
1421
1572
4961
11257
390
4118
2195
4587
7433
6479
7468
4013
726
4802
6076
5499
1157
5662
9637
4916
5730
8194
9043
6402
2650
10991
1066
9847
8257
4384
10152
9833
579
5719
11640
2045
9646
9408
183
7371
6066
5363
2582
4603
4763
5847
893
10704
9830
5273
6950
4298
120
11272
9603
913
825
1445
3915
3907
1446
10237
7953
7452
11032
10531
7137
7961
444
4661
3372
11178
2392
9725
6111
349
1501
6364
3666
6246
3281
3860
5780
188
1947
6548
1505
2893
9082
4592
3842
5895
7270
7934
491
11186
8852
2367
3583
4087
5806
3741
8578
2558
11211
5516
9042
2643
4740
6915
8536
3758
7126
4846
4578
5360
6527
5648
4839
8813
4955
914
10336
1294
98
3638
4463
5254
9080
9308
9295
3595
5412
8677
6102
1080
7619
10936
9831
5912
7963
9841
1188
5308
10894
3269
10776
3187
11340
1486
1601
5261
11052
10939
6524
6280
4624
8712
10617
4377
6952
3084
7484
1585
7653
3993
8383
7346
10939
6935
10103
5697
5140
8440
3150
11437
966
10958
5005
11856
4361
623
2291
5587
4079
9659
6304
9665
1856
2479
2189
1976
8326
10778
11490
8311
153
879
11750
5757
3825
1324
4002
1264
2177
3450
11198
1128
1304
7596
9632
7405
6929
3959
7927
6011
10627
10886
3919
8161
529
1620
9924
6180
7977
5886
11051
6076
9210
8635
4579
5660
9447
10025
8936
389
10181
8311
4405
10656
3136
4132
9900
1918
8062
11880
6915
4704
7672
10752
5782
132
2194
8103
5720
9348
8832
10352
8479
4544
2534
1355
8762
2503
4050
882
3474
7081
8167
2881
1252
6644
8714
226
3996
2802
1080
7278
6310
7173
9360
7296
2046
2982
8428
148
11862
7877
6474
10634
10861
10816
11491
9606
3618
6970
7447
1698
10913
9831
11853
6729
8953
1986
2609
3383
1621
7489
9983
876
4923
10364
3399
5049
8313
9994
11521
3299
513
3944
11030
7768
8668
1275
4505
5895
4018
2683
5370
745
10518
49
8216
6200
9693
10902
2675
3695
3574
6343
11646
6446
10083
2025
3675
6294
4496
6508
8704
613
6885
1262
7014
7002
10972
2761
8823
1306
5755
1602
10380
8931
1429
659
9528
11068
585
6453
1748
3031
4750
8585
8731
10840
7902
9503
1524
3106
8765
321
2459
6803
6687
1530
2481
3000
958
3122
6746
2742
8570
8512
2700
10045
2881
10066
5104
11461
4094
7512
4955
5202
4354
5258
4278
7432
2979
9893
11686
2420
4136
1677
4212
10912
1727
2824
5548
11255
10742
7226
4875
9937
7481
787
5972
9828
150
3761
2765
4916
7837
11470
9280
7860
8698
3084
6931
3347
693
11201
11208
11055
7848
8183
4939
2290
9136
10752
5417
369
2241
6782
7106
10313
3088
4031
2506
7146
5462
6367
9232
2225
9000
3437
5595
10756
8140
9502
7120
9772
1093
5535
2107
446
6482
7832
10523
9759
8970
2850
9124
9468
7357
10669
11723
4009
2188
9369
5986
5567
8737
4801
523
7471
9105
7440
11383
8993
10255
11124
1785
8796
7005
9578
10795
7984
3595
4117
9358
2549
4432
6629
8028
7954
9697
10349
11790
3733
742
4779
339
3014
3853
9884
5518
10922
6232
9079
4416
5217
2254
5699
10350
4761
8063
10233
9124
10248
11505
5919
6984
4920
11332
5423
6991
7158
7226
6060
8340
5031
10592
2600
657
9015
2324
8866
7792
11125
26
10390
8853
10185
2037
11769
11435
1935
6137
8254
2942
3255
11430
6886
11838
9847
10947
2682
8477
6365
6188
7583
11554
4970
4523
3753
7085
11459
9890
2705
1582
9906
4492
8691
4163
6741
5497
9240
1978
4845
9328
9062
3815
4508
9949
5623
6361
4961
2851
770
5312
11008
1044
10184
1193
11200
6611
9075
8241
8047
5868
256
10712
615
2967
2401
6373
1391
5179
8400
1773
4678
6244
11358
10598
5193
4971
2380
4596
9552
7938
10821
3235
11172
4069
9819
5141
6768
3915
11155
10167
7325
2937
955
7846
10197
6950
510
4664
8023
11649
3052
3312
8826
9363
2634
6197
11189
6572
11452
2448
2610
509
4460
511
4625
5578
5600
1382
3557
5096
7230
9807
2383
5620
5392
4698
3370
2052
3615
7089
9321
1748
836
8406
3940
8212
10795
4394
2185
9935
4058
8862
11066
6141
9998
2707
3732
8947
1481
6055
290
11303
11438
10580
2086
3873
10926
6037
2479
7545
2895
2673
352
1436
11192
11558
8076
11020
683
989
8143
2931
7516
2522
11589
3240
11505
4192
11483
2870
3785
945
3451
8583
10525
676
5579
4817
4554
5321
6883
6832
281
8128
11303
9415
8039
10427
745
1857
7249
11452
2144
4686
5573
2965
7556
7369
6688
3961
10033
6017
8607
11751
8312
8302
8548
8175
6760
6466
2577
2965
1617
1668
8244
407
5344
10153
1987
1033
1417
8979
8012
7602
11557
5789
349
8490
3528
8168
6282
11537
10198
11242
7977
358
10083
8579
2041
10869
2424
3958
3766
1571
7328
3312
7465
5141
200
78
6794
3854
11844
4030
2666
4119
2364
3433
11376
1812
2725
8102
2429
970
9794
11610
3927
8251
2721
5109
6174
3994
2767
7889
11230
6029
8206
3847
5373
59
10016
984
7889
1114
4237
5796
11366
846
11032
6608
7413
2300
1634
751
5350
5623
3834
6082
8791
8132
2252
5051
8476
3031
3113
4357
11556
9887
10149
8045
8854
7914
6488
11757
4094
3286
10298
9916
5829
4419
4550
812
5555
10552
828
11862
6849
5198
6647
8245
7192
9500
8851
11216
11635
5712
5785
9771
7346
3258
2174
3075
6413
5651
6404
3181
9791
403
8758
11596
5222
4228
1347
5337
5440
4784
6422
387
3603
3065
2395
1678
8591
7864
3439
9939
9113
5348
9884
2977
4289
9757
1950
3693
3710
10438
7403
9051
8591
7589
9691
9092
6031
9785
8578
4630
41
1575
5482
336
5198
9266
1964
6689
2343
2266
3854
86
5822
952
5219
10415
8996
9703
6405
9949
10509
10277
4620
2950
6200
10051
8308
10741
11441
11105
4136
2258
3375
8206
648
6629
10737
8482
7788
5465
10153
11681
5596
3045
1499
5226
181
4559
10564
5054
11332
9945
11287
5802
7306
11153
21
4589
4186
5990
11314
4406
2430
6029
9781
2891
4725
424
2215
10257
9289
3973
8666
135
7880
6969
8429
9779
9214
6454
8757
967
4423
4989
4346
3895
6473
9168
2296
451
5944
10948
10303
7826
3495
8687
7723
10667
4024
7706
10223
45
9572
5221
6875
3885
4983
9408
4477
43
2304
3179
714
3357
9217
8605
432
1270
8260
8065
9455
9348
4382
4351
1916
5964
2834
9097
1163
6235
7184
3124
5193
11762
9809
2605
11357
1992
1185
970
7991
4927
7784
4339
7324
6501
5383
2292
3638
7776
8059
9293
6667
3425
78
304
10546
5841
8805
5459
945
10402
3869
2903
8956
9066
3817
2945
4497
4995
6941
3778
7459
4277
964
5385
3245
1719
2930
6327
10069
5122
4497
3706
5348
3055
7044
2922
8453
10770
2926
8485
11713
3480
125
7876
1382
2167
943
9139
10441
8162
11148
7220
568
11804
6577
10440
6387
4898
5929
1493
2309
8557
10955
2429
5778
4002
1892
4790
6804
7884
9931
8948
1857
6383
5828
4708
1067
3099
9871
2872
3849
6469
8597
10714
560
866
2656
9559
5152
9924
8853
10979
163
2982
11582
9513
8361
1292
3035
10769
517
11622
8904
10548
4143
4225
10540
7920
5633
9304
11218
6166
1311
1873
813
5257
11844
3380
683
10389
6121
249
3402
7884
10958
6607
11272
4427
11149
10514
2370
5654
7149
1191
5449
4277
9062
5424
9793
9754
7005
3245
1967
9827
144
1828
3681
3784
4756
6323
10913
1603
6964
9025
1355
7832
8051
10314
2062
9410
5184
6567
8234
5484
10088
9232
9940
3206
4707
8751
1157
6043
5787
6274
2754
7108
10056
9278
925
7168
4886
67
7488
6633
10434
8926
2728
3364
10221
7386
6245
1953
5443
11437
4629
2697
6873
2928
297
3793
1362
636
1170
6536
3921
6532
5402
1974
11798
8392
1312
447
10662
8267
6656
8147
8658
4941
3251
3924
586
3157
11363
1387
4716
713
6621
3879
2210
1218
7393
7851
11457
3592
1959
504
7441
10051
6629
1348
6908
11813
2824
5241
9931
6922
1631
10100
2025
5167
5171
1087
773
963
7486
3171
3801
7644
7336
7877
6894
898
4308
9526
1084
725
3833
5250
1272
2925
2802
8367
747
3352
11889
8499
3666
11760
3067
3627
7742
4882
4577
667
9100
7195
9964
6259
1513
9201
10997
5616
8696
3412
5254
109
7240
634
9444
9619
4941
6488
613
11318
7099
9260
10327
5710
366
1557
8561
1013
3366
3881
3134
1178
10762
3993
4104
319
1622
2640
9303
4401
5255
1168
2790
3294
3170
4708
8817
4543
5039
4302
1936
192
7128
4972
7839
10844
4521
9407
5184
10985
10779
8593
6136
2259
5990
289
6717
481
4243
5827
2956
2691
6645
9585
11289
9525
217
390
6566
6398
9577
1935
4627
8229
3533
7752
3775
7426
545
5515
830
533
4400
8984
3799
3157
11240
8931
4373
8172
5461
11875
9378
8058
1684
2253
3447
9081
7587
4530
2106
7732
1450
9471
5579
6088
3645
3271
5813
6531
10383
9268
6041
5012
11067
1180
7883
889
2331
2080
7306
9780
6782
3776
5913
7470
9355
3023
7076
6457
11432
8814
394
10910
3743
10951
6507
6854
7132
10601
5811
5668
474
11540
5110
4622
1823
3869
2978
501
33
5409
4512
8326
3681
8562
9979
2291
1229
7037
2921
1178
786
11413
1614
2531
536
6753
6731
1102
7976
2093
1470
3057
177
7855
3822
420
6190
1231
344
7252
1056
11772
8972
6034
2528
2092
1079
7335
7056
641
4585
639
7292
8099
10353
11725
11317
9736
523
5688
9280
653
3524
3081
2160
2981
6937
3855
7388
7861
10667
3805
6898
10197
9988
5547
9502
950
1562
3661
9363
5521
7292
10167
10474
10954
8986
4090
11047
11306
7062
2362
10447
5407
4968
11725
8758
6597
3882
6114
8104
3770
2372
3090
4817
1817
8138
979
11278
10890
8573
10568
5664
1311
7617
8147
4520
11544
1492
923
4380
7089
10345
9829
944
1768
58
1599
10838
7221
2789
3538
5214
10206
161
1948
10761
6762
6243
10715
5992
11891
1609
6741
8856
8980
11497
7905
2013
2245
10042
8814
1763
8767
10050
10189
8653
4628
600
9494
10145
6613
1213
5266
6315
8651
3267
9791
2930
1592
3985
8327
8376
8601
4167
8690
10291
2862
9190
686
3624
10035
3184
7510
176
11308
471
11082
1172
3270
4870
11185
7395
8240
9880
6151
8988
3931
3716
7855
1580
2913
10490
9655
11344
2767
557
4905
10542
3746
9810
1924
8808
5361
7989
8023
9591
7952
3199
5012
7460
9226
6077
7162
10089
11416
11111
10901
11553
7590
6849
6130
3286
6228
7333
1208
10189
2316
8981
4418
1162
697
5436
10031
8518
6813
7108
4573
7891
3633
510
7863
3457
344
7283
10986
7921
1606
4305
11780
10511
7446
3121
473
11159
6701
10147
11607
1585
8031
1238
5062
4327
11574
7953
10533
1216
10015
6526
5303
10835
2564
9399
8850
7153
7662
2800
5170
4876
8077
1807
3672
3871
8197
1258
4528
4469
11524
5723
5429
6125
167
1969
7806
8841
10364
7394
4241
6477
4483
5894
1373
5954
6756
11564
5910
3467
11831
2837
4200
1557
3811
3939
10311
3624
10269
419
8143
189
5869
10380
10464
5523
5673
2459
10551
3332
7634
4151
4536
1147
10400
6629
8837
4468
6963
7097
5276
7133
4179
1555
5970
2266
1438
6820
1806
9321
8871
3206
2579
9667
1204
11897
10649
10356
10132
2665
2305
1458
10109
1847
1449
11525
1730
237
7844
6979
1070
3020
10948
675
11686
4423
5588
9192
1622
10335
7399
8663
2278
2623
2898
7622
9624
3500
10037
4568
3441
10222
3186
9691
11515
9162
3303
8059
8007
11225
1954
2671
5406
3577
9613
4124
5245
7483
10302
2624
8122
6970
756
4314
2893
87
1707
7007
11168
10749
6684
5127
10597
8074
3751
5526
5154
2356
550
9552
5935
201
9043
4107
455
2119
2369
2715
8114
3485
5901
11504
10720
11635
5386
3333
5388
5616
7876
6200
2758
8420
2962
4912
6247
1583
10836
5617
5185
1111
2072
2280
10970
4117
7704
4386
5049
20
2238
318
6264
1968
444
8158
2427
1378
7013
11751
10604
3791
7349
250
1930
9722
533
8602
8014
8256
9142
2286
4405
4379
3370
2459
2334
5999
11876
11277
3980
4509
6296
6111
1395
2556
1861
10526
8767
10787
11618
992
2790
2111
8833
10615
11042
8577
6299
2767
9770
4781
10487
838
2660
8398
4817
9529
1349
8714
3993
6554
6890
6753
4777
3197
5794
3396
2831
1794
151
818
7811
4653
9566
10999
4992
4073
3704
6118
7435
4404
204
11503
3057
424
2381
2544
6809
3910
9956
776
239
11461
8876
1413
2921
5086
8281
3295
6687
8779
3481
3874
9239
5507
11811
1847
4265
3260
2642
2030
8938
8265
7001
9321
1291
11346
2027
1032
6250
4299
6666
3481
6809
869
862
3055
6834
3939
1090
5705
2845
1346
4733
5081
9789
2751
10832
11788
10896
5926
9570
4271
8012
4389
1401
5042
2624
11205
3179
2235
8135
9383
4959
4400
5885
238
4699
9191
640
3978
620
2897
2353
1824
4751
6970
1779
3673
758
9117
1560
8867
3507
7162
5912
11118
3136
7957
5224
9891
9945
3479
9662
4470
11269
5229
659
10488
4604
5939
1099
6910
11533
6276
3514
10602
2624
7000
3205
3736
3093
7439
2904
9967
2806
5680
10782
10607
9609
593
5368
5817
9237
11454
7866
3206
11757
6000
7517
9896
1036
9890
6486
6187
9419
10591
1394
5138
3656
147
5830
8047
7708
6539
468
8908
8383
9836
10974
7180
7706
3740
397
10431
1961
8817
7561
8547
4374
7606
5641
4528
2568
6158
4223
4700
11290
633
3670
3949
2518
3062
2422
1908
4252
7075
10666
6878
6828
1709
8091
10448
9031
147
222
11656
5691
1881
1638
155
576
5826
5076
7419
5906
2424
5999
6431
4086
1730
1256
5032
2530
7211
11450
10549
6102
11241
7174
3086
6433
2695
3098
11415
1386
4931
1744
9868
6624
7805
4652
928
11723
9455
10088
6873
9288
10564
9293
10453
7599
9495
6100
6982
10505
3320
5131
3574
11021
10446
9509
86
742
9118
6797
8133
11293
11494
3945
8893
9717
3520
6420
356
10846
7368
165
5016
8951
9144
4249
4736
10296
1916
10035
196
3658
152
10049
6930
5768
6715
2163
5691
9682
3643
11817
7320
4293
6392
3715
5730
4937
2811
4919
3501
9410
10741
9302
3767
9398
8696
3326
11238
7566
2281
9122
5369
5445
9713
8872
10360
11823
2285
343
1576
3331
1841
7572
4532
9832
6441
2969
2459
10536
6192
9340
9843
10022
9481
41
4298
6230
11336
8715
8183
7992
2122
3499
9980
6898
3973
7327
8254
4194
3829
2117
5403
8601
5475
6324
564
8529
7235
7079
11078
7956
610
3374
5814
2967
4585
2173
2548
4378
10998
1854
9900
11423
7126
4633
855
11853
806
7126
7818
3640
2576
9277
7180
9515
7673
8003
3214
6574
850
9990
11253
6545
388
7401
8005
5013
1895
6800
10435
756
8856
7314
8967
3850
3295
11155
1347
716
1888
8089
3360
11637
8915
8599
8352
3239
2099
4321
1691
9308
2939
8170
1024
11759
11530
6916
11235
9661
5060
3518
1874
7717
3888
10380
6182
2882
2446
4330
10786
10736
2965
11042
138
1353
6450
9147
7194
6297
5207
4028
1193
2761
7939
5625
9784
8744
1357
5171
8545
3434
11666
11556
1119
6665
7045
8716
8391
9036
2521
7606
10672
2934
6922
6226
1662
2534
11461
8327
9292
8767
3797
4459
2885
2325
3094
4985
2150
9731
9494
11015
3891
2115
10671
10760
5154
779
2885
2432
6512
10337
6915
2970
7495
1720
6515
7714
5028
180
4149
6565
3874
8585
10954
8487
4428
10118
6019
883
1884
576
8384
4503
7474
10488
5839
6060
7009
5052
6980
11636
11605
4712
11237
1145
5157
10099
10565
7609
7067
3866
10158
155
10334
9764
7836
7416
631
11448
1215
6958
8515
5054
6557
4133
9591
6254
9153
2132
5576
4575
3359
6512
4979
1329
1063
11383
76
10752
10398
10190
6298
9822
3238
5167
1299
1900
11015
1782
9854
7084
4828
8907
3941
7837
6077
9738
1759
11573
11402
597
9163
9559
5348
8054
1148
11772
2168
3086
103
3989
9557
3137
8127
9516
3011
8482
10979
3195
10709
9448
5979
5475
10623
623
4106
5789
7765
6729
4222
470
3808
1035
9492
1561
2712
9820
15
2133
4558
3649
3607
197
6209
3589
10766
6270
8711
5574
985
11239
4318
4495
2780
2541
6509
2902
7308
146
7874
673
37
7983
8740
8984
3289
1091
2311
3634
4025
10099
8282
8077
7166
2908
1520
11013
10866
10780
6475
132
2732
4113
4258
727
7127
6228
5505
3466
3181
10476
7122
3906
4890
1646
3954
2126
10966
583
11786
1616
1875
2371
4386
3944
4469
3302
5156
5175
5340
6193
533
11844
6656
899
7642
266
10450
837
5926
29
6407
11449
4571
7447
10152
4263
1951
11030
6224
329
3852
6067
8122
4069
10166
4889
11442
1028
9400
1882
1313
237
3947
5101
10251
3312
451
8141
2232
8492
9739
7000
10243
2226
5909
10677
6610
5552
1387
522
5231
10932
3648
3396
3427
11779
9564
7625
856
4830
3564
1918
1895
1423
11607
3595
8098
1146
5059
3302
8225
6807
7722
5545
3800
2684
411
6998
508
7792
1848
11684
11582
4324
4351
8847
9253
1342
6943
627
1309
9520
1532
3069
7418
6120
9194
30
432
5069
1326
11356
1746
2263
4505
9599
6550
5046
10838
2080
4136
5270
1339
3239
7726
10837
5373
2505
5475
8912
6524
85
9434
10269
9966
9311
7699
3299
9720
4376
6227
4538
1738
7780
841
5372
9641
2070
111
9317
88
9916
4592
3206
3255
4203
730
4472
11868
798
11469
390
6939
4772
8740
6939
11273
494
4090
150
11520
9971
3023
4592
3828
7322
6238
4489
10034
8519
11864
8147
6488
9489
5607
8230
10440
3490
6790
5664
9675
3508
1376
5715
11581
9243
10337
2583
2959
4037
10070
10281
10965
5643
1150
9876
2071
9736
1963
8513
2488
10294
7190
7047
6834
7053
6725
10740
2373
2912
2976
9359
1313
1378
3689
2966
9485
7314
2628
3234
10709
8371
1842
9121
8332
3599
1344
10943
11248
1257
9785
6318
3306
8428
11368
3201
4744
9061
3048
429
6522
8041
9591
6630
9691
4959
4298
5848
6788
8399
726
10892
6439
7140
2266
8340
5828
7784
7783
6802
4749
2459
2703
3460
10651
5310
5008
745
10441
11029
4613
5796
7288
2207
10949
2408
5786
65
1634
6080
7557
3555
8644
9707
2570
7142
4745
3760
6867
5798
1811
8852
6842
664
10928
8326
1226
1949
919
10608
1905
9444
9925
5423
11070
2675
703
5851
2540
8754
1711
769
8467
11529
2408
6843
5004
3841
1506
5622
6344
9741
6307
8955
10286
4465
11685
6314
11025
3978
10564
4275
11130
7792
5110
9249
407
3967
494
11367
6010
5104
8832
8023
11180
4941
6446
6727
6685
7805
10044
142
1819
9598
4618
10193
11357
7686
5396
6170
3952
11485
3171
8739
9896
2342
10971
7380
7272
177
6706
7352
5755
60
6815
6470
4534
4105
9255
9741
2925
11761
11091
1110
3815
3544
5537
2347
10467
4554
9311
3150
5173
2256
10141
5112
1928
5771
9712
10148
3102
740
5358
11617
1883
11129
2530
9620
5256
7806
7184
9392
2824
5073
6689
6204
953
1517
8525
1365
5421
10291
995
1961
7513
9353
10945
3154
10866
720
6708
1459
9967
2961
9120
219
3927
2436
9315
1514
6253
5907
3070
1528
6007
4827
11092
3327
6416
11486
3006
10851
8997
5625
4966
1713
2238
260
10747
3317
10357
5816
7570
5511
9444
10569
793
9767
6551
7591
7207
10908
4698
4759
8294
4046
1636
1883
10328
8758
3571
6018
3672
4035
5898
4636
5780
4992
7070
10930
5328
4577
786
7326
4277
7851
2532
10701
2348
7867
4520
2747
11171
495
10517
8036
5936
3091
2659
8050
9127
7948
4174
2478
3616
4364
1256
5413
10774
2679
7696
4883
4866
4608
10326
1954
160
11403
815
11574
5651
6761
7437
3368
6429
6993
1924
9557
4727
5940
6838
5160
7783
2349
4287
6642
10091
6380
11560
8298
2564
6004
7156
1513
10548
3883
2713
9532
11225
7738
6164
1043
9676
10988
4426
2535
11569
7133
11093
5360
6974
10449
399
2124
11681
4710
11772
4770
8592
9885
4928
2855
4876
2047
6150
7919
10465
4482
305
10445
197
9286
8047
4883
3881
3867
8012
7290
3190
10576
11100
11395
6076
8981
10720
500
5107
3482
10439
9038
11722
5059
5277
9464
11594
2126
9070
8849
2739
5317
5379
4142
10849
9855
6319
5389
4783
11693
10531
642
5608
821
5274
8691
11538
2170
10081
6013
3326
9575
5315
3599
3626
11063
10581
11087
6322
3985
4111
917
4650
5391
4282
821
5320
2074
1362
4905
2363
10220
8827
6048
11352
5322
4078
8940
335
125
9807
7224
4949
1518
9238
10928
2207
2265
1765
7372
3641
5976
10131
5704
4739
9398
3989
6083
10089
11236
6324
9776
10986
3620
199
7415
10500
4603
4906
1527
1097
9568
8343
7375
3204
8883
2075
7914
7245
336
2046
3667
5038
1236
2410
5658
8289
5604
9837
2837
9017
11876
649
4521
6703
10462
5325
7910
8796
6145
2456
4470
337
3022
11565
2253
10881
9755
8672
11815
6504
10082
10425
6185
11403
5032
9258
11791
7521
2411
11756
7600
1783
5259
11041
3231
4
6430
2733
10265
11611
722
5473
404
10976
11629
10543
3404
7713
11419
4869
2559
10359
5455
11147
5356
8565
902
8165
9531
1059
5541
10209
11062
11040
9559
15
8323
9635
8002
3075
7850
4184
8686
6276
3597
10541
6079
11643
10472
613
8050
158
11504
11848
7896
3019
11022
5682
1558
5161
9791
3157
1004
11870
4
11160
11504
4725
10068
8054
9858
9635
3459
10892
5021
9138
592
3487
1373
6258
4979
10983
5944
9140
1188
4116
7218
8214
10703
11111
10410
10584
6616
5957
9801
5170
2477
5432
6822
2377
637
6225
1664
2947
2334
4905
9103
1851
5577
9407
9338
1990
4641
230
3232
1768
11136
7241
3775
8151
2603
9344
1992
3862
5063
11831
1912
383
1394
1793
8599
11282
3767
11384
3628
2203
10486
466
4409
10385
5650
6196
4594
3088
7264
3785
3788
11017
6913
9439
10802
10858
6122
164
11183
524
3508
7051
10740
9570
5
7393
10475
7093
7037
5914
7825
11834
2676
2707
4447
5548
7701
10896
10141
2839
615
10937
3069
10830
8691
7139
7324
7714
5294
5525
1857
6765
11359
3600
4827
7013
5112
3345
153
250
11628
5951
10374
402
3330
67
73
10925
9333
7492
1553
4065
7962
11198
679
1322
4079
6349
6589
3863
6382
6336
5472
2971
8405
439
5952
5237
6958
11807
4230
8076
10514
11667
7425
10336
3260
4687
8703
3361
4991
10325
10386
8816
416
6715
8894
857
6298
5486
10708
11883
7055
2474
4972
9205
11570
10651
4124
1382
6393
7266
11848
4639
9959
8777
102
7959
8893
6827
5431
2479
332
5294
2241
840
6985
1933
5943
11799
9134
8664
2559
667
1648
7608
6920
11115
11591
9187
3182
1358
5221
9031
6521
6202
2690
3087
7837
10008
8571
5099
4071
586
5321
9057
2515
6191
10310
7584
11616
4915
9385
317
10659
8454
10979
5170
8083
380
6988
11551
5857
6200
3147
4033
5331
11014
9454
7651
1665
1174
4157
4172
11164
6823
1932
1186
8498
4568
11257
6863
10218
2608
5807
3013
10746
4983
9574
8464
190
10338
10597
11383
5628
8086
8439
5654
10491
6992
6005
3864
6755
152
512
11648
5665
6756
5452
11822
2951
2981
3580
8911
10618
11820
7163
2020
11335
296
2169
8418
202
6943
2202
10130
3432
3950
4466
10424
8260
2902
8989
5095
2757
5999
9613
10419
4050
9201
2382
4882
3613
241
1428
2166
7459
3631
7546
11197
5306
1540
11417
10949
9524
2394
2314
5393
7400
9248
4267
6865
10298
10159
11045
9937
4903
1747
1604
4303
11123
502
8576
11370
6849
2251
8984
10153
9659
4758
1549
2570
3927
6859
3875
839
2755
11278
1459
10980
3511
2568
9281
2111
4145
8033
11826
1286
10115
11175
3291
8386
10910
814
11025
8965
779
11542
8244
1613
4138
8197
1564
2879
2190
833
1140
9988
11681
7016
178
7845
3882
5799
669
9164
11079
466
7667
8024
10860
7234
5329
7825
926
1265
721
8681
10843
5874
4740
8535
2376
10868
1977
9175
3155
9888
3810
5853
10455
10640
3192
3707
11717
1247
6030
115
5552
8745
9168
6071
10842
6015
9820
9684
596
5832
8727
3611
11844
6830
10495
5866
3536
10745
5940
2959
10527
4417
9083
404
9932
796
5
3400
1620
3669
4464
719
9336
11618
3885
6543
7574
7234
4671
8815
9225
9857
4944
4618
2442
10984
973
7315
6915
7216
2014
11297
25
2159
8398
7213
8720
5936
10028
1704
6491
2087
7452
11318
1581
4166
922
3408
514
2092
8021
748
8737
11208
3591
1483
2134
6387
5271
1549
10349
4696
7784
4851
7083
842
8376
5821
2754
8681
8436
10319
6885
9813
402
4484
4620
1237
8652
6764
7854
500
8266
487
1207
9457
6073
11609
8703
4994
10306
2574
6987
10417
3200
3653
7241
4552
7718
4196
1126
6726
2766
10677
4108
6441
2195
11811
9291
9359
1785
4192
5313
5742
4671
849
7647
6927
3377
11812
10529
613
8794
991
5303
8417
7745
7766
10391
103
1720
4257
840
476
10049
10070
677
4243
1173
2842
4571
8194
9306
6882
2414
6914
2240
11361
8126
5805
9209
5303
3663
1608
11171
2145
1252
4160
2265
916
10364
7161
370
10106
9229
11012
8108
10912
2917
3634
6810
1727
9653
10404
5350
8600
1671
5602
10868
351
2706
2996
1984
8146
11313
2742
415
1955
6512
7612
9280
9399
8476
1344
10745
3207
7808
10604
122
8334
71
11536
6651
3775
2222
7677
1892
10701
6361
6371
7849
9254
1423
9178
982
7139
2623
8033
8942
3384
3078
6471
8223
7865
8327
832
7789
9329
9154
7916
6326
3814
6900
2519
8575
770
7576
11834
4998
8186
9339
4032
9462
3578
9733
790
6659
3722
2216
8616
4247
6288
5306
3287
2437
9755
5170
3465
10696
4072
551
6924
9098
11283
49
1081
8138
3836
6019
7727
7750
1919
4103
11624
8016
3510
3207
9079
6378
7045
5852
790
8508
2730
114
3833
2641
10078
1766
1813
8876
6635
543
10343
3040
6901
582
4699
7550
6163
7485
11618
5454
7493
10518
6288
11762
4503
2666
6248
1350
10364
11828
1159
6920
3846
5678
7303
2935
3624
4055
7742
851
4589
6306
1101
9421
619
9498
184
11461
11397
6138
3078
855
10351
2514
2433
9536
5581
7036
7530
138
4970
869
1827
8553
7761
944
300
11138
3773
92
2971
9198
8799
8810
10128
8162
509
3126
10240
9589
7311
9300
4864
7510
70
3355
5637
6858
7554
9187
10352
5003
5603
1112
6452
4497
10264
10331
9639
3296
5849
165
3625
10530
8223
7150
11388
5920
3988
1278
7792
154
1355
7005
1789
7571
11737
10874
3332
2432
4675
8350
6404
10726
5408
3992
8722
10660
8107
2189
6554
5269
3851
6558
5081
2708
2417
10068
9767
4137
1651
11655
386
8328
3585
9779
6508
308
4751
6740
3356
8709
2501
4189
8628
11140
7773
1065
6289
6206
3185
11767
195
1082
6725
9786
8382
11847
2230
10608
8562
4379
10173
8742
10784
7407
7806
1087
11109
11034
46
4192
10188
2193
4490
8349
7578
1466
11672
4557
10614
8245
4195
6673
2310
3809
10884
1761
7604
4971
3917
3805
3358
10944
11623
11380
6720
1116
11388
9536
7414
998
9743
2103
6035
11157
3770
4631
2732
11204
9099
3422
9739
7794
10099
743
3704
6240
440
1233
5763
5656
233
4102
10791
1721
8077
5478
2022
6752
6247
9308
389
1472
4217
262
11040
8657
5394
6858
146
3350
10275
7429
9206
346
4671
3805
560
7389
6019
2049
958
9985
11183
1626
371
1145
7354
10911
11300
1135
5854
9453
1444
7240
2757
2802
10891
6792
11143
10441
346
10716
9209
9574
7237
8078
3416
3778
10424
9080
10299
9075
4482
3528
4005
3344
5230
1373
7404
427
10817
1300
4997
592
311
11720
4424
1079
1115
9793
10395
4273
5895
11598
3116
4750
2467
11033
588
8769
7398
5656
7510
4023
2076
2513
8044
11871
9881
6862
350
3701
8755
8793
1268
6715
2812
9364
750
10091
5465
7437
7643
2416
6667
9863
5850
4326
6916
10462
1692
5186
4372
8628
3624
9810
1831
4433
6636
7802
8743
3004
3212
11340
3351
6895
11053
3113
5645
8975
1600
11540
7333
2164
5789
864
715
7108
11239
8264
11829
7196
6408
7560
3738
3923
207
8267
5650
8979
5829
999
8389
1261
3744
2531
5048
11289
9731
2320
3066
7642
8238
3207
10830
1773
5946
1752
319
2267
7615
10715
8407
2360
5351
8
7861
279
2144
8851
2028
8297
10011
11358
1730
1239
3464
1463
11168
11659
5088
5409
403
5326
6323
7901
2281
9906
3032
4934
6823
8051
7240
9344
9917
9081
6259
4250
1658
8063
2817
155
5843
9731
11585
3864
8581
10288
8320
10354
3369
2199
10871
1134
10254
9309
6214
9036
5023
10321
907
10644
9383
8082
5356
5813
9318
7945
2451
5659
3218
8170
11780
9086
9073
8058
6423
62
9309
9618
1809
10588
4623
6627
4622
6410
6655
9357
5539
1585
3710
10524
5371
121
11775
311
2033
2500
4995
869
2620
2986
1571
9603
6010
3893
5102
1631
7901
3376
5358
8977
11736
8688
241
2979
10971
9115
3915
11742
11087
6289
1738
4989
11650
2831
4795
11558
9730
10212
6582
6420
8373
9680
3420
5609
4171
8046
4477
5676
2045
3183
4311
305
6285
8529
5985
3680
7170
4967
10934
9302
8776
7820
7253
9549
3876
320
977
418
9412
6596
9708
1910
9207
8331
8721
10265
4276
7206
6290
1339
5606
956
3094
303
298
2908
8300
6575
2799
2681
3940
7908
6243
3288
8451
10787
7986
5558
10837
5853
11536
10794
2320
1255
8285
834
656
1727
7984
10562
7685
6266
7255
7751
4288
9644
7606
3854
9722
6712
968
8944
685
7005
7654
9256
5675
10262
10056
5557
7979
2276
4592
8996
6010
11521
296
10277
6891
2794
8149
11380
3064
2730
2416
1763
8151
4854
4390
10153
7816
9630
5888
4483
2790
4719
5279
7380
343
1157
10053
11867
3657
8459
7722
11172
6896
421
11571
10022
3264
11346
11150
5910
11718
1587
7064
2406
2684
3289
6470
10106
2375
585
8369
8432
10759
592
1424
5711
4294
1543
8650
7356
7872
3207
5449
10694
2386
6041
446
10917
7032
6892
10806
5494
5334
9159
11096
2566
10673
8709
2401
5337
5036
2662
11584
9650
8287
10452
7388
10819
2165
7807
5667
9146
11727
5122
10724
7816
8601
10558
550
1339
2207
708
9201
7438
5118
5056
3530
3435
642
4861
5827
5441
3138
645
1967
9453
279
941
9832
11360
5723
1381
10455
8480
2325
4455
4729
7712
3148
1145
3922
4439
129
2948
4532
6110
4166
9776
4207
6196
7676
6484
6188
6834
2177
1112
5359
7774
11641
9869
864
11735
10561
8824
9510
11240
7148
1041
5494
4398
11754
9904
4256
153
3609
176
2071
7556
3966
2196
8101
10836
8407
1561
7192
5581
9289
11136
7184
1158
8946
11707
5750
7830
7022
5119
10484
11257
11876
11675
5860
2492
4456
2414
6837
9969
543
6269
10859
2362
8238
4929
4179
4753
8587
8919
2401
8540
2339
10712
6540
596
10012
3923
4698
8612
9159
3609
7346
10755
3623
2757
193
88
4329
5577
9789
1707
3598
2362
2842
1691
983
10574
437
3601
5958
9464
3519
9804
8956
10789
10455
8615
893
3555
11519
4906
102
8199
3483
5216
9112
8371
625
8707
3573
3207
2174
3856
5926
2604
348
7400
10212
3306
9500
10067
2172
10173
2862
291
10257
4646
1825
8977
8105
2110
9075
8302
7956
4978
10437
11179
4794
1679
1626
8823
10900
2321
7022
2820
8203
9948
6623
7086
11228
9036
6399
6426
5597
10967
8450
6981
7276
1104
4530
7347
1630
8513
8004
655
7400
2396
646
4838
2804
4367
215
2546
10766
2480
7750
11748
785
5860
2748
6242
11741
10272
364
6843
1577
4656
10615
8777
8470
7993
2499
4517
649
11734
2192
8169
4749
10847
6224
9878
11841
4615
639
7639
4507
2027
4888
4353
4069
7586
5325
6267
7855
3373
10505
8707
9327
6798
10478
3443
8462
8195
5522
2476
6355
8737
5673
1400
210
11193
7521
4650
10302
10395
8053
6735
783
4705
6462
8173
2577
7433
4677
10982
6397
8672
1600
8979
5685
4530
6377
11155
5017
7220
9251
4656
449
8730
11471
6274
9388
540
8783
444
6789
169
3671
2223
2257
10034
9788
2702
4462
11892
5287
1714
5464
7649
5518
1205
1806
4460
3912
1910
7289
11155
7101
5415
6483
913
4811
994
5923
8077
8717
941
9824
9793
743
11422
5274
2861
5435
2945
6517
7737
3089
1580
8693
951
8395
10111
1219
6719
11497
2703
5898
3071
5480
3876
10390
3806
4201
4597
4174
11333
5608
8901
680
1913
10465
8008
1240
5887
1535
4240
2758
10808
6508
5011
11403
8410
6993
4303
5436
1543
4905
1021
3712
5376
9054
10397
2007
1868
2456
482
3660
7898
332
1365
9288
4152
1841
3175
10191
302
4154
344
8804
1812
5557
3500
8967
6693
600
9283
3472
4215
6957
3141
2604
7846
3312
10877
10551
9313
1158
9621
4259
6757
2659
7704
7613
4644
691
8223
4972
10690
6796
7307
5934
3674
2290
5728
5050
5065
1528
3457
392
4178
10981
4478
839
9203
4644
5543
6892
8247
4704
5596
9513
2257
6929
7427
3748
462
10592
3860
5549
1689
9448
594
3084
8125
5477
11367
8862
3149
5406
11172
8404
3085
6287
9098
1692
6105
3327
10604
5104
4023
1742
1425
4819
9463
5981
8171
9146
7011
7770
4724
9089
4632
4655
196
8251
5656
4013
2664
10077
8615
2850
7520
5328
4396
3276
2844
11843
1215
6144
11723
4977
6996
10899
7607
3824
1445
6533
5730
10914
1780
2110
3650
5120
985
1119
4148
3965
2645
4443
677
4956
4023
9514
10347
534
2137
1156
6906
2569
5123
8417
8339
10245
6214
5195
11848
228
9705
1975
321
3808
692
1179
3980
5999
5869
1238
7998
9175
9223
3754
11368
8220
4959
3546
916
10812
10159
925
5794
10076
8704
9998
5936
2583
9974
10647
3062
3810
7502
10681
7211
8116
11751
3701
11691
2690
10832
7631
9500
5066
10679
8599
8663
8754
210
8238
10567
2329
10888
5164
2939
689
8263
1367
4389
1784
7678
5569
1479
2100
2106
8836
3752
8616
7736
9212
7368
8766
618
1418
1909
4944
4570
1137
4758
4533
11425
3841
7621
341
8634
3915
1977
516
11114
2693
8433
5661
7979
2054
11877
5983
7131
2565
3355
4046
4880
5269
8745
7040
4552
10453
5215
3494
6763
5428
9528
3743
10292
4064
6695
7147
9405
9432
5518
3925
1746
6066
1028
6305
2921
2304
3017
1172
9349
7633
9734
7655
11437
4998
8082
3681
10774
8849
9585
5564
7991
8321
11833
2559
6316
8850
5707
3945
5740
7548
1300
11658
11321
10649
4568
4528
11160
6702
11200
8497
4904
5190
8327
5204
2043
11652
954
11281
11169
7740
3419
10307
6679
687
8202
10342
595
8711
6437
6376
717
8
10241
8032
8049
10981
705
4700
8952
7080
9603
4633
8188
10986
10165
711
3962
32
5249
5582
3398
3718
5585
957
6995
11114
726
9573
6405
2060
8735
4888
9938
7080
1277
1575
1630
4362
10088
9689
794
2250
1449
1332
9141
3480
10854
9567
6982
11642
9019
9301
10441
6465
8872
11465
9966
4023
9369
10700
2142
11291
5121
6342
330
3163
8629
10893
11695
4121
9303
4810
1608
3788
5256
9031
9312
5899
3593
10369
8468
1452
11862
6894
8115
7518
1291
3821
8724
675
723
9547
1991
4717
6115
7269
3432
5383
2818
4515
4282
11104
3677
3923
6147
5686
7059
101
6030
8725
11282
4633
10834
1766
11502
2592
11157
4546
2482
2434
8192
6145
4752
7525
4995
6173
2344
8188
3661
2738
4172
4496
8383
1697
8991
5597
3830
1010
4810
8606
7859
1123
9386
6093
8681
9850
2121
11475
7240
397
3236
6691
2512
1616
5209
11795
4931
3364
6594
7614
8167
6905
499
5174
4288
764
4877
201
11304
9039
9799
8813
4916
5878
2760
10764
5249
9218
4797
10501
5600
814
4618
11155
4506
7343
7516
958
4239
4512
8242
10599
9579
7470
11274
4530
3734
6534
9533
4522
589
10346
4140
9726
9532
11497
5438
10424
100
5585
11716
11548
10419
995
1229
11147
1660
8391
6714
9201
1981
6175
4160
3164
10668
7661
9781
11451
10841
1484
10739
842
4067
918
350
2355
7101
5253
8834
11891
10921
10959
2314
9284
8555
6616
8796
4985
6838
11335
45
6149
2093
5889
6264
1213
739
5717
10249
2037
5144
7458
6517
6492
3515
9646
10379
2656
8764
5637
11297
4969
3443
3898
11614
5092
10374
9394
11896
6087
2005
10835
7835
214
6819
9861
9551
3398
5154
11494
5787
10688
2329
10686
8380
1944
5586
8867
4945
7656
10973
3474
822
139
6813
6621
2004
5372
5524
7193
1223
1425
6158
6352
5904
4949
4596
8302
302
5827
7733
5198
9543
2245
8664
5284
7473
11188
3313
1069
9499
7760
7503
9223
3786
5029
6793
2668
11877
1881
3266
5737
2570
1372
2333
6875
10273
9535
10770
366
5366
889
4521
6895
1000
7853
6877
1354
8971
7587
8114
7380
6051
6068
6107
5466
3627
1558
1507
5724
2075
4516
8939
5872
4034
9345
6866
10121
5119
2310
8229
4971
8268
732
6226
444
1592
8780
7145
1652
1295
4443
4938
10834
3290
429
5610
6040
7895
11771
3020
10645
6978
8553
1257
4758
3629
2646
10327
8111
8687
2362
4416
121
9059
5872
9983
6065
9626
3555
7140
11711
8877
3429
2156
6197
7801
3552
5532
7148
2650
11595
4568
6080
9310
5017
8091
1459
6342
4380
11245
1927
1735
9480
2439
1725
5266
1790
2954
11728
11652
1879
5909
1636
10258
3096
400
7575
10109
10608
202
11093
10259
9434
2623
8207
11499
3515
9000
1183
4528
1741
4059
9652
6971
10556
8600
2278
1378
3215
3245
6441
7545
8542
11304
11474
720
5379
5875
587
4940
5705
11874
1837
2287
7923
8324
11779
10717
5949
4132
1469
11478
4176
5103
5968
3572
6773
4096
5406
2176
6043
7334
9541
10142
2188
3653
1819
4349
6163
1971
11844
10516
3485
9852
7284
6962
934
3943
3248
10492
1974
11742
10836
6460
9852
1614
7687
3608
3595
5584
24
7968
8597
11059
5746
332
3214
760
553
2237
9615
4770
11844
6511
4024
5838
2947
4642
11153
2461
2687
1821
4432
2993
3209
6479
4154
9103
5920
1868
11149
5349
6739
4041
6464
2638
4445
3462
6802
10814
3507
7814
11817
336
3247
6285
6801
11881
9900
589
8800
7498
10604
4667
8294
8327
8018
5797
11033
10566
7631
11474
8924
7785
11232
10457
1472
5098
1110
11579
9473
11378
2709
10593
7495
2875
7153
9712
5501
8251
8070
2510
9226
8899
2667
3578
5568
6956
818
8532
6618
5549
8749
6605
8545
4577
10417
196
9300
10160
5148
6961
3793
8037
9536
1459
9110
6289
5441
7657
3902
900
9672
7881
4234
1005
11379
10098
11511
7009
10836
3315
1836
9872
9324
9937
4638
5593
1056
2072
8666
4583
4363
5538
166
5642
6861
7519
6002
6341
8072
11169
3872
4654
199
11428
9170
4058
10994
206
7726
8649
2498
5144
4379
2055
3158
4829
3868
2812
10706
985
3104
3964
6236
10284
4400
11808
1363
6962
8537
11873
6848
6421
2006
12
10504
2773
7532
8012
478
10922
6761
5890
2728
11209
1086
3447
4822
3401
4524
1394
3307
3614
8029
9434
10350
8046
10626
9918
10262
7940
4097
9978
4637
6314
4405
11886
11167
9117
5074
4424
2334
1922
9991
6086
1599
5475
1371
7959
6412
4331
9780
2379
5456
9311
5910
9865
9268
2252
10636
4367
1027
4665
858
11635
718
1043
5825
7857
9739
8783
11598
2730
8812
759
5241
8927
2464
3171
10158
5168
603
5775
8432
6778
8035
1478
5597
10732
11724
1963
805
4435
3633
2318
7505
492
5630
7904
5674
3924
6125
3522
11114
6330
3644
10290
4709
3739
9808
1097
6759
2896
9363
4127
2770
1638
11346
1633
6695
11419
8809
6511
10137
6183
1271
4366
107
5765
5691
3463
214
2705
1479
3358
8408
11077
4045
10672
3388
11653
7453
5280
4217
10202
10002
10577
1132
3790
10342
11723
7035
9704
10840
2080
699
1074
2693
5505
3472
4883
5132
6018
2072
7082
5790
9862
5586
1111
3342
253
11446
5029
11372
1301
6829
7033
4525
11015
8936
2260
11572
4388
1205
6124
873
3869
5586
1472
9339
8640
1465
1508
3798
8432
108
8346
11849
322
4367
10606
11881
10631
6488
6767
1299
11180
6626
6726
5146
7965
8806
5132
3751
393
2845
1049
7893
2676
5047
9654
8846
3679
6404
1493
9976
11608
4975
6628
9219
3853
11261
11795
10467
5347
3782
2270
9348
7802
10547
1697
9299
2983
9728
3068
969
4052
5660
2330
6014
1509
9824
10372
5899
5884
3943
10325
10948
8340
11026
344
4424
3166
3573
7137
166
10549
5829
10350
8461
9603
6217
4975
11614
7081
3925
8879
8494
6202
9420
10197
9125
9458
8984
5643
2371
8371
4849
9875
9262
7577
3168
10104
9504
1154
1204
2694
789
2398
2923
3624
72
7864
11443
8914
5715
2268
10023
4171
4275
3832
1871
9011
7153
6832
10162
11289
8254
5369
1372
4829
9673
5315
10719
11185
86
9095
3604
3949
271
2277
8209
7384
1859
1086
7444
7409
6929
2850
3768
9667
8146
4206
9202
8228
1868
4914
5275
3405
9005
664
4522
803
4466
10933
245
2841
2270
9232
4186
1091
10632
10372
5551
1607
6457
89
607
9930
11441
7286
3875
9576
2939
11626
8677
129
11121
11795
11615
1950
11112
3219
2621
7381
2605
10178
7309
4795
7195
10129
10143
4383
7003
4943
9538
4366
6750
11043
11131
544
2146
4370
9631
1369
3660
8278
9929
3885
7304
7115
9280
7133
10982
1649
3966
843
5156
1681
6118
821
4833
2964
3853
3838
8609
6945
4945
3346
7295
4541
3542
2456
5434
10887
5122
11895
1858
3362
5901
7178
11768
11636
10269
9108
819
10861
1703
2577
1567
8757
10074
8091
10637
3216
9070
2208
5228
3716
6485
6852
9220
9581
2499
833
10402
8251
8542
7722
271
4948
10828
8452
1793
9641
8337
774
7898
2604
6494
4528
4292
8578
11813
4772
11840
609
893
146
1656
3256
1877
7099
5448
1718
9970
4563
5376
5208
11164
11778
9802
3688
2328
917
10368
6436
11366
7640
991
9618
10094
11359
62
9158
6464
5153
9648
3807
10303
8930
11890
10318
9995
9067
2745
4735
8241
4225
4486
9127
6275
4594
4538
11144
1355
5713
7522
3794
7970
9556
5234
11896
9575
9841
3699
10981
4633
9492
775
3123
11681
5446
8414
2245
3700
8452
5190
7917
7646
3933
727
2936
1350
743
4703
9639
4694
11652
8957
10757
1360
9179
9670
4207
3363
6818
6670
10431
702
2185
8087
271
5905
10564
3154
6804
4334
8247
10522
9295
11213
4700
4787
8703
11073
9648
938
1610
584
6170
9394
5940
560
7144
1090
920
4135
6803
9567
9929
2265
3514
10516
7578
10110
6005
10213
6845
1657
8535
565
1345
1642
4171
7968
11640
10968
733
10021
1356
11288
6389
3487
3166
10149
11770
6093
6496
8280
11714
6065
3680
2216
10014
11115
10842
3392
11886
4643
5136
57
5314
1873
5784
7447
629
10982
9860
3164
8440
6263
987
8790
11680
45
8478
11056
6575
1112
10067
6711
2341
6098
11520
11353
653
10133
2632
11739
5223
5829
132
7629
8139
432
2450
8906
10816
5804
6852
10190
8375
4084
8625
2202
4018
6291
3375
4315
7675
296
4111
1662
8224
9687
2276
2751
8668
6342
1495
6798
3553
9724
10366
8575
9537
3939
1547
2530
3024
1589
10247
8777
8450
9953
1537
9196
1727
925
2968
1934
1266
758
6593
4696
2242
2649
5246
9342
251
9153
3577
7035
9905
8149
11709
8414
10273
11471
4777
11485
66
449
6908
1065
10752
10721
7085
2275
5075
788
589
10615
924
6851
1297
7060
3319
9860
10747
11340
2079
653
723
9413
10467
7631
2975
9196
10720
9011
2758
4112
11486
4151
6721
8195
8363
1418
2244
4126
1700
10150
5198
2003
6971
2133
2454
4237
2849
552
4945
4377
7585
6374
10099
3562
2238
7058
11239
11739
314
11653
1547
2285
3358
2578
5018
1850
9563
3833
3863
4639
745
4177
4382
108
7002
1680
2221
3031
10879
6179
10078
8065
6709
944
967
583
9590
1907
10412
3543
4367
1540
8461
9333
5320
1656
5141
951
6936
4789
11738
8633
9815
7413
1664
6728
6280
11508
2462
1819
2522
8583
10403
5169
1564
1669
5035
8080
6319
10226
11305
291
305
7176
5927
8055
1317
7119
4643
10709
9171
11053
7092
11467
3194
11751
5234
573
577
11765
1481
2971
4684
2321
8554
5997
6803
6575
4401
6648
1098
6250
8476
7535
7024
1947
10303
9520
4720
7229
2696
5586
1604
4055
11606
2730
4603
5804
5618
11552
3372
1388
2621
11769
6292
219
5197
10402
1580
2824
10312
10965
6188
3431
5845
6230
6438
4426
2311
6035
6567
5498
7627
2012
8055
2211
11167
5901
11137
9302
922
4692
3725
9943
5991
7936
4287
8850
8213
11446
11453
11863
6856
3545
8456
5602
7788
143
4147
4878
7227
10504
4433
9071
6282
1560
10047
6805
483
9484
10124
3302
10235
3064
1806
2501
655
11530
10417
6826
68
6036
8096
3845
8236
5743
8740
7858
2702
7240
723
1803
11517
6824
4474
5036
1182
6922
11811
3045
7572
6703
3777
2348
11005
8822
2013
2250
11035
2995
3603
6125
988
5507
8335
6711
11287
8703
505
217
6507
1519
11295
2283
6907
2790
10649
2456
2314
11886
7117
3203
6605
3365
9129
8142
7138
2963
1237
6116
10175
857
11829
8340
10537
10225
6142
3343
3715
2615
5560
2331
11523
11093
1466
5865
6394
10065
6316
8222
3356
8217
11518
265
7817
6876
2012
3469
3503
6341
413
574
4728
5789
7052
1206
7980
9516
3940
10996
7293
4971
1139
1553
10580
9221
2807
8603
3577
5448
2090
11493
11752
10129
1018
4464
11614
10474
11490
10487
8917
9211
10688
7166
5078
5401
7073
8972
3195
9647
1934
866
1742
7199
10043
4015
1860
9963
6447
3276
5510
10171
10384
9753
11882
6724
2706
8709
4730
3057
5234
10919
8462
4382
6656
11075
6671
6866
11726
1412
2685
3333
978
4985
9711
1293
6632
5445
3259
993
11756
3514
8014
2893
1341
5610
4074
8826
1818
8298
11511
4572
1242
10638
9642
7879
10354
10846
10190
6208
3431
1232
3845
1865
2542
10607
512
2257
8052
6374
7917
4353
842
5122
10328
4428
5535
7065
11836
7538
7070
4184
10296
5551
7065
5676
4237
7283
11602
10725
11196
813
3170
6699
6203
4159
9967
6976
4432
4159
4456
4514
10478
7015
9591
5551
3551
1280
115
8465
1467
4411
6693
7513
5789
9824
10422
836
5441
3050
923
4205
9032
294
11188
8463
9568
6530
2381
11410
4048
8326
1671
10912
5547
4999
2708
1874
7332
402
1033
9232
4141
9119
4809
6146
6282
3418
11432
4920
6089
2162
1123
11282
5344
11212
2645
4639
1649
290
976
6408
4994
9377
6720
909
4607
11655
6587
10348
2111
9101
10114
1415
6927
5012
4532
9790
6639
6018
459
10804
2083
9331
8184
2092
3691
3414
2659
9826
6441
5270
11752
2456
784
10538
10712
196
10337
1005
7094
6643
9737
4151
10857
10467
2834
3809
8069
5220
3587
9140
3498
3003
868
5197
2468
5007
2028
5641
3799
7965
8549
10558
2451
6680
4667
6611
6437
3678
8158
2700
6659
9398
1201
4333
9728
1401
3308
9645
11390
11328
3580
4257
7017
6792
555
1365
6102
4213
10436
8071
11610
7939
515
3254
2974
6533
5545
4845
10439
6276
7272
10911
10191
6530
10900
7785
5943
9618
977
3877
7802
9022
3840
10141
9364
6767
11891
914
8266
3642
9188
4345
11525
11578
825
6835
9240
3198
2149
850
9057
9340
8552
10688
9544
1471
4805
1169
1904
4610
6595
3014
9782
3198
8149
4993
6637
6610
5772
1189
6592
4995
10248
4297
8781
1989
7165
9960
2080
2141
3909
10662
3845
10155
8978
2955
4118
4244
6358
4274
7659
11730
10588
10077
8556
2142
11418
8960
753
6321
10790
8687
10953
10980
2800
2299
6721
1256
1474
7843
11772
2427
10819
501
913
1919
220
2191
771
4674
5285
2222
7690
9107
2724
9658
8628
5829
10447
9802
4849
3714
8205
9899
11281
1676
50
5738
8518
9266
3882
4011
10628
10772
7900
11187
7563
9746
10919
390
10280
479
9336
5744
8905
4673
7931
4915
4598
8825
1323
4116
5351
1105
6526
1055
3623
1550
1715
9778
6274
9467
11735
1636
7510
3626
3036
3626
9329
4713
10585
2371
2632
4048
10867
921
11114
7264
11405
11238
5420
2882
7367
5701
9490
7441
9674
4582
7176
8734
1823
4025
2142
3168
93
10841
1110
5045
7857
5269
2977
6405
298
6610
795
6525
7058
8804
4120
5515
773
3679
11777
1475
6892
8285
6025
9340
7850
10261
4821
10395
8976
7275
8810
4131
9623
431
2798
9301
8122
5239
3232
9572
1260
4933
6686
1405
1095
5420
4731
9426
1128
7592
5657
3604
1228
4681
1672
815
11816
8666
1474
1784
4368
2038
7850
3963
8672
9051
10482
3317
3227
4019
9281
2751
80
1387
5396
7514
3381
6115
6846
1457
8097
11170
6330
4967
1833
9234
7045
1868
5185
10811
8600
8765
1728
2526
7559
9889
5642
655
8885
8223
2179
6399
8517
7508
7730
2488
3081
9406
1038
840
3513
4639
10969
5726
8720
571
190
2364
2696
7990
2988
10337
9933
8304
9280
3858
5551
1588
3926
513
7081
2410
11274
7759
11724
3278
10217
11585
6681
585
5983
2574
2307
10105
7597
11011
6683
4643
5249
7991
8053
6583
8782
9362
3692
11683
7199
7344
7853
11451
5720
6766
2288
9996
4930
1343
2950
6596
6942
2001
7518
4833
4323
7636
10317
8119
3590
5345
6343
2227
4707
1164
5126
8671
1660
7829
2662
3465
7832
10361
11380
1643
11359
5618
2680
8648
3798
5983
9936
4553
6112
947
323
3431
7778
11719
9222
5872
8509
5494
1710
4349
354
8599
9138
8558
8864
5791
1433
11544
1189
6033
4406
10867
7162
11500
5369
6649
10419
2422
4927
3593
4948
1320
6565
81
1659
5615
11093
4897
11275
9455
10918
11032
4124
249
6574
6154
2144
402
2170
5454
1325
51
1566
1706
7589
3226
3910
4187
6671
801
6123
5704
11514
6695
8685
5054
3069
2636
4597
10415
821
11065
7692
6672
6577
7
5455
2938
528
7859
6380
759
7070
4712
6581
2928
3296
7535
619
9641
4365
8536
4880
2668
11549
5134
4203
41
6910
595
3906
1542
11796
1589
9589
9117
9257
7067
10582
10968
4394
5872
5714
1121
8166
10312
7194
11805
3802
8773
1787
4434
10829
3368
10030
7550
2066
3629
11872
4245
637
2075
5709
2990
11764
5805
11143
272
4835
3557
3072
704
9218
248
10329
3183
11477
10005
9048
3961
5632
11349
6038
4772
1507
7130
1947
4437
886
1616
11181
8489
10309
6029
7995
9202
1254
684
9746
4992
7238
6308
11874
7850
11275
6627
5202
3155
1164
9115
9767
10049
4617
1137
10360
294
8317
7815
7182
3817
5762
9978
4778
4308
7804
4590
578
8537
7285
11234
10701
9040
2148
3199
11618
9920
11530
2642
9504
3648
3653
10748
8723
4321
2490
2901
2781
5662
5133
6898
7812
651
10624
5801
1599
8721
11645
3125
7122
10010
7212
9500
8987
1442
11213
2466
3519
6510
11672
8737
3945
9906
1615
9347
11336
5697
95
4000
9792
7085
10839
2217
11287
4298
11736
655
3541
6609
5360
3626
4709
3453
3498
8372
117
1602
10997
7143
4554
6796
274
2139
5987
6560
10231
5427
2623
5515
4246
5128
10090
7430
5622
1010
3652
7687
5476
9773
468
1400
11152
1870
3850
10069
11013
6512
8
8195
831
7588
9369
5894
5117
1575
11428
7817
1091
9275
9928
2709
307
1951
10983
2805
8643
6448
11162
3522
3226
11450
7150
10053
1420
11182
9812
61
7193
5982
7167
9943
2800
10234
4874
10158
2097
8133
10318
5673
4107
6197
6282
2001
1409
5865
5987
5300
3653
8691
5846
8479
6558
2354
6557
970
316
1859
6311
2715
5078
7080
10308
9621
9111
2554
9326
3368
5529
7221
10100
10517
11133
4558
11798
10002
2140
5392
1176
7535
11396
5849
6467
5840
5099
8214
11546
8037
20
5369
11321
4437
6729
2414
7160
8683
383
8201
8407
840
9825
7305
9864
8461
3548
10909
8920
7192
11127
8924
7674
3117
10654
1750
5278
7531
9556
4530
11572
4648
7434
215
3913
4525
3092
11857
11358
1723
8026
5581
5764
5247
10302
10860
9592
4373
4287
2252
11032
7897
3549
8925
3963
4953
2188
5175
4163
10179
9236
11413
9964
10154
7025
9035
290
11454
11285
10599
6324
11052
11049
5756
9389
10649
432
1271
264
6702
2255
8769
2451
8934
2315
9884
10388
9195
1852
11194
3598
5059
9928
3326
1329
11419
2363
7235
1911
588
8928
3234
4585
9264
8377
4945
6028
10101
6556
7662
6591
10741
2678
609
9291
2395
6053
7150
10476
7291
9856
7674
2474
9202
1399
2351
657
9026
7278
2485
2573
11495
10445
2347
6998
2444
8001
4391
7153
535
551
2548
4232
8881
4673
9494
3469
9719
9800
8803
6579
5544
1345
8332
10722
3815
10913
6371
2822
2402
5180
3045
5902
2511
10579
1854
9095
7430
583
11322
3574
7365
9647
2819
11534
4753
10249
6683
1291
7400
4897
8124
6964
8188
9439
8201
4512
827
8406
11767
6147
5936
8759
9069
5454
1008
3708
11204
3281
8256
11274
6014
8693
7051
7485
6128
4597
6508
2748
4760
716
4127
7856
8176
8753
3030
10544
6773
10414
7
10060
7553
11143
36
226
2090
938
7415
10932
9911
9884
1132
1508
4414
6027
2781
1468
2835
8125
3261
10456
8930
9413
10332
5885
3058
11207
5987
1596
1061
4279
10677
592
11300
7682
2153
4062
7778
1055
6248
3151
8522
901
10401
9047
4670
1128
9920
6968
10848
8901
9001
9104
7765
6933
4785
3494
3491
10219
3805
10204
6082
3794
10461
6577
3967
11276
8247
10029
3737
11279
5748
6467
8648
4429
9306
4798
4483
1313
9899
8782
10698
7938
9489
7693
7866
1545
5201
2084
9566
1390
8477
8087
3773
9329
2919
5168
5660
531
1447
4912
8948
4805
1774
11242
11652
4314
7833
5571
11532
3483
9301
3380
2464
9884
11830
5065
1213
8410
6543
2169
10370
11349
6308
570
4249
1547
6000
3450
4053
6807
5086
9989
11529
1330
840
4336
962
5750
3685
3647
5682
1842
8942
2615
845
9129
4042
4233
8806
2354
8839
5716
8062
10583
8424
10969
3489
5356
8923
4194
2701
7268
5197
1916
5354
4800
9524
4237
11190
9547
9482
8298
9785
8834
6389
3101
7835
7098
11677
6381
1961
364
4892
11125
11493
9657
4478
7162
5462
11589
5249
5513
498
6882
2548
6965
6858
7904
10858
9944
8570
8885
1610
7268
9369
9063
11569
11622
11048
4772
9865
11762
1369
9104
6783
7562
5285
4182
2223
9991
3833
847
2063
9546
10427
9207
6462
7491
2141
3362
1539
8838
9590
967
3477
9983
9200
4699
3237
2377
5268
8111
8238
8285
10743
3305
9279
5454
7071
2137
3757
11567
952
4455
9728
8950
292
11261
3484
2659
3232
8673
5896
7325
2701
3050
3318
10751
4912
6870
3112
10344
7843
3581
11747
6783
4025
6004
4440
7107
8922
4209
9613
5640
6059
2434
3694
11775
4865
8571
1946
236
561
3880
7737
5930
1307
9645
4877
10221
6732
2325
9513
10304
7337
881
11561
7338
9003
5975
10840
8990
3969
4507
5803
8904
2356
2697
9486
2882
1685
1062
2720
9551
1986
8520
2438
4621
6169
4355
9251
1165
6348
2488
2546
5410
11281
11169
6239
11443
4985
3661
5232
2783
5716
4959
410
8076
4316
7356
6949
6631
3878
9846
4871
8019
11144
398
5154
8852
9422
11478
6291
8126
7236
929
8081
10227
2791
210
1313
9025
3765
9640
6029
708
1160
10274
3356
8284
1589
2521
7041
249
8240
5506
265
1405
457
6080
7036
10242
2395
2230
1550
1727
7330
5437
2405
3180
2066
9893
1997
3472
1281
8941
6925
4240
7217
11517
6952
4071
783
7847
2874
743
1335
6876
526
8749
9060
8491
2617
7213
7376
7742
4781
2759
3696
2483
9951
2404
11691
8619
11105
5052
1712
2116
9681
5288
2445
3532
7253
3792
2427
8165
3281
2698
11026
4466
10720
979
2269
5305
6936
10948
10413
3559
886
11446
8692
7065
11132
9334
4029
5579
2988
748
4336
2050
8872
9060
10890
6309
4426
1880
2869
589
11151
5965
50
912
9604
1032
1100
6981
3613
3130
2023
1603
9334
9335
3390
6583
10670
9989
4877
11791
6257
2744
6208
9356
8045
3079
1792
5086
6737
4803
3233
4168
6991
8423
10631
3287
3043
11542
1910
5592
5263
2161
6941
10474
3662
10652
3534
3363
1690
381
5034
11804
2950
6877
6725
726
7450
8878
3419
2563
2533
9827
5099
6770
7060
4781
7204
11688
1497
7450
4813
10678
187