595
2598
1315
4509
2472
5885
4220
9090
5327
3329
5009
5134
6314
2433
9875
8746
8262
4692
7500
4025
3573
9524
2236
5740
8863
9586
91
8879
1749
9111
155
3443
2024
329
1551
7480
3122
4474
2087
373
5551
2418
6770
1039
5504
4433
9810
5572
5834
156
4517
1843
10186
164
4323
6828
2354
3883
7597
2453
6529
7476
3804
8206
2107
3076
9715
7229
5381
4376
5987
1720
7935
9390
8195
9750
8657
3276
9993
4079
3841
7567
8828
2339
2451
9928
5256
7630
3130
4346
5320
2949
9687
4524
7322
936
4819
5264
1612
48
6317
5818
3869
3479
6563
543
841
2039
10081
5354
1281
2907
920
910
8257
2641
9874
6423
4443
3786
10190
8298
7824
9833
8772
3895
1010
8920
3190
2966
2077
3856
8338
1673
6477
6911
9990
8025
1144
495
9490
8993
10350
6363
9933
10033
7106
6734
1332
2420
1695
7143
4162
10416
1947
5911
3779
9610
5974
6920
6052
10429
1575
3272
3895
8613
8008
2756
7509
3620
4308
3327
5455
3715
10083
8929
10203
1402
1750
9326
10085
5398
4081
5259
2251
6318
8758
4553
3658
2119
7529
2781
4973
8498
7852
8689
791
1051
7322
2600
5739
3037
1986
968
8270
8466
7616
3736
1562
3255
2141
9033
1103
2053
364
1577
1429
1093
2190
7746
5346
9654
2367
5058
4672
1147
2532
4922
3376
1784
6903
1499
3682
3507
7268
3832
4988
10333
7842
2369
8236
9358
2457
3324
3616
5102
3867
9184
972
2444
4374
5441
2481
7507
2127
9561
3207
1202
3187
209
1151
2449
3517
8523
565
4859
5770
4171
1026
2075
6173
1536
7513
8147
1730
10069
1656
6613
6330
2114
7506
9603
2808
5252
3866
5455
1586
1813
3955
6007
7826
629
6132
5497
6763
744
6376
4670
7420
7821
7700
2049
4971
4075
2281
10355
8913
3832
1142
10301
3383
7937
9894
6448
446
1464
9985
8213
4448
8985
3261
9943
145
9588
8532
6846
8633
1839
6768
9057
8435
2954
2235
9963
3059
9835
6878
944
6206
7603
2924
3091
8396
9258
7081
6572
7222
8903
745
3155
8180
1402
425
1697
4988
3397
6108
4730
2472
5967
5155
4146
6897
3172
4402
2635
3788
7571
5596
3263
471
3858
2768
10176
9691
1710
4803
1430
6135
7199
2903
3623
2185
1542
5457
7596
5646
7144
10210
4101
4686
5585
3816
9257
6036
2795
10091
3399
1679
6086
7578
1060
2796
6459
6684
7527
1476
8844
8947
3155
5237
7993
10122
851
1928
2965
1019
5970
875
9081
3411
10356
3453
4461
7931
4819
6640
302
1665
1722
3866
1183
3537
5543
428
113
9349
2357
4523
9901
2366
3000
7373
4359
399
7877
4051
9120
2662
2207
571
1469
7782
478
9552
370
7627
841
3265
7771
8773
8262
6501
7721
10102
273
9015
48
4292
10092
677
5539
4226
3631
10119
3183
2963
1037
6649
6496
6592
3904
6211
6941
2706
4346
9822
3773
368
2980
6971
7317
9570
5767
2472
7435
1084
10417
5402
1321
1446
7594
1023
5997
9339
1181
9922
4211
5277
10142
7948
6491
2588
10126
953
861
6159
3216
9925
8057
3848
5645
4903
5415
2103
4167
6758
7927
8743
8028
3942
2877
9708
9134
489
8714
5070
8129
7644
7149
9839
3587
6860
8408
531
7020
9463
4404
7867
1482
7265
6734
6226
8033
4522
3018
1724
7053
1104
1390
548
1479
890
1919
5353
4140
8629
4539
4060
5956
2033
6258
9143
8820
8023
1658
1514
6961
3120
1168
7896
2389
2175
2861
4921
8284
2192
6511
8228
9876
8062
3050
9802
4970
6904
8802
9846
2440
6509
5193
9145
8058
10152
2900
4173
4304
497
4779
3722
4391
3231
3496
9194
638
7881
286
5042
2548
3073
166
10488
4373
9821
1819
5529
9215
5435
6043
670
6711
4685
10450
2944
4881
6443
5379
1495
430
1680
5414
10118
8067
5733
809
1665
2005
2918
3342
4828
1498
6274
5124
1860
10292
8402
9245
1105
4678
2220
8772
945
1274
7429
9147
4304
2154
1902
5331
7622
2448
4049
3917
6643
9054
8140
9667
8092
8498
6738
844
4322
9781
6237
343
1413
10087
662
8757
8774
3214
1871
6698
1104
657
5986
137
9017
9372
2413
6365
3691
8585
4530
48
1407
9390
10453
10487
2999
612
998
380
3801
4553
5072
3597
6993
9096
7814
5310
1640
8021
8616
9248
5545
10168
3152
2563
10022
4407
1376
2215
10350
1234
10008
9849
5663
1114
783
7416
4637
6176
7011
10004
1022
1969
6501
4720
9445
7339
882
6324
3359
10217
4920
7257
5796
2464
77
339
1177
4329
9574
6829
153
8776
5124
6234
2301
7187
7262
9988
573
4231
5017
706
8515
9539
10294
7078
7739
920
9199
807
1671
2086
9204
1590
4931
6471
5712
1068
5402
9291
2968
1088
5747
8129
2439
1114
8626
256
6878
5389
4749
2779
5339
1632
5713
370
1171
1645
1198
6939
5565
5595
9118
1957
6457
9270
121
7460
233
5622
2692
3349
6428
3905
7190
9112
7109
5222
4804
306
855
8964
8686
3470
4488
2664
3616
2399
7046
7121
4269
5723
4868
6087
4
3495
1232
8041
326
3620
9039
3615
9554
4313
7133
114
2260
6758
3594
7566
2830
3237
6102
362
1395
9768
5787
3202
2476
10004
2485
9106
8021
7795
1568
631
7415
1495
7143
1218
4077
5099
8519
4745
344
6595
1048
830
8156
6171
7270
1955
9480
1268
7558
6084
9129
6284
4861
8097
2512
6999
4899
8847
8274
2063
8964
9308
9189
6713
3278
8798
2264
2061
1327
5632
10053
5990
8251
702
1540
7521
4724
5462
6049
3804
1365
2959
2514
9549
4895
7972
6429
4928
1163
4133
6308
723
6391
3258
4972
5850
2344
5771
317
1201
10403
9271
8741
424
10071
7467
1705
7060
9055
2961
4631
6868
326
7143
10156
3903
788
2795
3824
4588
9415
4771
1898
4477
6800
2898
8285
1492
9010
1729
4278
4604
1102
878
4956
3204
8972
9678
4505
9342
9692
1279
9499
8687
5692
4739
2397
3763
2161
9858
397
4281
6558
3856
1833
1452
9048
5350
7875
9907
7783
9902
1532
5844
164
7422
2532
8002
2364
10350
4630
9523
5877
6119
1692
7101
1494
9865
5094
6531
7046
4437
1009
9084
10420
4155
4484
783
9749
1488
10028
1529
4586
6537
9017
8893
7135
573
4283
4168
389
6260
4267
5799
315
9712
7796
4230
1378
10037
1507
10160
975
9606
6922
4410
8635
5398
6821
1223
4214
8698
6772
2105
5572
8301
2688
6699
4075
59
3844
2657
5203
9551
675
50
9961
5187
8829
9068
27
7595
10262
7774
1789
3899
7541
3947
9298
4927
1385
6098
8316
3264
10377
2248
340
3364
8183
2658
3505
1471
6976
5887
1481
2607
3397
9404
7895
6672
8526
4249
2137
5201
6847
3540
7834
8667
9837
186
9077
1433
7788
7781
2606
2648
4212
1903
1343
3623
1833
7962
642
592
2581
4654
5398
5824
2312
9217
3210
2186
129
586
7635
1336
5413
6201
3410
2661
766
9242
7579
1450
1642
4306
808
3156
1238
1457
3686
6327
10016
6123
2685
5791
4265
9646
1852
6179
5068
1701
5327
8151
5189
2582
9828
4617
7563
1172
4352
7375
585
4336
10435
7
9470
9542
6794
2040
8371
7123
6387
7093
4437
8183
2470
8496
8721
511
123
4009
8251
6797
4340
8169
2144
4707
7733
8607
7048
4747
6230
6006
5777
6350
5888
2159
10099
3018
2581
9989
8640
6667
1659
6961
3407
4199
6602
1134
933
8529
3332
126
375
3440
10252
4573
3141
2822
2147
1779
8492
7025
3760
10477
4802
2835
7972
6805
4532
3025
9651
3426
5448
10395
4028
4843
3534
5318
6577
7254
6469
8158
2399
5185
4100
5884
8943
5193
9150
5161
7194
2494
9514
5394
7100
4745
604
1177
365
2711
101
7377
7890
8717
6026
245
2982
3929
3300
3480
2856
1199
6587
6214
7592
8992
9946
1313
517
4971
9254
7443
8593
2605
9593
963
6022
10027
3590
7880
8352
4396
2752
898
2430
2951
1961
8184
6010
1305
7611
10380
5039
3726
5094
584
576
7067
5262
6493
9214
9486
2917
1552
2155
9661
5689
9872
8360
5469
8046
5412
1010
10062
3925
8995
4232
6021
2948
1285
3824
1327
1582
5147
7735
1363
2732
7107
7389
10057
3725
3443
2761
4236
4648
3465
9895
10274
3606
7225
3840
6095
651
2892
3408
3111
5241
984
1295
955
9614
2141
8750
6483
2143
2584
4383
6772
217
2763
4793
4574
3035
6827
1434
5286
6341
3950
4169
2285
8148
10275
6378
3991
6061
9102
10326
8013
6223
10195
6424
4783
6537
232
1175
9948
3357
7271
1991
9773
662
3158
9270
3085
5672
9223
8855
4860
4425
8774
2427
7478
2366
229
5258
1540
2021
6778
4625
770
1845
4483
4868
5423
6575
3377
5605
2566
10490
3771
7598
878
3799
9629
7267
2951
1686
2251
7441
1922
380
2387
6406
6007
9742
4305
6993
2833
5
5373
1426
7953
3508
6227
624
9197
5965
9537
4177
3695
4821
7820
4362
647
9477
6861
10259
138
8295
2046
8240
1502
3932
1154
3557
7274
8465
3743
135
8191
7262
9807
9272
4520
7114
6296
9651
118
5615
6161
10201
331
10417
2680
4090
2643
10055
8521
7241
4029
879
615
4756
5974
1614
10140
6965
1061
2625
4403
8019
9284
377
5690
1872
5784
9619
2854
9089
3833
3756
2546
1608
1767
6439
8735
1048
6821
2392
8668
331
10302
2039
6305
8997
4385
8035
1584
7854
8708
5947
3150
2628
752
339
9427
3936
8558
9242
5183
6250
8263
2913
5089
6350
1327
5536
7839
5664
1515
9077
5494
5337
4692
9658
5808
2170
3172
7640
9171
5113
4348
10024
8240
7244
5259
9674
7748
8712
8883
3278
7918
1839
1545
6936
1866
4406
651
9381
4742
3211
5577
2782
6412
54
3505
9585
10082
6560
3500
9319
8659
902
752
115
5150
1189
7625
6121
9871
5561
3572
8014
7900
5965
9902
6440
8066
9854
6927
980
854
488
1438
1750
938
3109
10039
6583
8033
9627
2425
7029
8071
5067
9843
5946
1788
10056
1815
9686
4765
1528
1075
4628
7536
6027
3123
1844
9389
8528
10378
5744
7963
1628
4429
10215
1566
871
8474
7357
5566
8466
6069
5042
436
3097
926
5500
2368
544
8015
6885
3336
2538
145
8668
4318
6082
1788
1922
4603
7828
3144
6424
6358
1024
4051
9852
984
3276
8346
2554
7287
1553
2637
1133
7417
6355
9343
10385
6521
3945
5994
8770
4317
2293
10176
828
406
10118
8629
2998
7215
8287
4120
10064
1651
4109
8372
2875
482
3494
7645
7194
3213
6928
7165
4057
319
2936
5025
1922
171
312
7568
5204
5281
913
7886
1002
942
7835
4624
4722
4168
5744
8145
2234
6934
2736
7810
6437
1523
9413
447
9393
4043
9975
6987
8516
884
3371
7310
8217
8754
6769
7074
7127
9188
7448
8234
3729
8675
10286
4533
10003
7364
649
4617
7925
1280
2064
4045
9617
257
3908
8152
6028
8387
5695
7245
1087
1864
7021
1082
10261
4433
5824
8908
3511
7171
1215
3646
8392
2256
7274
3395
9658
622
3319
5100
6881
8889
7088
5397
8269
3448
2361
4902
2061
1497
4886
8655
3759
6566
4426
6802
2325
3755
2298
8242
6169
6972
10305
1605
9810
3437
918
4146
8374
2511
7380
10336
1045
1090
4053
5119
7479
8111
9620
8932
7796
10346
3318
5374
6623
1521
4310
1450
3704
472
7873
1857
10233
9418
2938
7854
10046
3838
6330
4157
10190
6065
4603
4891
2220
7399
6231
2901
1235
3946
5092
533
9801
7057
4994
2082
4956
9763
9929
2275
5086
129
9974
7076
3953
4666
10017
5369
3620
4316
9871
3561
1073
4815
8124
1521
9001
961
9532
3469
5939
1521
5574
2234
6585
3617
7886
148
6723
1408
5685
5702
9920
4300
1315
6299
4821
3133
3516
4268
9914
630
6361
3460
4450
5326
277
563
176
3331
5349
3102
1586
7018
60
2797
1524
2310
99
2433
1306
6678
422
4179
6398
4853
6281
8783
9208
8364
3778
160
3004
9986
451
637
1478
9682
9305
8209
3806
3787
5026
2575
3567
9613
6629
8040
1517
5452
9593
7873
10091
1917
8651
1321
1670
5418
7261
4560
10068
6736
10421
1587
4106
1325
4896
6255
3163
2729
1807
6282
1775
9543
3067
1039
1863
8795
8618
9941
6720
2418
6616
1375
9862
6710
750
5728
5215
9585
5043
7297
8536
1691
5031
1703
8995
3351
7866
7318
10447
10039
5776
7419
8745
5337
10194
10178
6237
2006
70
237
6844
10146
5214
3648
6533
8506
8323
1312
5916
4464
3796
8973
6671
3849
9667
10340
412
2066
2179
10076
2223
9065
4894
7731
9470
1363
7197
5267
10040
3661
9370
8587
822
2715
5096
10427
9751
4353
4191
6339
1652
7694
247
8563
5921
6591
4122
194
7973
373
3360
7631
4367
7015
3230
2490
2357
5688
4589
7022
5044
3494
4731
3577
4781
3190
1793
8768
8401
4560
4523
4558
5058
1537
1330
5311
1190
9086
10201
5781
3000
777
5561
10096
8822
6125
5454
7546
671
6773
8062
2859
9105
3592
3440
4725
6823
4868
8659
9080
7896
735
10324
6292
9885
6683
6098
9480
2517
1076
1346
747
5401
7179
10194
378
1418
6533
5661
6816
8486
8528
204
799
10180
3274
5451
5269
1313
9170
10473
8806
6680
881
7701
3332
6284
8821
2003
7017
8836
5333
7078
7598
1593
3830
7044
3534
2489
1507
2921
4188
5572
6127
1696
1154
9619
6955
83
10390
7742
10335
3865
1193
5213
6905
733
2031
4914
2697
6824
9769
7414
4290
4516
9111
4780
5914
3820
4948
4136
2396
771
5356
700
3040
7439
3811
8476
807
4609
6326
5998
4577
7094
1612
2739
5446
4282
2965
8186
5988
4020
67
10003
3062
7115
6709
9967
10173
2698
1719
7382
7890
580
8946
5776
7084
1209
6085
5478
4210
8687
9379
6929
9772
6590
7774
880
740
6539
3864
10218
9589
2342
3787
8582
291
4753
9090
9316
3040
7445
1342
6740
5506
6439
7328
5143
9815
6302
5324
8728
4080
4455
1471
6005
1175
8238
5721
9398
2228
502
9745
6767
1651
9464
9128
3821
2611
1736
2676
3205
2761
6887
1709
2848
9554
6968
2723
2468
6773
7752
5271
3559
5054
1504
3085
1571
3073
7997
6736
9576
4700
2113
5303
8269
411
8449
3240
5882
1772
7347
5834
4466
6055
7538
9486
1841
2892
7369
3731
9405
7785
3632
4616
8652
6482
7125
3310
6333
8812
7462
2708
9604
7901
3656
7445
6366
4983
1720
4331
4166
6085
9867
3069
2038
5102
917
4949
9035
2166
8476
4028
1254
1415
4959
4434
6218
8935
4396
8042
8236
4553
10393
2727
10068
9209
9566
99
4774
1165
7293
184
8527
8801
9987
8144
9991
2118
5093
153
579
2644
10296
4308
1129
8460
8733
1715
7868
3516
3346
5075
8929
2092
2058
4607
3656
5506
3073
3416
8161
6690
9136
8702
8811
10480
2720
2263
2747
4016
8349
8821
2188
8511
10472
2172
10464
3208
5523
7137
2716
8764
7376
3153
2208
8384
5006
9825
7316
1511
5511
1221
904
4501
7791
2467
8543
6775
3395
10424
6024
7378
7503
9676
141
6693
5383
445
3710
9955
4010
7757
5479
3532
6562
6776
5407
9918
3893
2243
7352
10254
10057
857
3986
9829
9902
6941
1112
5737
8997
2790
8303
4295
2864
5797
5872
9714
4624
4636
10219
7406
9431
7209
5423
6814
10122
7807
9879
481
4489
7337
158
8648
4383
7806
5789
4684
9467
8100
961
8334
4480
3624
5879
88
8859
3154
4045
5145
3371
6359
2497
112
741
9484
3954
4822
8792
1348
4335
5346
1936
1322
1686
4060
6388
3112
4588
8030
7843
3125
616
1460
1952
6059
3537
5365
7080
1591
868
6443
8919
5244
9640
1205
3373
10491
3999
10210
2163
9480
9364
6021
1461
591
2264
109
4561
6671
3146
10492
10161
5598
3733
8420
5532
6202
664
4499
1377
584
281
8953
5476
1415
1935
4717
1392
7416
7914
7056
3686
1304
2867
159
5479
5341
1932
387
4174
4881
7001
999
133
856
6842
8063
4434
6286
5978
9541
9373
6344
6894
2025
1736
8525
7245
2966
2523
7379
4789
4894
1739
6958
614
3528
993
6349
1534
1428
3201
7660
2175
4899
3369
1236
2675
1898
7351
1365
3108
1780
10443
6129
4598
4526
10107
9821
222
4870
2404
232
3519
9510
6437
6009
3795
6284
8237
7766
2447
1991
4765
2339
5075
3561
83
8249
4456
504
3158
3740
9097
7755
2742
9948
8445
3013
4319
8975
9629
8871
2449
2616
4274
7998
6644
1112
5131
4007
9095
2131
7228
2962
1556
3566
8843
5167
4565
6049
8077
4559
8759
10446
2100
7091
6590
5390
6644
754
5536
2183
6244
6438
3233
8853
10216
6790
8689
4902
10097
8358
125
4968
9217
9991
5955
4337
9674
5823
4769
10379
10090
1761
8887
5818
793
7619
4311
554
7217
5789
9882
8249
5803
2504
4596
8918
3062
3710
954
8808
695
1457
8234
5829
5597
907
2408
3288
9401
6973
10403
6656
712
6070
1178
2999
7751
9274
10385
8793
2644
4800
4905
8271
553
7357
6742
7135
2500
1685
4841
6691
3132
6135
5511
1646
7147
4992
4151
5882
8277
8484
4887
9253
5499
4016
6536
8464
4045
646
7450
6412
2020
5141
3719
3621
7370
6515
6180
7116
9573
9326
6245
3322
1385
1081
9260
4487
2057
5155
7339
7837
5105
1830
80
4369
9630
10195
4387
2751
9137
467
4028
692
4479
163
4246
10281
7948
8362
2253
4734
9688
9413
3076
522
904
9708
7033
3944
8755
488
9130
4644
7661
7782
5468
5904
2750
10041
7729
2214
9635
10321
6724
1231
8677
533
8957
10173
7193
6324
10182
106
8117
3762
10146
1224
6673
4096
7379
7788
3077
4161
175
1719
7753
6634
7295
5371
25
7340
8399
5464
9104
4194
1625
4361
2961
8763
5134
7693
8921
9225
9093
10178
2755
10222
8607
8116
3123
6722
6974
1091
2736
7222
8543
9510
4870
4855
292
6602
9497
5729
10392
3585
3209
5591
10103
9166
4492
7444
8831
9420
4109
2653
745
6572
3313
7628
1874
4659
9232
5524
2404
8911
8890
7981
7313
6037
2585
452
9622
8780
9444
1711
9654
1283
868
7523
8546
5151
2825
4889
7696
9841
6655
4719
1254
5639
7274
1832
4574
3837
4846
4561
6419
7589
3312
879
424
7376
9999
10470
27
9846
5551
334
10302
7857
2015
8009
1512
5984
3752
6328
4430
3360
7175
3301
4182
4476
1274
8851
7983
5018
5384
9960
5639
3039
1343
1058
1535
3648
1036
6086
5316
7257
10032
1524
8078
7120
3911
3077
7204
9147
573
183
1206
5125
2744
4181
10068
3031
3569
9054
7378
9417
7595
629
1497
4655
3098
3600
786
6417
5616
8353
9308
6085
2309
7629
10129
1642
2134
4001
4040
519
650
10322
7990
1745
9020
2747
4087
5086
1761
1604
9035
6302
8746
217
6979
8530
1864
8319
1969
6353
3558
2476
7205
5772
3411
6688
2295
5427
1134
6654
6321
2862
5635
5121
8829
5814
8363
9985
6451
5556
4669
1889
2623
8553
2680
1685
4371
1190
8935
7307
9817
5721
10455
1685
2525
323
6789
2505
4686
9647
9636
76
1952
3969
6183
4835
5598
5437
7882
8924
3225
934
3796
594
5312
1580
1420
7813
2603
9764
3688
578
9376
7189
7443
4856
2845
2720
9645
1734
7471
4531
9928
7628
201
5112
10109
4793
7691
9308
6810
4099
2911
5947
1215
5490
6823
6033
3635
1445
6425
1521
8601
7201
2697
6813
3928
5255
136
646
3788
1307
8885
6514
4814
7191
8302
1116
3233
4473
8317
4471
6769
428
7940
8223
5429
7241
4929
6313
7925
5931
4710
8145
4636
968
1947
2479
6555
2124
4
1666
6191
2561
791
812
7578
8304
4635
665
3006
4945
9718
3963
3826
5790
3219
275
3022
6188
10329
8639
7148
5468
5915
9467
7436
1856
7055
3224
1251
2698
284
8017
4342
2925
2439
10236
5521
933
1584
1049
4210
6734
2634
3919
5811
9926
5111
1110
10296
5159
7997
3700
1976
6964
3655
469
8396
1381
6121
6719
7745
7964
7127
10297
8535
7910
4412
5305
9493
1487
8148
5008
4976
7939
9763
2202
493
1780
6745
8880
1132
7235
2565
9074
6685
6110
10476
9125
8635
915
4724
112
4030
2339
1597
10167
10153
3599
8469
5189
2248
1947
1846
6545
7447
2429
2716
8359
5949
8066
2864
2759
232
1626
8273
1503
2601
6688
5970
78
241
4927
3289
10058
8085
2050
6747
4725
5474
1281
8927
3741
9317
9742
6827
8650
3622
6493
3239
2435
4542
8426
5879
2963
5674
10469
559
911
9718
9652
3055
2635
6396
6887
8347
6240
9710
1116
9536
5635
7259
1016
9748
5415
2648
1027
6177
10416
6931
897
10169
10298
8821
7107
8224
7003
1362
5821
2018
7357
309
132
2735
8446
10299
8805
7279
5612
6040
3063
8840
2866
8483
9002
9680
604
8223
9528
8952
5976
7624
10190
7370
4108
5693
4417
4510
4854
4171
1166
2304
7937
8679
4968
8213
4283
1395
840
9649
1924
7565
1587
306
3741
5241
1369
8805
9821
4262
1291
4216
10279
2254
9628
8199
5956
1265
2054
283
1160
2162
7945
5617
8754
5372
9130
7629
8093
743
3764
10134
9997
897
2455
5797
383
6198
8626
5503
5591
5189
5190
4314
10436
3552
3823
7914
5114
587
4937
9234
2172
3481
4519
10389
7097
6278
217
8495
1834
7417
6213
7111
2171
4169
1434
9959
411
5105
7018
1784
4387
1598
899
748
9640
8691
803
10251
642
3285
7296
405
7335
4672
3732
3566
8935
749
5046
9260
8414
7134
2606
3757
8372
1535
1199
3601
7694
9298
3226
512
35
6013
7170
5813
8929
7174
7963
6489
9444
441
2503
8838
6859
3338
1007
4439
6583
2978
6573
1813
10043
2507
5128
3845
8153
8285
9743
9491
6171
4932
2956
3868
2718
1379
4369
3674
7644
8316
4048
8643
2807
2951
2606
9250
2371
8435
3995
5605
3034
7478
10458
9209
2701
6860
1351
508
6913
6814
8109
5667
2075
4150
3590
2457
2013
7927
3071
1461
7976
75
6394
1538
3493
8615
4626
5564
7829
6542
3334
597
6003
1452
4676
7256
5535
3348
6918
854
5430
7362
9164
2082
119
262
1770
996
7569
5488
1218
9214
2132
5320
3516
8979
7562
5875
7139
888
1252
6802
1395
7781
868
2385
4913
1793
5605
10069
1212
5267
4556
2998
4327
6619
1236
3318
862
820
4064
322
940
4938
4318
8268
7266
2489
7073
4171
5900
5358
5395
3408
633
10145
984
2978
6250
6377
3583
2517
7800
5721
3814
4009
2139
5783
496
4508
3003
4162
386
2084
3210
1902
6060
6071
2128
4808
5125
10474
2445
1733
10293
3974
780
7192
6229
2597
9565
9668
9099
3306
5422
1306
78
3487
7371
6934
751
8238
7996
5494
3554
6899
1276
5222
689
313
10094
2932
3964
2301
4858
5097
8932
6539
5090
8681
8706
3925
7804
7793
10427
978
9251
8968
7373
3788
5365
7559
10140
3190
944
5767
7329
8526
7381
8737
8237
3140
9224
1385
5945
3796
2689
2040
314
6609
8438
6872
9905
9753
7159
3183
9743
3242
5010
86
1143
7240
9030
2039
8055
7074
8580
1446
10166
3428
9263
5222
8932
3973
8702
3405
8068
3321
8401
5654
679
4436
9474
7819
9781
1892
6514
5480
9336
4161
5503
276
9742
3229
8133
1204
5063
927
1888
3083
10181
10347
8593
4372
2866
4559
8012
6435
1895
1739
504
5896
8563
6152
6352
905
68
7385
9910
7500
5642
6080
9160
5868
9944
814
6463
7819
8118
9118
7337
8935
1105
2158
4737
543
5025
6889
1329
2087
9612
8644
3320
7622
5098
5316
7905
564
9842
8822
10015
353
10240
7412
2080
9969
2579
10395
2971
2701
1825
425
10070
7429
6141
3057
8250
8749
6171
7280
8882
1451
7068
608
2764
2055
3666
3579
9744
9718
5971
7274
9688
9327
4255
1182
974
8199
10068
8496
7299
6171
1276
2111
2077
10447
1463
2954
2767
8978
5165
992
2501
9116
8289
2160
2827
2757
9197
1730
7347
2984
10237
7992
6214
120
6359
1505
10343
9931
2593
6351
10482
8561
7745
182
6962
10247
9610
2020
8750
7214
5874
10328
2939
10383
6372
1594
4557
2783
1970
6741
2219
9255
4741
5114
2672
931
4035
9620
6793
4677
7169
1364
6465
2628
7118
7247
8485
7024
3941
199
3382
4473
3836
3975
3023
7414
5653
216
146
6786
815
5732
622
3597
4433
4932
9226
10318
7147
4540
5874
4088
4117
6168
3615
3577
5874
959
7685
2336
8910
9618
936
1429
7980
1721
629
8768
9308
395
3134
4057
2813
498
3738
8167
2950
15
9018
8035
8010
5239
554
9391
9735
5966
357
5353
2236
5687
6221
8452
4132
4420
1613
6525
5987
2270
564
4707
5298
1145
2969
1776
3021
6210
10144
6957
6379
10490
7649
1050
7778
9174
2158
3053
5789
2882
9579
5902
7684
1213
2819
5855
1175
2920
3116
1025
8415
7331
8921
5099
8174
5203
1150
3238
2500
5576
1639
8968
10072
7384
4633
8851
6735
2792
7400
4237
8403
6761
8768
327
8981
1210
5450
1379
10309
4898
2366
6454
9363
5670
541
5996
7984
8484
6349
3196
9748
1491
10487
9799
3544
2522
4428
3896
6571
3743
9930
3898
1214
5210
5219
8004
813
3542
7692
9569
2845
384
6241
4629
9966
1576
778
7260
10264
5738
759
6588
2406
169
4500
3730
8418
9660
2483
5319
4227
886
4976
5682
3757
9037
1638
703
731
8150
10242
7425
9472
3247
6272
2442
6798
7108
9062
3939
6588
3033
5305
5722
1289
6131
2528
2470
9188
9780
5066
6541
3098
7570
4441
2832
1362
2717
5039
7065
463
9794
879
5586
1055
167
460
5884
1091
824
4165
477
9742
7752
2547
2250
7752
9615
8408
112
3231
3430
5063
1861
49
5146
2946
3579
8824
5631
7987
2909
3764
4770
2606
3325
7381
5208
8189
2665
1593
2593
6187
7511
5068
4455
6223
9977
2575
1950
9837
9628
5691
3865
2446
569
6291
4570
1738
7611
1098
9858
3233
6233
8703
4299
3794
2329
3856
3266
3486
2778
5796
3971
440
9518
8095
1185
6968
113
7357
5635
2568
5664
10125
5166
9969
1908
2512
8315
2937
3737
6174
3881
461
836
7469
9937
2934
5336
8452
2148
2084
5627
692
3854
7049
8360
10247
1358
9625
375
9582
341
3317
2632
8485
9491
9071
5100
5769
9405
294
10045
5954
9062
9811
6568
3580
8892
1116
587
768
8818
9505
6765
4931
3365
5602
6846
9908
6433
10018
10243
2216
2944
2169
7460
5443
1267
6996
9947
1532
9821
10130
4768
21
10476
6339
2123
1170
7403
4503
10400
9758
2417
5867
3534
7044
3210
7222
1575
3204
9628
2607
10114
2478
3534
2881
4048
9657
7262
1418
4685
6038
3388
5335
9496
5726
4932
10149
584
982
10181
3601
5209
2179
4580
5843
2859
8893
9877
663
9171
9439
6202
10326
5993
9395
1881
4867
7636
529
8206
4047
6155
2889
2378
8410
6979
5791
9392
10247
3510
4872
6591
4306
2909
1492
726
6249
9941
2157
8146
3532
9512
2151
1773
10284
4381
4917
5788
8350
2146
2626
8235
1916
8951
4807
6051
5594
9439
412
456
1554
1379
5339
9710
2169
2178
10240
5466
7536
8425
5458
812
5715
6090
1846
5416
6433
8753
4357
1238
7336
542
8546
4959
8197
6797
1271
8228
6445
8732
1615
2781
7388
5237
7082
9218
5768
1575
369
5912
1757
10125
1023
5503
3806
3571
10355
2976
8762
982
8657
7050
2967
2662
7382
635
9454
3507
3876
4673
7410
8288
6756
9382
4114
8547
8183
3407
5577
1255
4610
5504
5642
9824
761
410
3643
595
4604
9288
7127
942
6052
3891
298
4450
6478
1007
1452
56
9270
7611
4091
1883
1652
3378
838
3180
4095
9879
6281
3391
7264
5507
192
4077
9591
2136
2493
1316
7596
2675
3079
8295
8355
9798
8623
9142
2528
1759
4736
5221
257
1045
1865
2440
8199
8629
3303
9642
7686
466
10208
6734
8756
215
7530
3913
10092
3815
5022
8943
4468
7319
726
1235
779
5185
2689
4952
9005
7552
1730
1055
10239
9727
3923
4769
619
8243
5950
4696
1086
1873
9357
4332
6639
7199
5017
6960
9665
4883
1908
229
1210
3441
3053
6700
7751
4408
6408
7980
8894
7806
8809
2222
2369
3977
8833
5751
411
1228
3344
5526
5541
4631
6021
9203
8919
390
9053
4952
9008
6083
2695
6530
1008
4035
466
6625
1511
6529
10425
4343
9856
2116
2551
8277
12
4396
6957
10184
7016
7590
2711
2704
4412
5332
4305
7200
8010
2736
7055
7614
7891
6324
466
6373
8219
850
7539
5746
817
7198
9723
7959
9561
3195
3602
4773
5394
8645
2833
526
1674
4662
2826
3957
7585
8189
4289
9218
3611
5558
8311
528
2386
6525
7648
9104
2173
9873
7535
5734
7292
8964
9948
112
5621
7526
6956
6355
9275
2812
3352
10155
7874
9379
3826
4014
3582
4065
686
8701
5067
2032
543
1461
10478
8226
1632
8819
7632
899
5329
490
868
3165
1167
1768
8127
2483
3302
9691
3500
4744
4903
7155
7842
10166
6596
1086
4676
4539
2865
1854
5696
7721
4607
2969
1032
3128
9854
5738
1981
1015
7036
7973
8442
7718
5609
3443
5163
1668
3566
399
9280
9475
9243
4223
1918
1895
5018
674
548
6319
6876
3795
4815
9415
395
4008
3510
5479
9245
6191
9484
5173
401
1942
1551
10084
5207
5674
5633
6859
2221
9818
1438
6208
137
1364
5324
9642
1091
9478
5847
5131
4768
7380
5894
6810
5215
7566
8119
3027
3266
10216
3922
5439
5936
1736
8383
9103
7652
4773
3720
3687
6413
332
5505
9111
4340
400
9952
3635
6032
2632
1438
9154
10237
1088
3630
7368
5280
5052
1753
3390
10063
3595
6928
8998
2409
6357
8700
93
3598
7731
3768
1747
7766
4689
9371
940
4321
3382
6532
6269
1801
5800
9641
1817
503
1410
202
9
6880
10170
6287
7690
8186
77
10
7074
2880
5920
8000
4032
1843
2823
7019
7798
4067
7066
2418
8887
9629
1494
9956
9063
4476
1205
5810
458
1829
3148
6467
4026
6922
2387
10369
895
8230
807
7838
6485
2062
8099
1160
3676
5980
2632
4258
2781
4038
3437
7137
2723
3567
1265
1429
2866
1661
1241
5143
4777
3868
3630
9947
6704
7089
1012
1986
6742
2331
10184
1816
5102
2976
9789
9221
3158
4587
8447
1077
4742
8962
5960
2366
1903
7459
5669
1760
5618
5887
7171
2093
4617
10231
1456
8649
9211
342
8674
7260
433
8822
7641
751
9593
2149
4453
2109
5699
5425
8592
7926
10309
2089
2980
1015
5063
10248
23
5792
3990
1810
8581
7144
9469
3339
7812
655
5977
7961
600
27
9964
7459
2490
3359
3707
5070
4586
4054
2097
3595
8454
684
7884
5924
4226
2628
8122
8128
4758
1086
4679
205
339
1078
4743
4204
6980
7950
5295
3306
7248
803
3468
7797
5939
7573
3795
850
9743
5705
547
3117
5814
6295
4896
8159
10358
9709
1798
5123
7404
5285
9895
4930
1165
2081
8050
532
9531
2520
96
9086
1929
411
6920
2255
8773
3736
10416
9025
4328
6187
1309
417
7633
7506
441
3561
513
389
3563
4365
10447
9508
5867
9988
7465
3116
1137
1834
5954
2694
10112
9672
9481
1105
2005
1008
4136
9110
9141
5526
3194
6676
8145
3465
4995
10188
8616
725
9963
10211
3752
1377
810
9024
4438
1178
6629
2563
3832
10117
7005
1825
7770
7136
5952
3438
2192
3343
2380
8396
8584
9873
1881
10422
7289
1122
4718
4102
9516
1749
4023
1139
4189
4420
7760
1542
3642
4620
571
8274
8068
2614
6565
9027
9004
10365
3530
9650
3588
4091
348
3497
7636
161
5636
10499
6071
7242
5829
3639
2357
8514
8447
2911
4960
2951
1285
7160
1642
9484
2151
6010
328
3926
2407
9561
4088
7664
7435
1762
3427
4433
5603
7460
8516
6442
1648
2547
3666
2713
170
2989
1165
9975
6370
8973
5537
8484
5871
7265
9217
7356
9268
4161
8094
9886
448
7703
526
7981
6936
6878
2084
333
9861
3351
7818
1429
5452
2256
7323
6421
3436
3789
5097
8874
5542
1335
6174
10434
8250
8784
6743
7881
2953
2889
8506
1708
1591
336
3538
1848
9478
10145
3448
7916
4515
3289
7525
2299
5650
3599
6235
2413
344
6905
7666
9156
9735
6265
8027
10258
10243
6899
1397
3758
5707
5379
4829
1180
4751
6954
5808
1633
8028
10351
5276
9698
1863
8844
9634
8164
3806
5120
2420
909
10016
7339
7708
4703
9812
6320
867
9538
6971
3329
4702
8340
7426
10338
5880
4659
2583
4468
8498
3006
1965
3200
7835
10292
5850
159
1654
4493
7510
219
8479
10
2573
7554
5673
7580
9089
10457
6413
5119
7577
742
10139
2333
7848
1952
7975
10375
7656
4419
1542
1304
6462
2458
6963
3906
1746
911
7975
625
1991
4472
9793
747
8991
10239
7922
3264
612
2354
6501
8228
2676
2306
2237
1312
4101
5564
3758
2947
4978
1642
9858
2459
400
6523
10295
9620
7443
4520
8609
300
6966
9045
7926
313
5820
6268
8540
9089
1057
5665
6267
7675
6060
9113
7339
9506
3249
3235
2312
5267
587
9692
1889
1065
2720
9127
3427
2401
1368
9969
7284
1873
5197
503
10024
2007
2275
6906
4699
2356
3575
7621
5120
413
3899
8859
3938
2788
10334
7519
6229
5947
5134
2176
7500
2878
2550
767
5675
5960
8480
8735
3281
4389
1221
8869
6979
1412
1097
9301
89
1552
5729
5139
1278
8908
6241
6737
10189
4430
2295
6734
320
5925
1866
1308
8095
2666
2665
1638
4763
7880
6757
9236
9482
382
6363
5519
1381
7020
2178
6911
8777
4795
9178
1607
7811
991
5968
5832
1651
1101
9186
460
8135
8923
8754
7692
9773
216
226
7399
3827
8173
6288
7026
3585
3830
541
3976
3010
206
923
1346
7340
1312
2892
3390
3289
7257
4838
8019
2418
4648
954
6358
3221
7897
1328
3147
4516
8590
1805
5849
4620
97
10497
10362
6171
6282
9594
6480
492
1662
4832
10032
6108
8770
4607
609
2944
5431
7844
6442
5225
1780
6244
9407
6137
7164
2542
1111
8577
5068
2086
8678
4462
5799
5530
9615
5754
4536
3979
7574
9810
10451
5685
5495
453
9122
10402
8001
5837
8876
1696
3369
9872
7857
6276
8278
4481
9443
416
7858
519
10123
1146
7167
4767
7338
9183
1351
7366
2676
2312
2523
7245
4231
876
9062
6457
2469
1954
188
6618
272
1262
4578
2064
9826
2102
6484
3011
9494
184
4051
197
1754
1861
2059
9840
9293
7689
6619
3343
1141
7956
8730
868
6409
1443
847
2675
1476
4548
6975
2319
6992
5464
7151
10041
4894
1276
8044
1482
1803
806
7217
370
5380
8029
5505
7217
6784
5772
2545
10471
4839
1223
9007
9019
3259
6468
9217
4224
4350
1278
1076
1723
1976
5699
10065
2359
7404
9270
165
123
7779
605
968
3892
2736
1212
4345
3118
121
6364
6161
2580
7547
2718
3812
5987
8303
407
3409
9891
9900
8317
7581
7917
3710
5141
5616
5653
9461
8992
5462
1355
2574
3437
2355
1769
7164
942
524
6170
9838
3871
9914
7872
1324
4460
3483
7994
1522
3886
2590
6537
3527
688
4498
376
6732
2383
9599
10271
1223
9179
1308
3379
1822
8745
3082
7142
8728
1166
10094
1107
7054
4395
810
2875
7346
10253
9029
544
961
2282
5921
5357
1153
4417
5912
1454
3429
1864
10078
1910
107
8189
6166
6646
7143
1332
9864
4734
3134
3140
3361
8968
6184
240
8160
1724
5374
4383
10426
8129
4196
3552
8810
2339
4540
6497
9811
1459
4489
2189
8519
4277
2222
9307
10170
2006
6483
7492
2882
8006
5038
7205
3449
5481
4520
7972
9337
986
3725
1612
8438
2133
4748
5164
8407
4664
4722
2536
10474
1952
239
9011
3274
1052
7072
9739
4624
2345
6787
4253
9374
10032
8427
4685
4985
9568
6908
2330
145
3630
1059
9713
8568
1735
4475
2915
3889
3996
1969
6127
5472
6338
3332
5355
6954
3303
9366
9776
8365
3392
5150
3915
4919
8732
4711
5623
1045
6368
1686
1084
2386
2567
5437
4906
4020
6040
4406
6175
1331
2998
4204
3052
2855
8121
8360
935
83
2122
8890
10189
6228
2071
4377
5491
10423
6142
381
4621
7321
1893
9757
5575
4389
5958
2606
5703
8393
7536
9069
5329
7254
2029
2737
6808
4432
6924
1327
4038
4531
2813
3899
1597
5440
10277
8444
8757
3192
9817
1548
7710
10157
7331
996
5714
9683
3771
9653
5870
7424
5145
6720
644
9700
5546
1182
3372
966
8493
3162
7254
8139
8403
4532
7837
767
3702
1033
2161
5694
7912
1201
8790
10454
2918
4001
8328
3511
8559
8944
7523
8368
2289
4769
2915
2716
2866
2222
777
3501
10308
2412
6755
6804
6118
9168
2475
7154
840
6508
8150
301
3572
8301
9279
2863
3575
5449
3771
9732
1706
732
5605
6682
8866
5964
4904
10418
21
8180
9063
3313
7139
3289
4891
10255
2441
1586
10301
10384
5235
1408
5148
4400
5454
10321
897
4913
997
7927
7628
6701
6770
8998
6023
7172
8802
7145
2720
2970
9253
4216
3831
7886
9855
6072
6727
2128
2568
8368
4046
5943
10452
5602
7951
346
5880
1087
527
4016
2537
4812
7954
6853
10270
1766
9301
7284
561
2821
2355
3102
629
7268
1629
1314
3715
3874
6315
6839
954
6181
5164
2005
9558
6468
6867
1110
8043
8142
5842
7976
1245
3030
4518
278
3008
3482
1127
3097
1437
8383
4267
3631
3711
4957
2318
8762
2452
1326
1763
359
2536
275
66
4352
1421
6920
10204
2201
10411
6879
3948
29
5869
6389
3284
85
9725
9843
940
305
3301
269
9454
6924
1318
9940
1718
9207
9263
7630
8727
2397
3688
6055
4931
5711
1813
1388
9566
4975
9336
9382
685
9977
3015
5563
3706
23
7870
5670
2213
4262
8068
9891
5897
6783
7042
10276
2992
2551
10070
7684
6702
413
8178
2164
5006
8769
1926
5233
7845
7158
3489
2111
4003
4093
1147
5101
654
1374
2687
3680
1905
5510
2342
6810
1303
3106
5463
5501
7294
9638
2932
2524
2461
6479
9599
9349
6678
4300
317
7768
544
7387
9063
2804
7180
4405
2664
3066
1095
4669
10206
838
7221
4002
9070
428
8882
1419
8060
5560
707
4857
10324
2304
8702
10200
5653
2786
5368
8981
8832
4083
39
4811
75
8470
4281
6027
9225
3382
7546
1197
527
3440
2572
2264
9126
7889
10467
3309
4983
5383
4706
10411
5508
10462
7584
5293
5518
3713
6902
823
4201
4932
10186
5844
3692
2820
9394
4262
5965
485
3433
2325
3946
1072
1181
1567
1985
8560
1051
3197
6102
2894
4321
8570
2500
7060
6326
497
2590
4283
3346
3593
9092
5369
3427
1991
4814
1195
6485
8851
2629
8945
4946
4094
5583
3675
9634
7681
7048
2002
3340
9586
2048
2805
8945
3429
4009
592
8633
86
3803
6911
9852
6188
824
4791
1594
7658
4844
6562
4299
5559
593
7542
899
8596
790
9418
1649
3796
3163
8992
10452
5586
2172
3766
5936
9200
8373
4029
9503
3877
4641
8571
1685
6532
10137
5490
2304
1752
6989
7536
10334
1202
8698
2321
5333
1648
1147
4571
6596
8413
2775
10499
2760
5042
9129
2669
45
516
7774
1301
10158
3186
4322
3201
3549
886
5887
10172
7617
6514
3269
2293
1176
8241
9281
7674
7778
7551
2321
1796
2711
6224
2092
4341
1450
8285
1149
6700
7480
7666
8917
3899
8985
8992
8497
1171
1029
1888
1075
8433
5380
5147
6743
1186
6250
7874
7094
907
10491
6225
8077
5787
6644
8273
9205
1069
6723
1767
10011
9128
1482
8879
8030
9537
8967
1824
353
9940
6116
5280
2738
5534
2474
6767
5684
10473
10109
1890
3858
7233
5626
7026
1058
2021
10199
3212
7587
8635
9106
1644
6967
9882
7905
3324
8440
7296
10093
7176
10126
4550
2849
4380
1612
9245
6891
6271
6767
3752
7279
8090
415
8426
4369
8315
9644
9203
9396
8617
8715
6553
3907
4035
1304
5943
459
6060
4226
7436
2498
1943
486
3147
3471
2475
8488
7294
9949
648
3781
9643
3565
4350
8732
4577
9508
5531
6253
1005
1901
10311
4940
10193
5933
7492
4614
6969
3984
4967
4534
5311
184
9272
3524
6854
7691
2236
9380
8892
7770
1468
4038
4353
4436
9856
3234
784
3693
1315
7973
4039
1709
5731
9159
8789
5830
6052
1083
7741
6177
3439
6612
3752
8244
3432
4806
559
2300
4002
7829
2353
1505
3279
1677
5752
2460
1814
5782
1012
8455
3570
2209
7543
691
5679
9099
5419
7373
8984
4663
8547
134
576
1183
4068
6500
6841
7171
4122
2443
229
2560
6581
4428
7852
6560
4987
8649
8586
5733
10353
8179
1221
9620
4458
1378
7033
6228
3198
9712
674
4751
3943
5285
2273
745
5536
911
1336
3106
2113
1958
6633
5945
832
6872
10315
6972
9810
6847
1103
8358
2745
8644
9756
6946
4552
3536
6105
7867
7043
3487
3949
8032
2198
3966
9076
10318
1066
7930
6023
4645
10027
3088
2237
10177
2289
5661
8348
31
9119
8415
9138
8687
4935
10283
3631
5102
7131
1518
10113
3885
7363
10331
5131
9719
7546
392
7396
4698
6640
607
4790
5357
2041
10284
4742
4883
5676
4327
8825
8359
4884
8649
2862
1
5396
924
857
1935
9881
6237
6496
9034
9094
6576
5714
4910
2893
4297
9008
950
7450
8308
8054
2821
3714
8548
1788
4769
2514
4821
4693
6506
3069
3001
7390
5890
4808
7465
10003
7720
3818
275
5167
4822
7431
8365
8204
1106
2912
8183
6238
8432
4570
7859
477
7291
10232
4254
5573
9254
9548
2258
1528
8495
2225
7904
8549
9355
1228
7717
7627
630
7023
1650
8287
10335
3170
3908
8744
9345
3450
7990
6916
3733
10249
6769
3748
7830
7794
8855
719
9867
10262
7678
4468
7731
10381
5309
6273
9898
3761
3076
6563
9549
206
2823
9551
10343
1870
9925
7957
2345
1153
6135
6302
2637
2577
10113
4494
8069
7246
171
2809
2244
1790
4562
8696
5391
9208
7598
4781
1617
4279
2234
2894
4571
4226
9011
7562
5778
2595
9252
6370
647
5088
2563
6526
10257
4353
7280
7259
3149
186
7770
1363
8438
5635
169
6471
9762
10198
4120
9246
2923
10388
2078
10176
1405
6225
2188
3131
7536
282
1560
6619
5550
1153
7845
5381
8238
6168
2589
8077
7225
8603
8757
10288
930
8770
9328
2227
8315
1439
9600
8951
7765
10014
241
4091
6715
5542
2615
5192
2653
6588
8571
5419
1806
6786
2505
1124
756
7056
2764
2537
9008
10401
1759
2394
7621
9584
6794
2085
4610
10370
5699
3754
5423
6125
7322
2309
2468
4736
3937
8870
6786
3004
3870
5889
1756
2093
5217
7403
9355
6112
5420
1022
923
9208
2080
1135
3454
7887
9257
6024
9621
6003
3561
7493
7473
2717
2421
4847
4310
205
768
4135
7180
6174
2557
7480
7892
7322
1372
137
10156
7945
1131
7445
3781
7495
6425
5630
9306
5270
6674
10292
7139
8837
4910
1756
9575
5183
2839
6617
1011
7550
6546
1439
6310
5636
3887
8582
6644
4405
7177
2061
4242
1210
3273
8894
551
6865
8997
1848
511
3525
9434
6802
6321
6657
10188
9
530
9770
2749
2717
8712
7647
9575
10485
8519
7804
2405
5802
2916
3298
379
8682
4172
3581
1329
1328
380
5587
9116
1700
7173
2950
2196
4453
6191
3850
4010
3933
280
8457
9700
10280
5855
5393
6447
2265
4761
8602
6664
3674
4253
9089
3174
8921
564
2328
7343
5881
7538
5655
8280
5224
4127
8731
4686
8658
2404
1933
3191
7502
1046
789
4407
251
4877
3851
78
9370
5381
1548
6841
7323
333
8816
9750
7828
10099
1293
3210
6242
9146
249
1213
4586
5947
877
9242
4035
5267
9502
5255
5585
6151
6056
7940
1159
3513
6382
1638
6647
6006
5854
8283
9184
2589
4403
2578
5781
7885
64
7650
5939
5162
3712
7066
5592
3957
8536
2263
3321
4002
8678
4110
7817
5981
2486
10481
6896
3318
3686
6331
5626
1600
2208
4972
9192
6886
5867
5257
6877
5387
2425
5741
10348
6923
2397
2073
3717
1140
4405
8639
4649
4730
8944
6006
933
5017
7815
5835
7026
9969
8937
6328
9517
126
2523
469
7822
7527
9808
8103
8954
4363
2498
7954
1027
1643
2300
3270
4919
8427
8025
8874
9704
325
10082
9226
9496
2654
9771
185
8905
92
3385
366
6350
2208
2505
2721
6583
6066
545
425
3885
2643
8344
4767
9494
7726
4197
3432
4897
9339
3093
5420
1939
9887
5147
7413
3135
3240
4559
2897
3808
6489
1260
717
10327
1185
8620
6435
8253
3172
4151
792
3539
2067
4141
2310
7860
10334
8793
4366
7146
6268
660
85
7838
9811
5141
3542
9833
2031
7080
6128
8271
6155
4097
7985
9335
10019
5173
8693
809
6797
2628
10056
5430
4307
1637
2982
4057
2881
7473
1651
6706
5521
7206
1552
799
2609
2266
9158
7121
127
8879
1053
7664
9521
2512
6137
9068
5014
10383
8528
9036
4139
8637
3103
9790
7941
998
5781
465
9310
9888
1065
4300
89
5668
5169
4962
390
7108
2979
6197
2313
10008
6027
9027
7543
8611
7128
1235
7356
1984
8246
8541
5661
774
3131
2639
2071
4721
3647
8574
3705
1956
1974
2947
4633
9010
2755
7678
1537
9161
7443
2577
5295
8456
699
7236
964
6153
7540
9184
1426
9627
1080
4827
227
4922
2367
2766
2213
4973
5125
4983
4677
2363
5622
6181
3466
10081
3794
2730
1505
8427
3702
1852
2838
3687
8354
2647
10075
4537
10169
5169
89
10174
9027
4894
4686
6687
961
3631
9508
6029
5923
6985
6875
609
4343
4494
4070
3312
7712
533
1882
6008
7307
8596
9462
10126
803
8564
6129
9052
5951
680
2754
3632
8890
10020
3888
5187
3620
3897
5804
4186
6124
9317
736
2741
2762
501
6618
4550
9590
9704
3547
225
5922
4037
4246
2894
3752
334
6170
9614
5238
9524
1455
2098
2775
1170
2425
8919
10316
6433
4743
8051
3158
6069
3072
2393
780
4404
6019
94
5741
6637
3399
7685
9522
3465
3149
5706
4279
2569
68
4206
5514
6885
10489
4187
58
6836
8387
4002
641
3565
801
2751
8540
204
5274
8491
2139
7791
5457
5401
464
6756
5172
7021
435
6046
625
4817
5899
5335
1355
8404
9363
3259
1602
2450
8735
1750
2050
2568
7864
3384
8215
2696
3955
6858
5262
10133
1790
1567
9454
1685
3005
1052
3676
9784
9520
1777
5484
3462
3533
1593
10430
7706
4234
7073
9734
6302
4004
8806
4066
3768
2438
4152
3738
1026
1593
4256
1144
6322
8329
4752
6545
9760
1593
5526
9087
2664
8406
9491
1031
4014
7380
6857
6026
6420
6774
6427
8599
1175
1802
2738
7166
3171
7213
2224
4322
275
7913
2114
7694
9498
7817
817
2400
4256
5634
8191
2839
4942
2600
3386
387
4735
5952
6525
4327
8305
8857
9673
2796
9252
4755
10150
1891
9177
10352
4218
7682
1028
7874
8295
4363
3468
7236
7972
6339
9274
9125
2483
4914
8427
88
941
124
2130
8660
7071
8443
6117
2514
4409
3485
9756
9588
4478
875
7005
3922
2522
3266
3529
1795
5618
2187
2366
4967
2758
7416
5551
3779
1063
9533
4712
10424
3948
5598
4593
390
2643
10068
9378
8125
2290
6068
1496
2574
5504
3892
9804
1533
7149
4418
3193
6216
9514
223
5645
3142
1546
2656
6032
6096
2952
5908
6831
4366
2365
1202
7369
7505
1350
4793
5788
9574
2642
7730
1241
212
6247
2616
1629
2348
4941
1617
3287
8602
6391
7941
8281
3097
6770
3110
4842
1741
2718
4542
6261
8931
1160
8951
3617
30
5290
9161
7536
7862
4217
6078
3674
6263
9754
4451
4413
258
4191
3073
8058
4634
6719
8892
1332
9535
5056
5783
9857
3880
8560
6007
29
10236
9316
7155
5170
3126
7630
3720
6933
3700
6380
1747
5430
4905
1512
4997
7343
1376
8731
4710
1863
4700
9918
6770
8106
8075
10303
5229
7593
4294
7618
1484
4280
262
10289
6579
606
10419
3273
1397
3420
9555
9502
10332
1212
7751
4573
9582
5062
6873
3936
5142
9101
5215
7095
10248
5361
3702
1460
2053
8638
3179
4774
1822
3070
497
2754
8740
1302
330
7578
7510
8623
8328
9114
2531
2853
722
6341
6235
176
7714
3245
7801
1364
1981
5219
9800
5627
732
6881
2747
1049
9906
6675
7655
427
6618
177
5116
4785
5498
9683
2045
4729
8174
2369
1896
2400
1860
10332
8511
10187
4464
6434
5498
5806
9790
8716
1732
4577
3881
8588
3843
4712
2551
7905
8698
10142
8813
2529
3256
10492
8820
6250
10264
1986
5264
8703
4472
2437
1088
5109
6892
7085
4298
6849
9368
941
3252
7939
51
3579
9024
8171
5158
7100
5435
1930
8942
10059
4051
4858
10395
6692
5438
2386
1655
7556
5714
8584
8490
2335
1165
9196
3007
5721
4228
4304
9719
2913
8385
5286
8227
7737
1111
8136
9235
9517
7292
8695
6648
59
5309
6730
9278
6579
9220
6274
4511
834
1216
1246
7902
1783
1837
5851
9867
7605
7514
9500
8791
1950
9492
7880
8798
1090
8089
5835
1041
9540
7547
4388
2365
3964
7213
1237
3731
508
2641
773
9362
7640
10146
3797
2596
4262
4338
8530
1849
3288
7508
824
6558
7312
8327
4600
4702
2165
9074
969
5760
7976
1122
7720
6405
7023
8234
1009
10347
1418
639
6371
1152
10426
3209
3667
5504
9958
5822
10416
1805
9122
10489
656
4550
10323
987
1791
7410
9513
6745
2494
240
4678
1686
7640
9279
7541
3568
9396
2028
8700
1388
9912
3887
3581
8771
10486
4840
739
1487
2700
8263
6406
4720
4150
5492
1149
9744
2503
6864
1360
3750
6406
6964
10496
7729
3534
5718
9304
9456
3014
3969
5534
2750
6442
1410
9060
2455
2011
2173
7998
8978
5794
4989
1386
4261
10293
8653
745
1761
10320
7890
2211
2818
4708
10475
1967
1480
7914
8305
4980
8071
3187
1074
1671
2185
9935
9476
8730
9014
1630
3891
1627
4272
6798
7898
9616
1526
1165
6204
1398
6041
1255
7196
7672
2990
7867
1159
5138
2814
2754
5624
3963
6605
9786
435
3247
6002
9377
4686
2316
8973
4444
3417
9738
244
7742
6369
8652
9458
5459
7872
1313
4286
4265
1752
8158
6799
2452
5344
1008
1074
4269
5705
10421
5304
7253
5639
6433
484
10165
2873
3240
2152
8647
8813
905
9470
8937
5832
4752
9612
6537
7925
2116
4022
4250
3808
5109
5426
1950
4608
4335
9257
2864
7094
2500
2625
5392
1832
4695
808
196
3538
9034
5415
7572
9743
10484
7482
7763
1905
6253
9679
1952
7503
932
662
1775
568
7704
7440
1119
284
9061
9177
3878
6733
3907
6666
9350
5457
5338
4947
3304
3100
5860
9168
6823
4447
4861
2178
797
7079
1011
9746
495
3023
10161
1084
10095
7413
6120
415
3128
4106
7369
3082
859
9186
4281
3725
5733
8783
7290
6975
7189
579
3057
6032
6601
4402
8130
4179
6229
2356
611
9289
6724
5565
6414
3297
9472
6227
7568
4285
7170
7294
1223
2701
2159
2023
6700
1230
1125
7795
6844
9855
3092
6588
6276
6639
501
9181
6958
10333
7513
7177
1470
6378
4121
9933
2424
1054
2884
792
9283
8363
5373
2489
9795
6931
114
9520
2627
4843
8012
3264
96
6161
7922
4486
901
9531
5750
9542
7789
5249
7784
6214
544
519
7521
1622
5241
67
7049
1581
5401
457
2536
4367
6358
3294
10375
10095
10417
5472
5568
2193
2881
6815
288
3353
2307
1398
2076
4385
8551
7395
5011
664
6175
10222
9646
3407
5805
8772
170
6486
173
6373
5650
2856
674
8229
5835
9781
8935
1687
2831
1761
1154
1258
4332
3650
7033
5013
7338
4770
5844
8121
7705
6424
2260
4795
8126
3009
10389
4303
4642
2520
1355
8354
2105
2776
6969
9300
2271
799
5690
3932
9949
10480
5797
10172
2731
349
10096
3070
2179
8287
287
203
9972
10115
9356
5826
3442
1692
1575
3552
2470
5060
671
5581
6733
4230
9460
4345
4424
5360
2632
10079
9042
4195
75
6263
1854
2184
3534
8691
5183
1007
2223
2563
8420
8576
6464
307
6986
9015
5769
5479
6906
7174
2798
4009
5902
2694
1927
3800
1825
7263
10310
9885
301
2198
26
1931
9719
5170
6184
9288
10440
8862
8358
6772
8491
2338
8139
7483
435
2502
8042
9408
2083
8864
4091
4027
7726
8086
3300
7114
7043
5561
6616
3678
3957
5920
6264
255
5218
1448
196
5459
7637
2824
5597
6393
6291
6534
1459
8469
7119
5701
4851
4674
2123
7070
1476
6477
3938
1576
3358
8778
9044
3842
5210
4654
1284
1140
4239
6209
7644
1512
2142
6515
9131
5412
10009
7261
8391
3632
4321
6585
3777
1322
8145
5824
1921
6049
3340
2769
9411
6326
10115
3169
1227
10402
9793
7779
7121
1582
796
7521
9330
2305
7367
6847
217
4776
4619
6660
4779
2330
2319
9473
4144
8799
10017
5364
7554
5544
5396
8889
5488
3383
1673
8267
5750
1651
7021
1272
6341
3165
7185
422
8577
4121
8666
2477
4635
10077
6810
2204
5284
6810
4230
7836
9492
6240
3169
328
1704
9921
4849
2083
8675
8427
4344
1870
3285
9182
581
2471
2339
9113
7700
2407
9515
2785
2143
4100
9889
8841
497
1882
201
5625
4837
8136
9503
3963
8763
2452
4898
6188
5955
6179
3228
10139
8241
1015
6270
190
7270
2569
7182
5636
9315
2105
1819
6652
2522
7983
9257
10113
9713
3806
1475
8365
1152
10100
8756
8300
3712
5520
8588
2545
1526
751
3811
3147
2546
8900
6552
9357
8777
4053
1098
9938
3501
8816
6724
4103
2823
1112
5730
9116
8344
5934
5240
9555
10234
7603
3578
4669
3353
7654
6758
10469
6230
6933
5983
4853
7973
3910
10187
6275
3519
1408
6464
1072
8880
6181
2952
5665
1072
2514
4154
1603
2876
1889
8080
3757
4153
4922
7048
2188
2246
5442
2547
3161
2573
3749
4536
8103
9136
1713
8274
5037
5552
9254
2972
7971
8234
900
5806
5179
5651
5891
6846
792
9218
5427
3544
3656
5921
3482
1161
4622
7928
1520
2152
9740
6739
598
2523
6089
10074
1226
4898
4880
2307
7963
1917
1802
9006
2832
9267
6954
4172
470
9190
6193
8987
6048
9651
388
1494
185
1863
9673
8389
3565
9586
5495
655
3162
8477
3013
10245
2854
6888
9771
2156
7276
5264
8988
4059
3850
1129
5145
5832
3115
8834
1240
5977
9494
9111
8070
8758
361
45
8211
9183
4693
1180
8591
7530
7543
3184
2491
9469
6621
5747
7072
5605
971
1664
2513
5053
2945
203
6288
2287
3576
5914
902
5507
3644
8797
3858
4934
5964
8572
3346
208
7033
127
9200
4751
3513
5240
10093
3734
6511
6276
3926
4311
6157
7313
6959
4969
2085
6325
5074
7029
9737
4334
5552
8448
7810
3201
7420
2535
9613
8437
5540
5343
8124
5031
1840
3073
2918
617
4409
4416
2189
2017
4224
9561
4601
4013
2541
8211
4216
217
3986
7337
7406
7210
1735
399
5983
2510
1378
5881
4450
5588
8610
1883
2673
4732
6432
6214
5387
3209
4903
7457
2267
9778
1549
6593
7512
5860
9040
5743
6324
898
6463
2717
6398
2722
4306
2598
9745
9597
5536
2966
7673
5879
4313
5858
589
8295
2658
5765
10465
5152
2457
9649
2547
5843
2529
3544
7127
9909
3808
8060
7521
2027
10053
3629
7428
7219
5746
1962
204
1855
889
7276
5705
4286
9469
4519
381
2510
8272
9485
5713
945
7599
9127
1658
5598
7393
1676
7256
1151
455
5806
9151
6479
6004
10132
5025
568
2282
6005
7191
7811
6175
4723
9310
2103
1095
5737
10112
3708
5743
241
5417
10250
445
5940
4745
8523
8981
4866
4562
5932
6914
5873
3943
1853
3357
3294
4206
6947
5082
2174
210
10253
3237
7578
2629
3153
10194
9450
4347
1358
7970
1765
542
7784
10344
8441
7176
3900
10017
2533
6866
30
7086
3029
6932
3114
2989
7419
9247
9516
9491
203
8914
6445
786
7282
4389
8664
7539
9173
2308
1620
4524
8832
8459
6464
3772
9223
7298
10256
1825
8832
5736
1155
3815
1782
2077
7953
164
10089
6074
8000
7571
9269
4616
705
4167
1622
1931
6915
7446
9509
1679
10371
7938
5280
6636
3560
3275
9197
1478
4772
7473
4181
5820
9449
542
686
9986
1081
9950
4718
5881
5235
1610
16
9693
2196
10199
7892
5866
5711
2207
4641
8614
5568
1487
5948
5971
8862
544
3255
8319
5854
1387
6680
6767
2855
10142
871
8171
9483
6147
9375
8428
5362
5916
3749
574
651
7824
6676
10425
1725
983
1907
10182
9303
3386
4724
4129
3204
8078
10200
3472
830
227
7605
4990
6417
5843
264
5375
2340
1704
4574
6509
246
5128
356
7335
2400
4489
4767
2666
1348
1120
1125
8193
3140
7501
2293
5490
2854
2731
476
701
1998
5564
7978
5944
1683
5310
5853
6183
3311
5061
427
10098
9852
8829
677
9606
10234
9462
8821
3445
7100
1839
3189
636
7914
6285
9836
7783
7341
5995
2034
10192
3374
3971
1031
9531
10165
4188
4023
699
5001
2905
4325
2522
2075
9799
8917
1197
9074
7037
9975
4538
1232
4113
9768
4621
1521
6021
684
5967
2847
7449
7783
7961
5362
7347
5404
10258
3453
4509
5332
10011
6985
1537
8012
6277
7679
3633
2196
7274
6150
4354
199
452
1268
7586
9587
3914
2087
2544
2593
6178
4567
7007
8016
10185
7342
2084
7416
7998
4823
2385
2418
9989
7652
9609
4967
7195
8248
3787
10197
7255
440
5094
3264
9095
5162
9783
1411
4590
10167
7406
1202
8520
3513
10337
6024
10287
3046
7854
5133
2811
4160
4384
2322
4511
4215
1945
3649
2086
4072
4460
5711
2867
8799
2516
7329
3659
6866
4649
5212
163
3713
9098
6867
3129
10458
6127
8075
8896
6140
981
6495
9922
8012
9609
1866
4092
2218
7876
2115
9033
4916
9220
8064
6584
2670
9100
9385
7170
4025
7970
1691
7215
1882
3941
10061
504
8242
880
1567
308
9732
3785
8812
5146
5550
10277
7411
10474
1979
2153
6816
5793
822
257
2145
2281
6759
4534
9137
2035
8174
1893
9307
4947
8702
10291
3029
9743
10458
4801
2921
4436
4655
3588
4405
3109
5014
8138
8370
8341
1243
5398
5757
9858
5438
8449
4729
4265
9629
7958
2785
7429
1071
848
8329
4823
3433
8068
7695
8981
638
4105
297
2891
8449
6810
4567
6093
9502
2730
2293
5093
7459
5273
1857
9693
303
7548
9770
8635
10335
10338
9960
1958
6067
4897
9542
4367
5199
2684
8796
919
7160
6752
7321
4687
7730
5170
9378
6920
4526
5647
10241
2135
4850
8938
7162
1928
9940
6814
2757
4408
416
9210
1964
4733
3406
10214
10304
4674
8149
765
462
6570
8224
7490
9555
1748
4102
2506
1511
5476
7187
5190
1562
8839
9260
165
10292
3364
6637
9667
5409
7725
5575
953
787
7714
2231
10458
6519
440
3719
1335
4711
9439
7051
373
443
147
3919
6229
6483
5880
2574
2758
2779
7355
7006
6863
9516
6550
4903
1828
134
10489
720
1961
9186
8970
3662
5867
5141
4892
5164
1636
6394
3822
4208
7057
1789
8066
515
4041
1240
2492
7241
8806
1212
6221
1646
1771
10275
3660
8059
4776
1114
2507
4190
1425
2056
3809
6111
5865
1819
5114
3634
4909
282
7419
1665
4882
4634
10156
6886
550
6451
3349
3010
8815
5433
10297
6081
9629
3411
10239
717
4698
6940
3371
2765
7885
7092
9155
8465
1357
10224
2401
6908
1555
8030
7877
9332
5029
8723
1900
9557
5567
3883
2628
8587
1495
4679
2141
10056
9388
2002
4436
2208
6872
1266
7986
3919
7356
2325
5588
5197
4888
4888
6189
4996
825
8034
4513
2051
178
5949
10354
2628
7777
1174
9173
6425
7820
994
3160
201
8061
5313
9390
7993
6300
3934
7471
3614
7064
926
2886
9246
9081
3587
5478
8636
2589
3263
4839
144
2395
10173
9250
4681
2910
1365
2821
2744
6400
6175
3664
9138
1318
10367
8798
2962
8280
5527
2227
6070
3322
9360
6546
3851
7816
460
9608
285
4654
809
4670
1683
8560
2335
6348
3650
3639
3806
3612
5962
8813
2235
6490
8629
4264
1003
5459
2094
239
7055
720
1074
3904
2039
1001
2278
9775
4382
1933
1782
6071
3968
2496
9113
9513
9811
1734
7683
1091
6311
9329
9883
2919
9435
10122
4270
8443
10316
10315
3496
9142
5796
10096
9421
10333
4675
2976
8808
2443
6503
286
5540
5929
2005
2989
4827
3572
8482
403
3518
6715
3020
1361
9777
9332
2300
5158
9785
8553
4160
5260
1753
10069
8801
9609
8118
8361
1884
7215
9040
4332
3485
18
9765
6973
4202
1400
3828
4443
5057
10478
9661
4256
6796
6296
8275
9722
4875
3416
3716
7364
2
3669
446
8809
8096
7526
1524
2837
5476
5035
6158
4934
3074
5133
4762
9233
1637
6837
7442
7085
7705
8060
7842
6347
8509
9190
7416
6990
5700
633
6746
8777
5003
6656
6295
4250
761
1204
8758
6350
9530
9631
4714
6315
10290
4022
3088
3050
3505
3232
4683
1622
2971
1745
4078
9539
9068
675
9461
7731
8976
7938
8406
9621
8245
4248
3456
1614
5809
9114
5938
1597
4429
6052
8
10297
7522
5743
5367
2548
10064
3564
1195
10337
10312
2824
7454
5134
1534
2194
7041
8421
8240
310
5989
2810
1953
2304
5737
859
4832
7666
4398
8422
2794
6932
9524
1365
4075
729
4542
4071
8250
8086
3492
1060
1867
9887
8381
705
1137
4831
5711
3468
3384
9414
3440
7553
3272
10326
4280
6282
5294
6800
10358
7843
5836
5590
2965
9616
1636
2123
3860
3033
5942
95
235
347
3775
3829
6027
4078
1907
4859
7370
5351
1339
8402
2055
4098
1838
4249
7785
2901
6451
5414
4479
1484
10122
6560
72
4475
10358
8749
3511
666
10185
4416
5380
5280
4455
10326
9886
4154
5280
4540
320
673
3501
2542
5145
9474
977
307
8192
2292
3881
8179
5066
8771
3720
10391
2268
4560
5628
5335
2337
2650
7350
722
10371
1256
4556
4063
2681
7820
6600
3711
364
1986
208
10382
10189
8836
1978
7076
2701
8108
5613
8950
9354
366
3726
6932
4204
7057
6992
7561
5013
2754
7938
382
6923
5015
206
5103
2344
514
6271
9757
8712
3973
10045
10268
6754
5487
3723
8470
9576
2987
419
8328
9230
5940
9475
6335
5466
4954
2370
1739
4805
799
7795
10418
7566
10093
8358
6465
7304
8238
9375
3994
5409
8538
4661
9092
3418
1766
2217
4304
9584
9582
6168
3321
7842
5235
2664
9840
4247
4124
6136
723
5828
4702
7486
1761
7039
7627
5309
2794
2533
9956
6521
9399
7622
10043
7657
9515
10317
6272
6990
1020
4308
7178
4860
1380
1087
8350
4378
9454
1979
9989
1657
6988
4231
584
2878
5984
1595
8444
5110
3964
8753
8645
1180
2865
6872
3548
1155
2322
8252
6457
4990
2481
3682
4430
8160
4574
1057
6820
4649
6661
8621
7372
9385
1817
4984
4921
4964
6014
1965
93
2271
247
10141
7684
3911
5037
9087
7338
5304
9988
4902
2356
5218
1302
3669
1299
9941
8307
7400
5499
2495
5030
5714
848
5933
4246
9237