6680
1901
14755
8848
7005
7517
7009
6115
1346
7873
7755
5796
232
12018
12129
9473
16231
7888
8985
13564
8313
8816
11634
7142
644
6898
12631
15703
2645
5260
9878
9561
10205
9924
2067
4415
13220
9778
386
3404
3752
5502
2356
1746
4886
10099
11482
4499
14277
8752
13183
4644
12965
6375
14311
11681
3444
4601
259
3620
11693
12810
330
15718
10148
7173
8980
1539
14173
4165
12232
2705
15242
9723
1319
850
10589
9757
12296
9052
12431
6326
7316
4385
531
3542
13559
13489
3901
4618
5898
7069
9241
7289
16049
11478
10069
7930
6900
13995
767
219
4068
7948
3594
7918
14028
183
2297
11865
16099
7409
12054
1262
14635
6209
7000
8612
1492
1532
13331
15027
14677
14421
8006
15995
1110
15521
10502
14625
14632
15262
8733
10235
14330
6137
3890
5319
8287
10288
3339
6139
779
5557
1479
10422
1877
1772
228
1025
10776
14154
2984
4210
15090
12720
2968
3566
11291
10126
11544
8565
3533
1131
2463
6055
3255
7293
428
306
3359
6556
7572
11425
13540
1722
2209
6348
7836
16284
7676
9847
11816
312
10382
14920
5965
8713
801
13323
10913
1802
9374
11155
14720
3615
6332
15301
14486
14962
1266
3582
11130
11523
5846
12140
6345
2785
10399
14057
15267
8973
5877
15006
10552
7400
12476
5304
8989
8791
16146
4019
579
7594
3194
1157
3952
622
13179
9602
8757
8000
13415
640
3088
1601
5740
11195
1969
5805
10168
6077
6154
11092
10288
6435
10672
5672
5052
14758
9390
10473
10475
10005
9012
4007
10859
11557
10796
9586
13847
13138
12846
9616
4004
9459
13417
10784
878
6510
5226
7090
15750
15742
13862
10196
12671
2585
10155
11486
7487
16259
8447
2758
13065
2478
3141
8636
12230
2843
516
15941
8792
11959
6055
9103
8580
6322
1729
14744
9907
3846
10922
14456
5375
14135
15137
10485
5494
5216
9190
2444
14941
1996
10597
13837
12557
15516
5964
10452
5576
8214
9635
1510
7474
3663
8367
4737
6545
1993
12328
1640
10515
4185
13256
1671
7760
6432
2148
5704
14178
11777
210
10496
9697
6729
9497
3214
779
14870
8458
9923
4350
9324
13081
1588
6478
5140
7736
4026
10002
5426
11859
12774
3855
5461
9909
8502
673
7100
2279
10604
8576
9825
11438
14165
9991
7409
14139
365
1157
7484
15419
6321
1637
14203
9979
7172
5677
7261
5730
68
12525
5605
402
15559
15098
14709
9055
11156
299
15662
4951
12214
5002
1047
3763
12398
8312
7412
12911
15437
3025
10643
10937
12868
3803
3875
7681
5582
8229
8108
12334
8045
4268
10953
642
13963
3722
5777
11051
5592
1461
1075
5376
1051
14515
4817
11627
1747
10765
2389
2265
9121
8799
1955
11085
6176
637
6345
10757
14396
10900
13092
5707
12853
4132
14365
5286
479
6256
949
11318
12061
11687
6044
8053
10836
310
13867
3194
14529
4332
1922
1313
87
11305
5493
9416
7456
15833
9079
9320
5018
12143
564
15454
2867
8415
6311
8020
14028
5682
3364
10289
14340
2224
8221
10720
399
13847
15045
5083
7567
4361
2261
11207
6951
2233
2793
11529
2399
10384
3451
6006
964
5110
10179
3861
15772
5543
10613
6543
6693
2037
13451
15990
15998
15933
8
8754
13671
7863
409
11091
1842
4681
4059
6714
7437
10697
2447
9050
13274
15113
4697
6335
10578
5732
12047
16163
14066
1829
3104
785
8916
13802
4535
6143
9413
8558
4624
11152
2457
4375
7968
4870
1061
12232
13384
7473
4202
5132
3543
10696
4592
9688
13424
4719
9569
9598
3468
2697
6329
7606
8034
15948
1119
3768
9562
8660
29
11385
4733
5426
15394
7388
2591
13801
4593
4349
1568
12977
5061
9255
16183
12994
10107
2753
11628
4312
16163
14431
5297
7264
4644
6562
7681
11148
15695
5898
1633
14873
6598
8126
6442
4402
7603
11246
696
9220
11447
3125
13493
13302
6397
11126
4494
12666
2538
11453
5438
12930
1567
12331
8681
13757
1232
7250
1227
12891
1429
2058
500
14844
9756
5858
8958
7814
15932
1101
5923
415
2514
3113
3272
9229
6880
6840
12373
6297
16145
160
4677
14874
6609
8284
7838
2561
13627
5173
10554
15610
11018
10149
13543
517
127
16294
15824
3003
8312
2472
5115
12180
5352
1245
982
4446
11376
9076
15799
3100
15523
7364
12484
9241
7507
3461
9031
2557
9503
9731
11087
6126
15965
14834
4682
7260
1465
15564
5592
16212
2577
7508
8874
4049
5186
12158
7246
10267
2948
6413
11714
3899
1309
15932
8606
7318
10873
14558
9615
5800
1130
9832
2298
4545
6213
14882
13032
14153
11496
6632
4912
7533
13234
7872
3815
12678
3796
4309
8074
11286
5088
10562
2304
654
10529
9499
14961
10331
4035
1292
4517
3810
6495
13210
10130
2509
4252
9694
15559
14750
11249
9125
8668
4140
3555
15043
15232
8330
10900
13422
2725
1215
8582
10864
10105
16063
663
16192
8884
14376
5385
1726
6702
13802
7458
4801
15516
13509
846
8578
631
3463
13230
9571
15592
2858
14003
9839
9461
5482
14084
9188
5164
5714
7729
54
3591
11157
3455
15135
11621
10443
8358
6661
7162
7831
7109
460
2201
12702
251
11586
5968
951
12901
5837
4095
941
880
5963
2633
9653
14336
11552
15918
13549
2152
6337
15236
8679
15818
9742
11876
3492
14199
6689
7291
4350
3922
10253
5810
9418
445
7147
15559
527
740
7225
8521
9322
6456
8380
10024
1925
4753
7063
584
11930
1813
13906
8928
6500
4082
532
9117
5936
734
8027
1995
6496
404
3280
12628
2753
6473
15707
1306
1998
283
13388
1048
2108
4977
12801
710
3777
1466
513
14905
11791
9961
16219
15754
9768
10527
12583
8309
6368
1841
9226
13794
8909
1317
8207
227
10758
4370
11956
9200
15526
6743
3028
15434
15826
8140
3713
8775
13535
1043
10569
1411
14453
4003
12971
1482
2163
9107
6945
7912
1710
10187
742
4594
2512
15346
4952
6819
5291
9903
14100
7884
15349
11533
5189
5762
975
6994
2208
13557
6169
9010
11339
15775
10783
11913
15361
8329
11787
3481
12642
6241
7231
14911
8237
2940
11230
1153
3353
13563
1817
1117
14042
2015
3131
12460
14114
5493
12444
16190
2577
10429
3124
8883
11329
12194
2426
12056
5013
1442
10323
2672
7034
3148
3740
8234
12082
14802
3543
8645
1377
3418
10510
5063
12169
15409
3973
15090
1847
2485
8715
1135
5229
1881
12459
12124
7647
2652
13290
11194
7523
11273
2103
1320
8447
14935
6489
10098
6761
9778
10111
10579
6051
2263
4747
4241
15161
5688
10163
13541
12424
14925
15716
10222
6456
7012
8040
8267
9024
8575
13145
6154
2264
1320
978
4294
12634
3347
1539
16234
1268
5114
4860
14357
2925
2653
7110
12084
14740
2623
6421
999
1782
4269
8329
2393
1172
5174
6082
14680
5902
4586
10798
14535
4225
10353
13341
11787
11552
2542
2023
9986
16217
10567
13484
3251
8659
9436
3547
9200
4724
11731
4579
10808
5601
9396
1502
6749
2920
6158
11269
3864
6146
116
10673
14766
7325
6027
6943
7009
11638
10949
12316
1578
1172
5605
2717
1040
2154
13289
3144
8649
8940
8421
7778
5451
5086
9505
1281
15759
1369
3561
5742
8946
13452
8994
11341
15191
9687
9640
5764
14147
9175
964
14771
3980
5521
4472
12887
6648
12643
6068
16140
2314
14907
6753
14121
15869
12284
2836
2349
5901
2278
11321
8198
14828
2549
7931
668
15235
14359
6892
8216
14836
5767
3921
7876
14599
16269
13039
986
2234
2225
15212
12686
3476
5825
4965
8062
15556
14552
13477
6238
7431
12798
8298
6809
13570
12606
14605
14561
1250
16210
4477
5048
1805
9652
13288
6803
15220
9005
15993
9549
7115
16122
13607
7985
14338
4150
446
3778
8878
12622
13016
14648
7637
938
7670
3621
9750
5458
5700
12755
2650
7989
8525
12037
1227
16122
1585
5073
10310
8318
4827
15210
10280
5603
7067
12670
2881
1888
3516
9775
2797
10581
1423
6960
5479
11084
6917
2782
423
4867
9226
5691
14585
15805
12679
12470
2281
9980
15598
1633
13803
11967
15999
4687
5105
13162
6180
6599
14467
397
11024
3992
10844
12055
10824
1077
7431
16050
12162
2863
4301
13013
8984
8336
16242
5798
5130
8156
1457
6769
13466
1895
14033
8360
3701
6152
1701
2159
15415
4998
14912
1629
10499
11135
341
1950
3991
12109
9189
3265
8304
10755
8765
3405
10595
12462
971
1605
9745
10760
6194
13239
2804
4945
16237
3771
8876
1617
5266
11150
14654
15516
6433
9356
1003
8394
7635
4901
6482
10436
566
14340
7515
12135
1296
13489
6418
15272
4664
8227
2328
8125
656
1158
12024
5731
7848
6754
2869
14518
9867
11571
2139
8102
12403
8194
13757
11538
7534
3451
997
11335
4469
9523
15439
9567
4443
14323
5396
9906
533
12957
7058
7324
1563
9023
1190
13994
9996
10285
7905
15906
4271
5623
7830
13555
5349
2909
14664
10008
6150
6154
518
3772
15553
11886
16140
15541
14994
4762
3732
7992
2365
2681
422
7464
8054
15245
3702
14528
9250
936
11772
1330
5971
13195
2362
8384
117
9067
9746
186
3779
11586
5481
9249
11999
10887
10094
10798
3119
2381
15370
9511
10321
10199
11367
1540
665
9642
10128
7369
1564
11874
11488
1919
782
12116
7569
9567
10461
14629
6485
8599
5415
7495
10622
5800
12053
10333
9551
8984
2788
13401
10826
1120
2062
6023
15199
5173
13276
15969
9203
2842
137
12476
15009
14068
15556
1554
10981
602
5996
9146
5352
6459
3828
7172
5408
1608
7497
8470
15881
14410
11147
3100
3727
7891
9908
14327
6847
5794
13205
7665
15657
6178
2851
5907
643
5455
11138
6648
2271
8415
3009
15306
7904
8402
3286
15876
9185
7871
4557
11104
181
10908
3335
7143
336
7416
11364
11976
13079
197
11728
15973
15199
6903
7414
6144
5744
15273
5152
219
4263
14530
6054
8180
13442
12099
9604
8742
12405
4496
15703
2695
8556
16278
7490
367
13051
12468
10097
7126
13627
4223
11456
5302
11953
5264
16140
591
6548
1898
14657
14334
11411
5965
2726
6217
6063
4892
14619
4140
2518
9320
11337
5303
5234
5792
7132
4095
6457
4920
4074
6259
6249
3635
11900
9117
1978
5829
8625
10898
5621
3987
2991
1220
5745
12301
4427
6055
2270
11414
2455
10938
13542
12128
10050
4672
959
1953
7763
15004
4689
15801
4614
3663
2589
4421
11671
6140
10519
10452
13818
8849
4630
7706
4283
6831
14537
4045
5215
6338
9572
5007
14711
4047
7686
10643
11932
7713
15286
14988
5141
12390
3367
8467
11089
13119
3693
13331
14141
7310
614
9125
2395
357
1553
10160
2638
2123
15248
6056
16168
9066
10245
3493
2211
13201
2065
3580
15745
13892
1172
4694
9034
12574
1116
2065
1872
2844
11022
11828
3449
12029
14562
3531
2719
2235
15294
6378
2041
12914
11806
1192
11877
11073
5955
12819
15227
13746
6438
5938
47
14388
10396
11237
15249
11214
8103
14355
10955
12151
11203
7131
7215
14939
10529
12031
12807
14721
7163
9098
8602
7231
1098
3101
1646
10470
10967
4135
10055
7128
13069
13838
8763
10229
5241
5573
11409
12670
5088
14549
11538
14821
7009
2835
2607
10124
513
16249
15088
10058
12694
13383
3756
6875
5344
13863
9852
12472
15416
15631
8728
4197
7992
10593
153
9774
11659
8477
3250
13481
2413
7855
4087
15557
7397
10411
11509
14092
8614
4683
11596
9825
6716
8808
1409
13349
9331
13705
15286
12956
5375
12634
7088
6902
8187
1464
11412
1908
12064
9391
6887
8468
505
8176
1643
5087
3408
3648
11596
4763
80
14884
14158
7320
12505
4010
2459
14480
16131
2852
6015
11605
1997
10702
12793
1372
7993
13465
3426
14550
11254
13069
9028
13337
16057
12172
16006
13468
15569
3703
15787
10154
6168
8034
11581
7027
9269
2488
1695
15326
7202
2194
3920
2653
2305
11278
13223
6897
11276
3368
12617
13631
9569
9794
14187
3780
6923
9518
7899
4431
14101
14167
7615
10793
6970
15255
7735
11471
11447
141
13941
424
15549
15810
3105
6794
13245
4357
10289
9352
5720
4113
5711
10014
1969
5635
16261
3141
6676
5753
2375
8434
4816
9470
15992
1952
11373
3933
6341
4458
1377
130
9476
12959
12880
1999
3014
15248
12912
2458
1279
9104
822
12951
6066
1504
4052
9956
9221
4824
6805
2831
1160
14860
6932
643
9424
14307
9786
252
15445
13723
10096
2243
7870
583
10581
7081
10067
5672
12006
3492
7940
2842
2952
3039
1446
1269
5796
10154
13661
13283
5024
2003
5439
10052
9764
12979
13144
12874
2779
11673
6497
7500
12925
9859
7592
15657
12447
3324
577
5472
7650
3679
16075
5854
788
3292
8523
8690
7590
766
11929
11279
2392
3167
9984
13291
556
5925
6567
16052
14915
13133
1563
9311
50
2628
6163
4580
7875
15503
7281
2249
1124
5574
2545
6909
2242
4111
449
3686
6387
4082
7487
7723
14467
10959
5553
3280
10707
11117
9050
12340
13257
5846
570
472
11310
8083
9036
436
18
2566
13238
10526
15489
13829
5360
8800
12873
14729
5043
8667
11534
5248
9849
1796
3310
9432
3301
12422
12111
326
4116
14674
1480
2589
14778
1391
1202
14536
12682
1801
10427
7293
11943
5117
13896
9952
7949
9508
11414
4364
13293
110
5520
7689
9108
13509
3911
925
9145
15874
8424
12031
8964
927
10984
8939
15818
8808
992
8132
2173
11238
12473
10843
10278
5231
14617
3394
5236
2210
811
15508
5536
15306
9053
8153
7782
2040
13258
7347
9899
12797
11484
818
10709
2559
16028
12584
9571
12830
13719
5509
3221
9790
12618
3211
14992
113
5015
9316
950
3436
14173
2315
12120
9661
15043
14870
15763
14532
6708
16107
2468
15842
6294
786
14148
1586
1017
1285
2197
6996
10174
9091
3816
3054
12695
13865
12613
12902
16290
7784
10093
14167
11685
4186
4683
15571
11740
15720
7933
7598
8639
3274
5862
8435
5059
12316
1630
1198
14369
9766
8612
4585
2074
4686
365
3587
9190
12827
11956
5326
5033
8611
8236
13505
5315
15813
11421
15689
7969
9777
14991
14312
11884
6292
4807
4905
12591
11926
15194
10591
2701
5773
1700
12721
7052
11573
1557
3159
13337
11565
8498
3639
4256
7041
7395
8512
8270
14144
11922
13081
13081
2176
7372
6552
264
16235
6012
7152
3388
5119
8799
9702
5467
516
9599
9689
5792
5162
1016
9245
4800
3157
15605
913
14163
4652
7464
4882
15888
14762
15559
4539
9241
13714
10358
13214
2788
5443
4384
11549
7808
1342
5012
6951
6832
2762
10023
14341
13045
14391
12563
13496
11599
6019
10598
8083
11803
10360
13866
8073
11119
1040
7062
15808
538
3421
6372
9947
356
6427
14106
12589
13172
10150
2415
361
2518
7205
696
1746
7422
1600
10499
6465
3158
4972
8830
11830
15403
563
12467
3070
15889
1978
9665
7791
8755
3725
12934
2250
12716
696
1623
15548
8279
6152
8935
12701
9307
7624
9472
192
3009
6397
3975
12559
4261
2404
914
4921
1082
3986
15680
13226
6587
11693
2108
4027
16070
14767
8100
12006
11029
12412
4476
3322
3169
14784
2703
1967
12325
4813
12557
10615
4106
2731
16272
15771
14281
707
9698
14269
2856
12663
336
13783
7640
2521
1721
1116
6378
8721
1874
12739
15350
15862
1275
3482
3211
14458
6382
13288
616
8324
7280
14811
8734
11427
14706
16210
4822
4424
6962
7369
138
6390
5591
11292
11865
1260
5901
13253
9095
10390
9016
6456
7415
5565
15527
4250
13877
15005
1989
8059
14541
9075
8699
6756
9178
7522
15129
15503
6867
15873
2358
13346
8857
2273
9110
6555
3276
2673
9960
7675
1490
299
1181
11158
3408
2427
8348
8209
8201
6690
15511
2553
3495
5404
1356
2771
10243
13106
1490
10900
1789
2387
6808
3176
13959
1145
11935
7605
11301
6337
15900
8706
10472
10629
12873
933
7947
2239
5570
9329
11334
2380
10289
13784
10226
2932
12116
4740
11940
2886
7208
8840
12547
10426
2829
9142
5800
10037
6408
1386
14748
15110
7395
9835
11753
7180
10050
15496
1419
10063
7097
13251
8831
9182
12313
330
10473
5967
736
13110
6094
9620
15138
30
4996
14230
10720
15353
11970
13552
2521
3602
5038
3433
5143
6274
4768
4157
1911
752
7401
15961
2025
4570
13240
12053
3292
13170
5844
14573
11566
428
7580
5665
1951
8717
11271
6676
13017
15849
991
5934
268
7651
6136
3546
796
14445
6933
8072
9113
10288
7194
13187
16292
345
11841
12386
4431
13806
7255
11229
10427
11209
6902
5322
3294
16001
12231
6381
13679
11393
9096
6721
10940
6292
14365
6343
8744
4781
10163
8537
1080
7849
1908
10863
7760
3544
10776
3455
67
6840
14516
12619
3723
10540
11268
3018
1408
15015
1444
8128
8751
2935
4386
7152
6743
2371
5307
12678
13707
13108
5763
2349
8975
12695
1792
3553
10749
11111
12425
4521
8476
2949
7727
2122
15111
14259
10063
10833
12921
10176
2296
13325
7055
7992
7640
10357
2050
12347
5027
891
10049
8394
1735
12365
6482
9223
11262
6735
5141
14515
6075
10014
9176
15239
4693
12488
4744
12538
15968
14963
2768
14545
13857
5908
9239
12763
4603
7989
11815
9773
14376
12107
15717
3997
7503
9780
15986
14478
9657
15991
11776
13332
9021
8934
15581
1987
4926
5494
1691
9050
521
7821
5728
7088
7370
148
6786
10998
655
1140
10558
16072
3046
1228
16294
14306
8238
11393
7378
14531
5083
2495
4087
9406
11043
6480
8001
10462
11020
7382
7113
4854
6752
14978
8098
9484
11759
1780
10129
8332
15648
12926
7297
14751
3760
1979
15244
14392
2174
13490
10435
9806
16299
2773
12766
15126
7269
11321
16189
9867
3324
14094
1537
7671
5255
1767
1407
2589
2443
13709
14996
1577
13450
12190
1123
5507
5257
11077
14495
12452
13395
15790
1498
2271
15537
14222
8091
5713
13666
2284
5013
12736
12005
2587
13855
2857
1395
611
8914
7255
3468
4710
2746
14386
1333
2067
12252
14438
10418
5710
12758
15685
11824
15665
9098
13960
9710
5860
10743
5804
5788
2562
1812
7192
6218
11863
2122
15651
4558
1597
8575
326
13613
7770
12546
9081
7878
5081
10611
3659
3320
5418
4419
4911
4686
989
11557
9167
14535
8630
12376
5076
11758
10643
15751
9820
12991
7746
7608
15801
10316
1206
4828
14271
13791
1169
16130
6576
15568
11368
15362
4454
15536
14143
4675
6963
6855
14130
11100
13822
15068
7595
4325
7720
4932
678
11482
9254
2028
10824
6050
95
4393
7697
15711
5091
15948
1187
10577
10097
13791
13359
10904
14050
86
12963
14474
13039
239
1751
2233
574
5145
16092
14220
10238
12605
11861
8366
15822
4366
10071
5427
9699
12987
4439
5417
4769
12761
11638
9426
6315
6346
4504
12862
5123
117
7404
9655
13414
1206
12228
15107
15404
9041
12307
16236
8784
15721
10314
15184
1662
9287
9420
8259
16267
327
12821
13378
2906
8929
9767
2453
11588
10293
14725
1102
7893
734
3524
8527
9547
7469
585
13235
7433
3631
12425
12594
14113
13514
10937
5897
11556
4435
692
4984
13132
14718
12231
8652
4009
10840
3457
10339
9978
7969
12
15097
1839
3940
1195
7808
14399
15622
8590
6415
7526
3706
624
3765
2012
14947
7069
3640
3026
1457
15943
12919
71
12846
805
5380
43
3950
10049
11103
3887
13853
5906
7036
900
5092
11602
13017
11154
15865
9848
11934
2456
8190
16292
6829
13242
1337
7490
2555
1469
6791
14201
6607
1200
11905
3938
8707
12068
3991
1556
7144
5670
4853
15192
14313
189
5180
1945
5695
9776
4842
4875
10259
9641
13966
612
12069
454
465
12591
1420
14440
16122
7930
2253
5648
6677
15066
12488
3712
15871
10255
3201
13211
4817
3134
9082
2767
4714
3586
2524
771
5478
11466
11540
10391
9094
14969
10541
15240
4871
11736
9401
9679
12143
5875
4773
4290
1472
14155
8101
11339
3814
14233
8784
3576
2088
11455
7229
1376
9405
498
11279
6477
9873
9326
1319
7710
8940
14159
13227
10424
10518
12017
2971
271
4009
1853
3964
14676
3368
5022
3236
11770
13216
8673
7792
11927
6529
8673
1453
14682
4578
10952
13113
1212
12730
14803
9361
7760
8757
16019
3383
7773
802
1409
1454
13825
15651
14019
9147
12748
2685
5235
13342
663
10302
15004
9702
10648
15822
8032
1902
7147
3845
5055
16078
15774
7210
14104
7965
13465
10762
5870
4726
2251
8853
13432
12664
2197
4107
3559
12283
14250
8534
8663
5875
9297
9543
10408
4214
371
3827
6962
4670
9508
4007
5477
3532
2165
13622
183
1901
12599
5122
15370
7157
11048
8771
11232
10873
5673
2478
4710
6043
14326
2067
3962
15603
4826
4359
10106
14784
11411
15604
12183
9277
2223
7661
10209
14479
726
10030
9714
7563
6732
15526
10804
2271
6869
2401
809
3205
7005
5625
500
12550
2938
1880
6504
6555
7001
12790
11255
12201
9318
1450
8352
11289
2555
12210
11439
3698
1774
5177
11442
6666
7888
8123
2231
14444
14104
13354
11959
15445
12788
12107
10550
7665
5598
2325
13944
6845
15678
4390
15761
3185
15998
15058
12963
13107
1068
5865
1677
5578
10400
4682
10604
13078
11651
4174
14605
8035
8841
2715
7740
4942
1219
21
9361
1087
4256
10136
4273
5398
922
4500
8116
13820
2410
15725
2429
12942
15683
10268
11963
13681
8060
13557
11261
693
1756
8745
2551
12806
11886
13753
6958
15412
2528
4631
7621
15333
12754
6670
3241
3739
1700
11204
12074
15207
2158
14295
2142
14264
4705
10296
8880
11698
2461
8072
14824
15000
14308
714
13493
421
13100
6863
10064
14771
11602
16274
10458
8717
15832
6585
11484
15616
10601
9052
7480
6243
1320
4327
12282
12687
10173
3657
2644
11232
5631
15899
6142
5740
13413
6525
13792
6253
4049
4507
4945
6988
7068
7098
12981
2687
905
2959
11539
12050
7681
12121
2679
8431
15600
5826
13461
307
10531
5647
14600
3550
9643
3297
9680
3690
6769
6826
4167
5803
1765
12814
12162
4847
13971
12847
7811
9861
15009
4106
5226
4834
5932
3571
8450
2013
4813
3398
13133
3633
14911
14879
16049
14237
3968
13885
8722
13141
7708
4049
9068
13290
7854
4903
6602
1282
11462
586
11451
11491
6869
15498
4850
14190
6710
8170
16183
16204
8703
8601
15711
8045
9546
8100
12036
11019
3176
5333
10202
1721
8945
836
645
12701
12770
13374
4074
2896
2959
6496
10066
10576
8657
10308
5577
8540
9386
6175
1761
5002
3339
7951
15331
15502
3975
1197
6375
10132
15241
7839
4631
13497
10200
15293
2530
14028
9815
8341
13620
1223
16019
14596
7277
10614
10054
5145
9004
4653
4602
11132
9771
12776
1259
4961
281
6205
1705
13649
8053
1680
1437
10913
12129
4463
7519
9651
8458
13912
14496
10354
1881
8867
3351
14894
9542
11175
5667
2860
3790
14258
15000
15878
7663
14304
15372
12277
2633
9630
11640
11083
8661
8713
13854
8483
7657
4743
8254
3447
9941
1702
12807
12866
5278
11579
8665
6371
9206
11117
3802
15631
13558
5774
14299
7353
197
5
7062
12118
13713
6780
14504
8580
8262
2546
13667
14832
14401
6879
11526
11035
4279
3970
8036
10701
12015
9579
1286
5292
4377
13679
8194
5193
10322
532
4052
12398
8707
6455
9908
18
11410
1807
15909
8960
12240
4174
7918
10142
9399
13676
3308
4154
15316
8716
10482
5742
868
9957
6231
14575
961
13660
2979
2200
10724
7143
8572
8910
14115
812
9622
7208
10758
320
4687
12514
1910
7825
12142
3946
803
13847
10394
9983
7807
3575
9618
9655
910
14314
1235
12386
15026
4626
10556
1657
15436
15642
13974
9330
6744
14665
4953
8022
1060
6427
10173
15680
15242
13955
6995
3692
8982
12627
1737
1871
8464
9219
10347
5507
7498
6271
8506
15291
3956
6274
9509
13138
7235
1575
851
9296
13632
3989
15441
12892
14794
12357
10584
8775
4087
4392
26
969
15157
6124
13642
11397
14250
2103
7575
1960
14360
7622
5577
3041
6340
6133
1740
13597
4781
9749
441
2745
12161
13105
71
2247
9324
7554
12765
3023
13471
3300
13340
7427
4383
4035
10805
2761
3751
15784
7382
11272
2656
6116
1269
9271
13958
4777
16004
6868
15069
15313
3899
14416
15092
2166
5746
10187
14869
14058
12912
15538
13625
4477
4637
8273
6420
13049
4976
10324
12907
14764
2485
2690
4888
889
1669
15125
1906
5144
12130
2005
11013
9162
2172
14529
1088
13354
12217
12396
12356
9412
5982
8256
3398
5630
6292
6758
6755
10980
8884
15593
199
10685
16134
14158
4046
11489
5774
5838
10041
11895
13868
15643
9684
5439
8956
577
2151
349
1388
2306
3625
5587
12572
14731
2007
8500
3071
3353
11522
15202
8662
10250
9824
16277
8749
11524
15441
2206
131
13798
14298
13652
6388
4038
11922
3310
11151
8879
8726
1772
10471
467
11137
15158
2623
2770
3928
10656
5084
9505
13322
5121
6060
2434
14698
7494
8976
5594
10675
2173
10763
13960
6567
11578
15257
7653
6047
12680
3088
15849
13107
11190
14365
660
10553
2859
1359
2272
10445
4474
11808
6989
9166
15054
9961
7709
11184
13102
14738
13539
3767
7139
4607
15995
5077
15843
9353
15903
2524
3533
10560
2585
11283
8699
9224
7152
12049
1188
568
331
10695
13796
3805
5908
11253
12264
15372
763
3896
6903
8791
7830
3611
1844
414
9786
12050
7352
15591
9631
15674
14734
2073
481
7821
3082
13050
3449
4455
13477
14049
11399
9844
3705
3935
10224
3394
5625
13953
8353
5921
2169
1171
15994
11869
7919
13223
12584
324
793
3847
63
8349
15068
9557
8665
1771
10167
3416
13189
13927
11065
1175
8723
2878
2558
11433
16247
2985
7873
12905
6578
2571
437
123
14650
1897
12640
10019
7565
12539
8770
11139
6229
8081
7253
10398
12853
15019
2088
9344
12711
6708
15401
1481
11922
6281
8710
14403
12898
6407
5311
3476
14137
14101
3809
9680
6964
10089
3209
3037
4827
1746
7426
6652
5352
1303
4989
2698
1995
12415
5562
11616
2773
14856
15822
4804
4169
11088
721
13553
3799
8766
15229
12731
14211
7654
7383
2954
4737
3493
12529
14110
14024
3527
9076
12734
7423
15423
2167
7980
13002
3156
5271
16167
7782
12069
8640
2374
11218
9753
12018
1596
11602
6807
13655
14077
13884
10924
1164
2613
1529
4375
14471
1109
4545
14508
3617
14433
558
9689
5487
4669
12819
15291
16076
5105
1967
9046
398
3835
13106
8186
12250
15770
2463
11645
8365
13649
2771
11331
12732
16040
11125
3439
9194
446
15265
2012
5876
13325
11632
13110
9117
1547
13316
12626
3894
5572
7620
8091
14096
12200
9145
10076
13821
4146
13237
1267
15163
6144
7388
5769
6883
12818
8717
8249
14085
12520
1881
3655
6457
7517
10017
9623
13201
2326
7274
406
9422
12172
8755
12582
7117
1633
3632
16093
5105
9122
9462
13010
4119
8783
6768
11474
8156
6140
5971
11106
14807
164
15485
15138
8001
8670
12302
16270
13286
671
11363
10701
13519
5879
2798
14714
15812
14391
4051
2750
8416
10200
8209
1447
16078
14039
8601
9122
4729
11233
15113
1956
9685
4835
10777
344
14805
10703
7877
2417
8615
3779
10599
10008
7767
5546
9751
2185
8407
10533
3916
121
7635
7403
10796
6236
3108
12927
10442
2858
15657
12381
11028
2646
14539
5188
9418
12090
13539
8528
4837
789
15010
3216
498
14049
9546
5902
2817
9276
13936
7113
1147
11337
1148
2297
14565
4870
11425
9706
4388
7965
7782
3631
9574
115
7984
3923
10969
11637
13412
11548
8359
11432
9169
2043
14327
14768
13327
14727
12230
4742
15052
6029
15840
1521
10169
2441
12626
3670
170
16254
12712
15546
12688
4007
7887
11254
12386
988
15519
4235
4446
8784
11103
2226
9960
11590
8472
5448
1197
719
14893
3290
8541
13636
8567
5539
10528
15414
13965
13164
3546
1145
7517
8362
3888
14773
6089
12041
11697
11527
8400
593
272
10805
13809
3712
12518
7892
4092
7685
1337
15963
12968
6601
13811
4693
10918
13123
12618
5351
6102
12746
1120
9619
13359
4146
508
12537
3828
12210
15394
1582
3551
5379
6501
9841
14111
2349
8095
6258
3706
13271
16252
790
13000
8051
4544
2379
7295
545
12205
3591
8787
4837
9995
4450
1733
2633
13267
5378
9133
577
15484
6222
15692
5883
9430
11460
852
15603
3489
2203
2942
11486
10793
5530
9681
1311
13434
2391
3981
14961
16224
2425
16198
5255
3289
9916
3253
1244
11958
1824
6307
3188
14053
14008
4514
4648
4764
11133
10104
15682
4270
14287
13794
3596
5811
4725
5941
16212
2243
2545
12436
13266
1518
7327
15710
12052
11218
3978
3488
6796
11975
10494
3001
12315
4483
15507
13475
13862
8125
14927
4637
15398
4001
4952
5965
8675
7526
12242
3327
11216
10719
14274
13459
298
4437
7880
15710
6672
5523
2269
8119
15834
15976
9847
419
3391
16131
1385
349
10
15403
2296
14853
3769
9150
11992
12383
8652
8510
3107
1595
1206
9497
6032
11000
2542
2760
147
10537
15756
13225
8112
2031
8300
8834
7839
12233
4175
14240
14696
8113
4303
625
1052
779
2281
14172
4084
11640
11607
8533
15425
14892
4898
676
13632
5310
13991
13987
11146
2188
13934
1639
6427
11791
145
107
12151
5913
14990
7759
1128
8881
9069
14148
11958
13116
16075
4064
10356
3490
14671
15743
15278
13341
6821
15672
2966
2658
15353
14846
7202
12283
2386
680
13759
10421
5023
13859
11585
1801
11875
5837
7822
5083
6567
10747
12911
9200
15065
9010
12158
258
15221
5066
6273
4389
3480
9570
12198
4938
8199
6392
592
12815
14347
4621
10349
8717
2820
15628
367
4072
3695
9023
10912
1483
4216
15792
8239
14824
14059
10928
9617
4631
5172
4805
8334
9220
1185
12438
7102
3947
984
4053
9454
1303
15039
3878
8992
12013
3287
15301
13234
4544
9571
9336
15433
8973
11690
15802
14964
128
4515
14675
7753
8428
13858
2842
3832
10019
6724
15151
15643
3934
10943
10654
7413
3781
10544
15519
14486
3620
14390
13348
10670
6204
10889
4284
12182
1805
2842
3079
4271
95
10255
14364
5457
6146
6109
1327
12427
3216
11651
4691
10795
3945
15807
15436
16262
9680
13966
2309
11210
6084
1950
12263
4299
8037
5110
4276
11712
11433
6261
14465
3655
13517
1283
10518
4685
6270
15057
10437
5219
15287
13401
8458
12727
8447
7719
1087
14452
3223
15528
13596
8120
10058
6008
10897
15651
6272
14111
13572
6602
10921
10534
14128
8263
14393
12417
14888
4982
2852
11205
11530
74
2857
14136
12342
3344
14558
14271
8824
14750
3378
6277
13479
15687
5039
15545
637
1684
10245
12648
9093
13467
8791
11318
8792
7055
4564
5117
13752
7934
12583
5145
4893
137
9448
8175
5246
12421
15207
4033
7306
10820
102
12162
11016
541
1327
2878
10791
3873
15070
13961
10777
14514
9825
4526
13099
3979
10282
16185
3422
6327
6735
2909
16152
726
4826
1907
3347
7026
13226
12258
2197
5104
233
7489
14768
1162
9339
13846
15543
13844
11266
10979
8933
14362
14306
11136
5073
14960
14916
13635
3653
12224
7023
4923
12779
14651
12542
11676
3390
2186
6897
229
15471
7136
9314
4270
1164
11056
11799
12857
6557
15161
575
6902
6729
9480
8160
11699
15520
3907
14378
7050
1150
12487
13134
5850
790
6063
16243
10925
14924
8642
13990
8589
6741
3147
9221
13827
11362
6578
12685
10323
8372
2081
13543
5445
9122
906
12719
15134
252
14220
2285
1758
11810
8644
1128
8198
4685
5917
14918
5163
466
7349
6319
2487
478
3616
10034
1368
5206
7471
800
1193
2400
16229
5807
2624
10401
8974
3829
10881
12198
7707
5440
7855
10067
2913
8391
4248
14068
10412
13239
9305
10497
12596
15135
14508
9739
2439
14185
13458
9638
16179
909
7821
8440
3546
4177
7802
6861
11696
6911
15683
8732
5976
7831
11431
5779
3510
2033
10061
6006
2908
7937
13711
5668
2077
16268
3586
7118
11908
13313
14060
2870
10389
13208
12952
1010
12926
9699
1141
2949
2309
6320
1843
1383
4304
15178
15875
1683
9578
7067
14026
5499
270
15420
3990
13314
4748
3630
18
4291
1631
12787
3235
12809
12669
1630
9168
14126
2762
12133
1217
9539
12887
6788
6224
10674
1802
7279
7224
1948
11188
2547
14623
8856
6717
10822
1562
8894
5650
505
8461
13583
1584
3394
8333
4992
11187
1344
14303
2703
7899
4614
11409
479
6651
7002
6705
10724
2476
14657
2845
11751
2217
1623
10048
5644
3737
9422
7767
16086
5100
11813
5457
14481
12328
12601
12362
13635
6353
549
319
10356
12073
7366
15801
10756
9900
8494
375
322
3467
7849
4133
9829
16088
974
15925
6105
1639
11737
6054
6710
2065
1400
532
14898
13441
11383
2029
2545
15867
14401
15327
1993
11063
15416
451
8876
427
6479
14377
11592
2701
14593
5816
433
1657
15116
9423
5262
12912
1914
7276
6950
11026
10040
9356
887
5620
3134
8449
2125
14835
15049
6401
403
12254
13700
6532
16284
10868
12995
5672
303
3672
156
11224
1743
1195
5905
1415
8318
14187
13417
12179
992
9935
3590
16197
6016
6922
2301
3482
13568
10356
6810
12761
3787
9302
7399
2545
10813
9267
1130
9249
14437
2194
203
11171
3883
2203
14644
14559
8072
13662
472
13352
10577
8960
15038
15040
8654
6991
55
109
4925
12113
11160
13709
1576
15581
13106
9452
1049
4147
4070
6432
2748
6
11168
10004
3987
13150
15393
2166
2101
12003
10698
12720
10600
9303
8788
15931
6044
4262
7583
2625
10401
6111
5387
11722
3388
7566
14418
6018
9999
2909
9248
12040
6183
2941
8951
2597
3286
6002
9091
11806
10355
14917
12583
12168
9612
15948
10213
8660
11516
4337
6512
6858
10698
14724
13470
4002
16112
14770
5474
8348
4143
5497
4949
14972
9827
13122
2709
11608
7231
15808
6600
7007
14035
493
2850
9272
15821
4795
3282
12465
4291
4781
10963
3181
10440
6997
63
4157
15059
8732
3278
1453
15993
12855
7451
14311
14675
5243
3757
3376
3019
8804
6190
6760
2250
10202
5791
10827
13054
11164
9453
1782
15420
14590
2539
577
12402
2326
7863
6117
6830
4067
14471
12483
2252
8852
16211
13742
10031
10018
7423
15838
3777
7749
4648
7794
3053
9382
11042
5704
4495
6718
13533
7194
3695
13099
10671
1357
5305
10311
2028
9901
16062
6421
903
13390
5314
4802
6166
592
1387
3860
7576
2354
9400
7692
9483
4534
12680
4325
4801
12048
15061
9836
7140
15645
5687
8385
4840
12499
9035
9131
14347
7609
5871
1140
4711
12553
9032
8989
1445
424
10473
2867
2991
16066
673
8941
11166
14268
899
219
4339
2212
4058
3287
8606
11049
6054
1744
12053
3208
14285
14894
11729
14818
7656
7293
1565
3622
11090
16247
8658
8401
1764
4946
958
5423
3106
14088
2264
10001
2370
7102
13439
9912
15327
2432
6081
11481
13556
8108
5050
15640
697
7751
6205
7194
2490
5783
5757
6526
10892
12091
13362
8909
2892
7948
10368
2487
13931
8718
14202
2600
5999
4910
15727
2252
11744
8336
1576
13345
13267
4719
365
1648
2190
9749
8205
15254
6583
405
5618
11498
4233
6703
7415
2239
651
12983
8416
3209
11819
14967
1099
1146
15746
2270
9812
2092
1635
10327
917
7170
9715
8247
4559
4703
11466
8981
12552
15336
8500
11178
11257
15387
9907
676
12124
11677
9240
1350
2557
9253
7358
3280
2613
12346
224
15964
10677
2775
8343
8773
4820
4733
5374
2378
9445
13404
13335
4361
10459
1581
13840
9865
12893
13838
7807
5702
5697
13345
13451
15594
526
647
4506
14166
923
2799
15210
13511
6495
8155
6612
9075
5718
6838
13757
11275
6059
9124
2405
6189
4367
16201
15913
6915
9403
12573
14806
5724
15244
368
9847
8654
1670
12853
13595
3167
2213
12484
5099
3029
5333
6723
12470
14836
1874
1494
2911
4290
11307
12388
15608
4321
10361
8267
14292
309
2674
8438
5889
12705
139
11965
8557
11458
11239
9085
949
5823
9224
12924
15310
983
1729
6563
7943
2758
11015
3684
5783
1957
7986
9065
13322
12915
378
14567
14034
6375
1504
8678
15218
9190
7464
9420
7172
2759
1481
9003
8088
14958
14858
7187
3738
16111
6068
15273
9757
7757
1582
12558
11307
9500
2767
11201
15250
13232
14865
14108
9595
12694
10973
13052
14988
10183
2270
5992
7650
13350
6302
11633
16284
14599
8142
2457
16206
10166
1404
2671
14643
15384
15501
11253
9866
5935
16267
8809
7192
1848
6968
7738
606
1334
4328
14935
16041
1665
6863
15425
14772
12870
11593
8412
3905
13993
12548
11399
4275
5175
10957
5428
12808
3089
2398
359
6897
15442
10435
10126
6038
2841
1415
11873
12725
13656
5029
6800
1480
3071
11524
8627
1453
12793
15891
15745
2049
14959
5934
12676
1018
6460
14088
3366
638
14551
4848
4902
9035
9828
6673
12418
1995
268
3263
5395
705
14726
12350
13257
10333
977
4274
5521
11092
11336
8311
12126
5513
11328
2838
5513
13371
324
15855
15637
12576
15950
1864
405
2015
300
7227
15812
2209
2088
7487
12229
4727
1752
5713
4268
2645
7723
1301
142
7731
11019
12188
4655
13103
972
4207
4884
5923
9814
10900
3292
5611
9944
14677
10505
6626
13886
14672
6805
2368
5428
1885
8727
7263
11593
15530
7065
3970
16119
12136
1273
856
4744
4742
7298
10615
9976
15890
12704
9565
64
8939
15308
13567
397
593
309
9425
12209
12084
10598
7928
9484
15282
13751
11275
2457
8547
4488
11843
3343
3583
11258
13536
5183
8462
3344
10431
7379
11386
9156
1065
6375
10504
1465
12505
1771
11448
4321
4250
13613
6663
13927
7718
6732
10001
11715
15481
7826
8396
251
2519
14958
15011
3002
200
2132
13035
10127
775
1468
5225
933
14644
2354
10793
1215
5794
3460
6027
13242
12704
82
14785
9601
1680
6898
2869
2793
5585
11690
14017
2543
10001
751
3763
5176
4331
5437
14900
10653
8536
15450
7353
9298
7149
16276
3333
2879
12876
5488
133
7584
14380
719
4393
9620
10171
8911
3734
8610
11450
7844
8520
5107
646
10252
6154
9327
6675
13369
4400
979
13771
8451
5748
1985
4053
4449
13049
9158
7347
12204
210
10079
2940
13129
16106
12418
14407
15016
5425
7040
65
12111
15746
4491
16044
9842
14157
11797
13443
11941
14633
235
1153
1088
13916
6826
2256
1523
14912
12664
10520
9319
7951
2029
10528
9749
14780
11202
5364
14925
13654
5876
525
14902
3363
14943
9830
15785
3937
864
2705
477
13874
1719
11012
12591
2788
3245
1631
8076
11149
1502
5804
8175
15406
8165
579
12406
13706
13171
881
8523
10139
1100
16117
14098
8369
1327
7119
9601
13662
11616
1752
12127
11258
4809
9708
11592
7389
2888
12009
7868
14211
15876
2782
4994
16157
15561
15543
12704
3966
15506
13814
5569
12362
5647
14330
11024
5978
13237
15862
3889
3477
12092
10003
3553
10846
2889
12685
11917
3037
14584
477
11694
14075
15352
5273
9312
14859
3751
3776
15083
15609
6867
187
13878
15974
10689
11836
16024
2498
6485
3358
4533
2597
10154
16267
9191
4417
12832
15071
377
1863
11113
1723
10244
7872
7904
7282
1594
10580
7717
8033
7393
77
12784
6104
13285
14651
9515
155
11099
3420
1743
379
2531
14955
12491
836
7370
1402
499
8843
14254
1255
7937
1408
13667
13393
3278
520
12748
12403
9940
4204
15985
11373
15144
823
2706
14099
6898
11213
13558
9609
11848
3160
4
11387
11762
13033
737
9780
12101
463
14946
15641
13421
6639
1633
1752
9628
12660
1650
7404
15517
3775
7678
9205
7612
4442
12442
5521
5140
3881
13213
12708
12929
12293
5930
5080
740
15456
14598
12501
3320
10749
15043
8339
4703
7499
8881
15858
7714
12473
6274
416
14891
11710
12567
12606
7639
15466
8690
14963
10309
1528
6637
6093
13528
5055
13108
10579
14186
14361
4347
8112
4618
15931
2826
7285
10362
3580
110
9893
9107
1810
8915
3269
11353
15267
15400
5327
9745
11625
5456
15918
5916
4052
4101
6405
7340
11486
4967
1940
11212
2835
9402
38
1334
6024
6573
15309
26
1514
4455
8510
10905
81
13019
11623
5805
3233
3495
7829
7492
15942
2512
1556
7415
667
6682
10438
15940
3049
1433
6988
2788
12703
8570
926
11898
2057
15320
9446
8647
10845
12732
12800
3375
10712
9483
14660
10600
15795
13183
7372
9508
377
11471
9255
11203
13701
4646
12706
15404
5743
5598
5303
8966
7343
6662
1873
2320
7862
11000
5562
3971
9069
185
10001
6531
493
12782
9937
13104
15487
5958
3370
5364
7385
12465
5007
15793
11580
811
16274
477
13963
4444
260
2609
9711
14108
7419
14182
12414
5435
7711
2952
13443
3486
10924
10755
7924
6348
13294
498
15148
9954
13772
14813
12796
730
10772
6088
12379
13573
2277
1825
1597
6549
2386
10748
1490
3769
5191
15563
5962
2561
13089
2938
3137
7943
14901
9099
12885
12909
9126
1230
8077
1205
9819
7141
15808
4421
3738
1312
10681
9755
13426
9785
9968
11662
3005
8551
2677
823
11905
12980
12904
6745
2529
11345
240
8898
9116
3227
11715
2303
12006
13807
10545
3854
10884
4819
5731
2418
1730
5658
10335
10384
11476
4487
5060
7106
12769
2316
14400
12422
2727
5102
9419
1167
7650
15118
8582
15402
4453
1131
6931
3108
12802
6833
12761
13899
13572
9658
2110
11953
6893
15987
1845
5337
7559
6526
11794
6372
15365
6671
5343
791
15765
5670
16056
15170
12757
12674
12361
8413
15081
9922
12013
9760
3072
5938
8799
6291
7696
9440
3448
14362
10601
8557
6414
3406
5323
2405
13103
6890
8439
3930
13562
7233
9115
12188
3196
14580
13429
11655
9195
8875
4414
443
14257
7374
1516
1432
9919
2508
9476
2620
10564
694
8665
2864
15040
6386
4744
7421
12491
13193
1932
15090
1637
12984
7395
1989
10511
15497
11453
11254
12275
13100
11651
9722
1367
3114
7622
14966
1481
12596
859
8410
12407
1886
3208
3592
14870
8585
16020
11759
12059
12238
7760
2399
8298
13255
9146
727
13900
16108
5082
1444
12287
10589
2673
12899
14993
5361
15450
1366
8391
1883
13665
8948
15435
11576
2375
8633
10920
11915
5331
854
3245
4040
10159
4728
9260
7760
7997
2474
14822
5137
7593
12100
2485
6087
15395
14846
8281
5845
14023
4691
12487
4100
13382
9548
4864
13232
9948
9367
14707
7227
14441
12553
3835
7322
12702
14947
8644
197
15009
3632
10836
8568
808
14886
14115
15681
1505
3874
4579
16078
2426
10239
2841
1246
13324
14638
4502
11925
11330
14626
6061
4631
2194
5586
6120
12786
14957
7828
2680
16272
6792
10509
13742
15961
16194
6730
8576
6175
8058
3877
15199
12881
4502
16121
7661
4425
8861
12785
5003
10968
3344
9713
12243
9340
10284
12576
5324
6177
11053
14370
452
15353
16113
2734
14384
11587
1887
4840
3906
9891
2625
2030
10934
15675
15667
15592
1585
3470
13188
10046
2391
5796
10735
6179
11260
14600
10445
14462
14143
1714
5610
6038
8720
4479
944
11854
1838
13007
13515
6111
3583
9165
1016
2251
7970
11746
3709
7325
15989
13768
13746
10251
11260
10160
15814
11497
10861
9813
8898
3474
4518
7655
6695
13361
11111
1478
3217
15905
4214
393
1724
8248
12035
15464
6014
6406
8391
13024
6391
12238
4848
12935
12644
12925
15393
13598
7630
4395
16179
13315
2235
7505
3901
840
408
13293
15468
6898
10118
4526
7924
4227
12319
432
4474
9739
5237
8301
8666
353
10343
726
5771
2522
1339
12938
2254
7368
7983
11873
9230
5722
10300
14542
4201
3472
5432
11551
11548
16007
12441
13128
6883
13683
15231
14898
10901
14073
10180
12795
13658
16212
6643
9112
13134
10031
13326
11902
2400
14011
7931
6339
3950
9095
4185
10058
1762
406
8046
77
7330
16001
2760
6284
2926
5233
7076
7637
13851
10978
3439
14661
15340
7410
13068
2765
13070
5604
8317
4104
11718
6487
2091
7313
14849
14369
10577
4331
3108
10610
10404
10033
9521
14571
15789
1211
1480
11264
10199
6723
6914
10627
1349
8905
9215
3039
11266
9426
4488
7598
1218
5343
10347
9892
13421
1120
14304
1018
3549
14487
5342
4482
6381
6013
4940
14005
7468
1396
4191
8431
89
4918
4389
3631
8225
12000
6275
1878
9397
15208
10289
4321
3530
4968
15836
15552
15955
5182
15768
8189
10318
10125
15320
7674
4132
8286
4918
4258
7616
3965
9603
14852
13028
8632
912
15910
4417
6584
7592
2673
9903
8136
4584
5832
670
10155
11422
13271
3484
14971
3770
5825
3054
1229
450
14971
247
15615
13322
8914
1008
11393
7299
4600
5177
14046
5049
16005
12601
11509
8965
11053
2707
14163
15613
11475
7730
3021
8344
9461
5969
7482
4522
9123
8332
7710
12460
6505
9311
15696
14115
457
4215
4678
6039
10159
9149
12304
6524
4423
3330
1777
4352
12012
13994
2972
74
7182
2564
8069
11755
14667
3253
14258
1957
8479
7162
8661
7979
11011
15299
2449
5043
15468
13618
13757
4733
3409
7056
2932
14086
10803
12199
10174
14846
12562
6377
2615
547
408
2748
15049
9753
1243
8623
3817
5508
12914
11581
7453
4059
182
438
7477
12417
6187
13572
11053
15583
7629
3699
5873
979
2733
9003
9196
4102
15856
2215
1070
2675
3486
16022
14082
11813
2285
8259
1909
10391
5308
8146
8776
4546
4646
6409
1284
14801
4915
11216
6755
11157
13329
15319
2365
6065
9955
3511
14886
13060
9913
2572
13001
12239
14274
15617
16044
11349
14943
10433
9967
3467
5083
11928
13451
15775
8976
4750
13129
8385
12836
2224
6366
13878
993
13473
12116
1994
1278
13674
14036
3432
8907
1514
12416
3145
13291
10243
8940
7889
10663
5200
11385
6755
9031
3663
5231
9533
14663
8947
3195
14276
14924
4095
4015
4876
4011
15551
2631
7532
14837
14087
8854
13404
5189
4762
8557
12614
13855
12514
13359
373
238
15334
6937
3593
12559
13250
5681
8838
9906
3639
4028
2291
5591
11324
11390
15993
13637
7239
2837
15263
12290
10210
1751
7217
2032
7283
4135
11449
8908
11480
13590
15010
15666
8923
15075
8
5007
12787
3889
8369
7416
2021
12519
15542
1536
755
11741
5518
8181
2220
2710
15797
7906
8035
15401
15948
7058
3712
9979
13040
15882
10477
6635
3908
16
15919
6865
15483
10217
12099
6933
3541
6341
4510
1372
8857
9063
13433
2159
7656
325
3671
11613
12147
4807
4855
1439
9623
14598
5220
679
11804
6301
13021
5554
12384
13165
2134
2750
478
12997
745
11733
4703
10447
11450
1608
930
802
13712
11712
7715
2289
14654
697
7802
4178
7539
16183
15630
7691
15753
8668
5439
12476
12472
6455
3924
6884
2217
8809
15868
3007
853
3635
9188
5912
8458
1158
14942
9010
3329
7897
5116
6817
14220
16143
6511
16139
2585
11194
5784
6407
9529
2893
10190
11440
10914
16226
13851
5956
6548
7750
192
10183
13308
4785
13570
6208
1962
7798
4713
11989
5771
13121
7082
7910
13901
9765
2722
6227
15454
13129
9020
5713
7760
14399
11448
5299
2753
3785
3042
337
11970
6729
3935
12749
15099
177
3057
16091
15417
14328
7745
13697
8022
11025
14071
519
14885
5724
11105
16191
9405
7458
436
15125
5513
11201
9151
3486
1630
9467
6472
10355
14111
2111
12554
12463
6379
5671
12292
12683
14596
4667
10726
1079
12409
4062
2912
10936
15756
9375
7677
15838
2377
12988
3282
639
11977
5628
5639
7630
740
12648
3874
10239
6179
33
3555
6964
8236
5410
1673
2767
1676
3620
14994
12166
10873
11977
7183
7112
10484
8229
11766
11765
11650
9672
11033
15456
12241
5938
7863
1236
15036
2425
10247
15764
1262
15738
10809
3594
3424
157
15141
2867
3046
15943
103
8092
9746
10459
10903
4292
7555
752
3100
10389
719
11519
10665
9115
9362
10746
11178
7197
547
15822
8753
15069
12693
14072
6678
8844
14205
2635
11176
10365
2305
7746
13915
7096
10287
13906
1372
2358
1067
4104
4318
11808
5320
4473
11687
10517
14455
13821
2719
553
1304
11243
12659
13204
13336
14967
3253
14988
5260
6808
16034
10133
10929
4610
5891
5242
14983
16247
11559
6870
9073
180
2360
3915
6990
10629
8391
790
480
2906
8232
13530
4764
7711
7357
9498
13871
16007
3041
11708
11271
9136
10473
2930
11788
13897
586
8987
2134
2418
11472
5452
5423
8373
7430
14321
5766
1685
14291
14226
9469
15557
3192
3897
13519
40
3402
15497
730
1507
9956
2244
14405
4126
12955
11757
8524
14957
12950
1583
12714
14502
11210
2464
5244
2219
5199
15950
13742
4203
5504
11943
4282
1070
1284
7673
1416
14709
7351
3910
14282
5024
6407
2007
12466
8508
3611
3181
4531
14269
14600
9106
3449
4381
10860
8853
7277
2179
10972
13288
3107
11735
2313
8136
13862
4275
12829
3238
1866
4663
11474
12193
5102
4126
3038
2898
6900
13293
7732
8418
9190
9411
12849
3445
1222
16298
13446
13183
6661
6722
257
7428
9911
632
14429
3960
5394
6067
4514
561
6975
3073
10921
13570
15183
11073
14404
6389
13111
10660
15482
12779
13579
1775
5834
14276
12383
4748
8729
1286
1458
235
7698
2303
16002
12007
2743
8547
9407
7341
1256
2654
9126
18
15946
1151
6760
5537
14274
12985
7407
4278
13916
680
4198
2294
10490
11281
12210
15293
13045
16274
1021
11900
3817
2708
10470
10065
6490
7524
1909
3412
15701
4513
14548
7513
2795
13765
3800
7108
5564
10212
2641
7001
5590
1793
2087
1714
7331
1396
14989
12694
980
5322
4283
12131
7409
14210
1564
1681
2553
7215
9777
2949
6507
5650
4722
9180
13034
6025
6077
13837
2345
12671
9616
12602
6649
5795
14939
6891
1571
1128
15627
2121
6006
15958
15175
13855
12576
4052
7973
12240
7554
6935
14358
3631
13559
10475
4450
14334
15322
10200
8678
2271
13758
9406
1002
5196
11013
13195
7629
2856
6229
10642
5873
5762
1510
5993
13395
12692
8637
6377
10433
14021
4761
12456
3244
649
4412
9970
13397
11487
11868
3916
13125
15459
11679
11908
3276
11897
154
13075
6058
4022
7319
13796
7922
3031
9587
11259
4275
10560
757
11638
10553
14934
8410
7230
5709
796
8571
2324
15237
8620
10396
12571
349
13088
2718
8683
12113
5544
2689
5119
10151
13026
6310
12273
9134
11181
4670
11299
13890
13436
9556
11425
1904
3873
5477
15810
875
15300
12286
2881
3363
12456
16288
12252
5791
4067
14421
6253
10732
11874
10863
6903
12284
407
7762
7288
3272
8434
7322
12747
11870
10317
9315
3520
11861
3305
8309
10091
11638
4403
11217
11200
13647
10067
12342
1373
7020
1216
12767
1236
13798
1922
9324
13050
14318
9432
15542
9325
14262
13665
9659
3357
13109
4116
1263
2336
11245
15764
4774
6117
8934
5504
1590
8590
3876
16286
15540
3781
1196
9647
6065
1407
8395
13503
5106
7899
15040
6188
2321
11138
14773
2068
175
2211
6638
15346
9221
13302
5802
466
13965
12049
5182
11622
11531
9521
3759
4450
9885
8935
1745
13856
7267
5240
812
3910
12416
15575
7054
2876
7289
2989
9534
15666
8171
10201
7271
11618
13633
5485
13836
12352
7946
11516
7476
10549
10178
12242
10891
6292
12160
4552
11458
14153
11386
5779
11257
9624
8483
6555
4225
1449
2655
12261
3761
7265
6340
4727
7779
6803
7986
2643
15549
15460
7729
782
11395
7540
3964
13101
14272
3108
4042
8191
5449
3138
13970
276
4446
3290
5852
6484
10267
13169
4769
2977
8096
593
4286
13412
10593
13983
8505
15155
3965
8146
4129
4790
13566
2198
8332
9748
7786
8731
5370
11454
4403
5687
2711
12339
10127
3303
10858
6643
11668
1392
6961
11465
7873
2765
5369
6254
51
14524
15124
2111
13623
9404
9043
14712
3233
13991
15528
14605
11644
2209
10784
8664
14300
43
5136
2851
13780
13005
11837
11975
14422
11974
10428
752
3275
6312
14619
7370
6815
794
10923
4014
171
15880
10969
8979
14627
16072
3900
3387
2349
6687
9577
3495
8488
6326
5815
9785
14710
640
15695
14109
302
5808
6834
9961
7126
2531
15616
2229
12860
5484
12126
10163
3336
10093
11445
88
13183
14494
11120
15805
14765
14854
13914
11687
1016
11413
14152
3553
12852
10451
7581
8646
2404
5676
10461
15365
11980
14278
13292
9123
6048
1040
11628
2269
5660
921
718
7240
11249
8724
13597
11233
3262
1399
12093
9881
5591
6604
12211
4711
3253
7298
7427
10070
10780
14945
7045
12173
12917
6674
6768
1619
7184
11003
7259
8769
10601
152
14318
5204
8686
9779
7188
10958
5462
4536
16036
9341
13108
4375
4680
1507
5139
8801
14592
14890
3113
4818
14646
1458
10908
8796
5093
16104
4045
4152
1551
8435
11434
13610
701
1931
15912
13772
12742
11806
15277
4296
12758
14015
4361
4986
9770
14126
12118
6541
14292
7179
4357
5497
705
6826
2533
15147
4381
13355
16113
4254
15520
10504
2722
13426
7713
2496
14375
9328
15359
15155
2754
3962
11051
5275
7135
5299
16092
15310
6077
6981
3594
13905
15604
13374
2474
1563
14500
9753
1489
3466
48
4497
6223
7186
10472
4633
13259
4034
10542
8988
1396
13257
11884
6868
13198
8356
13974
12213
7423
13524
8818
11800
12943
6387
12448
4106
1328
9711
11450
738
8638
9680
9698
12129
4711
1419
8568
774
14230
5473
6435
2841
14000
2340
9562
7139
12258
14519
2372
11208
3785
9275
7672
9079
15165
12690
10715
15833
8840
13359
14989
4222
13123
8247
14892
8957
12361
15894
14478
15634
13869
5012
13797
8135
6130
12209
13122
2728
4432
2830
8550
11188
4239
9994
13743
13761
8283
6998
8872
6363
15657
15254
1829
7668
12942
2137
14818
6624
8964
5650
2503
5134
6212
8454
5068
11513
837
10146
3996
10456
501
15815
4846
160
5901
15093
15488
1922
8259
5557
2494
14788
10574
591
7110
6691
13633
12193
9740
2672
3383
5285
8
4717
16129
1707
1244
2470
337
2436
15837
6855
9722
13055
4767
3951
12585
7490
9294
16072
104
1486
11048
641
9369
11923
5873
8198
212
9965
3766
9113
261
895
14540
9901
2797
15338
8254
7632
1744
3735
3900
3386
630
11978
15557
13420
10381
15246
16237
11024
3781
5891
12906
7250
11243
15149
9665
4851
11438
15641
11013
12799
12920
10045
12308
4784
7570
2252
14564
12344
11872
4753
11813
13856
14817
9401
2645
5801
14632
9324
16123
16193
1744
4104
5552
5298
7409
8723
10969
7318
8441
3911
7780
13179
23
12529
1862
10569
14084
16030
5950
7985
16125
2856
10093
7500
14610
8945
6860
11022
15391
12973
11364
197
469
5642
4341
12662
8299
3140
9537
3117
2833
3824
2862
1093
3080
12678
270
4502
8393
2552
440
4595
16181
15045
6456
2024
14896
7492
183
11280
1174
9216
5937
13289
6441
14297
15885
10782
3909
3934
9461
8859
12989
11967
15961
4205
4435
256
3246
8056
2876
15965
3320
7827
12869
7265
16211
11091
7012
14782
8274
3030
13366
4787
2294
12133
5493
2751
10478
5029
14680
15038
14183
455
4451
14205
1161
11439
12166
2959
12506
3280
7088
3962
10939
10606
566
15343
1334
7582
13781
8443
7643
2404
5743
6591
14803
6605
12652
5133
15390
11762
6353
12707
8496
8697
9247
7530
6738
157
13943
13734
12177
1837
7600
15263
231
13233
3636
9799
4045
4847
7162
11944
10371
14586
13292
10128
9772
7979
9193
14318
36
10429
2999
6788
14471
5880
10439
6527
4019
7519
1096
9924
12415
2706
15723
3985
11307
14086
7345
3571
10919
8903
37
13741
6652
6103
13377
3200
6523
15669
13197
4058
16268
6224
9412
9029
15327
8638
15387
3758
9102
6205
8493
4125
12049
14530
6140
9288
11927
600
13150
13944
15758
4689
10490
11318
12823
4788
2973
3427
14228
10257
14551
11916
15588
8083
11474
7108
14935
4486
4526
5553
13267
3110
8409
9605
6284
6912
11742
11550
15572
3593
9617
466
9530
11145
2168
13022
2792
9302
13556
11746
3554
13311
7463
581
14853
10682
4776
12271
14452
6416
2682
15827
8716
10349
4653
753
9840
9909
6290
6880
4334
6853
281
5348
14069
7365
4743
5640
13264
7011
3225
4562
2114
4421
6124
10540
10939
14764
1374
11934
986
3084
3488
10831
10251
11171
3318
12019
12421
4218
5517
14991
14915
6449
6922
9878
14420
793
6287
14039
5536
2996
11046
2554
7076
13957
9916
5596
2582
7600
16292
1181
14198
2440
2552
8028
14479
5242
7029
1840
11222
9996
15187
14684
2316
9524
1642
950
15565
11470
8648
1289
2317
7256
15283
2283
13521
11274
4302
13163
9770
14892
8244
7224
9630
683
9395
3891
9189
9061
15381
8613
178
9435
4797
2427
790
15385
3774
9504
13706
9990
4937
11976
14682
8289
2355
7196
16173
10459
870
5334
4094
15781
4763
3635
14279
13536
2781
16149
10892
14005
15367
7006
11013
7470
7372
8383
3701
2181
7198
5461
6246
12812
8579
7043
12756
565
887
15371
1318
3783
5795
5586
12249
10046
12603
13888
4141
5840
1163
12526
15285
2577
12471
14373
1126
6262
11020
14544
13046
5485
9472
5950
6440
3971
9095
13529
2647
16009
981
5469
2867
5524
8492
2064
3094
1179
4105
10483
5555
2396
14557
838
14855
16247
2087
14555
4414
739
703
7870
6878
4526
1878
1086
1038
2420
3958
13353
10670
13960
11956
3130
9500
11358
14240
7157
66
15758
15217
8038
11973
1101
7859
2988
1490
9133
8021
509
5406
12317
354
14680
9263
15639
3447
8638
5331
3560
15307
12702
4414
3309
5682
3587
6357
3271
10000
1454
3192
14262
14394
6608
3108
4077
3530
11238
3269
12724
943
13089
433
14495
3308
740
4017
8110
2851
5015
13570
1433
2228
8108
5540
15465
6105
3657
14332
2068
8860
14202
13583
4399
2411
4272
3239
2140
5211
7093
9748
8820
10009
2024
11740
9667
9119
387
3871
3131
1736
3746
13594
10880
12292
9075
5965
11266
3509
10244
5724
2362
11045
9992
9398
6014
161
12060
10520
13056
7341
6906
3549
10737
2044
9282
1246
12693
14022
15049
6632
13832
13204
2338
4639
7725
4608
10955
7273
11323
15314
1714
13101
9425
16213
11587
12492
9811
12710
13456
9706
15628
12979
11006
4872
15585
2482
1064
16267
523
10890
765
14525
6006
8373
12264
4816
11753
9322
1404
3148
6134
1020
10476
13832
14888
15683
4663
3683
16048
10800
15642
12658
10442
13943
3014
12819
13021
9635
367
9783
12000
7029
12009
6904
14408
15846
3506
4458
8157
9756
2573
5957
8654
1499
14850
14982
13699
8105
639
3017
12592
3596
662
12373
15673
15596
14246
6177
8087
148
15254
6504
4757
699
3283
5172
1991
1699
5823
607
7643
3230
7422
11516
9933
15137
687
12029
375
2767
6740
2053
13905
11909
6394
2922
13906
15219
12990
7754
5835
2885
5130
9381
3883
14355
3994
976
11658
4594
7910
15019
5500
6424
13743
7566
15478
2251
16172
6210
13275
13968
13754
8995
5983
9655
5426
10901
9141
3956
12466
2306
11829
12627
12466
12425
1553
1501
13557
481
14679
2867
13695
9454
2238
3318
14138
310
11126
8445
7620
3281
14418
89
5206
15068
3310
10241
15494
8820
4585
15134
10802
6761
7610
6894
15088
11131
10314
609
14602
14312
5594
12382
11063
4384
5481
2061
8750
15019
9299
4307
3189
2253
12419
5956
8848
5465
6509
11718
14941
11484
4663
14719
15848
10037
8200
9756
14625
15281
1116
6142
378
4034
6268
15730
2892
11498
11559
6447
4054
8281
13600
5613
1031
2753
7945
1959
2604
2703
4219
14912
4920
3238
14469
11111
14906
10406
10184
15290
14600
9011
9830
16271
5671
8867
7980
16018
3300
3437
11743
15488
6630
13025
10704
5833
8398
12058
13749
2703
4282
15199
8628
11388
6137
2829
15258
11511
16018
14120
9630
6016
11081
11484
3962
5968
15613
9692
10555
13118
582
6412
3775
3961
16113
7199
1907
15900
16222
7253
6494
2266
5657
14207
11606
5709
13085
6731
961
15968
12640
4303
8714
12452
11102
16023
7140
12674
5583
10596
5190
12723
609
9044
4855
9557
416
1194
2758
7062
1657
14858
4042
5613
15312
1516
10801
3559
14082
12977
3837
4063
2763
768
9766
6080
12436
23
1486
11995
12075
4514
7121
11081
3432
10797
15852
2019
15317
4053
78
508
15414
1477
7643
6642
13782
11163
1933
3664
12276
14570
6516
10370
12770
8633
15760
13656
2351
664
6006
12470
3032
12549
1091
9241
13144
1483
10306
6896
8595
16213
9033
14237
8351
2276
56
15933
10526
11522
8630
6322
4576
13080
15636
1626
9254
1076
6962
1117
7655
9513
5745
13104
13856
12033
133
2129
4312
8705
8966
13663
5406
2948
2363
15025
3144
16071
15694
4034
4410
14950
494
4769
16109
16009
13177
16259
11833
4254
12601
8719
4537
11161
13246
13897
15017
417
11717
12807
8798
2168
4480
5464
2082
5339
1632
13253
9335
15903
9192
4254
5123
1679
2115
1984
10418
5864
10469
10604
7596
1013
1214
4786
2033
4229
13882
2422
7170
4497
4328
5457
14911
11950
3433
227
15273
5353
7887
11194
3742
14128
13818
7523
9500
12532
8535
9931
2978
10503
1146
8847
12122
14285
3512
2645
5993
10334
10033
8652
9958
6186
2742
6920
15746
10047
357
523
6246
6325
16283
9613
9757
15310
1713
14039
8394
7943
6680
11467
5045
12783
3946
12693
9826
2759
5269
1246
4409
3133
2324
622
787
10374
13080
7870
1428
15412
10572
16
12876
2664
8468
9798
13127
7746
4462
9504
2769
11257
5822
1745
7387
14686
11708
8988
6313
832
16096
13079
14353
15517
6708
2865
11894
3500
706
11473
12515
11365
15616
14740
11973
2552
8421
13021
2287
8247
2648
13956
16160
2676
14289
561
6173
7317
8961
13352
11915
1414
2771
11749
13710
10414
13501
13362
29
7430
15897
14327
3393
2819
2038
7411
10175
2482
5309
7488
10797
4662
5290
8960
16092
12674
8267
15318
9293
7949
393
15807
7004
2557
14633
9404
3980
9375
5669
6096
3303
6571
11782
10113
6485
15761
6393
14465
14901
1007
8532
15614
13381
2915
2781
2814
9548
9098
5050
963
8383
12265
1702
5516
1621
1841
1274
2780
10790
5398
2406
14657
1847
13649
1076
6540
14596
1975
10675
12846
6823
8240
1924
13678
15125
10178
6042
6244
15323
9371
7309
5581
4037
10496
9050
5201
7465
8647
13745
12118
15746
8356
10101
7145
15696
10363
4081
14490
12529
5412
8675
13307
8377
6020
10403
12933
5849
3612
11051
11094
16214
4559
4785
237
9488
6755
921
2336
10114
14434
14287
9482
3701
2210
4074
4799
257
10149
1654
3301
9146
1074
4765
9884
8049
2806
14712
39
1728
16034
4785
10980
3352
9522
4621
12278
5341
13664
530
13182
11122
13187
12354
5042
8680
5559
16110
11622
12222
13068
11802
446
4081
1066
6343
14446
4887
5917
7056
11397
2175
1858
664
3838
13470
5156
15422
8083
5057
7568
15707
1066
13261
1643
5076
7630
6266
11192
7126
514
9802
12295
137
1296
10576
11653
141
14630
12194
15196
6408
2374
115
469
4663
3670
10196
7498
2901
14418
8698
13632
5452
11701
8589
1497
11230
4279
7027
15905
11274
8714
15972
4965
14587
14706
1024
3159
6409
2332
7599
12955
9648
2693
5609
11424
13303
5596
1207
5930
4341
445
6806
10016
14566
729
10265
11289
3606
3209
12767
3022
11013
5131
8151
14456
11556
2831
10655
16287
14222
14482
4181
5872
11936
12138
7095
11959
11963
8848
11057
15970
12115
8415
3112
2938
2534
16031
10305
10810
12612
5722
2043
6929
393
11335
864
2004
12154
5249
15360
3022
11387
3936
7791
3301
9378
11550
6178
4764
16020
12766
11129
13543
3448
1743
432
15460
450
15210
15382
1813
2071
15116
13660
16223
15065
29
12185
4875
5655
12887
5969
3335
11862
15511
5857
7121
13876
5251
16131
6239
9591
13662
12958
15916
4191
3827
7114
12716
2092
5303
3989
14014
14516
3794
8925
8861
10093
145
4831
5969
11268
1662
3921
14858
9015
13411
33
15858
9948
9480
11219
4117
11823
9377
6241
14272
10008
955
1818
4945
9353
12405
7915
5272
12619
10218
1012
8966
5046
12040
13357
13572
14970
14506
6132
14385
15999
373
2589
9759
11852
14642
4310
8713
10961
7538
10704
6625
12174
4632
8511
3272
14768
16114
10907
7010
4143
12062
759
9424
3941
2497
14645
9551
765
894
1459
4241
6551
11545
12985
4248
8367
9686
1474
1379
5990
1443
12676
3278
9147
13982
8262
13279
1746
3878
3809
5177
5944
1305
3358
6759
14266
12695
6482
14979
10211
1326
3148
9757
15762
1905
10234
9180
15580
12535
7111
4387
8976
10425
406
10030
9229
11912
2882
13029
4811
10052
14958
5621
6633
11554
12958
8135
2543
218
9955
7064
192
7792
5256
14712
2934
571
781
5883
11594
9106
14497
1349
1674
5316
236
131
14184
9607
13729
525
15581
13540
653
10447
317
13086
16176
8929
2178
4858
15034
6550
15853
3998
3550
15031
4159
1808
9868
15896
14829
6132
7310
8185
12907
10700
12112
6871
440
5719
13165
1849
4548
786
8735
8725
6046
14167
3646
15595
13569
8245
15373
5444
615
8972
11317
3180
8344
13312
5837
13925
13534
13706
9531
11304
5129
11429
4842
8072
13309
16250
13109
9308
11956
7070
1792
6463
14756
757
3276
15736
11507
15941
12349
10922
5094
6727
86
7635
3602
9214
2162
5931
6148
8602
15939
5186
5935
10515
3600
904
3482
1947
722
10220
11159
11517
1902
12986
12558
12039
5568
8701
13102
2622
8506
9710
5143
1863
7048
7573
8515
4788
2870
4894
12579
10352
11686
933
8357
13549
14382
7244
3210
6700
341
3165
15412
5613
10795
5932
6741
3745
14230
1292
3169
5985
8617
6807
5908
12749
3362
6061
8312
7193
4817
15499
5863
376
3301
13405
1892
9763
9363
13625
14538
1574
5400
1630
3821
7881
5048
2908
14848
12303
237
14241
5843
5475
14547
2018
384
7445
5850
5279
10106
13393
13511
12267
12145
4834
15775
10152
10791
2303
12638
653
4639
2321
11660
2988
2382
3320
83
14637
12411
8330
9454
11115
12078
4230
320
2851
11649
16182
10410
44
429
10434
8651
11125
620
4532
12585
9109
909
4765
6001
15063
662
13528
11454
9167
15103
8567
11623
15046
5115
8142
8917
13193
12626
12393
14756
5008
3883
4455
8123
6320
9491
7847
6366
12850
14947
2863
587
11634
11811
6053
13870
268
10756
3669
8131
13944
4819
4340
15902
15124
13397
13093
14728
7123
13446
15223
13978
7904
4615
15607
10660
14120
3930
3954
6505
6043
11289
7407
15653
9067
4033
783
12570
9897
12739
453
9200
1859
1480
9638
4863
6226
10852
4417
502
16235
11639
4322
1063
14993
1298
12417
402
5321
5526
4290
8917
7783
14705
6017
10116
13675
14691
10494
6010
12552
14913
5238
6099
3843
7821
11292
13832
9064
12927
9156
3413
1260
12617
4042
11815
1126
10126
5853
4911
15431
3230
3172
14102
14022
15775
10094
1772
5117
13028
3203
8319
7807
4573
1173
8697
1728
4278
6601
8010
10687
13472
9901
4113
4887
16171
14464
15197
10469
7575
11803
8154
2370
16110
15463
13630
6036
5408
10905
4776
8017
3541
7689
15116
3834
12368
7205
4790
14164
12986
6497
559
2927
9796
14832
11868
7866
11619
13600
1760
13053
13943
3457
3690
15068
15486
3098
11252
13948
14190
4584
7184
7948
9672
6342
14576
5231
2865
6314
5253
2240
14633
16123
6727
13700
2240
160
7222
15364
3439
2722
8146
3257
4892
6456
2731
11062
9231
5829
9513
7658
11905
14124
817
14046
7768
5832
15659
349
7878
6644
15594
10947
15261
7631
12660
13352
7754
13393
11788
4859
12530
3409
1221
6662
10717
8394
6111
5788
7247
15336
3259
6425
1457
3425
2746
2285
5004
15785
2489
11965
15144
9691
6228
13453
12104
5330
5832
15875
13735
2312
924
15406
14938
6804
4687
7525
6586
13833
12763
2335
12858
16174
8881
10736
14105
10175
3213
15933
4769
10312
8118
13885
9969
5877
1115
3676
11367
7329
7095
15763
15802
16238
6607
10893
3766
9074
11660
7093
5199
7146
7923
5949
2232
11811
6550
9657
7199
13856
2799
1736
1211
13038
519
11032
15046
2062
2259
12026
15060
6383
12105
12411
1033
8587
14818
6653
2758
5017
14202
14827
8605
3288
1784
14499
141
11980
9546
10928
15063
3579
11861
12551
7298
8137
15339
9142
3093
9825
14737
757
15627
5256
5503
2849
6440
7733
2657
10418
10675
6458
14870
10834
5962
14692
6781
6309
4037
6297
5516
13858
1862
7158
9816
208
12153
6743
11126
2799
7017
11553
11434
8193
8133
593
2055
15929
12859
11080
913
1209
11983
5417
8788
6347
15128
7130
12989
8546
14374
5568
12297
6922
2038
6779
255
76
8554
897
2943
6527
9756
12561
6753
7377
14108
11022
11773
1111
12315
1301
9952
10513
10679
12524
12025
2850
1994
7926
15562
3344
11396
603
5225
757
795
10552
10576
13083
809
6444
1135
16101
5885
6486
14939
15705
942
1749
5218
15957
11651
13966
4978
2940
13431
6124
3586
12623
6775
9052
14902
7000
454
2356
1157
11890
690
14092
12945
8408
16279
794
5571
7185
14746
10238
5406
15038
6212
11757
13296
5438
14601
4962
11337
11577
13241
3667
11791
8289
14927
8090
9178
2162
15646
561
5650
13101
15957
5918
11845
11367
13518
5678
3009
14541
13870
1920
4635
7259
9751
4603
1699
8402
1786
7569
5322
13928
5739
12763
5773
542
3697
12307
203
12442
7077
5120
12362
12764
13791
6084
8306
11235
7609
6360
13328
8735
1874
15431
6532
6746
8475
8319
2221
12988
3531
9809
5501
12353
7389
1828
11545
9856
13791
10885
7453
13350
4857
5857
1366
2334
2745
12123
6133
5225
6361
6038
6093
9352
12263
11980
12362
60
9725
4042
11633
12947
2981
7445
2457
12269
1983
12718
932
4774
7389
2280
9438
8149
4719
2280
10804
337
11710
2433
5736
9988
12619
13674
14143
1302
15368
7590
6518
9879
15021
10398
472
9775
5128
9345
7428
3956
9173
1903
13937
14429
7915
4405
4612
15709
5618
5287
6615
6835
12055
2890
1437
1957
12873
8152
8143
11419
946
10385
14084
15719
115
6069
13133
13596
3318
866
3113
15604
15917
7562
2269
6320
9919
10065
14457
14940
15194
13750
11801
9992
4210
16054
11027
4883
15458
4072
9503
564
2887
171
4749
1005
14304
9606
11480
5293
14307
111
12178
2867
8352
3729
14229
1665
1922
11820
14669
8889
14497
4379
15429
10552
4300
10130
5580
1586
3194
15781
7671
7355
3769
10868
2462
7737
13655
569
1571
3513
13959
9334
11649
7063
5987
14991
15340
8433
6847
7484
13332
5999
14539
4786
10128
15812
4332
10313
11427
5486
8067
11288
7972
11140
3150
9689
1476
9237
13733
11752
11385
507
13687
183
3569
15233
5282
16186
5335
3437
7268
13778
15691
8673
7885
6632
14275
14060
9454
592
3198
9319
13974
6693
2139
66
478
11630
13424
5780
3767
2104
5986
14621
3850
12619
5594
5545
14925
12994
7562
3142
12602
633
15638
5872
1591
6296
10315
8263
4932
6559
1266
4277
4028
2175
7575
15209
13169
3718
2243
7163
15162
3819
13131
12506
15561
15698
10632
10431
12619
789
7427
7495
12521
12430
6338
7479
4157
11170
8531
3505
4568
6939
8851
8547
2629
12572
7274
5867
11662
7400
12214
9026
14604
13172
14539
11363
13081
9863
2484
12052
14234
20
11420
9180
9232
77
14951
7515
7202
13318
3782
3109
16150
3811
2166
3989
12383
8198
553
15026
6193
5155
8090
4330
7893
2528
5668
2075
10525
1783
7782
15371
687
7117
14886
5961
3404
9036
1430
2259
13396
1440
9191
14642
14305
15875
363
24
12957
7532
9464
7827
331
15156
6873
4187
7923
15385
9283
15490
13979
15037
5961
1325
14364
3454
9261
3693
11467
9568
14261
3061
13883
14051
2095
2185
10978
11842
4031
3417
10711
3282
1490
6022
13386
121
6832
15620
8554
15633
12105
10406
12547
7169
8243
10293
5332
4205
1399
14684
12261
15990
11866
14767
567
15287
9197
9793
12010
2777
14389
9525
10440
5203
9314
3873
2439
4881
14752
12602
8133
13731
9032
14166
9200
4875
6308
7635
4356
3950
528
1573
13697
14708
3998
14005
594
15238
15766
13092
7024
10497
202
11033
4190
3392
406
13318
1228
4450
9362
2568
9798
10684
6126
9911
164
12955
9844
12177
3613
14994
11704
3498
2034
8481
15383
1419
6112
884
4373
9426
13963
6698
9058
9819
12637
15727
5600
7201
11856
11449
7662
8055
3767
12231
10532
3363
2822
7447
14325
12705
6454
13151
6174
4573
5268
9192
7487
14262
11615
14374
9173
15284
8466
10351
303
1899
628
4919
1455
11642
13231
8107
7459
3345
12015
14263
11474
13939
2357
11083
4571
4182
3722
14939
4307
337
14871
11148
13675
4903
11640
14298
6602
1948
4273
2376
15469
5932
672
14624
5918
13248
14175
14023
10514
13496
8134
1277
12323
691
1466
7358
1293
13175
14837
8700
354
8259
2506
9544
16271
13058
4722
12832
7460
13218
8777
6934
7454
2814
9836
656
9244
14518
14660
15734
4695
13611
9906
8888
14745
10132
10362
3935
4509
11857
1348
6185
5802
3659
3750
12574
2200
12993
10832
745
12219
399
15787
1166
4592
4800
12865
10809
7856
8548
484
9023
5436
13769
573
6599
15925
12574
15257
5725
15830
1207
11921
14675
7028
2873
3656
15810
9275
9223
11016
5267
8698
10676
12061
3935
8284
16117
11756
15882
13416
14655
1847
656
6756
12881
6961
10104
12609
1630
455
7017
14275
2911
3913
3012
5404
15106
3915
6452
5667
2901
11824
12123
12226
9444
13369
762
7508
15649
36
11349
13731
11188
13622
13344
50
4638
3397
11618
6172
3035
8449
15362
6202
15077
10039
7243
11223
13889
566
14723
6872
15784
10902
11996
1125
3936
6960
11175
9417
4883
6749
14105
15186
15557
4848
15763
14004
15490
2208
6910
10959
278
12856
8708
4556
2717
10153
14267
5480
3973
15509
582
10180
7386
11848
10699
5851
2240
8954
5867
2200
1586
11797
9319
375
5094
2626
15616
4226
5264
13159
12045
13387
4412
8451
16216
766
413
11699
13200
13366
10657
15729
4087
3651
845
2345
15622
7042
8119
12926
6908
13846
1044
13716
13742
14350
5209
16154
6294
672
1298
10190
4249
162
10179
6670
8462
13428
13944
8162
3420
6500
16039
14356
409
11613
13872
6861
11710
4866
2136
9972
15654
7806
13752
931
143
1930
3608
416
6307
415
1397
14412
11021
9312
10476
5268
2939
426
6935
150
8088
14843
6603
9367
15057
8448
9549
13093
8389
2172
8611
6459
12987
6790
2630
9589
9769
14302
8960
15587
3231
5713
28
8553
4332
8936
2151
430
10969
16280
2251
7672
13017
1690
3273
5326
15090
1261
2029
9575
1389
11429
10838
5440
2771
8487
13410
15027
6571
4279
13834
15971
11203
1531
3075
13520
12895
2314
6914
10148
680
9259
13612
12854
15801
12655
10574
2763
13541
4512
14425
11136
195
13383
11041
12210
5552
11781
6914
10970
4594
15681
4258
11952
8379
4502
5658
5118
4052
2552
5384
6921
8748
7068
15460
12324
6354
10230
2242
12012
11623
15704
11514
13714
15339
13171
5108
9022
16143
10404
12588
8531
3435
4855
1688
7682
15379
10929
11772
9213
9854
7354
12423
241
5453
7145
3230
4298
8016
9973
15847
13499
14835
8475
8565
7701
14292
13504
13457
5091
5620
12751
12694
2757
8786
8189
7508
14075
15624
11064
8652
1559
4191
10566
8509
15005
5799
15641
11679
2177
3467
200
15850
6837
15020
11339
6222
1915
7189
7248
9045
10188
1873
14577
14487
4541
10436
7293
896
293
6575
6660
14122
8621
15770
13140
12792
1764
1752
9029
12200
2315
6538
348
85
12172
3523
1437
10177
10099
3003
14462
8698
15189
3974
5799
12891
1188
14273
4744
12153
9709
15438
329
10719
15837
15177
8052
3533
5839
954
12541
9961
718
13072
7510
3970
8323
12708
15047
7996
9910
1247
14787
9391
2871
12977
11708
3606
4079
12576
4708
15130
11631
9424
13193
11034
14153
1246
635
10352
16022
7721
8447
8449
12139
14595
13895
3204
11885
7254
10365
10624
3209
5458
8323
14861
4713
6518
223
8511
15493
8072
10640
6617
8414
5563
15735
13802
16216
2728
558
826
11114
12623
7518
9091
2875
12994
6990
14617
8819
3720
10276
1305
7632
8252
8932
10313
4801
1735
12614
15778
12752
4725
4337
10262
2004
1698
6894
7945
5373
380
9074
3023
7808
4036
12031
11492
10906
13560
15852
6807
1736
15716
6611
10575
13135
9353
4808
11676
11087
8685
7939
16268
1112
7348
14734
3346
1516
12689
7669
15738
13614
4406
9228
10239
4313
3700
8222
6132
9205
13047
8510
9424
2704
15994
12578
12995
6339
7742
6227
2981
16067
1466
7472
1224
12586
15547
7109
4656
4924
5562
15705
6717
10758
8426
12308
10550
4163
3368
13906
12182
15243
9685
4288
1888
9216
2075
1433
7312
2413
11375
2877
10328
3234
7092
12038
14863
9276
7547
7751
2345
11201
5858
11511
5802
11058
16159
12490
4396
2178
15782
6833
2015
15454
376
13498
12726
13331
765
8547
1396
4812
8101
7866
13409
3019
4913
9160
7160
8498
5755
2806
12876
11015
2059
7788
6903
13529
2601
1037
9247
9695
956
8533
5942
13683
12741
14091
15251
7453
4470
14122
2082
15709
11015
10796
14259
3634
14563
11336
14546
11383
2886
7351
14980
1884
9931
7338
14430
15350
3116
9396
15526
5829
15971
3070
15894
15455
1356
13265
15627
447
5534
14616
6184
5145
13349
11693
11
10583
13966
14099
7340
7613
6987
2306
9605
13931
9652
11063
11681
2734
15210
11301
657
3430
7946
849
16111
3428
5173
13430
8667
518
9035
15709
13454
11026
15329
11828
5651
5315
6469
9750
15184
12526
14940
47
12422
15523
12727
14210
739
7159
7904
1659
3086
6809
13633
2122
10535
11750
12184
11315
39
3738
13559
8822
13181
4284
6489
2695
4837
4635
1301
6372
2236
11234
1474
11853
9863
8472
13892
7953
1431
3985
1830
616
1509
2572
16067
16052
5635
5369
6069
12271
8691
9061
4406
9301
6566
11472
14588
1413
1458
11039
2543
604
925
3173
2122
12300
2279
5059
8713
15203
15879
5550
14379
1143
10038
6076
7811
9621
8869
170
12425
1646
4525
14753
5848
5254
14716
1921
5983
11088
6517
4804
1845
12479
4838
3794
14923
5407
7903
3425
11544
6715
16142
10286
15596
6120
8832
14117
5953
490
3019
12230
11918
4048
4562
13813
4716
6772
16067
2322
12510
3986
7976
602
5885
3756
1528
15303
2180
6107
6025
16279
14607
9166
11114
1755
11458
6817
12702
7912
15661
11150
14294
10657
12066
12362
11342
10495
10663
7352
9961
13177
7111
13269
543
16017
6742
2820
5670
4085
1840
15003
10222
3355
14427
12760
1938
13120
7861
14849
11366
14788
5588
1830
1033
6121
12825
8520
4892
5179
1123
1176
14695
14949
2293
5255
10510
2707
8744
13585
13058
5861
5186
7630
14086
1098
13573
7091
2999
15562
1377
8307
15794
3050
8324
13772
2737
12079
3204
4760
12506
12097
15139
8275
265
6940
11085
1733
14152
7538
1187
14342
4117
10985
10776
11215
4905
106
10688
2291
4897
9772
8973
12223
6931
9480
11901
10704
8419
9438
4101
13230
1453
13182
6720
2181
15850
5907
14847
2675
15131
1378
13688
10138
10488
9578
3150
9227
13176
7517
6510
15637
15126
9048
4343
13446
6453
4954
5321
2554
12903
5433
11935
5939
5463
13206
2194
9009
4010
1677
10728
50
11825
13384
12982
11127
118
3521
7938
9162
3361
4405
9516
14605
6372
2240
15236
9288
1001
12453
10653
12124
12803
10012
4277
4579
8760
13003
10496
13315
12331
658
14380
6059
11239
6984
9950
1265
14783
5257
10402
15183
7445
13733
3081
1934
15964
985
8399
14230
2119
1624
9386
4446
3792
9239
3649
2816
4700
10012
15203
15598
14214
13378
2137
11028
15452
4023
11168
1016
11591
4670
701
12911
5030
8308
5994
12297
15243
16226
207
15698
7622
7518
11820
11790
14392
9600
294
1450
2695
12823
13437
9483
6294
3572
13030
14255
4176
9965
3603
15957
15860
15245
10162
3227
5032
15298
6075
8624
13425
14330
9615
8805
3340
5499
1650
15767
8186
12560
11033
7304
10064
12833
1154
7843
12285
6870
2317
5829
7451
9725
5162
5114
6788
9978
7416
8880
6110
2713
7901
2962
2017
14686
5833
15020
8031
7578
1976
4026
11771
4778
2898
2901
1223
14385
7761
7659
13008
5977
6624
5265
5390
43
9945
15373
3904
2375
10496
6830
15161
15580
10624
13757
976
6669
8390
7720
9540
13895
5020
1441
14121
7179
1301
12629
5862
11066
9749
12681
6195
4047
13682
12795
8083
7936
8636
1767
5294
1119
11506
312
6789
3759
4774
15012
11896
4942
2091
3125
2434
11962
12488
8719
4837
15891
10837
963
4770
1887
3218
7762
10075
9618
2017
10360
12953
2303
7545
233
14832
4539
6636
3770
14456
11528
12654
15873
8920
1195
15426
3577
6759
11122
6938
13442
11340
1037
13772
5719
2907
7686
9616
16011
14689
3332
10736
7205
16286
11133
26
1754
4567
12219
6425
6368
7447
747
14369
10064
5860
12716
12869
10174
2611
13415
7090
940
4479
10132
8581
15699
8606
10899
429
1888
2593
10326
15619
667
15251
5719
5504
4061
4326
9103
6183
13584
9435
10525
6682
7336
3670
2304
16283
10673
12813
12684
10233
3832
9667
12104
11364
15568
3216
3482
3833
12148
9947
7919
7649
13399
12370
8319
15881
10744
11736
11683
8710
9769
5627
11676
15623
15424
4861
14595
4939
13764
3905
10707
7780
15039
5386
575
3528
11903
5516
17
2723
11459
11811
13315
1815
1329
8776
14443
3327
10558
4562
15899
10531
4941
16287
1975
3513
16296
8782
4314
13119
10007
12693
3149
13968
3922
3040
10755
8393
10997
139
8717
5984
3799
8167
2423
10806
15833
5128
13880
7757
3704
6832
14138
11068
8932
13146
10271
11210
13441
10105
10251
297
6069
4191
10408
6084
6597
3759
1695
14231
13424
6357
16297
10242
14225
8068
6210
11443
15893
4851
4530
9658
8696
8568
8794
3775
2318
10296
503
280
9900
14793
4535
13313
9143
8183
7755
11557
1752
3833
996
14505
11995
15908
8814
8131
7683
16142
3104
9644
3859
2654
3581
13229
13469
1957
5973
6019
6468
5221
9706
3365
52
1709
5912
4093
6944
9557
12851
3881
10242
9048
12407
9077
8849
7173
14817
3843
6387
11751
5727
15824
13809
6409
10425
15985
15929
8541
5370
15809
11293
4410
6427
5134
10679
1251
14058
10877
10264
5773
3590
8096
13220
602
14376
820
7883
2161
14077
10552
3167
2058
6097
11013
14385
12878
10878
7122
2384
2739
2475
8216
9873
11937
10859
14426
13661
12642
6879
8207
1896
1459
4355
13024
15611
11878
14696
12586
11272
10524
3323
6260
4688
10898
4610
13079
16056
753
945
12987
8881
2323
12604
8482
2395
14657
12023
7592
2235
13095
4294
9896
4267
7007
1874
12287
10533
12869
10011
13767
1279
682
7690
14010
2520
14398
445
8276
13732
7541
15112
15327
14691
1277
15373
6285
14628
7638
589
1764
8502
11569
6120
12449
7072
4917
15333
3228
6752
14932
11406
12671
2967
11440
4622
3376
8052
5383
14965
8918
13061
4495
4799
12559
9158
9684
9385
1794
11257
15505
2335
8837
6440
7395
6595
9935
15115
8401
15130
7024
7857
11897
6653
1883
3185
1233
1762
1166
13380
14235
343
2917
11092
5813
6255
15322
5491
152
11833
11862
9011
10285
950
10938
6259
14383
14800
3002
8992
14060
6075
10131
14143
6094
2628
2641
2353
8209
5668
4943
3779
12531
32
16086
11382
13729
1830
10201
13560
4825
1732
2753
5603
2481
8118
1233
2444
4698
5943
12047
12250
13774
6496
3697
13564
5641
15310
10173
1804
4642
15644
3255
2108
14550
4177
8200
10314
9709
3373
242
5746
9417
2441
13104
8294
15492
8960
15117
2916
7966
6629
8345
114
5287
12524
8116
2550
9161
6148
9542
15453
2827
912
12289
5682
6810
16280
8903
1046
5949
2641
8722
7622
13362
6135
10049
6904
9221
15500
11338
14306
14164
2943
11175
4879
11207
3113
493
12256
10668
8867
610
12397
2677
1785
4441
5183
9091
9683
9104
12914
11877
787
2984
7901
3287
2577
10812
206
14179
12308
5858
12764
11951
13640
9670
4955
7010
11646
2621
15144
3051
14394
6036
29
8218
306
1498
9122
9236
1958
11672
15660
9495
12519
8779
9588
45
1686
393
9577
4459
3994
15217
14104
7944
15039
2693
11778
8522
390
887
14499
4383
13353
8386
844
6617
8929
909
288
11249
12204
5851
3537
15497
15941
4297
3184
11486
1529
10568
6740
5954
3118
1433
9788
4011
1948
796
14531
14351
6727
14826
13233
13770
8486
7377
3715
14104
9405
3502
11075
13438
6661
7781
7315
4687
8408
12326
7483
9056
527
13284
8185
12688
12945
12571
5264
3078
14694
13597
534
14315
12528
14261
7778
3827
9234
12070
8611
12288
5355
9986
9521
1369
1657
6444
7658
4925
2569
6422
3701
3136
9799
371
10242
4291
9662
11579
8704
14079
9941
12734
15728
3402
7848
10296
12511
15338
10186
8934
12428
11953
12163
14168
15175
2451
4175
8580
9
7772
13731
186
3683
7559
2439
11030
11341
15917
6066
4588
8000
15726
12968
3818
5262
12983
9646
3133
9146
15171
11979
9004
11857
5136
12998
11178
3100
8618
4889
8155
6463
13123
9712
13740
8047
416
152
15806
7449
236
256
14789
13667
11554
15005
9866
6354
823
6065
9463
11221
982
6903
13138
13639
11053
6159
6728
4140
2043
6897
3409
8740
9043
6938
5290
15615
13767
15221
9463
6818
9331
12478
4707
14284
6305
15352
14677
7655
6305
64
15820
10806
7605
10792
5083
6381
13673
15476
9768
11661
8397
1298
2507
2932
3015
7614
11903
16219
14506
3377
7700
5580
8002
126
15982
5187
7082
11556
3335
1097
3327
6720
1299
1977
12386
10071
5408
6553
5682
8020
1298
2279
1239
6297
6464
2380
12542
12632
13025
7316
9245
1209
15683
11240
8203
1110
15813
15105
9492
12344
13120
1542
11783
2181
5264
1532
14162
4906
12799
2353
9818
15583
2709
7165
6486
225
8153
11450
10966
1752
15936
11713
15561
1880
13649
12540
6497
11869
10367
2486
8347
4753
3020
13906
6055
15420
5989
4418
12052
2460
14791
8475
15035
12593
10013
6227
13186
8084
13405
1019
6065
15841
15443
5343
13974
10073
12561
5394
11273
7874
2772
5776
507
2419
14387
4925
143
13658
3941
12165
7266
16141
16201
8406
6563
1227
7449
9771
11773
11265
6952
3663
4058
15878
13428
9549
15714
13276
13553
5054
13653
13840
8556
5806
6873
14573
3070
2617
5764
14699
8082
12870
9687
1730
10183
13145
7777
9560
4351
12232
12552
13397
10180
751
5035
3473
3288
13880
6156
2707
14876
2393
2094
6228
8008
10392
8326
11354
10729
8614
8301
2321
8187
5114
9527
9467
8635
4788
11937
11767
9461
11669
15704
7238
10124
2564
7963
13462
4865
6219
12060
1906
6829
14117
16223
12304
4350
284
9946
5468
15513
4594
13602
8589
805
15121
13812
5652
11179
1886
5765
5483
9993
15699
9257
15121
12614
8181
13837
16261
10595
2532
14414
11024
9698
1786
2179
12244
9709
12036
15849
12863
7715
14446
15697
2172
504
4306
10155
13910
8127
8276
1745
3904
4799
15516
8553
6045
14395
12461
8166
6970
11189
15044
12733
1084
10237
14157
2648
10640
1395
9446
14952
3940
10555
9100
13551
317
15191
12769
6577
12067
8320
12437
5427
1384
7093
2203
4547
14737
8437
15582
2804
6541
5990
14521
8947
5028
980
13152
7740
3044
8383
14643
7475
1063
2437
6268
11556
15647
2253
1810
21
8274
6501
4685
15922
15873
15703
9932
15306
4151
4069
12465
6404
15954
14366
4268
8426
1236
7672
14091
3080
8256
5694
1875
8139
3823
1443
6692
5988
9298
11800
7157
8797
13455
5367
4550
10611
1980
5995
7912
8518
9448
4846
5297
13312
8002
8467
5883
8005
12165
12277
3994
14483
13096
120
12376
854
12832
3943
8366
15362
9705
12075
7909
10912
13554
10849
7838
1889
15544
4962
14849
5742
13484
10480
15127
7552
5360
16054
1848
9145
13979
4085
11871
13728
8916
12413
6549
15271
11651
13770
13422
8758
10364
7035
4549
9217
5584
3646
11744
7701
12471
7132
6971
5057
2832
5667
8272
59
15827
1952
6435
14879
7169
1986
12915
7330
1815
5018
772
3026
12024
5646
8523
14568
3225
6201
11658
6029
6275
12993
14912
12656
48
8052
4252
5184
2948
13337
13816
6133
3959
3914
2038
3563
15127
11913
14186
14667
5365
4504
12181
8807
6476
11258
13601
3257
14369
3788
12929
10748
206
363
2834
6979
11200
3843
6572
14645
2806
2575
11112
7994
1013
1916
14873
4979
8492
11977
16209
3327
3270
6159
13303
12109
6178
15067
879
10261
4083
15274
12213
5173
5479
14110
4980
1285
2025
3175
13620
3146
1596
475
10578
856
6617
15496
7767
1651
3595
3595
1890
11699
7609
6523
2078
9460
9745
12858
10617
16069
10630
9839
6308
3197
509
15488
14301
8476
470
13613
3321
3593
11588
8837
5808
8128
2259
14380
12729
785
6144
5305
3508
5172
7670
12967
12233
2554
15238
5450
14468
8466
3966
13318
11408
11752
311
14944
14933
7186
9397
7549
2259
10882
2415
4779
324
14794
9796
10735
9730
520
4627
5369
1855
10656
6820
1810
15051
14655
15553
2437
3354
12303
6319
14390
15459
11388
3759
6334
4096
2689
2749
9756
3056
15427
9595
7265
13485
4560
15170
11310
3981
3842
2262
13404
1646
10182
10991
14131
13586
14402
12548
3581
1639
9527
6350
9478
4503
15364
2383
5633
7000
7853
14048
11410
14396
6150
1658
9210
5028
9911
7950
3242
3810
1189
11560
10292
10359
3886
2183
10306
7162
8559
4887
7112
2280
2464
14411
11802
5121
2923
14574
15054
11929
1455
3573
4412
15452
1669
6258
4564
2494
3234
1588
12260
10081
9246
10989
14603
6516
5400
9329
942
3949
7643
2579
12783
8480
4448
13731
14365
425
5974
7059
5125
6174
327
13969
16028
5448
13052
7775
14110
16251
8761
10791
9796
14026
5560
13930
15184
8845
5695
1006
1136
8972
9265
16026
8549
16266
5296
5524
7203
2492
1582
9174
1773
8018
11834
9850
15433
11489
5573
5118
9663
6062
2638
15258
12354
9467
12810
14099
7647
1880
8913
12734
13581
13048
13761
1404
10628
14563
15881
2113
12029
4118
7659
11254
8309
1189
7548
581
15478
15572
2626
11061
12169
13765
7242
6952
375
1301
7874
8795
15923
2443
10625
62
8342
7949
1741
12749
13192
13503
13921
5983
3594
8115
4733
3890
6186
9133
12854
10088
6981
12659
6882
1018
8690
2437
9813
3379
3638
11862
7695
6554
13764
9584
10287
8491
4865
11290
13734
8440
13332
1884
804
10787
4098
6235
6060
9530
11053
600
5878
1153
1398
10668
8971
239
2924
9463
11502
13185
10159
12870
5032
4578
1716
12995
3985
1428
15005
4288
13523
12958
15548
11466
8007
15438
15157
1325
9872
9967
9478
12203
3802
2957
9283
3593
13653
16089
12982
3766
6435
11450
216
13464
690
13566
11613
8186
4693
9503
11565
6484
10676
13501
5909
13935
4135
8282
16221
13383
4739
6760
16023
642
15043
14775
4677
5817
3713
16121
8046
11611
4890
1136
6161
268
9662
7033
6015
1368
9272
4092
7951
10535
4851
8502
14623
7045
14379
6629
10447
11859
11454
3516
4804
7015
268
68
14491
7929
12683
3165
6151
117
2196
9728
1305
14601
11844
4053
14386
7485
4638
7067
390
13385
4435
9137
10166
9578
7969
10437
5738
4571
9576
15878
9426
10315
13654
11616
15829
5106
5960
11390
7804
409
11017
1906
5311
8637
6077
10936
3765
8509
937
13984
6353
15567
13816
7713
15689
2391
170
9681
9059
11515
3646
5665
12805
4292
2633
12901
13558
14931
13027
5164
13634
1692
14938
13885
7330
5654
6513
15794
7219
5423
14098
1373
12827
9631
885
5296
10695
2936
2790
15062
11868
3114
14428
5486
12977
395
12270
4259
12821
10348
6327
12333
12192
9664
10581
9342
4859
2421
7430
2138
12737
9245
10267
12570
13176
9501
15309
529
3231
10905
475
4275
3728
13124
6001
15523
2874
5442
5501
15363
5083
5565
15187
13949
888
7496
1546
11364
3083
10850
11849
4758
4008
9256
15142
8092
12590
5082
1646
12631
3242
13565
454
1431
575
11442
16046
6318
7354
15323
4481
221
15370
9698
16058
5393
4274
12138
8603
15305
12735
16221
6170
12010
6840
1487
7216
6315
4214
4832
2903
2594
6873
11143
13492
10326
2288
7264
10837
13399
9175
5671
14369
13428
6781
11957
14425
1018
4468
12586
5264
15879
13068
10376
11536
5706
7575
7294
7574
10220
15485
758
4273
8423
14588
2670
12726
16005
11142
3519
12835
1791
10176
11973
9383
5523
7140
10857
9758
2306
11256
6975
11124
14630
15377
5858
14393
5082
11488
3155
4293
14283
3038
12913
7396
13929
15684
10487
10398
14193
6794
11602
15586
15141
9275
2464
9534
4330
6609
9494
9189
5381
2719
6019
10481
12957
969
3899
9885
6404
786
13270
1992
15655
15664
15981
12998
14251
1949
13747
12991
15881
5541
13317
10107
1606
2866
8717
8195
8976
6154
7001
1519
8508
2129
10292
6145
1484
14816
12365
8054
5286
5122
5806
565
12348
11341
8012
10559
2308
4693
9650
15146
16283
6003
1039
1686
14459
11994
7061
11201
5024
9940
7890
11819
4050
9608
13083
5706
8315
4749
2282
14723
11132
3087
4471
1072
3537
14454
2257
14964
8053
7962
14141
3811
6306
11324
6134
16201
7626
1300
15249
11337
6913
4292
346
8175
2729
12742
10506
11722
13287
14035
3080
15230
10831
4410
8497
13755
148
7466
7863
15567
8233
3313
16153
6935
5592
3928
4415
4761
10315
8494
972
7677
13415
5759
7544
12611
8389
13218
12126
3423
12177
14427
5771
5017
13454
11427
4461
13402
9035
77
3718
11844
12289
12419
6427
11145
7767
6808
1251
3291
12934
13992
1453
15027
10915
475
9487
845
2366
4889
517
10405
9384
4266
9693
3761
14704
5681
6486
1937
7294
6788
13723
4098
1613
3332
6384
4703
1309
7927
5
2570
2348
10160
8609
14143
9112
13058
10721
5201
1091
14089
2031
2117
8321
10264
4279
2366
13911
6553
676
3375
14604
2726
6844
451
11681
8178
11462
11748
2460
5088
15372
2807
12698
8631
14775
845
15076
7490
14945
8139
6868
11330
379
12030
11520
2282
6096
4392
5178
3842
12104
5855
6625
1584
13671
9998
9678
5735
1641
5841
2632
7197
142
6106
2922
7426
7484
11493
4524
14386
14120
8733
342
4777
9847
13297
3526
3917
14831
13509
5596
2005
12139
11208
12390
3879
9047
15452
472
3423
15981
7699
4549
7174
1501
13023
2849
14576
440
2589
7516
7767
1876
3908
4381
3473
11769
1121
15928
9393
11369
8190
801
4379
12870
2475
10456
3888
1415
5893
1387
2528
7164
9973
7096
10645
2597
8676
9976
9582
14726
13395
1248
3998
10129
2478
7265
14557
12781
2824
4197
7733
11766
10800
6302
14025
15946
12464
6718
14947
13368
3788
10759
6558
15930
11537
15209
1269
11714
2055
10580
3711
9962
14866
7695
4711
15021
7024
8962
9650
14320
831
446
15006
14079
697
13733
3048
12019
5874
1433
12616
2312
13398
4425
8135
2712
14608
3968
6822
15159
5215
1310
5265
7198
13496
4840
9399
5720
4815
3259
8221
300
6654
7424
7483
781
12754
11631
14260
6952
486
3791
10260
15432
10097
6413
6465
6705
10632
2575
6722
1913
2736
11660
13259
6557
12640
1420
12506
2910
12510
814
6604
10170
15491
7829
3171
16041
4541
15876
14485
12987
3891
14101
7277
11878
3269
5216
10610
3062
3600
9665
1124
7771
14807
4545
2764
15043
3531
5373
4931
13034
8371
2311
3492
11428
2063
10965
13537
12333
11795
14807
11883
1324
9398
14309
13184
2935
15185
13812
10161
16065
2657
4635
3731
9516
7966
11035
6640
5488
1705
2777
15757
868
2793
12127
8272
14301
3622
14328
615
12743
15479
11987
15687
12454
14176
673
15988
4562
3988
6605
13737
2247
4728
12447
9744
11074
10306
6682
15324
6136
5485
13038
12796
5121
7542
5013
3448
3032
1961
7463
15189
1503
14242
11695
5548
4295
1630
11829
6689
4816
13191
3125
3207
15960
6978
4428
5819
6562
6107
9753
4334
12206
3283
5664
15095
153
9725
10083
14430
15892
15319
6957
13528
7617
10916
9474
14569
15393
4408
2312
5213
11234
680
12072
903
14171
1805
6661
10259
15039
3257
316
1270
6079
6337
12444
2934
15675
5182
3077
11466
236
7032
4829
12479
3554
4608
14096
4462
14435
7225
7229
1579
6113
1281
10335
5520
16068
9348
12088
7951
10562
15930
8732
8388
13314
6746
9256
10577
8164
15225
14521
14781
10906
9873
12546
10433
8871
15526
682
7013
10024
11502
5268
3194
5584
16209
13948
2488
5703
13149
4068
9
5478
10034
8954
1456
12181
7407
14452
6880
1955
10157
11628
13456
4807
13999
9529
8549
8418
1297
6024
12338
2587
10354
6021
11258
8042
831
4573
8670
234
15463
14884
9996
7305
12662
13636
1710
2113
12021
9248
7960
9979
12913
16148
214
5890
712
15857
10152
2465
13908
1038
15450
6064
9705
7936
6753
14773
2357
6660
14452
11762
13440
14903
8903
4839
9223
9447
10397
13093
10653
13526
8453
13980
2238
4128
11453
10863
7412
11429
12900
6557
4581
1346
3274
1833
2094
10560
13360
233
3239
7106
6847
1242
8589
13970
3778
10035
13582
11611
8775
13126
8211
12416
10598
11011
13137
14219
985
14504
11502
2480
4286
7730
10216
15417
2163
1853
5594
2781
12681
2101
7105
6745
8930
15377
1850
10301
9631
9795
4470
12480
6335
4888
3407
10270
2159
5941
3117
11445
3517
13273
13959
8568
4368
5499
10958
15444
5588
5941
2542
11707
13901
4891
15473
8301
8457
12845
1829
4130
14353
10811
14916
3967
10158
13678
16152
8664
4302
10540
5261
1067
9167
9905
8626
13739
2483
2414
3109
10092
5013
5975
16210
6028
12192
8255
1063
9661
1169
5153
11606
3692
11468
5697
4152
16135
8252
12840
9045
3549
1541
15335
12323
8714
7923
10473
2063
4168
14186
488
6353
16181
5180
6502
2538
13637
11560
8853
1858
5895
2472
1046
10767
7070
8925
9027
3177
13293
7679
7551
12573
7170
4840
8371
16062
91
12233
5819
12603
9003
6559
10117
2981
1081
8341
12412
1414
13901
10940
1849
13932
15892
5276
8557
11687
14249
15723
13355
8836
4324
2451
9288
6268
253
5706
113
1192
10368
4997
15239
7427
12434
13247
7640
8122
3318
4045
9893
9642
9390
5711
14519
8805
16194
13453
7742
10009
8932
13014
16052
14796
4414
29
16019
10596
7333
7670
14964
2708
758
6169
5100
11505
3902
9448
7964
7523
11724
8639
15679
10373
15433
994
7821
9483
3823
7427
11151
8862
7170
3520
10439
1474
5318
15409
1180
12121
3773
6023
12138
7215
10484
8189
16257
11131
909
1003
11001
7051
5820
9643
12013
16105
6330
2691
947
11900
2558
1097
5215
2411
2453
4777
644
8252
2598
5038
8566
438
4874
10414
4826
593
14694
15177
928
5247
1539
36
13538
6165
10601
369
8256
5129
5354
4176
13697
9446
12690
4750
11260
15227
12818
12649
8431
10735
14452
7350
14094
7518
15500
9032
2373
3667
8141
9097
1446
5675
9615
3605
10795
853
13884
7534
12063
12656
1652
9162
2405
8509
8763
6012
2366
10971
2912
5656
14788
13152
15411
9165
5214
13477
3515
1677
11893
15776
2244
10228
3943
5964
1296
12180
709
15625
14501
9794
703
6570
13518
1982
1342
14639
5111
11917
8119
3296
12867
2664
5270
3074
9192
7016
1774
8923
12900
6284
4278
6290
15264
10869
7177
3920
5008
15846
13225
12181
13685
6426
6537
2677
9573
2824
141
12496
7544
13359
6632
2301
12310
13535
15209
7969
7697
7781
15707
13747
11726
7421
10565
9377
7260
9675
8380
16215
6446
3464
793
3132
5536
13499
6340
4881
5198
5987
9381
6825
3801
15553
1602
1341
9872
1322