1695
5138
13221
5154
3423
15119
861
15469
12526
13447
2239
10361
4079
14
12801
14071
800
10438
10160
7821
9634
2258
6201
6345
1415
5798
318
9475
3050
438
8668
4309
14487
2712
2598
10953
13439
14039
228
1649
2929
11916
1822
2797
12263
8478
6310
3007
2676
5057
14222
11933
8036
12707
8032
5025
10352
13659
1760
11213
7936
29
13980
4737
9942
14534
14800
15257
4159
14207
8154
1054
5451
7367
366
11775
11285
4445
11266
13169
2509
1975
12024
2936
14395
15719
14579
9559
6840
11843
1367
8990
1728
1858
15448
17
3757
15257
5002
8984
7204
2805
8897
5633
12825
3820
4455
5903
7227
12504
7504
9434
906
15092
776
14565
10499
3704
9642
8156
13210
12227
5334
6911
11496
742
9745
14215
4615
7546
8727
752
13034
2625
13662
13087
8265
15598
5764
11196
3675
3118
15271
11994
3718
12207
1580
14050
9373
12193
11417
7408
3773
14198
1417
3505
4780
13051
819
5947
6646
11604
7875
4466
3735
13873
459
11743
15590
4376
2445
1377
4416
11832
8860
1407
2744
675
2619
810
6345
10727
13782
14165
14491
14937
372
14760
13401
15079
4928
553
14770
13571
11061
1043
11376
14494
2245
3723
6743
15369
15360
4698
4954
1296
9041
9157
4975
7468
3642
8283
7427
6
12091
10641
14289
11041
12117
1969
14685
12673
11666
15518
4264
8710
1078
2310
3512
8884
4729
479
670
13531
1075
9815
12576
3556
11747
8045
5279
8597
14522
14054
10400
4383
8940
2084
6513
10712
3209
553
9700
9796
13702
14732
11948
15560
12040
11948
1566
1231
12755
14060
5436
15158
9667
12030
12783
10661
3835
4569
1993
9503
3119
8635
13022
3985
624
6043
5575
6825
7094
4003
11237
12966
12568
8904
1591
13468
7945
11951
7615
6160
6394
15543
11835
5010
12027
6681
4335
12559
13491
14663
8718
14127
14571
12189
12322
10512
3555
8740
6932
8371
7486
2044
14285
14096
7497
1118
11775
8045
10977
7538
5310
3704
11599
13581
10057
13788
6387
13990
13190
8968
8350
10277
4967
9945
12946
9435
1204
4356
4450
15793
15209
8882
15053
14607
5800
2028
4686
2332
884
3401
6219
14847
4203
291
12972
1
8508
2428
4717
4952
5263
14864
9772
6275
9267
5371
2059
13833
12665
2593
12901
1683
1812
251
3690
14911
7132
2329
11584
15335
3567
4860
9924
12210
8143
13779
4331
1463
8595
12685
822
12546
8384
6996
3324
12675
6718
10192
158
4174
1143
12438
14806
1339
9609
9153
14006
2706
8014
6626
12074
8772
7678
1816
13221
5056
1034
1963
3590
841
6647
11492
9799
11613
7245
4757
1179
7448
8057
15237
5873
2605
6063
1684
3364
2287
15528
12794
1845
4646
5345
10045
14368
14216
10422
4103
12589
1764
3513
14832
14964
3941
12137
3481
15396
14829
3989
13609
790
15373
13446
4765
10565
3720
5459
14979
14720
11514
7552
7963
14040
7336
8747
6498
8036
14725
7542
8564
13172
15213
1761
6761
2080
4178
1160
3698
10515
15500
7941
986
1672
4056
1838
9417
13156
5756
15320
15162
14437
2350
2095
6897
1828
15137
14964
8481
1249
5120
6757
5055
8064
8885
5746
13691
9730
6157
13362
12516
7483
5332
6625
893
7845
2579
5677
15098
5494
15443
2761
14983
11117
15726
2780
15023
14196
10993
1726
12755
14051
7024
1951
7522
403
13908
6783
2292
7418
7679
13283
10474
3652
1753
9968
6462
7158
7140
9434
3221
9458
15415
13924
10434
3480
6498
11333
2096
9856
9820
10855
8961
13360
13650
6435
15374
9372
3363
2952
3209
9638
4156
9330
9139
418
9014
14870
11095
2436
8673
14624
1609
11773
14965
10226
7572
10504
11571
2477
13553
15161
1711
130
6829
7381
10280
5498
10299
584
1401
4132
8982
3058
14059
13842
12406
12280
6666
12160
4091
9671
12290
2145
12872
15175
2700
8897
11923
1871
7727
1688
6281
1273
2318
4061
10571
4905
3826
1201
9513
13189
1959
12952
2935
7190
1437
11540
15437
8973
5076
13975
2681
332
4192
11778
771
10507
391
12276
12178
13135
5644
11837
15026
12460
2195
4266
7290
8468
151
8159
871
14290
8018
2420
10497
9987
2612
6346
7683
7480
1332
14974
1300
3440
10640
11255
13009
3780
4399
15346
8348
6203
7953
1351
2816
9330
4325
3137
3646
6110
13014
5447
5627
2112
5934
1585
2370
5561
10516
3868
4760
15341
11991
4552
9036
3499
8865
10625
6727
1678
10432
11749
8026
5594
9389
4706
14076
5638
6318
6552
5574
10502
7290
7029
6936
14448
4769
7889
154
6284
10293
6363
4474
1742
494
5610
10263
9024
4894
12697
7057
9578
5099
10280
12642
9047
2705
10015
9148
10766
9435
8774
2964
3268
6421
11248
1620
231
11789
7656
8215
13502
12207
9598
7305
4976
1502
12681
14206
2562
939
13272
606
9072
11261
11476
5156
5775
3098
5520
7342
8705
3988
7830
8779
13869
8190
15002
74
2618
6200
8675
4966
2349
3594
5232
15200
2797
11761
4896
15446
11929
4848
6222
1793
6762
2576
12647
9214
5157
9086
609
5734
12134
13923
5883
4079
4740
3110
6594
15528
4098
8465
7380
3333
1745
5434
10151
764
2151
12105
493
1544
13144
12610
7691
562
11518
5967
6344
13990
3386
8045
10438
15271
3066
4743
9712
11321
6800
13107
466
3700
7586
7728
8936
10347
3312
12538
10849
6777
10576
3664
2422
12901
2063
5370
9521
1583
1739
2705
9492
12681
7856
14909
6035
6674
1908
11414
14965
4415
13373
7737
11179
10304
3121
8801
8531
12875
1176
13534
13560
12485
3870
2656
6775
13357
6206
13414
15207
851
7757
8542
2395
5183
6182
5314
8062
10263
3071
8013
12823
8981
12006
9431
13391
12214
9277
10163
3338
3674
376
5618
7631
5067
14086
9011
5735
8010
15056
12441
5805
12672
9017
15246
2242
15159
2929
7491
5644
10289
509
8587
5679
2096
10163
3858
3596
13420
13481
3965
6973
5797
13183
12461
3475
14248
6160
11511
7774
8763
11960
3787
12162
7475
3917
8968
13874
407
7658
533
10991
4577
12146
2289
2316
1657
9044
11860
4321
1152
8619
4140
7630
2987
2410
2302
12591
13150
7788
9151
315
1505
7489
13291
9559
5906
14068
1029
9682
6806
4127
775
3898
5785
4233
8094
2736
10663
1394
15145
8940
2977
7980
13126
2947
6173
6127
6539
3712
14288
11451
14894
8357
12890
4166
714
5906
2495
310
191
2485
6869
2246
14492
2660
13799
12598
1263
9554
9499
260
1120
15755
13549
8844
12885
6568
14933
4281
4188
6995
4949
14023
10206
8515
8094
1985
5371
1985
10245
7320
14747
9499
15339
1581
14136
2731
4073
4511
8777
11046
9132
6517
11875
3823
8548
519
10677
4514
7046
14843
11746
5646
12353
214
6870
3190
2259
4759
4040
961
1981
6933
14982
5301
6962
4746
14343
4711
4344
12994
6444
11067
13457
10878
2837
13504
789
15499
8556
9847
10862
7199
7378
12577
14454
15486
7149
15515
8367
6104
1152
11537
15049
5230
1586
15208
6856
2491
15252
14477
1476
6741
14980
2371
3282
7257
12664
6711
495
9985
5491
12743
7196
8455
3775
14699
14121
3047
1742
6046
14089
12949
9665
13364
6329
13398
3333
273
9420
2701
844
14053
14168
8469
1496
2200
1718
8067
15208
10950
9261
256
11067
2609
7486
5678
4576
14796
2310
11893
11730
1466
11082
13121
8468
345
7091
15425
7322
14036
7072
13710
9991
470
4256
105
5174
4637
14729
2985
12100
12852
11436
13787
11126
6202
15217
44
5977
6107
11259
6186
9039
9994
7979
8816
8817
7666
14034
5908
8358
11489
11882
2072
5782
10244
12168
236
5304
2964
13913
12014
2262
10467
13665
3367
11268
10682
14927
8767
9714
14319
8125
14768
6422
13975
9906
5497
11765
6333
689
4483
7391
10927
12403
6498
11556
7292
4661
11078
1296
11393
10977
4575
3901
384
9843
11078
8682
5326
9506
1785
12200
1190
12187
7844
8142
12242
3006
839
6095
13647
15168
14766
2917
14584
14064
4006
14143
9992
13260
3233
6325
11416
13972
2991
8782
15213
10994
3028
2822
14504
881
15676
5325
9290
12258
3291
8317
9717
12042
12785
4515
1311
6980
9920
4816
7583
4046
8628
6891
6999
2491
2956
8622
8794
6746
9777
15086
3130
10706
10631
7814
5746
5817
14166
6038
8210
9
7993
7236
7647
1143
10309
9854
3291
11581
15788
2991
9064
9968
10047
7644
12949
7796
4180
3984
2640
14491
8834
2594
7567
4223
11679
11622
4893
10894
10371
372
12848
12301
13478
1471
8463
9778
10148
2662
7347
6165
8869
4748
7317
14484
10443
6512
661
5177
15454
73
2923
7295
3692
11833
4855
13026
1415
6085
2391
1758
4198
9850
12045
9138
13042
6757
8585
710
7736
604
4095
7581
11339
180
1262
9017
11229
14835
15245
15397
7233
14250
1357
11323
1496
7895
3612
15046
10611
13772
11539
9000
12171
7234
11021
15779
6318
1262
548
1447
106
15663
2780
7900
7896
5878
10040
13319
7698
295
6242
9588
12417
7191
8954
4755
9917
7138
178
10884
15364
12476
8709
9633
10507
9718
7371
1018
1269
1100
1035
407
4059
4357
14121
1220
5147
13238
9791
12253
1061
6249
13658
4812
1995
11172
6338
9575
4165
6120
7202
12205
12853
2367
13306
4743
5914
7438
1333
5682
8999
2355
3621
493
7288
12071
3836
11573
937
4901
10107
9753
12456
14459
10243
10497
3699
1799
14260
4196
1280
1016
3254
7620
3469
11899
10640
7061
1073
1557
9310
12800
8514
5267
13502
368
14965
5641
2197
4966
1761
13143
727
2141
10306
5746
2765
738
15180
974
13918
14272
12355
12542
11804
946
8762
126
1425
10671
12116
11473
3071
14815
6496
12650
6054
888
1652
7767
7451
15542
5608
14668
6754
4063
9059
746
832
6041
9243
3682
3314
10921
14168
631
13633
8057
15776
1340
13404
2538
7944
12458
15297
2493
15021
14952
12465
12204
6109
385
7691
7110
5199
12116
7944
6360
12185
520
13656
6238
7934
5334
9326
15619
1969
6175
10380
973
7668
5033
15478
3981
3708
8218
10752
15005
9974
4214
4650
9383
5194
1720
11103
544
10409
2868
446
251
11882
12180
11854
9141
3480
10045
11973
11404
14546
7265
10562
4072
6577
9630
15396
9174
5148
9143
65
14392
12737
15533
12477
14853
9584
5933
4455
14679
2505
9733
13810
11148
4966
6017
7551
7941
3225
2972
534
3156
820
2707
6893
11336
11141
3659
3484
3904
1547
13343
12989
3425
7045
14524
5675
14378
3117
1052
13082
8744
7149
14894
48
8371
8774
10408
15154
592
8250
13542
3002
5114
1328
9698
6664
9754
3460
2317
3731
14284
7446
10672
10017
13998
4999
13402
5361
5891
4289
5496
9749
380
9938
7490
15021
13025
2317
9172
15072
14582
11813
10288
13191
603
5027
12777
12109
5625
6039
14724
5577
8050
13527
11876
6927
12814
9571
1077
7453
7655
6713
9821
2884
5293
13946
14536
15368
4373
8575
3319
15277
6485
8938
11604
4023
7282
7769
9930
5510
2582
2948
9265
6897
12864
3278
12149
7692
13731
1562
13881
10828
7334
10547
53
1461
15253
14361
10472
15010
15481
2799
10232
5436
14103
7021
12118
5844
12883
2042
3759
6891
3641
10653
3940
12261
2183
3353
5994
560
3518
13126
3645
8927
4662
9508
1305
3041
742
8682
9168
3575
8082
9997
15732
540
5656
3025
13674
782
5074
7850
13220
15007
8514
7072
13658
6168
7331
13025
4397
10045
2869
3209
97
5251
6188
10983
12066
2165
436
1970
13008
10764
11201
6103
3635
5553
5581
6059
5850
4672
12201
1141
7756
11144
6957
7555
11067
4313
2402
559
20
12264
15684
7110
5512
9359
2028
9397
4061
10217
6889
125
11311
9039
5120
2276
14605
12620
7431
6932
12487
14952
14126
11428
13852
6103
9510
14538
15045
6569
14991
14004
15224
11695
8272
11359
8198
6264
3948
6281
14558
4360
11871
7479
9418
11524
3492
3448
2014
4110
12665
197
7997
8290
1029
115
3904
3430
2187
8931
6829
3009
761
12624
5443
15649
10766
10744
7800
11199
7718
3035
2548
2023
9385
9128
207
1591
15785
13080
5438
3079
4981
379
7394
2393
11821
15345
13782
11453
8344
6603
7172
7262
7769
7678
3495
77
10518
8416
8088
11127
12795
12512
15111
4123
14355
11985
4605
12084
8837
7843
1132
11501
12528
11086
13850
11206
12855
6310
10291
4467
6870
12644
12551
11504
4135
5352
9204
13715
12870
7322
12171
15503
6348
4985
11498
13516
9689
5657
11276
10987
11356
6556
1698
4893
12534
9282
7038
3893
11565
13889
3301
8088
11976
15655
14722
9979
13265
8016
13006
2204
8955
15146
4973
1408
5721
7568
8975
15442
2165
12940
47
3655
6467
12247
758
3829
13271
12246
267
8778
8389
12091
9687
10562
3056
8742
12310
6769
13372
1815
2397
2960
1777
1845
690
5072
9366
5194
8394
4588
7256
7769
10777
3258
11284
15521
1277
3046
1452
3743
769
15595
448
14085
15265
12255
12899
4119
13275
6851
11394
5929
7305
1353
1863
3869
11702
9989
6
3309
1064
2914
11053
3948
10796
14608
13672
681
8092
3018
9355
4510
1529
7009
5703
1587
6997
11781
5886
85
2540
3001
3516
2906
4836
5232
3513
5879
787
4004
14321
9857
4759
8907
4944
13742
10276
2648
11960
4385
4266
288
9552
2525
371
7878
11524
4576
11936
8567
2399
6929
6486
4920
4678
133
1514
15663
8551
2166
2529
2622
9744
7870
15405
1946
10940
233
7183
12344
10844
10051
14329
6269
10468
5818
9992
4880
7060
5472
15415
4641
13117
9918
4549
11638
15355
13429
3940
11317
1120
4348
2676
4191
10798
11403
14984
3943
14482
5382
15390
5620
11747
6886
2102
892
5267
11142
3591
884
12463
6678
2985
4038
7870
2803
12577
14837
15054
5719
7940
13050
14184
1937
13133
14386
7136
7508
787
4564
2849
3528
10180
12132
6890
8143
9344
10809
10603
9508
13065
5840
4353
5757
13172
14472
3338
5799
3785
11892
14225
8786
3914
12192
10342
14001
11961
4793
5143
1025
4071
6068
1744
15561
1888
4482
478
3369
4865
11995
12673
1369
6485
6622
3075
11297
2260
10501
3563
14285
2978
10946
4481
5426
12217
13059
15227
6654
7966
14154
15100
2413
1346
9874
6376
15704
1851
3560
14262
978
2633
13125
10257
15212
7397
5165
9465
3083
3267
10426
9333
14883
4466
15011
11609
12476
15240
5183
7900
5730
9301
1966
8277
13640
919
5358
3236
10069
10056
11061
12158
12451
13826
1039
14619
6988
5142
3161
13782
6123
10969
3868
13497
1166
7059
3036
5106
3358
14661
3276
2538
10784
2150
15591
8509
3820
15572
10254
13778
1596
9788
13384
9682
6517
9549
5227
1354
5337
7562
4261
5188
14234
14585
11608
741
14691
14211
9680
4922
145
11973
13149
14029
2396
12188
10986
2258
8958
11765
1667
12825
13268
4498
811
13981
4706
3182
7048
13552
11406
13759
10958
7577
7263
11140
4286
12824
171
10093
15546
8635
11546
4629
7564
3582
11060
211
13860
1513
12046
1529
11801
1362
2094
7236
4535
15292
4920
13943
6802
12717
11612
6430
739
5428
9595
10405
14093
1972
2753
7724
11229
5119
3399
108
10878
628
2244
10974
1819
2029
10941
7911
8572
5510
12469
3064
2891
7003
660
3327
5775
4030
4858
2200
1934
15242
6672
6672
3195
2957
10815
3766
12595
5728
7072
3497
11180
12401
2706
7125
15515
8414
9658
12312
2854
12393
9408
12466
11045
5726
13217
465
4468
2321
14340
14029
11529
806
1537
8841
15037
11668
2885
1032
550
2414
3594
9590
12251
6428
2301
12230
14630
4514
12664
1754
4874
5516
10443
5666
13392
10098
7253
13723
6696
6538
3934
7695
13512
3684
4409
15737
11280
9577
7967
7433
1991
15105
8387
6096
7871
4437
15517
14798
2978
2284
2737
12815
7257
14149
2770
5952
14956
2318
2269
14790
13634
1266
6253
1215
11743
14475
12955
2407
12247
5611
10558
7074
8656
3745
4447
8674
563
9191
11289
6839
7631
5081
9004
5580
7245
8376
3559
2298
6922
8482
5566
7545
14906
13333
4633
1465
9640
14247
15704
10569
240
14674
14368
2702
3322
1454
14700
1198
7919
11795
12092
4922
15676
2124
15375
4015
14541
14490
8303
12103
9246
4032
15202
11259
10601
7470
12747
990
3280
3523
9877
2691
2420
10537
11363
15071
3306
15357
10988
15021
11245
13871
12787
10579
13023
10644
2692
4262
13079
14063
5933
2199
1902
231
3382
720
5180
7287
9028
8190
11769
5221
9247
4885
646
7381
14710
11111
11022
4954
3308
9786
11426
11795
11084
13827
13989
7600
8779
10747
12623
8095
13199
13610
14172
2124
11636
8826
2513
5287
12659
14530
2850
3820
9290
5094
4681
1459
10225
8806
1888
10373
194
2753
12132
13199
8127
6361
7483
7719
9606
311
13523
10638
14410
9002
9825
10428
9805
7763
4097
7327
13318
2870
4275
1435
8165
9043
8264
6092
8532
12743
8643
15627
12679
14942
2927
14289
4393
5517
229
8596
5947
6466
10562
11686
12944
8608
2875
14935
5661
8934
15071
9111
14432
603
7169
8829
6384
10803
6548
13109
12930
4898
403
13462
1709
9881
4331
6490
13421
7352
14049
14221
1910
13923
11535
15480
1320
10181
2197
15014
10653
13381
897
10456
9691
14573
2985
14547
1114
15680
3642
11517
15068
11152
10984
954
8960
4562
5113
6535
3648
13375
14245
6256
15000
7307
4404
15206
11342
1150
3229
2848
12506
1595
15565
6507
76
898
10835
13427
15684
14153
10548
11947
1264
10831
5929
3666
4340
8252
11640
1927
650
7118
3293
15383
3393
14024
14159
652
14832
11660
2096
5954
12535
2236
3124
9912
659
1700
3782
7381
2990
13786
9047
11935
5641
8107
4427
6193
661
9642
8141
12291
4418
2142
7847
11045
1128
8410
12100
14923
5617
5387
8847
10759
5310
11889
11819
8842
4177
8890
10740
11006
7407
7854
3975
15590
15678
10810
14195
10810
10115
9506
6734
11849
2620
1485
358
13524
2492
15556
14536
8866
5259
5642
3176
12646
7878
7997
1048
617
8422
3672
2343
9995
6863
3968
14928
593
8690
4431
6070
11364
7262
14371
22
12303
11258
2117
14478
7451
549
10027
8402
14212
15723
3305
630
2105
13598
2816
11002
10394
12518
6345
6761
12744
2181
4113
781
335
11795
10481
2689
1845
5910
13054
9464
820
4715
4144
4544
9321
15079
10049
10783
12622
2771
2135
9981
15653
12491
561
2381
2238
333
11427
7303
13139
8894
13508
751
3130
4513
4404
9460
443
14597
1325
1874
3386
8754
9884
15719
1207
13029
10036
4679
7207
5544
7110
8874
14353
13650
7672
13677
1236
14156
3768
5544
12131
2152
14549
6657
2124
10946
9638
12350
794
4001
11704
13624
9704
14863
15746
11435
15417
14461
12999
31
15205
1859
11016
7056
6047
8244
13949
8364
2958
9862
273
11143
4870
8066
15797
15530
7960
4489
5284
14994
3265
9787
4815
10870
1502
4174
7898
12122
9444
2673
11908
976
459
3217
3309
6885
987
1730
4813
12822
11100
2013
5072
12811
10325
6766
1544
14967
6015
2513
12751
14869
7437
13682
14983
11108
7268
10243
9505
10800
11390
1349
11266
518
11022
4367
582
5041
7869
8285
7496
14566
10219
11295
1141
2635
8127
5555
734
1028
10816
9348
8808
5696
11486
6261
7837
11488
9435
10324
7323
14991
13993
11958
4801
4508
3024
4007
12485
5225
13144
5438
15618
14281
7727
12328
3766
9895
2690
12640
15685
7659
15341
11704
10019
5654
8280
2286
13612
816
3197
15644
4527
11808
5562
15781
11914
10571
9801
6867
11340
2299
10275
6034
4137
4452
4128
1056
4929
10994
1525
12846
11038
12623
1053
13635
15187
4682
11547
9214
12531
5501
5494
7072
9732
9251
5668
6846
7392
4908
7927
14629
11093
8606
3452
14819
10438
12678
9554
7899
15157
13434
7843
446
10084
12800
1778
342
2646
7030
10423
2918
12517
8231
11015
4033
15128
4644
5918
10521
3557
8947
10065
4295
10192
3192
8384
1775
7474
10611
2674
14602
1662
6902
9469
11925
13297
6990
9885
15663
3113
1670
5285
1518
13166
3904
1764
14173
4734
9633
11257
7002
3940
1307
3879
12601
12696
4383
14708
11858
15294
15390
14318
15553
10764
12104
9810
5897
14213
8744
7346
4442
3630
8919
386
11418
7008
14193
6766
14513
15605
11170
311
14096
15195
8324
1851
13333
7804
5269
3267
9899
4550
4202
4282
6455
11952
6975
1552
10665
3362
6906
9114
5005
1133
547
11605
7732
6899
9977
338
7244
26
13367
9856
7060
6437
1259
5558
8938
1327
11544
6869
2837
4249
4094
4436
7925
9244
1069
6184
8324
13746
15086
4355
13663
12083
4758
6340
14578
2846
10767
8467
12291
996
15377
6907
3544
1122
8890
4652
10507
15353
1614
3232
12464
14660
13665
487
11733
4119
1484
8143
5966
1584
1138
15470
1107
2499
4425
6419
11228
10420
11528
6439
9554
2040
14187
9058
13288
9908
1100
5745
9860
4434
15597
11549
6710
13082
4564
7768
4197
343
2595
1972
4513
11979
5539
7489
1488
10511
12340
5711
11888
14183
2643
14090
2901
13081
3002
13436
597
10458
93
5186
2133
8177
14624
3352
13309
15710
13018
8564
12313
10283
11595
3835
8217
5340
10739
10823
12571
11044
2425
13411
3876
13092
12697
6745
4687
3590
11021
382
8522
9434
5436
7549
759
13666
9581
2457
2684
6333
6056
3573
15101
5726
8307
14775
11387
12822
11024
9393
868
793
1036
9824
1942
15089
14683
14600
3629
3890
4967
1209
13249
3390
5084
5994
11430
7860
9268
9860
12906
10235
3725
4180
298
1138
13013
4110
14009
14658
14695
9258
8290
10305
996
10119
1755
4595
8979
3876
6610
8497
7164
841
11793
6371
9274
9878
3599
15697
1692
11146
1775
11235
10426
8712
9995
6347
7339
15776
6644
13203
11659
11168
5186
3704
12959
3968
15727
11524
6479
13155
1205
6829
15622
13554
11907
9408
4227
12937
14472
307
8192
9598
7601
8188
4723
14336
4423
14733
5731
12241
10895
5664
1357
12249
4536
4333
5255
12718
4686
6552
5329
6205
13198
11091
3645
12433
15053
2164
9882
10568
7881
13228
7198
471
11584
2846
8634
1197
8371
10799
10793
492
13987
15299
7165
9450
11364
11465
10669
10935
14469
899
6319
8443
14494
15094
2558
5167
7224
6888
3473
2955
13825
11399
675
4363
7547
11940
5445
9146
637
3488
13297
1262
8409
8163
5237
12906
8309
14576
6761
6308
10876
819
13766
991
9062
5729
2281
13896
6145
6270
7299
15250
6674
4238
12687
8249
11451
165
12751
15007
7069
9801
3369
11092
14721
1384
10189
5726
4230
15705
2878
15668
5141
10668
2608
5338
13429
14630
2283
938
12100
11021
15265
12187
10226
14634
9958
2285
10741
13266
1489
10716
4043
2073
14691
4129
3418
513
15035
14578
5572
6715
8348
4824
15499
12965
9700
136
6871
2462
3431
14211
11154
9691
6728
14103
5318
13553
8421
7378
10470
5534
8045
8197
10805
7010
14041
5208
8038
2560
6016
5813
8018
18
10106
433
10788
10324
1452
11490
12088
9184
7773
10904
7015
15571
5024
12413
13338
3991
8261
1461
13829
12693
594
4689
5511
1387
6790
9665
11264
12862
11685
4087
11375
2526
4527
8048
430
3452
13434
10121
12219
3374
7580
6690
9956
5048
3144
13266
10176
8108
15755
13646
1380
13050
7392
3853
5796
4707
16
10411
5530
14248
7618
7725
10628
11465
828
2017
133
5624
4887
15452
9255
2277
12131
895
4980
12762
361
12256
12749
32
3585
11502
8675
10921
12532
3867
7586
12035
6267
3152
11662
4358
12031
140
8971
9236
2630
2226
10293
9066
958
9965
11453
8744
14085
5688
5855
7800
1439
15436
9153
12136
13193
4859
10071
14070
2174
10107
10284
6690
13870
11149
2790
4482
8154
1790
6005
10981
10784
3069
7026
7166
9679
14156
5713
6658
60
9923
13176
15666
8489
1819
3046
14098
13815
2232
10988
14274
3431
15147
11063
8908
10433
11125
7696
2572
11188
15365
3779
13572
7355
13005
890
15608
9891
10905
7228
3736
10216
13760
6976
15192
13819
6865
12086
5224
13055
11924
11261
6139
9980
14963
13044
9337
687
12584
1359
7557
1569
6058
9567
9765
10656
5233
14083
2125
12679
15627
10195
8167
4255
15700
3291
5380
13978
6407
1324
1084
10910
1463
9787
3278
2497
13131
3726
13765
3295
12318
11285
3917
13150
13320
6473
8216
13826
3073
10274
5679
10677
4762
2873
873
9133
12587
12618
11758
14027
6150
2894
794
15200
7449
14547
9774
7134
12591
14275
7495
15049
627
5248
11380
4532
8081
11744
14113
1280
11877
5694
7768
8054
4872
13315
2425
15214
7375
11712
8887
4322
6865
7781
3392
14341
13105
3350
4721
1124
2283
9366
8947
4252
15044
368
4009
714
8150
1181
244
6004
8326
9046
12412
13081
5825
9670
14544
1376
13986
9995
12668
11136
14056
487
67
3913
5977
7395
15636
13614
14892
11229
9811
4747
1869
6775
12533
1453
5175
5844
2650
11035
4988
7524
11827
4159
4270
4858
10085
7650
1911
10278
895
15324
7155
14163
10229
4036
2843
5588
13769
8914
14895
14821
11751
4365
15565
1849
10634
14335
392
9590
12648
8437
8011
8898
11443
7138
5066
2562
13490
8579
14123
10519
3591
415
10679
11765
10715
8726
10875
10694
1171
7065
4544
14852
3055
4039
12815
2824
7275
10868
11010
782
1442
5895
8606
9549
12530
11940
10313
8096
2114
13553
7548
6483
5009
7171
12654
3557
7214
15259
10478
12639
15145
1880
6621
11617
15427
1888
3613
15264
375
6656
6662
11775
12029
10004
2003
11095
11022
5328
9271
10565
5552
13867
4572
8079
12438
13038
5529
1202
11170
10690
12321
11932
10174
914
5889
6592
360
7053
8262
4662
3954
15664
656
2908
9904
10798
7577
4439
7409
6241
3492
10340
6388
4794
10349
8787
10158
4532
11238
12212
733
7066
11163
13454
8693
7231
14690
14365
14136
7093
13941
13165
4905
350
13270
3380
4927
10367
8946
7138
10840
5562
7643
6380
3872
3654
11951
9750
1205
5719
589
2605
8752
4942
405
8367
1225
10871
12490
8736
3725
14102
7501
4577
7194
8169
14116
9149
862
36
14922
2570
6419
1470
8395
6482
10887
13208
15368
6736
15069
493
13770
10927
1695
15287
7031
4577
11490
15139
13223
15099
2549
7140
6835
2582
14701
6637
11998
6263
11442
12478
1771
3890
7663
395
3615
12876
8136
9071
12428
2539
7669
12065
1978
6369
15063
10036
4938
7544
14890
8941
9768
3249
15078
9933
11078
14722
7402
13740
14263
4489
15114
13679
3830
9861
2233
10440
9266
5104
3441
4779
6539
10605
7813
14972
5136
11872
7893
9810
15012
3927
7553
10314
9300
704
5226
6139
9992
2964
7786
13568
5829
10207
11587
13942
12617
12770
13254
2000
3505
7916
3378
6562
3731
7222
10051
6551
13621
2861
15503
56
12562
9493
4398
6469
8030
4001
10149
10881
11806
14369
15309
15606
6684
5392
12623
11557
2203
11005
12612
1343
4917
2562
10548
13586
5556
13549
5355
6825
6304
4954
5511
11673
6852
1833
7200
7111
14603
1350
8928
170
7232
5762
2149
7905
6866
11256
1361
6755
2029
2744
4635
13113
3409
11175
13234
15440
13009
1518
13217
6152
1644
8330
3069
575
10841
9736
8099
15501
10162
1469
4680
1837
3560
6427
11003
7063
15247
12713
7404
6026
1997
4218
5514
13029
1340
7063
15072
15741
6495
1005
3872
14516
14720
9427
2098
12237
5373
1531
8520
12444
5283
9651
7028
3235
9685
15390
11960
12461
3922
5066
12126
3867
9145
5327
5866
2446
7329
1702
14239
1945
9041
5635
10414
260
15252
2704
11654
1936
2774
10696
12465
3830
6490
5413
8852
14172
1885
6957
3792
1169
5274
14689
10774
6999
1841
1534
12277
10772
7752
11859
3341
13795
1990
13948
6517
2148
12930
14046
7476
14922
3139
10038
4151
5445
13238
5671
15577
3589
6353
3761
8831
4334
4563
9148
13936
444
15462
10608
13986
14793
186
15598
11507
7842
3340
2400
13475
13883
12212
12620
10433
5029
10491
105
7323
7982
7630
2707
1193
4364
5913
14631
1879
5705
4923
15703
9272
14367
3339
4216
1429
10268
6477
2927
9851
731
2663
8714
14206
4961
10529
10315
7112
217
9608
5707
4909
10627
14156
11178
5897
4745
2732
3868
10994
8649
9241
702
12420
6728
14195
8115
4648
8448
4503
11811
8674
8027
186
14337
7230
14289
10876
13855
6435
6594
14251
12352
2652
7160
5590
3218
11658
4859
9854
12698
15466
3701
4438
3300
12687
11707
228
15253
10619
1805
10423
11190
14489
2996
11262
2471
3052
6192
5194
15285
500
7245
386
11896
359
14097
8266
9220
538
13602
5526
1767
12443
10549
756
13162
6011
8202
5589
13953
3454
334
5629
4232
1179
1762
7070
15363
2803
11363
11969
12417
1637
14628
5230
10589
2841
8454
10995
6173
7700
9413
3412
3596
8798
13344
12793
4424
11688
9856
5233
10783
11015
15167
10148
1985
4393
14690
6392
2214
1456
1050
13485
6169
7411
6853
10230
5669
10198
14275
14485
12138
1933
5388
10175
6210
13623
7890
2106
12688
15263
5306
14308
7438
5401
12867
1696
5417
8635
15178
10250
6629
8313
14512
10608
13088
2895
13446
462
10611
6141
15058
1044
7170
5232
15077
14094
6449
12121
14695
5074
1720
13583
10607
14502
6323
2834
6420
4517
4292
8563
1703
5178
3723
7612
10305
10338
5709
3331
3676
10564
2093
289
13179
14852
7973
1261
8745
9822
4659
13022
1581
12172
72
6287
6777
2020
10506
12006
11410
9985
8300
9670
11421
815
8107
4331
3544
11260
4192
1896
6441
4172
2614
5916
10112
14940
7825
13677
4718
6410
5110
10197
7037
3051
11564
8922
1033
5082
4564
1429
4357
15419
1563
3102
11316
5716
5679
14050
360
4742
15758
271
7415
10996
10572
10456
12613
4794
13961
125
290
12959
1062
2273
2120
9788
6912
5671
10970
10105
14393
14914
14445
15351
7313
8026
15532
15653
11334
1088
2276
6487
7434
4175
5863
13310
3633
14290
12982
5159
11325
6122
13254
14916
9253
12647
3828
14111
8291
5128
10245
9351
5957
11720
7889
7537
859
15677
10987
1768
2304
8537
5957
7665
5565
7872
5154
4162
7566
13717
14635
4707
551
471
169
15233
6210
7219
15264
9807
6210
8667
3813
11969
12513
10136
15796
12225
6940
2130
14573
13770
5233
8964
4786
8519
8518
12907
4517
7531
10438
11011
1647
8187
3287
9410
12263
4702
15274
15442
822
11882
8724
6271
7553
6266
11948
7376
12508
12853
8799
4709
15726
15607
6939
8859
14474
82
2915
4623
1045
344
13378
245
2470
7134
7106
1830
2576
12569
7619
11974
14081
1513
1929
3482
7734
1857
14675
10714
3025
1769
13568
12088
7206
5419
204
6584
12882
5591
14952
9303
5209
7297
14639
1731
9669
15298
4958
15694
13351
7061
13718
13229
14732
13091
4158
5685
5200
12719
181
3248
524
12383
9297
1312
8747
12325
4728
15149
13167
9277
1410
7297
7935
4611
14694
8541
14584
7942
11805
13347
14303
2976
15059
2430
9181
3906
11305
11082
3789
4275
11057
14507
6907
4846
10075
8568
1496
13788
10287
14023
9242
2780
1417
11344
8119
6162
10912
14885
13585
10218
8800
3158
10577
536
11873
697
11698
6643
5
13075
733
1504
12998
3921
13401
7458
6568
2503
6910
7370
13710
12670
7022
8783
5279
15090
10091
13571
2507
7372
1615
8795
7596
7410
6857
6226
5751
10723
7680
9528
4373
4384
3545
11023
4412
4369
6641
11480
6523
11506
13082
945
15
15575
392
4143
15456
3440
3683
9353
10239
11681
6771
14789
2002
7529
1398
3415
9463
10427
4688
1041
635
9852
7811
9293
8816
2963
2985
8863
3853
13742
4390
1002
9110
15687
14167
3125
12739
2211
12236
2283
12282
15537
11704
10087
12664
7802
7043
7229
6834
13334
8350
1094
6444
6872
15521
11564
9361
12125
10685
10599
7834
7375
9749
488
7818
14186
8687
11618
2247
12627
7202
14212
11273
3471
12625
13295
11909
2769
10095
7812
399
3105
7129
14324
14896
15480
997
8402
15119
14443
1050
14246
14755
5950
8438
9348
11054
13605
11445
8072
645
7650
3357
12015
1279
8121
15632
8350
12538
9562
1809
9330
419
11566
6070
14238
9007
1928
10221
6934
3302
10667
2721
1704
7602
5813
10221
10824
15154
2247
8287
4488
11295
15482
10161
3043
14606
11071
8755
3187
8241
1982
3481
2150
14590
4430
13392
660
14510
2758
6537
12605
5469
2985
8588
3719
8803
3039
15336
3252
906
12076
4351
6573
2603
2482
9274
11403
2623
11789
5385
7801
15406
865
4686
14079
14014
14521
11488
8321
13139
12350
4989
13628
12373
4884
3946
421
860
11270
1083
8526
1182
8862
2968
7022
2621
13775
12234
11701
7229
7705
906
6964
4821
12045
12059
14383
12708
1897
5166
9222
11489
10167
11317
15746
12731
8050
130
8096
439
12889
474
3784
11957
9708
6007
10741
15404
5277
10929
3048
7834
2675
5362
7355
13663
992
14172
6306
9857
15666
15407
13004
10264
6689
4627
3875
12087
8316
1812
3584
14694
6468
5019
463
10375
6342
2264
9839
12236
9034
917
181
12682
10475
2475
2483
9783
3384
8023
7126
15204
13331
4983
2770
8414
1011
9967
13345
1079
2904
415
10284
14963
3803
36
1103
11101
7272
716
4435
5457
11846
3988
5284
7246
7876
4156
14801
5611
5472
7672
4444
8156
13286
4456
13890
15422
15265
14549
10942
2586
14623
4487
819
11550
3940
7030
12312
7174
12085
12350
13555
10883
884
2707
7066
6693
13939
6787
6342
13428
6202
3364
11028
8189
8835
6882
8276
3346
2054
915
5745
1411
2401
10342
2168
15226
15470
15038
3426
11298
6854
792
13400
4304
15430
8319
11227
5489
1653
13502
4070
7537
11775
14446
8604
377
5515
12957
1125
14859
443
1065
12099
5729
9742
11697
4356
3646
13754
6604
6129
4747
14290
7253
12126
2207
2014
7002
9804
13272
228
2297
7916
9074
1884
103
9379
403
8468
13571
13780
212
9643
14155
5384
7652
3785
320
3647
5251
1297
698
2064
5511
14217
5278
1695
2290
4747
7930
12501
10232
10733
5723
4462
4393
2784
10810
2103
7678
6909
2603
8779
13448
12695
3739
6287
4749
8872
2794
11346
13252
7052
392
8357
7037
1949
4772
3151
2480
12881
5800
1614
14596
3258
13014
5928
14087
14285
8807
12292
4656
12881
9091
252
10477
10556
4848
7442
12053
12856
11497
4156
15090
2479
4180
7057
4472
8878
12919
13864
5933
1249
4373
3909
5824
420
6053
12244
9235
14802
4342
9076
4694
15294
1146
11440
5071
1647
11379
1730
9785
4713
1411
12866
3028
3782
5329
3689
2490
10761
13427
13891
3212
7479
5235
3528
8743
8343
8972
11095
399
7535
7217
9914
6854
15300
7158
2341
8530
3674
4326
12219
4911
14986
70
8397
14912
10013
4400
1588
13208
7091
12510
11949
9409
14920
2233
7893
13874
6089
14982
13229
3034
14842
9817
15135
13292
9818
10592
9789
6620
7269
8926
8995
11986
3904
8542
2238
10598
7672
14777
1647
14496
11420
8221
7931
9865
15148
97
10500
1110
6554
14208
5230
14403
4489
11701
1986
8652
4694
5150
5475
7702
12473
4187
9943
3188
2451
15226
2237
10186
8624
6693
4154
10856
3734
13466
2289
9276
15304
1381
11521
10981
13601
9304
10514
14046
3613
13059
3798
12267
15674
787
696
2305
7826
10144
13539
12458
8776
4977
14148
12400
8164
12288
7963
8379
11507
12469
8354
936
2441
3228
11335
15580
11934
10468
11294
5315
1439
10347
6996
8034
5222
571
497
13059
15641
14868
13651
5494
5412
2688
15724
2000
4365
881
12387
9280
603
10454
420
3224
4039
8941
1924
15752
13563
11338
10598
6236
14935
9209
4689
11511
7848
7915
10168
10183
5481
1546
188
7312
64
7543
12786
6679
7285
13332
11699
7658
2345
12661
11574
6702
9762
3670
15473
1657
7550
13823
5131
5855
15071
7639
10784
12355
10771
2813
8351
9910
1973
9070
5247
3062
7863
8090
6354
3993
9023
14382
2463
13918
1413
6936
7644
4153
3066
4880
5225
13475
8334
15701
11206
8796
10289
14887
7349
14775
5060
10538
12686
7452
62
6986
10549
4907
6259
15580
4299
2344
1488
12858
5153
14437
9763
4274
11541
14474
14823
8060
15277
8347
13431
2043
5835
13856
3957
7085
7986
687
540
11467
12132
9990
9700
1391
7448
2976
6324
3576
13334
288
5195
10335
10881
12307
3570
3500
10971
550
2028
13802
4236
1566
2800
4899
10458
11184
3509
9300
12617
9306
1589
5384
4940
4937
1222
10133
11000
2952
10927
10821
7251
7901
798
15798
11694
5695
6601
1736
4769
4847
1429
3807
12584
4751
3908
14592
14101
5279
14743
7040
5394
5286
7649
14282
12690
13069
12063
1854
1409
4246
12525
4686
12737
14609
5446
11173
10459
7642
2621
15058
8510
11006
3713
14354
15558
14225
15416
2006
6519
14452
11520
7919
3886
14808
14439
7509
11500
433
5528
10685
8855
15685
6221
3954
7172
292
1648
9744
4812
12063
15759
5960
1376
13737
8846
6940
14837
8353
12554
5430
8828
9383
9322
9163
6851
8999
1419
15715
9668
1006
14129
12058
7255
559
8147
13129
748
5814
678
7718
10100
14755
4493
2652
12216
11582
12071
145
8693
561
12943
12637
6089
15536
1812
7757
13823
30
15198
1171
11204
12689
3099
2513
7905
4985
13754
13079
638
10148
3648
8887
5247
9855
5637
896
10018
2667
10225
12113
8010
9977
9139
3316
4201
6025
14752
12815
13367
861
15624
3766
2489
15635
10403
9870
5058
7628
3601
11076
8172
10203
10238
12432
9183
8966
15457
13494
14806
3387
6334
2364
5778
7623
7274
1677
226
6975
11607
2471
30
4080
12342
7126
8522
11935
909
4227
5320
5351
6038
10180
14210
1525
4237
12755
15167
14778
9557
14599
10679
2328
3519
5238
8800
8577
12630
11524
14575
1454
2540
5494
13155
2002
10074
4510
4493
5882
10285
15124
10019
5396
13257
7613
12578
6549
8719
9022
13194
6240
14800
3067
5616
4057
127
8222
15755
15660
4346
6223
569
1254
2537
1254
8356
773
14209
4993
14766
13769
9896
13468
4203
12117
3781
12606
12262
2504
12359
5199
14079
2577
12448
11426
3814
13499
88
1719
1382
6767
6516
5895
2344
15221
12488
11255
13434
14526
10201
189
13433
4192
8215
3113
3032
7863
11492
4665
8064
8082
3204
3983
8367
9450
1941
1828
11674
2839
722
2253
14299
625
14850
11798
13950
12004
15545
7735
15017
3601
7165
3680
14850
3487
10774
7452
799
5645
11872
1597
510
12327
2440
1406
9133
10170
909
8567
5217
6270
5508
11297
2087
11837
15296
11988
15504
13438
3331
3210
5760
940
6182
14470
13654
14931
13227
14655
3289
3850
6303
2308
7993
10265
5655
1238
14379
8850
3292
3514
2724
14362
1933
11993
331
8869
14252
6070
6462
4396
15479
1548
1998
3985
2557
758
8252
11373
6000
14388
6199
6277
9637
164
583
4774
13405
3807
8711
6586
4584
3193
6441
13244
10047
14933
1141
13122
14205
3679
14104
13833
2099
14749
9362
3742
12070
6708
11329
5315
1491
4944
14804
10401
3736
3606
10966
4793
1200
7075
7334
8003
1063
402
8053
944
13292
9356
1633
2446
3110
2237
13943
9555
4146
10290
10281
12301
7867
4148
6164
9828
14102
2453
8398
1512
15363
1403
13574
997
164
12997
724
8825
4241
15326
1118
15615
7815
15421
12921
4513
1206
1154
8983
13912
3202
5150
4382
13530
9066
1689
9299
9737
4233
5309
11460
7352
2788
13108
14452
8451
7385
1515
6058
4709
846
5422
3283
6446
12799
6789
4360
4930
14884
4801
8605
15339
8974
7426
7255
8488
1330
9914
3373
6160
6471
7829
5239
5372
1919
7136
4886
5497
13996
11210
86
1289
1876
10474
13093
6778
4207
14468
12921
4272
8855
15023
12256
8353
14263
7491
6597
13750
4544
4225
10483
1282
15780
3292
2049
12254
8344
5031
10960
17
3998
11284
733
12161
3889
5146
12922
15371
107
37
13220
2794
9626
8092
12908
15644
832
9013
2063
7921
10766
14670
6729
7926
13144
14703
6060
13182
1353
5950
9326
9797
7850
6301
14788
2691
14251
6653
4136
6355
3261
3476
3677
6628
14682
13556
13096
9530
5990
12702
15149
3341
547
13082
9888
259
619
9500
12607
9879
15302
15677
3336
2709
11001
12398
11242
11264
9348
7317
8051
7166
7356
13983
14971
2526
5944
9763
11798
6043
3108
7090
7407
12725
12102
2289
3777
7056
8079
2774
5554
11361
12985
10215
6690
12933
9636
7375
4287
10022
3482
5921
9607
3855
6291
621
11935
11480
13906
1281
12092
13228
1174
11994
9128
68
9832
13506
2905
2574
5696
12868
9869
15250
10631
2287
552
6861
7240
4079
10678
1484
8702
13953
7781
3481
6989
10127
9880
1310
7750
3024
2012
13988
7708
763
8386
9714
6079
5518
2556
1269
7361
4384
12502
11325
11218
12466
14496
5112
12868
11456
14614
14781
3053
5687
8753
8717
168
5295
10841
3599
11406
11144
10309
4698
9980
10341
10857
876
15447
12241
10094
11752
8101
3501
5698
5584
10903
4203
12239
5984
10494
3248
15147
8116
2950
5037
7859
4635
7732
14034
5129
97
4034
15122
922
8681
5044
33
14556
3225
5958
6613
5680
9256
10382
6698
4908
14173
7270
4003
6382
9671
8355
2679
12055
9654
12983
5003
7670
13795
14037
12465
1899
8945
14897
15592
13534
3960
6008
2424
6653
6957
735
6536
11944
2358
1931
9807
158
11233
3492
5498
2911
10941
2241
12644
14903
63
5600
6896
431
2572
15197
9601
13800
11272
9698
11669
14192
14518
12083
7882
10811
5531
46
2403
10555
11486
9967
12250
515
12235
12151
8060
8101
13718
6542
7478
9733
5005
907
10503
14466
1912
12531
7225
1921
1200
9428
14860
13333
2110
794
10163
10086
2159
12569
5020
12302
8086
11535
5565
868
6207
3360
10517
247
4115
12503
7417
493
12324
6832
1359
14620
5486
11665
4299
898
7579
2390
1142
8520
7931
8515
3533
954
7413
12385
12258
1660
1763
14432
8883
8738
366
619
13884
9777
1980
4920
5585
4600
12164
2978
8026
5133
5431
4046
12961
8845
4554
12650
10032
6403
15431
3325
3263
30
3157
11965
9412
1350
13060
7989
9259
8156
6847
5465
8641
10225
7387
1471
11469
6842
8945
7752
11732
11079
6044
4887
4366
15121
5947
1021
6442
11983
4291
10680
11109
15627
14712
8663
323
12696
11695
10243
8820
4834
3998
8077
907
1066
2656
6346
6139
7124
1211
3692
3098
1869
4458
937
3548
10267
12258
11324
10507
10720
312
5833
9655
9264
7052
7066
13037
3507
4374
12859
13374
11066
3007
7253
13499
6175
7429
15371
9487
11884
2903
14623
4657
1663
9536
13390
74
4404
3965
9080
3922
3614
3996
5766
1570
3445
680
14999
15736
12636
12534
9318
11166
5195
6377
3931
5398
8295
8610
12529
6070
11192
4310
9063
6273
1008
8153
6215
7795
12999
1654
12142
7084
5357
289
9209
7198
5290
1485
2316
11537
5616
14869
15628
4157
12132
3756
4272
4086
7768
12298
11894
9242
5698
2844
3067
13875
11292
7325
9215
5611
9203
686
8345
14860
7817
14250
2507
3134
2102
6003
13346
5761
3336
12460
1824
15383
7847
9564
14892
12329
14955
6493
11544
7241
5292
9750
10757
13384
13911
13580
6679
1023
3901
6497
12416
904
7750
6911
1035
1671
15097
9250
3168
2661
1506
5611
14852
6744
3086
11579
3864
1483
3612
4271
13298
8034
811
14015
11145
7512
5466
12422
5929
2119
7412
13046
735
10234
14797
7525
11597
10314
7677
11617
10825
11926
14283
12943
15003
10163
2519
11615
6911
950
12582
4930
1091
2736
5335
1964
1512
244
9085
11834
9807
2190
13169
8928
14031
13342
14940
1558
15257
5638
10234
8285
12257
1136
7283
10654
3275
2092
8827
13985
7665
8151
11758
12473
9947
11335
9469
12003
10519
2778
7030
5605
8210
14216
3766
9012
15653
1529
13805
13012
3467
11064
13520
3548
8003
3184
8726
1860
22
193
6561
14469
6911
7564
3779
1241
8627
12088
14317
2341
15199
8276
5256
2511
592
284
5782
5135
632
9245
8903
9381
4377
6716
3126
6843
14495
1864
6325
3278
4383
891
14831
7861
13883
1434
72
15525
15096
6652
494
11654
11821
8570
7795
1449
8043
15764
3209
3199
4512
13170
4494
6099
4936
6099
1086
3818
5093
11530
1199
10550
102
8857
14215
14202
2475
1748
4750
655
11361
8385
2148
5738
15128
10513
9091
13825
10160
12327
14919
303
3501
1428
13414
14969
14873
14480
12193
13972
3607
7383
11968
11438
1485
15137
5848
15701
2136
2107
2872
11560
12949
1250
13669
12126
505
15727
12200
6673
13753
10329
7642
4346
12220
15282
60
12493
7376
7376
3343
756
9197
10161
643
9938
13796
8838
4477
1202
2174
10078
12538
1769
8837
6671
2499
7394
4589
450
13240
12044
2791
5363
3945
5840
11712
3163
7413
9671
1401
8119
11774
8896
13259
877
10849
10167
14947
2655
14821
6549
1684
9423
7
10353
1906
6221
6293
11638
14823
2484
9332
8438
3866
14673
10165
7527
5858
9938
12948
1472
5604
13467
12704
2605
1990
6648
5864
1414
13373
695
3118
809
7171
3269
10594
5920
8912
2141
1893
11150
13873
7463
6908
12435
1070
367
2403
8851
8539
736
11448
612
2163
15467
764
1503
10396
15560
9090
3502
12053
1918
3226
14552
1317
14569
13324
4396
1612
3012
6262
11979
9592
3147
11078
8034
2507
6298
10981
5714
10120
9419
5569
8736
10491
11526
4660
14445
15021
4132
3477
12550
14346
4199
10222
9994
3050
7265
15662
13500
11544
15193
10183
13470
6066
7551
13565
12419
9008
6933
11049
11446
4960
10879
1611
4731
12217
13372
10647
10298
7079
8330
11322
4053
6559
2680
14335
7814
6137
2999
10872
12744
3400
4166
14118
5818
15175
6408
5918
14269
14073
9049
2685
2094
10605
7211
12398
534
10803
15448
10229
1584
903
3204
8663
5477
7805
2458
11298
14165
9016
6277
3463
12801
12915
5230
1019
4294
1973
378
4928
15171
14730
3638
6193
1435
9854
10283
1480
4495
10541
10548
11168
1411
3963
10885
2124
7688
154
14142
1893
3863
12589
7222
5025
12247
15750
860
1810
6595
10983
12401
9865
12202
10371
11261
12899
7209
12866
1801
5727
7815
12375
6609
13436
6967
10595
3528
12558
12888
7803
12012
15568
13305
11762
5623
7240
12220
15257
5586
12282
2321
6647
8544
8222
10953
9976
15223
8019
13884
12926
7106
1561
9470
14638
379
7473
13142
4050
6424
8568
7942
4244
10322
14657
7263
1429
14420
3498
13259
14217
14504
13270
13191
2516
11186
3287
4315
8851
1142
13646
534
7013
5728
15545
12166
2006
7861
11783
711
15555
8487
2537
2179
1486
12197
12347
4222
14002
4315
750
328
4989
13440
9650
5374
14467
6351
2560
5069
8306
3422
10399
14576
7285
1463
6251
7537
13892
873
14701
11660
4561
1756
4922
5311
3258
15756
13720
10575
14957
13253
13550
11952
5286
3216
15609
7495
4205
253
10196
1396
5409
12842
13039
7077
13117
14444
3346
132
2308
14108
5046
9789
10702
10975
3227
10199
3119
15399
5548
1056
10637
7337
2750
15425
7046
7418
5906
19
15300
13095
1615
10971
176
8750
14916
5410
7183
4410
4619
11287
6340
7653
864
8254
4916
10856
6409
5972
10699
3435
15043
4555
10255
9198
9393
8907
4616
8727
5591
8595
7173
10485
9457
7175
7427
12112
9724
8312
14345
14403
2572
11869
8838
12750
8596
2069
15196
11929
1983
4928
7374
5083
15001
11576
1697
1647
15106
1932
6015
1040
5192
12054
6972
13644
2162
223
13457
13478
10337
7592
8577
1280
3606
7450
7275
1204
7246
14264
14657
2907
3179
3618
2183
3173
14861
9849
2694
11741
6338
14945
3829
377
4929
8596
14355
3659
15140
3490
3117
15450
2511
10670
15629
15622
11930
987
7409
6860
3396
12225
1620
6435
13076
1163
5696
12313
3735
4273
3397
12385
9816
1599
14473
4577
13067
9385
5381
4039
13244
4441
9728
10075
3911
4811
881
3967
6160
8215
15399
3067
10403
6066
415
15577
14105
12892
15504
14522
8878
10912
7574
6050
13225
554
13779
5335
15772
5297
4169
15749
4511
15238
1774
13711
15068
13479
11344
1129
10641
7046
14677
9435
5866
7547
6158
7417
11778
8013
10993
10568
11351
1338
2112
4230
4533
5238
7239
15671
14525
14710
11526
2242
1654
8767
8202
7124
13043
10518
4473
631
1131
6862
1054
11190
4064
13574
8703
6370
14288
6343
3511
12669
11384
8138
14402
839
12280
1623
7489
2253
7328
14239
936
11098
12603
13749
10033
8400
13691
12255
2582
9666
4749
11054
6721
15306
5573
8113
1189
5967
6530
916
10827
675
13291
4660
2483
5248
14467
14357
5142
7189
9213
4591
208
2958
14902
14533
13465
11105
11566
1316
9181
3980
3813
5671
11558
1697
1911
7212
12532
14175
3553
14045
10161
2666
13044
10249
10121
6265
13745
14450
934
13295
7673
11260
6964
7947
4540
11661
10950
1112
15220
12682
11980
2152
9116
14158
210
2782
7407
14275
10205
1784
5004
6872
8835
12560
1686
4756
8859
14142
5917
728
6977
7053
9765
4571
2003
14495
11775
12703
12102
8916
1279
1678
4208
440
14488
15026
2039
7011
8414
14851
15369
11438
12872
9924
69
8689
14068
558
7988
3130
12613
3352
8484
8879
5253
13599
13713
2641
5435
7154
8870
7102
5729
9314
5325
3749
11577
14590
13861
14779
12948
12858
10192
6684
1130
1650
4923
5671
10644
6554
8453
10655
4
5570
12150
3775
9355
13842
15654
4867
780
134
9711
10534
2781
4726
1549
10639
1752
3385
1273
9075
5042
8756
8357
6974
9974
14213
12108
10336
11491
6873
12151
12654
1091
3832
6802
4350
12875
9422
7109
10775
416
14291
13496
3972
9420
14376
7574
7590
10344
2956
7696
8796
6214
11625
7405
11446
4268
7811
1211
4839
8762
14791
7483
6704
9025
4067
1115
8960
4512
74
5459
7292
5283
779
4034
573
4399
11356
13414
1602
15049
14027
7074
8409
3587
2174
12065
8415
6719
3234
3086
2889
14343
1135
1066
7052
8554
10348
5337
14375
310
7486
7897
8289
12164
7675
13890
1342
11647
5220
6653
15060
14603
8718
14733
12307
9956
14741
10928
12243
14144
11910
15434
5574
715
5283
3030
11754
10057
12972
6548
4226
686
2478
1597
4626
13719
15760
12531
13376
9832
5249
8853
8849
10524
12562
7987
5599
13920
2475
7303
9798
267
10155
6172
7886
1539
10134
5258
451
13195
6784
6185
8589
2135
14803
13838
13616
3705
4025
15108
12246
7230
3006
3211
3106
263
267
11815
6159
13034
6547
2118
5937
8609
2328
6121
5804
9645
12716
14417
6901
11792
15190
15037
11296
3493
13958
2339
8604
5330
11881
3296
654
9824
13300
14989
15034
14175
13833
3525
2382
7995
13685
3879
10664
6457
9925
2608
5556
9918
5047
10613
11017
8452
8903
12176
7853
10190
6514
3923
4607
12812
2403
15178
11106
693
15226
6362
5677
12336
11889
12842
11485
2910
14743
1138
12946
2852
14599
3972
3769
9700
4766
15584
8179
4241
2003
10256
6626
13168
5762
7122
7760
10915
11247
13010
11072
15022
7963
754
13372
753
13339
2786
7698
13677
941
3587
4556
13936
1371
2765
4204
6753
5992
13750
8050
2065
9841
5835
7949
7754
3174
9865
4780
9576
15671
9252
13409
10830
11114
1780
7359
12115
13916
6026
13979
10319
15761
11516
12376
1488
34
7338
5248
14071
723
7573
9590
2143
6178
7780
5566
15138
41
3352
12699
1694
6205
13138
9119
11661
14587
4681
776
14630
15738
9978
3706
5284
5293
5949
12481
9273
4290
8448
11249
13997
3966
1448
4909
13764
1503
104
13569
961
3241
5296
10360
2458
5564
15595
15718
14246
3615
5668
1622
3036
8112
12524
4406
2049
9104
8164
13644
11378
6996
3596
8125
1447
6855
8063
4657
4024
1724
1878
5402
13921
8579
10950
13462
6789
1078
3023
14086
6276
1117
9095
12394
12858
15187
2260
10034
8946
15375
7346
8942
10294
13119
3521
13078
10588
7458
610
4274
6774
3615
10721
11559
9862
4038
2537
15662
3154
5919
12044
13243
3309
2302
13750
3793
12064
15697
9874
5885
551
10079
8855
10484
13543
11471
16
9912
4608
11444
810
3608
5000
10739
7967
2600
9293
12313
9548
10723
1752
1607
6994
3871
517
14801
3034
5663
7521
6654
3071
3615
11892
534
2834
12304
864
3875
2224
2291
4851
6743
15508
979
11655
4494
6362
14963
9357
4239
7420
9130
15212
1916
11712
5227
6389
11984
4088
3113
2472
9817
9988
15305
2564
13563
12569
9212
4004
392
5231
5651
347
11724
12759
2977
15485
4703
443
9975
3460
6508
8407
3988
10214
11801
7769
13385
8551
11687
3397
9275
13183
6312
11511
8640
7270
12071
14875
8781
2094
4932
5363
3925
2686
7762
7166
1217
181
11661
1350
44
2417
13721
8391
13612
3654
9980
3969
7697
2294
13015
12009
4463
11782
14629
8875
9189
6622
10649
1100
9633
12542
14452
13531
8270
15569
8850
4887
7923
11523
9635
9454
24
5122
14266
1759
11734
9547
12917
14079
6665
10043
569
3697
2564
3152
8830
14411
7527
1388
11692
3945
5505
5514
4259
706
11202
7028
9914
35
2727
12123
4206
4020
8701
7925
5638
9004
1061
7452
14815
131
4957
15006
14519
10610
12225
2828
2158
14687
343
10231
3685
13127
2649
6510
10615
9765
1234
4077
3428
8906
1605
9954
3951
7011
14218
9874
6108
10275
6884
9460
7858
15599
4431
7891
3891
1046
12990
14701
12768
8720
973
11158
2991
15157
68
12383
7074
5280
10943
5457
9906
14164
12556
759
7883
12986
9827
10115
7264
13427
11619
5475
13471
15111
964
9266
4193
3919
10889
11268
11300
10307
13907
5571
11549
7827
882
12937
12760
8893
14823
6071
9440
15689
4647
5716
11979
1643
745
4734
1876
7581
4548
12529
4249
15471
1974
4068
13354
1145
13743
12130
7554
10306
11824
8354
11314
4865
15578
6865
10420
9761
9483
183
3416
7279
15232
6812
11402
689
3457
15424
7550
1050
828
11612
14095
780
5017
14949
7003
13289
11545
3161
1804
2693
6350
12598
13939
12941
2996
11668
2112
295
15286
1222
176
12784
6180
8502
9843
13912
3564
1821
10332
14399
11133
14211
13072
10779
7391
5439
10948
7577
13372
1751
12581
8993
11365
8210
9401
10307
11703
13695
3031
15217
12577
10062
6630
12431
11764
10103
13417
8457
5184
6238
5749
9405
14811
15255
8754
808
15464
5206
2649
5717
12659
12052
10853
4188
10973
3570
14325
2229
3923
5968
8279
4803
10763
486
9573
13065
13354
5310
8469
5519
2688
13035
14776
1617
10102
12751
1015
3627
5480
9580
5104
7573
8481
5316
4152
6766
8833
2425
12846
12625
15050
13968
302
8457
5635
10290
176
9290
5629
1861
2193
2083
4477
10338
5434
8858
184
6403
7545
9108
12459
12139
1856
3238
2684
11562
5046
3556
10586
8460
9507
6802
6741
12087
10678
1396
3934
15713
9353
5115
8102
13818
11674
3812
12488
3628
13447
7209
6420
3301
11736
4768
11444
6825
4175
9365
6065
14802
14619
7636
9925
10349
15284
5710
4574
3412
5693
7506
12635
13767
10110
15204
13908
13884
14929
5467
12602
2356
5040
10706
9536
7597
1103
9737
9688
15634
14690
13210
9605
12154
1144
6303
4539
15214
11519
11173
4493
15746
3448
4413
2460
8577
5714
12284
1118
898
12782
10064
15388
3824
7658
8825
7163
14239
15624
12620
9231
2223
6866
1383
7585
4679
6310
5414
9839
7411
10214
11876
9767
7093
6038
2645
341
12972
5372
13543
8750
3900
14255
11017
6450
8564
13705
9796
7636
8286
5084
3173
12113
15744
2932
15738
11170
15706
417
6995
4267
12639
10050
1008
6105
218
6559
4947
14953
2056
13093
7080
1309
4903
11358
9620
14911
9360
9127
8640
6279
13127
6517
3458
12546
14784
197
14602
12323
11067
3936
661
9310
973
11059
2965
3133
6092
7754
12476
5257
13730
10222
15336
4978
14978
2009
1562
812
4448
10033
8090
5124
5746
5991
5814
9602
11734
15461
3531
5604
6600
11926
2151
15484
524
9080
5678
2357
11115
6340
632
9571
13850
4874
13052
6639
15119
9520
8222
2943
6899
6449
13531
2595
4314
12686
9911
7145
13316
6929
5943
14573
11769
2548
1057
14619
14612
3519
13090
4052
9403
11005
14044
5326
15388
11478
12396
3178
14290
7531
6175
8145
11684
4909
6872
815
851
6350
3382
3796
14584
3977
14634
11831
15121
3020
5306
9310
13333
363
3202
14175
14125
15146
10552
200
3204
3435
6548
3993
2184
9335
13302
6497
5124
6231
5179
2404
14410
135
139
7687
15646
5421
5000
4528
9319
12721
15630
6878
1775
13452
8643
799
10484
2476
2708
5373
10081
1386
11220
12172
10365
12171
2378
10510
15156
426
2184
14169
14828
12557
11161
9035
14487
9913
13902
15735
13993
7566
4674
7019
2208
1338
12330
11709
175
14291
7362
3661
9483
4105
531
4692
14876
13587
10140
14000
5469
3835
4125
834
13687
1524
2799
781
9932
15415
13113
6647
13807
6519
15534
4083
8387
3904
7692
5967
7297
14093
2916
15773
15673
13842
771
3591
9391
4263
5118
3138
3932
8500
4282
15151
3459
11904
9263
4625
6695
2849
11760
9295
8374
2863
6284
8066
12395
10609
15031
5852
958
7060
1259
13378
11880
8276
14292
14390
12922
5949
4836
7026
12062
7991
12560
13331
15511
12923
15112
10097
6052
11702
5247
3438
12898
13416
12463
14960
1646
3825
5255
14874
11450
8438
14457
2451
7030
841
10214
12353
8211
7501
14003
3725
2759
11430
12722
4897
1811
5963
5940
5582
14531
1374
3511
2705
12099
4679
5735
8634
9111
11191
3796
11678
237
8400
4805
15279
3847
4642
7346
1679
14181
3
8645
4256
15448
797
12120
11679
12053
6564
7220
4417
7524
13106
10419
14817
6577
9656
4481
1043
752
7636
9066
9996
15671
7367
921
1504
8924
2023
3805
8627
9597
14080
13448
9952
10905
6022
4418
13424
15715
11233
14688
14216
9042
11904
8055
15080
4597
12703
5639
10880
9233
4413
7039
5498
11974
4598
5898
890
7779
11846
8981
6574
9357
8863
10109
8814
11618
2878
2288
9910
10151
12794
3501
14545
9685
2632
11741
11809
5989
15170
13294
5993
4938
5616
12571
2505
12914
7818
2486
12551
3722
8479
5259
9261
596
2792
13593
3884
101
9692
10711
6912
3955
5873
15748
9081
12617
11105
7191
5730
9428
14467
7314
3555
209
3494
13225
12901
14416
9587
10811
12411
6445
9050
12999
10464
13278
4199
1344
14893
2558
14040
3688
2073
12864
7991
4993
67
526
7970
6023
1502
5687
5489
9655
12782
932
5865
9143
14133
7927
2564
8583
10293
7690
5383
4307
6469
10105
5085
4813
3210
8514
8364
4270
15736
2735
12209
14573
14754
15444
8588
2532
15528
5468
11599
2598
7839
12636
13177
3269
4015
3807
4493
6549
14522
13265
229
12443
6011
9154
5119
10781
10541
6384
9440
12061
3735
2568
14729
5389
3859
11760
2462
6323
3287
15209
3149
442
12204
3775
11062
14148
13656
11155
9563
5750
15705
11842
4433
11400
11501
3921
14255
4613
9017
8753
10704
12847
12223
3834
10074
11729
13481
3510
11636
14577
11995
7136
10941
14839
8422
790
1711
13410
8314
2078
3709
11708
11518
15634
8119
14984
5111
599
15444
2475
15622
11054
1214
14633
6725
5830
9111
13220
15300
9761
1921
12186
5267
11698
3836
15446
12860
14132
7503
5243
7236
2229
4847
7231
5530
8748
12726
14610
3147
2241
3371
13105
2190
10089
14914
5367
14210
11288
5939
15172
12969
2642
13052
10313
9972
3414
13577
8561
14040
2686
7885
14667
1293
215
9429
308
13653
6567
11876
11776
4715
8572
10021
1195
6392
1271
975
11965
12131
1327
4798
11332
15291
959
1852
13256
2942
5208
7057
5762
1659
11325
10344
127
13145
15353
94
4204
3157
10204
9135
9517
11806
3164
2424
12995
10720
4518
11197
5024
11648
3819
1540
815
4866
13383
15185
8448
10650
3103
13301
15465
1384
1998
7408
919
9458
12022
8915
34
11370
6911
483
291
9522
8956
3715
9895
5065
8450
12639
8387
3212
15020
1788
8991
5203
1103
431
11040
1769
11429
6753
3596
1767
8786
13848
14356
853
10247
14651
4635
13025
11127
4797
11449
7606
8284
11770
5181
887
4241
14425
5242
144
9409
12845
4036
10636
5284
12457
3574
14456
9450
3681
7296
15271
10047
12440
11205
6507
9222
6268
7582
12413
4346
9919
10265
15608
10740
10193
3105
14891
3478
11969
6892
8526
10589
5498
13235
8531
4139
9261
6924
844
954
2582
6109
11781
10796
3840
10324
1859
3537
14070
2969
8076
5618
7030
596
7873
11074
10208
13806
12473
1355
10615
2922
7590
900
987
14539
8338
8759
15545
3038
8479
13837
9767
9940
3420
12160
13640
14411
5195
8845
15569
10685
648
10971
14026
12625
3475
12518
13232
14468
11149
7817
2052
2132
3000
689
14137
249
982
1857
4640
1750
3575
4445
1733
10145
12654
1856
1022
3192
10146
5278
13230
13811
15633
14842
11199
6074
1287
11183
10901
10390
8396
5896
11000
14716
12766
7952
11331
1068
3916
15732
5348
13925
15188
3190
1185
4159
491
7270
4220
10411
14453
9957
8407
14147
11197
11773
11861
4505
14236
4035
15520
1458
12859
12915
8729
1917
2162
1273
9999
9939
1340
1639
13157
6136
4728
918
5042
12520
9409
12887
5632
8547
8114
919
7036
5583
9842
5965
3679
6856
7948
12550
3695
5332
5659
1431
5148
5227
12496
14179
5005
13149
2287
13253
8035
7221
15599
1192
1094
11024
4800
2980
302
5985
13740
5057
3001
8246
1210
13012
1815
5487
12568
14349
8452
8556
8479
10010
5126
6593
14096
11735
6926
682
11678
4293
13435
10771
7776
3924
14547
3487
14148
418
9821
8757
3481
5005
15274
14999
1424
15791
8901
12176
8266
11441
10573
5815
5119
13664
15007
7030
482
6148
5289
2885
13719
7057
7666
13098
11013
321
5873
2782
2351
12256
8778
398
1464
5452
9701
10355
2653
10915
1508
9688
14329
4427
13657
7263
5828
6807
15774
13890
1353
831
1041
15384
13061
13847
6999
8597
12314
10712
11177
1265
12325
10652
14092
7002
7937
855
201
4793
7955
12208
15186
10507
11571
11066
3867
3837
1064
10160
857
15225
10366
5843
5326
8195
13175
1982
3740
4226
9648
15192
11960
4041
1187
13089
6143
3364
12984
14297
8953
1314
5124
3529
6131
11685
11272
11603
128
7677
11302
859
2191
12118
4768
9993
14533
10040
8366
10420
15180
1414
10619
8316
14566
1043
15642
10967
7926
8313
120
5169
10971
8615
252
11720
3833
13142
318
849
9145
11691
8343
3205
961
1280
1115
5505
2799
9892
6086
12862
12182
12219
2702
163
5021
15621
8792
7510
9297
9997
305
1596
9995
5803
272
10837
9731
11241
3181
6601
5836
10645
13584
2027
8280
4187
3118
6574
8325
8799
11947
2674
7274
2520
10997
11612
12043
4824
1609
2608
2158
1035
10602
14218
6638
14524
14424
413
15188
1609
704
12904
3841
10129
4701
9644
8695
3697
5347
5537
7706
11423
11998
7830
5492
10344
303
2056
5786
4856
10255
3997
10287
5434
2289
1762
4528
1048
5091
2718
13723
6345
263
13456
9473
15463
13654
7877
5194
12274
10771
5547
3530
11035
4201
8649
10488
4192
11219
6803
1433
6755
14462
9749
1423
14608
3359
1082
9670
12687
15565
2503
14439
9397
6818
13225
1267
8135
7944
14906
11081
4866
10748
2560
12491
13410
5540
12969
13286
10000
13402
3204
8586
12751
6015
13518
11565
11256
2338
8044
3358
6967
13620
538
4219
1061
7037
11662
15772
1688
13841
10512
4800
14477
13388
8563
14453
14725
9978
2992
7249
11493
9978
7173
8612
7216
15624
13462
1085
12927
1261
10653
6003
10425
6140
6986
11645
11005
3151
10418
10007
6691
4635
14504
710
4015
8687
13033
7034
6867
9503
4234
9750
5107
7686
8666
9363
15060
11540
14658
6483
7403
14778
15232
9656
2496
5743
6688
8524
2610
9532
7136
29
12010
5245
12116
5568
9283
6034
11519
6427
1722
13814
2828
55
7698
7036
12415
3922
3546
12521
2569
13840
2823
8447
7486
6324
3688
7739
7971
3933
5528
13037
4739
1924
12943
12562
4114
1661
6015
2580
12242
13646
2765
7662
4352
1656
5516
6563
13456
8783
1867
15135
5810
5543
8341
2282
11945
14710
14377
15467
9212
9356
8562
13596
14709
10442
13587
2671
8847
13104
2809
3806
14584
5899
5155
1847
8460
9908
6027
4677
735
12933
11824
12153
2574
4390
9945
7842
11966
5070
12819
15176
7465
7960
8775
10676
11624
10876
11663
13343
11989
14157
1246
1316
12071
2850
10820
11743
6441
13995
14117
15600
6259
2850
4519
5342
4422
643
15018
621
1474
14513
4256
11559
10608
7013
11754
2102
9111
12989
6316
6708
11249
967
6266
6260
12401
5981
6055
7087
12613
15257
10560
5947
8834
13440
8112
46
8193
13044
14174
7543
14634
8900
10061
1475
15408
10540
15484
9397
12340
5233
2150
64
9081
11290
13825
6017
12244
8622
12914
1250
2680
7353
3600
4074
8891
14102
6134
9032
8087
13006
443
5032
12560
42
2831
11334
11405
2735
8222
3501
12702
6468
14666
13675
15136
426
14640
7639
7735
1472
8226
2207
2766
1149
9296
3849
13302
4786
7876
8975
14071
2158
10262
6228
9791
187
7822
7202
10916
6069
7548
1714
6219
362
12224
4984
14158
765
10987
1215
9470
9043
14197
14287
14421
2239
809
9846
14972
10647
7908
15537
5531
4226
13801
567
13932
4929
5934
8030
12859
5464
3115
15692
1062
5151
13503
7303
3993
12967
6501
6779
1711
15762
827
2429
14688
891
6282
13449
2637
13329
5900
1455
10437
14132
8711
8233
5755
1872
9628
11554
5960
2007
6846
12700
11056
12777
1641
5976
13825
1889
12854
11765
6365
502
1231
3692
11596
6608
7803
4213
4811
9200
12978
15410
5301
14303
5270
3811
13550
4642
2145
12510
10541
730
10673
7562
9478
9619
4352
5810
2844
2251
15510
14519
6428
360
11647
8873
13604
2719
10049
11702
10911
1537
11852
9097
7877
2864
1037
8050
12271
9115
169
15313
12718
5897
7463
11924
11087
5735
2919
3842
4660
7019
882
11825
2506
9073
7033
8801
9306
9992
12988
14527
15356
12818
14038
11208
14259
4630
7568
8593
13167
15173
9629
202
10927
11204
8593
13804
8983
14363
12150
7838
805
1963
10044
1249
5410
5519
13896
15227
3647
2542
10544
646
13035
12989
12685
14283
481
11847
11680
14930
8268
8242
6584
3406
10766
3046
9074
7910
2806
8592
10203
6360
1865
10406
648
11543
8296
8572
2338
6270
12496
1761
790
5052
6381
2649
13056
70
290
5066
15146
9261
11813
1159
5117
3405
9091
2688
8918
10248
11034
528
3611
15791
14165
8438
8521
5771
8543
14024
12161
4915
6339
3998
3738
6514
6000
11452
11910
4103
11278
9843
2216
3243
4552
4173
13085
985
4528
5466
14511
220
13908
7059
14880
9782
2879
6170
7033
567
5140
8981
8084
5867
13655
12923
11868
12678
10406
12954
9318
5451
11680
3065
13150
15435
15609
6167
3597
14727
13076
7018
3915
15129
14321
9610
14574
5618
12872
2251
13406
10571
5644
11920
15294
6982
4498
13227
7163
4048
9160
6276
10741
2643
6595
14705
9889
5143
2736
4416
10637
10068
10218
8244
13759
5000
10087
11578
13988
3046
8823
12336
12799
7429
2086
4852
599
10598
14697
15610
6555
10293
10207
5766
4275
6015
5716
10377
13263
2504
5655
866
11527
9032
1741
14676
11711
1092
6539
2655
11362
9072
4763
6504
13955
1940
15519
5570
7386
3779
15513
1095
13327
8689
2004
13730
11769
15449
10621
15095
14076
3356
8450
8683
4808
6555
2573
320
14002
2461
3898
14515
9392
14755
6067
9839
12556
13833
8399
12820
15636
1246
15294
12343
15075
4718
7970
10826
14717
4222
1954
10260
8226
9003
5619
3411
1784
9240
15203
9734
12018
814
10610
9276
10256
6484
932
3149
5800
476
4075
15452
3892
15325
1466
4791
2150
9412
9006
9991
8759
1308
9446
7581
12279
12857
11225
5852
14637
6245
12892
14209
12017
11389
9433
9809
12160
9006
1265
860
10027
3186
15037
14297
14460
2270
14918
5469
2044
5546
12093
10397
8962
15194
8897
9685
5890
14915
2891
2001
9399
11353
15361
125
6327
1413
822
2792
2595
6532
6471
10859
12734
10573
9311
7427
7771
13547
4807
12742
12648
5713
12160
122
2843
13988
981
12588
1675
13957
1622
5611
2012
7538
3847
7661
7780
7596
9837
9185
3040
14562
10636
4785
9715
4791
12494
13345
14257
2359
5172
5643
15701
7632
5881
5039
3393
13119
13625
4421
5599
13834
3325
11734
6858
12473
2245
15413
12381
13077
7974
9769
9389
15533
8947
8220
3698
5957
8284
1219
5530
1709
3644
14462
3286
14512
14815
7769
12091
2010
220
9266
3854
6454
11418
2701
7221
8687
6975
6995
15027
2294
4807
640
13774
10528
12860
2180
6676
7902
2661
187
13719
8660
13570
9530
4387
11832
10819
5594
14458
14736
9781
9073
11851
3670
3568
4842
2752
14868
9560
4903
2167
12430
6895
14987
14163
4407
7464
11220
12291
1280
3215
14336
10650
6938
2216
29
11648
2523
10754
7988
779
13347
5402
15439
7051
1966
5314
13515
2294
15431
8009
8416
11257
15132
4878
1535
6795
1189
3206
1320
9169
4911
2564
12900
5652
1754
10006
1897
11025
2551
10256
1623
6902
15490
11899
2648
10860
4325
14165
3235
1964
8883
12302
7916
15093
6302
10974
11887
9373
11688
6462
4142
12490
7031
12010
4398
15681
13966
4417
15206
7197
2171
463
6526
1907
7906
6567
8210
1912
9278
6890
11142
2728
4325
7410
2738
11616
3494
7148
5584
10438
3149
1847
11637
11923
13518
13680
11164
13850
9537
1232
4159
6385
10724
13567
15669
6855
1615
6092
15608
14301
12921
12306
11268
8248
7807
10788
3972
995
11567
8400
6667
2818
3663
15194
12098
11485
12848
903
5061
678
10792
934
6700
8445
7277
3915
3251
9096
13701
11527
13959
12107
8764
9317
15702
6300
7899
5860
1705
2032
1638
13583
5276
3145
3108
11966
10356
7313
1502
15216
5765
3096
3748
1901
5752
7845
7519
7632
2228
12840
13740
14959
11115
13760
14915
5395
14811
1288
12990
4369
15197
4694
3395
4437
15218
516
6114
3673
9497
1102
14213
15620
11350
2987
7855
9895
4491
9457
3164
15460
4953
12603
15731
2350
8707
1749
13019
6998
7840
6504
5178
14678
6611
11515
8391
15748
6561
10779
14374
14738
2894
3577
5387
6827
15461
10256
15774
1953
281
10896
6928
9610
12346
9758
8146
12662
10439
4503
6124
12840
10708
3326
2713
12258
998
3420
12710
3826
10262
3705
1878
13558
1354
9079
12232
6942
956
2172
5594
9569
1597
7067
14244
5371
4154
7332
10150
5059
3031
7841
2302
14537
7709
13506
9787
14075
15553
5858
4297
10008
2152
8398
14139
14829
6716
4176
12681
1345
1195
11
11319
22
8146
9018
10569
11197
7751
13722
11005
130
8565
1475
13590
8032
2155
4315
3602
14836
3183
13723
15588
998
6449
14796
14240
7162
3944
11778
1159
3013
292
13746
14541
12349
12372
3000
5078
11454
6592
6755
1723
12752
5815
15532
10876
1381
15133
1231
1437
12084
6283
13933
1154
315
13580
376
14354
8596
9260
1122
3798
12996
2224
8306
1860
8770
903
14953
7513
9011
5386
12739
2912
1255
5808
1387
6917
15003
7505
2854
8366
2015
12998
9243
1667
8661
10619
15140
10039
6623
3130
3224
9926
1213
3321
7056
5423
8001
4382
12045
11698
7055
13850
9623
8378
5155
3254
6518
8196
927
12451
5658
1600
14589
2179
6010
8908
7194
4629
7751
9712
11735
6543
4032
6957
9735
3382
11966
1346
12105
2988
12797
12405
2990
14229
14280
14356
4680
229
3775
4894
12585
7290
860
10002
8101
802
9019
9698
534
149
4684
11944
10190
10345
917
8221
8417
3532
7549
10143
15177
4377
6150
10304
12830
9595
13529
8580
4145
6091
6476
2418
6271
1176
7038
146
5822
8967
12475
7458
4265
5964
13315
5757
11212
9310
11286
5216
12155
2085
8095
6490
5054
6758
5678
12560
14712
7125
7350
10693
15119
10795
123
13603
7205
2195
1739
5747
341
5849
12872
9546
14320
12917
15370
3387
5923
817
4145
8987
4463
6135
3346
13419
1901
1056
14213
3707
10750
6505
15138
4515
4820
9834
7758
9238
11785
10741
12075
11469
8051
6473
9965
10746
14085
13997
1619
6237
9919
11494
5245
4583
11029
9258
15735
3045
11201
5451
15600
6489
7126
4749
4410
12640
8792
12082
12199
8805
14414
11001
11734
10252
261
6498
6678
15429
13563
2030
4645
7137
5336
4917
1383
15703
6360
2239
5299
2154
4310
9625
4404
7346
11488
14982
3147
12490
10068
3989
3284
4984
4029
11652
5188
9737
12827
3605
7397
2617
10245
12505
10095
13658
872
3235
10753
9255
3346
2616
5173
9433
5666
3719
5492
10143
14820
9285
2970
4873
7118
1675
4764
12282
11976
8172
13395
1265
12173
2218
10720
1128
10893
3834
513
10414
15245
2936
4537
10917
8687
3668
14541
13930
2994
5238
10996
7969
7237
6635
9543
9342
6276
2698
6123
11056
3141
15205
14169
11235
15534
4154
6754
7357
1987
3456
4382
11548
886
15071
14517
1315
5834
13443
6437
13135
9712
10962
9336
9745
3023
14528
4517
6585
4543
11887
15136
8641
4805
781
3886
8291
11630
11162
2436
10137
10968
13548
9778
10612
12309
11499
15459
7628
4223
7826
10497
11868
11366
6971
11584
8866
7843
13098
494
4314
1986
3518
11841
10766
11173
13094
7860
781
3381
8995
5249
12684
1086
11051
4811
9790
3996
736
11799
12498
7842
1441
4751
9124
890
1179
13764
14321
878
6909
16
13155
6735
4076
12556
14670
236
15668
11153
5350
1946
996
2844
13568
8687
9981
4785
6735
3830
10767
12009
10861
7792
1409
3005
13966
10283
9295
12901
11975
9292
14507
5194
2723
13965
12245
5597
2543
1303
10930
11670
12468
10094
11153
7275
1102
5929
12785
7253
7112
11794
10756
13314
8336
8265
13416
8168
9029
2640
12418
3494
10258
15619
5001
3001
7392
11688
10632
10570
10422
4889
13127
8553
13878
71
10889
3175
11045
5308
6790
5161
13312
9461
12221
15528
3867
13529
7347
3520
11846
9650
8386
2926
13525
5088
3791
10771
11228
8857
10472
5460
10525
13345
10801
9745
7516
1444
10516
4832
9886
4760
4317
15036
5771
9660
10672
5816
9621
4463
1149
9830
1304
8226
11857
7190
10040
14349
5115
14824
15360
2140
15745
5402
1469
11320
5499
14720
12384
10546
9673
6736
9398
11235
3232
9378
13644
1795
14488
13497
11907
15501
11271
1861
5629
1219
8505
8718
1910
13060
8299
1994
11331
10021
4808
3648
5271
10894
6688
8549
7684
11380
7391
9368
1554
594
1888
8441
14922
5538
13483
3120
2754
13476
15651
13293
5525
9191
4774
13648
866
6082
11810
388
2655
6423
8701
14383
5913
2723
5945
3061
9825
15677
5529
11023
1548
5877
2110
9007
10757
3838
10839
12166
31
11094
8296
12761
6895
14630
3304
14008
15528
5842
3115
4932
5276
15574
7971
3483
14019
6852
6578
1108
10809
11820
2160
10645
11066
12157
2501
11588
7387
10430
15555
7592
4553
41
4775
8459
552
3635
4967
9134
8209
3116
2366
3348
13796
10291
11416
9158
14584
9047
439
1627
3075
5810
13077
5643
5307
4586
968
11453
10414
3166
1404
5289
1870
3224
14010
8958
8831
10687
8919
13384
6482
2759
5868
9930
15706
3178
6907
4993
12530
14356
10353
12797
3742
54
12048
15063
14621
15069
8996
11863
642
6256
4973
15407
2919
9972
1619
1691
3169
2556
13084
9078
11789
13764
11127
2053
9356
13673
11983
10189
8851
5284
1986
9186
11592
15308
13185
12504
1584
7173
11291
13988
14219
6808
919
7105
6467
3860
6094
12367
184
15780
6092
4435
1260
208
543
13443
1966
15410
673
14162
1813
5701
1426
7017
6041
453
401
4485
5690
5430
10244
14471
2106
1516
6254
1228
1253
9946
9293
6261
6299
5590
2525
1542
1587
11135
13294
3659
3439
1489
10786
4842
3317
12452
5546
10223
6184
10078
6697
6998
14420
9958
8110
6983
7576
5448
4135
13025
14149
12364
4516
10185
15273
3083
12753
7048
11128
8895
714
11426
5496
12406
4403
7131
7978
13255
10293
12262
6144
1570
5090
6715
5557
5976
6517
7506
1923
1846
11411
6528
8863
8542
13482
1855
2443
1426
11201
5950
15129
8973
10903
9200
12669
5608
11172
2976
6075
11444
1872
12446
14914
14036
1066
240
2140
134
8748
15467
217
9380
6855
5366
15038
5099
10523
9657
15403
9452
4786
3015
10127
8223
7973
5816
13878
14464
5504
14219
1433
9128
7569
6995
2418
13620
3637
15082
3442
6344
9610
250
13699
10364
5443
7046
14883
3249
3624
3505
10573
14980
8620
7662
13991
10941
14071
692
1601
1934
9549
9678
1959
10562
3888
11994
13976
3682
13565
6530
14982
9932
12239
738
4992
12965
13854
3705
10354
7743
981
12943
13061
8591
806
12085
13837
5769
6732
15677
8557
9663
15589
15317
12957
800
2117
1458
10327
7585
14756
12779
6141
12977
1985
4836
12551
8342
6350
5889
9144
7779
9720
2121
7223
5857
2119
11110
486
9195
3777
11642
2826
4866
5920
8218
3476
13421
10204
2671
8959
6145
4021
7435
2549
8914
10008
8678
6814
9247
15027
15048
8082
13553
7949
6015
10456
12301
4306
7595
13655
13898
1910
6369
12770
11603
6049
10104
4532
5675
10123
14382
11376
10178
4985
271
1141
12003
4188
87
10670
10582
11956
3013
10978
3952
15657
6540
6208
2935
4060
4087
4583
15635
4570
7915
2901
8824
12479
13583
7395
1107
5525
4084
1330
14764
4572
11555
8021
6429
15510
9111
11565
14269
8213
13920
1175
8181
13124
14096
5046
12513
10015
9303
8246
10896
2095
14709
14989
1623
541
12665
6647
4745
12337
15129
1809
9302
14802
2936
2423
2483
11053
4049
10541
14542
10355
1267
7601
4105
9082
12760
9159
302
3494
11844
4884
7198
119
7226
14129
7627
10756
3058
10780
11437
13807
13888
15650
12275
9940
11585
5214
7094
13429
5432
11893
8172
3263
3529
15430
10754
4920
10461
6195
13254
10120
10972
7087
7201
2649
11212
15144
8346
10129
5596
10727
13354
15375
13730
14666
2644
3850
6223
1496
5693
1022
14172
7525
2308
1914
3958
5862
9423
4221
3753
5779
9607
5264
8475
1680
7489
13127
11386
642
5895
10531
11732
9720
5060
3658
5625
8614
15674
182
1828
341
9715
15017
8279
13068
14627
14934
3900
3578
9433
2233
15279
12335
905
3385
14814
3797
13667
960
2820
11839
14917
1115
3337
2972
13984
1190
5907
6372
9610
6281
10140
12492
6483
11544
14429
6136
7141
8502
14197
1520
2496
11169
9650
11532
11
9720
9196
9396
9339
3549
114
7578
853
7264
10591
8056
9540
10261
6040
8438
12618
9519
12413
587
10342
9947
716
10706
8959
11204
9819
4563
15701
8963
9324
5338
9098
6147
6595
8210
12185
10209
3273
2729
5819
2900
12198
1980
1062
12699
3491
3600
3028
6308
597
7065
8485
10730
4770
15040
2257
15548
7227
2009
1117
5457
2712
14264
5189
3566
10710
2905
2902
8734
1079
15727
4198
8676
12348
2608
11600
3970
15504
14267
2832
14701
11328
166
10473
12905
10015
11681
3441
3910
10678
1213
3115
1203
5924
2105
8272
10156
3930
15102
5563
14776
12259
14665
12562
13619
15370
14830
7296
10669
3593
10324
7836
11339
13251
9041
5698
13402
10713
14804
15
5176
739
1429
6210
3311
12988
2568
15008
6968
6079
10647
2585
11470
9521
12157
11596
11973
3876
2865
10894
6045
3543
5292
9177
2963
10679
9164
9616
10583
4457
1436
10312
3058
2853
11779
4108
7951
13723
813
2671
14265
9348
15503
4670
8274
11417
6182
4086
14038
581
6747
3831
6798
15222
10926
12556
2165
5277
4583
15004
9091
10506
13907
10592
10650
8363
14564
12558
12907
9173
13299
1424
300
6972
13512
13163
6750
7284
14616
14029
8307
11514
11456
13765
1078
14648
3463
12087
9982
8502
11309
5011
12033
12131
2367
3777
3708
4749
14137
5449
8102
14256
13696
3550
2648
3908
9303
9429
14330
8150
9733
14211
9540
8129
1518
13703
12608
6204
2091
11750
14662
4670
3462
9407
731
9407
8757
13799
1526
10786
15078
10559
14184
7443
7943
12656
6201
11970
14132
3772
3980
14777
11017
5061
10217
14026
4098
13465
11142
6871
2483
9640
5215
11862
11620
5388
11499
539
8480
7141
127
6730
2814
12146
11674
13520
14993
7936
6270
5047
9244
1009
4350
14512
9090
9321
3052
12858
8619
5172
1410
10829
15106
8226
3651
14044
5014
10293
3155
14586
11041
14628
6667
11413
12390
10747
1067
9595
13447
7248
66
1873
11593
4466
15008
15036
7193
13916
6538
13728
14476
2307
10288
10274
5575
14148
7669
15213
8805
4872
5316
6512
3479
13869
8463
8132
15287
11206
1345
13581
3377
6122
4916
11008
10860
15360
5859
13982
9620
7890
8358
9653
5211
9052
11659
4537
8423
7520
2218
7105
5520
12788
11154
1210
1398
5258
6865
2654
13007
246
12029
3239
6687
14528
752
11420
14453
3100
10537
4324
14003
9492
2521
6756
3971
8269
3897
3777
6316
5562
3715
2664
6070
12126
11871
3311
5610
7767
5233
4764
1570
3388
14575
7780
4115
5116
6306
4838
8002
2116
7042
8615
6719
1350
6716
4321
6723
7223
6729
846
14189
4358
8070
11012
14038
7266
13985
15139
2756
2444
12846
9164
1777
11751
4597
14019
12794
665
8405
10932
15438
1007
14266
295
12513
236
12463
11837
14605
3701
11958
3778
15774
12177
7152
9711
14849
6785
14663
2238
12451
6204
6053
1830
12307
797
14902
12546
3472
4403
4006
12552
1412
6043
2646
2451
8337
11216
11506
14842
3938
10769
567
1213
11598
8993
632
4691
6782
4415
15477
12143
3700
12654
9154
13820
2624
4814
14295
10833
11441
13991
14689
1558
7230
1363
9342
11440
10517
8291
4657
3775
10475
8867
10700
8712
1138
12260
8810
8716
10874
12108
5837
7357
12647
3152
10003
15504
9468
10795
4332
15117
2892
1748
8789
9430
15032
654
13863
11725
14195
11325
13146
11829
5240
455
4435
3295
763
9274
2721
11228
3893
9656
952
7551
14561
993
1944
6620
2868
4424
2279
1034
3252
3253
10463
4613
13920
6640
7275
9856
7119
9524
1019
14844
2029
3755
14404
6627
4865
55
14476
5748
9085
5822
10854
5142
5931
11525
8177
3828
14851
6544
7885
11064
9422
8592
8301
12643
7509
4294
3154
15159
10460
10157
443
11591
11547
8900
7677
12229
972
2960
9169
9026
12881
8409
14764
396
15125
9618
11410
13689
10852
608
2647
6393
4362
3973
6938
10397
1899
4502
4080
12271
6976
15117
7330
1539
3517
594
3202
14986
14426
9333
5068
15136
5385
12712
9208
553
13294
11232
4403
9491
11132
7299
8969
2394
2679
14250
7751
12120
2668
8542
675
2974
14609
13094
3549
12434
4006
8668
1364
1141
4023
121
10523
11374
2390
6306
4413
12609
12722
6948
12698
12440
481
8786
1975
13853
3274
9890
177
10508
9870
8003
2904
14183
7678
1345
824
4317
5141
10755
11407
14679
6411
14069
10180
5854
13202
3464
7399
2701
10372
14853
7321
12074
1399
7286
10379
3871
7334
7758
15062
13729
2872
14073
2945
7578
10097
4399
11714
2943
899
12150
7087
12936
15512
3323
9107
7814
10694
14005
5974
1028
12332
5188
15055
9518
13232
7367
1704
14401
14475
9464
8731
11900
3724
6751
3944
12392
14700
13303
5233
15489
9211
11051
1611
5484
4109
13091
9631
6590
4012
11496
11235
9853
4361
15728
7960
10975
8778
8768
14506
14786
15250
10545
8033
8358
11918
3141
11895
2280
15475
2126
15240
6702
5907
336
15117
407
6734
168
13598
6115
4552
1010
6375
620
12658
15211
3077
2665
10493
10481
10053
15763
14142
7064
11847
5365
8381
3286
2675
7570
627
7257
6895
7992
12940
7451
8505
1333
2193
2501
6175
11353
4967
3860
15468
12152
6448
3455
8641
10890
2064
14783
196
8381
65
13178
4853
10400
14000
6278
10953
4387
4712
15513
13849
9514
409
8459
3022
11567
1325
8710
3886
15678
4321
14360
2731
1819
11137
1501
14497
12929
3817
4716
7174
13886
7141
4015
436
9624
11264
14946
3394
13758
146
4819
7996
9782
1211
10013
15452
7806
1264
13048
10799
2413
14706
3137
12432
15614
7
9991
11909
4888
15778
362
6551
14208
11399
13843
2652
13978
10108
14133
5135
11011
1277
8885
15571
708
12892
5060
13257
3511
863
14731
7585
13163
5300
12344
9231
3125
12639
692
14877
906
3000
6760
8654
1254
4406
9025
5995
5981
3111
14403
13343
9208
1728
15407
15643
9251
10976
10240
3992
8679
5258
9137
6721
7583
3544
10062
6710
4808
9929
12227
6567
13513
1592
5899
5123
2963
13295
10557
8400
11560
15010
13137
9982
14400
5571
8299
8277
6305
4860
5792
3196
4004
547
1487
11051
7698
4822
10311
886
13956
3586
11009
782
1168
6993
10641
5582
2060
9266
6269
5012
3355
14428
6504
10866
3060
7045
906
14840
6411
14668
2729
1221
14517
7763
9560
11896
12458
12945
11146
10670
10679
9503
13815
7106
12929
2765
11345
14923
12964
15722
3764
1513
4419
6607
5942
14299
11316
2962
5300
3861
1498
7974
9206
12920
6769
11929
14939
3587
15334
9124
3084
10185
1137
10965
5324
5417
5587
5025
913
11861
11412
8809
8853
7324
11242
14148
11944
5920
7560
6270
1973
5947
7597
851
9957
11443
11482
1054
15747
13220
6272
963
8924
5185
5966
7244
4713
4078
9235
6576
1778
5685
15653
12627
1638
9397
10726
8487
1275
1933
5820
2372
8221
5905
6521
7416
6450
3271
6810
7272
7296
1259
1331
2499
12648
13779
1049
6902
6669
2136
4681
14551
1991
8375
11341
8909
2077
13723
9247
11085
15260
10721
3427
12369
854
11222
6668
9462
3942
5081
10828
6621
1365
8823
12119
13375
7246
2632
7987
3240
12210
12296
41
12515
3548
3435
2595
2190
3332
9838
10914
3451
2022
13705
11583
5711
3768
4047
9532
8274
5552
6779
15650
13669
6244
11254
5717
6385
2477
15004
2153
12161
4417
8659
1339
15248
201
1263
9835
4341
5289
11041
8791
4881
6802
153
9302
8781
6316
181
9881
9680
2980
5286
5540
9301
12770
1598
9644
11530
7954
7881
1353
10718
4486
6241
1071
13164
10392
12316
8244
14554
10071
12585
7356
4792
14592
10930
14638
11309
6543
150
13580
14159
14542
14067
14362
7572
6631
7878
13546
5144
11874
8282
399
14826
11534
12784
2425
13139
14319
12434
4164
13631
2029
6503
9626
8679
10774
9013
1493
4164
8305
11106
13592
5227
5576
1824
6838
11444
1231
14593
7049
10021
5004
11000
3587
6004
15222
1199
14538
4929
10121
15796
8000
7966
3722
10133
11009
5789
916
2590
3594
2558
311
8200
353
7868
8010
9992
7675
1138
13587
9091
4344
7146
9647
9359
3315
11168
6739
3387
1055
14171
394
11967
7954
1017
4178
14130
2777
7490
7145
15767
9191
6599
5867
8893
6298
9298
1979
14925
5008
1552
11117
312
5555
15451
2514
8948
3726
8087
9307
14893
13025
5923
1412
12711
2944
11472
14687
15011
12632
14016
5629
6698
2880
11544
15223
240
9810
6702
7771
3694
15160
5021
5215
15130
15721
5006
100
10483
13082
12574
2257
12388
15349
5356
8946
14083
11926
2444
9640
15735
4012
9635
5855
2582
14473
14378
12952
13141
7720
1096
11254
6353
182
15291
12529
8425
11579
12423
5108
15365
10366
826
2356
7788
5284
11583
1844
5538
7098
12672
7494
3080
11747
4626
6644
5320
8971
1069
4135
12144
11366
7534
957
3726
2614
436
13024
3974
5370
13447
5327
9561
5923
9578
15618
14829
4060
9127
8780
9281
13903
10124
8848
5772
14175
15380
8172
6260
10626
14707
2679
4166
2452
7660
12903
14043
5585
6054
13962
8984
9193
13868
13925
888
3474
4354
8749
9580
6319
1084
4127
3504
13541
3809
5234
11368
14270
14709
7490
11183
7342
10886
15744
13692
4921
4515
10768
4322
454
873
4296
14622
13862
1799
5333
6400
9312
259
1712
1469
11308
11807
4059
5066
10076
11385
9361
13848
9054
15301
8053
15646
14273
13343
13579
7214
13337
12896
11665
2957
4622
9902
6861
4102
13001
11990
9912
9496
2399
6930
11138
14514
14726
6502
4903
3614
12771
3294
2804
3590
3862
12765
6382
5621
3871
3049
9957
5595
13500
4875
1820
2993
14580
15410
12984
7950
3794
984
10293
454
9989
8959
922
3298
10338
8112
12097
8580
1539
13891
13342
7471
13572
6858
2339
9709
5822
15211
1314
13817
7046
15143
3288
12035
3525
3402
4126
463
3141
2635
3014
2979
4759
7122
2610
2520
6926
2682
12731
10296
2388
15238
7568
14447
2791
406
13272
725
3879
3938
6122
9452
9989
5194
14445
531
9659
11552
8422
14382
7313
12910
7624
14824
8365
14680
12234
2984
1606
11462
1533
13663
10786
13896
8684
895
13332
14094
3073
10345
13205
12690
6814
6602
3595
8866
8418
15114
6197
1046
8694
6099
6836
12163
2601
1628
9566
12517
1953
6585
11920
9915
12414
5490
5264
5734
15149
9500
5874
6764
9739
9886
15370
6870
4344
3545
10041
12953
4864
7579
7075
9526
14600
6658
12035
7524
6625
6538
10116
6504
6817
9527
7030
13303
189
10750
6946
8641
10149
5431
3571
2640
1914
9460
13391
15511
7761
7810
4200
2937
2480
10470
11572
3423
8930
4783
3174
2717
1499
13401
1134
8188
1117
5167
9163
14340
7685
12902
13993
6733
2768
12691
1938
4654
13893
524
3023
13718
2391
2901
8611
7437
11640
9501
8335
5367
6377
8917
9950
9917
15360
11764
2662
5
12941
12778
15471
4819
14756
7384
14422
5588
6207
13902
13947
11950
5770
9118
519
3869
13273
10342
9036
13189
5605
9755
15377
7750
2977
4133
3961
9860
11367
7840
12063
15322
14430
15766
8720
14589
3298
6165
580
5576
6239
14543
3450
6374
6213
15564
5496
12647
13618
11857
7178
8607
9205
6835
4352
9672
4416
10791
13462
4784
817
6447
11968
6029
7106
6558
5741
2571
2617
13249
14826
8793
3028
12206
7202
11828
4964
1160
7910
6572
8243
458
15118
9743
3028
7519
12799
8249
1998
900
1516
7316
12183
6320
2838
9379
7521
2443
6033
4840
9256
287
11221
15767
10666
2148
14989
14486
3880
3374
3190
9238
8459
6416
10167
15242
4287
11092
8256
439
10301
8534
3174
5763
1197
4257
6814
13533
8197
3439
13382
8655
10124
11290
14334
14570
4612
4434
12067
3843
7720
2194
9252
5179
13996
1641
415
10754
14257
9394
13337
4220
5560
4426
7515
1130
1216
6149
15357
5177
9319
12026
5962
12560
11737
15799
9612
2717
4857
6475
11957
382
5240
6515
2863
760
8901
9618
13446
4747
5953
12635
4456
10547
6070
1752
9503
11564
14070
2818
2444
6234
10749
13447
6427
6644
11244
2690
14889
12209
5866
6743
8813
9876
2687
5661
11973
7332
5481
3984
11950
13774
14437
11221
13334
14506
14101
5534
10680
2897
2731
4107
1638
12481
15602
123
3872
4160
692
14340
14450
3869
389
4416
14404
9464
3686
6930
13081
3672
12539
10320
3169
10112
10244
6388
5448
7988
7791
6202
6887
7267
12681
284
9333
8656
3528
12519
15527
74
6999
3856
1493
14527
7324
2783
14101
5165
9767
3374
8531
5705
1336
420
3721
617
9279
8837
7991
14547
10112
3466
12838
6639
3361
11386
320
7489
3955
12372
6531
7282
5347
13296
6726
5476
8076
1579
2476
4737
7582
5346
8574
6853
13365
13525
14197
8874
13620
3699
4366
12343
1785
723
14966
1840
10617
4050
6099
12266
1838
3911
9099
1216
2877
11261
4110
8097
7667
7173
14987
6553
10542
14363
215
4735
11708
14022
15028
13611
7902
14450
10614
14749
11544
8956
1910
213
6083
3785
10929
1517
13909
6060
5449
4510
9470
8630
15120
12840
11926
4368
4503
14689
15733
7359
12123
3926
9374
3328
12790
5655
5204
7151
5949
8312
6661
7642
9417
4643
12927
9910
7619
3257
15784
6520
10344
9683
6161
3005
2660
1109
10786
509
3327
3926
7483
14648
11972
3285
7292
11144
2278
14730
2338
7410
10342
11208
6613
2320
4735
8710
5899
8069
9971
7834
8684
8218
10870
8266
6579
11723
1689
15508
1238
1765
15257
2365
13780
12355
10908
10922
10767
7103
8117
12464
351
5752
10219
9893
15553
15164
11468
15223
8494
2252
9647
7727
7979
8968
7461
10087
14601
11480
11658
10614
12138
9815
9701
9138
6625
5486
4764
7408
10974
6035
15362
1336
2223
6570
1712
4550
4213
1441
693
6362
15377
12865
5208
15083
14550
6285
12397
14482
3318
12823
211
13417
12653
2269
6111
15201
9402
9943
3601
10096
8050
5726
3842
9508
3089
2322
10898
6027
6577
11085
4474
14062
5444
12625
6072
14743
1338
3151
8584
11999
2449
15237
11939
4374
12638
6055
9541
5036
3241
8828
12721
13319
8367
10805
3011
15308
11001
8688
11527
5917
12847
11870
298
8175
8495
6038
3501
4710
3435
11612
3302
8275
7110
4779
5965
8138
10868
2003
13555
4164
7080
8090
12965
2870
12600
12743
10522
4527
6938
3842
9671
10114
3592
13999
15781
6855
2053
2016
13238
10429
12128
1156
14492
12567
4214
13396
9618
13502
3696
11849
1643
2022
14390
5002
1729
13461
2066
1268
839
11362
11719
14268
2612
971
1229
11906
11604
1139
6533
2132
4610
10869
6490
10680
5748
8101
9152
606
6459
7731
11236
12100
1866
579
1267
6711
10265
12746
11761
13889
5801
1505
834
14695
15392
13919
8237
6501
8506
14431
271
13721
14336
8123
10676
1750
13071
6822
15571
2173
15443
13860
2356
2318
10651
2719
7795
10236
13874
3854
8740
9085
5794
13118
9838
2572
9969
2453
1936
6004
7875
5978
1250
12735
6069
1740
13884
4044
5603
11414
2160
6037
592
10030
9092
4443
8924
12119
8716
3342
9683
6615
5919
847
12153
14514
15123
4830
9456
5364
4544
8473
5916
9939
7634
510
2227
2890
203
3786
11131
14578
13172
1200
14053
2033
15089
11778
7397
8435
15581
7267
11051
6238
13610
618
8775
12408
3561
13634
7759
12198
6452
10277
10527
3804
12862
9168
11454
8329
13424
9230
11417
13000
11302
12853
14061
4761
14884
15505
13879
13588
2474
3996
8235
15053
94
5186
4117
9908
11920
8608
9628
4569
4026
11530
1498
5497
10505
15138
2300
3395
10430
7850
11775
14713
15241
8200
11382
4393
1515
4337
9480
13617
10284
6382
12111
10328
13820
11483
8063
1546
9811
7186
12412
8655
8259
14066
1875
5988
9533
916
7171
2089
8337
919
14082
14522
13716
7094
5146
13971
1507
3831
2323
11427
15573
1776
9745
1663
4068
14178
2475
12371
1284
11543
13288
6996
10962
12786
11243
8238
4894
8106
13010
3081
2516
659
5255
15490
4422
10193
8161
137
11872
2859
801
12658
14736
570
5078
12420
5085
6094
2127
4441
14839
14078
9136
7934
2270
11622
2225
11900
15331
8848
7520
14941
2601
1308
3338
2522
14377
12400
9795
15394
11628
10211
7804
7897
249
13395
14588
13946
7474
9591
11297
9101
5634
13861
1272
11177
11055
1886
13420
9823
14765
11485
13570
10640
437
2699
7806
200
10912
3737
3615
4918
9998
13843
13182
2298
8101
4454
2186
9242
9122
6217
7065
1187
3770
3228
13073
12858
375
4017
933
12627
15101
11530
2941
12164
2090
3468
3385
9520
8548
8502
14120
7987
7653
13096
9026
5012
4566
7911
6032
4232
5890
10055
12486
1079
12790
202
14066
4660
8832
15524
6111
12922
122
13982
15351
10535
2195
2573
14646
10620
13529
8479
283
526
482
10298
7065
9311
13481
5567
1068
7282
9646
14142
10945
9215
6246
1053
14534
3867
11636
10270
13225
3168
8035
8656
13913
12327
2069
15390
11325
4920
4936
9525
6563
14257
2138
3257
12909
7687
6624
12323
6613
4904
5754
9730
370
15697
12751
13738
1878
6466
3357
8823
12155
7340
11713
4724
608
12442
2583
7713
92
14896
4656
5416
78
5394
1200
7321
2226
7006
3941
11009
4601
15067
15685
5530
10027
4473
10370
4886
6297
5738
10515
12373
4226
8195
3723
9289
5016
15550
4666
1814
1109
12972
173
999
12204
1269
1599
9461
4772
8379
11000
6813
15633
6687
2483
11481
8254
4483
10516
7158
798
2458
817
7456
7808
175
10186
9474
4423
341
12957
11980
663
8663
5803
10417
4364
5891
14253
4546
5011
8533
3360
9270
7836
3895
15068
14986
13918
1586
10587
6740
2405
12679
7905
14849
3520
1176
8554
2523
9242
8915
13684
13030
2201
11136
5015
6486
1535
12222
6989
7286
11922
7238
1323
12220
11528
5838
13903
6434
5750
461
8530
9537
8819
7161
7159
10984
2282
9906
15330
13627
12636
13309
7255
8951
6704
8437
8829
15138
7876
12143
6698
6222
3959