6055
2303
4380
5658
6234
12955
2621
9373
10555
2027
5351
9465
1575
11843
4608
4928
2651
1485
12286
1650
9643
10511
9727
11463
4404
3960
12592
11288
3844
2774
11731
9430
8598
8502
2084
5836
941
6063
3765
8845
9458
5036
11984
9785
12436
2027
6752
1533
1825
1111
9613
3772
764
5299
1514
9557
896
13049
13028
11610
1262
1707
3295
8694
13441
589
3074
9796
6209
1149
11876
4971
13081
12151
7254
3314
9040
5878
5648
7458
2193
4904
13529
6310
9095
7878
12547
11036
1624
12636
13224
10683
5233
276
11890
611
13888
13814
4558
12513
5969
7516
10357
11866
11721
12598
1303
2074
1417
9434
12069
10593
12394
6237
788
9134
3635
10730
237
968
13648
7890
8323
10485
4589
6123
7743
2900
3892
11433
5481
12609
12277
2448
7336
7106
7595
4276
5344
14156
1585
801
10206
10463
13721
9007
11114
10288
1315
7510
11288
4856
11532
8109
12691
1771
12100
11169
5511
2960
3525
8538
3551
1644
4100
10396
10387
12075
11463
1434
10222
5731
14008
2088
8702
6727
10029
8809
1690
1329
2801
14325
10569
12541
2940
5998
8744
12517
6435
9209
4945
10241
14346
2969
11427
5232
2770
1297
2491
8226
12230
10619
11036
8895
9399
89
8019
3072
14346
2527
6987
2416
7877
6605
1011
6767
13428
1564
6147
8746
11002
7470
11947
11151
10533
2937
12393
13028
2384
13579
12312
3911
3262
13454
3756
3575
784
7273
14164
7561
4294
1624
11028
1667
3910
2502
12995
5405
11420
3010
224
10349
7635
990
9695
5710
10954
6380
8965
6019
11561
1158
1005
5761
7633
1281
13587
5958
1082
13352
11609
6962
7943
9330
11252
14138
11438
11247
13244
11312
9007
7098
9201
1496
8007
3819
7144
6755
12464
12906
3589
3009
4177
1098
7720
9158
4123
808
855
13183
428
8849
9500
1790
2080
13399
13732
1609
7960
14396
7053
2674
9019
7028
12903
9682
13329
6784
10984
6735
3584
37
1491
11689
13655
3694
13951
8360
9612
9502
4132
4570
13985
2954
12086
7262
2742
9598
12419
10045
12708
12473
12787
2697
1065
88
2627
8607
5282
5171
11674
2947
10178
5774
5255
1628
13873
13706
9981
10790
12472
10682
12552
7973
8949
10951
754
13218
5409
8603
843
2390
5112
10783
13064
6785
11959
10355
931
11381
2723
1691
1519
9973
12293
223
11665
6798
6403
243
10196
9207
5735
10326
9441
13714
3509
13452
13540
12904
11032
12716
6807
10963
10619
6257
10053
12825
5474
8954
4061
13509
13509
9921
5422
7602
6576
7238
5774
6204
10116
11624
8321
159
4580
11830
11572
13574
12139
630
8725
7193
6963
10442
2475
565
3253
12865
1319
2904
12511
8823
13524
10894
13476
3095
3396
10651
10818
4096
1934
5001
9809
12039
2197
8009
3946
4538
7071
516
7445
4333
915
4203
14328
10006
12981
6536
8610
2398
12220
9100
1286
11996
5276
8141
4599
2099
1435
258
10247
7180
5220
13076
13960
1121
13958
101
12241
3543
2739
7217
6438
8501
3914
14022
6016
3769
5461
12712
1907
9808
7019
1651
4001
8514
9430
2756
12347
6342
592
8793
13619
8077
4433
7778
633
1177
4917
5454
3164
2408
11205
4495
13840
1332
13811
5318
10680
8852
7850
9185
14356
7088
8863
847
399
9399
13888
1585
1738
3106
10964
2803
13943
568
5294
5282
1648
5211
13915
7446
11175
1327
8597
8451
4414
5106
12867
6127
1553
7144
90
1696
972
6859
1946
6367
10826
8201
13774
10468
7001
4145
8894
3388
11944
8209
7137
1560
7986
10049
5299
12437
13711
13926
10854
4391
1970
4670
14257
11336
6541
10997
6093
11950
6219
11961
1281
6655
9124
6823
2081
8991
6549
1537
2098
10072
10423
11617
13521
12215
2342
10916
5603
2367
2075
4291
14261
8635
12659
9121
3073
10351
8980
4037
1669
628
7052
9079
11132
11246
11229
5787
10386
2746
2234
2755
2297
3500
14283
1859
8975
8597
11765
4808
11663
7908
931
5792
12813
8373
7169
2019
3653
6529
12379
1439
1523
10010
6546
9958
7424
10622
2951
190
11535
10530
2389
3840
10769
10724
13685
2666
13488
14173
13880
4829
5124
12821
6473
2003
10527
1619
7145
5799
5609
9924
13771
9902
11928
11275
5187
12316
10856
1798
2642
2803
6345
3867
5597
4910
7964
983
10749
5339
14125
2779
9925
13134
2566
3213
6655
9019
10046
7946
3620
11997
11147
1467
530
9154
9831
179
3542
6712
5572
12893
12660
1255
13649
5695
7371
1517
2877
8560
6347
911
1741
7946
8996
12201
10014
4620
8017
1351
1722
6300
10999
11212
6082
10490
6443
11148
12469
2256
7336
10922
8464
14161
10864
1088
1473
12614
94
8508
8898
1300
8887
2766
1785
10854
13619
13857
11989
8173
4879
12030
12231
13052
13243
13075
9760
618
12550
11517
5416
7896
8920
8942
13416
4485
6797
1613
10984
11403
2601
13367
4694
6951
5278
9827
6206
14013
10554
5657
11610
14037
2254
9995
9035
12512
3528
13374
7532
10594
12988
2118
11871
7498
8143
9766
13075
7032
11678
5517
3105
7853
9709
6971
2917
1457
10768
4921
4670
6958
4652
8206
8170
3057
1239
6319
6104
6910
3161
5059
8714
3730
7806
3855
8030
10113
8515
9274
2589
12325
3926
12874
8643
7505
9140
6740
6698
10606
10476
8401
13695
3249
7376
13522
3385
13804
2746
6309
12266
9807
637
6081
8948
9525
3641
10835
4466
2456
9603
10838
5638
1397
10942
3469
14090
13499
3977
3965
1564
13005
1372
5828
2020
5491
2879
428
7295
2823
1249
5380
681
6846
5486
10405
13702
10809
5577
9849
1139
6196
9526
6030
11858
10970
4514
4978
1011
9291
5334
13681
9536
8262
1168
697
5002
14002
7845
10581
11249
10537
3955
11911
9971
1681
937
6321
12734
1671
8549
7609
343
11637
12159
9582
2587
1267
11527
6340
1117
14132
5449
13310
11022
9952
3878
7339
4797
7311
4747
12680
8778
11465
5270
739
13124
11598
12374
418
11986
10582
6304
940
11140
3878
10530
2220
10542
13514
14324
13637
10140
2732
8148
5985
12776
4830
2599
11642
10213
8199
12371
13456
8452
12053
5677
12738
12899
1668
1399
13446
1553
7675
5493
8852
5651
184
1451
5879
12852
13683
1441
5480
1898
14262
2221
2540
11706
5941
10413
6061
9264
568
12232
13648
3674
11740
1648
9906
1787
2620
11874
2290
3648
13722
6124
3122
4094
4168
3567
7822
5843
2095
8331
12897
6798
7709
1408
12458
4135
1414
299
6626
13409
489
2683
13045
1276
11303
5846
9944
438
11104
8496
8841
981
10376
6497
4923
2417
8872
13710
13277
9766
6588
10518
7473
5315
1080
13723
5640
12331
8807
9818
11487
3617
13353
1890
1453
3641
5323
8987
5059
10204
10294
1892
7388
10641
12676
9696
8339
13879
12343
13644
3688
341
5622
694
6157
6047
3905
14222
5772
5446
3765
3333
2777
2533
9147
8023
13739
14126
6679
1248
6773
13956
6485
1900
2255
1774
5669
2597
393
2410
3428
3526
10106
13618
9777
6550
1176
6601
9835
12696
6437
6823
12603
1966
11928
4652
7158
6091
5993
4967
14093
11389
2875
1919
8055
11258
13863
14088
7840
6525
7241
10141
6104
649
2453
9893
3614
1907
1484
13628
4001
10003
3109
14306
7998
990
4442
6676
8825
4012
9862
2910
8182
13319
730
8733
14218
2923
7676
2269
2839
1089
4442
10126
923
7812
4506
1175
9356
12538
195
3675
1375
1808
14309
8125
797
12389
10745
8699
13123
1278
5596
9066
7388
10650
10249
9431
1140
2353
984
8908
12410
12918
824
5852
8219
4127
9956
11576
1861
12806
13395
3535
2405
12134
4929
6824
3014
8946
4809
4471
3711
7069
8115
4727
13331
204
5482
3461
4202
4696
1690
10098
9952
2022
12150
6391
10659
4999
3701
12327
4343
5005
474
10334
12468
6010
12713
7678
6831
7056
8205
3977
4268
1463
13039
11955
6127
11294
10640
1723
4185
3508
7366
12861
6620
6195
7533
9617
1518
5443
4927
13088
6457
2361
9170
10171
9970
9962
11991
10219
93
10857
5196
12867
6274
12773
9543
8793
9547
5159
11863
13800
9446
6332
10017
2947
10067
626
10999
2090
4920
374
3612
7807
10350
12609
7980
11456
11347
1013
1688
488
10486
12298
2127
2007
5050
14350
4838
2732
12575
2552
13074
7679
6548
8797
12792
12767
13877
5721
11526
1210
9798
13505
6186
13236
4263
1652
13493
8867
10694
7249
4742
8570
4036
3012
13927
7164
12520
10461
10526
3637
9332
4814
13543
8918
10994
5400
2217
1837
12482
7911
8021
4566
11710
6105
10378
4594
1464
13871
1155
11134
4977
11265
12222
10910
8341
10286
2125
13364
8737
11137
2937
10921
9912
7338
9651
12933
4346
5893
7586
2697
13757
1565
9856
9587
8323
7057
12962
11303
5607
13755
7135
8801
10005
5707
6720
11677
9841
10681
7911
204
12070
8535
10928
3309
250
11615
12918
7066
732
2930
2231
2146
13754
10502
1720
13859
13638
2128
2852
13587
11407
12908
5630
1743
6253
10138
583
8459
9150
1983
11202
8762
9638
4094
542
6018
1709
9629
12454
2257
7301
12706
10727
6071
2108
9519
6097
5490
8455
13431
3426
10327
14115
10024
1315
4559
3010
8992
1829
6641
10611
5410
13442
13064
11684
6296
6439
11569
13792
3324
3196
5068
6473
347
3300
8675
10239
2200
2148
13844
857
7872
4709
5609
6289
1145
9546
11438
8646
8612
9891
753
12204
1458
12207
2878
7183
8300
6702
2136
10757
3592
37
10920
9745
10343
4646
1805
3585
5324
8170
10510
10590
12426
10943
7419
6034
2021
4067
7704
13657
1034
10987
4289
8488
11898
4684
1061
4214
13446
1316
3034
9390
3572
10051
7197
1656
7077
8012
5415
9535
11140
10834
7424
12654
3473
2239
7651
8692
4094
10875
9712
3278
8471
5428
10056
13570
5404
1030
3508
1024
3318
8972
10237
4270
1435
3007
10445
13904
1203
5918
14357
5980
6740
9814
6788
12922
13075
11586
2116
3686
5238
11245
13841
4099
8659
8045
2287
8869
1717
1526
682
3015
2150
10169
4188
2956
5144
3503
794
10786
11944
11958
13154
2617
11307
6106
396
9055
11619
2528
13484
13819
7988
11547
6487
13132
4638
7151
3687
13432
2415
12288
3420
7462
4536
9003
4484
5220
7284
12566
14090
4327
2476
11703
11230
13304
13423
8535
9309
11241
7797
705
5949
7559
5829
1252
11879
7638
6299
9126
3241
6075
799
3157
12923
13744
9674
8449
8161
11451
4283
8044
479
711
9256
11951
4861
8455
336
5236
3559
3477
6797
9335
7942
5893
2684
1450
7185
12921
12978
8201
14295
12392
8160
9768
12312
9918
863
12919
2625
10595
5089
5211
9633
5521
4001
10273
9906
1744
10643
6227
13426
298
13962
2483
7690
12453
182
3609
6884
899
5332
10095
3130
11537
464
11699
11124
12951
8317
9666
8597
14285
1156
512
13156
12897
5075
14167
6924
10503
2758
6151
12160
363
10872
10484
5463
9660
3594
8965
7391
9116
9873
10294
6243
11811
1724
9126
9213
351
9578
7222
7301
6476
4085
9898
7784
13106
12901
3995
13402
11658
8806
9804
11470
10005
3175
5467
9930
10283
12038
13471
1023
13939
1516
14039
2543
2692
9631
9742
5993
7984
10333
7971
1248
8140
1584
5135
6992
3889
3234
9343
9469
11920
8608
390
12307
2946
13838
7778
9034
6277
2352
14195
6244
3802
5558
7698
4434
8307
10128
12562
1141
12531
3364
13639
10983
13373
4577
867
960
12813
10076
10123
4780
4146
59
7347
1716
1928
9801
13945
11475
28
2982
5378
12556
3659
14034
6981
7992
3493
9835
7999
14255
13629
1591
5210
1610
10366
7587
7647
7246
9342
1496
1156
10241
4592
12513
10915
11314
6044
9752
4734
1797
506
11673
11325
7349
8238
4831
2012
4223
11261
5424
11968
2145
10110
12334
11177
8233
9441
13294
1936
2402
2356
14065
5615
10483
5902
2719
12992
12770
1907
7373
1206
3497
950
14228
11634
5011
6573
12302
14110
906
3689
1866
890
9507
6899
14204
8679
1784
7558
11134
206
8150
5499
9627
3483
1369
993
13513
4979
755
6313
4770
6033
13543
2460
5953
6897
13756
10042
3407
10469
13398
7991
6361
6510
3441
8758
5889
870
6716
5837
401
1548
4339
2683
4789
8343
14133
3223
11216
11587
11758
9502
8004
2228
915
9120
12088
5963
13778
8366
2368
10435
1336
13826
2040
11761
5748
5729
6169
7763
2530
12715
13031
7693
13206
13150
5069
7181
3320
1049
3062
6135
1733
10560
14229
7071
13294
4263
6906
5362
12702
11502
9123
13351
1922
706
5049
12880
3916
11881
7684
10462
446
12134
4738
13271
10350
1928
6876
7996
8550
9648
823
10042
1444
5613
8357
10619
10921
9250
10804
3090
4507
10841
12842
3769
9008
8988
909
12987
4759
12871
3801
13161
3670
5588
481
11447
856
10445
8389
12943
12925
9029
3890
1671
6619
8653
5622
1994
11958
8979
8036
11046
13733
2698
6371
14044
6364
7071
1470
13033
548
12975
8316
3691
11546
11470
5441
3987
1066
1863
8572
10229
2502
1715
1402
4609
226
13781
12515
7221
11471
632
8812
3884
11484
3367
1272
7863
11164
1786
4310
12223
2523
3896
14011
11071
7988
10844
13527
13195
9364
4065
5416
5928
2884
7008
9343
14096
9635
3586
3011
11543
9769
11196
2755
8560
6254
8511
4153
6653
1471
4091
7909
12345
3838
7810
13837
2603
180
3830
4283
8647
10770
9699
13742
2942
8380
3903
9306
3807
2620
7977
1908
11513
9297
10988
9386
6399
3787
5120
7937
3421
8375
490
750
1405
3147
2023
13840
10115
4781
9366
12884
7897
13312
13091
4661
1258
9026
3773
12765
9977
4572
10764
3846
14324
3386
1145
13485
5620
12706
6703
12197
7759
13072
2969
7734
3300
11398
10238
12638
5868
13408
13467
4272
1955
2442
7518
14324
9679
5246
8397
6411
2181
13220
5020
12648
10651
4881
13143
8260
516
4118
4690
13779
1578
6561
8646
3741
1864
11550
2812
11392
1915
8289
14252
1422
9705
3171
9251
3240
4093
8844
1980
4804
5043
5655
2640
1660
10037
14137
6508
13546
7104
9264
11920
1554
7869
94
12049
14395
4124
10372
13806
1657
5501
13502
11354
11253
10870
1837
6466
5649
5663
3442
3664
9595
1485
8790
10868
3421
10517
3511
1298
6758
1043
7601
9104
6861
10970
6886
196
9964
3107
10805
9482
8710
2521
11457
8693
11631
4897
3645
8316
7368
6776
12903
4345
8383
7482
11640
4953
12649
2664
10615
13414
2211
6670
1395
12520
2947
12661
7076
6175
10626
2770
852
10373
3432
12170
9229
10350
10080
11460
5659
8996
1862
2930
5359
2905
1170
7684
14045
12232
235
9621
2034
2335
6659
9669
14076
8418
3152
4487
5471
11488
8613
563
5727
7519
423
2477
9230
3743
8629
1830
6097
12534
10520
3328
5397
6092
6162
1783
955
13241
8660
12396
13289
1928
1177
12843
224
13202
12423
11202
13279
10487
7307
9211
10471
5517
12046
9964
9795
11319
10401
9279
13755
174
9198
1032
9231
2065
7953
8503
3930
13823
5888
13920
10906
12380
12395
11155
5951
2788
6268
9372
2141
6769
2439
6682
4802
11388
9646
8204
11770
10580
3527
5173
744
2256
11818
5169
13586
7196
13780
2884
9233
1454
13778
13318
6904
5812
11615
5723
11621
14144
7712
3542
609
8517
6515
12668
7932
227
5816
289
6262
2037
7014
6962
1288
9437
2972
2445
8809
1999
10147
4747
13234
8219
934
10596
7028
9675
12368
2115
5397
11490
2617
7948
12721
9890
9078
1281
2538
4387
4161
10909
3613
12120
8939
4920
2086
1300
4221
8466
5324
9470
5373
8508
11298
3242
12903
8059
6905
12832
7265
9900
9449
3906
13710
971
131
3000
9598
5849
12727
325
12666
409
3091
40
8829
2174
2047
4449
6966
11258
2287
11908
5768
7718
8527
14390
9874
14309
13218
347
1704
6592
11859
8170
13436
11546
9349
2763
11612
6361
259
14151
546
3723
1897
2554
901
5904
9676
10734
7683
9840
8370
9735
64
12623
12812
8573
13653
13900
10836
10756
10270
9364
1384
9968
61
3641
8721
13994
4017
13917
7299
6420
9831
6657
2559
7831
3595
11607
5643
5481
8722
5956
3462
8290
784
13462
2157
12784
4960
14283
2877
9468
6081
3352
1377
6111
13414
2173
13304
3118
8899
7518
10563
1188
13208
2130
2187
13728
865
13890
1954
11935
14376
4366
14259
4609
7299
11482
13386
11163
6557
3246
2426
7307
5866
11125
2877
10658
5262
13102
8373
4677
12838
1943
250
7817
10047
11940
13013
8388
3316
8907
6788
8001
144
2373
5970
14150
11164
9692
12048
9683
5344
5554
8359
980
3086
9826
2827
7296
3978
5399
6340
2893
1153
6968
9273
2172
9710
12679
1196
11450
3944
13561
2715
10076
12352
4762
14012
9269
14254
12034
4744
1858
4332
6209
7032
61
7331
2364
1068
12772
13964
1035
11806
5468
10532
9015
11175
2268
3674
9785
2496
2342
10686
3828
13811
6973
5791
6490
6004
12171
8848
11619
14339
12010
14115
13936
10775
4917
12095
11583
11938
2581
9817
5727
12975
4262
5213
5193
5819
11333
8108
3782
6605
12136
1198
3033
5503
4412
3320
10986
1409
3603
5746
1956
4895
13506
14012
13091
1767
5023
2387
7150
10940
4961
10121
12957
4946
8455
13439
7208
7347
5737
7442
7576
2163
11020
11860
8951
7242
9496
801
56
732
12905
5528
983
13048
7168
642
12638
11692
11842
11487
985
5111
5608
542
7084
8910
173
14193
6642
821
10323
11583
1890
4531
9331
13103
5806
9477
6789
6594
4990
11889
8504
8284
11037
10966
8368
10942
4716
2397
11576
6889
11940
4880
11912
8937
9719
10984
36
2749
4139
9633
10328
12995
1958
6024
1983
3298
2392
11248
2843
6393
1660
4700
7570
10775
34
11654
2012
5303
7434
13534
8028
14365
7837
13200
9112
3219
10454
2192
2110
6863
1263
10729
2696
8715
7560
13907
2963
7549
9986
4152
377
6074
13068
6570
2074
2223
8654
1286
3160
13068
1132
14307
13129
9954
9061
6245
1683
11848
14130
3800
3292
2032
13163
8228
2121
7602
70
2304
12875
6344
6307
2132
5626
567
3313
3921
12557
7529
10890
11551
9410
482
2295
10478
138
13716
8237
10983
12509
7965
9817
13137
5736
7323
14210
13363
5587
9357
14048
2789
13957
3763
7353
11277
8522
12311
4947
617
2133
2939
10866
3239
1609
9141
1960
12542
14236
1139
13264
10987
13897
6113
7781
8964
5321
560
11784
11034
8692
12898
160
10202
14130
13109
13089
9232
9677
829
41
253
8928
12079
105
12555
6247
4726
4889
5872
5235
11369
5027
3675
7496
7501
13113
3883
7165
7418
6567
5254
1138
1487
9435
1801
1044
2528
384
5752
6684
6379
8935
2984
6507
3516
2774
2544
13470
7129
2469
119
3319
7630
4835
14190
10807
7264
8566
5928
1802
4013
12161
602
9710
1776
14343
10670
8208
8407
12053
1353
4279
4106
3578
4012
5510
7187
11606
3100
1071
10601
12795
189
11073
1704
13867
11826
8165
42
1864
1014
2636
6777
4602
4022
11859
2086
13495
1152
11736
8603
11688
911
2187
6864
10823
1923
911
7923
6117
11374
8245
2300
5888
14155
9493
8715
7009
12638
4760
755
9780
8768
9392
7153
3971
4297
6591
6572
7610
389
1148
7099
90
5732
10183
2583
5191
11940
2325
1443
5223
2026
5496
11704
11245
2435
11684
120
12003
1666
2611
947
4860
9583
10813
14179
5579
6602
3342
9132
2315
12565
8153
303
3500
5787
10409
13457
8492
12648
12357
2341
3384
2884
4133
3307
11985
9220
5718
8174
10438
3963
313
12535
8613
9480
3428
1477
500
9436
11475
19
1355
2689
2812
12768
7011
8726
5230
12618
7249
1176
12139
5
8584
3150
12813
13424
2933
13080
6057
13753
3070
14280
7104
5820
9924
6907
14318
6600
924
11470
2843
1067
35
12738
1502
7029
1403
3073
11628
6815
10551
9814
175
8645
10949
7381
4948
5687
3836
14200
12609
10652
5359
1810
2495
4663
8973
3699
10166
12603
5844
3266
11932
2907
14248
10014
2432
13374
13827
11805
10838
2685
6465
6453
11398
70
11113
7647
7509
8362
9740
2771
3664
4595
10246
983
10232
818
2350
3226
10836
7007
1765
2520
2999
11931
7830
11002
8469
8361
7182
9728
2541
13571
1950
4245
13293
5914
11039
8536
9595
3076
13218
13307
4399
11264
9802
11231
1988
3363
6579
114
4690
4601
9299
13325
12981
12546
12977
10142
2263
8375
6163
7700
448
2748
7551
13386
12209
3801
4748
316
2991
6354
7711
3370
4365
12067
7770
7648
11776
12624
12355
13737
12222
4548
7953
11336
13607
5625
10659
5643
929
4173
14299
5137
2338
10194
6128
8115
11813
5788
1986
11648
10496
11387
10674
6443
11184
1971
8896
6440
12757
5182
4676
3772
8544
11252
5777
7538
7096
9996
9601
1607
9676
3015
11023
9928
1081
1321
10371
8721
7157
7459
334
11466
12405
9752
7940
840
8299
1675
12695
12051
3533
437
457
12875
323
8760
2102
496
12636
3304
7991
4241
13829
1533
2225
12923
1973
11997
6698
3262
12538
1776
6220
11147
5511
13633
6021
7281
9829
8068
948
11753
7161
6686
13842
11186
9536
10293
6935
9407
2278
13721
8598
3963
2358
4180
1678
6633
11388
7386
6792
13613
4757
9322
12234
10477
13259
6914
7454
9179
87
8058
6173
8959
11363
13922
1072
6904
8956
10700
13992
8302
7613
9147
9724
6392
12017
6957
7366
11660
11055
2444
11650
4769
4656
12559
7103
11766
3047
7533
13971
9732
10272
10777
971
317
549
13615
6994
8060
6547
3260
8614
11948
10733
244
11733
3544
12474
3410
4677
9169
4723
5759
6027
10248
4424
1987
2421
12373
11542
3233
7589
1608
11438
5655
9955
5489
6732
5635
7889
8996
6261
5436
9822
13986
9423
12674
7633
13909
1642
11223
2710
4523
3262
9868
5966
507
5883
9592
10888
321
12645
1990
8090
9544
5111
635
5477
1952
1296
13439
496
11485
6399
11511
4918
4094
11608
14027
8621
10687
9480
13634
3148
2758
9171
11268
1909
598
6469
1559
13871
1086
4169
6353
11150
282
10257
12829
3730
12278
9054
3953
2335
5999
7688
2659
4072
2217
3560
9482
7211
683
3310
12039
7920
3364
5891
775
2911
8873
5053
1275
1942
468
14306
13735
6574
13222
13536
11144
10629
13576
9513
10472
3603
5697
3716
8193
4931
7905
925
2497
14355
1232
6300
1770
12884
8634
4535
13079
5821
120
10762
5602
6148
6096
4073
12807
7222
8710
11762
1846
5550
1059
5959
13134
5688
8972
7100
4185
5703
2820
13790
5096
887
6384
7875
8198
2249
7296
7626
10298
12905
9621
7368
7986
13455
9906
2800
7345
9021
2817
12222
5712
10383
13181
2733
3117
9174
4306
9163
3020
13924
2715
11078
3969
628
7661
6121
13505
10111
1837
2874
12688
7644
11709
5307
7124
2222
9429
3254
10750
10973
8057
1330
8712
9612
13383
3837
4358
3386
14109
2434
10854
11997
12402
10051
9733
12380
6856
3134
1070
4843
8700
2473
402
109
3945
6009
11128
2482
8008
10786
7849
1797
13212
6420
235
13739
723
7650
4077
10205
7840
10621
603
13481
803
6385
13542
4347
6438
8439
4874
7303
1477
791
11875
3052
11624
1819
12877
609
10244
5927
13789
5415
11692
9806
12989
771
11542
3791
6886
6793
6533
965
3589
1384
5902
3662
1615
1964
1264
5816
4407
6726
10224
7832
6791
8676
14390
5601
8404
2414
8294
6263
12288
14038
4261
377
8245
10851
4216
5933
9628
1205
12775
5371
1913
14133
31
7923
10816
4104
8032
11129
423
10048
11030
1926
10545
5132
10198
2299
9885
3784
1542
9814
7689
9274
1498
4459
10455
579
5998
12209
6769
13731
12774
7149
5330
7910
9740
12651
561
1810
3597
2824
3674
6571
13481
12094
14391
3634
12166
9276
13806
6241
14055
1426
8909
7924
7827
2330
5786
5023
13496
4830
4861
14076
4308
4321
11203
9585
2285
34
500
7192
10705
5289
2273
6953
12651
7499
14269
14321
8498
5488
8397
2752
4155
2648
11788
3074
8277
7981
9860
10691
11025
3627
5174
3188
8850
10779
14076
7884
7406
3596
11119
8496
1054
13407
11017
2010
12478
8606
6299
4950
3264
3289
9170
11461
6917
5579
7007
328
5706
4148
2805
613
5850
263
2789
3272
7642
4116
4721
503
12857
2370
8467
9021
4616
10768
2986
3468
11553
13793
8180
11626
13730
7392
918
2603
423
8306
5579
3123
12326
2379
13472
7682
1034
5194
4836
6962
13498
4559
9188
3017
1333
14294
3552
4810
671
13747
13295
9550
11470
5877
2250
8400
5046
3433
5956
6438
10376
3809
9998
10193
3820
3335
8825
5817
589
9818
7450
10338
5363
4012
7431
12815
14334
5565
3097
12872
5324
403
1923
4781
1833
7275
8121
11369
10492
2378
1173
2128
10274
5874
8296
3115
7113
4691
12509
1202
2258
14278
9230
5142
1586
4980
4351
9826
1806
3546
12420
11601
3682
12979
1004
7190
2257
2658
12176
6747
10603
6353
410
576
9858
7344
6975
13577
7605
13873
7571
11373
6138
6399
3646
14
8806
6199
2058
8031
10953
12999
2645
6597
5850
12669
892
7576
12421
372
4891
12235
7268
9478
9741
13501
10996
4603
8633
6885
106
2794
4545
2691
7355
11675
13048
5256
8399
5275
12979
11006
4969
7628
1239
5995
4519
4921
2752
7921
4415
5969
1528
13052
12759
11828
11473
3132
3809
9398
8248
12725
1807
2770
6451
4908
11974
9682
14002
447
13093
2086
4765
3264
649
9143
13704
7244
11243
1176
12648
14166
9199
12519
5887
12904
7438
7878
4832
1976
6126
13633
6256
765
9436
9127
10734
137
4525
14209
90
4749
359
4139
3507
8085
10534
11616
9917
2032
12297
11091
6641
607
9331
4828
5373
7900
9486
12213
10331
2798
8859
5189
1945
10219
9275
14106
1709
9366
5906
12877
10679
10974
13513
8532
11438
8720
11974
11383
1446
7379
14379
2319
2552
70
3504
3618
11022
2042
1241
9063
4724
12081
3505
2213
3898
12724
3189
5426
2319
10832
14247
2357
13221
7618
6277
10460
5111
13891
4426
11459
7497
13474
4432
7915
1937
1861
3670
13347
4923
1201
1173
6318
1260
3247
10837
7868
5586
5054
3444
8664
2681
10397
9994
2226
5614
8746
1267
742
11972
4589
3935
1097
9599
1711
8269
262
1112
5906
12354
10922
11113
13375
10244
8144
9715
8170
4859
12231
3250
1595
4519
13023
8400
11059
4459
8900
10644
9576
7353
11891
623
5121
4183
7624
7899
8817
3532
9921
2600
9751
9849
2740
1690
1577
2826
9168
5938
7531
7482
11416
572
10234
8055
9560
10528
9213
13314
11911
8000
9048
12154
3374
10210
12037
9754
9871
13983
5332
8077
3456
13654
13132
13578
10848
6134
10254
872
2461
8033
11672
1408
8546
2485
10051
8991
5698
4060
9975
1470
911
11407
1421
6931
3887
10549
8961
3724
10931
3061
1041
8543
7812
3372
11470
7856
3751
8265
7078
13953
8094
12991
4458
3544
1481
11620
6052
6591
8484
5807
8353
14369
11880
2540
8001
3426
9451
1905
1265
9221
3308
12665
4398
7230
10957
521
6776
6731
10249
2056
3948
3998
1455
6670
10252
2644
9518
2718
6819
2446
12433
3865
11221
12090
7536
4999
11792
8028
8748
12445
9272
9633
6804
12699
1522
1183
12416
7664
7333
289
6268
2877
11892
1669
4184
13687
7268
8308
10614
6478
5615
6244
12743
2531
5265
5459
10481
12355
1229
13531
2570
4025
7019
14231
14020
4249
6659
6811
368
4642
6356
6574
12509
2607
3355
12404
9562
9856
1036
3583
12855
5709
3622
12160
780
9284
11712
8802
8896
4250
9925
10112
12989
5969
10688
13922
10908
4733
12563
14356
12696
3581
12618
14030
3398
4631
11387
1354
11258
12134
2165
8530
2205
8107
7248
536
3038
11298
8417
8118
7071
10331
9870
3661
10248
3141
13941
571
7808
3846
13933
9277
13590
2355
10180
9643
8330
11372
12200
6060
13331
5771
13397
360
4791
10690
2472
1413
11263
1089
7727
2437
3536
12063
10985
10122
14137
6596
705
6768
2654
6254
273
10730
2169
5159
2157
12177
10865
2679
3908
12027
11967
764
3711
13618
479
3494
3666
8108
3413
881
7564
12687
9747
5138
10172
11472
9273
3495
7960
1155
10970
6474
3642
3855
7619
9946
346
2688
5704
6767
11019
6166
12038
8758
11739
3085
4787
3037
5166
2199
11082
10166
3060
8213
4853
8188
8913
3719
4481
3277
3151
11472
9790
4190
454
6012
4257
3847
278
14022
7760
10697
1588
1789
3241
11180
3451
6106
8000
1443
11263
10936
3835
14059
5721
12086
12306
7620
4962
2005
1954
10006
3798
2173
783
9407
12043
589
3005
8884
14129
6570
10801
8874
11302
7209
1668
9968
11697
13323
9191
8006
5666
11240
13183
7184
4435
2469
6792
8174
7993
8648
8037
11491
3712
8491
9591
73
300
4400
3459
5668
11236
10940
8972
9837
468
5039
5261
10340
3452
1735
6462
14193
4979
4581
4017
12348
4652
11611
314
992
3429
3378
553
13612
9346
10979
574
3653
10602
51
1704
11722
8571
396
12935
9409
8636
13804
14084
10135
10355
12284
14161
934
8013
13283
35
4970
6157
7172
610
13750
14112
2942
2233
9767
7957
1392
13290
13672
1577
3027
2041
5405
5312
8174
10268
10217
9667
6737
1914
11282
6847
2297
12720
6194
6786
11746
10147
12666
3860
1230
7558
6767
14247
10551
11946
6397
6876
10243
14213
518
8424
8671
10356
4042
10459
3669
12825
269
2016
1814
12671
13847
8546
6270
708
10272
11060
7180
4989
149
14398
7225
6359
4867
8767
2173
2314
1641
4903
2324
4021
12899
3568
10757
4197
2652
6756
7421
7207
1666
9550
2554
5840
9169
4070
5883
13435
8657
8090
8591
9636
5419
4034
3791
11713
8126
14369
3099
2384
8090
405
5682
4840
9799
3913
1644
13492
2098
13031
12933
13131
1550
5382
10359
9606
12127
3662
12649
14380
19
7156
9954
9507
4225
9258
1321
11867
8494
4561
13962
3127
7914
8083
9248
10181
12467
12099
3266
6534
14333
12207
663
1444
1346
6213
3538
11806
12967
2059
13205
10758
9599
7994
11620
3618
4463
10298
10692
4291
2089
7628
11796
3521
1746
329
8475
5223
13278
14365
5875
11628
4915
4018
6818
9949
11445
5567
12507
10234
3675
14374
2616
12786
8779
12975
10792
6494
12957
9925
8225
6910
144
1885
14269
1475
9139
7911
12379
10023
9824
7606
9076
12535
2740
6809
11774
3516
13304
336
9241
9818
3871
4351
11817
6024
6164
11620
5192
13028
11542
413
11294
9079
9573
9909
2118
12469
3176
11794
8948
6059
10433
13315
6335
1355
6176
2467
884
6065
7782
1268
10309
7565
2562
314
9837
13061
14047
6678
2860
9088
12564
224
13096
9776
12596
4774
4029
5720
9184
6236
6467
7703
8973
12565
6381
6553
185
9188
4080
14004
12330
9731
12711
6293
3018
10375
11086
10277
1854
5642
13365
1062
4488
12188
8237
4796
13890
12351
11117
8485
4818
2420
13650
752
3156
1870
5547
82
5474
385
8529
8663
8919
12151
14397
2227
10835
8252
8879
10346
13850
363
4246
8392
9900
10776
202
9416
1415
3910
6091
13704
7114
5345
14020
3478
8322
11916
4676
11198
12677
7583
12484
10465
11696
8974
4957
3226
3253
1250
12186
9306
5854
5305
7209
13830
14131
7226
8647
10359
5696
11134
9688
11242
8285
4261
8027
4864
8030
3988
10686
12501
2113
10417
6905
13284
11077
4449
1447
9238
13885
4805
8046
14052
8611
4555
4629
7336
6800
3961
3977
11499
11605
14033
8198
11914
11059
2610
12956
4073
14280
12671
2148
4945
5484
13239
6583
2461
12432
12213
8103
1363
1369
6287
1666
8097
149
5925
6772
4912
6047
1312
6376
9285
3045
9541
4237
11878
8118
700
8737
8802
2714
9885
8748
9059
2648
8693
8803
1910
14398
4368
10249
198
6384
1185
2136
11415
4722
2298
501
9311
13711
4229
4135
63
14004
4861
6393
7300
4445
2458
13798
211
7544
9844
13131
1380
6994
2810
3938
12391
1521
12053
12123
11132
7652
10750
6144
12989
9107
4119
6474
8212
4511
10947
9391
2831
11828
4206
13679
1328
9276
2230
10677
8336
1045
4877
6228
12058
5746
7881
11579
7743
9457
8454
10367
13277
2141
12142
528
7446
10043
4315
1571
11030
8939
7782
380
4974
8062
6483
11525
6739
6332
11946
4682
12199
8424
10773
2164
1962
675
4916
13819
12583
7119
2676
8108
2576
13439
2639
12460
14150
8474
13597
3946
10867
12942
1540
8670
12265
6644
2772
8306
7180
7123
961
3905
5916
5975
6032
3393
8346
12517
4321
1373
14361
7632
13871
3745
6115
14327
13990
13825
8600
4063
12949
3378
2812
902
3437
2342
7929
12224
1497
9040
4183
13493
2963
10444
3279
9656
6705
3361
5688
9366
5419
4275
4143
9602
586
5495
9263
7847
10159
1776
9782
1435
3123
4124
9962
10973
13267
9495
9680
7654
11100
164
13125
10794
5194
2522
3582
6553
1044
213
9033
2798
10158
908
12027
8019
11069
2360
10931
6584
11144
10121
2578
10597
5368
11326
1233
11052
4322
2119
3038
13803
3653
13286
164
2450
3034
209
3006
12963
13770
7261
3470
12956
5700
7202
510
4027
5925
8760
9237
106
786
11147
11459
2554
13907
3752
9836
13223
6649
3939
1373
2559
958
9745
13159
11769
3430
9822
5496
6516
11176
8029
8731
4887
4108
8492
3162
9992
13995
1885
4730
1634
6882
12463
12019
4404
4384
9815
12816
12003
10915
7732
2521
1367
10027
12768
5639
13856
13881
49
3447
12433
4536
4393
9083
3454
4217
3333
13683
5636
12863
3701
3567
4701
5423
14072
11831
9663
429
4802
10537
6491
11636
2378
5447
512
11443
9114
2036
6968
8279
3224
1970
6774
936
11368
5362
1729
9983
3540
2322
12031
99
3159
3952
11770
13112
11380
13516
2197
1735
12650
9883
7819
9974
8476
11502
5743
3532
3762
10910
7263
3656
3904
9442
10622
4755
2374
3031
3936
10989
14339
4846
10591
7967
5719
4465
2530
733
11082
1600
3605
7845
4682
7433
12130
5118
11072
7789
11382
11844
2776
3909
8014
10754
7067
6232
10697
4866
8835
12244
9827
10285
3639
6107
11249
7294
1135
1855
12063
1308
12228
12296
14043
2632
11417
13103
11083
14023
3836
2846
10720
8852
513
2599
1960
3904
2397
4217
8915
8282
8645
6792
8344
4945
14019
8991
7981
10861
6214
11770
13036
9527
2460
3071
829
9949
2369
6100
13460
3482
9542
1169
6489
12786
3238
11195
101
7068
6633
8312
7035
4029
6276
14316
5996
8245
9707
11484
5414
4323
6075
7109
3731
14077
9572
8504
14172
2061
2241
4831
9244
12731
5201
5700
6344
11439
8690
11539
6138
5719
1843
5829
4073
7623
10395
11937
1175
3891
13988
7488
11782
9616
11578
3937
9637
11526
266
12898
10091
1065
6464
9773
13753
8619
14218
13462
12222
3416
2449
12358
5389
7250
14009
9863
10713
5012
544
4026
10567
8710
4684
1287
9584
11342
4315
14162
14223
4300
13910
9074
11533
13309
9673
13218
4604
14360
782
5681
1688
10785
724
4856
13553
8660
9048
13251
2560
7129
1777
1496
3827
6194
8975
13468
10666
13635
10715
3173
3820
3094
6906
1154
8422
4288
6177
13463
13756
1636
3265
13508
2212
10125
11709
8572
1144
3197
11714
1533
5239
5983
1017
11115
8414
1468
3817
2728
10873
8441
10945
4370
6931
11054
5605
5088
13168
13463
9172
7996
12620
1055
2962
6499
8485
3193
9707
3105
7609
1687
4562
6683
2051
4524
6589
12618
2419
7042
13384
11773
6952
7404
5861
2629
5418
4702
13844
4549
33
12230
1688
12734
10162
12820
3188
12324
12330
1411
5450
13443
7007
8789
3968
9205
11417
10502
12588
8215
8084
10854
2775
7885
12083
13115
3215
11534
7561
9705
6586
12865
6885
8860
6883
10871
2193
8030
1328
8880
3686
7414
3273
6536
12438
604
6932
1473
2371
8258
7671
9218
8610
13412
332
13268
6140
871
760
6048
3061
1652
14329
1785
11507
6199
2351
7343
3458
52
13795
5937
7125
6202
5631
12086
8723
5724
12488
13543
10445
2975
13973
7405
13985
12684
12331
7424
4054
2916
14252
3112
12213
8077
5587
9671
6066
2425
13513
12644
6028
9243
4523
10654
5797
2371
302
4592
14038
8667
11252
9500
3672
4540
11538
1347
13902
7600
10274
10976
10381
11102
1116
9841
1408
7528
9133
6557
11452
8570
9026
14346
12800
6838
5576
11034
1436
14181
11101
144
13846
13623
5674
14376
339
3121
3747
5984
11323
7689
8479
11492
13225
6671
10184
4700
646
6399
5976
5231
1030
5847
3470
2045
2887
4049
8356
8697
4773
14056
7163
10900
5943
10150
1091
2262
8168
9565
4573
6883
441
4187
9438
8670
2609
287
4366
4739
3703
12262
459
581
11022
841
7400
3466
7979
13955
5883
6213
559
5565
2331
7269
978
8101
12836
8064
421
7289
13791
11237
3383
8153
5570
1491
12084
13268
10563
6683
2892
2814
8307
8346
3381
12813
9507
6045
12165
155
438
1536
9933
4497
9888
6863
8438
13272
10282
9245
6892
7275
11384
3753
6700
8919
3209
7689
1380
9829
8568
6510
9232
3972
3650
7280
13738
4807
12387
8049
8908
205
3422
389
6596
9802
11762
2685
13736
8873
3226
7506
12737
12414
5102
3671
8363
212
8419
2963
10796
9146
10994
3280
5766
13648
13361
10074
13439
13013
7505
12558
952
12301
1207
6789
8105
2122
8124
6598
401
9707
523
6912
14220
10192
12791
4704
11535
12702
14037
8122
6974
5195
3997
3613
2611
8694
5027
5030
9992
1406
5696
6186
12890
4753
13424
4137
9529
125
13393
5723
13512
11809
3698
2927
7522
8452
10216
4020
5603
4315
1668
3796
14120
5467
9664
6064
6613
3144
8729
5923
13539
1053
13780
6877
13286
11252
2952
9443
7857
5147
5839
543
11683
7631
7669
3132
13262
2082
12396
10548
3618
4445
529
9097
9157
12098
141
9677
12231
11386
6936
13916
6153
7923
8209
8816
4581
11465
6871
2709
7046
7508
4399
2502
10491
9544
7847
8510
224
10882
3529
7206
1418
2384
9047
3012
3923
11066
10190
13880
1175
256
12928
2863
12034
7099
3477
533
9450
8237
2760
13036
2512
10596
9127
8919
5394
8331
12611
8875
1390
2568
13023
11145
9928
5268
5164
12569
636
9955
12166
10087
13436
3761
1673
7264
273
9441
7404
2322
10156
3333
1230
248
8909
2853
10986
8393
13665
6986
3311
6475
11196
7059
6676
131
5534
9039
12663
10558
3123
9369
7785
275
13405
3031
6349
1951
11679
1824
12200
3214
6672
12353
10272
3327
3601
10193
7877
11676
9268
12608
178
5106
14023
13801
6765
8276
4925
5123
4279
13551
8721
10622
10181
895
12619
5300
614
7925
3000
10404
8180
1003
9098
247
9795
5144
31
6884
2000
12505
3609
1144
4909
6453
9988
7669
7083
11985
4357
10917
1768
9510
2834
6655
8251
2752
8291
9959
7457
8688
827
10771
7254
12641
11484
10820
5115
7114
4620
1939
12738
1803
11034
9484
11602
13826
14283
1887
14277
13862
14165
2412
3132
11793
12613
9622
13176
3169
13108
9324
463
8185
3071
12199
9451
10165
5341
5212
13214
9613
7777
13246
6137
1234
564
12669
7573
6419
12273
3993
14366
533
8082
1395
2455
11503
1434
10487
11005
2832
2412
890
7742
12109
11711
8364
4980
3513
1342
1939
9169
8245
10653
14361
13522
13777
3047
5253
10954
3282
4604
9442
6262
9997
8510
782
9774
126
768
153
10726
1036
5907
5097
12637
7245
10207
12194
3905
5933
14328
14193
6926
2629
8954
1185
7915
11715
4895
7240
10313
3826
12419
3627
7418
10951
4499
1734
13812
7972
8832
1032
12675
12019
8623
4316
5293
10374
8625
11520
3588
3422
14384
12102
12749
14151
7897
12633
4848
10313
8643
10050
8482
4013
4992
5846
12794
7322
5805
777
3137
1994
3500
12982
4822
11198
6887
6156
7567
13978
106
518
2068
1768
13491
9675
1296
6350
3767
10196
10237
3232
215
3937
420
8781
4223
1208
494
3012
2263
13830
4075
848
9104
7681
1125
12019
8571
9875
6890
10246
4382
8111
10368
7609
10273
4638
8810
4664
11959
6273
1838
7078
14303
2414
12031
5379
14200
7807
3096
307
7916
3351
7719
529
9332
1142
11752
5055
8864
10746
7193
1761
10932
12568
3680
4390
11610
7776
5660
13709
646
8756
211
1572
7862
9843
8967
12234
7011
14152
6972
3079
9402
6949
7182
13094
6495
4307
13281
14307
1894
7054
10960
10804
1119
12544
9468
11664
6027
13937
1048
9543
9533
3045
13586
10808
13437
12583
7577
12938
6852
11187
7207
11697
3687
7089
794
12422
14066
13401
14268
3109
3005
7779
4393
10591
630
1311
4842
13970
3141
7014
6406
151
578
13570
10594
782
3584
9180
2190
6080
13495
6087
6164
6582
3583
6678
12861
7599
13992
462
6626
13748
1753
4213
2599
4168
218
5208
7285
5553
9835
8098
6813
8779
6228
6273
2634
3720
530
7643
4772
3878
14162
13082
14169
9385
10341
13938
1633
12822
12498
1791
10152
8985
11183
10064
6812
7362
460
10194
7832
8609
10278
13587
1466
5939
2808
479
14267
1476
2636
11454
698
1953
11962
13376
11584
2873
5048
9204
2987
8020
9153
4184
6995
9408
527
10290
4550
750
3509
10279
4463
7826
2220
8138
11581
2394
9738
11754
3456
9797
9078
4792
7932
1200
6703
647
5023
10236
11479
3861
5117
12345
98
10298
13202
13414
10477
14358
9690
1845
6475
3679
10109
7282
8918
12458
5476
13744
13385
10342
4600
7891
3039
2964
6349
8828
9844
5649
8638
6283
1380
3435
9462
3223
10165
5335
8344
12731
9254
10808
7008
11217
2028
1119
2082
8067
5203
13763
10996
12622
8694
11411
7728
9950
2120
4681
14060
5768
2657
3360
7783
1664
7376
11668
10571
10430
11100
6391
12587
7310
4837
8573
11150
9242
4502
10130
5508
9204
12732
1167
8564
8015
3676
7809
4824
454
4656
8027
3661
867
113
10933
2586
5912
6806
8802
10468
2299
6767
7354
2813
6398
5177
10654
6298
12305
9844
4872
11481
1993
2845
3165
7078
3928
7626
10092
11290
5282
12173
12630
14041
5901
10474
575
284
9246
11687
2047
10699
616
3450
7882
10511
1818
13270
10312
13921
8097
8713
8031
6818
219
9994
2377
12617
6765
2797
2124
9943
7471
4894
5823
2620
5206
7185
4730
6046
2156
10694
13298
1651
6170
4735
13562
8777
13054
391
4049
13625
6640
4730
13021
11410
5010
12663
2683
10266
11667
459
4221
6665
8296
9539
13022
7131
3648
11516
6859
11997
8880
11428
6002
3550
4767
8416
1062
13669
5851
1504
1268
6541
12772
11149
2145
8579
7886
13304
1969
14359
4412
6240
2347
11501
9310
9507
9054
14125
4363
3487
3644
777
640
4486
14373
12311
11058
1902
1351
8838
13463
8197
11322
222
7171
14363
13812
12892
3539
2430
2288
4880
7924
4278
6318
14157
9936
351
8345
10417
4878
9394
5940
2162
13444
8560
8895
1722
10419
10186
1782
4612
12120
1147
6083
13211
14305
8447
11675
2145
10387
13549
10896
11874
4060
1187
7832
2178
4908
13460
5849
4814
13806
7716
39
8832
13107
7794
5174
6505
10000
7838
643
2014
10380
12300
14094
6403
10290
179
11100
8022
11334
1291
4128
11626
9871
13207
1399
8668
13775
4
10288
3714
9994
5911
13345
14384
12373
4947
752
10308
4
1012
14253
8853
11642
7174
502
11615
5799
13893
13092
5081
1596
1526
12463
7068
8039
8442
3898
2166
7
3385
5421
304
11144
10039
9584
11538
7922
2026
3319
2851
4585
2778
4543
4116
8812
2897
652
4148
14171
5322
3421
12615
6198
13426
250
10705
14397
3322
7808
2573
872
211
6764
828
101
5288
14365
7576
735
8891
12979
9154
13628
6614
1616
13955
8918
8267
8050
5858
14070
11685
4990
4367
1661
7748
7372
4527
6723
3185
2255
9737
1145
8051
2000
1247
14236
556
11591
7946
4644
2385
12510
4789
11762
6400
3194
3311
3463
12125
31
12301
646
5762
9899
2628
11966
13950
14005
6873
8967
4707
11613
3850
6107
13860
839
3252
11724
4278
6656
10983
14352
476
140
11039
1793
2162
11120
846
66
7644
11885
9817
517
7347
2183
6661
5688
6838
5239
10389
10462
9915
2458
5555
7243
2290
1068
7702
13008
14261
8600
12911
11083
4372
12446
4897
10126
7350
11578
4368
14256
1428
1708
3069
773
11684
5724
1075
5651
6709
7183
3387
7990
5605
3955
7318
1686
6726
12043
9347
12760
8045
11527
13049
11955
12600
13687
9017
5226
2240
5915
12202
14039
12447
9883
992
4054
532
12353
2429
7036
12920
10118
4629
5054
12595
7387
11293
12562
6878
8231
12433
896
3808
7114
384
817
890
4620
6622
7246
3793
10517
5653
1261
13027
9921
13239
104
13149
6506
2641
7098
3367
12829
14143
6353
8069
6395
5619
5425
1187
4600
12738
13738
5932
1283
10466
9625
11365
10468
5251
8996
6932
5408
1132
2985
2436
2356
6730
6831
1899
11527
3548
9807
1485
2383
7581
4079
9946
9675
12927
685
13032
5114
8422
10080
13961
13411
7788
1997
11589
9397
12092
3050
6472
10677
8536
3827
5123
12935
3211
11807
5655
6258
13624
4160
11884
9950
12668
2713
2089
834
3533
4035
8147
3537
5906
12328
6583
827
7284
5897
12264
3921
14272
5809
11487
2390
7557
10424
9267
9773
6425
12660
11839
1241
9057
14226
7916
1236
2657
2040
9711
14078
3700
2927
7756
13977
488
11206
13295
4143
9512
3201
5296
12557
1227
7242
3832
6791
1941
2268
5262
10689
191
7567
6432
873
4139
2624
3144
5778
6697
10269
7834
11120
14299
4452
4491
8549
2870
10393
7145
9485
11303
9202
8771
13650
10917
655
12942
12434
13640
9849
7593
8884
13843
2823
11078
11756
9875
13342
11634
4122
12071
3615
105
1628
1788
6828
1614
2274
11964
9348
2532
11376
6448
11790
4034
12386
4128
8741
10127
13680
10741
10699
8792
13839
12725
3297
2800
3468
9348
2361
13634
9149
5429
8849
1109
2272
1560
12257
5158
4238
12594
10401
977
4305
14394
9945
7725
11555
13336
9796
2048
13999
6780
5512
3267
7739
6549
85
13646
2138
4804
10360
7490
13170
9675
2870
7776
1979
6464
7681
14019
5003
3393
4520
12025
8559
12929
10920
9816
3377
13016
4879
11724
1743
8010
13658
3888
10871
2889
5852
9814
5929
5248
11687
7795
11190
3254
8680
103
1047
6237
10986
12932
12729
9868
8014
11085
13091
617
2192
1457
3254
10393
11684
2525
12352
2492
9489
6666
9682
8665
8235
5245
10748
13167
3552
4686
2095
2737
3437
3956
13208
11464
8988
6285
10287
11970
4822
3386
6185
13754
7208
4843
7464
844
14138
10183
6677
6339
6213
237
3550
6198
14390
13206
7181
3397
4864
5120
12873
3968
11157
2639
3334
10078
6190
633
3212
3228
9858
5024
14158
13918
9516
2177
5257
12598
4231
14356
8062
7179
2943
4445
13879
4111
2337
3346
8040
13953
6890
8238
5992
10615
9556
13967
14214
11631
2855
9067
10952
9769
3687
5391
12204
10857
10724
8296
8862
8588
8247
8835
1560
4483
2811
13126
8905
10159
11075
8127
13627
4449
2956
9465
5689
1794
12337
10667
1994
13282
14209
13240
6025
11437
7801
12169
13993
3777
13098
4951
2180
14123
912
12328
13683
3026
7219
8323
9987
5163
2962
5143
12304
6471
4434
9830
13726
13713
8359
12397
2377
11375
8599
6636
895
10378
6569
14366
5635
5599
151
3245
417
5735
13861
2683
12127
3400
10416
12602
8331
8424
3189
2574
6533
5339
4406
5571
9197
7629
2326
14189
13774
9913
7698
7109
4847
7249
11166
8354
1576
7484
6235
7507
11319
2195
9973
143
6774
8514
3450
7054
6681
4874
6866
5369
3880
11134
1812
2163
5136
12134
11788
2024
1295
10580
14272
14167
13046
12218
10779
4543
10697
1411
13988
5950
525
9156
312
5444
11978
2395
1539
7808
3838
5849
9879
7979
8347
2419
3705
12252
213
9527
6632
10121
415
1630
3259
5984
7920
8404
1880
9547
6743
12251
3817
14391
10284
3422
249
6510
10465
2494
10188
5570
13908
13527
13543
2836
8069
3765
7998
1275
1965
10971
8708
7699
8403
9222
13009
5721
1327
12533
6079
3300
5276
5382
7042
6148
9220
785
2095
8143
9026
6438
4593
8771
4062
2156
12728
13072
4226
9155
14226
9083
10740
11940
10178
8930
3127
5389
2811
9772
11302
4544
11360
4459
413
5197
8841
7558
7022
4995
5836
7644
12559
6054
5797
1836
10439
8280
4474
4945
8195
8543
5985
12081
11079
3501
12225
6048
6961
7706
1596
8877
4756
7092
5537
11375
10235
8557
6762
2676
8602
9443
5837
7083
7434
3273
2533
4800
9409
5781
9377
5914
7644
6028
5513
2111
4297
11949
7968
3081
3906
8146
6840
5506
654
3882
2051
9708
12097
6456
8978
13846
9286
13001
4641
2066
11372
13937
8164
6143
9453
9034
5242
7302
6022
9309
4354
2001
6226
6684
5297
1509
13704
2600
1076
13839
3496
589
4068
12844
8852
1273
7354
8090
12616
10576
14382
11172
12836
3330
14343
14259
1125
2750
556
6726
183
11470
11743
139
11501
11647
5100
11173
6361
4770
280
1069
4005
3893
13176
1943
11688
8596
2673
10259
10121
13511
4720
5542
4952
10802
4209
6700
11574
4664
13986
12646
7211
7126
8848
11028
12950
714
11755
7600
8335
10076
2126
12974
9253
7746
5569
3790
4299
11096
3648
2312
839
1718
7740
12604
2492
7298
13659
2473
1052
2064
12813
1112
7562
6026
4689
440
3365
12104
11019
4064
11262
9749
4300
6021
4503
1536
4854
463
6174
13700
7300
9669
14154
10612
14152
5799
10767
13407
2155
5990
13057
7544
8423
12138
7073
1444
6829
8466
10669
14312
946
5261
11639
237
1433
13631
4117
6689
5301
9361
13841
7446
13605
6825
8743
8324
10574
2961
5988
11381
1373
14038
9712
5476
1482
5157
1509
11217
5448
12574
5331
413
8838
14240
7203
2509
8192
2300
12400
2965
11987
10701
13896
4573
6908
1558
2961
6321
1461
5116
3970
6839
4652
6121
12046
971
4279
10614
1077
8180
7653
10574
2794
4364
2157
12014
5571
2392
6005
8657
13356
9266
7376
12475
13838
4150
14223
5402
14222
9215
6083
6504
14081
200
5677
505
2870
2112
4267
546
13744
8928
8278
11528
7985
6231
13806
6524
3491
11714
9618
1868
8700
9669
7150
13522
173
13003
8269
12075
6021
8834
6252
3652
10630
1482
8618
8512
857
6545
1237
14261
8187
6024
3638
6119
12224
1911
3451
8760
7259
6704
11952
2141
11107
1912
6482
4145
9751
11774
12172
3414
13613
4645
2884
11807
4964
13098
2000
6856
10235
1641
8024
361
9553
558
9537
8654
2656
4478
14059
9738
5722
7805
1132
276
738
10631
10876
660
12097
12000
3348
12344
6651
503
13897
5746
10576
14145
440
1592
7327
2338
4739
12223
9032
11991
2504
3001
11789
6917
4966
3980
10302
11054
11304
11919
6932
13174
1257
6193
13699
6622
3774
2600
4782
9972
6149
1586
9325
3779
6998
7225
11779
2715
9246
5141
1298
1966
5748
1625
7618
10570
518
8812
7808
11265
1119
9518
14154
5545
170
6182
6511
12268
13877
1112
5601
11079
8737
5106
1577
12025
14226
9798
4298
7167
33
869
8780
7338
13609
10769
9971
10859
4439
6060
7259
489
2513
3559
8664
11422
6222
11482
14128
8112
949
12858
881
887
1360
7593
13290
11107
7193
12252
9605
2260
9839
8389
10420
1982
4678
9268
8312
8243
8164
13562
12901
4159
1986
2373
10920
9256
6395
9127
12094
7299
11427
3358
14339
7932
8385
9231
11281
4558
8700
5611
3876
4049
2991
13076
2354
2932
2571
9972
5113
13446
12299
7435
10016
2089
12505
14079
5162
13171
8246
13748
10308
10658
6115
10919
13079
12995
2355
4211
6446
11602
1204
7472
4825
13661
1836
1924
4386
4142
14
10943
7002
5819
10514
13596
8808
7512
12026
12091
2675
8724
12001
12367
6722
3956
13116
4326
3403
4388
9662
2982
12529
11639
9770
11615
260
10301
5971
5571
11785
9248
12349
11130
13395
9498
3583
7502
4832
9023
3574
2193
9777
10655
2479
12883
9057
7051
12253
7527
3428
3409
578
1857
2152
5021
427
31
2567
12450
6838
4805
2437
12655
5582
1503
5214
14376
6896
2275
14015
5160
12333
12824
13338
9862
14271
13083
2300
11516
3341
14269
5404
2353
10569
9291
1335
6132
518
9826
14285
5067
8138
1314
6195
9635
12555
772
12776
5264
14195
1297
6515
4124
12569
5236
13156
13366
8105
4199
12236
6607
13800
3121
2583
4524
12355
5370
11202
6818
10368
9677
1413
3637
7735
2451
4275
2499
1981
2313
10564
6389
11732
9155
5101
4189
11974
5398
9089
3578
7845
4142
3123
991
4019
6780
7907
6109
443
8158
3531
9349
2751
13461
13553
2172
3944
2113
8795
8113
4729
4695
5445
7748
64
12886
3767
2820
199
2080
7967
1585
6060
12664
6457
7813
2290
5965
962
541
11668
11511
13032
3763
12768
5229
12488
9198
12320
13947
8281
9292
4989
12105
4214
8762
12188
7506
5858
1539
11218
2936
1679
9930
5522
2511
11340
6287
11381
9616
10227
13023
13297
2528
7779
11567
13892
11790
11308
4982
10191
6398
4046
6005
21
6582
11311
4684
7516
9799
6907
8988
8398
12456
5955
11349
8663
4674
8990
9377
4685
4396
1705
2767
5728
12554
6982
13497
3245
1195
2811
2551
2527
6729
8904
14063
7183
12396
9681
12348
10691
669
6663
1238
3697
6645
1770
792
7582
9936
14110
12608
491
8782
14047
13361
5940
12993
4727
4471
12061
8349
2428
13757
3878
7019
3746
13353
12347
2051
1184
11266
1982
11478
8146
8713
1428
10553
10465
1526
13904
2851
7228
4312
3529
14273
9682
9306
2003
11979
8736
8132
5142
14069
8045
12335
1488
8324
5427
5132
11282
11325
11240
1144
4582
12251
8027
5137
12343
911
8999
925
11297
9748
4122
5015
8524
9618
7196
9303
2610
5837
3508
13065
13638
8947
2978
12013
6147
12145
3907
14107
10152
13222
11455
10956
6924
6802
6596
8091
2097
10199
12263
2938
9183
10621
6057
5215
1586
11046
9237
3894
6402
4677
3304
14286
10088
13423
3451
6195
8887
4812
12762
1626
384
1428
3274
3788
7231
12261
7085
5689
11576
8257
4783
12441
8645
4543
11135
6223
8189
6677
4193
1257
3362
5937
13617
12885
689
2019
2562
12841
8289
12125
6639
12165
5624
7290
7570
10502
1322
8764
7298
9025
8416
2589
1608
1753
3163
8823
9557
3662
3488
6456
1917
11258
9988
11476
6043
4374
10467
2018
1302
223
3180
10039
10348
3443
4149
2877
1083
7752
993
8008
10429
4301
13050
12471
3055
781
14089
13665
8363
1791
2073
11974
12363
10359
12600
10686
5492
1967
7208
11287
3456
6158
315
5314
7648
3047
2001
10412
7294
4312
1054
14331
14179
3687
3898
6643
3972
10800
2917
122
11183
2816
3133
10968
10611
8526
10547
6370
5880
9664
1045
9412
7822
10638
7496
4802
13665
3681
8285
6809
6079
11312
13663
7521
9327
10802
8279
4363
6837
9308
855
327
4322
8804
8425
4190
13670
5567
12499
2204
11884
13314
10042
7790
12758
621
8384
10158
13920
4657
1394
11293
8796
13861
2324
12280
4943
12149
9559
8722
9812
8537
1011
1235
6128
2116
3042
10331
13248
2617
12843
13459
7402
3179
14232
7614
12530
8676
5478
5357
8266
7586
9690
12561
13007
9501
12971
4727
9698
592
2730
8387
13949
8328
7662
13144
451
7183
13983
7604
1048
6059
8010
1986
9372
861
14087
4348
12624
10979
2397
9863
2450
11129
4223
10080
7941
4326
697
12845
7792
7731
1430
8708
8502
13201
14101
12578
1492
10422
4694
6765
12793
1585
11051
2679
4574
5358
10225
5355
2882
4072
3201
9787
2208
12994
6694
8746
13252
8951
2972
379
2849
5871
630
8978
4399
14335
6406
12807
3643
2184
6307
3773
14355
12357
5998
10268
8343
777
6208
8716
1186
715
9096
528
4789
13855
13933
5398
13990
8448
6934
10063
10931
12958
12422
11734
1834
4201
9351
10393
3746
445
9798
2748
11078
5017
8213
11616
12704
9340
4747
10679
11809
9944
5078
4522
10125
10460
3316
9909
3889
8324
3774
11112
9102
2354
12812
8705
6781
9455
3717
10116
12784
914
2796
2053
4442
5443
10275
9765
5361
9816
7904
4883
8260
5993
4451
14189
14157
7472
10364
4594
1168
10264
14110
7244
12741
5040
10264
12581
14094
3755
4964
10884
13578
1358
4364
10455
5915
4820
10857
14159
23
4459
30
5449
3687
10730
5240
718
9965
10105
12116
3416
575
3691
1825
2381
5520
11329
7870
3792
4159
1800
14384
4684
6434
13476
7023
3995
2821
6704
13051
11152
14158
13481
11744
5821
1653
8589
3395
950
936
13130
1382
22
7326
9326
5827
9574
8931
493
7741
9823
10729
6311
4332
16
9812
5195
12787
7976
11748
8666
11858
4337
10311
7802
3207
8553
9856
5743
3
11167
9461
12028
13548
10708
12233
13349
7684
12285
3494
5594
686
8430
5836
10087
3986
13059
9136
4927
10140
579
1675
3337
9942
12297
13122
6701
12704
7387
4637
5723
7899
6604
4938
5648
12425
5463
2799
4923
13708
7266
3621
7251
10135
3653
4816
376
8683
4586
3291
5186
14139
182
4639
11952
4850
10115
8366
13945
12562
7004
1198
21
12628
13220
2543
8692
2229
7696
2669
7394
12022
10321
4779
13763
2453
4509
4949
4274
434
2627
3970
4408
12968
9263
13298
11443
11752
10074
10835
13677
6845
6299
13991
10600
3009
5793
9594
9736
6205
2505
14074
6060
232
7967
8319
13413
2401
2068
7121
9355
13184
14390
7390
11536
5880
14039
10952
2209
2243
1787
3373
1821
10503
3774
8303
6772
7568
6675
12624
7735
10925
180
13225
13203
8019
3264
3118
2041
7621
13514
9576
10483
11015
3562
5837
5819
5366
2480
10816
5289
2432
6097
4377
9075
11690
6863
7335
5607
1833
4341
9272
2383
2547
11797
8892
8944
4668
746
10237
9012
12617
7661
14209
4565
10755
12935
11025
7905
9755
1686
11637
2551
5069
6110
4556
6487
3593
1703
14023
6843
11688
13289
13840
6732
13788
5641
2629
5594
117
5616
6217
2480
13169
7925
13829
6819
10522
9326
2158
6712
7364
10272
14185
8788
12805
506
1826
3830
10326
11694
323
10535
12778
12142
3671
10293
13318
2794
7879
5614
14296
1632
2775
12270
14139
8323
9571
13415
11845
9756
5861
8394
945
3294
3712
4747
10080
6432
6014
2612
4779
6705
10844
2652
3104
6556
2183
9196
4469
1310
13146
8894
1556
928
3049
706
13133
11415
4455
403
12240
3508
6653
11455
263
6090
4395
13729
3285
4036
4441
11783
3710
5753
2621
12625
2087
12019
2243
1162
6069
13902
14324
1140
4964
5170
12014
13754
13096
10525
12847
6251
8372
5287
11859
13314
6601
135
14388
10676
11135
13303
8001
2556
9753
1612
1378
7756
9689
13749
9999
4716
950
743
357
9314
9120
9718
5845
9904
9758
7458
8440
11292
6060
2243
10900
4494
4398
6972
14188
9721
7273
3636
230
14285
12247
12503
10791
6378
3631
666
8159
10980
9865
3885
5257
7532
2164
1800
8611
7541
11594
11716
7326
7843
540
14234
673
7372
1407
4966
8746
14314
13917
8458
1973
12387
14173
5619
14298
9504
9115
1768
4981
4598
4830
3604
11729
6701
13489
5080
12068
11328
2311
7288
1099
3813
13010
6799
13181
6585
4684
13630
140
11141
7583
13496
10990
7197
5358
2690
1892
8744
198
7891
3622
9359
10757
9473
5856
14288
106
13715
10000
3330
11142
10569
9990
6926
12861
7056
6814
3922
928
723
8030
13866
4091
11483
4193
10119
1302
12246
2777
9799
6973
10171
3936
3373
1598
2462
5808
13182
4207
2714
9075
4373
4172
13630
10056
10087
960
8937
4882
12961
11174
1266
3903
8501
1505
12473
805
11332
5094
7952
11910
11834
2728
6570
6751
10956
1782
11834
1167
11802
3890
1124
7184
11593
3498
3793
5051
11766
11972
9306
14009
11793
546
13729
8341
7832
7042
347
9695
12278
6823
13483
2966
3018
7319
2394
9053
3468
8777
7039
3829
3448
4641
3891
6474
10031
1413
11939
2856
9716
520
9466
4578
10591
13231
6962
3378
11960
6821
11114
10066
819
7041
8846
7774
2845
7598
3715
12552
3323
7617
2175
6604
7658
3178
10226
4891
1392
13387
1062
7912
4045
8727
11478
7133
6896
4506
2581
9547
1706
9481
12492
4093
9252
12842
1641
3423
6436
8429
6284
3013
1357
972
13265
10069
4881
10846
13483
9610
8964
3194
13218
1741
5616
2950
13864
6468
1206
12144
8035
10991
2819
2642
4362
8201
9726
6755
11440
8171
12840
2999
5713
7986
12596
3672
97
13028
11343
10787
8509
11808
2396
12811
3940
2642
9200
2639
7970
9709
9299
2311
11468
6119
2963
3228
9149
3887
9895
14313
2379
9821
7029
2365
8851
11114
7126
8403
7640
2978
9069
4930
3512
664
8436
4132
7240
13964
8386
4649
5268
12335
14004
313
9011
11229
8337
5704
1249
626
11065
9296
6535
5094
3726
13881
1540
8833
6475
2832
12910
655
2050
13764
9224
10604
2262
10096
72
2521
10299
2448
8580
12049
2500
13959
9658
10482
9874
8405
1506
12922
13466
2781
4561
305
9196
6451
8780
14231
7806
13478
2579
5792
9921
793
10390
5683
9894
1517
2202
10874
7300
10327
8045
5206
12081
11533
4889
388
213
6846
1741
5739
9343
8652
8689
8340
104
3514
3381
10628
4362
13749
5674
2214
10501
881
10039
4617
177
3344
14188
13558
5151
1768
9803
9476
5454
11772
12467
8910
2345
2777
9631
522
8332
2975
3654
1243
8369
10703
2302
11460
9726
3063
12177
9750
5559
5870
13717
7345
1149
572
14221
1765
7008
7688
1650
12745
2832
3009
9477
2789
10614
2696
3150
2367
6551
7087
7065
5393
12733
222
512
12042
4767
12463
5170
8291
4603
6599
13602
11755
6489
842
7050
9991
7988
7412
6582
4729
7002
12054
10985
3038
13174
7188
6806
6229
12007
7560
929
12106
1389
6469
6775
3998
11372
3696
14148
7256
2224
880
10757
3443
5967
4244
11653
2520
11553
2214
5102
2863
8518
9876
10798
8229
8992
6317
2329
13917
1731
14081
9435
11792
6760
1325
4204
4252
2089
512
4682
3070
4199
5522
6857
4439
3988
13529
11771
2404
11392
3837
11366
8909
4684
13925
13438
6639
7863
11629
328
14130
9398
6901
8149
9144
12834
6963
7205
5263
766
11414
4810
6285
14128
12048
4872
7919
356
10958
3193
14250
7017
2002
5933
4748
5843
12309
13181
5543
13338
12711
6641
3396
13068
14216
9307
9400
8347
9079
12770
11277
2366
11968
3664
9602
7903
12193
12295
2414
5246
9914
3211
4609
5836
10288
9573
8015
892
8111
6920
11923
6423
8823
9880
1029
3518
11501
1507
8370
12798
22
4930
5670
3767
13106
13405
7664
8928
13719
12169
14327
7267
2041
3549
10789
11752
4221
1541
7220
6742
5620
8981
4899
9476
8978
713
4572
12527
7702
4287
2766
555
12020
11961
13408
6872
14375
4546
3544
6040
9112
7726
11867
4073
261
8066
8870
9123
7995
5780
12287
13909
7748
13105
8082
5297
11065
7876
10347
9677
8627
8122
11445
13420
10814
6375
9343
78
13490
13452
9820
13413
6292
2640
6520
8820
3522
6993
550
2578
8117
920
5416
13184
4686
14310
2610
7830
2934
10112
10680
405
8323
5812
7607
13293
2950
9270
11810
6311
11175
6261
10366
6248
4830
9389
11868
4938
4871
3147
13336
4555
6114
6389
11216
7424
5523
11039
12860
7427
13430
7440
2801
3896
6770
5388
10057
9650
8215
5647
4927
8731
13436
7148
1942
4756
5872
8867
11416
10220
6666
12081
11457
10259
14394
7776
9621
11994
2231
9804
10836
1178
6431
8778
6738
9540
6617
7354
10272
2608
10155
6150
12833
13186
9929
12841
8194
5757
13856
3412
3871
11324
2163
12010
6962
1198
6308
11435
2040
11348
7073
13638
13437
4780
14284
8237
13623
4439
10019
31
3265
4230
4205
4635
13625
11336
10005
2753
14230
14369
13890
7921
210
12821
11511
1277
7308
10023
954
1230
8437
12702
2668
4502
12844
1971
6142
9815
6317
12125
11312
9360
1297
5209
9389
3160
12974
6932
4021
772
10733
3537
11042
1069
5683
5984
3145
12454
5094
2783
19
5619
13795
3693
3854
2826
11121
7195
5479
3176
5704
11407
11233
499
6344
4403
7255
6817
11021
1747
10257
2243
8540
4636
1274
6829
12284
4624
11696
10217
10982
9610
2554
3372
4414
11282
13211
2097
547
10907
5443
2194
1460
12795
6664
2651
11237
10340
6604
6522
6933
627
11
964
2537
8729
1796
6677
12554
9835
13926
95
12851
3022
2626
206
4331
2588
3887
12276
5019
13272
794
3679
9876
10901
621
2734
235
7033
6901
2328
13845
7096
417
13828
517
13858
9210
4765
8582
3778
9926
525
6619
566
10504
2141
3391
12871
1147
7218
4809
2260
2614
1080
3667
12975
4027
2128
13554
181
1156
1640
8025
4392
8744
10413
3139
4148
6258
11388
10251
12210
10656
3848
1617
13896
5032
2953
3506
6527
7224
964
11319
1342
9252
9328
1316
2681
8065
14356
4185
13473
8842
1354
13220
11000
2926
12511
7989
13130
5892
3972
12908
246
14333
11110
12599
10677
5553
6104
4267
12305
9544
2044
9445
3602
2468
7898
3200
1413
3326
5283
6937
8367
11993
8644
5169
4668
8918
13176
10766
1299
4524
9056
5358
10014
12272
12780
3272
5947
11580
12113
3835
14217
12429
9424
5347
10555
10370
11284
8723
2596
5647
13051
1120
7909
10513
3562
7972
2563
7394
12829
12261
9116
426
11500
13931
4164
5987
3629
10145
9646
9835
10063
5097
3061
839
13859
11045
11548
9648
13416
3270
10970
2392
10004
8523
11488
8799
5763
11095
679
13346
1126
4004
1707
403
11870
5680
3153
13961
6104
8080
6037
14062
13047
3602
11946
9470
7194
3623
3109
4754
151
9745
852
9602
13252
884
12188
544
3470
3540
5438
3693
143
4460
1249
4422
1894
1774
613
14196
3082
66
9463
13454
7415
1070
8240
5735
6105
4842
2028
93
10132
10734
14192
6831
10068
5597
5953
10319
3380
10824
11937
8438
9005
10304
74
979
1026
8120
4858
12530
9511
12628
11365
3626
5159
3963
14135
1746
11478
7027
1673
6309
4311
10805
808
12524
11009
7750
4536
11751
11191
1756
7482
4632
517
8063
9068
447
4624
560
9184
11495
8665
11500
12409
761
9367
7935
13036
1508
4574
7888
6870
11736
12134
1676
4020
10225
8826
9293
4009
738
9983
3345
1923
1401
11959
4832
12289
6720
9952
9007
12141
3508
3026
13599
10724
4286
3854
1792
8682
12877
4091
13865
3002
238
12427
3356
946
7535
6248
2065
2947
1700
5255
2315
13767
3542
6390
7489
3656
8281
10226
5633
2153
5679
1324
3321
4368
10580
10573
7151
3064
7525
10061
3942
1817
10677
856
11870
330
4159
12921
11953
9147
6804
9468
12708
5658
10166
2221
6046
8240
5765
6098
2914
7773
1166
13407
642
13131
12367
13245
9860
7350
8956
11986
1812
12727
1246
4800
8620
13908
6484
4547
10387
13430
13906
5673
783
11848
2254
146
14019
4101
3897
5997
398
1006
10577
5010
225
13841
1851
8946
9377
9696
6514
1641
3877
10563
4860
550
6097
5964
3303
8355
6464
13223
3892
3148
1970
1213
8750
14237
4840
11738
2008
207
10912
248
10181
5274
14263
338
11679
14056
11751
4332
7003
11828
13971
7961
8873
3539
8108
12511
3487
7144
284
14031
12898
13583
9381
13185
11351
9143
11072
4133
4583
11586
8294
7914
10933
13216
5946
6139
7529
1738
11274
1226
9563
13724
3046
5996
7763
13652
7875
9122
5201
12674
13569
1477
11282
8451
12259
4348
1591
2858
4027
4355
4659
1215
3373
2795
5500
591
677
11186
6589
67
5255
3867
114
11622
9750
4567
11624
4612
9735
10352
10884
4326
7874
6145
12551
8342
7330
7790
1434
3580
11222
6955
4641
13747
10866
372
6428
10603
14119
8527
1099
13661
12907
14095
4293
9226
4579
11791
3834
8091
11497
6669
12603
11490
4398
2393
7872
4108
8526
1258
13200
8989
2753
5293
11131
9106
6110
6034
2252
11556
8856
13312
12624
8326
941
6682
153
487
9659
14069
3917
8181
1836
5551
8970
13776
4006
4358
10869
3247
7662
3983
3380
680
12366
3495
12702
13698
6075
3839
10261
5235
11450
2812
9065
3413
5727
5409
3920
4922
7475
8500
5084
5682
7360
2646
2425
2947
2015
7634
7774
1387
2454
2424
5765
1997
5001
1146
4880
5178
11342
9650
230
3665
13680
5183
2236
12356
12869
8562
8942
7645
4037
13135
3314
840
8512
12735
13741
1447
11895
4077
7825
8694
8636
13975
6557
5674
7290
5454
3766
51
11622
13124
945
5594
921
7499
12654
13108
1002
12843
13820
8609
1375
4882
4616
3022
14363
4776
9355
10754
11471
11682
192
8617
3559
422
7190
8844
3927
5362
3700
9948
8294
7752
13552
7948
3898
13540
6849
13065
14233
10717
11273
10351
12212
3497
14307
6878
13580
6682
5012
9190
3760
1764
8546
6532
6038
3054
2195
11968
10215
2765
1269
12109
3459
6272
6925
10392
8445
12419
2966
3229
11686
11925
6343
1141
8852
1933
5700
6046
13013
5840
3837
13058
4387
5354
6413
10748
11061
3652
6392
10724
1114
2076
13884
3512
11433
8476
13149
690
1414
7907
3070
8367
1
504
2860
3107
11520
6795
2786
7844
166
2158
9545
1157
2949
6114
555
1241
6153
276
7635
793
14329
7424
12971
1933
11125
5637
853
809
9596
437
10174
4986
964
5154
7828
9424
2070
8112
4356
83
5849
9022
7898
6755
5674
14316
6177
4217
5261
8489
13389
8501
11468
2129
1576
8536
958
3863
1209
7058
1463
6245
11633
121
12603
12208
5107
5691
6713
8724
9465
4708
2424
6025
618
12140
13649
1787
677
3593
185
733
13690
7878
11414
2004
8903
13826
9991
223
3911
1641
5613
8351
13136
1639
936
12094
3615
1631
5076
10422
9284
2826
8043
8307
2349
4509
12599
6475
6641
6284
955
844
611
7342
9176
13824
1962
8101
13125
8872
12815
8819
8235
7959
1914
46
9819
6247
12132
12682
3359
13749
1092
10314
6981
10821
12429
6901
8746
5574
3702
3471
4468
5362
6794
8374
3194
51
4513
7678
3008
12556
172
12133
3050
10598
13239
4067
12844
5597
8188
11298
5096
13414
10721
8706
2913
5414
9722
1905
6490
3725
3683
669
5789
3869
4884
11944
1880
139
6471
5474
5403
6066
3471
8182
9960
9220
8487
8465
12487
7391
3062
5154
10135
2681
6236
1808
4311
1128
13288
10495
2871
11374
9176
7971
3238
11388
2558
10197
10672
9060
2190
13757
12896
4887
9504
1680
127
14114
2546
4351
3254
13786
13957
13784
13077
6078
9123
9195
6258
7557
5187
11641
9731
10675
10296
3676
12261
13007
4000
13616
11361
5868
679
3537
2236
11972
4237
1941
12285
7243
12579
10936
1272
10604
7881
6248
4367
8067
5718
7832
9334
8081
6228
7690
6568
10607
7016
13866
5433
9254
14200
13071
5245
12326
8454
12856
9374
10452
7487
2594
5714
7126
1005
1384
1140
13895
377
2941
12948
12398
914
9668
11431
13078
12636
2404
12550
2236
5382
6463
14338
10584
2623
658
1205
12132
6856
8654
3365
2091
14272
1705
9097
12160
5883
12654
11838
2688
14227
4527
1513
12304
7489
2227
543
1030
13537
7116
13070
8155
10406
165
13060
1513
11722
7054
1884
12970
60
7378
34
4908
13735
11946
10513
6400
11151
899
4866
979
11463
11820
5682
12245
3910
11972
13350
7489
2544
9698
8820
6755
10537
11793
9201
3224
6868
7802
3143
2571
13641
2754
11137
2163
12673
4923
9886
11254
10225
3950
6398
5225
12292
14263
35
14187
745
6281
3699
12861
4272
10384
773
7953
3881
10023
14369
1239
10896
7530
1901
7898
11824
10217
12204
2839
4433
6769
13351
3291
9391
5350
12730
10133
4903
8085
8784
10350
1993
13831
12175
13163
11078
7724
711
11841
6503
5859
9866
8892
14094
11486
7880
12144
11018
8903
510
14094
131
3358
4961
3906
8419
8751
3152
8756
1591
7688
4235
3118
4602
7236
9255
5031
10931
8558
1007
13577
8791
5108
11628
2933
3072
9486
614
1664
2034
1019
13596
8279
8891
7951
1776
6893
95
2425
3983
8826
5218
11871
6434
13256
12787
5532
5513
4427
2145
9133
2910
6707
3079
13712
13097
3598
8061
11379
8154
3704
3220
2812
8773
5618
14100
3332
7242
1140
2738
3392
5660
5897
7602
5063
11634
1427
12902
3396
8679
6638
11975
9468
11448
4672
11559
7206
2702
2703
2114
225
6012
10284
5028
11496
7299
9501
8121
7203
4936
6709
6739
10820
7185
9516
1568
3362
12154
6773
3548
10283
10497
12536
9147
11887
12515
8634
8664
10582
6518
7947
2302
540
14341
14342
13584
13333
6126
4833
13055
4851
14356
13491
5417
5241
13603
14387
5337
10927
11237
10173
7053
8724
12190
12213
813
8860
2055
10092
11826
1989
7376
11908
476
11448
2196
7371
12215
10301
118
14253
3094
12070
13021
6265
11972
14106
5121
2666
1917
7151
2779
9843
12030
9298
13397
9157
10562
9989
3291
7876
11156
3104
12461
5388
9512
9293
12805
9994
5128
10719
9544
4588
9337
763
11549
8209
8892
2051
8981
11655
5781
5255
12277
5047
14171
3937
5326
9508
2929
5816
12926
1106
2833
6308
12099
2209
12901
8780
2524
13817
8342
9262
4943
8529
7548
8659
10027
1613
6777
13089
8025
5556
5600
2129
5952
527
1717
2495
9300
10300
11612
6308
109
2092
12567
2225
8457
458
9682
10196
5752
13145
2932
4941
10589
4072
12748
6155
4125
1626
9970
10785
4853
751
11025
10652
4556
8410
13166
11773
10873
12216
23
5662
6184
10369
49
3740
5623
986
9922
5405
13558
12830
8021
9138
4010
13842
9441
841
413
10064
10444
2555
10297
1483
13528
991
3065
12906
12586
2633
1141
11487
3198
6803
6589
4538
10455
2160
4289
1240
3516
633
9798
7981
6705
10858
892
12420
7795
9977
4336
4063
7805
8364
1732
12050
13012
11856
6043
1103
2997
11197
4958
10786
7465
2508
6654
7308
12722
3683
13451
1776
13579
10725
13069
11898
10158
10709
8636
10497
8607
12894
1253
11409
5037
10750
8934
6315
10901
8853
5775
5453
2747
13601
9774
5664
4352
14003
13031
12623
1936
5754
11474
13459
12969
13268
12459
10767
12772
7529
5017
10146
14026
7112
13811
10917
3825
7272
13197
462
5623
6390
7294
12237
1373
6217
156
11533
7149
11793
10386
12580
3788
436
1695
10080
592
11774
5360
2537
2846
12673
7172
13342
7371
2502
11139
5915
10493
3309
3062
12993
10971
5740
5836
12625
5539
2879
7601
12871
13180
9534
5191
10042
4158
14176
8372
3179
13905
12198
13894
13514
2278
1474
12492
10396
5700
3755
8332
8919
14325
10336
9316
8800
5882
3361
3861
3883
6361
10128
4940
8725
10762
2680
10049
11079
10794
9930
1731
1444
12070
11024
12923
7230
10179
2760
9127
5779
1221
1770
8551
9306
7986
7227
8393
4259
8377
14065
12563
4857
1599
7383
7488
5577
1316
8600
733
11699
1744
6972
12465
3680
10365
5137
9802
11018
11809
13745
986
6984
1582
13068
11458
857
5671
145
8648
3836
40
591
2508
6766
12230
5031
4539
8068
6165
3829
13107
9600
54
10700
12643
1351
7777
7243
9852
3065
3312
1302
635
5886
4317
10960
1268
697
2302
9627
2078
5466
7120
3370
13126
3854
9184
3021
10794
8338
7874
4048
2211
2022
9904
13454
4131
5856
12206
12608
2092
6471
2692
7052
11215
6161
9889
6100
5014
10352
9752
8590
6439
3741
5946
12696
753
8377
2408
6455
6648
14169
12605
7601
2626
3745
11545
7209
14340
7924
10328
13112
5239
3127
11876
9584
12339
13071
4660
4900
510
12184
12231
13964
9188
7674
12078
13089
11352
5867
10673
319
680
1131
13774
5216
4317
6452
10441
1626
2372
4977
2746
6268
5642
6670
8114
5405
1405
1796
1165
682
13375
2890
12443
10781
12974
12780
12977
11800
13983
9365
5616
9939
6447
10995
7920
5956
9681
13145
5313
8440
12513
2703
1182
11090
5130
8955
7462
8896
3009
13999
11635
1330
9309
8679
7482
11871
8099
8094
14263
10491
14398
9871
8648
11732
9417
4453
11674
13478
11861
12041
7386
9309
2829
904
6348
2841
7721
4883
10868
10545
8845
8374
8461
2816
11762
10523
13434
3672
2558
14256
7273
14055
6671
4086
1176
12777
3250
11667
5317
3650
2662
6440
9512
6933
3974
8587
9731
6765
12602
14073
3435
6175
12669
730
12230
4728
14003
4612
3722
10506
11537
7483
9178
258
10424
4533
7741
6678
14134
757
14122
10420
10104
9139
1775
5271
6677
11981
720
13795
3368
4322
581
1694
10028
1588
3848
6450
12660
3065
5975
13399
981
11552
6231
662
5043
1375
4127
12540
12713
1482
10730
5676
5685
8974
5001
13648
14203
12390
6985
6484
9736
9373
9946
4387
7855
881
5913
5159
8644
2288
12865
4263
8639
2180
5795
7528
13205
10129
7373
11804
5684
6415
11824
9679
13059
3738
8879
11166
2816
2079
10840
10508
389
8853
9267
1489
2345
6813
7215
5642
4064
1912
14390
12003
8855
8143
6808
12279
12083
3084
12216
666
299
5866
8894
7705
5106
9029
5337
7343
13380
209
8667
12176
7073
7360
5645
6302
11348
1924
9475
8172
11869
11745
6755
9051
13265
6853
7374
13429
5742
12695
13235
10751
8281
9761
12239
1462
4693
7503
4273
14198
4629
14151
4748
3387
5406
8388
12906
8215
2542
6484
4664
13000
3358
6331
14078
10364
321
14302
12252
13263
5070
5573
1532
1183
803
1171
7650
1677
9084
12367
13010
11473
9933
11375
11419
2310
6752
9751
12217
6862
4463
12966
185
13281
3834
246
9915
12402
11627
4087
2805
845
3613
4385
9961
3110
9008
711
11086
4013
1152
11928
9769
6308
5455
1146
6082
2134
1382
6204
2762
12033
5476
12969
5000
4099
9141
8265
8884
9463
8538
13551
2066
1151
11875
5525
1645
5300
10488
976
11173
9607
4737
4878
13412
13723
7157
8502
6967
413
876
3718
13696
7466
1122
3777
7375
12609
13766
2866
8900
3527
6439
13454
14302
8954
2613
9735
7884
9002
8169
1190
2055
8618
10574
3217
1907
1839
325
4390
13607
8288
10663
5488
4882
5177
7623
8647
1035
8084
4002
10353
9766
5366
5431
849
6381
3708
7763
11582
11631
13939
3353
1092
8084
9948
9771
1393
10553
1881
5274
5554
201
6425
3226
10940
6216
455
6804
13781
1861
13228
11248
11872
6147
944
11414
1083
12531
7845
224
3024
3097
1443
12590
4168
2358
5400
6689
12808
2647
1107
1392
1339
5539
4675
5602
10428
8629
2990
10199
13309
8264
10631
11383
5817
2000
46
6803
3714
12114
7450
4409
3822
7002
10649
7178
8507
6054
8779
6565
7626
12986
13553
12545
5443
11192
12115
9011
2354
7691
10717
10330
3357
10018
13799
8457
6903
1044
14152
3146
10182
350
10215
7481
1137
777
10605
3950
7883
7916
3098
6460
2498
9204
386
1834
875
8308
8742
5120
1355
10984
7037
11282
4702
11322
6237
8525
5857
9622
5576
12883
2785
1517
8146
8138
1743
7595
6814
11731
9064
11434
13088
12861
11850
13781
10648
8850
3514
9119
10873
6403
4560
8078
9963
9439
1725
7644
4874
5195
13240
4856
10105
11448
9321
7943
2243
11300
14241
3601
3827
2243
2107
7807
10223
11164
10195
12199
11469
11272
4252
9991
8097
13656
7753
3472
12856
5944
7358
736
12035
278
12522
1429
10577
12219
11336
12094
7757
7473
7622
8604
4744
14356
1211
7399
3846
7924
1497
1082
6566
3438
10026
811
4040
10330
2608
166
3689
7966
6981
11577
2809
1624
8315
10227
4939
11190
7183
9864
7735
8640
8293
10916
2215
6009
11669
11903
8421
2810
4745
230
6090
10849
4610
13293
5284
1016
6804
12600
4667
11158
12878
12512
14379
582
5512
10626
8962
12922
11415
9864
5545
5805
2896
4897
7265
6774
1222
3374
518
2128
12851
5732
2208
3939
5788
656
10675
2875
2541
5531
6020
10482
267
13837
13385
5996
3654
9990
798
4424
12646
9693
11898
12234
13648
9009
13765
11996
8007
10920
4862
1227
3033
4898
9633
6706
10007
282
2144
2500
10919
7926
14259
11465
3922
10781
9808
4593
11561
1578
3160
8446
6112
10550
10862
13631
13248
14164
10163
9180
12321
6880
3181
1028
7950
3099
11073
10831
10338
9843
12298
9727
10964
257
4696
9080
958
6944
11557
4844
7431
12611
1243
3827
6963
12113
12181
3235
8837
5583
9679
5098
1376
7811
9443
14030
12226
2104
10916
13558
3051
1663
8765
11213
7586
2218
10102
546
9222
7135
13314
2801
7529
5885
8073
13823
1745
1974
7261
3869
9029
12900
4799
10673
13135
1065
397
10470
14221
12596
10624
6003
10109
10800
4344
4464
8837
12448
7182
12652
13104
12123
4317
6202
14266
13917
1435
5366
6284
11100
5507
10061
13594
2417
9533
11164
4363
2386
3623
10660
13982
153
8102
5116
13933
2599
599
1912
1708
616
3937
2696
10484
9053
2170
1502
5332
10661
8117
3865
2681
214
8928
11680
11451
13957
1413
553
12767
10103
3837
5774
5552
10517
4481
8929
1007
6376
5984
12320
9742
13479
7444
3299
12554
8353
3941
1408
6192
3274
11252
473
4931
5283
4765
4753
5227
3697
1903
12143
1725
14353
2971
5540
5373
8471
12088
12810
13589
7817
5918
11856
5325
5425
13033
9539
6567
5241
8703
940
3511
13933
4714
96
2443
2050
10671
11677
9562
11500
12824
10077
6720
9370
6554
12205
4074
1427
8243
2291
5615
6631
3550
8054
12323
14072
11499
11114
3774
7828
10775
12987
8290
9723
93
10507
10633
2157
528
9203
13558
8315
11376
6199
7537
12079
9453
1093
11837
11826
6041
10877
5241
13144
1465
13408
14368
13339
5377
13098
1818
11361
13384
13416
3142
12551
4842
10552
13435
1064
6528
1259
13610
13146
11207
7827
8833
3239
3685
9377
8395
12445
8760
3824
1041
4611
12785
5664
13280
4682
2518
2743
10383
7792
6690
5459
12170
5501
2397
219
11137
6528
13545
11122
3711
13087
7538
12184
8803
7527
8388
9558
3284
13153
8127
2911
4547
13662
7879
6620
2585
2259
850
10290
10017
897
11150
9258
2844
11436
5142
12096
6013
4712
1719
8751
7302
10314
13681
6767
13887
11570
4669
5127
11795
11188
11792
12099
8602
5557
10098
8496
4846
12154
12518
10996
3574
9466
8085
4610
6474
12733
12667
4504
10728
2483
11288
8970
1554
4550
4624
1524
10157
4343
660
1866
10445
1240
3778
10624
9693
781
5251
6541
6112
12808
6033
7809
13173
2454
7121
10879
5035
12601
12118
10017
7502
6225
4263
6026
6730
11908
3303
10993
5071
3850
1181
10987
13866
10692
6650
13244
6861
8899
8940
355
108
11670
3994
8300
4059
8398
12829
14347
10210
8348
11121
11371
3989
7176
12299
10569
1238
9735
12160
12009
12856
979
7650
10169
12555
12667
7798
8932
8201
4679
2103
3053
13609
12541
11191
3646
5538
4504
5934
5410
11930
4698
5751
9752
4662
12618
6600
9973
12132
1826
4495
2674
2254
3043
9837
3744
5532
1767
2630
1204
12628
3112
2018
4244
5539
3618
7097
7804
14151
1559
12945
4875
14256
14173
10189
131
4170
4971
2767
13117
3264
12830
14126
10782
8006
2038
13596
3359
7290
3142
2926
6302
5190
6983
9104
13566
1723
9691
5197
4092
1455
10865
1763
8181
1883
6671
12367
9787
4053
3519
12597
1494
1595
3193
13736
8093
11969
7929
12921
5565
2525
2000
10161
13116
4488
12708
8972
3656
31
13000
6775
2006
12443
3659
13285
10491
6631
6611
12027
6823
7685
14237
6167
7671
10139
4188
8231
2747
3917
4358
7751
9874
2282
2833
13031
6216
13092
9536
13851
191
3668
7137
6660
5922
12854
2575
1193
6494
11086
8258
12424
2952
12146
7443
1742
12400
3622
13631
7905
10242
2805
1304
12680
5466
1542
1566
4494
9086
4106
6544
4581
6178
11776
10374
2446
8664
8433
8703
3025
5403
7910
14317
7189
4318
4683
4912
10382
10126
10872
10877
11306
6927
10649
7324
14027
1359
2742
4679
12129
3477
4579
2867
8440
9478
6480
10270
4912
13452
6200
7740
6358
4734
5681
1767
593
1545
13103
13915
2839
13373
7462
3825
2535
11281
10248
4203
2328
5019
9999
5807
13649
5072
5768
7236
10618
1221
1840
14207
2949
5212
12687
5051
1823
13714
5472
1445
1362
8864
3755
13677
6453
7346
950
11850
14287
8728
11774
4787
8729
12114
9575
11190
11001
4436
2967
12034
715
238
12282
12638
7519
2270
8241
4929
13514
10423
10808
7369
13890
9908
8663
2999
10504
6729
4465
11702
2294
13352
13926
1462
12709
6426
5293
9831
10940
7460
8138
6178
1024
4832
6859
867
5939
3330
2711
12660
1478
13378
11495
12577
10265
7029
10372
12446
11370
7754
5343
4247
10283
8996
13094
13509
8336
3969
3823
2661
2364
11206
10324
13530
11272
1564
1085
12342
2224
5287
2919
6127
3725
6367
5013
2952
10580
10181
8580
13762
14284
10059
7774
6761
3321
10779
11180
7258
7436
13640
7429
6470
3873
7133
13196
436
4849
898
6224
11772
2964
11689
6296
1701
10184
4533
7005
9561
12443
11542
11297
7408
1235
14217
12612
12478
13830
11506
11446
9499
5357
11880
1778
4533
3007
6410
7356
9562
2149
10330
9472
7753
2384
552
1521
3518
3453
8530
2344
8418
8465
5028
1926
6024
3555
5023
8683
6288
11543
13590
8131
10705
10276
9002
11978
4121
3396
2468
7271
1988
3786
1516
10991
8349
10896
5399
11296
412
712
10127
10502
10704
14390
3095
2250
4135
8378
1376
10198
5039
4754
7461
4422
12054
11160
9299
1034
2511
7467
12455
1584
3627
3957
1832
4734
1520
1685
11162
9209
11608
2427
5140
9076
9514
13139
10856
1186
5443
7826
4964
7977
9446
8299
11783
7982
9987
6178
520
11620
4066
13041
12361
9881
12911
8014
4522
5001
9770
10292
8067
10718
7739
5355
11286
4535
2425
5115
13869
3605
6536
5539
9023
4278
11545
13000
11543
7998
13231
1783
1971
7802
6817
10694
12347
11443
4405
524
2664
8112
9065
9
3687
12733
4267
963
11577
5982
14251
1271
5153
7071
3015
5595
1535
6437
13105
11415
8030
16
10095
2341
10168
14330
14262
3631
6642
11235
4644
7676
10339
12789
11326
3780
4727
13287
1863
6813
9207
1473
13292
5474
11524
825
2061
13007
8072
10861
7687
8351
4163
11482
7413
8224
3435
1567
11855
7669
6389
4939
4764
8799
867
1440
9317
14093
1973
13046
7351
5372
8491
1221
6667
6634
7565
2465
7565
2616
9819
9855
13957
4022
3646
354
9090
7818
5607
4251
3861
10505
8187
13933
4257
13875
3642
11286
3365
11613
11999
2956
5866
3715
1480
12810
1420
10464
10080
8841
7527
5467
1493
3621
3135
9669
6220
6115
1937
6853
7149
8494
3198
13238
5437
1750
4333
9299
13520
4743
8423
3500
4147
6846
4551
7013
12434
1312
4798
6498
5842
10583
1872
5207
3924
6564
1125
3096
4681
13241
11003
7139
8718
10310
14265
1435
485
5250
8107
2242
13703
2084
7315
548
5359
5873
493
6702
12018
3116
1561
7645
608
778
5050
4850
13980
13859
4871
3172
6189
876
6802
13603
1514
7109
9386
5318
9326
9357
2656
5946
11104
11176
12731
11286
4707
8033
7846
9203
6309
11993
13163
5869
13778
10069
1072
4269
4501
10522
3681
9805
6245
8534
4628
225
4130
829
11489
685
5458
12348
10628
10059
2773
6666
2530
1742
14370
4504
11957
9585
8010
5082
14240
6039
4949
4916
9139
4521
211
4425
864
465
7992
10665
1338
4389
410
13655
2168
5365
8825
14262
1827
10896
7660
11296
6491
9191
10176
10854
13135
2700
4943
6287
3593
13740
3380
10969
5904
548
6988
13843
8919
2305
14190
10549
1130
6943
3371
1306
6176
9822
6236
11793
9549
1004
12551
12313
9958
2277
5030
6329
6255
12930
12654
9289
12956
12045
1385
8113
728
12988
11942
5011
8957
1381
9651
12873
6053
3033
6522
13553
13890
7418
5038
6107
2401
3314
7832
7293
5672
6047
3136
11678
8537