9932
14564
5911
7100
4072
10980
3677
15410
9834
3049
7056
1993
11562
11461
13754
1821
5860
8248
11747
318
3600
11387
6125
9955
12347
10050
8441
4428
14955
1782
9625
13950
10017
11641
4620
3248
14946
2016
13701
9439
6768
4363
6009
14142
6041
9121
10402
5506
14673
12413
3175
4329
1335
9480
5742
6152
14026
5299
10305
7868
11735
4988
6759
7665
7557
2229
14685
6315
9587
4509
501
7099
9615
12239
5632
10016
4673
7695
1079
4706
394
3111
7924
10185
13323
13306
2960
11397
4738
12787
15324
12096
215
14377
4457
15172
8796
2677
1047
5525
5022
13161
6577
1240
14300
11894
9692
2497
3821
1504
11570
12432
14876
13784
11780
4865
4539
9643
8044
1053
6163
9951
13651
487
6412
8870
14173
9164
14187
4326
15139
15193
13129
3595
6732
188
7659
4978
12222
6079
12435
5796
6497
1614
2230
9747
13462
7461
15250
10440
10815
2895
7667
10545
1444
11094
10960
11599
2031
12384
10383
1394
2594
12257
5231
2805
4263
15214
485
12712
14946
1157
6003
3820
249
7965
6974
1902
14230
6289
6756
12962
180
1830
13226
5475
2902
7001
14052
10109
9061
7087
5258
10130
1531
3667
8167
1823
8226
5736
10016
12124
12417
4922
11065
504
11401
12047
501
10055
3558
8350
521
7773
1407
8200
8228
1255
3203
9219
8825
11673
7591
3089
10393
3307
13065
14824
3935
7912
4457
8248
11750
12794
14142
7662
6103
9906
13013
8288
571
6473
5106
4503
15285
11972
4087
2596
15042
12550
4831
7732
15162
6205
9101
1924
12243
7284
12865
4765
10813
10309
4171
879
14807
13402
8288
11034
6113
10819
8905
1258
11196
7775
2685
645
1925
10839
5165
8239
15414
8953
7559
8901
13232
13575
7262
7229
2901
8051
13945
11857
8361
618
13520
4670
8075
10137
2473
2062
14224
14234
13410
13537
8026
6409
12724
4963
6606
11867
8499
9050
6453
9943
7746
3474
6071
14609
11255
615
10471
1079
491
403
14028
6354
2567
13579
15333
934
5675
7721
12865
11020
13043
8956
4323
5894
1423
5514
11178
5098
5311
11212
8971
838
7607
8284
3346
15040
7045
13375
10825
14900
12076
7966
1973
3692
5004
1027
14736
11801
12656
15205
8290
4863
9672
10957
12065
14339
6281
3759
13257
10685
1013
7869
489
5920
8757
11017
5915
404
12053
4667
10959
10448
13136
2004
7517
3373
13670
8111
8993
11226
5375
3789
4202
1789
7939
12576
8422
11975
67
311
5296
4059
2170
3902
12005
4147
6055
4850
11017
11748
12188
8788
9667
7319
10891
10801
12709
1463
11012
12461
5417
14620
8512
5574
1239
2027
5734
13353
11011
1815
8082
1726
1678
7513
4232
12505
12543
1126
7456
7460
9476
4357
12661
9083
8841
7966
8734
13258
6161
2116
5573
4403
7294
6070
12201
3437
15363
9716
7429
670
13613
14218
15262
11427
2204
11886
1059
15255
5564
14565
5583
6856
6006
6709
8733
376
10890
6301
6025
15211
6481
9561
7680
2323
7739
10642
6281
5974
13212
7255
9738
7856
228
9654
3413
3996
8562
9669
12221
10958
13752
10334
6405
3556
10418
9512
5589
613
1081
4858
4758
1503
2138
7761
8312
10994
10200
10987
10004
5147
14045
15491
5900
1093
2877
5927
9064
9546
14269
14881
1158
5001
14943
8695
7289
9945
14797
12507
6494
12964
4847
8217
5475
3461
7115
4592
11467
8437
85
3589
13411
664
7761
1573
3561
9598
11308
15265
14014
12013
3668
11588
8874
2684
211
551
9092
12079
3162
14393
13389
6762
12544
13120
14161
6026
493
1583
7812
13393
13686
11581
13122
13606
13433
12589
11290
1534
8678
8413
879
7402
12098
2844
3705
4663
12843
4657
3681
3775
4576
5333
3354
9554
15074
13100
10947
5446
9198
10694
3619
2452
9240
4423
2648
8113
1900
1454
14056
14129
3162
9549
13461
5694
14897
11512
14180
6356
4704
15235
14127
9891
11887
5636
5034
4560
6863
8454
13136
12836
8384
8648
15148
5409
4309
15106
4726
13629
2304
6442
5145
3025
5752
15439
10758
12566
6382
4513
9060
10700
7351
2695
9494
12914
4466
8146
3367
11531
8532
4383
12568
3985
13661
10658
12297
8931
15398
3464
10421
9413
14736
12602
15227
3465
13554
8608
2133
12190
14574
5846
14975
15246
232
4400
11414
12125
13515
13589
13500
1113
12740
12699
6154
3629
6423
13375
13269
1754
11483
6960
14458
6029
12297
2110
6407
135
6862
12948
355
5404
6469
11585
11125
12745
11883
9313
14138
9702
9288
2823
15433
10907
4876
3273
6453
11718
14595
8834
10336
9628
8381
12001
2445
6926
14666
12111
5170
9467
3080
11280
11011
4497
14318
1219
2391
362
8425
609
8911
8126
9549
13426
1549
3209
11553
9851
3291
8894
13472
11298
12415
10
6614
10176
6687
3633
14994
9688
5011
6195
15452
5039
7157
7309
13135
13537
3267
3204
11028
12410
11114
3628
9860
15212
9582
11921
3403
14167
13964
152
5974
4172
6166
8887
11632
11779
2524
5752
6841
6668
3363
5718
4370
1926
13962
14414
11922
11777
4393
3024
5688
13465
3128
4565
13372
12301
8729
8278
1832
14438
6479
5166
3104
5704
4646
4353
779
14945
15016
905
13384
12121
1846
4775
3279
7336
12677
7211
3948
15191
10205
6491
4952
3516
6467
6375
1769
6982
13810
9853
4604
11184
2914
13241
2936
11900
14614
6622
4194
1142
9014
4943
7273
4850
14371
2240
4827
651
4798
1387
8937
12122
13909
11948
40
7154
3949
14035
5802
8793
14634
14192
12110
5776
3632
11605
6375
5949
14720
1359
7575
2718
3671
10915
9697
2920
2929
5694
3564
2448
691
10237
1651
14379
5333
8394
5099
9353
9852
10356
3099
1250
1320
10993
10192
8921
4148
10488
3951
3131
13354
951
7247
12049
7542
2536
3496
3817
6549
12309
13718
15352
1767
5393
11266
4547
3071
12732
6930
426
7303
14964
9315
13449
12936
12749
2617
15356
7316
7009
2853
12712
15110
11183
10370
9131
15277
13512
5624
1385
12687
10495
8958
14977
10663
12998
14438
2802
7427
3995
10959
8677
14985
3465
14054
11639
3043
1718
3526
7378
4718
13674
11684
4095
6783
12339
5185
14726
13884
2933
15328
11327
2537
6090
7036
593
2172
8223
14756
7464
12231
1120
7627
9776
14359
2194
8960
15088
7742
8061
3357
13799
3690
7191
6768
12782
11010
11037
10828
7724
14652
12547
7642
1921
4056
14865
8187
4242
15209
5802
5572
5088
340
14335
5313
7681
10725
11500
14190
6823
5203
12584
12079
15251
598
12031
504
4157
267
10854
6755
6173
1391
4699
1482
9325
420
14183
9110
2001
5558
13441
11697
5415
3564
7090
6240
13335
7737
10257
4706
15056
8027
9255
3935
4270
4601
5521
13058
12995
5836
5877
12341
2369
8533
14681
13462
2542
3793
5447
2942
6201
10894
3953
8460
11000
10778
3223
11846
1616
4251
11362
14211
5875
5867
14752
675
6276
10273
14019
5688
8346
3332
3978
12794
2715
7098
4818
2154
6065
3581
13198
13102
13027
5139
2466
1381
2657
4442
6952
5783
10117
13675
7906
2646
13684
4764
14254
13259
5107
541
12126
9486
6436
14550
11307
14062
12092
10348
13040
1441
923
9594
11948
9486
14024
12800
4960
1788
6532
12584
624
8446
14400
4440
7009
6232
3527
14881
9610
11198
53
872
2729
5188
4704
3330
1306
7616
14440
4731
11850
13128
2025
10765
1412
2956
13487
6098
14369
1688
2613
4300
3629
1256
7909
6957
11119
5323
9989
13042
6953
14491
6957
8268
15357
9515
9106
3583
8289
4357
3029
3368
2719
7185
13128
827
4506
13964
2242
2004
7732
8797
1095
101
10336
12248
11078
8666
8295
9282
5333
13602
2828
851
7466
5042
8877
10814
3637
1202
6540
9350
9510
13308
10808
9875
5730
6648
10056
13385
6965
14519
6330
9752
4277
1546
1836
7326
13907
6840
8400
11850
13042
3037
5587
14022
11004
10611
4214
6091
272
10051
4458
1640
3464
13238
7313
9534
9716
6718
14664
8318
12957
760
13219
14721
2210
6348
3251
4091
439
8717
6119
7356
13915
9802
14000
2170
9325
10519
18
2419
2122
9603
7283
8240
13830
3549
8568
1755
1255
5047
6694
11194
10245
14104
15299
14712
15279
5394
1736
1049
13598
4640
7860
15466
5482
15373
5633
3464
5646
5030
12505
8594
12250
1981
4578
3266
4989
11372
166
6491
7517
1583
14921
13114
10587
13552
12320
14229
1018
1001
11129
15325
12329
12999
2864
8815
840
6854
4463
9569
15133
2442
1588
6740
10782
5883
7693
12960
7731
8884
5974
5148
4439
15279
5716
11889
606
14371
2340
868
6891
7065
15223
10679
6608
790
11452
6301
6618
8078
13352
10388
9124
240
15008
15083
9062
6558
8957
2975
9963
8058
5577
2013
4286
11552
7059
2400
10359
14972
10395
11772
7016
8004
10831
6402
8866
4607
1195
7070
3846
10709
1342
5243
7295
1563
9622
1180
626
7282
875
13423
4660
8208
773
10392
7127
5107
5139
5243
2956
3262
14083
7162
1969
7358
10590
8062
8367
2677
1355
14647
11844
10919
9299
5460
7636
12093
14593
11943
3768
10825
10623
605
1795
2850
1271
6851
12336
3883
4217
1104
2749
3107
11931
4787
11439
13493
5325
14662
2995
12458
4105
11437
6014
12236
3509
302
8646
13177
12076
877
9742
4188
11790
9677
19
13279
7586
14675
13580
4512
8372
4646
8730
11641
12516
1559
9108
4899
7869
12582
7765
13437
5108
7988
503
1811
6930
2795
6433
3304
3414
10107
532
5743
3092
10045
11890
6363
12928
3463
4486
11428
4457
3086
937
4172
11460
493
3556
3641
7269
7153
15132
310
12487
6720
28
4343
183
5284
1976
13390
4241
5510
5002
13651
367
8830
15040
11882
11535
1192
10231
3439
11048
4820
8663
532
13830
13703
4443
7764
4681
14955
9101
9539
1390
13426
848
2756
9613
13281
5209
6448
14108
1916
5405
1121
505
13627
4192
8697
10360
13534
14191
374
1590
14672
13366
1850
11191
8648
13051
2487
5137
5103
10446
8560
15331
14954
13422
9170
14223
637
8802
14945
13907
11144
2482
4789
12072
4391
601
14586
14634
7395
136
3234
9293
10479
15083
14071
11731
14809
1418
11252
9338
11686
15046
13319
9523
9396
1736
4980
4063
2727
2056
4073
3836
4556
3417
4724
11674
7937
10449
14680
3274
231
3726
15013
7832
10564
14355
3336
14043
2301
11203
9033
6075
12865
13955
12693
13960
13882
5044
8983
6843
12943
12283
2417
2203
8068
7058
12391
7349
9681
9816
5251
13298
13335
6864
1912
333
1867
12689
5545
5047
14276
3000
5451
10334
6145
4372
9694
7132
6227
7679
8691
1237
5932
914
3057
6460
12637
5337
839
8813
9212
8445
89
6898
3444
6435
11368
1989
5546
9994
7917
3845
1782
12753
10728
12620
10233
6202
1439
9966
14709
1706
14597
4431
3192
10880
2735
5984
2974
1329
11361
10980
10344
12121
7982
2409
5221
9989
14436
644
5042
364
14457
12234
11288
1080
11864
14345
1939
2088
15487
5399
13320
13140
6230
3907
13691
4324
5524
4408
6933
10063
14722
7203
4537
6429
155
8656
177
7512
15242
3749
2125
9320
7365
2867
6981
14978
1861
10433
1928
5944
4193
15125
4362
8262
11895
8453
9274
51
2427
6928
6830
15020
2885
807
14706
6407
1056
13622
12528
12478
6500
11559
10319
9110
14143
2923
10720
1026
1684
1177
3207
12042
2131
8038
5383
3211
1553
5828
3190
6820
4927
12344
7182
4329
9028
2708
2195
7547
10920
3304
5760
9479
14522
11511
10001
3071
13187
770
1646
10246
5557
11461
1244
6112
4263
13217
6413
571
1492
8331
15461
9329
1789
12449
10956
13332
2984
5627
1256
13114
6083
6994
7415
7458
7826
10051
13824
14463
7080
5608
10127
12289
15092
11187
2271
12031
1267
2844
11119
7251
15364
13105
1049
11095
14932
10908
11863
2581
990
14870
6933
14378
13650
9104
2487
2371
5302
6820
14357
11649
392
6551
11465
5454
6918
2684
7482
721
14311
3126
9747
2038
9993
11368
7305
10406
14053
10230
5777
13091
12315
10586
6276
5956
6594
4548
1200
7010
877
14665
5550
11780
14347
13934
962
7799
9186
3996
6247
4903
8111
9221
2010
13860
1646
14318
14476
562
9174
6475
7677
9799
9768
10508
15242
2961
5026
14639
11834
10185
1982
1609
4891
10239
15222
11999
4981
15131
735
2849
2695
2253
2089
14324
4507
14294
4412
8870
4161
5599
12374
6985
14516
975
12002
6053
3278
575
12535
9611
5210
649
621
12532
12317
7613
14228
15176
2839
11555
6161
9595
4566
10075
2274
6945
141
13450
8716
11747
8923
11195
3022
9685
9968
3036
11954
10367
4167
344
5836
1755
14716
14245
3093
6986
4702
12786
14034
3653
1426
4000
12400
13766
11532
13338
9287
3501
226
4434
14957
13143
1673
4675
4707
15044
11776
14332
7149
11501
8019
13066
10147
12046
507
4380
5829
6700
11841
14958
7944
7882
14472
8799
12537
6866
8754
1135
5645
14982
13835
9873
11052
5432
6322
7308
10380
1498
12999
8112
5096
6016
10368
5054
268
15323
14533
10785
15321
9459
1999
2367
8792
606
137
9708
741
5288
14626
15044
2762
7951
1541
9595
12204
13001
14889
6777
2004
2202
3398
7458
10659
2363
8544
12966
7124
5470
8479
981
10588
7634
4361
11606
5477
4697
1519
12189
4038
3363
4030
5024
5255
2522
13314
6672
15284
12969
5611
930
4986
7756
13508
12632
2934
9868
3006
4145
14379
2554
5485
13292
8847
10999
2688
5542
2130
8227
2416
8738
15206
5937
14868
13658
1114
10980
10539
8017
4698
4181
13413
15025
9386
2420
4111
8494
4354
6042
1265
12538
14123
15404
5007
7486
10224
3432
12405
11186
3188
15060
289
691
2309
4635
1114
6882
6856
6398
11030
14913
12052
13014
6078
7755
5201
12763
9216
8474
901
1133
13862
8290
14521
10371
13348
2774
12090
14405
4035
15251
3480
8940
11610
10654
8450
3799
5067
12897
8390
10660
12876
3213
1021
15220
3215
15131
9198
13451
8997
9517
14041
10644
9999
15362
2936
1558
6550
5307
6600
4482
5119
5311
3871
1907
1687
3726
2335
11558
14821
7786
7749
11282
1939
5343
4549
780
2179
4819
5759
7929
12707
8995
8456
3655
2750
4556
11883
8517
13371
38
9060
2581
13524
6751
896
2947
2856
11681
8329
2
417
13362
4734
3346
2055
3206
11625
14735
13443
3472
4161
14037
3022
15034
6121
14858
7756
12475
4056
13177
1024
5014
5208
5189
11151
15362
5151
2442
11611
14920
1427
8956
3404
7321
3438
11370
12318
11575
13249
6159
9051
173
2319
13624
3038
6498
12736
15357
1761
6410
1752
15493
10873
5383
964
10676
6418
6806
5657
988
11217
14535
529
15162
883
1773
10702
7256
10641
2019
1945
3791
12736
10436
11938
2702
3539
5484
5769
3239
10131
14002
11847
6413
586
6961
5031
15205
10053
7674
11339
5573
5736
11491
14632
15427
5528
5063
1190
11935
12392
9948
1747
4619
1801
6991
12391
735
10151
6702
3658
7489
13898
9640
11441
10104
4951
12627
12667
1064
10535
6073
10797
7645
15310
5816
1368
2353
3122
11431
652
5308
2591
14952
3348
12248
11308
11048
11054
8964
4584
1041
6922
5773
12257
9537
3369
3053
9032
9030
10146
7024
9262
11614
8977
6387
6091
2044
11127
6953
10743
10170
6276
10873
13692
10223
14260
9639
6922
314
7206
8343
1210
13510
15267
7160
728
3972
12394
3637
2634
9063
15002
1872
5273
2022
6873
11294
262
963
14946
10487
11230
1000
15296
1386
1853
9650
6761
2061
2835
4649
14257
4374
8297
7526
3204
3321
12102
1976
421
9776
1330
12604
938
14294
3600
14622
4848
15092
6103
3634
8741
11644
3701
1505
12300
9206
1779
11850
3369
7755
5947
2259
15209
4356
7613
12463
8701
63
1304
10788
1478
5626
10495
4297
9310
8774
7441
12519
12067
11780
9110
7172
9646
8733
14251
15308
12330
15300
4793
6222
9587
1496
6298
3825
8048
10366
11391
6565
10149
14595
11679
1698
693
8873
10176
2666
15239
12081
4282
11555
9509
13003
14485
4986
9830
3307
8841
3662
5328
4703
14768
1001
2309
3626
15157
13459
14214
13847
5580
6795
15408
5229
7778
6440
12201
2488
5156
6290
13167
9815
4118
11293
1135
11505
10374
12128
12624
5134
9216
6178
1096
2849
6076
12786
443
4412
10646
3213
10386
2940
11785
7171
4452
11378
5904
3946
2059
10398
5080
11207
11333
10822
4308
1333
9274
12911
1805
2542
1094
9729
3005
4919
6618
473
10486
2986
3082
9087
9154
11765
12457
7687
14009
8873
4079
10821
10141
6094
14232
9785
17
7648
11410
3223
13173
9774
9708
6970
6939
4713
6783
13067
2371
15058
7099
3063
2104
14771
6584
4634
302
5870
12854
11536
1815
9011
10686
7282
6074
3470
12364
314
9526
4461
4678
5454
540
11338
2973
9511
745
9631
9293
12685
5691
2610
13091
1317
6604
15273
1337
2783
6084
7839
7579
12287
12205
2542
2629
6796
12713
11247
12523
9546
10903
6337
14475
7607
9449
7138
6740
3630
14767
7344
9774
4657
2737
9464
10162
7464
11171
8999
8024
4266
1814
14275
13808
350
12721
9484
3431
908
5952
14369
7783
13296
8160
12200
13891
11489
15320
5214
5525
8503
15445
3678
9590
1826
13926
10660
7943
9781
14074
8948
12713
4803
4402
9940
230
12169
2989
5408
8559
11646
538
5166
2862
107
13006
15144
10498
3121
2975
4155
5777
6799
1255
3142
3923
7870
6810
8344
8949
644
5720
369
13019
2534
4145
7008
14678
12188
9273
2255
10903
12148
2031
10677
7947
1658
7525
6286
10879
3839
1412
14069
7300
4910
8970
11350
6502
4388
6723
12350
11773
3331
6644
1363
6934
2502
1708
8746
1003
11728
6886
15208
12463
1985
1861
8037
5999
4253
7532
12203
15371
2936
6513
10748
4604
10762
11941
9429
8013
15203
11018
2645
8322
8439
14086
9639
14545
14802
8107
7706
2912
11476
10169
9429
14589
9984
6151
10569
13671
4418
1058
15461
12250
2020
14509
5225
12738
10621
1130
10074
9269
3317
13382
2334
6891
10243
2911
2396
1484
13592
9517
7955
12088
6784
14367
13949
6912
6984
7294
11408
3954
9361
7503
8775
5831
5276
8910
14333
8697
14668
7576
7435
14124
4090
773
4484
6726
14533
15487
11531
8042
12078
11611
3455
5178
9909
3374
4489
12531
741
8063
2508
6587
636
13846
4888
895
12016
1591
560
6104
7478
2034
14959
3226
12071
2535
13840
7066
13715
1490
8229
5026
9480
13095
9377
1725
7666
1490
14006
5838
6200
3917
4661
9673
10022
5417
2873
5327
13338
6081
10342
9598
5504
4037
6382
4934
10909
532
10247
8896
1873
10946
13336
11079
13976
11089
14810
9054
6491
13757
11170
15080
3555
10321
7721
2750
9244
15189
9223
12564
9870
1571
8383
5504
10316
10302
7461
5801
15442
191
1398
944
2514
13021
14201
14005
5115
15291
9619
8925
5837
6478
10575
12183
12029
6953
7867
10294
6621
3121
1124
3715
12630
13729
11475
4795
2261
6866
6828
10263
8648
13362
9463
9572
3365
873
12713
1514
9730
2959
9511
2892
14109
7220
7983
15406
13496
139
3492
330
135
7920
2770
9863
8970
8644
6521
10402
15219
329
15154
14517
4264
2215
11801
7387
15100
5067
14186
11595
15494
2520
14131
9318
4249
5374
7044
12714
13754
6051
2646
5826
10561
9968
5325
14615
13296
10562
11679
2509
2496
7361
1818
13840
14163
8620
2003
12966
14240
13339
13001
2922
11977
11704
15097
6388
1069
15297
7230
1544
10545
10716
4147
2238
12017
10546
176
10184
13620
14671
3037
15450
3426
4042
4780
3893
7653
4402
3734
11626
4481
6840
15051
7116
3866
14352
9397
12164
7625
6368
13409
9232
7353
7688
7897
14066
6927
1466
12351
1857
5372
10975
5852
6143
7437
8485
14246
12493
11509
14866
2007
8597
6804
9761
3481
13710
12014
12609
3987
14934
420
6085
8999
5849
6304
14660
14856
779
3372
12996
14065
1360
6442
14138
14895
12077
9776
9345
9298
2636
13399
7579
8095
2078
11771
9313
6266
15066
10644
848
6655
15260
14186
12173
11989
15172
15434
11942
6354
295
5902
365
8927
625
9237
9476
13163
15172
13246
11870
2576
3623
1250
9609
4008
2142
10189
8306
701
13570
8310
8721
1754
1867
10396
7487
1927
4708
8080
7695
6446
12758
7661
4276
5412
2344
9138
8485
10048
15263
12605
1614
13725
10789
162
3522
15094
12732
7108
10726
6959
13638
9906
10409
11957
6796
6033
3517
2588
974
10755
7142
1891
8912
12066
12639
10528
8205
2334
7420
7054
14559
14279
15308
2751
14274
9928
11746
1308
7051
9347
13074
13162
12019
15245
4690
2099
4488
11398
8885
2469
50
4724
10331
6073
14891
13157
11232
11887
6234
13210
1826
1382
5718
6934
3448
4539
497
14377
2965
416
3385
12242
2103
7575
5818
2406
598
12138
13551
12207
5595
988
437
11013
7621
7323
12076
10344
4650
11015
2653
7498
8977
7038
866
6279
8133
387
10094
10292
6670
8448
6510
7312
1537
6561
625
1782
9422
6870
697
2916
11344
10758
13328
11754
8219
12894
2341
4031
3938
13887
3844
2470
1602
10448
14331
6524
15459
15483
13860
5734
11479
59
15481
8844
3598
4040
425
8330
9982
3976
14547
11121
15369
13055
12400
12527
9317
8647
14587
2663
12104
14743
8763
13938
7688
10419
5098
15358
15004
12718
8065
5903
2357
7859
8476
10755
11016
10924
4647
14959
4048
11480
9889
8275
6061
4735
10289
5271
8244
12906
12239
4648
3868
11094
10370
13167
10018
3936
4732
3810
2525
2368
14060
14392
12602
10144
1135
5591
3961
1356
3086
8998
6210
4194
6959
11384
8822
1273
11855
14411
859
12729
13323
5588
5845
8173
4978
1534
2051
7060
12024
3951
198
13727
9681
6459
6821
3736
8752
15252
15289
2000
5400
11045
12388
33
2619
1550
15002
6744
10860
13059
11029
11663
4614
2812
8272
35
15466
11403
15327
14841
4254
3553
5390
7222
9713
13605
7687
1523
14593
8342
11679
10262
4184
5131
13747
11786
391
13133
14295
15165
1158
15345
2231
10027
13169
11501
13369
3827
4704
13498
3496
10271
13661
5644
9967
10335
1121
9246
2359
9652
6935
11266
7195
4882
14358
7493
13789
5818
7647
14720
15119
1267
13203
11096
11023
10180
8279
7228
5332
3149
15038
5674
6029
6501
10326
656
871
10299
12359
5763
478
8521
13419
7037
981
1236
5537
11516
4173
8280
1520
13315
14679
2718
4604
6918
1476
680
12548
4754
2136
9758
10639
773
4413
1324
12333
11842
12048
4536
12507
11663
11139
932
4473
4152
2074
5579
2088
12137
4552
2623
10277
5860
486
12261
222
1001
3961
8136
14393
11964
5002
14801
10817
2747
8749
11527
7095
287
11736
2576
8852
5630
4931
13739
6856
6033
63
4233
7332
11989
12829
2721
240
15271
13356
11728
13592
9551
3934
5269
154
459
11126
11343
3117
10242
12377
7599
10197
58
10605
6743
3172
336
3805
4012
14715
13884
2510
732
2591
4778
15387
7095
2984
958
15487
1697
7524
12570
9127
15323
7972
5545
8527
6608
13579
13838
5895
11368
851
515
14668
4435
9220
8345
12878
423
12029
4234
6469
10965
5675
517
5301
13663
10483
2773
12580
930
1883
6139
7646
4386
15222
10243
1764
11930
6113
8919
9365
5963
69
14131
2789
12921
5245
10754
5456
10105
4553
148
6931
5937
9648
14692
116
3996
9874
421
12511
13564
1001
7073
7560
4546
14237
2555
11876
10357
9598
14043
231
13964
11339
2948
3463
10021
7008
13083
10683
1430
6380
4123
5731
4257
15446
9103
10802
13691
2457
13430
14198
13649
2371
4100
9786
12989
10056
3718
10809
7227
7101
12550
4784
9102
1817
5203
11064
4184
9175
9416
2050
12429
11231
4335
2692
6448
13214
604
5912
2824
3153
3730
7647
7603
9361
7106
1763
7058
4388
12792
12697
3364
8217
12189
12456
11844
8973
7358
12800
4606
14743
11529
2160
8738
5087
12206
474
8938
1972
4020
10620
3295
3103
6138
15034
9893
13390
13729
6118
9726
3428
7029
6316
7835
6891
5914
3127
14734
2118
9348
11090
9591
10853
5391
4913
5481
11273
5649
3184
11866
8814
1846
4305
14056
13065
11500
340
2145
13044
10422
12226
12995
5283
13411
12057
7609
2267
10756
9615
1935
14923
7322
7419
13650
9342
8283
10138
10214
8740
979
700
10743
6851
11723
3028
6379
1339
4003
9258
10849
4648
135
700
593
8129
5685
7811
5719
7637
15421
3304
11647
9056
4330
7166
5294
10744
1261
9385
162
15442
13491
9271
6296
451
10548
13290
1471
6949
3101
317
4285
11554
12746
114
6285
6008
9185
11014
10684
14999
13366
4773
12614
4233
8467
7826
5496
10979
9294
2824
3088
3099
2451
9583
6583
13667
11703
4989
14830
14893
8198
6346
4332
6362
5538
3134
11380
11884
14617
9855
4411
2730
7039
4515
14552
10436
8012
339
1218
2606
11660
6986
13535
14113
4440
12913
8831
9540
6953
14638
2481
6664
11886
8023
4101
9787
8247
13664
7402
3092
5295
4928
2861
9664
4080
3714
13160
6120
3019
8347
9546
6151
896
1724
9888
86
6032
14487
2203
2982
14368
7883
2929
3777
899
10320
14118
9054
12811
12764
5600
10150
8422
13584
8888
12817
4515
4292
3601
10685
14973
2444
2745
11711
417
6935
13140
2473
11060
11293
6822
13690
6338
776
15108
7893
13401
11776
3562
12836
721
9806
6701
5271
8003
14304
4326
3603
5376
9344
35
12044
2098
4832
1484
8889
15409
3350
6275
5604
10119
3981
12245
14571
2543
13403
12143
15455
210
10783
7241
1641
11384
9212
10299
4348
2523
2527
6995
8085
153
2469
5680
13283
7878
13079
8730
7399
852
15195
15265
6651
10179
14370
6243
525
14993
14015
9465
702
1259
15467
7839
10021
1393
14564
11162
12412
9091
12080
8338
12600
14072
15280
9660
5191
6296
4542
4943
3362
1928
8796
2947
11878
4916
8848
10768
2387
8408
5197
11817
8025
3519
8036
954
10117
13091
3364
9579
14699
13050
1823
14485
8248
11769
13022
7820
2013
5808
5127
6515
11602
13684
10847
11609
12377
8615
11336
347
13631
7945
11068
9279
11480
11265
5771
11664
3345
660
13642
13109
12152
3720
9617
10877
12965
2282
10164
14193
1124
10500
11785
828
9557
14868
12889
8623
10101
8416
15134
613
15498
6127
4207
6644
10613
4538
293
2042
546
11057
12736
6928
8017
8322
5740
13866
13000
10280
10031
7159
10345
9440
4617
6952
6687
5249
4983
9897
14631
11063
3304
10480
12324
8791
4554
11633
10256
604
2206
10412
9368
14169
3463
3665
15389
9911
7
10550
5324
7388
4480
7977
1925
6501
14676
2549
418
320
9500
3614
8011
856
2517
9249
4448
13538
2416
4069
8704
12487
2704
11062
643
8591
3254
7393
10938
46
646
2436
13916
3836
13920
8071
1719
2633
13660
11536
7700
13923
908
11535
10567
15085
14804
1826
4163
11382
2266
5986
4659
1650
6407
10636
4803
666
13302
329
2424
1108
14834
6110
1951
7242
1615
13485
7030
3301
4189
3622
4002
2187
14339
7379
2339
6988
13615
130
686
4456
7800
7533
897
6994
14401
4038
6004
6758
11035
13029
5982
8829
4495
5967
11530
13124
4668
13597
5504
9753
6161
5384
12978
11406
14543
8600
7783
4061
12850
189
6902
13348
1360
4375
2520
9560
6856
12910
2581
9302
5806
5005
8816
2494
3889
13538
9183
1453
2460
163
3055
9236
8687
2203
6508
1951
1742
12386
8898
12011
10209
11409
15444
12589
7164
1160
2225
14280
9715
4906
1383
12900
6946
13451
3514
8518
1082
1819
29
9519
317
14264
2786
13483
354
12815
11248
9036
10357
15339
351
15059
12442
2998
13140
13968
11300
5107
891
9366
3118
6367
9047
2679
10038
487
13265
3326
7648
5053
2087
7833
13006
14442
2857
13811
10174
1969
13536
778
13699
3783
2171
6338
7193
6884
11544
9152
5373
15048
7640
12638
4207
14156
9408
446
6876
8914
9391
11111
4484
8685
14771
3987
937
10512
12194
5716
516
13664
7382
2836
8817
361
3910
1456
13607
11339
5474
7636
12071
4324
11806
6867
13099
6637
12173
5449
7199
9383
6195
1636
6130
2104
883
8016
14975
2786
79
6249
2932
1434
14941
6010
4590
1751
4885
3862
12038
927
8547
12227
12061
6324
3001
1666
12884
7279
8682
3948
13850
4529
12407
14026
8237
14986
12527
5397
5935
8694
915
2010
13766
8661
5412
4155
8833
2680
15238
13789
11498
8674
5694
5296
6135
8479
5960
10177
3708
2797
14658
9105
12385
12549
12379
12930
11530
3936
2170
13260
3926
1355
1750
12969
537
1208
11489
6808
15148
7937
9135
5682
14627
14437
14003
8987
8520
4464
5888
12279
14312
690
11378
731
2399
114
3154
8649
3334
6047
4238
3060
12926
6079
5496
10453
8210
7904
10773
3301
14464
14650
9978
14494
12183
13442
11363
9163
14444
7186
4656
9863
1169
13904
6499
8179
1271
10188
10023
1248
124
1782
8607
1532
593
1706
11090
2089
9514
9293
11274
4178
13958
368
4650
9004
8120
13317
5247
761
8750
8653
13743
896
4235
3706
13612
7653
4631
7452
4327
1273
9289
166
11110
8746
14970
11664
11616
1650
4195
5625
13009
7080
1841
4316
6295
14913
14041
746
13737
15016
320
12006
2113
14243
14319
5015
11817
7452
14824
14209
12927
10338
11729
3750
4043
886
4679
3411
1482
8489
5701
2330
867
2208
7673
11130
8235
926
3393
6237
8641
5823
14852
1995
13495
14920
8969
5990
13485
2075
2029
235
8596
1705
8924
14467
9098
5158
3778
629
14007
12671
12678
8237
1218
7907
5639
12838
6876
8020
11046
11504
10332
3568
13984
11640
9191
13271
2645
2066
9524
15497
5397
554
5196
2674
13709
4949
346
5951
1447
13015
8249
1685
1259
13286
1898
6880
9002
7759
326
4388
12836
5337
3065
14565
13610
10810
5266
7960
10770
2186
703
9835
3757
7957
7457
1817
2919
6189
15496
1350
9135
10743
13762
9058
6450
7653
14823
8642
2629
8287
9637
8126
12625
931
10254
4146
671
13910
4753
2446
5660
5503
15273
13446
5925
4085
7607
9139
13852
1048
10999
5471
7993
11013
8169
2498
1014
12851
14586
141
11274
14597
1358
14876
1576
2312
574
1664
4601
9139
7186
3693
3032
12636
7696
5116
2478
641
498
8773
109
14248
15469
9208
2018
4358
13043
13819
3980
12049
64
4734
6620
4433
9808
15250
11435
2978
11452
11090
9773
4907
10354
5541
12396
1372
11213
5535
7186
9018
8544
9365
4240
869
10704
10360
3133
4644
15363
4336
9900
12054
9383
3704
10691
3067
3392
6572
14327
12795
3858
8519
11406
13926
13262
5251
8444
11003
15272
12914
4259
4905
8706
2850
5658
6289
289
13734
5391
1469
3381
12122
2000
15298
15447
2121
14704
1657
6887
6771
334
7561
1
3981
10845
7789
9894
14807
1241
4402
7944
14977
7394
10114
5778
5345
1620
15118
5557
7893
12602
2589
1539
4113
6169
1065
6739
14409
5619
6130
9547
8636
601
8286
3198
1252
10033
14463
6306
11800
10259
7060
9337
1250
15067
11283
10496
13815
12945
2248
14356
13545
9897
5577
8131
3983
4683
10320
14007
8909
6442
11597
1107
5968
7248
7565
11554
8041
6624
9484
3938
2737
15458
979
7204
2174
9507
4211
1095
15012
6207
3693
4378
1566
631
5859
15476
1227
7698
6205
3009
3980
9323
7432
15393
3735
11881
15182
5265
311
1580
7455
7887
1078
7208
10041
4540
1150
7686
12286
10045
10829
6578
5095
4357
3979
5662
2468
3760
576
8932
4894
685
6127
4262
8566
7271
3850
3485
4954
15171
5757
7954
161
7609
15318
8827
14833
7311
4778
9464
9253
10175
12833
3559
14697
15127
1323
5405
2517
12668
9679
8547
13509
568
2444
4144
9004
89
12983
14778
12410
13707
5188
10735
11615
4574
15322
11679
8704
15039
12264
13521
6375
10635
12399
5424
14172
5247
12789
3130
3929
7397
9410
10216
7915
1508
10980
7326
13881
6978
653
8642
7649
10015
7650
8735
2905
11311
10736
9125
1718
3096
15295
1313
13830
11441
6881
5677
13640
2451
9226
547
5357
14292
15056
14385
7381
532
1197
14828
5054
12061
12587
12277
12920
5270
7368
11363
11763
7276
10866
14218
13467
7794
11304
2968
15020
14834
4502
13111
1513
15495
2384
9028
13468
5704
7297
11249
4343
2579
3683
3891
5577
12442
10708
5416
1478
7164
12789
8021
6430
10071
15479
13323
2368
8763
7288
2880
1977
2938
4026
11751
8052
6780
9514
4610
14964
5950
1620
13526
10070
7173
6341
12223
4228
6479
13736
8524
9714
12066
14993
10258
12472
4170
3011
6700
13362
14924
5681
10517
9194
8754
10973
13172
606
4315
9512
4667
3541
1742
5401
13546
8622
6689
5934
11107
3882
11990
8970
10123
1757
14641
6556
11063
548
7202
7361
1531
1749
1000
8999
7441
9383
666
3601
12732
2672
4737
7084
7890
5679
4517
10327
9194
9006
11985
11997
1466
12923
6494
7652
8022
1673
7233
7546
13498
12188
671
12405
4268
8162
14842
12252
11294
570
11237
10451
4225
6254
1786
1730
14398
7852
343
4858
3540
13725
3360
9290
3435
11658
10589
2808
3999
13848
14037
5519
10609
5497
7724
12470
5904
12805
9607
10012
9754
1582
10180
12597
10677
8546
8564
6432
15462
10552
6065
4619
9984
12999
779
14789
11103
5646
2969
10893
14744
8933
2488
1379
7729
2378
13008
1323
12133
8923
10430
13538
8350
927
15319
3202
9658
13595
14935
14012
13381
13046
2153
3932
8218
2029
5681
13002
14845
12861
187
10458
4147
1333
12062
14195
1295
10587
13493
7859
5841
10176
3837
9675
8824
11797
14274
622
4113
13401
8999
6997
6098
9641
14467
5540
2011
15025
3507
9264
3704
1545
6386
520
7170
7830
7299
127
7250
6327
7061
15090
14560
12229
3798
6301
13805
8781
15324
248
3796
4504
13310
6092
7967
12810
13482
11647
14265
7500
9483
3698
13182
8705
12941
2295
11086
1807
7329
12417
10664
10098
15034
12430
1116
14026
6659
10981
10913
11096
2626
11021
12838
136
13827
11493
9719
11567
12969
5463
2944
8167
8263
14968
1342
7666
8887
2015
2520
10551
15033
480
13321
10265
5980
14571
7351
8180
8022
4876
10343
8908
12544
10649
6156
14481
10819
425
3019
4478
7375
4563
9908
14842
8625
14199
3963
7263
1450
8481
4193
859
10770
3683
3811
7420
14703
5308
3138
8316
12452
9201
3833
8235
3985
12005
15449
10415
9100
10662
615
7522
12802
12092
1765
7479
3218
503
8063
13524
14854
13014
5764
14622
13913
11892
8397
13218
10623
5233
9366
14474
2765
14523
11741
2879
1968
9298
15246
14684
7758
2313
14592
332
13029
14409
1641
5926
7014
9296
14306
7585
13596
6042
5380
13534
3309
1812
12150
8779
5391
2471
3622
5056
3921
8243
697
7516
6661
10083
8437
2869
714
11057
8694
1598
7967
2407
2829
336
14104
8570
1095
11428
7731
12153
13760
2702
13761
2995
8399
9463
13224
3198
7023
6648
6170
15463
1066
10283
6156
2032
14933
7614
5558
15183
8999
8558
8332
3440
648
14337
3883
3468
10524
5306
11882
13563
14699
10180
1641
574
14310
7657
12194
3161
12077
7750
10970
11259
2837
6552
14177
6802
10182
384
14076
8508
1673
13508
4433
13799
2713
8046
2958
5622
10380
14187
4260
2029
1166
11074
12461
5350
11070
11697
15027
14445
2374
1877
4830
14497
8543
3416
3949
5495
12800
13952
9174
2805
4983
5838
605
11779
426
9298
2350
7455
8336
7639
475
6724
4500
4221
6610
13130
13568
7679
4483
13451
8915
4062
7940
7395
10739
14972
7253
5546
5637
9054
6053
11915
6022
1464
8865
127
7513
4945
5435
14019
6059
370
9090
11642
2804
12877
11801
2780
174
1828
5905
6077
4911
1338
15268
10643
6350
13483
13479
6258
7479
8568
933
12990
14750
2831
4421
5880
13456
12068
9081
8684
10872
12671
1899
5809
2708
5501
5211
14009
9297
795
10650
10163
12281
3505
3662
338
10856
2735
2837
9368
13729
13600
6298
6155
11057
12987
11180
10926
5684
13471
7221
9527
4350
14715
6118
2637
6530
11926
14514
13717
11658
12157
6255
3901
8484
7455
2698
10148
560
6396
1053
7232
5455
5798
1767
2077
11886
3715
144
15406
2495
4870
11659
13331
8005
12146
10007
7345
11330
11122
4784
5361
13998
6260
3701
4575
389
5836
13269
5578
10823
2117
1527
7911
14801
8228
12402
13681
4642
6523
2336
13127
11852
7842
6630
14655
4071
7180
13129
14301
14790
11987
5767
2374
8542
11408
9756
5019
8054
12169
2289
8233
11654
14511
9661
517
4766
7587
6274
4628
6419
14230
15116
2303
2239
15268
9498
366
4003
2565
3110
1731
1431
7694
763
13751
931
13155
4118
4798
12643
5013
6776
10032
6000
6378
11815
14375
2650
6828
15384
13669
4631
6273
13411
7241
15131
3290
10576
12904
10037
824
2847
1225
7680
15366
11254
3111
7886
418
4790
13805
8827
8845
11708
9006
9619
3693
12596
6230
11336
2
1910
1465
2334
3667
1657
6508
7281
6187
8427
6710
7499
8935
9483
3114
1490
15351
9644
6930
10633
10806
10078
10907
9918
9356
10756
11202
6163
3883
1186
1290
3837
38
6172
13
11061
7782
9593
14318
4344
8750
12013
6080
12664
12948
11072
9752
7094
10088
10353
4267
13645
2645
8402
13144
14822
14531
3549
9566
3977
6659
3512
5434
8873
4486
7519
66
7316
8952
12537
14564
6472
9611
3634
15485
2970
2716
7246
8705
4440
4729
14003
5501
14854
357
7513
2337
5205
10980
13966
12429
3021
10096
3382
4139
6007
8640
7488
15360
14581
3034
327
13621
4824
13906
8737
8053
3076
7368
10899
6685
4811
11487
15480
5817
5965
12331
10175
12635
8906
11276
4808
3805
4970
10976
13333
6795
11339
5693
12899
8597
8993
7993
13623
5693
8152
9431
7577
5001
1950
13944
7919
146
7160
10820
9659
4819
4029
8563
14691
7455
8254
8759
1037
3380
1513
311
2350
2616
10874
9185
7034
5197
6126
13479
2476
410
4059
3267
6419
10649
5199
8951
13993
14519
4297
13634
6466
11986
10322
3406
4939
6075
7218
2815
9328
3218
29
2628
403
6503
13738
300
12376
7731
14433
4808
6876
2005
6731
14836
2411
15476
10789
12126
11088
6472
14700
5342
7735
2751
4266
7251
3790
2686
15261
13981
4986
1639
14082
1800
11639
1353
1239
9788
5632
6032
3243
6744
6192
1947
10401
970
8285
5041
14459
10320
292
11600
8500
13529
10629
3654
1936
3242
1539
5687
9892
3842
14971
2976
12259
3454
13279
12256
5845
12416
13103
393
2874
14364
14668
15421
3903
10126
3071
13128
12224
423
5051
1107
10915
14955
389
9572
2985
1416
8305
6594
10580
5831
13718
12605
6883
13051
5482
1146
3773
1907
12734
11484
6194
8057
3184
1238
6255
100
3069
2934
12939
11137
10254
6610
3210
918
6047
8449
2622
14332
9804
4455
936
9225
10588
5694
15258
158
6959
11871
9289
13192
13326
9090
4315
8177
11453
11806
3826
8804
15153
6451
6060
2476
3528
4343
2449
5650
14724
11721
505
6224
3221
498
8076
12964
1924
767
3818
7982
5789
12347
4660
3720
1783
2682
9092
1481
14415
6562
9546
11120
9085
12785
2836
15260
5852
2511
4784
10134
402
14671
9483
2099
11530
1092
12709
7183
9593
9191
9241
8271
15227
9589
7638
1859
5116
5514
8147
4509
6677
11154
14294
8601
14216
4318
946
676
3038
242
8749
8877
4842
5569
3277
13907
9909
7006
4017
5629
14181
4575
831
774
6405
13892
10110
2832
13266
5628
15109
10434
3522
11856
10894
2172
6703
9158
159
6938
12587
10950
11006
10350
11800
7195
7791
11075
801
5427
4953
3914
6048
625
6936
12479
15231
11392
8502
3863
1300
14993
14676
14692
11119
9134
156
2811
13523
3087
11282
7041
9296
3750
601
117
12898
14727
12285
7250
14273
14169
8486
9867
6446
12765
1972
1439
12087
15268
499
10875
9341
12862
381
2000
6408
3366
8024
11767
15159
7334
13121
14156
1686
14271
1756
7744
3665
7026
11604
13803
7252
1288
14973
9590
11666
14961
11839
7341
12875
3273
8531
9193
7312
1664
2855
948
8041
7387
1257
10267
4702
8064
10848
13575
12150
15252
8826
2261
5554
6235
4739
12231
15493
7384
5056
3861
13587
2263
11314
7229
11054
8934
11683
13996
10044
6813
5333
1185
1173
4518
969
4147
15090
452
8195
9015
3454
13453
5747
9880
5653
13992
497
4801
11253
14716
4418
12845
9143
4243
12323
2776
14896
4021
14782
9716
15306
2124
9193
13810
5346
3755
12480
13053
10099
3572
14648
317
3987
8567
5896
7699
10388
9594
8205
2897
6774
4443
2231
1712
8087
77
5583
9030
10642
13365
15154
15455
6930
1097
12881
5825
5254
11126
12918
8632
6564
6618
12010
9376
6054
2773
2007
5949
13277
13702
12458
7857
13985
2450
2048
8135
13781
4629
4114
856
10517
6116
12997
8491
4085
12665
13235
13748
15168
5240
4632
14371
11632
14725
12933
4452
12006
1511
10901
15214
748
1135
760
3216
8324
2887
3813
10670
1284
3470
1720
6012
7766
11744
2692
10244
11364
332
15295
1766
1845
3939
4444
12210
9326
8155
1008
14175
12302
4966
5719
8734
2526
14468
2629
2302
1073
7578
4508
14801
8619
2550
5589
2196
14006
4495
3862
10605
10075
14675
13436
11671
3183
1599
3135
2162
9072
9491
4518
2483
3960
6218
6494
13482
5097
11562
9730
10931
620
7076
4298
12076
994
8280
7771
7174
11238
10506
15369
580
7754
2528
7785
11388
13796
15283
7179
2800
850
6717
7150
12676
12037
9627
2493
12251
3102
13548
9715
4066
6511
14132
13829
2870
3184
4078
14171
5138
5063
9089
89
1033
13211
7786
4145
13703
2494
4086
14968
5566
15258
10254
2822
13145
867
605
5811
4338
10812
15155
640
6205
6283
5426
8195
3843
13322
7112
10277
11990
8857
291
41
9877
2189
12899
9896
12843
6666
1970
1398
6639
6553
6222
6853
336
11021
11448
7180
12519
414
10924
4036
12304
8106
1700
2965
8928
2508
9554
11246
9389
14176
8156
5212
13093
736
8574
7238
9641
14627
1610
3665
2597
4682
6106
2273
15432
14274
13444
11145
2269
4159
6464
1674
3388
1450
4972
8218
15340
10585
2893
11337
12164
6231
3935
5007
9969
11316
10373
7904
9857
15245
7806
1054
11651
4999
15145
4439
6429
1254
3359
5997
3059
7816
15059
13352
7941
7696
2240
15293
5197
10895
14915
14421
5353
3454
5791
1548
12753
551
2059
2861
7939
11780
5682
1163
4983
4159
6802
13576
434
8838
15207
14723
4625
11983
4582
6487
355
5263
5541
11494
4069
2194
1063
8633
8875
1194
4295
13796
10375
14787
8735
11931
4445
2344
5034
9936
8658
2767
5376
9817
5655
10390
10725
115
13010
13521
4437
10677
3187
5727
6860
3503
8301
9042
10391
9270
9536
4349
14571
11667
10627
12543
15376
2446
179
8521
490
13443
11815
319
13193
11669
11063
11570
2726
8690
3730
2269
12083
2204
13723
4010
3737
13647
10301
12891
725
6834
11622
12579
2840
8220
231
752
4853
6484
8811
11265
8007
2320
14756
9508
2535
5637
5656
5602
14549
13640
10710
6353
639
11182
3216
11066
15497
10570
1035
1343
15085
6860
12918
12998
2603
1451
14473
2364
6132
5521
14427
4173
12598
5049
15376
3349
2205
8570
10785
10895
9336
9633
6306
13700
6071
9896
7942
12132
1546
14949
1353
14189
7974
10378
12305
8426
6817
5513
7028
280
2102
2782
14438
4228
3555
13851
2084
8983
14197
7996
7437
10073
8865
14519
254
9212
11091
6110
3942
1825
3841
10812
10825
7402
15378
5775
1127
9495
10001
7975
163
1830
12917
14455
5951
364
14711
13249
984
648
4393
3116
9006
13977
8090
7637
5718
10255
14531
14411
13148
2968
7725
13374
5174
11420
6917
5467
4518
14099
1261
2390
2591
6340
12284
4972
3641
11643
3687
10095
4743
10059
5235
13542
1898
8752
5093
7395
8760
2576
2012
15359
12946
8059
11421
13911
10186
5323
15278
2616
7653
9357
2800
12754
7919
10089
8452
10948
3975
3368
11343
11736
9335
1551
1584
9095
906
4676
273
5579
8835
10929
15184
9586
669
2764
2269
1407
14856
9275
10501
9216
151
7473
7718
5052
6550
12553
10738
314
12824
9475
4577
1147
8319
11426
11873
2033
3890
14534
10328
3387
9180
6488
4960
5155
12514
1014
1707
4318
14390
2639
5137
12516
4579
15027
5321
3039
13247
11416
10365
7629
2462
9416
13410
6010
11642
11673
13532
7911
5147
7091
12379
13231
2535
5812
3013
3849
15363
3384
13032
2189
3656
13605
11320
10010
8152
6589
10953
7841
11546
12076
11732
6380
11530
1117
6542
3489
5984
13098
5617
7320
8408
597
15305
7914
7833
7670
9296
7718
15035
13147
4258
193
13875
9380
12697
8328
7220
8303
1540
10836
11028
26
9963
6016
10491
11989
2185
13655
4788
1772
13993
12039
2384
7792
8008
9548
13446
2740
12896
10445
1142
3923
10201
3615
2660
12845
3521
5952
3118
7478
13724
6140
4307
4811
2451
7655
1881
12100
14326
7563
3146
8063
9431
2300
10217
4954
11713
14464
10946
3881
11263
9490
489
6953
8951
2474
11454
13161
9036
5064
3410
10797
7956
12418
6945
14514
7578
1902
5622
8964
4158
10114
178
15218
14006
182
15009
11898
1564
11097
5802
470
4115
12921
13517
7157
7481
4188
12341
11633
11542
10367
13898
9549
59
4808
14059
8582
8262
3471
4055
12764
8285
6982
15339
13100
1849
5787
4078
15389
8329
4985
9317
13903
12501
13953
15097
11353
505
761
13306
12289
11821
4764
7319
14813
2778
5531
14322
14129
4889
319
13199
2794
9597
3956
3925
13641
9677
2034
4937
5466
12226
3180
9881
8969
803
13329
9950
666
9094
1882
7893
5861
10758
12679
11624
4190
3573
8555
4311
2693
12691
14758
5903
6586
15044
10823
13686
3630
13792
1042
665
7988
6461
7626
530
2384
11846
2481
2273
7357
13434
6888
4883
2501
12756
14651
4940
8242
9183
11091
813
649
8059
3619
9949
10152
11750
868
532
7860
11285
15463
9049
1147
14753
9308
2139
14052
14892
15409
13952
491
12134
3298
1201
6400
7788
6512
11124
11816
13416
3081
10865
12993
13560
5626
5167
6036
2897
8276
11748
13129
880
233
1831
134
10431
10995
626
2426
12192
264
1356
8005
3792
2584
15131
12083
12926
13477
1269
13033
9502
14406
9165
6111
656
8820
10836
7252
5140
10866
8234
7811
13502
1473
14195
6495
10249
3601
9610
107
4565
12614
3000
5390
12886
10961
11398
13366
8628
14037
1360
7837
13942
14911
7713
10396
13357
5395
15499
4082
5286
7273
669
14506
4166
11281
12474
7018
635
12668
12992
4842
626
3458
15381
14748
12832
2933
4215
5019
12164
1462
14521
874
7215
7736
13353
669
857
1324
4897
15309
5544
3178
3933
9487
3100
14367
8370
12224
14286
11770
9018
4325
15464
1414
10985
4459
6786
15058
2215
97
3128
15464
1946
12990
11247
4678
12176
13829
1777
2598
4036
9361
4726
7997
4350
9000
3564
14998
9913
22
4415
3432
14651
5120
3846
7272
10271
1098
2139
4449
1567
5355
13280
3340
9047
2912
2116
799
14484
14998
4294
10596
8806
2889
3329
13148
3702
11715
12807
910
14537
10479
12528
8
6336
10760
15020
9908
10871
4428
11264
4425
15438
6955
13891
9806
14999
10589
14355
12434
8454
14709
10969
12834
12320
9959
14166
8820
14524
3490
1190
9689
2917
1842
515
2107
5086
3930
2906
5756
78
6226
8995
9779
4306
5700
13205
13881
14860
6284
6414
6203
15029
7720
6609
6336
8475
13730
12929
620
4132
9399
11848
102
8160
12559
2028
12357
15065
9847
14566
15334
7334
7663
7816
10209
1606
12022
2998
6358
12715
8049
5965
1924
3734
3228
984
13818
4337
3081
9490
15476
14471
3425
10757
6544
7466
4238
8042
3338
7800
12581
10524
1125
2769
11265
12433
3463
5106
8915
13519
2478
13105
1825
12848
7256
1444
15239
4336
10972
408
1984
3505
3576
8539
9854
11735
11942
1679
8965
13593
3354
4732
14664
3715
2204
6258
7080
13785
11411
13867
878
10320
4870
5153
6960
9218
10372
13557
9448
9712
10088
13208
5395
8656
8466
113
6925
1902
14301
5210
9478
8024
9063
166
12831
2195
6570
3088
13483
5758
3616
457
6598
6227
475
6937
14527
6665
294
14538
11433
15214
479
11412
10260
2154
7771
6073
13150
13913
5623
7128
8663
2429
6162
2197
10965
12189
6814
14866
5041
5040
7254
10472
1085
1432
3552
3700
8420
5334
13334
13155
3027
3486
4739
15333
14223
7128
6246
6443
8761
2559
1913
439
4154
6497
10449
3011
2371
12703
4992
8899
9848
7954
9765
7866
11829
13907
4242
11712
14922
6239
7070
2672
8727
13155
9327
13187
8067
7320
9840
4079
10553
12908
5173
12198
4140
5694
13114
5346
3933
2088
11211
9224
13434
9010
5062
2748
13034
12605
5060
5456
14575
8887
5600
11893
3597
6719
2048
6228
14955
11236
1419
3295
12416
2032
1669
9841
12076
4707
959
2911
14408
3592
8949
5919
12995
5789
1862
14502
8912
1354
10728
8330
5482
12719
8103
9418
3156
5954
12845
11621
849
13765
745
8790
1165
562
4419
4231
11352
473
1355
14400
7390
6472
3096
13504
7063
11014
4181
12796
7781
6468
2311
1620
7341
9835
7711
4802
4224
5848
9577
9264
6333
1643
5322
7678
13018
2033
2514
3881
6258
5113
11488
5389
5778
3503
658
7013
14594
1227
13538
10234
7861
12891
14868
3860
5292
4445
12824
4457
9315
5114
14977
12715
11928
7970
9258
14101
14371
8386
7056
1166
7993
171
7277
11043
2963
13327
11280
13387
2955
11915
9649
4553
10818
674
7876
13464
12038
8341
2737
11207
15366
10925
5348
14006
13881
9241
14046
763
2251
9029
2901
9164
3341
3966
14704
6023
14275
2409
13070
7161
5128
14215
6137
5063
10374
1515
11104
12837
11081
3584
4714
1933
5683
15425
11244
6729
7001
8158
2659
5626
5197
4950
6951
3672
13964
3131
10906
7403
2995
8125
9849
15315
2572
13603
8018
4917
14536
12230
1587
10984
12665
9881
3639
4884
1538
4502
10547
2409
4910
12209
5180
1053
14695
8593
9566
7016
9332
7172
7312
5168
281
12795
2554
3505
12300
3864
13047
7660
3923
7388
11097
11611
6089
5177
2373
185
12801
4557
11428
14343
2554
3002
9868
5860
3148
5741
5729
14928
35
8820
1481
331
151
3696
13681
11311
4197
14086
1827
9173
12087
1988
13778
2489
12311
14348
1156
2824
2293
748
12925
12245
4626
10307
9821
550
4184
11770
8287
10568
3276
766
11382
12777
9798
8701
13828
9012
14867
945
13391
14777
5527
6328
12029
7110
10896
13112
11861
12461
13025
13132
10206
3043
4866
6110
4619
6380
5789
12669
9037
2283
12089
6809
14638
10565
9168
1087
7626
12114
7539
13006
7087
5290
7047
5831
6527
7842
13775
356
8122
5192
4475
12246
9894
14035
10003
13917
11785
13321
12775
4117
815
373
2676
13128
14462
2540
4768
443
6791
9012
10105
1736
13913
12892
8126
2577
2736
8342
2196
4917
5782
8962
2433
13527
8713
12463
9486
4163
12809
7291
13108
11159
4066
2823
11820
11788
5095
1941
14211
1206
478
6480
1204
7584
2881
3316
12468
7846
8042
14181
6894
7459
1187
15187
9588
2629
10777
4995
2771
5844
11807
13507
3110
7059
10951
13776
6745
2862
3045
13224
6157
2615
2283
10947
12342
10351
1641
9557
11553
4950
4626
13289
4050
10685
14339
14550
12610
10838
1383
13676
11532
2142
6870
10063
1484
11300
15244
14091
14287
9331
3728
5313
12051
12438
11297
5290
1882
10998
9832
12367
3618
3474
4900
11861
11287
1952
8108
1404
5259
12765
14766
9068
8068
4521
3672
3838
11435
10992
12095
8370
8088
11905
8946
15269
12527
10140
1881
10475
11976
45
13990
9564
4711
6070
2468
13510
857
15489
3969
6347
689
8758
10677
13148
4675
12704
7216
15193
12598
6022
4025
13030
7599
2601
5645
3104
14235
12899
7459
14014
1421
479
9741
10801
14306
2872
9087
8821
11569
12706
2390
14635
13624
5352
12317
5157
11950
8783
8060
14137
4368
15375
14688
11418
12894
2855
14805
1421
9314
14300
14141
10735
13789
10899
805
14220
4100
2660
5582
1097
9142
9854
3745
2522
8716
12848
4589
14656
11409
2621
6997
2301
14187
10122
4873
73
15338
6066
3630
603
11354
5414
10863
15366
15204
6661
263
12015
5032
11168
4285
6929
2157
3741
11131
5870
9228
7028
11098
8624
4562
5271
15051
5615
13776
3344
8825
15371
578
1756
71
12203
1268
8745
2472
4583
14065
710
12341
6610
9381
9983
944
9997
13024
10613
10094
3523
15147
2562
10191
13758
8004
9312
14201
14872
5575
2625
3376
8362
9397
6619
12633
682
12174
5400
12778
10799
8880
2883
9238
6545
9695
6122
1654
11798
5578
11057
8574
10275
13392
4533
2199
8733
1019
3286
12317
14865
2808
14532
6640
118
3201
1407
621
1485
1993
12950
9110
4900
8826
2304
12715
13441
8572
7703
4323
8165
9211
15195
10880
7607
14949
4428
15384
7151
1487
4030
10695
13378
12073
11974
2541
6484
6870
5802
5423
9719
13390
2973
8761
2246
13396
6678
980
740
15430
10570
11701
7662
9725
4073
7725
5722
9534
13751
2599
14040
1328
584
8449
620
4379
5490
1936
2815
3426
5136
3965
6453
7726
1634
6161
1616
5898
4839
2641
8438
494
2116
11509
7753
12930
4307
2305
74
12546
8216
3372
1460
11420
1198
8696
738
11340
4895
12595
13664
10747
13154
2035
2563
13286
8461
9659
1577
11942
4810
7323
3670
10429
9852
14458
10608
8234
11449
15026
8896
4916
5898
13255
15283
4362
5497
4861
8829
7319
5990
10153
11076
385
4251
3807
7731
9269
9352
13823
14196
13236
2559
4988
13556
7993
7417
12095
11883
9901
9123
10144
11069
3191
1702
4431
5987
10148
12077
9198
5363
12238
1030
7890
1405
969
5478
5191
1595
4128
15333
1009
912
2236
13959
15036
12626
12752
11125
14765
12469
15034
2217
15167
53
10503
2643
3175
7487
14780
6641
4225
12303
10070
10503
3420
3691
773
1351
7498
9607
2806
12973
7680
11928
79
6220
3157
8606
6085
10595
10476
12232
4335
9160
9826
2837
9542
356
12092
11794
5394
10887
8433
3771
4411
3936
11262
4133
8426
7289
5539
2636
4571
13895
6829
9389
7445
14530
3599
4516
12809
8851
15351
13382
6149
11792
312
11056
8850
5642
7177
1795
7790
5167
2355
15480
9113
14947
13372
1669
14305
8069
2021
5492
1259
5538
9965
3895
15246
3959
7302
8527
3580
12497
11579
10122
4051
1930
4746
9459
12347
4384
10432
3168
13153
14033
10580
12488
11245
4886
4176
1226
10611
1326
8898
6920
12747
8895
12401
5406
5956
2770
421
3259
8867
9618
12005
11838
12562
4306
2016
12512
12618
7988
9263
7668
6192
5112
8008
8631
9046
1114
2774
4448
6363
13119
5018
458
11776
8270
424
5860
178
3687
9421
1808
11395
4564
12646
4522
1484
10004
12078
7470
6374
12402
11400
11072
12944
6636
1320
4784
8924
14794
3983
15024
81
1421
7854
7554
3986
202
4825
1644
1652
2346
12833
735
1791
2199
2279
9652
2174
6185
9574
1432
11366
2320
2457
14738
4106
10312
9023
10781
3683
4718
9139
11758
14611
15126
7200
7645
563
12883
2757
9332
3349
2172
3505
14084
826
7185
1184
4192
7843
6653
6141
2378
11163
8158
209
3270
9815
15011
764
2537
8784
280
9264
11107
12557
8025
3558
11525
14588
12551
6322
14008
7615
13052
4719
7628
3114
13787
14311
14802
12643
675
9736
171
11046
8158
15415
11698
11783
3580
7975
7044
9844
8404
4976
5836
6788
12543
6858
8997
5465
3640
13765
3882
2876
4745
8321
12896
2673
8638
9595
13346
7079
13889
13925
13701
3925
8957
6623
10169
5662
3409
14571
6772
12992
4513
14323
14690
10024
9582
3118
8409
13005
1048
8682
3898
3673
7224
3913
15240
8416
14433
578
4777
5210
8186
8500
9713
1199
1000
12005
4173
5947
13461
5956
8770
12793
10573
13034
5523
1504
14461
13686
1033
3917
4610
6465
863
1340
15480
293
823
7290
7440
13179
12095
9551
6303
3493
10212
13308
11766
6446
12577
6654
11632
9732
4276
14471
15326
9691
12271
8887
11046
11329
309
8524
2656
540
13094
9435
349
10572
11545
3215
8349
10660
8694
6382
11995
3520
10169
7655
10739
9402
11107
8478
9962
11702
6268
5714
13041
491
163
13282
11357
14145
339
700
10849
4365
10818
3945
6726
12061
12174
13223
9637
14811
2938
15225
3051
5667
312
13231
1813
4009
8641
6564
782
8612
2801
13730
1133
14245
15254
2045
14146
14670
9671
9375
9101
3901
14458
11405
13020
5286
9009
1622
7817
910
6476
12479
13870
11988
6820
10522
2169
1458
9331
7677
4363
5409
7862
1443
7570
10594
7837
2366
884
13043
5932
14803
11120
9750
10268
14939
14233
3257
11362
9153
6841
11883
2792
15276
6960
310
8780
7209
4816
13117
13681
15123
8183
11673
494
11283
5902
2183
2079
13061
14054
9363
10217
9533
13384
2798
11792
3355
11649
5626
14339
10968
5991
12461
10096
11135
13297
2349
5383
5763
823
6841
14016
9926
11880
12792
2942
7259
5547
3725
2952
9616
10360
5025
10951
13813
3023
1708
8838
7288
12218
12962
762
8001
13211
13011
9163
14854
5786
13939
7097
11021
8320
12800
14461
6059
8681
3666
3760
6994
1216
10877
7027
14162
290
7901
13706
3799
5651
13377
9407
1913
14655
2898
3072
11024
3373
7386
2656
11190
2688
12037
4403
5121
7736
815
14742
12161
6193
10807
842
8766
14003
4221
9873
3974
1524
556
7793
9841
12560
3513
6342
11982
8293
5527
13270
5503
5111
11009
14995
6740
5816
15129
266
11340
3470
9009
156
1524
8039
5831
1410
6490
5247
6765
9194
2804
7665
14365
9632
14911
4086
9789
1355
3789
4981
13465
6408
2398
5418
5402
14616
15058
3954
4420
13444
6470
2082
10477
4456
10051
6497
7376
780
8812
2665
13190
13582
10827
9215
543
11315
6947
8136
12238
7132
9380
4028
3275
472
1969
10247
439
9574
4137
10280
8188
9929
3443
3768
4231
12237
6380
9845
12562
6568
787
12512
6741
9163
14935
12321
13417
12447
762
2381
8402
8467
8159
8407
10983
11000
6314
1465
14550
9307
8906
11865
9436
3869
14248
3938
11346
6799
9348
9092
11200
2987
7100
5345
6292
13171
1738
10652
2096
15166
5711
9851
14906
2668
1684
1480
15094
5461
1413
9584
1742
3749
7125
5351
8766
13331
5533
10309
8672
7770
2742
9612
606
9333
8343
4906
13792
2818
2180
6756
14247
4308
8204
5092
5967
6221
883
9256
7030
10173
13689
8223
11544
3626
6866
15475
3220
7331
13414
5544
1031
7198
5348
2792
5063
10548
5081
14119
3019
10088
2931
7721
7316
10852
8334
5819
14792
12514
581
2079
5520
13456
12717
14743
4850
10796
12632
10672
15430
6340
5571
12994
1513
8189
4053
12185
14379
1902
5465
14809
1545
4893
14036
7594
6188
5288
6123
5665
9769
9702
10261
8576
14452
501
2870
9358
4913
6069
1674
10447
7427
4799
3224
14709
276
9683
4977
10783
2540
13251
5549
6688
9689
14851
1690
10759
10812
7729
7864
7466
4564
7286
13577
11349
5193
6346
11290
14392
10372
12087
7802
2139
6509
10305
14284
9868
11558
3852
1206
3365
7737
10671
9272
11424
9264
8781
2084
5547
10362
12073
10035
13524
6951
922
4201
6237
6505
13107
5524
2061
14530
14602
11286
13666
14386
1213
839
3557
10193
15094
15095
6814
13177
12594
12538
12124
7715
5380
1128
9533
6315
2363
9866
13258
3022
4469
1758
2986
918
14223
6407
11950
752
943
5342
10463
10139
7957
11020
10739
10876
2968
13333
9347
13308
13737
14972
7070
8517
2210
8892
8642
3717
13172
13195
11094
272
1853
4551
13498
13063
6897
6359
9908
4058
7107
11932
14689
10510
10734
1040
15357
951
1031
2718
13237
8104
8535
8559
5540
13576
12459
13497
8722
12565
4072
1767
6203
6784
4526
15112
9748
2482
4068
12971
7085
1633
1877
10667
3837
10693
1002
120
7942
6769
5608
14311
14807
4616
7822
13824
3348
13732
6555
14842
7800
6522
3354
5997
5459
13099
3098
6500
6604
2099
10448
3439
14338
43
3520
4207
306
9250
1494
14113
12570
4185
8506
11092
15152
8906
14129
7192
13947
385
12332
11978
1286
435
8086
10814
10851
11211
3042
7852
2225
346
3418
14880
9920
4066
13186
5042
3116
2259
11377
759
193
210
8809
4853
8665
1778
5981
2016
12234
12414
2470
10649
12754
15389
3752
1528
8634
8318
882
13672
9014
14788
39
14752
4951
11329
67
11481
9595
13996
13946
287
13333
10814
8420
14576
6908
12100
9197
14245
2571
13460
6746
12706
1791
13422
7147
370
1988
4031
14154
12432
9653
889
7600
7468
15257
588
727
1582
9127
11398
6145
10366
1202
6170
11189
3709
4656
9639
9985
11045
14936
10226
4091
12509
12347
14699
9806
5721
773
4062
3387
9322
3482
8297
5821
8159
6753
3728
12277
11135
6182
392
3669
13648
14344
7018
684
10810
4177
5782
4934
9314
8933
3856
1846
11480
2162
4019
541
6653
414
3079
824
8649
8611
3071
6652
5970
8440
446
11240
14511
6668
11648
4025
8853
9987
9731
1079
763
3665
11292
14899
12584
253
9395
4006
14064
12035
6704
7622
9896
4315
6779
2774
3409
6960
2319
4999
2905
14587
6086
3442
14484
5058
6469
11373
6379
3314
11670
5960
8781
9648
5230
4046
14624
2886
6084
7078
8687
2054
9472
11897
3224
1402
5435
13828
8917
12813
8359
3984
9873
2587
8410
8264
4042
9166
4660
13309
712
271
1402
3236
3602
15086
8186
11698
10639
2336
10260
14501
12904
315
8075
12465
8515
9838
2437
730
4943
9685
12208
4967
2640
2619
10719
7735
7552
7467
14448
8507
555
2954
6078
15193
6654
5712
12377
4056
9900
2838
5645
4956
12730
7427
3499
8088
4684
13727
4792
6765
1199
6541
15308
14158
3748
8280
11894
797
54
8876
14293
11901
14962
7588
4284
8393
9388
14459
4193
1797
9247
1317
10675
6526
6308
5792
8055
3877
3810
2912
7194
15364
614
11537
4883
7783
14312
14864
1218
1653
8992
14845
3955
11487
6386
2306
1705
958
10515
15387
13596
10756
14447
5271
7963
705
14043
2837
5972
11844
5508
6763
1127
12080
1717
14546
8076
4620
1076
9635
13808
15466
2767
3684
5350
10266
14557
6772
10878
10974
11996
7174
12983
15361
1039
11057
535
9610
9879
6863
6839
5109
10000
10824
6258
4538
8750
3293
7341
5038
3179
11874
8517
4456
10056
4838
15123
11616
12595
12601
12609
10882
3421
14156
5943
1932
195
2685
1925
17
13085
14709
12046
3477
12952
2870
3351
13837
11914
10513
12417
12246
4881
4681
12389
7771
2310
2980
7959
3829
14003
14376
1209
3801
12024
14315
12524
12116
6931
6635
8741
1035
6012
4273
8968
49
7826
1249
9586
1047
11821
12915
14420
4663
10986
3402
1437
7104
4360
7956
4757
9793
7542
3097
1294
15380
7820
8814
11497
4244
3216
195
14665
2296
7202
7036
323
13011
7507
14624
956
2678
9303
8111
3826
5549
8650
11625
7922
6968
12419
14457
4772
3899
2233
5284
12772
1876
3998
9990
127
12482
3919
5175
13983
2580
9976
8584
1120
10350
9448
11655
14601
11870
9757
6034
9822
9444
982
2685
7792
10475
6144
11405
5660
9282
2728
14612
4358
2241
14962
13452
78
8921
11974
11098
1416
1866
2859
4601
12862
12313
708
6044
3452
4969
4114
1741
10759
4527
8136
12407
13684
1939
94
3267
92
2917
2829
15481
711
3781
7938
14691
7269
4724
1770
4418
5509
14621
12807
7044
9517
757
7085
14395
10227
2988
10338
13644
12144
14640
15425
10433
14000
13759
5497
6281
3874
11368
610
4845
11435
5734
14463
3977
3862
7801
5238
11324
12766
14878
14308
2316
1211
8470
11229
1885
7505
9604
17
14866
14603
6414
1760
1429
3074
13880
2850
733
10575
13570
1151
7839
6646
3955
3118
10688
4455
5142
5213
1074
10513
12085
1285
10565
14697
7696
15079
2396
11551
13014
13164
1987
6808
111
11847
4357
4442
10261
5741
11264
10298
8232
12384
3521
3983
10591
6793
9976
14544
310
13975
2379
9883
10050
14995
9560
11210
3941
3005
12729
12249
5496
7408
4618
12415
5900
3315
15200
7434
5735
9144
5415
5758
3656
14443
11683
8773
10613
9206
1603
7032
3193
8696
13799
1906
536
15149
9583
11383
14490
13124
7728
5686
3264
5604
7540
1195
4275
5272
6171
1249
15178
1795
3190
2778
3939
9160
3657
12971
10332
7140
1322
12026
12193
13370
11147
997
7757
3408
8804
2995
11317
6406
14470
14008
11198
22
14984
4494
5339
7403
12573
7315
14595
167
5050
10172
2060
14514
14974
1743
10331
12425
10925
8009
2427
11868
6975
12544
3030
13319
3037
13084
768
8619
12492
11834
2413
9355
4838
9452
6472
14955
12559
9785
13522
15364
5472
860
8571
12761
9275
9842
70
10465
5717
2189
10534
1014
13206
12005
6642
11735
2965
4521
2385
6650
8220
13926
838
10360
1925
663
15499
10892
10923
9758
9688
14428
15313
8288
13203
15313
8820
5758
2312
10789
3354
12457
10160
3364
13825
1503
5001
6319
14644
7601
12780
1835
12335
353
9744
13829
318
267
7545
764
14933
6510
10460
4887
13168
3492
12497
7457
15
12052
3608
10937
14891
10019
1587
11941
14799
8324
13527
13589
4263
11081
2902
8389
10550
4245
10212
8169
189
2332
10937
2850
11749
867
9028
13212
3990
2460
2195
4454
8720
10995
11995
11938
9100
994
6241
11602
9145
9957
1883
8532
298
12206
6156
2857
3397
556
115
3475
12021
4902
13429
1941
9543
10518
10744
14661
9817
14314
13974
12205
7977
9358
6409
5542
5587
5081
2201
4451
1412
4153
6455
7005
9610
6946
12163
9740
9154
14654
12410
2387
8445
9771
7852
3852
12246
6552
14621
7485
33
10494
8447
10302
14474
1009
6372
3579
9210
7592
4717
862
14352
6066
3371
3187
14194
6939
10269
9961
7622
11168
2202
10059
13220
12463
12470
15467
7326
7150
13010
10646
12391
6931
6351
12430
6081
8048
4427
2902
5159
9375
8534
6523
766
5463
14019
13478
4653
8144
260
5247
805
9924
14150
14038
7227
9931
10873
3921
15486
12213
13317
8334
1146
8768
13660
9170
2003
3066
12765
2376
12765
8740
13630
9864
1329
14019
7384
6317
1946
9392
10487
1051
14315
8907
621
15041
67
3243
8186
14451
6525
14182
13217
7927
4007
7958
5684
615
8012
3803
5226
13460
2791
15177
10413
12192
12990
13827
9535
6571
534
5035
7871
2565
4342
8491
8712
6620
7955
14228
7834
7290
13933
12967
10850
7527
14889
9116
6362
1086
1927
11290
10689
782
11325
9372
12612
478
127
10315
15352
964
11604
14425
10040
4372
11378
12430
1779
8328
15427
9426
885
14386
5457
9029
14315
8454
5340
1350
7391
738
15008
12539
906
4317
2601
13143
163
7725
15063
5625
13918
4177
9142
12914
3050
11484
7539
7381
97
332
2935
11736
9097
5166
5703
9271
3430
4406
1271
1827
8710
8952
8547
10666
4280
5330
5719
12002
13263
11233
3274
12556
10653
446
1754
7121
3618
11588
11096
10774
5395
2357
5170
7633
5178
7449
14183
12332
6477
15440
14458
6082
10694
7658
15361
3228
11305
5994
4074
752
5408
7238
1348
6429
14156
13768
1477
10422
2237
5537
686
5392
3681
5029
9106
12691
4795
3133
3176
10641
398
2323
7495
9966
11622
14659
4638
12210
4871
13546
5404
15285
3305
10760
10344
6755
1328
11997
2969
15355
126
8121
13264
1918
2562
6552
13523
1608
11651
7958
12372
8806
14779
7149
11935
8659
13539
10842
1026
936
4450
15456
7800
10057
70
535
14852
1237
2352
3350
9250
7545
2719
2437
3377
9204
4615
577
7906
271
1961
5621
6979
4005
471
13385
12467
12102
6794
266
10902
7420
10964
5645
8708
8644
12594
4370
14167
1955
370
4423
12875
14664
9158
5353
11240
13877
5000
6340
6318
3339
14131
11266
8096
6402
11924
5527
11444
2783
5289
11046
13971
5184
5507
2983
8368
7942
149
15255
12662
3687
4850
7701
8734
7766
14860
377
8708
6967
5737
11967
2706
9572
8081
11091
10619
4295
11123
8902
2678
1853
13688
4249
10345
11399
7911
2368
15287
12598
83
982
8158
12741
12335
10401
1669
1495
9621
12011
5592
4273
5348
11432
9454
4962
7981
9069
4088
4067
15249
5340
1662
3857
7112
12396
1654
4172
11269
14329
9752
646
9871
9960
10085
3097
10255
503
8003
1413
6936
7909
885
510
13756
4228
2652
13180
7485
13980
14072
6821
4735
12386
6262
10920
7826
13244
14281
14182
13983
8002
2488
2707
507
6394
10866
5492
6046
7219
10543
6386
7635
14964
2273
1810
977
1457
4748
10458
13226
10410
8236
4103
9321
6345
6913
3714
7340
15069
4941
10489
3152
2507
14028
1926
11613
10074
14419
3359
209
3961
6009
9501
7626
8238
8122
13533
12586
2513
2146
795
18
3183
15445
13631
9333
1605
12703
8778
10079
12041
9240
8214
3016
9690
2772
2308
6571
14243
14122
10684
14086
12279
14937
3354
11358
4833
14121
8910
4236
11284
2409
10694
5441
2943
1459
9555
8519
7335
9721
5211
3239
4910
12612
1317
12849
6398
10985
2307
5768
11781
12027
14244
10102
4725
15195
11555
626
6429
2553
6144
6775
11420
12392
5958
7697
14360
13173
2786
1014
6875
14622
4950
6815
407
11870
10351
5857
6298
7094
8488
11970
11505
6170
3744
12111
2255
2116
4214
15052
14363
3486
4221
12969
3835
4429
2795
6768
11978
2905
14031
4645
7904
5472
3523
11256
12942
3389
449
3195
618
8391
1409
2770
9022
9963
79
12420
15067
6031
6594
1164
14446
9187
10774
12030
14224
7292
15415
5501
13297
8531
1753
14261
11064
1302
11777
8476
8390
5667
1638
5295
4873
5291
8844
6647
9959
11757
6607
3999
11214
65
2806
1691
7920
11558
7666
5168
14576
6982
14645
3106
3097
3826
10328
9429
14854
8940
4397
199
2195
4781
11185
12277
474
584
3627
15323
4352
15020
8190
10506
11120
13248
9825
417
6549
2210
1313
9547
10847
9511
11703
7227
2004
11371
14663
2009
10521
11929
7053
7688
5173
6240
12744
10886
14681
7190
8205
12354
9248
11229
4256
12390
8765
8127
13528
14191
6487
3085
4673
4784
9667
11905
3039
7980
11402
4079
5927
9530
1615
12865
784
13212
10615
8709
15025
9459
3254
11429
13682
12485
4038
11550
1003
720
8175
9430
9941
11212
10842
13908
14906
4396
8141
13842
5123
3532
7601
9293
12097
8542
10822
5670
9894
11534
2235
10507
3127
3520
3555
7563
3477
13049
5783
14381
1767
6112
1160
8605
9180
2215
1412
810
7888
2676
12423
7501
4343
12950
9462
9077
906
11611
10201
1505
10524
4003
11499
1578
4326
9003
11069
11068
9263
9327
14496
15115
13854
1289
14236
2597
12943
11342
13296
8157
11357
10174
1613
3
7792
7331
9995
1965
6214
7628
966
6500
745
10198
11701
3595
6935
3584
1277
7494
15417
12808
3696
1790
9748
12220
4848
1287
10165
3517
6555
10226
6522
1796
9549
3725
704
4551
1157
11440
1321
7775
8534
9574
468
3714
7463
3200
398
12192
6173
11176
13510
1081
9377
9006
5420
5586
4376
9585
3738
8150
10267
760
3179
5886
14105
2055
3062
11001
3012
2821
12638
12177
7649
6266
7708
6763
1267
6248
696
12815
2875
5859
15082
8348
2923
5342
4233
14053
806
7219
14454
709
4829
10741
11905
886
2068
3812
7436
8014
4730
10010
10331
795
9048
1129
10748
11261
11831
5200
13147
1021
15102
9292
12866
803
1116
14941
11505
5692
9627
6862
5576
9369
12148
4866
4234
3029
1264
13272
15261
10374
5622
12969
2139
5363
9171
11666
13311
9336
3133
5192
7959
4004
6310
8606
5127
2298
3365
3047
13331
11989
1343
5213
3408
4030
3010
11792
8263
8578
3200
14474
9461
5008
3352
13995
15219
3247
1166
281
12882
15194
9938
1804
6116
2358
10621
331
12821
12480
10611
3571
10276
1064
6475
10541
9504
8209
14675
13583
4456
9060
13293
2779
5011
13348
15255
15246
2282
2371
10779
9334
4062
4043
8657
9332
9925
752
1083
2771
8252
4775
13570
4462
4704
7759
11195
1149
1482
731
5743
3761
7828
14677
1838
14589
11071
1325
3266
9845
5207
2974
12646
305
5665
7727
6161
6399
5556
8031
464
15187
8150
6358
13628
3350
8751
4340
5230
7242
7433
10386
2293
11057
7308
7693
6120
4866
2209
10165
8657
4924
7239
13406
14534
5001
2194
2464
6685
2861
1857
4374
1284
8333
4774
886
2994
7915
6300
13764
11555
6919
3092
14170
10809
5531
14929
3381
9984
176
14888
7281
2233
10540
9712
15211
7286
6968
6248
10006
7863
5392
15400
11314
7185
15168
12446
14051
7516
13892
12161
5139
9780
14053
12013
14504
8023
3361
9634
11096
4220
8895
321
11249
4362
5353
7425
1693
10547
9329
14791
12275
2679
12475
14729
3623
3442
4023
14556
6329
8619
5988
1352
2699
3880
9098
7356
12648
7954
7851
7263
11343
10916
8603
3216
6699
7152
4116
2032
11853
10591
9503
14443
7904
10931
2285
874
2786
2962
7589
11993
10535
3853
8927
1508
3904
14622
7974
6642
9351
2349
12883
14563
13633
7725
4514
2272
14695
7900
5250
13909
9418
6825
2458
3455
14207
10996
14246
5584
8411
14644
4550
15006
3804
7394
8923
6899
10839
4068
11238
1796
6010
10598
10562
12729
386
9990
8971
14529
9881
13950
2880
6043
2564
8912
2498
11249
5691
105
11155
5124
14086
6426
5842
13893
4450
11338
14510
6151
4977
6575
9514
12221
6610
14953
2266
9747
1357
9439
4341
6140
1096
8523
980
6383
10884
10000
8901
3679
2172
8117
9829
5734
7752
560
9095
1191
4244
2110
7690
14056
14254
13201
2441
9976
4060
12133
10934
7067
13127
11449
2753
13618
11668
14103
11888
14755
5372
13649
1511
5710
7882
4908
14403
2237
8533
13268
14943
11944
11434
9575
1807
5107
14353
10738
15064
15360
9146
8406
8079
5094
5761
4214
10611
7377
2418
1060
6508
5291
11134
4251
7956
12028
14539
2115
1580
15447
2525
12779
14485
1635
281
13135
13630
14385
13496
1942
1000
5899
4860
4610
859
13855
4854
6598
20
3349
13361
2030
11162
7263
1659
8354
10411
15130
6346
3593
13365
11161
10295
8540
13017
10899
7131
2241
7189
200
14482
12804
11596
13589
12548
5680
11028
4962
12863
2596
2734
4492
1498
915
8559
3167
10601
601
5128
14437
9637
6389
5921
6382
6950
2767
4661
198
3114
5557
2183
7803
13026
14017
2835
10355
7425
5631
3503
5373
7295
14888
2390
2277
12405
14584
15275
1479
6964
7020
13263
5830
1842
3695
4969
9041
5684
9195
9832
12290
14091
9852
12819
15225
7642
15395
12498
1199
14793
5172
3372
11325
9787
11526
8105
7017
9033
13127
7477
8546
9427
11319
13926
31
4341
6707
6052
12210
7516
8880
11271
2251
422
11243
5276
11637
213
3062
8418
7965
4522
2143
10528
8884
4807
10096
10076
1132
6764
10017
3878
10963
13623
13992
14441
13412
1427
9321
10626
12279
14357
9111
2071
12234
9305
6030
5337
1127
10881
11286
8577
1413
11805
10722
7326
9189
610
9196
432
6370
3410
2099
4794
14615
6809
5610
15145
11918
3822
9021
3155
4786
3821
13644
11434
12334
8902
8351
13161
95
2415
15403
2503
6779
5008
13178
3602
7654
4726
10307
5358
9626
3874
5252
982
8944
3010
4408
14020
831
3204
2171
3702
12400
13083
1422
11308
6153
6639
1825
721
3800
11114
8607
1706
3055
12674
2731
10245
12179
6151
1376
3343
10582
1490
6446
13227
480
13712
14364
11105
10376
8584
2403
1117
1369
5617
8595
5272
15311
3816
15400
15399
15044
9997
13511
9041
4686
4561
14546
2257
13302
11949
13246
7148
14674
13180
14489
12
11136
1536
940
11099
5149
2399
2336
5038
15417
9927
15145
403
5104
6517
6139
15421
1798
2300
1179
9036
13776
217
13898
5083
486
3926
9521
13024
1780
474
14050
3555
474
10300
13309
3047
4103
13214
12821
2720
3542
14824
1085
10368
13445
14572
3437
5226
8462
14053
7509
4759
12081
8627
14687
15255
2717
8910
4250
3942
2765
5338
10977
10942
2112
11669
2207
6116
7015
9933
14328
13857
6896
12442
8902
13376
10915
1912
3803
9170
2455
13723
4440
6914
11007
1021
10139
12558
6156
7163
11486
4527
7026
1417
9751
10610
4416
3009
2716
2269
8574
6484
11790
12314
5223
10491
12844
6120
14429
9384
11092
11532
10519
13165
2643
12205
10836
11645
7047
2862
9493
6221
6818
3372
2826
12642
10337
11156
5504
2604
14530
8564
3025
3416
10075
7584
13893
11834
9017
3699
1539
7722
9949
12321
3382
11150
15311
15048
4384
1037
5552
6662
9650
5647
9556
4014
14686
7852
3089
10003
4159
4444
390
2302
8983
14848
4663
905
5857
9316
8931
7985
1976
11553
9115
11142
3196
7532
14424
13605
8065
13115
5627
13403
551
6278
6984
12804
8024
13026
9531
6418
6050
8633
3076
4571
2587
994
12510
5237
11268
9409
6242
6266
12898
6264
9093
9281
6172
7886
3330
1357
4036
3167
4681
3943
12811
6182
7659
4615
7723
1765
7391
7356
9879
2316
13498
2209
2414
14741
1807
4106
3946
10107
368
5710
15159
3404
10378
7048
9665
11267
1528
9920
10780
234
1600
11345
6038
7289
10968
8795
1146
2965
13640
5689
12508
8875
1826
14990
12091
14165
1906
8844
3977
5083
10378
7761
6392
3155
8788
8501
13002
11095
13678
5636
11678
153
9281
555
12357
1088
11189
10253
1377
3192
14361
10811
3602
15292
10068
11218
8885
2219
993
5103
5845
6965
9708
504
5163
8811
8120
12646
8505
4578
8587
12185
10574
8120
4621
1752
10854
4231
9657
8958
6969
11863
7392
15346
14858
12687
5984
7707
11903
5772
9681
3120
5080
11620
7022
8751
8193
10191
370
11487
14465
8289
1558
8809
7435
1554
13169
14648
6052
7578
10343
1462
4206
1254
442
7640
12106
2332
4666
7502
11850
5666
8729
2956
5487
13003
4150
10162
7988
11672
5026
6687
15486
4662
5547
8801
10892
3756
7236
6548
7844
10101
11928
13973
7728
12717
8970
11908
1850
8158
4713
11852
1508
12834
13511
4138
6822
8862
3625
11222
5686
3395
12360
2974
2987
4903
13549
738
326
9050
7323
13095
2260
4121
3370
6283
11612
12205
1487
10199
12681
12582
8847
8150
11941
6171
2096
8941
13220
1765
7262
13424
6779
3442
13572
1887
12983
9630
12397
14142
6039
5002
11463
4171
9593
3854
8665
2215
5854
8903
7101
5144
7640
11019
13086
6352
15364
13652
3024
5856
8940
3094
11030
5075
9391
3395
768
12679
14091
2621
5714
10887
8819
900
1547
10741
12793
1365
7559
714
9923
6086
3290
12538
6979
13944
3456
12001
14500
3187
3548
11339
267
8095
8985
3735
1940
12060
11249
6691
13345
6301
14947
14538
10730
12976
13218
4401
481
9075
6990
10575
7387
8821
15407
10906
1375
4288
8658
12001
11228
5044
1203
5208
1390
2378
2897
13780
9300
8927
8374
12430
5307
14493
2388
734
11510
14813
5392
7286
6200
3901
15152
2674
12255
2039
9919
9285
9007
14122
7139
12408
2796
7176
6532
4051
9225
2080
12199
14669
347
14694
10233
12163
6587
4984
3848
7090
15283
14181
11678
8043
2642
5682
11626
1429
2114
974
1799
7113
4155
5714
5906
1514
12175
5079
9304
9793
3453
14738
1382
3288
14658
7988
2851
10635
7826
12603
5951
10282
6050
5518
1110
1639
2410
11042
5901
14724
6846
754
14035
6497
1171
3046
43
6704
5732
2402
13462
11239
7479
3831
11655
11175
10938
11044
574
5475
3520
11393
12092
7735
5791
9654
4432
14775
14283
2076
7682
1783
11004
7290
14967
185
2816
15000
4750
784
12860
10356
10529
7166
14275
6684
13980
11109
11285
8360
13322
4276
13407
5171
5299
4222
3874
3451
4315
13402
6539
13829
3184
6283
11993
7469
8841
246
9882
14442
11377
8759
9334
4246
9514
8561
13277
2950
12512
13916
13586
4875
9795
13543
9068
9689
14016
7306
2461
5555
7372
4481
5654
1788
787
7650
13847
12913
11577
12354
10188
9194
453
11842
1850
7897
1405
8674
8437
7091
5547
7730
3116
14001
3647
1372
11133
3816
918
9276
11792
12749
15167
9929
14169
12248
11066
15494
2764
9303
6902
8255
10083
9150
13517
7169
11927
7742
13669
11252
3368
6714
14464
13029
829
7414
15060
2807
8170
10847
7841
12096
11534
9937
1490
6728
3824
3520
10906
8398
4343
12134
7543
9751
1199
3688
1715
8573
9303
4888
6364
4487
8244
3086
7412
1662
13234
3452
15149
10871
5854
4442
12751
13495
4199
4193
3979
14519
12032
6175
12061
303
12238
8821
12431
8758
13222
2108
7696
11173
12116
2987
10395
6828
14818
6430
4079
3129
1688
11209
8128
10799
8451
13282
11434
4698
5881
9048
6940
10164
8061
3366
12463
2395
14247
5358
1051
9410
9711
11240
9691
11964
8032
15133
13076
8342
9037
4018
11842
13925
8508
6373
2553
10959
240
1272
687
241
8478
8325
3920
9158
4674
11091
12554
2090
11541
4133
3538
9356
6638
1726
12044
6147
14177
3132
10686
2465
4831
4767
14425
1529
14116
11571
3692
13980
10061
2046
9209
15216
15269
9638
14191
1389
54
8462
5028
11909
1735
7720
5375
15044
1370
14671
6193
10080
11192
620
5338
12446
3559
9045
14002
7717
8046
15039
129
15204
14069
2194
7317
6200
2239
5910
12391
12183
5000
1929
12185
6898
14401
5935
15341
14708
4243
15477
12052
14320
2622
7508
3459
13712
6245
13125
8497
5320
12019
2924
11241
12444
10097
3075
2989
12642
6558
11254
13753
14399
11013
5659
6373
9388
4430
7341
12359
7258
2584
7878
13803
9163
1287
9294
8279
2124
13450
12510
6917
12553
7370
6426
12285
9961
10074
1849
8341
9052
12049
8387
2443
12356
3072
8628
15491
5098
10678
3769
4752
1618
4214
11547
4191
1622
12403
12883
3342
13200
14986
10857
1959
8806
14775
14041
1390
11897
14128
14276
3379
7774
5872
13738
8058
6989
6919
6346
15397
13408
13033
642
6033
2058
3765
7090
13881
15141
6178
15273
8341
8041
3313
8102
11466
5390
10850
9406
772
14652
9642
13591
8400
13570
7853
4970
10659
1049
6578
1428
2838
8597
11701
14320
13388
13981
587
8107
9671
7737
7935
15385
11176
14228
4177
10826
5155
10235
13060
15083
12594
14689
967
5402
8350
2485
8910
13118
8134
13499
10907
9066
4398
503
7995
9766
14395
2917
11808
13958
4817
7617
8773
10964
12128
10505
6924
8771
15151
12247
3268
812
15370
8675
1148
13064
10852
5430
13871
9809
9530
3004
587
14898
7238
6209
13887
1751
13483
3408
12307
11193
2220
9289
354
6803
1575
1984
8034
5947
3475
13718
14147
4036
10689
838
413
10789
14161
391
1467
3203
2338
5846
10337
12319
5595
11959
7168
5570
5860
5739
3852
3201
8909
2318
9014
5926
4832
10208
10329
4875
14591
2944
14452
14417
14026
10025
3312
3371
2011
12086
9321
12566
5318
3487
7660
2471
6147
6817
5086
7470
50
12813
1371
13753
2602
11043
11133
6162
1228
3982
1140
2570
11064
11631
14522
8365
7300
12328
14779
3018
11538
13454
13145
8854
6592
13345
3925
7889
15023
8927
12895
1674
2025
6424
11275
10297
8919
1453
12457
7886
12947
2641
6273
7501
9576
1082
14487
9493
6015
5039
7370
9415
14544
13502
10475
2108
13517
6063
1103
8977
11963
11384
8581
13466
4407
3710
9422
5384
1394
2205
15433
9767
2956
10301
6342
1302
8878
6417
12163
14308
12854
11728
7072
3077
7059
1273
7585
8628
11329
8415
7187
10299
7024
4119
232
9728
15461
8604
767
7377
11923
821
10414
5171
303
9344
3132
15083
10068
14944
7833
11922
3620
10728
13313
2351
10926
15300
4072
7028
6383
15399
6409
15389
2356
8044
4452
845
2105
14743
6096
5014
11616
5959
13371
2508
6112
5089
3853
725
6430
5910
6014
851
15275
10875
1014
14824
1793
2458
6012
14601
6056
4110
4503
13452
15311
5407
11388
5303
13274
4990
12609
15371
5970
14387
2489
3032
4490
7268
898
13075
9130
11581
8102
7729
7006
7948
11338
2733
14406
12236
10981
11809
10410
181
6159
10189
3015
14616
7278
5289
2005
2898
602
10593
4891
2405
10056
12832
8102
3109
10253
9219
3737
3102
8775
15292
11516
4843
7884
5930
8487
12888
11529
8041
12979
9930
5558
3534
11319
14675
414
7196
4156
13134
9866
14287
8224
14184
11271
2753
1631
2311
5536
2907
7788
12351
7407
1955
10040
15180
2836
8432
3499
5465
12870
10862
4492
12969
14002
12696
2044
1454
5381
5767
8106
12023
6600
14384
3915
15078
5473
12552
6453
15029
10800
9284
13569
14706
7752
1711
6080
9466
12604
14657
15116
7322
9292
4207
4722
10287
8395
14590
11538
11433
210
13340
4930
13606
11234
13773
14126
922
12451
6663
1471
10738
13580
12362
9902
12921
283
793
7973
7934
10658
1075
5954
3268
13629
4204
13276
1517
2360
4171
1156
14346
14191
6913
2093
14710
10666
10640
9235
6877
159
13179
9992
3926
11993
13823
5501
10707
14251
13683
11569
4638
9993
4195
4996
12834
6713
10674
426
9031
2010
4893
6587
15491
12350
1064
14376
3983
10358
15407
11959
12577
4972
9500
9945
8062
9235
13915
13000
3587
258
8583
4871
2744
6419
4440
7773
3587
1640
5054
8718
13442
500
9121
7161
7343
9004
9231
10882
3724
14861
11018
14727
4677
6143
13070
1351
10373
7395
8070
4412
8987
7470
4915
1619
4519
3177
6733
721
11126
7431
4156
226
4607
13590
4448
8538
1026
5952
10192
11407
14409
7666
11422
10435
3396
12977
1122
826
8792
724
721
8934
8993
149
5384
12306
15352
7765
3896
6965
14406
5367
8677
11176
3245
11326
62
11078
377
13837
10555
7961
5954
14128
14773
11365
15251
4578
408
4955
721
3925
6277
5726
6864
14548
5085
14885
14386
8201
6582
13358
14696
10288
11551
708
1463
13726
4391
26
2921
7506
12719
1196
13017
8440
7823
14635
905
7047
12840
1263
8252
9161
8092
1980
3851
2910
2005
1340
5056
13226
7013
15324
3033
184
11705
7546
11117
928
5293
10550
1017
1702
1667
1049
5129
10570
931
4382
9232
4572
8219
8218
2219
8088
9960
9381
4565
3710
9515
14111
6346
308
10197
3502
4002
4331
13202
797
7928
13354
6299
11404
11943
12581
13082
14318
7598
1466
1682
10779
7565
1050
4513
11996
14932
864
10190
1312
6544
8057
2103
7293
11668
7384
6445
2064
3612
373
7069
3383
3220
10004
955
5647
1612
5274
1354
870
11450
786
9009
14993
7362
7834
9585
5016
14476
7801
9405
6350
8495
11426
4164
4764
12934
443
778
1624
14526
13835
7714
422
1510
692
2249
14894
13949
161
11060
14110
13707
13251
7359
11419
14999
8807
9319
12359
7917
10297
6341
10278
5104
9606
4170
966
140
12325
692
8435
3254
7680
118
5603
12868
5366
2044
1016
3228
1819
5344
9889
7238
14954
6287
13263
5611
14361
3449
9322
7829
15260
13177
3619
8957
12250
10942
5697
10654
12532
6176
12780
5004
10333
13223
3773
10736
13721
6955
6599
8880
3144
1168
12777
9971
10526
8026
1968
5317
13914
3312
13136
10565
13537
8028
11981
9541
6759
10981
12606
4818
4918
5407
949
9029
3996
10806
2726
6340
10433
9438
747
10989
4557
8403
7087
5846
8808
12942
6879
12720
3264
4828
9835
8510
9301
9995
12947
6298
14709
14256
383
10766
13740
8172
1197
8348
11666
4702
8653
13334
2203
11714
12684
9103
238
1023
10609
3874
8051
7226
13147
2172
9989
636
3349
608
11497
1706
11973
974
3281
3432
11474
8631
12367
207
7630
3611
4502
4498
880
9851
11737
10713
1439
6823
5155
4823
7666
7321
7365
10346
13464
3379
3203
3458
2682
7564
5204
1984
14125
6719
9767
9696
12536
5380
11966
13251
10001
2049
13060
13972
686
13500
14242
7964
12214
13574
13655
14638
13294
14073
6538
2207
8787
13558
5937
7151
1857
2427
3710
976
9428
10402
9473
9179
8977
7843
13771
6486
11620
3827
3900
2926
11684
6504
11653
8517
6894
2635
12511
9338
3872
11252
6330
110
15489
6619
1142
13796
2619
14282
9737
10623
2920
7172
13583
5179
1624
14119
13887
4134
13118
9125
3426
10396
289
13484
7804
7183
12463
5055
14954
15413
4531
7139
14266
12276
9883
13359
15238
12147
9627
9508
12911
13904
10040
1976
4987
3480
3373
3435
834
2129
11921
1472
10811
9469
1321
2071
15010
5079
692
6698
12193
11055
1189
9249
4419
14514
8025
12758
1671
453
10910
12221
7828
10752
12072
14764
1987
122
5216
9922
1725
7049
2055
1774
13875
3790
3336
14336
2795
7801
4142
12223
6575
2361
8658
10785
4103
14760
1822
7337
10324
3464
9200
8713
5877
1887
5944
8645
11322
7931
1551
3988
1459
6374
12900
4500
3277
9278
11646
10666
432
5730
14432
4997
11260
12409
4691
14777
10746
2442
966
14058
12309
7803
4143
7190
11237
4787
9682
8798
14999
11134
13897
12733
3581
1978
11245
15056
3970
13110
3360
6536
4791
9147
3294
12901
10294
8284
5543
9872
14223
9266
6344
7632
1486
9407
5210
8963
10565
661
2939
9258
5072
915
12229
7843
3252
12625
5375
2754
4727
10864
15153
1156
7094
8114
4279
8908
8067
8625
2148
655
10936
3919
13725
2246
4850
13063
1372
11390
1134
7393
256
14028
11040
5291
7350
4789
5178
14212
5967
12280
10846
351
875
3573
9931
10688
14688
9130
409
12632
6917
2274
5020
3802
12162
6509
677
4184
6846
6633
1685
14087
1699
9832
8550
11467
2558
10829
9115
4556
12639
10331
10462
12473
5218
10341
8611
1021
2981
4580
7119
413
12919
5123
4943
75
3914
4024
1966
6766
14282
14513
340
15345
11974
1682
2651
13240
10005
7049
7443
15222
9360
12379
10253
13440
8106
14074
8572
2877
4498
10275
150
13348
3169
1978
5726
12859
1922
7526
10995
2750
9827
2621
7766
2135
2244
4795
4083
4716
4242
6574
10746
450
5731
10727
5084
3823
14037
639
10348
3132
4073
10833
8218
11102
888
9799
1837
14376
12341
12906
12928
14983
7781
6004
13104
6127
7434
14902
1548
7813
6099
7225
10570
6714
4146
9563
9439
5654
7235
7011
1336
9827
5222
497
12722
1902
11487
760
888
2901
3738
6965
5109
1705
8637
12504
2392
164
1106
5028
1959
12731
2287
4554
2745
11433
13746
10718
11712
5755
9553
8828
531
1422
2556
2170
6411
12890
9848
11279
12554
11528
1104
10486
1806
13756
11732
4686
14075
516
6896
8910
5426
8161
5582
6254
2648
13945
6923
5895
5904
11251
4889
8482
3864
3581
8181
8769
13957
6121
1543
5425
4858
7379
6256
9459
13343
5926
10513
10438
15182
15452
512
12583
10724
14293
543
6586
10664
11225
4888
9190
10060
3952
4924
11999
2833
13337
6078
723
4975
11255
15356
11407
2533
10802
8410
7036
1328
4766
3593
13569
12470
9030
3601
14468
9529
1004
3663
10965
129
1024
412
3921
1333
728
183
2184
2553
8306
12073
5016
14989
6269
12071
7267
10837
11095
13049
13108
1375
781
13034
5633
14989
1538
12062
974
3539
9138
5806
6473
9159
12077
3342
4486
1521
4087
11238
10429
4785
8644
5535
12232
13990
15084
8451
47
11025
9772
8889
11997
572
13458
620
7578
4246
1450
3039
7305
810
12641
3398
8207
4155
12989
6022
2546
8809
3548
2775
2392
2781
576
8578
7139
11202
14860
159
15226
15180
3614
6243
9668
12488
6519
4330
10659
12915
12567
4928
6666
9348
1714
5914
7389
4100
3208
14135
10611
4367
3977
14887
7900
10396
5248
10084
7252
7647
9159
258
7536
2448
3416
11885
7473
14153
8977
8584
10079
12531
2862
6799
8503
11414
2039
14654
15006
4460
5930
1470
12745
6959
9604
2022
15324
12899
1399
2624
143
13750
10906
9847
8394
15130
7021
12201
14494
2381
5257
12853
2429
5707
84
11509
4561
12236
6377
2738
1640
1487
9646
8960
12350
15271
9765
13466
2917
7432
14490
924
1333
5270
5643
307
1143
11983
3076
2361
1538
10888
2668
13317
2290
12216
938
10568
10433
5913
6907
9216
5300
3836
994
7409
9695
15065
5987
15314
200
13377
5188
5730
7181
1404
5632
2911
9163
7733
7502
15330
5296
8018
15490
15479
7584
8580
3523
14548
14409
5976
11877
2160
6524
4088
4977
6308
6274
13979
5852
13038
4991
11887
5805
5123
2267
11752
14617
8367
2263
11792
8394
1040
8185
6819
12540
11222
10405
10383
13447
3779
10329
6658
3544
11596
3807
3784
1196
1019
1036
5803
3799
11245
12568
8739
9557
3795
2759
11747
588
6678
13679
1697
9783
5234
3305
13717
3423
11569
14665
939
11143
13942
133
9790
6032
1200
7417
4550
8535
13932
9840
13107
2438
10656
11955
14677
13054
8673
12272
12485
13528
4778
3962
12194
3438
15093
2009
7261
12755
270
7107
8008
6970
13683
6948
11384
11851
1745
7311
11827
819
13573
5776
698
211
8628
3254
8717
12089
14394
9791
6529
11003
1068
1203
8538
13864
2156
181
7640
8024
2041
3519
2926
3265
15448
396
13370
3931
12938
12989
4494
10396
8871
3109
5089
799
14478
2310
6902
15027
11653
547
14963
8713
5039
8357
7639
9500
11391
5978
2445
6529
15243
10933
9892
8367
9971
3082
13192
11224
7609
11910
14114
13727
13012
168
9213
13704
1702
1078
3321
5015
12549
348
3595
4005
7435
15284
2901
7666
14085
9385
8151
11091
6159
2295
1302
11445
1214
2276
806
7126
6598
11274
1620
10528
5635
3755
3994
10155
1912
11209
14489
12624
8568
3862
12889
10148
10577
9357
4206
15489
1096
12486
7796
2413
13113
8770
10710
12301
7849
13840
13803
5056
12633
5963
8999
1062
14753
13542
6647
6139
3487
9619
8696
217
9234
9429
14939
5963
7790
9943
14513
10404
11545
2927
1160
13339
5019
1321
1644
14210
14664
8079
5088
6944
11665
4190
2710
8382
11279
6815
5067
8138
2719
6855
580
1799
11809
1460
12721
9473
3102
12311
3916
4778
7183
5118
9051
9585
539
10799
1683
2422
1230
11501
12962
453
6389
12647
3537
7814
8343
11149
6752
15176
10037
6542
4929
8411
1192
2080
10223
12411
11391
4657
5586
6817
6508
3020
661
1010
16
13488
9022
13327
246
9188
6599
4001
13783
9886
9019
1715
2616
8254
10517
7891
6037
10573
5000
14066
10060
10946
14853
12157
9136
1904
762
6816
14738
2388
2196
8296
11340
13588
1466
4807
14041
9780
5843
5763
8927
1285
1876
15149
9529
3242
12747
7218
2503
2274
9342
3253
6418
3225
8490
15339
9070
2382
5879
3059
91
8809
3404
5338
14178
6498
11754
9062
7968
1454
3801
1906
5952
9014
5933
1468
8341
14149
1917
9273
5375
1225
3812
2712
8706
14119
11683
12139
4871
2055
12609
12513
9043
9435