3215
5065
1987
1024
1269
2939
5391
3465
2479
1652
2251
48
2982
174
5669
320
3091
1717
910
1182
4559
4125
4050
611
5185
1302
372
1750
4334
1674
3254
5202
3821
4098
5668
1414
1686
483
3325
550
5467
3222
1849
5369
5036
150
4074
4166
5510
2691
5583
3696
3059
4160
951
130
380
3475
5573
1521
719
2434
3140
4713
5547
39
223
4484
1374
3550
3410
3262
1115
3696
3490
4659
5614
2898
1656
1102
3504
371
596
4591
2129
1599
3761
1150
144
2956
422
625
1818
4854
2680
4341
181
5303
4728
1873
1858
4904
3813
2919
215
723
599
281
883
4361
3854
5276
1102
3537
719
1125
2963
1731
3058
1391
370
3694
1516
1263
626
2990
5476
2555
4791
4058
1863
4258
3549
1108
4579
2281
1918
1876
2123
2926
3639
5359
4608
2055
2807
3793
3165
1138
4805
2390
3653
1217
659
4445
4353
2711
4128
2184
1823
4843
1979
4383
3957
1360
4264
4478
2291
5312
4231
805
5148
2724
4474
3326
5370
176
1381
5401
776
3331
2792
3245
2168
1661
1934
4140
2828
2528
1467
4041
3649
2262
4389
4749
3974
3564
1185
350
497
3524
1360
4595
5363
5686
2901
2670
1292
3411
5690
379
670
5136
1606
2469
814
4421
3425
297
2249
4367
3538
3567
414
3224
5361
4146
1814
761
2179
5468
345
2142
3887
1672
4532
628
1253
1333
2600
3941
1977
4143
3304
3024
1339
4802
609
4445
65
1158
3964
729
4155
3257
469
4779
1200
92
932
3087
2465
1291
2395
3703
2853
3399
47
4359
5055
3377
1809
3507
2172
5627
2668
4830
4693
2918
4848
4609
1854
2197
2129
2820
917
1569
5426
5031
3118
5230
2313
1925
5218
4840
1627
2267
2996
1429
256
1544
2381
1079
2434
5614
1044
1290
611
4110
430
413
2792
2249
1126
2146
2713
5352
14
365
4113
1459
640
599
2970
4552
3975
4580
5598
4860
421
3271
4799
2234
2617
1239
4464
2306
5285
5295
1845
5363
3344
5622
2192
2269
726
1869
146
3380
1873
4048
678
1855
810
2545
931
112
276
2148
818
5448
3620
1466
3912
239
4356
3106
3240
3591
5060
4830
5687
806
5265
3299
571
4172
1738
3136
237
3858
5282
424
4498
5612
4815
4609
5150
804
3644
4464
2009
1908
4590
5264
4815
5615
4623
1577
2269
4284
2112
1563
1462
829
2101
474
1095
308
596
3148
2689
5280
3328
5360
3659
1150
1835
4509
1085
1584
3226
3872
2301
887
5531
2066
1189
4425
513
1329
158
1197
3064
3228
1501
2423
5192
1018
1393
1226
3251
3085
2935
5143
2484
5349
5480
1772
621
5619
5671
5248
4477
695
2495
2112
773
1214
1446
419
194
2557
190
3727
5144
4981
3781
3526
1477
3933
777
3693
4119
4350
2727
2437
2926
2995
4405
5635
1545
2385
2561
3855
224
4714
402
5125
5383
5483
3514
4197
889
3228
4052
3158
387
3662
2334
1506
3406
2390
1852
1357
2638
1292
5048
4672
2512
857
4317
5342
4758
2507
1447
3643
2713
1101
4297
2135
3010
3794
3874
4419
221
73
741
1802
2576
1482
1994
319
4160
1264
2121
477
3334
4285
5343
2125
211
226
2217
4238
769
1962
3462
3946
3862
977
1568
491
3676
4975
4746
779
3647
5180
3350
1201
2263
1096
5134
3741
3790
275
3378
5290
5524
3955
1260
389
4031
4030
3191
3119
447
3679
1371
2566
1581
1092
2988
4753
1083
4255
800
5213
5085
4306
834
680
4309
4178
1217
863
2561
5493
3315
3560
2895
3529
2905
3624
1739
3973
3347
3581
739
1141
5272
1666
5083
1834
1017
1063
1437
4722
1346
3993
2887
4921
3872
703
3875
5559
3087
5530
5484
2825
4300
5464
535
2357
4259
875
679
4844
3308
2222
2861
4310
251
3119
2671
3746
1782
4673
742
4279
3933
5131
1733
1149
1659
3411
1886
4720
4731
3921
1706
4225
1584
2030
1904
5020
4459
5313
692
2858
602
484
5158
4801
2836
2272
2773
117
2750
1361
3076
3293
5034
3860
5282
3239
4281
2819
1367
2509
633
5480
5609
359
2380
4161
3426
592
4322
5187
5663
2226
1542
3019
5360
3145
809
5001
3458
2512
5121
816
483
3224
5400
2600
3157
808
517
4966
2485
5573
3770
2820
4391
1981
4392
1670
5164
1046
5353
3122
4044
1429
4537
40
4879
2802
1846
3981
1175
2507
2890
699
4639
422
5259
1151
4760
5660
5546
50
4410
4960
3717
4443
2647
4464
4887
4157
431
4991
1082
4904
4575
1072
596
1275
3971
2912
2507
3349
281
1969
2328
1667
4021
4206
4565
4163
5274
883
5489
4338
1715
1316
5627
3861
3412
1440
21
3370
654
2659
3151
887
2562
3755
540
2436
1736
4139
4585
69
5181
126
1656
4692
4683
1457
3528
549
5135
1895
993
4512
516
4358
5294
644
5690
3279
2568
919
1704
5411
4392
5352
3340
2713
3927
2157
3372
1511
3767
92
457
2093
1074
5588
5522
1675
3054
4657
4227
153
2077
1357
3452
3504
3731
5010
311
3784
5089
3464
2003
3715
631
643
217
96
2626
2855
4488
2978
1318
3003
2244
2715
3749
5348
3841
2962
4882
5355
4421
2856
1525
799
2662
5202
1763
3974
2245
2502
3250
2800
3202
2413
5
404
5287
5366
4645
3641
3156
5255
1708
4325
3173
2772
3678
5656
2824
1654
2887
4465
5213
222
2615
4891
4997
5464
1913
414
1027
5393
2415
1058
4479
2114
3187
5283
3115
669
2181
3081
3681
4575
3396
1787
3573
4954
1768
3773
661
5479
1023
1465
5169
2355
2334
5113
5682
601
5685
1042
1589
5619
1049
2837
4784
3990
3463
1080
663
3042
3118
5505
3990
4177
2283
774
2095
2267
2429
2377
3410
5460
5010
4829
5088
3554
3200
1004
3778
1016
3926
2537
5175
1125
1736
3820
1805
5114
3712
2234
3447
1073
3635
2441
1986
836
113
2694
4399
4170
2407
1625
4764
3404
3756
5616
442
5613
2729
4882
5484
2505
3035
334
4511
2764
3214
3511
5022
1446
1248
3103
5037
3463
3420
711
3794
2736
1298
2389
4092
4123
5289
3037
3628
97
4018
3773
4371
699
3980
4765
5014
3598
2778
4905
4904
4367
5569
4351
4335
5569
1814
2838
935
3779
4590
1173
4407
1223
1860
2371
4206
4841
211
4981
1756
2026
3089
153
2437
1612
3374
18
4725
5195
4218
489
1005
3871
396
4834
5015
2843
2319
5385
3530
4981
837
3340
2995
4695
4492
2723
5482
4044
1016
2540
1795
1715
618
3121
2842
1738
5085
257
2132
5210
5496
285
3146
470
2606
3837
5164
2878
496
2741
4073
569
4158
5201
2316
4058
313
694
195
5339
622
4706
4757
2988
2790
5451
1952
3866
4258
1341
4427
1952
3719
2494
2850
5384
4763
4085
853
2411
4441
1184
172
1171
319
450
3138
1804
5695
810
1495
882
27
2861
3263
1566
1754
2589
2078
5316
278
815
3716
2616
3553
2267
271
5277
5275
3704
2614
4324
249
1926
5546
2381
2063
5690
3420
564
4695
4402
4991
5232
2403
1815
809
4213
3572
5299
228
695
4816
4169
5338
939
2599
211
1634
2725
212
1569
5621
2927
3900
1872
1995
5152
1654
2489
4764
5295
1355
3593
4548
2947
1508
5417
2296
4988
3384
2610
5658
1824
922
1956
1986
3375
1751
1086
1491
778
660
953
3869
2525
2417
2839
2695
4355
701
783
517
2982
2815
3826
4985
4596
5647
541
1818
4402
3302
203
2796
5427
3396
2812
5631
421
2511
4732
2273
964
1222
2230
452
183
1323
1632
868
5575
1697
2788
3142
2463
548
3903
5126
4697
5155
3039
5172
3179
5333
2491
57
302
5358
2207
1831
4860
801
1815
2564
3452
2683
373
3008
4086
244
3444
3619
2759
1005
5077
2709
4245
2661
5196
2440
4906
1673
3387
3823
1167
4145
657
5592
4796
4571
4580
4834
5285
5001
3942
5414
3144
1793
877
4539
221
3914
1591
3771
2510
3350
2170
3352
5595
2253
3602
3913
2246
51
1608
876
4364
3912
4857
1444
3129
5200
4551
4101
4645
3123
860
2601
5523
3463
237
1697
315
3316
5611
4435
1553
4795
1299
72
2207
4903
2734
1227
4892
1541
1146
4355
3544
1440
2792
1544
1642
385
3470
694
1600
4175
750
4593
3285
1329
5421
2264
3102
4388
969
2542
5573
2173
2595
2729
1355
5435
418
3229
3790
4650
1141
976
2130
1067
5030
1822
383
271
4582
1435
2168
1449
2796
520
2430
4877
386
4563
1998
2976
3690
583
4765
1517
115
3881
1204
3302
3285
642
3460
208
3993
1722
4861
1479
4896
3015
3380
4280
3779
3811
841
5260
4688
2342
3076
65
5350
1192
4489
3543
1884
3569
4425
1909
4092
3321
1372
1390
288
340
2122
1984
4519
4882
830
4773
2740
3970
1851
2577
500
1407
4112
1339
4501
928
5684
4044
5403
4468
2897
1549
5373
1738
5511
3508
5310
3386
2226
967
627
67
5075
2323
309
4968
3930
2621
3043
2466
1248
90
2715
866
3862
175
52
5109
1513
5254
4802
238
4427
2591
4886
2124
4612
5610
4266
4978
1610
5525
2997
5210
4117
2786
1762
2461
2161
661
2228
1913
1138
5314
3965
3929
2406
287
5373
166
1660
1038
2625
3469
3063
985
3718
4545
5311
64
4781
4769
590
1249
4880
4745
534
3008
900
3867
5234
2880
4602
2847
2255
4785
1679
1642
2867
285
2155
5133
2173
5272
3817
809
3142
671
5183
1639
21
2072
3335
3063
1216
460
2173
3136
4210
2659
2417
4021
4467
3580
1773
4700
1071
3886
4525
349
4026
5497
1573
4845
1099
3307
102
2139
3526
4250
1487
584
204
2359
2110
3119
1947
3166
3873
800
1196
5522
2037
1945
285
5557
3846
4528
1916
5695
4044
2488
2191
5133
1007
2350
3564
5583
5315
1735
2871
845
258
238
3866
541
4204
3324
3489
3582
2787
1877
3436
5071
156
2640
3457
1401
3025
3054
4772
1948
2529
590
166
166
2714
4368
1395
311
4161
1804
4916
5636
1147
1635
1458
5686
5534
701
3016
3937
5270
5256
2795
630
1022
2441
4078
686
5464
3974
4985
4192
43
4002
4119
2909
5187
4246
2148
3874
4280
1767
801
2262
3745
192
5277
4832
1916
2655
1494
656
1404
4901
2837
4670
3016
5295
4306
4470
2646
2248
484
2152
3350
3364
4717
4634
2824
4710
4750
4533
4576
3653
2329
5137
5054
611
2672
4022
907
418
5326
4741
3459
2191
3639
3792
1237
4190
2523
2042
1809
1950
796
2841
5146
236
5362
2238
4882
5562
3095
3812
1605
4705
1408
1191
1927
530
5650
2902
184
4552
5129
613
1717
840
3923
4089
5189
4338
4838
5603
4044
2677
1469
5033
4923
4053
415
1317
1405
4906
5631
3967
674
4805
2752
5347
616
3829
822
5395
4872
1031
3142
2563
1893
5346
527
4996
551
2312
695
2993
4110
5600
4972
2949
5372
2828
3619
1017
826
2621
3582
4514
5275
3516
4683
3420
425
3237
2660
2172
936
206
1009
3721
514
5284
1
5045
5684
5521
4901
1602
4425
3373
3144
1762
3416
1813
2396
4686
1648
1445
5082
2107
5243
4029
2467
4345
2562
3430
2316
5490
5242
4644
1640
2087
860
2677
3283
1764
1397
2340
3834
2534
584
2917
3080
1426
3093
3894
2049
1370
2665
672
4581
413
2786
1039
650
5366
2337
169
1698
5431
2115
4605
4054
1254
2277
3773
1585
1128
2369
4172
2763
4382
972
1851
3000
3190
2225
1196
4031
3148
3066
3376
2236
5247
4524
3671
4498
5665
5499
1757
3225
1479
3899
3952
2359
875
2230
2200
477
4400
3391
5192
3084
1649
3501
2108
5219
1810
4168
632
3244
1057
1102
2405
3934
2057
3207
1244
2009
854
3776
3531
5016
2846
3325
2749
4661
3847
3639
4710
987
492
3944
5055
3579
1553
3753
4791
2415
3390
3272
4425
3849
117
325
4143
3989
3355
247
4215
5543
4769
1608
1765
3228
3758
5456
4634
1042
3853
2486
1132
5234
5156
4517
1060
5387
1597
1974
4024
4708
1348
3036
2594
5128
1866
1480
1161
4379
2891
5311
4240
3782
4662
4429
3287
1995
1131
4915
2518
169
3088
1038
2513
1494
2457
2816
5439
1934
2966
3181
2451
4835
4154
4077
3584
2920
1674
865
1682
5291
4694
283
4722
227
1388
5127
1469
1269
1579
3059
4376
4485
1396
4167
3452
3315
4014
68
2487
3993
2461
2929
1262
652
1162
2778
1143
4537
1328
1252
3067
2233
4070
5425
3438
1252
3053
5164
179
5479
5339
2326
3380
1785
2500
2250
198
3211
1847
1800
700
1706
1004
996
2321
5576
2375
838
667
3543
973
1311
2671
2053
4910
5466
3129
4853
3311
2689
178
570
2920
4869
4741
3094
2376
1901
3366
2807
4359
2428
534
4246
4622
3053
5514
3230
552
1323
2495
155
2363
618
3313
2138
232
528
136
2268
1021
699
1891
3177
3603
3956
3635
3438
4084
4396
4416
2565
1736
82
4336
4446
5543
456
144
1047
2363
1463
4666
4787
5543
2096
1363
956
4200
1751
1413
322
2474
4329
3342
4734
4498
4073
3395
681
3542
5189
4544
2468
3415
5049
903
3736
5115
1892
2672
3457
3025
2857
5303
899
5671
3956
2301
267
3693
85
2937
4979
149
658
910
1862
5379
1243
2031
3515
5559
4950
2012
5590
3371
294
4072
3974
5409
2840
2198
3196
4138
4112
341
1809
3821
5240
1310
4014
4953
702
1661
3161
4920
933
2164
4126
4279
433
3151
647
3213
1682
2821
4278
4318
1576
4433
5060
3803
159
5092
2536
5215
5423
4726
1112
2837
2297
2240
2327
247
2015
1001
4176
1158
4651
632
1605
871
4315
5634
2633
364
3343
1025
5465
3811
1722
440
1132
4240
1866
404
925
2845
4975
5027
1893
4957
316
4158
2479
2543
2031
4342
3109
5283
2034
4930
5430
367
2042
1210
3314
5377
925
1617
366
492
5242
4189
1029
2833
5438
819
5062
55
5590
2969
3930
4574
3896
5092
1322
1405
4514
1713
172
2831
1797
4086
451
741
2617
2377
1370
4383
3853
1585
3028
3957
5033
645
1080
5315
690
626
922
325
4547
959
3674
1850
3763
1795
417
4275
5692
4324
101
1574
2651
1299
3949
3288
1614
13
402
1327
1717
5470
3163
1595
4777
3171
3878
851
3542
1581
1498
4305
4134
5278
4346
3380
5353
2271
3103
3339
3230
897
2427
3098
3499
4284
1588
4897
1982
4135
4736
5454
4358
5516
4727
1823
1538
5590
5215
597
3968
5344
3264
3580
4136
4675
3319
5206
1311
1190
1991
1012
1500
2484
2498
3053
2100
4513
1680
2236
4084
1017
2158
2347
5651
101
2245
1640
2008
4700
2956
1071
5343
4721
2943
2952
1721
5
3928
5355
1925
2586
2954
2023
3717
3876
1541
1279
5699
2143
606
2783
2429
2097
3143
5000
4891
3386
4651
5524
3656
3562
4888
338
643
3731
470
1666
596
4585
536
3045
5124
1759
1688
2674
3115
280
2191
137
5198
2751
1437
1397
4691
5346
484
4277
3484
5422
3626
3221
5396
3092
3214
4806
4135
4448
4802
1301
480
5450
1864
1889
1361
4074
573
2130
3299
5367
2764
700
5635
4803
4197
668
2366
4854
807
4636
4619
3691
4256
2422
711
1443
3061
799
311
4423
3733
3774
3870
1661
5689
2707
1344
1034
1530
858
1067
1526
5271
5254
3059
3429
539
5660
3806
4198
4531
868
1047
4601
4388
5129
3103
5485
4926
1451
4966
2020
298
1495
632
3868
4771
689
3421
209
75
1603
5248
3506
2684
3474
960
2510
4224
2745
1344
4877
4379
5326
3516
3662
3202
491
613
3319
3102
5367
2506
2046
1587
3608
113
4624
655
3293
3568
3197
2082
5336
2423
3341
2567
5069
4033
4445
3743
4192
4553
1234
4076
1437
5668
2653
1780
2742
139
32
2970
32
3727
3387
379
1739
4209
2153
688
1839
638
310
2483
1789
5642
3052
1754
2522
2106
1019
4634
2344
2663
2364
4057
5604
1484
2867
4540
4123
608
1290
2752
2452
1225
1909
4329
3126
1878
2099
2233
4594
5455
3990
2189
5211
3753
4101
2965
5536
1195
324
1680
878
2028
3522
1524
3655
2320
633
355
3373
2670
5018
2409
2584
3469
4329
5234
3509
1798
510
412
316
2225
914
1009
1231
5224
5016
4679
5116
1993
1192
2247
5165
1956
3870
2865
1752
1913
4044
4954
2000
2114
4335
1365
4306
24
1326
1386
4070
166
1599
5110
4438
3005
572
3769
4362
3688
3880
1878
4801
634
1712
805
2567
118
2443
4072
3125
1164
3229
3696
3874
1096
5495
3251
5142
3634
4770
4167
1730
656
3721
5579
5527
3173
946
4037
1971
3875
1183
5168
2646
3770
4670
3079
1323
4946
3097
899
5659
4086
5404
1727
1528
251
84
5130
531
5447
2035
4102
1503
2293
3819
2791
2488
4621
320
792
2606
3169
1892
266
890
4367
1532
303
840
2608
2044
5191
1599
1358
5295
2769
4381
1832
3097
4985
3033
4008
3234
34
5020
4100
4961
4578
4549
2670
1648
5602
3519
1097
4380
5235
5538
3624
4356
2836
4926
520
5017
2234
764
5258
1947
5254
2948
3408
705
2778
2460
452
4154
3461
2164
3286
4330
3013
4202
2068
4352
2929
5564
2511
1117
1234
3985
5435
2546
2390
690
2591
4676
870
3239
1549
1790
2910
401
3914
1768
3777
4489
4443
1116
742
530
2705
807
1853
1861
4379
1702
5018
1620
2893
766
762
2873
5160
2319
141
2938
3747
4516
4833
5222
2309
211
4105
4946
4566
2978
2348
86
1234
5105
5579
3471
2027
4630
3908
2548
5471
690
5512
1892
979
3940
525
4471
3903
3879
3844
4839
3359
1600
3503
4223
3818
159
3413
4679
2434
2115
4359
5454
768
1042
628
3305
1742
5490
3212
3827
3182
3599
1312
2635
1565
3483
2213
2513
1764
5423
705
267
3516
4645
4295
325
1261
5675
3951
3401
3664
2200
1302
4504
3278
4405
2949
344
3165
2610
2350
341
4224
4351
4478
3833
4810
1051
2622
3192
4840
1946
644
409
5441
1687
3379
147
5692
4234
2705
3927
4272
3822
2956
4118
798
3069
4825
3792
400
2457
5438
3726
3007
4687
4581
1113
4177
798
160
5683
1269
5418
4674
2175
4691
3439
1747
3522
1761
478
1902
1972
5089
4131
5239
5583
1642
5533
612
305
2610
4655
4125
2701
5161
284
443
4137
2863
3595
2159
837
5085
4567
783
4669
349
4452
3987
2649
3000
3615
1911
1070
1994
2333
3587
4607
2218
598
1286
4121
3316
4529
325
1640
4023
2525
320
1879
2352
883
5429
2999
2433
5436
555
1882
1955
873
792
494
2988
804
3986
586
387
940
122
2865
2585
4729
518
372
943
1261
522
5092
4991
5325
5305
3619
10
5542
5076
1040
4080
2051
3406
5366
5463
1188
387
2171
3196
4143
5121
1695
126
4057
270
5611
4103
3178
2992
295
5146
3405
2734
1690
4158
318
3878
2872
5113
401
5016
3093
1286
4332
4151
331
1195
5134
212
4913
824
1834
5381
2838
3734
4796
2663
4990
373
1486
5117
5185
5310
5216
2385
682
641
2393
4401
4758
3460
3907
4215
1483
1314
5350
4281
5451
1610
5396
2428
4759
950
3452
2897
4473
2563
5296
1123
5101
4117
1320
2059
3195
861
3258
3606
693
3533
3517
4381
2922
863
5649
2731
5077
2784
2414
860
3708
1412
2060
4514
2127
3227
4483
2534
2805
4621
5080
3276
5211
3135
1889
2728
4677
2405
140
4058
5220
5378
3966
3949
1218
2467
2817
4292
2679
441
2783
1553
5416
3404
1676
2971
336
3407
2652
2757
2981
1680
4928
1757
2250
482
1079
3277
4670
2955
732
532
4686
4607
1561
4317
4517
4679
3070
1318
3071
992
3100
5659
3087
128
4829
869
4495
1640
228
39
4786
3140
2422
2435
3332
5644
1049
4872
2746
2529
1087
3976
4162
4563
2342
3967
689
5576
3662
4955
3412
2847
224
2833
5121
2516
3224
2753
1190
1503
2815
3884
4696
5039
3211
191
2840
1650
2846
4716
259
2980
2564
3853
2352
4658
2854
5614
4432
825
3462
3614
472
2609
1145
222
1179
3407
1001
1807
1075
1731
4501
4229
1430
4077
1312
2386
2203
3724
4768
4705
3344
5019
3526
3258
1149
4092
4222
3059
4363
1494
4809
286
5265
5631
2620
1434
1876
5262
5685
4989
5564
2476
2775
2844
3036
5638
984
760
2070
794
5032
3057
2496
3116
2536
2533
2929
1352
1602
2399
1459
3974
3957
1597
158
3457
1648
2710
5314
4566
823
5688
4554
2445
2185
4677
2402
4546
4635
1300
3766
4654
2722
6
2746
2100
3899
3383
2147
3869
3406
3900
5240
4835
3555
3964
3173
1049
698
4111
1674
1555
3680
4448
493
4472
2186
3434
2851
1851
3385
3130
1556
4128
158
271
1744
4903
2556
4254
4261
1445
2641
114
3291
1558
594
3131
457
363
4228
2751
3264
3330
1911
117
4050
5544
2889
1582
3763
5689
1743
4401
3895
2513
2774
1885
3940
4055
119
4708
1580
4991
2990
4973
4765
4197
2270
5215
4143
1519
1191
4171
96
3609
4863
2604
4475
3349
4268
2770
1355
1046
4509
583
4110
3335
1342
5411
2447
4486
5016
1530
3388
3385
179
181
977
5388
1464
1594
671
401
1868
3160
312
4804
362
3880
3372
3808
1307
3350
3791
2009
2454
1579
1182
3698
5644
2392
1145
2570
5376
1151
3544
4470
5653
320
1506
1715
5145
3689
3217
4758
4255
1992
67
4894
4077
5125
2482
2349
3317
4202
5370
3448
4829
1542
5222
924
3605
632
3906
3939
4728
4116
929
1126
4953
3060
2397
1585
3407
4951
1086
2535
2296
5
4101
5114
2445
3819
783
4012
4275
2039
3179
1454
4470
3036
710
3351
1465
3880
4035
951
2391
3112
4882
3018
1167
1473
1829
1460
5133
609
5662
2746
3846
2039
5307
2495
3548
1377
1714
2999
3730
555
210
534
4961
2150
2201
3320
1655
5441
5219
1310
2915
5043
4790
5644
444
3310
794
4430
185
3312
382
5110
5665
2994
5284
1889
1867
4122
801
937
2898
5686
2046
4539
5023
3157
3684
5602
3524
327
5532
4967
4051
3555
1449
769
5445
182
1527
4701
1455
2113
2071
2170
2529
799
1563
2422
1542
2235
35
3364
683
4667
3284
4110
1073
901
22
4237
5298
1169
138
5659
3924
1912
4078
628
3564
3912
89
2988
4549
1294
3119
4774
3621
3084
5095
2559
5586
1742
455
32
2841
4604
2547
2549
2655
1463
4947
131
4907
4795
2972
2045
1454
5546
5268
2228
2129
5519
2248
4597
5368
4251
3416
3091
2601
1234
2269
5551
617
3258
35
2547
1291
1779
2745
4921
3260
1326
769
2976
1022
2885
1218
2229
2528
2265
2934
4847
192
3617
5618
600
5668
1174
2241
4178
1372
1336
5316
3235
1323
848
4903
3332
316
4841
3798
1336
963
990
2844
3296
3890
184
4974
5651
3023
4540
3954
4972
3951
1264
2205
1191
634
2000
4397
2574
4200
4206
2692
808
2804
3403
3583
476
5278
1552
2879
4281
4241
4920
3744
4049
2301
2027
2244
2090
4871
851
684
3926
1625
4873
3483
5649
3638
4239
3556
1898
3561
3347
4330
5412
5029
1737
3587
3195
1915
4650
4124
3716
1785
948
3057
4840
4022
4518
366
2730
2935
3322
3627
3942
2448
5307
1194
3684
3014
4150
4570
2668
1713
3942
3119
938
2636
5396
749
2564
292
4369
2844
2191
2139
5179
2210
1031
303
5304
555
2398
1719
4095
1109
103
610
109
2754
3403
3713
2184
1673
1898
5424
4406
2866
4805
5473
1117
843
2933
2148
3534
4011
1603
2453
4225
1444
1303
2419
5637
5192
2847
1673
5272
5330
5480
2854
1355
3260
379
5499
2100
2016
1718
3096
554
5605
4797
4963
4474
1866
4266
2028
3789
2572
4369
2480
2389
566
4278
1842
1717
1101
2856
1372
992
4776
4494
5010
2988
2432
2067
4638
2718
817
4840
5336
255
2059
5410
5231
5520
2932
5008
631
4338
4578
1098
1228
2598
1679
5443
4343
3069
2297
3824
143
4855
3629
1084
2419
2316
2577
3405
3205
194
1896
5300
2420
3266
646
3810
3116
3097
188
1558
4822
1205
4737
1371
2369
1141
4622
542
5376
228
1458
1666
5660
1972
597
5641
2102
3882
993
4930
522
3768
394
2637
123
2700
4500
3294
4858
319
4997
4535
3768
2123
5464
3589
2213
3561
495
676
2745
1432
3360
823
1177
5117
4811
1478
4136
1367
5420
2380
4034
3784
1966
606
1856
5084
4942
1483
4183
1597
942
3464
4990
1142
3813
2382
1974
1761
4546
3051
4204
282
258
23
3301
2677
1862
4863
3847
692
5658
3968
2890
2201
4545
4668
154
728
1123
1414
3943
1723
5322
3682
5063
5484
428
3701
597
2242
1859
2276
4055
4948
4905
2756
4093
1623
3261
1386
4899
4917
927
2690
3860
3472
584
911
4134
3086
4703
1967
3108
5441
5472
3775
4742
726
4994
3356
477
3595
3892
2869
3004
2924
4074
1965
5254
2276
4758
4564
5484
2340
3311
4925
4077
1313
336
1337
20
2380
292
4929
2783
14
746
5283
1146
2084
4402
4120
2648
1114
3586
4751
491
63
482
4711
2966
3900
1620
3680
4469
549
5407
4620
2319
5018
1893
3011
2026
4465
211
2321
1241
3518
328
1624
2878
2000
72
3624
5160
2412
2911
3399
3635
5032
4287
1954
3231
33
1209
4155
2491
2543
631
4781
2438
2444
1979
2106
3664
1890
4398
2897
1914
1856
87
653
5273
1630
4134
4297
4840
3853
2538
1
3102
4993
5326
3323
1914
341
5411
1068
1163
5558
520
4440
4916
4349
2866
5486
3470
5596
4709
4092
2735
519
2534
4681
3366
2824
3191
5425
2035
249
3789
1091
315
5218
3821
4868
2803
246
1040
4647
5463
4822
602
4456
2672
950
5600
2874
647
829
1585
1641
5071
159
224
840
2623
422
4748
1948
4132
2104
221
2279
1526
1163
817
2477
3895
4278
840
301
3461
2813
2495
4820
4303
451
4920
319
2560
5108
2676
2966
4943
2667
4032
965
3352
2390
4085
2383
1686
1797
1338
1744
2884
5251
4903
4698
4960
1975
1168
4756
352
2855
4862
1869
713
3264
3637
890
2738
1353
3260
746
4003
3181
3552
4736
4308
3206
5035
3771
3373
1515
142
13
1264
1241
13
343
147
665
1446
2866
3284
4504
4667
1555
1940
918
3610
593
1797
5208
4769
1473
4640
4839
3327
355
4720
2053
4839
5487
3372
2756
1491
574
4727
1755
8
285
493
4031
5478
1409
4112
3026
3836
2631
3500
3380
1543
101
94
1923
827
4180
2455
1656
5206
452
1710
2666
4557
666
843
5229
3951
3583
4541
3140
2310
3484
3880
3913
5664
5231
575
4002
37
2885
1845
5438
4726
2904
2586
4054
4786
3111
990
3113
3350
4591
3062
2061
3271
615
3436
3452
4726
964
58
3122
5477
1507
5080
4513
5510
32
1251
1344
4999
440
1807
3800
750
4282
4354
3837
4702
754
561
5576
88
2510
1362
1555
791
4429
389
1491
1982
5260
5250
410
708
5205
4973
1638
4209
161
2370
1411
4458
5428
3103
4183
3639
2328
4307
526
4106
2057
3504
856
3924
2531
971
1837
4628
596
5462
1006
1177
3674
579
2791
2096
916
5578
4221
4588
4403
3607
543
1869
4470
283
1066
459
1076
1660
2464
96
794
1438
1554
2004
325
1586
3120
3621
129
2005
4823
1712
195
1972
5484
1143
5036
2304
5111
4860
4610
4887
2934
2089
4359
4356
5184
2374
2778
1844
2936
5577
3057
2567
960
3276
4162
2557
1527
4861
5522
3569
1227
2914
1668
5049
4350
153
3009
1143
2637
3522
190
2125
4986
3412
3760
2769
2352
619
4393
808
1417
3777
4537
3869
2264
4491
1713
857
2406
372
4724
465
4201
1076
5328
3176
2362
269
300
2624
398
5594
4565
1498
1769
910
3406
1821
3455
5369
2588
5160
1398
2311
1012
4611
5335
97
3588
3705
4126
4498
2862
1376
5549
2619
1229
4387
5088
5681
3624
4038
3507
503
3504
1048
886
5231
529
2359
2752
3267
5694
2862
1466
4151
187
4635
2777
5028
1024
822
1378
1946
1983
4448
2304
290
1323
3132
3319
2841
5140
3357
180
3325
4111
2328
4377
4597
1502
2121
4735
1203
699
1109
2124
136
2276
2054
5265
997
4792
4288
2280
1587
5484
4745
1891
2157
3611
1813
5026
726
1849
1429
5191
238
36
2410
124
5195
2469
5491
4221
1871
2270
4444
3947
2631
4964
2263
4816
3089
881
5339
2925
3746
3126
1607
4981
2347
5528
3624
2685
4635
992
1249
797
4885
1580
1870
898
1746
2209
750
2880
2445
1548
3259
973
903
1443
940
4723
4001
1997
1805
2913
1588
4156
4738
5033
4514
2668
3751
5529
5193
354
1352
2395
5320
626
4526
2801
4475
3715
18
2793
1477
266
4902
2749
4418
1666
5004
3908
5122
1346
661
3510
3655
2226
41
515
3384
5258
5145
3833
3312
1383
2014
5032
4904
163
3090
1354
3248
586
5550
79
4459
2642
5616
2548
429
5104
5419
217
4971
4414
2745
3486
300
392
3547
3801
4073
5363
637
4686
4723
1410
3137
4388
2212
687
2689
1231
4753
5059
1380
887
2000
1252
3695
5174
1349
3682
3401
1862
270
3520
5531
3165
57
2679
1261
2242
1815
5370
86
4860
559
956
2304
3016
2499
1765
3228
4930
2622
5159
1456
2910
4019
3164
3483
5087
888
801
2164
5449
5288
1029
5509
2561
4080
4777
752
4137
3071
1422
1954
1349
5116
4270
5617
2400
3042
1719
5165
5548
5602
3088
3204
5125
2666
2992
4924
5026
5644
746
2786
5196
1511
5462
4525
2125
2457
5115
1799
5543
2937
2574
2331
2759
3214
2110
2307
4053
4817
607
5620
2905
525
2266
1419
1319
13
102
1684
3877
1149
3375
508
3110
2951
604
2613
5202
4796
1982
5105
5658
3037
3241
1082
4927
5516
5570
3356
926
1822
129
2177
4938
2986
5216
2515
4031
1319
2277
5508
4841
3757
3246
718
1471
2547
5079
2620
4366
5592
793
5029
1544
96
1145
1292
1319
3220
1818
4546
1489
1686
3797
5575
2399
354
4153
1
2367
2312
2545
3510
1222
4645
2854
899
4297
220
4049
2965
127
3904
4097
5673
1449
5554
89
3836
2885
2554
4570
1083
409
1172
1968
310
3803
393
5687
2969
1074
4758
1046
2105
3054
5330
2701
910
2920
2866
3872
3416
4091
2256
3744
4411
1324
4935
1889
236
5192
459
5685
3709
2315
1061
2229
4833
1774
2925
4595
2490
4238
2270
2943
2325
5453
2495
3517
3465
1823
2890
4551
1700
4626
2796
2990
4931
5150
3288
1442
4684
659
1362
1635
2884
2656
5527
1786
5190
441
2951
2732
3952
2992
881
4455
2178
397
4041
1373
2874
2182
640
5372
2205
3110
1918
2786
3605
512
370
2722
1451
4447
4860
940
5167
4959
658
4938
5538
2201
4425
131
1351
411
2412
3980
2095
546
880
1242
4723
2436
1205
2893
1796
5688
1841
3228
3214
2897
4699
4809
59
5328
1686
4179
93
3789
1090
2430
373
2087
5159
3111
3738
4252
3332
1158
3586
5374
2217
2930
4264
2058
1377
2575
582
3284
3226
5285
3147
3106
2388
1710
4641
348
5543
2956
2492
2659
2944
4546
1909
4792
2356
5340
4909
4135
4078
2739
53
1561
3047
5602
2276
4855
2267
2030
1247
2791
5618
4993
237
348
579
72
2946
1558
2346
1691
4683
4435
1876
4166
4138
818
4932
735
3263
1869
5485
2525
2961
4853
4015
1418
4952
2470
4307
1991
7
1866
5435
343
2926
1762
4340
4267
3227
5651
2538
4853
1236
815
410
4888
2956
4584
665
3806
2015
2113
2512
3551
190
4275
1190
1095
2044
3551
3273
3055
3418
3262
936
1685
2655
4146
4052
4691
1961
156
305
586
2619
879
2231
742
779
3659
4225
1386
5663
3649
4452
2340
3723
3941
4594
4810
5628
1910
4995
2086
5012
4754
1956
4597
342
1333
1390
502
5427
927
116
3386
4209
4111
97
2350
2310
3842
3776
3639
4715
5195
2425
2114
4067
577
5147
1882
2915
2736
4343
3176
5632
3871
5380
1843
4942
930
513
4976
3863
5281
2957
2501
3467
3069
2568
2402
1896
1461
4619
1520
456
382
3306
652
2761
3589
5389
2923
1170
1744
1545
2429
2472
1545
3641
5516
5524
1041
1334
293
4993
302
2403
181
5260
381
4576
1815
2022
1255
2026
5112
4497
917
5260
3178
3706
4386
4980
4424
1346
4322
395
2618
2665
3733
4068
3403
2791
2900
3118
3230
1581
5097
3437
3122
2554
4564
3065
791
5291
3819
3943
4600
3038
4745
3229
2178
5056
4364
5023
3571
1022
2016
4538
1544
4938
3804
3718
2427
2577
4327
1436
3807
4528
44
795
1334
2664
3358
4436
5437
2917
1570
1317
4100
3611
988
4228
1154
3475
3142
1678
333
3183
1661
2340
179
111
1021
5036
1935
4047
3478
593
1514
1160
5409
5482
2489
1383
4073
5613
2207
2458
2011
3997
4979
5476
3821
268
5137
187
1446
4968
5446
5083
5401
1252
4293
330
1593
4779
5419
2727
1967
1470
1335
5121
2077
1413
3399
2517
5514
3775
3609
4474
4772
4096
1982
2269
5648
5485
1997
4368
5265
13
2418
5660
4179
5125
25
31
2708
2581
5277
2361
4035
140
369
1028
3293
3328
4697
5111
3975
1968
2554
5580
2465
3963
1180
866
8
3914
1779
4651
2765
4006
417
556
1703
1944
2132
3096
3319
3039
2310
4344
1902
3423
3474
777
4199
4234
3050
3186
3472
4835
1036
2139
2721
5374
3131
1542
3528
2765
916
270
1090
5507
2187
959
3519
4353
35
3596
4571
288
3846
1821
2295
2432
2295
2415
181
460
4519
4071
2976
4669
4323
3251
4517
1876
2975
4688
4673
2354
4532
4830
5144
4876
487
782
328
5233
5333