12114
10985
4717
1617
12743
4683
4003
5955
12346
5080
9374
6037
8099
1151
9836
4847
5828
12210
1331
7801
1668
7851
9860
3906
343
8333
900
3142
1059
7432
7852
7515
1297
145
1868
7332
6148
11863
9296
3238
6001
10292
7155
5844
5370
11621
2163
8394
10263
7524
6479
617
3763
12122
580
6192
3391
1843
6375
2329
8278
2843
12709
3589
8945
1876
2333
8886
844
3335
4387
6415
8608
11864
2997
10423
6597
992
2303
7664
8281
2270
11602
11974
7019
3003
11017
2560
10591
948
7449
5843
7481
11757
6117
11727
1761
3127
3427
1321
6135
12786
3708
1801
5719
6288
1953
3550
10099
11346
3496
9070
4819
3924
4300
1303
4661
1134
4892
567
11077
9928
4711
12550
6011
4018
6244
10576
4417
7522
10928
11926
1801
10633
6941
10512
934
2496
10418
8364
7259
2423
8831
10862
10044
3279
475
9123
9168
9591
11123
2804
9595
6502
1987
11212
8055
659
4949
9554
3261
432
8291
6840
3143
2920
7534
2242
2898
5716
10226
9527
2801
568
1158
4169
12631
4618
11921
7135
11414
756
5702
8286
5586
4968
12256
11137
5781
2862
2191
8888
8262
890
9224
7657
4660
7002
9245
5247
5342
4521
7908
3751
9340
3767
2491
4768
11637
12127
4342
7457
4298
1406
11269
8292
3216
9897
2
3000
10354
3379
7959
2886
5724
5167
11085
12379
453
7972
6972
111
3487
7237
9976
2521
376
9355
1175
4365
8817
1937
8541
8549
8644
4018
5482
1851
3189
33
9250
8246
9501
12691
6931
11570
8232
3333
520
3546
6148
3428
5320
5400
7726
4226
11688
4004
11705
10242
7356
7276
1267
6345
4095
7945
3265
8546
9139
1435
474
3571
7905
10655
6879
205
5007
5160
2036
3966
5194
8695
8697
473
1790
11190
3953
3223
5148
10352
7222
5442
12406
3348
8314
3135
11965
3505
9213
3601
7132
11880
10279
9599
4129
6588
1592
1533
7112
4544
3061
5291
9080
4149
2057
6315
7496
2611
260
9824
1489
5416
3884
11285
4197
5640
1770
5972
2555
8114
3316
2660
5115
8700
12236
11376
2651
8910
8582
7976
11317
1140
6202
10864
9435
9225
595
9823
1674
10897
7205
5440
6783
6864
507
4310
4867
637
10800
1885
2024
11698
6673
6582
6811
11667
1528
8402
5369
1150
127
3970
10376
6162
11867
4265
1094
7637
3560
12316
7440
5598
1922
6172
11881
5610
11714
11055
9658
3898
4821
2656
8934
2115
1897
7087
9460
10836
3751
6871
2483
9895
8106
1267
7525
3961
3960
12185
8725
2501
8603
712
1206
7521
10985
10875
9865
8321
12072
9627
2655
11865
3993
1542
2234
5447
4259
12078
2747
6819
8315
229
7437
11298
8714
10286
1793
5604
4069
9133
3634
11545
1740
10147
8826
4899
144
9883
11504
8837
6251
2462
8456
1357
7246
3020
2259
3140
4964
11872
7261
7998
11583
8995
1853
4812
9677
11719
3047
12094
12528
324
3163
7553
12767
6807
2825
3357
2416
10880
3381
1713
1793
3917
8921
6584
6849
8156
8090
2704
9871
9761
8088
8424
7693
2413
8670
9611
11256
6122
3730
8458
7868
3811
8434
8559
12318
5328
5942
1136
12513
12447
9210
12695
7945
919
1211
11130
5704
4121
6560
3778
10767
1447
5539
1812
8923
12421
7832
5458
10657
1681
1535
6069
7552
3592
11844
3828
9128
3692
9238
5835
4453
3310
3371
11523
3420
11916
9344
1290
6990
5044
1453
3071
5971
4851
3390
43
4376
2366
9207
6676
4287
12454
11276
2930
5216
256
6724
3145
12095
9076
993
8725
7229
7069
2632
8639
6956
1102
1417
10478
11971
5055
12406
1176
2277
2117
12443
4643
8740
11459
10250
4862
3301
1874
3289
9677
12696
8153
2802
2604
6274
1889
348
854
2670
11637
9803
10557
1281
7471
11511
8651
1717
3649
3137
9559
2628
10679
3688
5006
8825
2530
6554
4743
1726
6497
6791
7973
5591
6625
4595
9494
9889
4674
3739
8818
3796
625
10492
3996
3559
444
2129
1500
9115
9445
9715
4239
5515
9577
10054
5822
5920
1121
4667
9659
9522
3248
10119
8410
5022
10499
1735
3083
5112
510
9706
915
8627
9553
5608
8374
652
1957
10257
8465
8114
11897
2069
8423
251
3738
12425
4459
7950
158
6763
944
3385
8447
3010
616
11656
12059
11962
4742
2652
5085
11242
10773
10555
5361
6436
11681
3131
2644
1253
154
5924
11330
1990
16
440
3278
3386
7948
2956
8619
6198
6985
3391
9295
9010
159
10722
9929
11744
8174
5081
896
8881
3693
941
10988
5716
11321
4815
8091
1627
11890
12596
11597
4468
2241
4642
1448
4210
1006
6240
11831
2534
10094
5880
3100
1495
12145
4089
6594
6757
8125
3524
7387
6755
7711
1804
1778
10598
5386
954
4653
10700
1682
10201
11321
2515
10130
4067
379
5211
11746
412
10430
9225
3091
9202
10555
8947
8329
7412
7425
12753
7492
3998
4926
4251
11944
4420
5771
6966
11594
11246
6804
3151
1713
1317
10170
10132
2123
5416
4757
2598
3797
9024
9121
9363
10974
3880
6845
8458
4372
6655
7757
6133
8866
9929
7926
566
4140
3521
7462
5166
8429
7778
4057
5268
7966
11136
4959
9746
2979
6665
5602
5947
3507
1007
3390
8983
6023
3060
4961
8691
7303
4474
5503
983
9220
4469
9896
3240
9505
8248
9992
7334
12689
537
10767
12689
11995
7003
1959
11338
5980
625
10399
3684
12597
2772
10773
5826
8424
893
5289
2127
4620
7567
7285
782
9072
3905
480
504
1530
9307
5292
8586
11049
4918
9651
10038
10380
1815
4229
11602
2973
7355
584
206
457
9453
6525
2007
8191
1471
7979
3325
3305
6829
9493
5895
2294
988
11366
10702
8140
600
2971
7053
8426
6092
5301
5403
8685
221
4030
4632
292
11400
2488
11944
6601
7813
3573
5013
4954
1197
178
2754
1348
9221
7098
6272
11124
5762
4045
7830
7422
10691
125
1270
7845
5352
11081
4120
10775
3681
8823
11343
7661
12497
12704
9036
6515
7319
10576
12460
1095
3657
145
187
8961
10518
4545
12563
10898
10779
4015
11874
3082
4223
7597
3729
8296
8459
1134
4501
2292
556
8353
9718
2185
12025
10399
6080
12050
5443
3326
2676
11893
11863
8488
2325
3208
6348
5148
5931
10583
10353
9780
11992
11033
3737
7590
3044
10659
6061
107
6191
9967
6386
9465
11857
4479
5392
8225
427
7517
3350
4037
5569
9398
7193
8073
10942
9768
7816
9809
2198
718
7234
11959
148
4773
1427
12142
12551
8592
12272
12425
6779
1488
6559
7744
5007
7129
933
1568
3091
1111
4262
5041
671
8635
12362
613
11806
1515
686
8258
9643
7011
4469
2225
3952
5738
2078
7554
139
2568
10089
3005
12352
6022
4071
5912
9002
473
3091
383
7917
3029
10546
3239
5297
7755
3180
6226
10089
9427
3393
4962
3406
4562
11506
18
8707
7137
8390
11932
11334
5852
4679
10511
11247
9818
3801
8625
1705
787
12792
2550
5535
845
10062
10730
4795
7485
479
2755
2439
4706
2844
9258
11205
375
11107
10108
4063
5535
9876
1664
11796
6526
1799
9732
3970
8163
4587
12627
3810
216
11415
2320
7772
11298
11070
8644
944
4002
7422
10498
2250
7830
4069
9205
4556
2852
3575
11865
5912
2485
7396
4621
10513
9676
9677
4295
23
922
3088
10040
7901
11805
2145
3681
6812
12151
11619
6319
9865
296
2720
9913
9442
6100
5288
6664
8994
5857
4564
454
12031
12604
8745
9333
8005
6026
2127
12232
241
4226
5888
4696
10689
1788
6819
12313
6217
174
3941
12088
428
7457
1285
4981
10580
6363
4304
7703
11301
5216
158
4601
12738
1482
6195
7255
8458
4831
8507
12138
8575
7059
9739
9598
12243
2287
3088
1744
4325
3160
3722
7326
8990
9688
7961
4239
8497
4572
12663
5869
2156
12696
9865
3769
2380
2690
1051
5980
7914
4870
9126
1907
6299
3396
5619
12560
9348
6744
490
8240
378
4695
7162
2154
9724
1025
609
5231
7847
6833
8099
545
2400
7539
4010
3820
114
9893
3249
11901
10971
8134
6824
467
4394
4366
9366
8087
9774
9738
5077
1648
3589
2476
2196
8512
7592
10217
1360
213
7702
7284
5082
5534
6065
5885
1065
3098
5215
7473
6175
4861
507
9360
4535
2205
7670
9671
6335
11223
7784
3138
1944
10421
9807
8643
9156
8204
5675
7592
7827
8830
12440
1944
3406
12635
12748
6733
567
9878
3762
7743
9221
3256
6786
11227
1946
10257
4449
10710
8454
5806
11446
5544
5515
1520
6623
11141
6292
2667
6697
4508
679
9217
3789
3848
8613
284
10710
7452
6831
8922
1727
12055
989
451
4344
6671
7921
3678
12535
9483
3719
2492
8164
9693
5412
6439
8841
3372
12073
8446
12777
8082
2154
6651
6065
11899
6251
9526
777
534
3489
10719
6030
11929
10836
12422
1662
8622
9575
5923
772
5056
8573
10719
12091
5095
4047
12409
9122
8925
10131
8177
10008
8537
462
7938
3544
9514
2578
6291
7730
8396
7588
11314
5632
11403
6261
3651
8205
688
336
10837
11735
6914
5311
12072
8043
8309
3165
10560
8213
4742
10793
1480
51
3267
2166
5350
11172
5280
1801
9073
3595
4602
6540
10666
2458
2998
416
4683
1962
434
6215
1690
9480
7521
8164
7657
10735
5303
8939
8073
7244
4272
11112
10080
2788
12672
1486
1216
4293
10176
6997
4386
11494
5261
10167
10947
3336
7695
5394
9124
1680
10896
9853
7046
6727
7038
5044
12293
9957
9299
982
235
3397
7512
1438
8196
5901
11181
1772
4375
1047
6936
11886
2544
5419
7579
10652
1461
5755
12260
5116
5738
3549
8334
4845
3912
2422
7654
8488
3975
6963
10990
8212
5086
654
267
6650
4233
11248
629
5642
370
10673
4147
1646
9541
6447
8515
3965
10955
8567
5794
8024
3312
11103
9681
3823
4908
10326
8766
7410
11022
8662
10469
3764
10676
3076
3739
1696
1927
7899
7020
10933
6556
3171
1288
8852
2325
212
10699
6405
4116
10731
5655
12
5500
8956
4125
4026
12247
10366
5726
10482
2182
100
4512
11645
6752
8129
6679
8194
6917
12622
7057
4257
6090
3965
10066
8082
5441
12034
6165
6692
518
7982
9961
724
10365
1144
11226
4227
2613
2588
12508
2301
10304
11106
6826
11225
3561
9044
4339
7151
1072
7084
12364
8337
6288
8300
8746
8204
4052
5894
5324
7859
6272
4417
6574
3760
7787
2410
11328
7144
10249
8351
6120
12609
10895
10605
8172
2794
6559
4012
1305
5911
795
6012
3062
8412
4244
10049
3697
3713
619
2853
1339
4773
12131
7460
2520
4120
2965
3526
8863
5968
9441
5839
7689
8907
6271
9773
7896
608
3355
8620
5976
6424
2664
11748
2455
10324
413
8370
170
188
11153
1639
3935
3695
8318
901
6184
10335
8991
2319
4894
3815
2899
10212
6666
11832
4583
11967
3258
5657
953
4486
6290
7127
6923
438
2927
1808
9815
3867
7087
3915
6183
8298
7451
5226
8213
12180
12034
4522
1837
5611
6576
1443
10954
7561
6645
9663
3214
4849
2919
481
8187
32
1746
9690
8554
3497
682
1735
10638
3714
6972
7111
6662
10858
10353
7407
861
6352
7655
9841
7507
4462
1757
1963
9640
4777
8153
10467
1165
7523
6644
11731
8896
9188
1447
3120
9737
12677
7962
9555
8878
1706
12181
900
8678
8810
10436
1566
3214
2506
3495
11989
6054
8618
8323
7441
9634
2732
10138
4183
12130
796
2170
9407
950
2400
2402
795
4423
2474
8961
1641
8046
4894
1354
9624
6548
4458
6578
5713
9002
10086
4725
6980
12297
10623
12054
945
10995
3816
5920
3989
9409
11327
147
6907
8753
10830
9462
3340
11990
7578
2311
3262
3393
8680
1332
5460
3401
7991
11467
889
8298
3090
12073
2103
8181
379
5943
993
8789
10849
2521
8726
10654
240
6686
4817
9420
7325
10532
7725
1486
5804
1589
8860
3224
10133
10168
12373
7440
10801
4625
10841
11102
6007
3121
8022
4944
1138
6802
9863
12
6216
10760
5693
6263
3855
8524
3762
3259
9917
1924
2441
5521
1108
11430
4902
12629
10092
1444
5874
8667
4110
2220
4976
9370
1732
3845
8183
4574
11569
8733
2501
8702
7424
11914
9467
2906
9310
12601
7220
6765
3336
10156
2546
11021
12607
8126
8580
2389
3399
5768
7004
7256
5856
470
2772
8676
6382
6001
3955
5234
3497
4839
10801
8822
7396
11749
11754
6447
9902
5108
2377
4345
3632
8260
8972
7598
7982
374
10791
1022
5912
6682
1083
12313
12314
3274
10308
9775
7437
8873
9338
8029
8816
4840
2725
11680
12075
2917
9699
723
1054
753
6993
11830
9505
8127
1867
11621
1710
9730
12628
8553
6883
8050
7449
547
10375
6909
2102
9440
8915
4533
11279
10042
2427
5215
6480
7900
9754
7116
7322
11818
11071
10908
10804
2378
3280
1662
279
6323
5869
10760
8746
481
3535
4966
6801
5757
10063
5435
1945
6737
7033
9977
3940
377
7069
12337
10556
9149
5747
10010
11133
2302
675
4467
32
379
10905
5253
7788
4870
8025
5872
3680
748
11235
9202
8222
7165
196
1032
9697
10823
2317
5553
10489
11431
10614
7525
1247
12298
838
10264
8674
4693
4333
686
7238
12046
12715
2083
10028
1765
11498
11346
3172
6762
726
2420
8179
711
5050
2483
10519
4666
460
9870
8907
8683
10679
4019
12698
9939
4986
5197
7649
7039
4834
6329
937
1413
3490
10446
10298
11094
11081
299
6726
3266
480
4085
6542
5256
4234
9958
5072
4060
442
12577
2675
288
676
1879
12422
1190
140
5442
6558
4800
8113
366
5964
9661
6118
6263
12588
1281
4375
5032
10409
8975
6146
6564
9690
12782
9878
9444
160
5040
1393
7800
6438
6704
9688
8423
12162
5624
8490
1653
9472
5078
10004
8988
9136
4715
6508
1460
6744
10767
6964
7136
2954
2967
4335
7187
6748
4308
11876
9199
1948
7683
3413
3786
7318
7641
1016
6429
11920
6780
4692
6645
3456
12743
3784
2101
4841
2456
2629
9129
8530
1919
1822
10561
8820
9521
2491
8632
6932
5027
8163
9214
10644
6155
6158
1173
8266
7180
5942
11139
8652
11914
4147
9697
2551
10370
454
4316
5660
3706
8125
9804
7285
8927
2933
8029
10313
11661
8860
2758
11672
7204
3874
9605
1514
11000
6887
7978
5624
10017
3696
5324
6616
9876
12022
10932
9320
5718
4517
9710
5739
960
2660
8118
8530
7594
6904
5575
2483
9354
10399
11360
2329
11097
10708
4093
4487
11678
9456
265
1348
11419
8686
10104
6281
3745
5957
3569
3974
1332
11612
2072
1662
9422
5864
11930
8406
8184
9126
9684
2976
12476
4570
5938
6343
12395
2263
2407
3087
517
8977
9144
6605
4052
9209
2956
10608
4507
11338
2459
9095
7679
6870
4698
11309
7409
1663
1268
5912
946
5820
11015
7869
8869
11442
4658
5683
10039
831
5169
1576
112
341
7250
9559
12536
6790
6237
8653
49
11771
4116
5628
2665
3008
4750
9356
5735
3922
8370
6466
1868
8897
11894
4099
2989
1206
3387
12263
8495
5538
10571
11670
4194
9083
6878
12325
8056
10009
2311
4905
10621
695
4651
4988
7352
10241
11332
2105
3650
10519
9775
2626
238
9981
9111
7093
11608
5891
1933
1049
1748
7770
3893
2181
1626
10417
4365
7021
11224
3538
9012
3797
790
8565
11605
2602
8893
2391
8934
3073
7192
6094
7520
10736
8507
4024
3139
11039
9069
9859
5395
7371
6543
1530
8871
1791
2910
3790
11432
335
4656
8875
9392
10866
10365
6261
6087
2514
6148
2298
271
4309
8788
380
11328
7485
6870
10209
8700
6118
6594
7144
6350
8464
1389
12502
4537
8336
9275
6629
3150
893
6426
9065
10051
2057
5225
6865
6855
5416
6680
7375
2983
1119
7177
9705
363
7808
4549
12328
9024
1105
11969
10454
2028
5214
4820
5602
8790
2676
3953
8351
3915
10852
10188
10768
12707
151
3956
1756
7141
11271
2538
9131
9130
84
11967
2454
5872
7646
10871
1844
2092
2542
1435
6316
9162
11174
12226
7309
10907
1553
10314
10378
4110
11078
4879
4266
7104
12570
3577
3056
5552
143
7833
556
2131
12392
12350
7239
7955
12370
705
982
8919
3082
11977
129
3842
7795
4817
5050
5718
1500
1746
1055
2284
11086
9822
3437
5791
1896
893
12657
1592
9803
7087
10279
2092
8
2603
5317
5958
8268
10601
11468
7816
973
12367
3184
2256
6245
12289
12362
3576
1245
11851
10155
8559
1943
5122
1769
2063
8551
7545
6443
9947
3698
8332
5792
6890
12234
3868
9385
161
3370
5293
246
8530
1831
4393
1855
10373
1654
10028
5021
1421
3976
7849
3566
3018
2317
2305
10339
2618
3641
12670
11081
4143
1981
10192
12277
1331
3113
10521
7908
12195
225
4879
5865
2849
11002
4732
4082
11226
7908
5214
4223
7805
10015
8090
6408
1026
3763
12295
5226
6516
11481
6006
6152
10519
256
6469
8983
3263
9841
6257
2799
55
11391
7926
11284
11651
6863
4837
11719
586
11967
8036
10057
7445
7633
8944
5656
8293
7490
5923
4246
7698
7364
12514
8885
11122
1435
4576
5786
11422
9508
4285
949
2969
10029
9336
10684
2805
1603
11878
1854
126
31
12152
3218
6971
3100
9461
4849
3644
9765
10155
421
10221
3795
10928
11747
9063
3806
4924
3683
5949
5167
9969
10416
8552
2883
3674
8182
8257
9190
7276
1208
2805
10130
6828
1455
7576
790
5653
9237
8875
7768
941
8600
11267
10866
10343
820
12321
6102
2693
11249
2076
887
5144
12438
3661
4244
5067
3283
6885
5048
3460
6870
11901
6450
8898
10050
11794
9932
7107
5342
8128
443
6632
5423
4078
2769
6072
7188
9896
4058
3141
5663
1388
727
10665
10897
12403
11630
9570
6360
7551
461
2375
453
4747
342
9292
12482
1758
10101
3247
7349
11181
874
839
5706
9506
6463
6538
1051
442
8035
12663
3877
8522
7564
3756
4757
4087
12348
3292
12597
3147
10111
7760
5511
12551
6156
9226
1308
3587
12107
318
11957
6247
4180
12156
10263
8303
8566
5679
5511
4853
7465
5049
5232
129
1584
9722
6507
5819
5850
10934
4080
8488
7371
9036
12584
10483
1638
11094
6943
7781
11102
5715
10948
12468
6924
11466
3027
10934
8236
7316
758
7151
5367
11942
12764
74
12144
11667
5594
8445
11640
11837
10286
533
11542
3075
7308
3151
2827
10539
4700
4371
298
7725
2618
9686
2940
4907
7877
10781
3312
9827
2423
4714
6329
11831
1951
5294
12506
5596
5166
8013
6337
7469
11566
5501
7975
11476
822
7345
7471
12511
1267
1823
8238
11771
7441
647
2823
4770
11706
5923
7349
5986
5732
10955
9925
7113
1005
2456
4062
6966
8094
3012
4854
11734
6261
3752
6838
5129
2331
5457
7878
8273
8125
10523
5121
461
7489
4676
8067
9809
5852
11087
7873
1089
7636
12551
5839
4849
7016
6218
10315
10108
2977
7167
11128
10563
746
5793
6560
2514
12553
6636
11301
3919
7062
1378
5552
6678
3417
2518
912
4961
8293
6072
11397
12312
7644
5022
8195
5816
6673
3276
12773
2230
8458
10580
3720
3177
12355
1202
10408
12535
1022
10049
10523
9356
10297
2128
5309
10877
2047
12204
4069
9645
6045
8478
6226
9677
3349
7476
6804
3812
8626
10184
10579
11277
7070
530
3134
6071
9090
11496
3791
2798
8402
8244
9962
11501
9614
3667
8155
3198
7801
4419
4219
2106
4296
9692
11314
270
3057
3365
11535
5545
7272
12246
10934
1184
2315
4929
12584
6371
5890
5261
11393
2503
7193
3901
248
2599
3999
9234
9469
7392
8916
1060
4124
2197
7036
5219
7622
10343
6892
11000
9959
11825
7791
7767
7131
10773
10542
1418
9236
3784
7326
142
1729
4276
11436
8919
12346
7412
10197
148
10744
3044
5220
2087
10666
7371
3051
12626
9020
7776
7541
2614
4145
11941
3618
3288
8792
72
2249
5011
8295
4672
11045
3901
9712
2622
10009
1895
9872
12665
8212
4259
7079
6908
4165
1674
12605
721
6226
1899
3828
4441
12588
11087
10300
11007
11562
8127
7905
6427
6699
4509
3129
4700
1789
115
12350
6444
8092
6911
489
9577
8727
8600
6077
2182
10601
2829
6900
4570
541
1690
853
9565
7450
11371
4332
8008
7286
11863
995
12319
10382
3753
5986
10238
3508
11758
9263
1873
3166
9970
3925
11702
4489
230
11011
502
11784
11136
4378
4114
898
11557
11665
12664
6322
10367
2843
9187
5
7925
12535
12177
6242
7825
7782
2725
6950
10968
3757
6227
5148
7675
461
4964
214
11156
5196
1996
799
8747
3174
8041
5759
5118
1136
12243
5029
4762
3498
3080
9886
11134
3215
1042
5273
5001
700
2352
1291
4340
2847
8578
7463
8258
5613
1385
11643
8534
7478
4746
8254
6752
61
2018
7406
4529
10518
218
5247
6608
2992
2665
8203
446
5308
130
9853
815
6167
6524
5324
4138
3207
9391
10675
9322
6852
966
9137
2332
8227
8347
6589
12517
7449
7522
7364
11794
7129
604
11493
4566
6239
5960
3429
11613
8939
6961
8959
4374
5597
3084
7738
8686
5782
5198
1359
2592
3048
9657
4361
6912
5744
12270
2506
7254
8701
10196
12762
2230
7447
9445
4710
10236
2587
11909
536
318
12426
7352
8013
6750
3810
6705
11259
4675
6806
8467
2019
7253
10860
12023
7409
2650
9773
5213
8525
5815
5245
6422
10478
9532
5630
3477
3370
11677
5502
12061
11073
7462
8799
5429
7011
12104
6626
1235
5160
9595
9518
5134
5057
2207
6163
915
5757
122
62
3818
823
1560
11659
9404
4513
8998
5123
9896
507
2247
11972
3877
213
10455
186
6632
2584
10232
8425
2352
9972
10266
2332
8944
9407
3303
9847
436
2830
8898
5016
11154
10396
6915
2958
8207
3
6169
2739
71
4597
7883
3258
12021
4338
4904
9897
9991
7115
7312
1962
1560
9419
12077
7766
5419
2082
1112
3921
4188
2667
7060
3342
11839
9558
9982
3085
7877
4869
2334
1560
4232
1830
9480
6287
4777
1225
10193
10451
10961
4950
5769
5056
8380
12436
595
9868
1269
2283
7763
10205
1441
8737
3577
8869
6500
1980
12381
5788
3160
12285
10811
11308
2263
2752
5509
3423
6465
7589
5374
4966
3632
1476
12769
2548
11935
6700
7541
5061
808
3369
3718
11607
2657
6556
3741
2830
4005
9993
11475
2748
315
5057
4343
7651
511
341
9989
3977
3798
9905
11900
1850
12638
12288
8765
9362
3221
6855
9347
5557
3225
4391
5998
186
3830
9517
6618
8677
800
2128
10313
2489
1092
6677
10411
10424
8457
981
6661
11717
10716
8977
11224
8816
5180
1756
1384
3375
2890
9776
4906
9971
6495
4608
2902
5325
6735
10626
833
8582
1970
9695
2491
5072
9752
6972
5807
11032
10950
3689
4803
1418
4349
1961
7519
9713
8605
10308
12119
5219
5620
3768
8176
6897
10743
675
1771
3156
9364
12048
12486
10019
11801
3303
8681
11817
2957
9825
10887
2435
2390
11448
1059
273
8221
11250
9156
12624
2206
640
425
7427
8639
9347
7559
11373
10203
9018
11319
7829
3605
4021
3704
12246
9723
326
4563
2405
4917
2703
4532
2922
9464
11252
802
6319
4534
5533
7856
6988
10519
4552
12649
1273
6548
6077
5624
102
2643
11151
147
10555
5267
4639
675
11867
975
1538
6251
9096
439
11778
3675
957
5372
9317
9422
4428
2825
6286
11256
7043
6631
205
8265
4141
12283
10053
2373
6631
9289
10346
576
10783
4256
6652
7216
10161
1188
4799
8370
1670
2224
3368
12107
4158
6073
6116
1154
6345
9623
7096
2767
756
6385
1233
2731
4409
10112
2274
545
8571
3152
98
574
991
5861
11839
2671
9961
2778
1856
513
6964
8778
4801
7492
2527
4608
9227
6734
9964
11122
1403
8482
997
11112
6974
2199
7167
6854
2108
8732
10288
6683
7337
5009
9788
142
1777
8681
5963
6564
5930
5365
12168
4945
5721
10216
7323
11538
8773
9197
9036
6816
8915
12165
9831
3064
1062
4690
12285
4821
3453
3346
6932
6585
10570
12461
4840
6419
4318
5027
4561
8547
1571
6420
7945
12371
2598
8375
11169
1425
1506
8977
9349
6405
12237
11524
9713
8838
5735
11618
6033
163
10455
698
351
6844
5682
11596
5837
10016
1481
3897
668
393
6843
10793
6276
12063
12004
11754
11830
1776
7821
3543
73
6486
8465
10363
12114
12342
2671
6362
5461
12037
3899
5043
5930
9506
6953
5753
3732
4557
7189
4059
2824
1447
178
2991
3683
696
5570
9051
2159
2874
10856
3189
12486
11726
1066
2240
3576
433
7406
3782
9523
8422
12797
4009
6942
3586
10326
5853
2075
3019
9247
1333
1481
313
6157
8541
15
2022
5445
12122
6609
270
642
8279
4422
1810
4134
12099
12052
6789
8765
10740
682
9498
11583
168
10276
2168
8376
9523
9067
5824
7430
9328
10784
11226
6656
3232
654
11119
2556
3272
4381
12200
1809
8376
10073
7541
10324
7164
3884
11485
7401
6420
414
1959
2163
12693
9814
9066
12327
2657
5557
1501
1098
5366
5195
11775
265
4077
6199
8936
2229
8339
3438
11020
4807
2399
12090
6665
11177
702
5661
11964
7215
4536
11934
5396
12100
8807
6126
1610
1515
11542
7578
814
4671
10067
12004
3633
7531
12603
561
10725
3650
7433
8506
1146
7441
3309
8930
2138
955
3914
4777
11356
9175
3895
6518
12594
3456
6857
12523
11710
12695
1698
6363
8560
969
3002
8598
583
1016
6721
6203
4827
8805
9875
7975
9255
2231
8103
10738
5195
1370
2988
5614
6575
2366
1638
2251
4957
1518
11259
8340
5814
367
4607
12068
6931
2919
12594
4458
4841
7025
8234
8903
1070
5375
9388
3736
1124
7101
4640
1930
887
4023
10623
3781
1321
11358
4257
1735
6933
11266
6766
3211
2645
6051
9261
6091
10900
12166
3200
6838
7817
7337
9896
2120
9766
2484
6319
10342
3313
6827
8125
10501
7043
11088
10059
12290
10984
10703
9469
5912
3923
10142
6202
11607
11817
7756
3733
12108
289
11296
894
115
7526
8106
1836
5377
6045
10240
10798
11182
8629
12037
690
4449
6215
7083
9576
11536
10572
3953
9794
10878
4619
7475
11747
11711
12108
212
5290
272
4715
8825
1826
10323
9738
10799
6504
2965
97
4272
8902
3842
10497
10457
12718
2452
11249
9100
5602
7667
11329
4023
680
9425
8790
1372
11728
949
5421
1105
6097
12691
6389
10917
7277
350
12176
154
3104
2635
10205
1912
9745
3036
2028
9938
10903
5070
9709
1239
1643
2990
6983
3628
10029
12689
4736
7963
8073
11233
9769
8629
8208
9119
5095
721
8686
3629
3726
7933
205
1447
523
10678
3727
1454
12267
11247
3883
7387
1649
10437
12704
11413
2243
9767
5022
3587
2316
1676
11074
7354
12122
6243
5572
12430
3166
7478
11984
10220
2514
8614
6716
9639
1894
8951
12770
5525
3825
11843
1021
1490
8298
8855
1614
11673
9375
107
5997
7866
10425
8411
12229
11874
8613
5198
11528
2586
3562
10825
6158
12769
7847
2709
11696
6567
2145
5811
8982
2210
4244
11885
2417
11474
9737
12137
7107
12433
2749
10145
1849
10601
5886
7277
10506
6263
9836
12241
1477
283
5342
12170
4997
9756
10888
1322
9296
12007
11454
6767
1818
8616
12674
2819
5991
3334
11046
10883
6033
4538
10621
757
10289
10475
7444
12672
2183
431
2683
3274
3702
8209
1034
2911
412
7851
10357
4132
8492
1162
5670
6365
4351
5499
4954
956
5400
7528
8905
1964
8820
9773
2402
11016
6309
10395
147
4130
1366
11020
1479
8784
4043
11580
5664
10307
12480
5253
3092
6611
3395
3634
2433
825
7366
7545
6987
7101
5540
341
9880
9449
11350
10083
1701
10253
5900
11033
12691
6145
11304
4837
1031
653
3867
9605
3745
1287
1573
10835
10171
10913
7364
12719
6260
10814
5967
1027
8257
6032
11950
10825
4730
11807
1033
1136
12384
2392
3637
4965
4145
4965
11773
7784
11431
9517
8229
6815
712
6124
3716
9266
11228
10063
5854
7812
1393
10039
7238
11996
690
1463
7216
1288
2640
7568
10010
7163
4251
11343
4184
3788
9312
11096
5543
9870
5823
7408
9880
3511
5480
12174
3997
12749
10482
3184
5674
2845
10389
8378
6768
5146
7572
3753
7922
10819
7536
1687
5622
2684
7074
1701
12674
11111
9716
7139
6111
6248
2129
11958
7030
3833
909
7101
6636
9304
9962
8559
1152
9963
6048
3369
7893
1112
10385
5265
1109
10866
9180
8881
10439
2107
10768
4776
10589
8981
4785
9410
7971
10626
6238
11119
8624
8027
9278
11393
4631
7801
2861
9331
9834
10979
642
7815
6347
5868
4113
11811
12771
6850
10537
8120
4391
8105
229
2185
6883
3892
12529
2123
5803
5580
11007
975
5267
6998
4269
12521
9205
1648
8317
1834
5432
3780
9799
4453
10916
332
1922
12106
9986
11209
3618
1868
1284
1065
4980
5946
3103
1959
3249
10363
1883
12130
12169
5353
9624
8090
2082
6101
342
3199
11014
10123
4911
11385
5720
3579
8877
11640
11703
668
11387
6583
11798
2161
12500
4134
12280
3978
10865
6867
11443
12144
507
2622
20
12282
1604
12020
7525
767
2279
9584
8760
4121
8083
8332
7391
11434
4628
10982
3963
3735
2345
10274
6535
5556
7143
11528
11931
2850
5136
5430
591
12726
2476
3730
8711
4126
5119
3245
9939
9326
4897
948
438
4583
10796
2136
8189
10857
5436
7158
8331
10755
1879
7484
3217
10812
3438
7994
5232
595
10401
421
5128
3003
11503
2545
6921
329
5081
9783
6685
1705
2744
11962
5290
1693
10082
9092
10121
9808
5669
3350
4108
4123
9042
12232
2538
9399
4933
11096
4742
9117
9838
402
4836
12436
4970
12316
2730
4951
1197
8589
9630
10001
3200
7953
587
3259
6743
7377
9382
6059
8374
1574
7970
12190
3288
5685
7383
11767
2533
8417
1861
1758
10541
2138
8801
3256
6924
10787
3790
5641
911
615
2243
2680
9203
8960
10447
3521
9483
4146
6065
12300
2091
1864
9763
6416
2056
4365
7746
5897
4602
12636
4310
7246
5488
4317
6658
7751
12078
9930
10158
11893
12011
11109
11467
11910
10137
2029
5182
813
1205
4233
2605
12784
11133
9215
1009
6424
4357
10312
4868
8282
5763
422
6092
8947
829
5348
4115
3090
8825
10423
5818
6314
11880
4377
4099
9653
1940
11214
11614
9506
11526
10556
17
5896
2579
12610
11586
7692
10435
8448
11371
11276
205
10079
3258
678
8174
3534
3540
11210
7735
9065
11604
9622
1877
2637
2879
3855
8678
5738
6207
2536
8688
2720
3535
4711
2332
4201
7027
3432
6738
9504
12036
12536
5792
1602
3192
6105
9577
2354
7212
1335
2967
208
11942
12115
7589
7301
12401
6305
5928
4532
11031
9086
5734
6494
4412
2991
8941
10162
10775
3524
4275
7051
8288
8577
2473
5179
4629
10298
6464
861
7215
8240
2670
8351
3109
3172
2082
4958
9341
10391
6992
11576
10087
7270
10493
8734
10253
6473
7323
11428
6143
4007
8762
6071
1831
6860
3024
4445
1904
5868
12500
1684
2405
10875
515
11956
4914
6801
9234
2342
10931
5328
7579
3387
9448
2044
8468
1245
5453
5843
7608
1201
2471
4224
1701
12663
1179
5155
3978
12615
5873
9442
2706
1867
753
8761
11054
6863
5942
1728
5990
870
5312
11814
5170
5178
4305
1822
412
6699
9737
429
5861
8490
914
1798
9182
186
2091
12610
6465
9743
12021
10285
9403
658
1194
3969
6532
1862
7305
5515
473
6222
5540
9649
12135
11452
8932
7654
4676
12105
6773
7723
6798
5169
3315
10772
4603
7996
1226
2296
10045
7679
3015
6774
12113
10388
1935
6358
4322
4280
11381
1072
10996
7495
6351
3119
379
11648
11550
10335
8371
5070
5845
12583
6427
7841
8054
5048
6808
2375
7414
4040
5119
3583
10436
12479
11407
5982
2374
7873
517
10358
12705
4735
9013
3571
6531
4064
6989
9410
6512
1803
11993
1165
8101
8284
5661
6877
10500
8122
5859
10832
6608
5744
9043
5216
12387
375
5337
1406
313
9180
803
7829
11100
9890
9521
250
12607
2204
12282
9599
2800
3226
9928
926
5541
6458
4205
5580
11988
11845
7654
18
2765
12573
3164
8742
10809
12746
1809
11700
8799
5100
1311
7715
5334
8692
11785
12337
4302
7649
12690
7843
2850
8993
9806
11311
3770
2824
4808
8313
2742
7047
6068
8033
6944
3953
8418
6582
1609
12055
1146
1466
1948
7013
11799
3572
10197
7409
12337
4616
955
4918
6592
12771
9758
5242
7201
2000
5676
6654
4035
4987
1296
11971
12663
5010
3018
7610
414
477
2663
1831
4579
6014
8322
53
10558
1944
4218
2205
10803
2025
12307
5084
3698
4176
7591
1647
7886
10412
11263
6177
5116
10492
6550
2465
7406
4711
6120
8004
3095
9368
4283
8280
5991
10222
7883
9974
2580
5364
5079
10740
10090
483
8070
6076
7904
3496
3463
8086
2368
12161
3736
7974
5397
12473
7565
11232
1307
9100
11113
102
10732
3874
11194
10081
2062
12244
10530
2737
8603
6466
2341
7228
7490
12290
9906
10915
8429
10033
1541
8941
4987
2458
2226
7169
2296
5162
5646
10171
7576
8046
10646
12258
5424
8733
1959
8602
8935
10703
12467
284
6981
11636
86
9315
1609
5849
10905
8214
3731
10901
528
8508
3236
11052
6653
4945
2231
1944
6379
10059
4345
3934
269
4250
3927
10218
10401
11293
2256
11652
3939
4370
7687
6283
1541
9472
597
8790
8760
6962
11965
11354
2874
7905
958
9613
4592
1358
3553
4064
11007
9712
7012
4958
10208
4005
6256
4464
3344
1595
10171
2747
9348
628
1471
6282
9113
12407
7269
8952
3385
64
10573
4653
1053
5500
11328
5001
1994
6690
9364
3948
9639
7462
8527
8007
5676
11796
12687
9471
980
11111
1545
9810
6162
7660
1730
3201
9220
12713
2804
11304
4706
2767
9628
3335
11823
334
6809
2825
5704
2729
2086
4250
3382
6819
3806
6646
8490
448
4892
5679
1965
2214
11477
662
4210
906
2490
4456
12616
9242
4946
2062
12139
3364
2635
10076
11135
8387
7734
7585
664
9212
2748
1750
6353
10726
4184
8148
7887
7004
8011
4156
6313
1213
2822
5954
8643
7526
8083
11029
12032
11478
1799
10330
2297
233
1415
685
937
443
4814
2294
3089
12732
4006
8789
4788
1783
7439
3273
11636
2453
6559
7486
1189
12754
7767
12151
10919
11779
1813
501
6852
789
10391
1953
3427
3529
2036
7794
8557
12672
12339
8235
5736
7905
292
11410
6331
166
8712
690
7099
7763
6873
1386
9827
1704
5795
1168
4105
8812
12251
3910
635
8504
9058
1021
5690
360
7465
199
1338
1914
9234
7532
12011
3380
8976
566
1294
3286
1711
3908
1602
707
1028
9792
5675
6955
6287
3014
8907
8654
3521
6837
7883
8195
4957
12095
10065
11516
11261
862
4621
861
10544
242
9200
10447
3643
6178
7970
5966
5844
12116
3160
6438
858
2573
12058
4903
11123
4684
10477
7716
43
1572
1378
11459
2202
7874
9863
12712
8708
5119
22
1439
2415
12428
2434
1568
6669
957
1627
1637
4865
9833
9687
10762
8966
1465
7219
12272
1448
3970
6955
6196
471
7013
11651
6088
8164
1798
3885
307
3267
6026
9633
8322
2217
7900
5270
5226
5422
10354
7733
5123
1568
1455
7676
2372
12633
888
8953
9447
8651
7254
5145
8268
4022
10323
6868
3754
5821
5023
7582
4160
1050
5406
12421
7108
2567
226
8453
4580
3679
3808
9745
7982
9336
2494
4862
12221
9832
9042
7765
29
1815
3401
11379
5442
890
12195
3256
6833
4637
5970
10296
782
2267
12481
1700
1870
3092
133
4204
2906
12371
12525
12688
2806
2134
11344
3911
1037
4783
5528
4952
10987
8455
11393
1457
9170
9997
9718
5882
12084
3722
7651
6875
7202
5906
183
8667
7732
11717
3870
6002
862
7522
3464
5696
7449
6051
12715
7125
3273
12465
12741
12360
11084
9073
1107
2127
3323
6452
10078
10596
2406
12010
11631
2287
7366
1587
7759
5174
7945
6666
7857
6587
7958
10331
9008
6603
9732
1126
11022
10615
10916
11762
2396
1753
778
12761
4092
9132
21
10437
5589
1513
202
8319
6012
2824
3831
12677
10394
222
10695
3110
994
817
5454
5211
1685
1845
9407
8007
5359
4271
8479
10587
823
5795
9992
9912
3776
11252
1409
8644
6187
12064
5349
3750
10239
5857
11141
10477
9775
11231
9195
3070
6478
12043
3905
1652
5373
12364
8347
8676
9716
3525
1759
9729
4164
4668
11136
8340
11545
11432
10686
8874
12065
454
10052
1240
3567
11113
3055
11975
1025
4707
991
10274
10312
5521
3087
4858
8665
6367
1573
1583
9044
7842
2144
8385
7073
4887
4547
3700
10744
5022
10999
2631
4804
4223
1378
10302
8082
6511
9080
5667
971
651
8789
9266
10467
1009
1456
7732
6061
989
3888
10584
10755
9837
7498
9746
5544
7688
11508
1309
7092
3414
1842
12295
8928
672
2106
8203
5307
9271
2737
1575
412
7049
7807
9920
3592
7304
11685
4236
1332
3379
4839
12086
96
8636
11349
8753
9914
7454
7948
11925
8247
409
11539
7964
12270
324
4646
11801
5981
3073
6729
6290
5311
1464
9061
3961
374
9050
11008
6152
1910
2550
7827
7533
2545
10343
5698
9056
135
11683
10313
974
9588
9675
848
5347
7807
9475
2010
10552
6502
11605
10936
12716
879
1609
12303
1929
3972
2672
4526
3468
12406
12017
6757
1980
10665
6221
4675
10441
8739
8418
11721
5198
5305
10495
7030
9592
1378
6873
335
1594
343
3792
7691
685
8172
2573
8724
530
4415
397
1373
6847
4715
9351
12078
1430
4620
405
5696
4608
10550
10688
3910
490
12400
11320
3483
8500
1581
2997
1403
7098
7676
12697
8575
10323
5631
10453
3
6635
8154
2727
6127
923
12029
7179
4851
9048
6854
8758
4101
1277
7250
8517
131
1634
7151
6212
3103
7335
8067
657
8237
11627
1137
12598
6378
2598
12766
5531
4128
2519
9251
4295
10777
10347
9757
12792
12722
9853
6482
1889
11644
484
1773
9763
4625
1603
9126
4277
11654
1898
176
11018
5671
10176
12766
11298
3318
6198
8037
5290
6797
6376
2284
9176
5740
8008
5016
8180
12711
6888
1389
11940
12438
11203
6782
11276
3669
2966
11857
5597
7547
6123
6451
410
2078
10924
6368
3006
8610
8093
12713
579
7889
10272
1395
2688
5483
1210
4684
7142
5942
6935
1127
1755
7764
10817
1792
10263
3571
617
12112
12
7037
179
10257
10812
7553
113
8151
3295
7546
718
6464
2157
1949
12195
792
3728
10267
7466
5270
4937
9467
2568
5264
12239
6144
8738
5444
7192
461
11489
3325
9901
6683
7054
1854
4361
11284
405
12733
7281
9360
1474
3020
12341
9011
2872
6444
4629
11795
11995
1121
9021
7116
8511
60
9663
2449
624
3916
8020
6699
3260
12138
8972
6704
11104
6491
12147
3175
10971
11009
660
10226
5709
7204
2512
7880
1266
2660
3762
3135
673
194
6202
1410
12685
12418
10420
214
2272
4012
1226
1710
3150
4985
7053
2981
9940
2755
7360
4821
11225
5499
12660
3547
6422
7503
5285
10378
11
141
12694
4500
7879
10251
6313
6802
745
12388
1997
12403
1420
6412
6774
2249
1162
11281
8964
8217
12517
7225
6265
7256
9828
221
5386
12468
9435
11608
10082
5586
1577
10922
2496
2754
7690
3355
8219
112
6444
5489
3330
184
6356
9482
12158
4778
11425
9035
7401
8874
11565
8362
11979
1358
9748
390
11220
2805
2152
5917
2508
10460
5007
2527
10047
9668
7869
1459
4816
1100
10856
4949
3283
3187
11841
465
5933
12024
12305
12729
4976
6164
9910
10170
5642
8440
7656
8460
571
971
10186
1242
2378
12287
708
2298
570
9731
8500
7847
1148
10680
28
6060
4095
5368
5833
11557
4131
4829
1422
5808
10477
11590
3755
9429
11754
12407
5379
12601
5116
198
8955
8196
2598
3339
6749
6488
8877
5068
1779
3355
6753
9426
7450
8618
11858
2517
4899
5382
4289
4889
11986
12314
4161
5844
12625
7854
568
998
11646
6078
8472
10980
4741
3895
4587
11568
7901
594
6103
7057
5430
12702
5422
1256
10688
11666
1310
5381
9644
2036
9981
2205
9893
446
5720
3730
4409
9417
10147
9712
11383
6669
2350
1358
5335
9392
5808
9323
5461
7218
5159
3263
8722
6667
12
11569
8617
8845
4544
5935
5343
7898
3228
9393
1247
4468
10536
1449
11580
8627
12206
9775
7415
7338
1065
283
5368
7183
3382
5435
3083
6283
9335
8305
11682
11604
3388
1546
11267
109
3494
6771
10241
6616
8739
6127
11459
11967
6076
12578
5883
11551
9360
4518
5174
12533
8284
622
4847
9857
8783
4587
8503
12701
1874
11314
8020
12485
1965
5358
3231
7886
2271
2652
2896
10441
2291
479
2261
3742
2681
10377
2325
4863
3891
2208
7568
10093
7173
9766
3911
3428
5505
181
4546
7190
4307
1574
7852
10907
10272
1103
10689
9520
8041
5583
7120
5100
3860
3362
4787
9844
9507
1180
8757
3446
10676
11346
9041
1779
6872
10234
2709
2131
1646
4909
8049
2104
7646
10601
11923
1823
10733
12082
10935
3811
12571
1879
4246
8752
8134
7133
8678
3399
12309
9966
3213
4170
12192
2812
5344
8806
4738
673
3930
11097
5245
4434
475
8635
2226
11822
5338
4597
5982
4456
9249
412
7541
4966
6364
390
4454
10289
5681
10964
2365
10069
7193
9684
759
6389
1376
12787
7368
8056
4749
885
362
1973
4482
2655
6515
10265
5669
522
7363
1645
3954
12624
3336
2556
3615
12748
10169
12429
11792
6855
7290
10461
9259
5491
7336
4356
4163
1636
10985
11004
10280
4002
7034
4194
2483
11225
6002
5882
11366
4922
7867
5060
10854
5178
10812
11845
6581
7212
12742
11880
2230
9434
3343
4377
5726
3531
7032
9610
9810
3533
7129
3193
6326
4281
2722
12717
7107
11295
8136
12471
12779
10213
7665
12754
11478
564
7268
6102
12568
4307
12676
6459
3751
12088
5281
5248
4241
5678
9596
8108
2669
12139
11429
7309
7942
5131
827
8885
643
11860
10780
6987
143
8074
3638
9797
12177
7973
6027
10417
2335
2518
9201
213
1413
4084
10411
581
8811
10942
1198
9041
5915
11106
11687
5905
10628
10006
3170
8061
12133
1043
10408
5245
3047
1311
4077
1795
5101
2270
4621
11178
10211
9647
12627
2054
3685
12161
2901
11964
181
6314
12662
4121
5177
4666
12581
10705
9988
9366
4812
5549
10341
12430
316
10302
2036
6378
5662
3383
1267
3284
1688
9383
3099
1477
12101
5967
7488
9561
5245
8272
2723
5786
10693
1987
8510
12596
12167
12233
2382
12571
9395
9938
7224
2205
7759
9537
12356
8797
2834
451
12475
943
12235
11381
9762
5225
1747
5009
2044
8771
8574
7161
6442
2349
6795
9942
4303
3897
12500
8388
5154
12178
8326
7409
3408
3560
1313
8390
1848
8683
1143
478
7592
8980
11874
1453
7304
1335
3301
6266
12554
12745
3927
7019
4186
11311
718
11189
434
11166
2946
4780
2079
6229
6619
1045
6492
132
11797
10786
1899
10397
11364
10572
7748
8153
5690
6718
9440
11454
9119
234
5844
2196
9932
9167
2542
3517
625
9963
259
10397
11486
5425
11692
2498
10996
4405
11834
7365
10500
2883
7303
8029
11065
3034
8414
8838
6704
4753
12018
2823
8677
9527
12121
6824
5874
1380
683
4357
4539
7010
7515
5253
4865
5433
6986
7934
2099
8821
3382
10721
4327
5872
4671
5983
7805
4866
10653
5432
75
12442
2488
6220
9500
1910
11176
4786
684
11062
7739
2576
7767
11346
11463
8793
12445
8082
129
3354
12791
7533
3988
11447
6110
821
11468
7243
7261
10074
4618
3593
10048
7850
8522
3479
12557
12679
5288
5225
6330
7709
5440
2003
2298
5643
3939
7205
8016
54
4931
1404
2118
2176
7832
6392
10182
8113
9913
2313
4190
6741
5939
4242
9255
9575
9086
7370
3765
1831
10406
4054
5318
4643
5019
2633
3681
1101
5621
6601
2387
1935
4544
10750
12732
537
3928
1763
2981
4821
1869
4692
423
11673
2566
983
10999
12777
5743
1318
9328
7488
11039
11641
8387
4833
4502
5001
9546
4573
3994
2211
5929
3434
11994
12052
8583
8979
12001
2580
8943
700
5040
12535
11287
12520
7701
9730
5857
1957
2217
3498
11137
1220
2074
5170
672
12686
4862
5576
4364
12648
7299
11551
9552
3137
11133
1849
5991
12513
11639
12530
4918
1643
11851
11276
10876
12724
4445
2745
1090
12509
2141
12494
4657
7684
10427
12362
510
4164
1035
2699
11083
10753
10439
5742
11198
2887
12206
6102
126
709
4605
8031
4298
11413
8538
7114
4968
2647
11736
9569
5249
10771
12180
1936
2570
9318
4573
6334
8256
6497
4142
10578
9707
6557
11347
11973
9298
9547
736
11137
6107
2749
1072
8752
1805
12177
1240
11871
1536
4803
1924
5435
10006
7938
8523
8669
2719
3750
4863
9576
5941
613
10447
12374
1026
3168
5759
715
4820
1568
9673
6181
6639
5975
11722
2279
2611
10051
4540
12580
11200
8972
1815
11686
1091
209
9137
6574
1467
1521
1489
5381
5417
3153
1251
2979
10832
6268
835
6661
7822
12370
4135
9575
8116
1629
6625
12587
12708
1698
12750
1562
5563
2573
2481
8566
4251
4467
11745
10947
9500
11744
12135
12236
9803
6228
9953
10252
1502
6581
2388
2229
1428
12713
1651
12486
6737
4088
2754
436
12004
6427
11183
5457
4530
6167
11510
540
8791
4964
6679
3831
1153
11531
1521
4239
11385
10546
6560
11138
11517
7128
9254
1362
12349
6547
7426
2800
11800
646
3546
5833
1637
3841
3808
11499
894
11777
10649
1078
8673
11266
8353
11894
1124
5064
4194
7242
11114
10617
12136
9236
571
10762
3199
2191
9084
2786
1829
1749
7479
3303
979
4962
9751
9957
7616
3437
1642
1964
2221
4352
9971
10243
11867
4452
1502
4749
8784
1807
11877
368
2797
2889
3594
226
1196
9143
690
4004
1042
8138
3392
9601
2247
11625
1972
3676
8311
1088
4116
809
12069
4578
7087
6533
3342
6235
12648
8038
10914
12008
12336
7706
9817
8283
12150
2241
10111
8440
9402
8761
10841
6253
5619
5780
4696
187
9509
11665
3721
1718
6203
10505
11980
12419
954
5742
9029
8116
935
4735
2994
5643
5775
1857
5998
5952
3724
11609
908
9869
10168
293
708
5671
8823
9920
6485
8978
10240
425
1864
9374
10593
16
11050
1443
4434
1945
2538
7957
11905
5251
4055
3622
1799
8713
4544
485
3545
5318
116
7198
9905
11164
9334
8924
1813
10621
8857
12369
11203
3307
10709
2946
8138
11397
12397
11677
4034
10281
7058
2599
5234
3765
12024
5918
6154
12610
6753
4182
11028
6262
4454
5286
7258
10355
5460
8844
9950
10954
3714
10474
3006
9733
2553
784
7766
3843
706
1033
5948
93
9437
12304
3223
6632
9878
4374
8650
9871
10489
9959
9817
10171
5360
5207
5358
12334
1497
5725
6488
2717
8975
2911
8533
3412
9975
9112
12379
10069
10743
11379
3432
3136
8953
6834
7018
11950
12146
4354
7158
8643
677
3183
1421
7413
11408
9695
12424
2820
8668
9094
5780
7656
8703
1119
6191
8738
10702
11176
11475
5307
12617
1503
3674
12774
10354
2576
11404
9997
11823
2872
1319
3198
11380
7430
6772
7862
801
2360
2190
4623
8051
3302
11565
11003
5540
10805
12140
10995
7234
1095
7627
7241
12528
10447
5270
9048
12565
2106
10303
5368
9392
3547
2183
11284
1479
1280
10307
11592
4995
7559
7309
6299
9984
11271
7643
8685
12063
10961
8608
10181
9547
936
16
1316
11718
185
5206
4627
7169
7509
10658
9386
564
6836
1780
9541
5089
82
9116
3882
11223
11330
7644
3167
5102
3464
12480
10898
4043
174
1735
1118
1989
1493
4503
2472
3681
8588
4639
6874
3624
12492
5275
8798
4113
2520
2270
10295
12488
427
1010
9817
2531
1690
1176
3469
1681
893
3380
4513
2491
10502
4156
11522
2143
10208
7284
7343
12467
12118
11930
12788
4671
7685
12089
9361
8429
1047
9201
5483
7322
9735
7530
10627
10097
5467
10740
7644
2028
12239
1725
2703
3533
9306
4263
6034
12135
4900
10525
10290
3161
4345
3466
12390
8790
11513
2070
11580
424
1482
2935
6384
1753
6155
391
11264
4557
5670
953
7119
12073
600
2183
2107
9277
4360
5987
9363
4200
11347
8767
9965
10509
4305
8872
2132
5563
8223
3440
7892
3102
163
10454
2173
756
9958
4572
4798
11079
1431
6690
4684
10789
12113
7445
6183
9756
8262
11859
8057
2500
2603
12604
8639
12696
10383
12469
5897
9877
7016
208
9266
2387
931
5303
7571
6335
5571
11459
1682
7088
9455
10296
3100
360
7161
1431
6542
4263
9805
1255
988
4286
1978
1673
2905
5867
1179
11184
7125
11659
1716
8574
5857
10156
9286
315
10164
7141
11428
8476
2140
10321
11796
10995
6269
10289
10483
2837
7498
7476
7109
7814
841
4259
12148
8603
11635
4351
1347
3731
1608
9774
9910
9011
1086
8243
8603
3059
2237
11603
4105
5998
9432
10342
72
9376
357
5341
1206
7728
4789
9598
11708
8422
10756
5407
2060
1992
10974
3960
9787
3271
11363
2429
7378
5317
3555
3337
727
4612
11653
8352
9485
11864
9860
3232
705
7885
9652
4793
6482
1777
5171
9976
5632
4789
11506
2385
3020
12490
7170
7341
9908
3065
403
5432
11546
2286
3735
8705
7889
1146
12536
129
1561
9244
6421
4528
2479
3515
11972
2082
11596
5591
5070
9524
9862
3880
185
5601
267
6841
9452
8808
6110
3550
7743
9653
993
427
3440
5229
11493
2116
1269
8137
8092
7529
4837
11998
9358
6705
2036
5808
593
2603
157
1798
8657
8525
9159
11398
7000
12244
10850
1841
11847
9715
5353
10202
423
6650
5302
10906
3978
720
11404
10961
2347
767
10626
9269
9875
1207
1174
7934
8069
3009
1948
11449
12085
4777
5847
9604
5472
3330
9973
8182
7606
9573
1646
4284
3374
3169
9210
8081
188
8487
10242
4719
8437
3741
1224
8893
3877
801
3502
6851
7302
8983
274
10749
6576
7557
7753
10035
995
2503
359
661
1079
1018
12419
7181
9767
3788
9072
2622
9933
11143
10782
4398
12474
10616
12280
9001
2508
2435
11911
3753
12017
8710
2023
4179
3223
10429
12175
3501
1761
2739
10287
10885
7880
6325
1365
9191
3843
7481
8432
1124
4605
4102
4552
9135
879
12130
861
7804
4999
5888
1366
4053
3825
349
7565
12755
10595
8613
843
6929
6148
668
2752
11442
7701
10562
2009
3836
12771
9364
9271
12009
9837
5762
6539
5053
4208
5817
6926
2195
7670
1596
9052
10621
11795
4213
3677
9695
11530
12080
8259
6094
10143
343
4354
12337
2418
189
8741
2084
6005
5770
10226
2785
7005
7883
4827
10331
362
8924
3028
744
12044
2807
10889
12082
5142
11463
6157
11943
3424
4840
2069
1024
1364
9358
10327
762
10196
3822
5546
9551
173
11318
10102
5705
2858
8659
10990
8238
1071
8814
8656
9054
2073
5832
9352
9553
905
11084
5011
3767
2592
6263
10266
11173
9138
8988
8876
11894
12009
9920
11216
12126
8480
6490
8838
9318
9986
5512
7368
1180
1254
6073
12589
204
1800
8431
4158
3267
1298
10316
7164
5560
5699
1388
10855
7929
8374
10148
10546
4312
4605
10743
2114
8909
4843
12057
11026
1927
4979
11391
9974
788
7058
6663
85
6770
5412
9887
8143
2919
7245
1892
9197
10045
4454
12341
1701
11049
1261
6030
4237
8177
9351
929
12583
12229
6325
2835
12357
11610
11528
11914
11993
5634
1456
8446
2677
7215
6038
11436
4756
11367
3484
4790
11134
7160
4560
10887
3389
4434
6041
7643
5525
320
4356
8598
11959
9673
6752
9051
1808
12262
7581
3285
12503
5564
4210
10889
8425
10676
5467
7125
1516
2575
9735
11882
3674
2414
7718
5680
3547
9436
3292
785
10568
10877
4039
2140
10562
5609
2619
5421
7642
5077
3500
3292
10240
8087
9917
8315
12705
2948
222
7345
7276
3395
3815
4323
1568
11589
12749
5482
2069
5247
7230
6509
1265
7790
10221
2638
12644
6613
197
12101
7842
401
4619
8966
1765
8893
12518
9851
2028
602
5468
2436
9638
10158
9508
5757
3746
9049
11215
4888
3996
6863
2341
10155
4318
9782
5411
2351
1673
6544
4939
8656
7904
5753
8658
11476
1396
7688
975
7223
2686
6443
2674
9335
1087
3148
4037
1180
11745
216
8078
2727
8788
11393
651
6119
137
10106
9495
11224
8740
7277
10945
10312
12218
5968
11376
1328
9911
6849
7618
6563
1605
12539
5511
6718
402
7478
8261
7065
11122
8554
12021
4307
450
486
9077
11564
3731
10479
10953
7876
7158
6883
911
426
12045
5708
11696
6728
4745
2624
8883
3301
7202
5845
9458
2931
843
2455
2752
5848
2729
697
3902
8124
6553
1155
3423
2156
6035
3728
12138
3185
5322
4593
10438
3575
3239
6261
8742
1812
2491
1420
10076
7250
9154
2099
3354
3905
1880
3312
4188
5793
10550
8897
7055
2748
8584
11998
3886
10310
11092
11616
3509
8156
5132
6839
10316
9977
2084
9097
2941
9200
11102
5884
7659
9592
10980
11386
190
4047
6618
1681
11276
3314
12226
10761
7693
2000
5487
1750
10828
8087
4551
9838
11211
7547
9823
4555
5460
12676
12570
2647
5510
11212
2063
5463
3752
12465
7104
723
6715
7734
12429
1269
5010
11797
5581
9581
6075
11210
5987
2002
10038
8120
9094
4638
7493
7962
9954
12111
799
4686
8539
10062
1155
8884
11094
10974
8010
6532
9796
3373
10497
9403
12485
8934
2577
11946
11742
2079
3626
1704
9641
12112
4536
3506
4489
11028
11483
3924
4359
1642
6010
954
1547
1779
753
9284
10328
8362
50
545
6194
1044
561
3181
10585
11882
8055
3338
11569
9891
521
10118
1699
5271
5202
6862
9073
171
12790
180
7492
6627
7139
3681
4136
9490
2870
3810
12770
2557
4659
6802
12609
6956
12122
1049
11127
8821
10412
8493
11053
12090
4188
11757
7242
5848
2525
10990
3242
12564
4138
10914
9447
3687
8326
4151
9957
8034
3364
977
7188
9730
12356
6158
7777
8004
1450
9280
5257
8734
489
8230
8986
1572
7679
8195
8420
7668
2088
9767
205
7349
5840
1110
10978
6130
2685
8343
8554
198
9293
8923
5808
5698
2708
2773
2393
7295
10091
1517
6018
5243
10293
8219
8518
7591
1169
4302
10560
6921
2676
5717
11995
2864
9629
2881
1691
5907
2704
1822
2968
7326
11888
12290
91
6308
9008
5761
11625
11663
2491
392
911
10075
10914
8500
1334
4819
1191
11924
2005
12694
7585
9343
10160
2413
7979
9297
7039
8388
10276
6067
7343
7412
10256
1095
10410
673
3167
8876
9454
9287
528
4688
10049
8197
983
12136
7377
5768
7086
4412
2025
502
11170
1963
6941
9217
5817
10377
8538
7302
10953
8531
195
1559
12286
4426
5749
6479
119
10994
10756
8918
12461
5899
6522
4106
10006
7770
8232
10281
8234
372
1563
1140
11586
3927
415
6288
3723
5426
10670
2569
9534
6741
12395
466
9957
5153
55
8850
8775
12515
10887
7912
657
4196
12734
3261
7662
1375
7312
3444
7186
4161
1604
9770
9413
10925
8432
3119
3350
1675
1636
703
9507
546
7743
9648
8500
5383
1412
8763
6091
6923
8042
9584
8036
11235
7508
5747
7387
3320
9022
1299
5823
5165
5583
606
2557
1258
3254
6906
4815
12300
9287
10196
8197
14
198
4715
3212
2059
1452
5446
2139
419
1992
2835
9812
1905
5564
12149
4970
4815
6797
7563
7002
3740
3212
3714
5994
11602
7892
136
2291
6497
333
5892
5641
1091
11572
11594
12525
10632
4775
11660
6158
9633
1184
12739
10526
8058
5467
2448
9924
3953
5059
2119
2082
3836
11523
1927
7165
2018
3058
5381
4557
9957
4175
12128
11307
3906
189
11959
10041
3676
350
12120
5254
6667
1938
71
3422
1436
9148
6778
11868
10465
6522
10332
11022
2566
7023
12019
3173
1551
8252
11907
1267
372
12707
2233
8545
7162
12030
8901
12321
8283
2110
9117
2323
8742
469
10769
11246
425
2891
4921
1417
4008
2521
7223
4207
6840
9454
7107
12366
9868
719
9951
4625
12226
8130
606
8582
8131
11970
11324
1572
1219
10425
11534
10588
12418
7043
12362
7517
7490
7541
370
5365
3848
2260
1996
4408
11274
8536
11534
10351
12414
5117
9915
4751
2985
12153
11451
3160
5811
11754
3088
2014
10320
4605
8823
5313
7316
11367
4636
10731
9730
2977
2203
9131
634
7181
7489
12421
5965
528
5416
772
1807
3093
730
5765
2654
9775
4004
11454
62
6209
8648
6220
11840
1452
5078
2914
10497
12165
868
3109
7105
12373
4083
6121
3019
8194
6547
9673
12360
1830
1840
11862
9950
11208
1409
12458
1638
9060
10063
3930
3647
1022
2440
12349
9087
12216
8138
9099
200
7075
6489
6970
11966
11493
9161
8242
8272
10945
2462
6857
5846
9314
170
6851
10087
963
9741
6378
4454
70
8937
10161
7976
7713
111
6993
2722
11634
8284
7771
306
3378
2334
1026
457
10578
1853
9448
3616
887
3638
11700
4820
5073
4931
1318
10039
10443
6139
2855
12691
3580
4695
8451
11265
3800
459
2766
11360
11574
8930
6682
11868
5921
6684
7332
9720
4220
10127
2928
6815
4939
10935
1128
8238
7234
12391
3911
2211
6752
11357
11216
10227
8172
2249
5253
9050
11228
124
3281
6614
7620
5774
4924
602
12369
8
5277
7960
8549
101
10637
4207
1364
9170
11476
10641
7712
10992
1746
8748
987
9588
5426
8594
4230
11660
11030
11589
12186
6609
7080
10249
11229
2043
4943
7243
10495
12770
2938
818
7833
9063
2360
6943
6579
5793
3525
5105
11377
6953
304
807
1356
8460
9187
709
1835
6630
4468
8359
124
371
10984
6102
11008
9076
236
10292
10503
4820
8963
7566
2529
3448
8068
1709
8578
8227
1666
11427
10027
4660
11394
9167
2397
5694
1842
6477
6139
4051
4308
1446
8918
3322
7962
7776
4147
2416
2635
9976
4512
8572
11627
7746
7884
5429
4866
10355
10882
9358
11381
11435
10857
12527
8598
1553
8759
5316
4185
2855
9885
9565
5154
5080
6659
566
9822
8532
1020
5956
3657
6889
4144
9883
8
9572
1664
10005
12003
7499
5870
7116
7491
1159
9808
12779
5870
1765
2357
5900
12588
10314
6199
10772
12135
2139
12092
4422
8456
4714
4572
4376
3405
5003
9870
8859
12658
5442
8125
8762
2284
6256
5817
12180
7141
3009
2549
609
7900
9883
11657
705
6053
10256
4908
12595
11667
8479
10393
1820
12234
1522
840
10385
7826
3534
5812
11077
7045
3374
7873
11189
3308
11158
8367
1156
8016
8486
10699
10495
10209
8983
5144
3599
9465
1112
1415
5846
12400
10466
8751
11662
7139
7210
11059
10770
1841
7001
3976
11386
12031
9318
868
12682
7180
11226
11734
3718
3547
4680
11170
2804
5355
2094
10672
5643
2990
1749
8204
10118
3517
5027
5699
12389
7122
1539
5402
4197
4845
1421
1222
1548
2042
11635
9984
5016
3929
1336
3236
6290
2703
4268
6128
12559
11875
2399
12350
7225
4616
5806
4262
12529
2552
2472
2741
7699
7193
10484
2008
2909
7318
11848
2453
8218
1738
9073
8554
5961
5962
8913
3426
10979
10092
2165
469
9032
8073
4665
6562
11952
9352
12734
9227
5510
1672
7450
6578
1652
6393
9486
11772
4464
3111
9860
961
7487
9384
8401
141
7519
11394
9188
10933
8508
8210
1296
4614
6712
412
3177
4992
7248
1703
11591
10226
11577
5226
5936
9917
4639
9619
3475
8961
1645
10689
2170
11932
11178
479
1419
1971
6188
11992
6495
6879
8224
8220
11225
3690
380
10479
2650
4732
3083
3891
10449
8146
8827
3391
8693
12637
18
1148
1835
4533
9665
3670
2942
7945
192
9453
1317
4772
4784
4367
4134
1321
12625
4350
6727
10790
4092
3807
1814
4592
10301
4843
3588
10290
9474
463
8800
11339
8093
723
8601
12318
5786
10203
2141
7280
11252
7954
8827
887
5272
6084
11949
11047
8321
8128
11975
7179
7702
8756
10933
12244
2729
2916
5086
8112
5513
5657
7828
11943
946
4638
5833
4958
3089
11769
6051
10128
5475
6984
2747
6808
4025
10435
7435
251
55
1914
4785
2073
11806
9448
8694
11526
6970
11006
8899
10057
2504
7130
930
12570
6425
3118
3713
7857
11487
11979
2503
12379
2781
6631
315
1495
7644
10556
1052
1690
773
8394
3396
9090
5067
9961
6145
8233
8552
11616
6518
3069
2720
6444
10215
6925
7036
7921
5134
4905
8533
591
10752
8960
9247
7511
8996
7391
6803
496
1805
6054
8055
4373
10262
4342
5025
3695
1757
8637
11933
5407
2194
7183
4483
8228
11086
6480
8960
605
7155
4579
6082
7797
4469
5099
2649
5141
1153
9430
2659
4735
10705
2993
9237
3430
7643
4858
6511
623
12663
4678
10634
10069
9273
7663
7227
1153
6333
6620
6139
2131
12753
12155
8122
815
9815
4702
3896
6325
5988
489
2783
3132
1911
7678
11862
9722
4444
4482
12538
7840
1060
5376
7075
8224
1852
6776
10205
12526
4759
7388
12424
8632
2795
3306
11989
59
11995
6045
4027
806
910
5355
11558
8211
8895
2741
3377
4152
1406
6378
10639
247
3818
9743
3939
9487
4686
1548
6130
3749
6477
3134
10249
8635
5844
1549
9719
7430
11286
462
10499
758
11263
8577
787
5812
7900
1419
1049
1999
561
6546
5162
4125
2894
3332
1813
2178
12562
12180
7094
5019
4062
3896
12593
8348
4199
5687
10271
5446
5873
6381
8561
4909
7507
6263
2582
3683
9251
8836
3115
11442
5221
1035
5612
3208
11296
11634
5049
5386
8466
9715
2984
3558
455
11500
2440
12173
10026
11706
10174
10355
4947
12619
11299
4604
4444
6508
10850
8286
8111
1985
10768
8875
6234
4492
6193
11922
7009
10470
3032
6412
2149
5882
9721
2201
12428
3166
5097
7114
833
8287
7572
1939
4466
7454
9045
5829
6496
5370
11135
11750
10470
1643
4843
3333
7828
3842
4326
9396
5947
9492
10836
11747
8754
3646
3659
11097
11328
10757
11433
5628
7676
2096
7842
6320
5433
7162
3254
1211
2242
10294
7890
5566
8878
951
11140
5504
12194
9661
6517
3431
3835
7078
7695
677
3321
179
1144
7801
5627
3214
4340
1490
2129
6399
11265
10180
9626
5444
1305
4260
591
9687
7213
6533
1406
11331
3103
1019
3191
9930
9167
9627
3418
3760
3533
11580
1844
10786
12773
10305
7662
6724
12750
327
4989
7085
7795
12125
2139
10097
5058
9090
11281
11427
7449
6196
2979
12705
3164
5562
3419
1820
7507
9630
10962
5426
10321
12214
11946
10657
7455
1156
7104
8127
7121
3533
2770
9543
3973
11335
1533
7562
12114
7092
4165
1542
4185
728
5182
8730
7947
10735
3298
815
3866
283
6939
6992
12097
2263
5049
4577
10826
10549
6855
3038
2242
4229
1322
11002
6822
8263
8702
4656
473
7843
214
934
887
2345
10711
10310
11513
10618
12087
3463
11948
5187
7681
4985
3087
7299
235
6432
10357
10896
58
273
7442
7952
3404
1504
11386
1284
3362
3670
5239
12563
6893
3549
10520
902
276
4158
11779
3470
1549
4360
8794
5921
8546
4962
3827
2361
7497
5404
12791
9261
8664
2522
5337
4085
6177
9627
7191
2903
5295
4200
1479
638
1326
7751
4431
1540
9236
6732
9372
5568
9550
5773
9030
11243
4240
5461
3790
10901
2162
8674
8305
5932
3538
8627
7716
6361
12358
272
6306
8070
3427
9263
2957
451
12656
87
473
4979
12643
8792
1637
5296
8618
884
7216
8030
292
5770
11397
3363
9326
6682
408
5401
8006
7505
3752
7244
2151
7861
3689
12795
7806
1628
12302
10257
4077
8593
5868
9232
10891
4025
11111
7893
11913
10252
12155
1656
9554
9924
6506
7651
109
5370
1204
8277
3867
2379
1106
10566
5794
2353
4729
4520
10411
4057
7776
11333
11780
9328
998
8306
2753
6133
6006
741
7605
1105
2476
12766
5862
2400
4758
2692
5938
8098
5357
1168
7299
1910
5220
11869
2442
6870
4510
5044
10398
8762
10709
5576
1992
12790
9410
7105
2603
6691
9119
12300
12788
12369
11833
6649
6075
7482
7065
7363
5542
6627
9865
5959
5254
3942
2582
11644
3387
3243
9840
5288
1789
7010
4176
4596
8512
9031
12747
11728
11041
4540
6705
5179
9924
5220
11214
11405
3367
9392
482
7597
9403
1551
8906
2905
6458
7160
6690
8369
3853
12083
11337
5850
1340
11544
2827
159
9910
1192
9543
11843
7296
9009
2686
1741
6577
6934
10841
6460
8227
12529
5943
9061
5199
1486
851
6793
6272
5287
8279
72
12178
6766
11733
6501
6612
599
4757
9413
8170
6022
11338
10317
10531
7948
10142
10839
8297
1272
9788
6262
4573
6214
2002
12010
7411
10824
288
11172
10665
5109
3858
10836
264
623
6400
6167
4320
801
7941
12166
9879
10462
11251
12290
7947
1
6648
645
4321
11723
1015
4862
7663
5054
681
2262
5913
6387
2162
4001
10192
600
2806
4805
9516
12244
9667
3323
4866
10915
3085
5440
3557
8030
7571
6397
1271
9682
2733
2974
8628
8628
2152
1355
11147
12758
6535
1940
4787
9474
2147
11244
5349
8909
5239
9025
7883
7743
9155
3201
4173
733
3173
3358
653
8338
4559
3826
8779
6050
698
11740
7327
1849
4969
8291
4474
10442
1974
2665
6414
5843
275
2157
12142
4249
6341
5729
1129
597
8872
10602
4633
12027
2877
5482
1501
6960
3087
2882
7159
2191
8092
5596
3468
6936
12159
7831
4278
6528
7113
8564
4807
8873
9438
6647
856
10276
314
10464
287
366
7543
2069
10098
10711
9394
10561
4099
2227
2006
11737
4229
7220
6581
11229
1817
8893
4610
353
11583
2218
9254
42
11969
6291
10990
842
6487
8942
10533
1222
12173
2252
1862
4098
2755
4067
7530
3914
289
3771
11299
6366
6021
2114
3209
12749
6914
2031
1657
2093
7908
4222
5939
2323
3924
8125
3857
5405
10918
4688
961
10908
3548
10385
8612
10766
2970
10297
10651
5335
2818
2320
3081
5822
7041
12784
8903
3121
1843
2485
10849
3602
4299
9559
2304
11920
5269
4577
4973
269
10401
11943
7431
5320
10862
6262
8412
2338
5899
9690
5226
6622
6804
1989
9036
2839
4521
599
2382
3998
11845
4585
11127
12686
992
4624
5974
11814
5577
7804
7940
9312
6179
3201
5763
2350
3083
5354
3209
3541
5967
2394
337
1144
11898
3805
5399
12671
9494
5045
7783
1417
7684
5565
10172
6970
8365
10511
2235
4241
8143
618
246
410
12158
2056
6730
562
7779
2331
8371
346
4234
11398
5276
12651
687
9269
8639
6857
10459
12639
10892
9113
12242
10169
11979
839
5350
7253
6197
3976
6026
11079
1362
3935
3809
4508
6062
1964
11398
6942
11232
11702
9505
2124
8224
1395
372
12384
6537
3817
4519
841
9346
1639
10019
3574
11279
3739
12096
1093
4927
4929
4989
1168
11696
966
6738
10023
11267
6924
9771
5730
837
1445
11744
8975
4715
1490
11787
192
6808
7871
8196
5436
2953
9924
3929
11537
11216
3890
7607
9287
4212
7853
427
8196
1399
7549
7628
5315
890
573
5132
3453
3390
5869
5200
3770
7720
10218
7311
12742
3889
5193
6016
9909
1352
8929
4990
11528
11397
7109
12492
6444
7857
11615
11011
12201
8912
10
4240
3244
7617
2745
6491
12236
8694
12025
4636
6700
7723
1196
5972
7881
2058
3457
4963
4822
5580
1333
12366
2315
8227
6294
2982
2968
3347
9327
9844
3375
8012
11367
8484
8472
9746
10575
362
2396
11810
11013
2124
11280
11007
168
2211
9525
1064
9537
8466
2440
1374
9859
1623
9238
2254
5979
8948
1809
3283
5813
4142
6396
4365
9854
10413
4661
5646
2179
4949
4868
3187
9776
5901
3190
2147
11241
2521
3337
5479
1524
9794
11445
3183
9999
4818
12677
1299
12135
8937
8930
8902
11831
1282
5069
3582
1595
1581
3762
2691
5182
2541
1073
1403
4502
1130
996
101
290
6114
5597
4439
715
3146
12172
3093
7893
7164
12262
12191
12020
1854
9388
4136
10143
10053
4454
129
2259
8904
3440
10837
4579
5919
3808
9822
8915
399
3159
5356
4381
3490
10569
8571
9519
3927
12680
3916
12555
2412
10715
8825
3144
7893
4997
3907
8628
9548
11242
10594
1178
8596
5025
6684
7983
6584
2289
5049
4283
7161
8146
3493
6051
1563
7128
7569
9325
12278
493
256
4900
3628
3005
8377
1588
9336
8118
11548
8859
4960
10738
4071
12147
4120
4512
3409
5040
11917
5573
7875
4143
9157
11244
10584
2659
548
9453
7382
10692
8296
9247
2576
4022
7437
2609
258
10675
8793
4267
415
2013
1744
5953
9892
894
144
2058
3933
9991
8126
1517
12792
2777
8420
4762
371
5140
10065
4919
9539
3257
3093
7369
7595
5922
12684
5063
9323
8823
11455
7641
5487
637
9249
12486
5363
5966
12396
3386
8648
11895
3184
7886
8711
9328
4293
3868
4508
2992
5225
2583
2652
9143
4813
6824
3438
4903
12527
7647
8510
8915
2443
1608
7383
3903
3696
5277
133
12340
5632
12459
4325
6655
11922
124
12771
5828
7608
3441
3585
9360
218
10184
8418
12767
8610
10665
10690
1610
2239
8414
11355
12770
4636
11616
4847
8139
5562
611
10591
12499
5959
6939
7693
3893
992
1776
4101
2164
5448
3458
4046
66
9382
11290
8131
1344
9603
11959
673
5420
8425
4125
1330
7042
4612
11964
8645
10201
178
9797
8056
10763
7046
4313
4179
11822
7797
3499
4178
196
519
1720
5505
9734
4144
9759
8856
4943
5180
3484
6490
6921
7034
11217
11450
7878
2053
8535
11151
5353
8175
9590
5194
10668
6120
6159
4615
1084
3100
993
8532
6671
1598
5984
4596
10448
1607
4284
9900
1448
4792
5170
3520
7688
5655
1989
9860
242
11096
10166
11342
8493
893
9837
94
8020
3971
12261
786
9190
4808
3790
4677
6758
9091
4350
8902
9642
10889
6493
11828
2639
6615
3081
6151
2931
1295
973
11942
7552
4986
9647
5212
6754
12793
2803
11210
264
2393
5037
11366
6071
6652
9889
7262
12438
9088
2139
714
10046
2367
2795
5299
12351
7641
4593
6414
7115
2087
4699
4215
2334
8914
6178
12090
7903
5357
9309
275
10186
11854
11282
1155
8818
3409
11874
3444
3309
7678
11275
11488
11207
9508
5971
2744
7576
2341
95
2018
400
3288
3670
931
4470
2451
8151
9141
5220
2335
8802
11826
3212
8820
10840
12528
5106
12445
5399
7375
1081
11485
6024
7953
456
12241
12273
4741
9008
10662
3113
165
34
12782
1947
3894
561
11134
11504
12210
3911
8999
3693
4730
1563
8957
299
4760
1207
6217
2365
5435
3667
8506
11338
9275
3821
760
6752
1390
3000
9556
10677
7029
3453
7183
10028
7434
2756
5905
9268
933
322
4448
253
12395
10385
1939
8260
9748
8912
6342
3168
6703
10448
10996
4704
8529
1498
5678
12047
5559
3882
7594
6294
12329
1015
7533
2752
5654
12169
3562
1984
11559
2412
213
682
8109
12398
12519
7419
5562
5271
2101
6162
7205
1872
3488
5330
11082
8621
3262
1037
10861
2503
4419
10675
1477
4352
12267
2050
10313
12571
6647
3820
3308
8252
394
8638
8812
2896
2691
10072
9178
9583
1725
6995
12752
10303
9988
3282
4526
3924
8347
3183
862
1662
6635
9961
3204
10461
5207
368
10614
2064
12512
4267
10666
6466
9647
1809
2149
2467
10589
11801
1621
7045
8332
11442
8805
1315
637
3457
1130
8812
6895
9966
1322
2618
2824
12583
12588
12539
4565
45
3102
10190
1385
2651
5721
1630
3633
7476
7594
12306
8918
10631
2211
2827
2902
7619
5689
8800
10477
12382
10635
10463
3557
8071
11637
3484
3894
2273
8818
10392
5273
6423
2556
9299
5824
12436
10979
9378
1692
9690
3919
12483
1813
7998
9924
8332
2400
11454
11938
11672
4105
12198
7998
2093
4863
6537
7305
3987
12352
7337
6130
5444
12306
5367
9874
4833
1377
4303
8048
11231
5450
8666
318
6900
10607
8016
3800
1019
5390
1092
2469
7706
10311
5040
10664
4523
3100
8660
7456
10360
6058
1999
11939
6182
1675
12359
6913
2004
9793
5816
9747
5450
8164
11352
6813
1127
8336
2906
7047
9471
12384
2788
12442
11727
2641
923
608
7628
12174
7841
12484
8657
7499
3284
6255
3396
11419
11767
6023
9895
10570
3224
12186
8756
3799
12788
5030
9755
6269
7990
10633
10471
9748
6962
8939
3424
5027
102
78
1072
12095
5574
10791
10575
1354
11090
2442
10155
2731
8160
8270
2381
6549
5401
3218
5217
12049
11565
3955
10285
11633
11310
2590
11158
4293
5347
9490
11705
1867
11848
9215
386
1844
3240
12519
12173
7749
698
1785
12241
1367
9616
7982
9026
7452
3965
58
6141
4161
259
5395
9701
1155
9995
4586
7871
7719
3768
3161
10959
6610
2140
9998
2065
10374
2218
9792
2853
12444
2746
6623
9567
3599
6829
1048
3627
11610
12393
11824
1589
8934
970
2717
3809
5438
8282
5184
6904
514
7210
5646
2532
3885
4282
9460
5215
12336
11068
5170
8612
389
6894
9180
4439
3404
7069
10054
215
8058
2629
6849
12064
7435
8290
4240
5314
3231
1942
11588
10517
11607
11577
10602
10685
3429
2529
6592
5755
12346
4727
7001
2937
4617
5075
8731
9172
6002
5485
8973
2992
1844
3713
3420
5382
10824
2162
3156
9175
7061
10611
9263
8999
9693
3877
6833
7675
8373
10026
31
8999
3042
4314
5140
871
11224
9260
12670
1269
6429
6068
2538
2142
10553
5992
9816
1024
10211
5567
4417
4648
9997
2925
1122
4268
12485
949
3735
6506
5743
5632
7348
10906
8238
7642
12141
11343
7880
12159
2291
1222
3317
3680
5732
8470
7040
735
5648
6622
1199
545
9726
2040
2687
5833
476
6015
1366
4669
5436
4795
12796
7512
11462
1987
9497
1859
7241
9192
10506
12333
8293
12678
238
8103
1596
1071
7914
11750
12594
3298
4670
5502
4153
3360
4478
12634
1193
11121
6579
9370
5340
7099
7337
7275
5552
9899
5611
3856
5349
7270
11840
8514
5700
11332
7080
3828
4942
3351
1333
1962
8052
10453
10315
12075
2206
7714
12103
2411
8611
2731
9070
8617
12459
4010
776
9936
3495
3545
2630
6970
8322
4433
10422
5403
2210
7629
1051
12665
6405
9301
9498
7514
12505
11907
1213
3894
7401
2567
11137
1885
1912
554
6342
12429
9651
4662
10527
10694
8379
6968
841
2435
6927
8126
9070
2844
10569
8114
6700
10335
1371
9074
10892
1959
7910
4150
4363
412
6717
10907
9088
45
8531
12322
6071
6480
8284
8521
10057
3996
5365
6945
1004
1068
1349
12376
10177
7301
2388
9469
6340
6877
4004
8662
10839
4828
4118
9795
8030
9354
9265
1719
6702
1630
2947
11909
6086
9086
5652
470
10843
254
10631
3663
11569
222
7076
7392
9030
4381
4907
11434
5167
4962
7395
141
3436
8920
7363
11065
2260
4878
2959
12179
11879
10924
12714
10874
3848
938
12537
6169
11137
11983
2059
1044
8148
9154
2283
12217
3132
11703
482
7647
2624
11940
6595
3521
11641
7056
3437
3823
8360
11137
10818
11392
4630
10319
11409
276
10658
9543
2443
6186
7553
7100
7479
3347
2461
11411
10786
11426
482
6417
1590
9227
8808
12032
9723
4915
5176
4327
7367
498
478
5101
3064
11641
4965
11493
12467
31
7509
2578
5890
6902
10690
12029
12214
4344
1918
9286
3068
5772
8824
9886
2447
3498
7498
4130
8158
4101
172
10079
424
2694
10633
2776
4808
1723
17
9266
783
12067
11142
9939
3402
8899
5757
6906
1993
6928
12598
5514
2489
6985
11902
2734
10952
10702
3867
3577
2571
6574
531
5294
10488
12694
5937
12223
10482
4646
2126
12634
202
10473
2938
91
3456
7717
4959
10550
5178
7698
12511
4961
7686
2709
1539
1278
1984
1640
2382
1963
4693
10683
5035
656
3162
4199
8571
3422
3508
837
5232
5328
4092
8620
7763
3179
9061
4566
4579
5105
9968
8768
10915
3663
8424
273
7661
12031
717
1281
1735
7488
11857
6007
2825
7852
6958
11248
7053
10738
2439
9501
11668
11914
3331
4834
3146
3830
11394
1692
5439
1347
11244
7185
5518
8204
5392
10084
7305
3694
12421
3218
1535
6831
2393
3552
11529
11668
2934
1584
9428
4338
8979
10627
9033
9834
5623
867
12700
11123
10010
2596
5871
2800
8746
6032
3867
7356
1191
765
11097
11423
1184
10499
1782
10049
1103
11558
6166
4937
1682
11302
10421
117
10907
261
4000
5177
2791
11123
223
7369
10659
10713
10199
437
7860
7900
1172
7274
3784
6489
12339
263
423
10050
738
7070
3672
9221
10095
538
6681
8586
4612
2240
3588
2410
8789
2115
5181
12000
5136
202
11036
9369
11158
3007
5933
741
12086
12040
7042
9728
8663
12705
4395
11486
6072
220
9850
1403
1383
6430
42
7727
4691
11772
740
10196
7919
11567
11743
5753
6966
12507
1547
5837
11649
10919
4006
11525
12150
6124
7878
9739
12032
10873
184
3916
5022
7259
10607
10485
4944
7693
845
12341
3606
3875
12391
7510
10973
5989
12201
7072
9254
5138
305
3901
237
2911
12796
11444
4711
9058
12721
7420
6916
10489
3675
4043
7561
10770
5960
12523
12629
12613
12255
5694
9421
130
3416
3778
7605
5143
7663
8544
6762
5725
12387
3976
8402
4843
7147
5887
9702
22
12182
9146
500
1642
6021
6050
7553
7213
6497
9248
10582
11486
10424
12361
5587
6513
3336
9392
7739
8833
12591
5924
6012
4789
7054
3540
4976
2166
3613
7712
9179
2310
7992
11050
4888
8427
1676
5160
4153
12273
5639
7374
2709
7519
1186
8693
5244
4971
12654
11365
2443
3795
3789
482
6190
11362
12293
3157
8095
1369
12385
10199
12573
666
9291
2015
1230
2376
1374
8767
2478
2867
2232
3485
819
11079
1626
7911
263
5490
401
11693
1232
717
8581
10531
9080
654
7176
7599
12268
6068
10007
261
58
8631
5085
7778
3900
609
12395
434
4797
12421
9158
7010
306
3654
8014
9928
4825
5164
10118
12511
2300
12053
7075
2716
3756
760
6555
8578
10814
6688
2530