292
129
275
114
118
250
214
14
282
93
96
96
42
109
196
138
9
86
61
48
233
113
167
197
160
166
76
174
90
39
170
107
199
162
247
138
15
50
173
148
141
230
62
299
246
294
44
24
218
26
262
241
184
8
20
186
284
266
244
247
236
256
35
54
128
20
89
68
62
206
49
144
47
15
23
14
206
187
289
240
76
147
249
272
283
48
287
119
48
217
196
100
9
19
122
143
214
193
34
212
63
277
84
251
43
73
117
63
27
54
117
275
51
213
218
109
258
167
213
230
1
84
131
252
135
277
273
41
5
225
114
166
71
159
72
11
89
117
182
134
252
231
150
146
257
12
169
39
76
126
14
56
282
31
194
184
134
184
193
32
236
37
85
12
269
46
168
100
112
80
241
135
287
291
122
81
107
128
299
127
81
94
236
284
164
168
116
23
144
3
39
225
114
118
246
24
58
255
87
12
249
44
251
244
53
161
39
291
130
295
36
110
64
122
21
189
61
150
277
76
132
181
198
198
206
179
251
293
64
147
188
194
177
185
158
257
289
20
68
183
44
184
231
277
77
212
124
187
191
73
40
23
26
165
245
226
238
81
144
167
153
139
14
277
289
33
49
166
92
173
82
36
124
106
180
205
150
79
113
189
130
284
257
226
35
115
118
282
9
97
182
23
91
191
148
73
159
104
82
212