10530
5300
14828
13490
10281
7676
12786
7937
12890
13454
13124
9646
745
4827
6206
7653
9888
9291
938
12354
14844
9398
3975
11733
6302
3421
8079
8525
10829
11530
6101
6445
10879
1920
8215
580
8311
6297
4974
14559
3229
3549
4861
14534
10562
6109
10966
14652
10316
3293
9542
3568
9713
10608
6463
1013
1109
10013
10711
14227
4050
6400
9116
11733
4342
12540
11643
9199
14263
6529
1239
3921
11013
15014
10822
3541
857
10399
13253
14843
7868
8908
8498
15118
14167
585
1150
3317
12673
10412
13197
6159
1832
9141
12023
3755
2741
10095
12747
5891
4217
11924
11474
6142
13510
1276
3293
8896
4620
439
8911
11137
7919
8389
1924
11753
10350
13870
11983
8230
11456
2554
6157
7660
14166
9608
14434
8105
3033
12472
3663
12183
1102
9529
12216
12623
13571
14448
689
6826
7574
8277
9331
14944
10018
4049
1330
5851
1387
10750
9292
12949
11485
642
4549
13349
849
15170
5989
1841
2757
11487
1875
14094
13284
9798
4620
3201
10963
854
3860
10208
2748
9760
10606
9742
13541
11950
14213
13595
11952
13025
1416
5304
750
2034
14681
8236
11283
10836
5078
5177
10817
634
11213
11484
2925
13341
14935
13351
4511
10219
7510
6601
11656
3535
6569
12408
2982
4158
13892
1763
12892
5718
10575
6186
14898
1880
7680
11921
5541
10596
1186
67
2388
5845
4136
1936
2621
5428
13928
7189
12282
14392
6529
3122
9484
2070
3948
11866
10638
2603
4487
2
14675
12595
11677
1714
4644
14559
9294
10488
11075
13760
9968
12299
12748
1905
8648
11599
1554
4832
1157
12961
3104
10963
172
12500
5543
6345
7688
11312
3342
3669
72
14344
10525
13698
15011
4229
12540
4344
3157
13975
9702
2796
6199
14109
3905
6857
13005
12799
674
31
5919
10010
10927
3730
6720
4923
3735
9478
5306
11005
3099
7511
3095
2280
11060
13903
13390
1453
6370
3013
13602
6554
9587
11206
5362
7896
9436
1716
1599
10281
2984
14496
1480
11768
5787
5140
5374
11434
11556
4770
4309
13302
6016
392
588
4418
761
13141
2349
9609
12545
3032
4619
7487
5187
13608
14735
7597
931
3565
726
3929
14048
1308
3999
3880
8856
7413
1123
11222
12790
2342
4881
8373
14952
6659
13492
8417
1275
9616
3465
1845
5539
1283
4013
11195
7357
11982
2517
7871
2324
2119
12602
7980
4818
14577
1702
4120
9982
4170
12677
6121
11249
7959
4656
14464
7466
14190
10870
1730
835
13346
14722
10002
12901
2203
12853
3128
7213
12891
12332
8454
14488
8313
10210
13585
4823
6733
1302
4243
4972
12129
8628
1050
2450
14277
8382
1932
11332
9908
4681
3803
5164
13725
10677
3096
11829
2604
1910
14920
1180
2096
10416
7571
9625
3413
2030
225
9178
13187
7591
8287
7100
3477
12235
872
14474
12063
3003
12786
10969
2296
13810
2787
4423
4660
5673
8149
3644
2808
14973
6328
4494
11064
8266
14042
2362
5921
2763
4399
14484
748
4479
11768
12321
3119
4174
5889
3835
6184
10112
10112
13870
9770
1983
12161
5355
4659
3348
9655
12983
11904
1786
10915
8096
628
10409
2284
12219
2586
1517
4751
9387
2870
5144
9268
323
13578
6521
10562
4340
3667
9233
4556
8151
11941
7151
12947
9153
4326
7653
14386
14042
6737
14467
12540
13141
15057
13192
8008
1799
3620
9216
15087
4849
402
3847
8979
268
7337
610
3446
293
3177
11450
11283
14674
3837
4329
7621
12295
5473
14467
12321
4906
6558
11162
7274
1023
8538
1518
14273
14758
5710
8030
12193
2646
8810
9248
4742
10617
11278
12342
10647
2786
795
11740
10306
12941
13768
12073
8821
4940
2727
5349
7124
1453
2283
23
819
9291
9155
8277
2255
8428
6935
13564
3296
10904
7954
13128
4811
4513
1014
189
7356
4626
2469
3121
2979
10710
5986
3666
3872
1712
4925
12819
2253
14558
9171
3744
10543
3025
4814
10337
1276
6820
14914
14596
5671
10334
14548
7178
1084
4358
538
15120
11682
5624
5072
6573
5237
11093
9839
7690
6952
2431
14436
14543
4957
6471
257
11582
9940
6357
4372
8196
7295
10198
7239
4685
6588
7970
10815
15004
8810
14005
11643
1457
11063
13724
14091
5799
11931
6094
8927
6143
979
13840
12818
7560
2127
9028
9100
7885
1679
14358
12406
12952
6376
10022
10013
13823
6808
4485
10579
14616
14930
4817
7446
5804
5556
1526
8750
3560
9124
5745
14052
8
5621
8269
1256
398
4530
974
4430
5874
8224
3620
6810
13125
5488
9265
9770
12821
13752
10706
8073
3702
4421
4226
8791
599
7145
11312
3471
1025
6657
6508
13246
3878
7134
8918
8586
10397
886
5257
4009
13571
14911
5197
8318
12765
11388
2431
4307
6832
10595
13359
1995
12590
3707
12745
8232
10455
12764
12100
9318
7284
4104
13182
14575
1069
13312
12758
10110
5612
4321
7426
13101
12093
5626
6851
14717
14610
13442
11358
6360
3618
7386
11052
3516
2752
3858
11439
3403
4650
2584
9523
3996
8722
1896
6885
11276
7977
9573
2667
980
5620
41
12984
3439
15165
13232
5872
13405
5759
11399
4746
278
3269
5796
73
842
7977
1556
9197
14415
14495
7221
7201
4045
10612
13542
13112
12863
2545
15
6982
10053
4533
4231
5462
5903
12119
1497
9793
6285
11443
8486
9193
14193
11050
10732
11115
3764
9478
8865
1165
12888
1573
6619
9310
967
10154
8007
9577
2065
7423
4741
14209
11994
1487
513
10067
1699
9088
3101
11026
7587
4080
10463
7432
10969
12218
12312
11949
5979
5452
3640
14340
8427
235
742
11190
15027
595
10261
12866
3395
8118
4570
4815
12905
438
540
13561
4564
14833
13802
12634
14094
1225
8759
805
2643
14221
1579
6567
4573
4354
12169
26
13340
5571
11022
741
8252
2636
8460
7657
5394
11056
2822
6048
2354
11719
7268
3602
4052
10845
6190
13948
4280
4226
6160
1748
7762
7467
7950
6831
9094
10553
12246
10020
2531
9960
10745
9511
7251
11964
14801
8968
11967
13908
3099
3339
765
5076
3996
10042
8366
13485
5073
4518
897
8037
410
11716
8770
14757
13492
7592
11994
5002
4377
2102
13796
9201
9331
2087
587
10465
7721
8856
12926
818
8420
6388
8175
12924
7225
8868
6654
13007
13782
7651
11161
2095
7523
5096
7013
874
7101
8522
6716
3784
9429
12562
10822
3005
9264
819
3995
10475
13325
8739
6521
11413
7185
1638
6392
5425
5895
1934
13890
11341
4411
6599
4293
11343
12987
2971
6434
11916
13109
10646
13424
8245
6518
7610
11051
3337
2359
6808
4584
10698
13517
1276
7936
7004
7948
3338
11381
14892
1479
4653
6973
14549
1259
8087
4461
7118
15184
4988
11967
4890
8650
10851
11929
5245
1997
12237
273
1143
14081
14758
8357
3656
13196
11618
6251
14576
4108
10988
13943
11813
13110
14129
6420
10833
2431
7378
3894
15174
6379
10092
11153
5182
14333
977
2832
10498
5692
15137
8114
3502
8560
3099
5631
8071
10400
4340
13308
2643
10120
15003
14539
228
7912
10014
3531
11995
7046
12453
6810
2842
8383
5329
14237
13165
8311
64
12970
895
6418
3403
11208
8750
4679
13315
5329
794
12774
3697
8112
6299
3604
10535
12147
3284
4391
10540
2602
7627
1025
742
6440
13974
572
3187
1019
12375
7949
14114
5776
1062
10532
2677
9230
14493
13256
14104
5757
3592
10940
5185
12755
4532
5165
10127
13259
14774
5493
10056
14631
12124
5954
12939
5642
8733
7194
4848
8413
12308
9394
6636
14476
3518
1182
9834
6604
1376
3286
5638
2888
3647
8101
6458
192
1760
852
13713
10528
9153
3145
10949
6818
6290
10576
2199
9900
14511
1734
14089
5198
2128
6562
6564
3571
14678
14769
8359
9177
1730
9721
2123
4663
8016
2674
9435
4674
7594
9263
2169
6269
7644
12709
13672
5263
12546
8724
8357
14011
10247
2904
1416
5216
5915
14581
11180
7616
14582
3604
5679
3526
10015
4609
3817
4277
3599
7705
9986
6961
844
9450
10762
14319
1083
800
13760
8285
13865
1430
175
1544
8745
8111
9225
108
6404
13292
6331
3090
12863
7375
1415
283
14644
566
9328
8481
14061
15149
11996
14314
6574
5779
2898
6514
4778
8945
7946
15168
12562
13756
6786
11416
9384
7430
14184
6461
3784
11507
1169
5244
7948
912
1866
7580
2519
7237
3020
13160
10183
13218
7691
5763
909
6037
11447
9828
4962
143
14978
5285
13624
4862
2613
3061
14034
5363
1650
11843
3855
14028
5353
5161
1901
13886
359
13380
12807
233
1625
8052
11969
4404
6574
2135
3440
12670
13820
8436
2205
2504
12126
4278
7143
3444
9481
12429
8108
8962
13642
11151
1266
4434
13683
12145
2826
13541
4543
14024
12401
9186
9100
6105
540
10732
12864
10165
5172
12942
13535
14666
3845
867
3316
12265
10778
12251
14751
11793
5521
436
9145
12406
12927
7510
11457
11538
14018
10895
5036
1540
14994
351
12170
9282
3750
7576
14673
5187
8021
13252
12305
4917
11164
5676
5707
10114
3277
12761
682
141
14619
14365
1112
7616
7391
6159
585
664
3787
10249
13024
13021
8367
8883
2456
13774
1776
8051
2066
2508
6088
5913
8130
13142
8431
11858
253
10761
5777
8606
10019
10597
10208
6373
4957
14091
11695
7909
2972
1003
9788
2240
4711
13997
960
13442
7566
6227
6743
14117
13573
3540
8491
11037
12975
751
6527
6908
13212
5253
10368
9207
13306
620
13203
11569
10549
6075
3755
10831
15014
1292
1402
9911
7607
4944
8844
11417
10632
3966
8527
1484
7458
11395
319
10641
1048
12016
7027
13417
6480
1371
12078
10780
413
4920
13661
13356
12027
8377
9823
7908
14914
5507
4467
10856
11993
12215
523
4945
6847
8681
9006
5005
5254
2375
7401
10968
12757
3489
9685
9033
14274
1507
149
4480
3187
8346
11780
3019
4618
773
10201
7161
466
8852
4825
6546
10688
10584
14365
10069
2943
11183
2648
12434
14599
157
8413
8134
6269
14969
337
1997
5254
2989
6416
8907
10229
8730
3313
9214
4480
5299
2816
2499
14248
3563
3492
5458
6378
4995
14348
4557
1064
13828
5726
8714
11696
2183
13893
14583
6051
8233
10394
13206
7624
5150
2975
9398
1130
8851
13714
5022
5993
9861
6537
4328
8613
10816
14143
7626
5254
3799
10470
9094
13434
6040
14795
14981
7990
7186
4075
4876
3164
7803
6916
11838
2161
3936
12969
11590
13419
9365
3675
11685
9956
15045
14624
14403
13761
5148
876
2500
6117
6706
12370
4525
10008
15060
15138
4038
3440
4606
14218
9683
10133
14135
1517
584
10835
3259
7740
14713
14946
12005
6192
2612
10716
7349
9513
3666
5815
12263
9090
9395
8594
5088
3416
1948
8663
14103
10659
452
9778
2386
7219
2109
5312
4303
10423
3212
10864
277
9999
2189
13938
5084
11142
9563
2632
1731
11905
6766
287
7587
6556
4559
7024
5520
720
11521
11832
1107
11848
10646
2423
4600
7942
3102
8937
1949
3554
398
14285
12099
13541
5229
10149
11618
1191
13077
3063
619
8524
2187
4217
2875
1414
14540
3632
5159
1672
3413
10025
5743
13303
9051
779
15169
8455
5023
14288
14022
2735
1161
12191
4977
525
7324
3463
11459
14250
484
14643
11645
6551
5272
12031
15195
12319
5901
3274
2542
6864
14457
9021
5050
3348
4275
2927
13797
14740
11381
13789
5870
7016
9421
6611
13531
587
2117
340
151
14606
12989
4423
1744
12675
6678
5150
10091
11167
5447
12495
11267
262
8022
10751
12344
3256
7423
2605
7444
1684
4821
10828
11831
7958
11650
11371
13933
12717
9194
5823
10040
9455
2955
6612
5035
11640
6950
4584
10422
11135
4529
2581
467
13383
12771
3986
5259
5580
7969
7313
4023
13116
4134
8878
12252
10726
8882
11918
6131
66
4001
97
493
9734
1193
2410
6080
6552
11462
5974
2083
12059
13191
13414
5793
116
2636
6136
96
10880
611
11539
8896
14172
1917
4799
14549
10830
12263
11282
1196
5209
11245
3592
3369
5804
6835
13314
7306
10406
3357
5641
6499
13912
4093
6084
7284
704
5088
2916
479
4317
1088
95
13148
844
652
789
14942
14292
1010
3989
2301
4756
7579
18
6785
3006
10691
8717
3300
12700
14891
2319
11728
6217
1614
4065
10933
1776
12427
11834
6750
7656
5579
1103
13377
2640
14041
9007
13915
5565
4004
1281
7427
13598
5952
965
8147
8224
5841
10675
5525
1275
1596
14051
8695
10532
1438
4126
8803
4113
6630
331
12445
2615
7159
1397
4886
13398
4019
13101
4790
4975
12930
2951
10930
1069
11960
13819
14061
7861
8007
6554
10337
11682
9496
4254
14617
10373
14269
9582
4391
14633
1836
13298
2588
9448
14703
9372
14719
97
6573
1429
9588
825
10000
8287
8787
8920
9048
61
14246
2763
10643
14919
4582
13388
9229
12824
1493
9441
13268
13112
11862
1202
8830
3858
7859
14262
13839
13913
4897
12466
3363
13134
14886
4141
7901
11901
3813
8406
11099
15150
5277
4522
12816
11046
7964
4931
14019
11079
164
9371
6456
1734
6980
9363
3845
7596
13499
8317
13989
785
5255
419
1665
14348
12105
10479
5842
13312
806
12918
6435
1065
13197
1174
1279
2993
13360
9777
6280
2464
14592
7220
9588
8065
5264
4042
1240
11118
12623
519
14384
12804
2687
13287
2601
12530
8526
12023
292
4703
963
3506
7905
6426
2424
7688
2843
8529
14880
8414
12811
7225
1976
15184
10565
14341
5130
6256
6739
1315
8942
8879
6364
4676
1129
14483
10520
13266
6629
13790
5254
8980
4974
14345
2215
4452
13533
12026
13248
6158
3508
2930
8620
7376
10772
5124
1269
7450
639
6068
14543
1443
14793
15163
6306
4819
19
4302
1724
11914
14453
6160
3916
13228
5149
3443
7265
3595
7641
12994
7518
4680
9131
11873
9187
12580
1594
7692
11280
2862
9651
8768
310
191
3290
15032
11493
7423
14209
5320
15130
10008
2429
8843
1348
11755
14748
14825
4368
11927
373
7581
3669
7480
8747
5805
4742
14399
2970
9158
4562
2432
13869
5865
4201
5237
1731
10582
14376
972
6297
14489
6777
2134
5766
8038
10092
13062
6922
11379
7758
7959
14133
6145
8124
7272
10309
4100
14416
8273
1023
11776
10471
8079
7231
7158
2843
5862
10539
2190
12903
8736
6371
9654
6394
6214
1430
3626
8220
13069
13776
8764
13506
7532
4385
14923
15166
13900
11377
13901
6813
14113
11470
10530
11948
10092
4635
5423
8136
270
3286
966
10012
4307
5624
6357
6029
6553
9216
368
5305
5290
12484
6240
1162
1280
13512
5324
4271
5096
4698
10901
11671
3520
10823
5732
13174
10295
3178
5285
10001
12291
10584
6285
3992
6749
8608
89
9079
13929
1135
7926
7747
1554
8528
474
12311
1317
8808
4859
7486
9009
6683
10590
6148
889
1682
14125
12029
10288
11124
7364
7993
7868
4060
666
8163
5272
13744
14592
8362
5964
11140
8677
7963
13499
4849
1733
1402
8913
1568
14531
2373
10355
5002
13679
5475
4078
10660
11017
1287
10105
8484
6534
70
81
11406
10992
7208
1438
25
10444
5492
10026
10820
9476
1460
7580
8660
3917
1027
15077
7847
8778
10799
7021
10175
11933
6662
1098
6030
10903
4417
13014
12203
9531
5683
11794
5807
15016
11343
7050
11588
1988
1123
14568
4019
11804
360
2842
4729
13329
8056
3555
11865
8147
3571
379
697
1815
6969
12694
10477
11050
6035
11163
5889
13748
4778
4247
11268
2373
13699
11273
3717
13528
13423
549
12337
10799
13944
9934
11648
720
11300
5931
11827
5232
14093
14334
12845
2992
10785
4159
13577
6347
3196
5124
5827
14138
13047
13122
5490
6685
6990
3598
12974
3478
12398
6498
1214
14087
9407
12880
3898
15010
10964
7459
14335
9507
14881
9757
64
5096
10644
9212
2477
9198
689
5474
4649
14010
14966
3287
7461
3551
4506
10862
11615
1405
1551
8799
7517
7733
8343
14057
2116
14612
11463
172
7699
6224
2975
13032
361
12094
8001
13850
4489
14039
6731
9664
4540
13760
14679
10839
11164
3856
101
5732
12150
4197
501
14286
2103
6368
9273
12018
5418
5179
5180
11729
7183
13140
10234
8453
5747
3048
6209
2120
14683
8227
12779
9954
3335
11668
655
13573
1131
9743
9287
10996
1831
998
6833
4491
4756
11541
1216
3700
7661
735
3213
1304
10231
1828
1176
9637
8743
3903
7081
12840
69
5142
6111
440
10318
11250
11451
7321
6413
4280
6583
10277
7100
3921
10535
12075
2436
5634
14714
14110
534
9779
12492
3802
9188
1124
3075
8452
10121
8958
6347
5333
6218
5514
13459
1346
7379
1590
504
4362
12577
223
4431
2773
8420
12967
4242
5944
883
2156
10757
14104
9233
15057
8686
7809
8717
4874
4705
307
10757
7535
7473
12467
10911
5264
9564
12485
11347
5420
2864
280
8353
2688
6025
14028
2038
10338
6341
6926
6167
8270
8507
12736
11729
2534
10101
2590
12341
5199
11581
15088
4841
909
3990
4455
11876
9695
5427
4679
9117
2768
10491
4134
8338
7195
11683
6255
5113
11810
12292
7413
9762
6901
15050
5526
12883
12062
6734
9541
3649
850
5292
797
4825
14419
5269
7028
12923
8445
3953
7572
4634
2582
5988
5739
7226
5308
291
5103
8136
7076
10002
13468
3607
1784
1347
3492
1709
2778
12374
3579
5455
10089
3571
11478
10752
3787
13452
3302
12868
1924
13973
3718
1609
8487
1730
8513
1737
5606
13478
8109
7785
14439
5910
8844
12088
7641
10764
9476
13492
3991
7111
4224
2626
5058
6064
12311
1670
5459
11912
13119
10986
1245
38
4692
2564
1679
1445
5152
6214
3838
14418
10751
12411
11536
381
9633
1519
291
7448
9846
5794
7807
7328
1335
12557
14205
491
8832
6959
1592
5799
2546
8669
10838
2982
15148
4887
1984
15078
1932
5912
13516
8113
6256
8176
3812
8025
15002
5650
11252
1042
3086
2108
11491
7577
7599
14053
11354
2324
5499
12963
6457
2001
9239
13781
4909
12524
7076
14718
5109
9285
14629
11089
4157
5350
1665
8024
3574
47
7237
7459
5747
8175
12689
11663
11340
224
13606
12382
3136
11218
12403
10393
14582
9414
15044
602
1162
14589
9633
14610
8068
2290
10763
8274
7315
6340
7447
7577
5230
9636
9248
14532
10992
7361
13400
6108
4348
11539
5780
8523
4029
6586
13306
2130
9024
1773
14849
9400
12725
13825
4420
12510
14565
11243
3666
1506
13045
7078
99
3851
7028
1412
13431
6783
211
13566
7266
254
13869
12078
6674
13691
9537
11421
13970
13399
1741
5056
7461
7616
1106
3224
4862
6020
13180
11613
13862
10999
108
6918
7943
1930
10933
2717
6418
6710
3670
5734
597
8330
9332
5601
9646
10232
2460
11584
11427
40
12798
2106
7136
5335
5076
9336
10334
12499
11028
319
9256
10754
5036
6536
11915
1883
12937
13538
1899
6490
322
9278
13382
11278
982
2411
1637
7261
13559
12094
14136
13596
12661
1813
1087
4638
2246
6472
1764
39
5861
9752
12556
3338
4785
7371
7886
13365
1860
7957
4820
2446
14954
3835
10668
833
6582
1837
10829
3520
9579
2797
3906
8291
2223
9830
3784
8074
14819
7232
9111
11736
3966
3240
15188
7831
5542
906
14222
7538
14265
10121
2022
12805
13202
12177
8764
11408
14172
7275
13082
3087
15114
8442
338
11580
12354
217
14557
14166
3329
6818
2671
1466
14340
9740
5004
254
10853
2590
9513
8335
566
4318
5945
4995
14423
4253
5071
4903
4454
11457
8443
906
12063
12087
11964
5954
13152
7341
8384
9686
2153
8434
13434
10124
10882
13729
3302
3552
10314
13630
6706
6969
2036
3390
3254
12087
3502
2714
1007
12458
13287
2343
10087
10158
14366
7579
6217
2421
5152
8589
1506
12169
10323
8572
10759
5852
3072
11324
2099
2867
15115
3347
12449
3739
10808
10880
12765
4464
12380
5626
6010
4371
13956
15025
12679
11075
12209
5531
12289
2503
2929
1518
13758
11554
11600
10580
248
13062
14920
1924
614
3247
10955
15024
1898
13622
466
12514
518
5224
8059
1666
4698
5452
11700
2552
9360
11811
14790
4634
3036
14762
5781
336
14556
14831
9047
5178
1805
237
4779
11673
858
4035
8489
14957
4796
9825
11931
3501
2688
10133
9433
5310
3322
13259
14217
9590
15029
14062
10746
5242
1155
7510
10871
2698
8831
9857
3829
5609
10214
11102
7731
1800
3438
12658
3646
12131
2125
12749
11806
3651
12753
4511
4602
1654
9458
4706
692
3145
1072
9843
13375
11021
11525
934
2334
9102
10855
7760
4101
12061
6104
9508
12746
88
6185
4583
5289
5204
3418
12387
11682
5676
11015
9450
1749
1463
233
14892
7742
6611
10506
6515
4401
14372
1955
1014
9961
3899
2944
341
2093
6762
110
154
14274
14405
6590
9661
11660
4897
11423
7743
13900
1020
14848
10598
14554
4782
10456
11046
2573
13984
4791
7890
9488
1660
4738
3986
9110
8179
3132
9524
11397
10687
5442
6237
8245
13977
6934
10463
9541
1606
1573
6060
6893
6376
6770
11193
11705
7900
1408
3239
9567
2166
8939
251
641
7968
8455
1329
11843
6746
15128
6611
2349
1389
14911
975
5384
10659
3678
3271
608
6529
4252
3234
13148
14149
3698
7408
5928
9186
5141
10189
7417
7008
1274
6273
1330
11990
10113
12637
12048
10285
3929
5767
4004
14257
3175
12967
14548
3043
14831
13715
7291
13914
649
12285
15147
10847
3571
3325
14569
1176
8220
4429
2212
2199
10821
8807
7896
4470
1717
12685
8240
13644
6825
6050
8220
9648
6366
5808
10309
557
12158
3000
9637
2610
9098
9865
8559
8234
1627
8572
13255
14050
5076
6250
6733
6861
8191
4268
9659
11945
9262
2610
12707
4765
13167
13749
9532
12059
8977
8192
3314
6732
14103
12127
10943
6770
6640
8965
15121
985
9523
14907
637
1022
9463
12950
1390
6449
9054
13669
1754
1871
13731
2566
950
3203
4752
14248
13558
9515
3337
2989
12387
8743
6448
4961
12768
9059
4097
3568
3235
8049
833
4135
6004
7823
10348
13188
6423
14697
12033
8478
11175
1595
3614
2110
6742
10135
14583
2907
1669
11970
5490
6613
5907
2375
529
10567
289
10692
2107
3976
1511
5653
5001
8992
9412
2776
1732
10692
14813
2119
12016
12310
11953
9765
5880
7360
6000
7073
14334
803
11783
6276
12086
11906
772
6900
12588
6160
6380
4255
1163
12528
7647
11275
7992
8128
8276
13222
2537
12147
9086
4858
12560
323
14787
12027
6411
1583
5830
4592
1852
7424
13845
4932
4916
10972
3149
12884
654
3730
2606
11532
2043
11022
544
3833
5981
6288
10561
4269
10753
5471
3995
9960
5223
14500
3162
9111
1741
11658
4004
8354
5103
3159
14369
3281
11629
8437
2801
206
4998
2953
6753
7738
3136
14153
3825
12477
3953
12144
12782
6095
11912
2330
5873
6386
12454
12599
2920
7588
3467
2209
9892
1437
4444
8353
7364
5934
5225
7749
7364
12208
10886
12827
1517
9741
2977
14905
12867
2983
14940
5472
6329
8738
7756
6260
3320
8923
1644
3386
2245
14777
11751
10386
6739
11686
12549
2043
3766
9470
11648
10069
4206
1538
13562
13148
6934
6666
14257
12978
2469
650
11234
2672
10276
13809
11512
4913
9510
14231
10385
13589
5058
13058
6445
12382
13380
2665
6570
12035
2140
12274
14583
11876
2892
2383
12427
14391
8312
10934
10473
13086
9207
14288
14617
9451
1873
11081
1426
10015
14180
12495
1635
5870
2405
4825
5255
9219
2665
5115
5055
14265
11812
5467
13527
13966
596
6207
3243
8805
1317
10818
1535
2156
979
11174
6618
9418
5933
8300
4761
30
6634
5810
11700
12921
11832
5064
3536
11502
12462
7960
8976
8973
1953
4045
14064
7187
13684
7942
2928
15003
3615
4680
14825
7017
3478
11543
325
2462
14310
13166
2268
15150
12170
14484
10339
15038
4043
5011
7517
7111
13824
7338
1194
408
11232
6763
7735
7518
5264
9403
11258
7171
388
7658
14016
8443
8541
5956
13114
11358
1509
5266
2516
11064
3169
6814
3821
2539
14094
10474
11743
6800
4212
4255
13731
2394
5625
13474
12531
3799
6887
1865
12126
6901
7697
1755
6392
3495
10370
4817
8057
3669
150
10636
8634
1387
12503
7663
2540
1181
3720
9074
14919
6487
13318
3993
13734
2294
13303
1667
13429
7850
13390
12694
12169
6916
314
12044
1125
2715
9086
419
1229
14070
6918
8171
4546
4585
150
8453
14333
13453
700
9890
13357
6250
1762
2664
5360
13731
165
2542
9009
14709
8622
9761
8652
9744
906
12317
13962
8075
11352
8776
4625
3629
412
3507
10731
3735
3650
15008
10377
9558
1824
2761
4918
3351
1894
2258
638
13417
3751
9139
10311
14943
12400
4424
5066
4794
11712
14852
13370
1397
11984
426
9301
6841
8910
8011
981
10990
5205
9029
5676
315
3000
2867
1862
5564
5906
11532
10300
2685
1725
5629
2157
8021
5287
10759
7449
4083
1310
10694
8832
1848
4485
5065
2417
12689
1889
12757
9726
9837
5985
8396
12645
5909
7304
2967
7053
12589
1614
7585
12602
7230
4167
10883
3795
13726
12924
5128
15037
4712
9618
10081
13060
14150
4832
8734
12566
14798
10851
8114
6450
5743
2385
7637
11620
14370
2431
3059
5763
7217
6635
3762
14239
13741
6857
4898
2902
6018
6094
11308
14006
7853
13119
2597
5093
12014
7630
109
6926
2058
14095
4226
12409
4138
12666
4511
13715
11576
3802
9975
6979
13565
14701
651
10176
10372
11339
13396
9996
10056
367
9978
6913
14333
10010
14339
3212
929
13014
9013
13887
8918
11882
10445
4715
6152
3560
11362
3469
729
14813
4075
5132
2843
13253
11651
3
14869
8609
10519
11590
5900
12201
14902
2920
8942
12328
14095
11166
13377
4
5862
3686
2774
7471
11463
6855
15089
15014
9101
7952
12387
7782
1442
9000
3007
15083
13510
12620
5124
5646
8028
10081
2573
7580
407
11136
11097
9927
11345
9192
12344
3736
9266
7474
7407
6728
12230
12432
5794
5283
13312
8155
10169
11345
3542
8678
1511
981
8708
9739
6563
1820
14397
5366
1368
12177
622
8446
8061
5714
4789
15157
7053
3920
11380
10498
2727
1918
9631
875
4515
11534
2186
12333
15057
2814
1523
5163
12461
6229
13428
5682
14418
14573
10288
2797
14684
13071
7894
5416
266
1235
1516
7997
4398
10164
7733
4651
11196
6117
11795
14893
10126
2109
7110
4554
724
11529
12955
314
3973
8885
6840
3354
5741
11546
3566
7683
13802
88
11270
3925
7128
3825
11872
8346
11213
11998
9378
6009
1119
12338
6710
10066
8370
2324
8552
2064
1033
8374
5067
433
12523
11533
1342
14015
10006
3375
7701
12741
10915
5145
4607
12247
2794
4025
3996
13776
13710
10021
9673
8173
5366
380
3050
13488
10043
6550
4938
7770
2168
1603
10371
4372
2938
11840
1241
8701
14239
3686
11899
5683
3741
9522
6537
11482
2834
7987
6489
11795
1408
3503
2951
10196
3684
13816
7646
4732
356
14975
4819
590
1295
2574
4847
5792
10586
1018
12928
12603
11356
10607
8645
1487
534
14376
6568
6027
8544
9448
6521
11867
5228
13725
7462
3878
5508
6259
12815
273
10169
3543
6919
4047
9025
2362
7313
8789
10713
556
463
10792
2884
9515
10949
10790
13018
7046
10293
6124
6405
3481
12619
9619
7315
9482
4184
4305
2493
15185
7753
2273
1530
2836
7555
1132
4133
8722
11573
7754
8510
10593
11236
9395
13248
6727
7312
6972
13058
225
2807
11160
4764
4697
11680
3610
11613
916
13348
15016
14186
8095
9973
7015
13414
14548
2648
83
13173
2574
1673
10317
532
8634
13452
14194
11644
13931
3179
9366
4214
444
14383
710
2813
529
2111
5075
12039
8205
11035
11718
2571
1045
6914
11643
6383
3823
8661
13659
7601
12338
3246
11947
12357
8191
8301
2710
9360
8131
6292
1184
14190
2416
946
6214
5049
10334
9972
8550
15164
1461
2856
5177
7031
2286
3576
999
10006
980
11427
2937
5462
7696
6731
10872
1346
14144
5687
339
1067
5135
4763
9847
10564
5106
5028
3999
2375
855
1459
8552
11052
2534
6249
7501
11448
11903
5472
8525
14992
1022
13762
7743
3597
13258
8294
2981
6169
11111
5552
14411
4223
5978
14385
4683
11066
6220
3272
4021
9117
13899
3427
316
12063
6000
12348
7485
4460
1754
7737
1322
7160
5044
14788
7241
13834
5666
9986
11432
7370
12448
3543
2772
5854
9083
4779
4444
5432
940
8568
9706
4953
11639
12741
10499
6294
4903
13421
8471
10108
6909
12046
14873
9316
9404
10447
4194
10251
5482
14268
1887
11558
2800
6372
13279
11094
8529
6596
10650
7869
13299
12054
12434
9325
9860
4448
12432
14262
4884
12312
6572
4058
10875
13607
2228
3386
7592
2436
2494
14527
10083
634
12488
9491
7614
13354
731
2223
12673
5306
9574
7567
9320
12183
5888
4441
13247
11801
5872
1709
14681
6685
4638
12570
13078
3286
8805
4015
9694
12868
690
10272
11645
13366
12270
9539
9327
2106
7167
7915
4011
630
5258
7162
15117
8145
10803
7338
8859
13848
2630
13553
14161
3776
11681
10801
7831
14702
15162
5336
723
12166
3954
5203
4086
4618
13121
5905
8434
11884
10931
2921
4385
12591
7493
1427
1969
2596
10930
497
10468
2508
8343
8454
4457
14525
12401
554
12548
13329
11686
190
3591
9313
7719
9022
12269
11440
9797
4985
6180
46
2333
1401
2018
2746
1406
10317
13955
4332
13837
9907
12217
12888
222
10910
11657
10775
5606
14979
14488
364
10139
2525
10793
24
31
267
7318
3493
12438
10649
12584
1000
3133
5209
11110
14244
1986
13058
14629
14143
15169
12284
895
13493
3855
13827
7843
13383
1102
10251
2493
10196
10766
12350
1861
12047
10142
13926
11677
709
9849
2056
9834
260
7401
8306
14835
13926
4460
3469
4682
76
2653
10960
4352
1950
12536
7596
11248
10551
13615
9823
5556
12649
2723
6653
718
9383
2155
9535
11147
12158
3357
6784
10003
9248
11779
14221
173
9538
5625
2785
14352
7892
8595
136
1478
9661
6953
14831
2864
10611
13794
15008
296
7403
5464
11904
14379
11226
4187
866
14019
9381
3333
12779
8091
4642
2785
7690
4837
12731
12649
517
1241
4707
8295
7781
4786
7275
5597
10651
7082
3721
8903
2826
14386
12625
5811
1084
4110
7777
10732
6164
4815
4036
4641
463
2172
2939
11388
8937
5017
6718
2322
5089
10426
2963
14197
9255
5285
5123
7227
9313
13302
12612
11600
5872
14938
6828
5673
7837
4140
8725
14455
5600
6162
11509
5705
7238
2141
8472
11002
5351
6991
2495
1676
12253
10848
2217
6781
3033
4513
10223
2945
12703
2692
12638
1139
8364
6627
8977
6091
5345
10605
14478
6391
9286
13535
8707
8469
12837
5065
6637
4107
10980
8198
10695
11648
11169
13365
4699
7680
7281
11180
6316
11499
15030
1589
777
10277
1783
2725
10718
12506
3893
1150
8524
5801
15088
8972
10275
4560
13101
13715
748
12650
11008
3010
6256
6371
1479
14229
1597
6520
13949
6451
3095
4665
5979
4190
12152
7647
7818
11731
3146
4592
10022
8925
3244
4971
14594
13571
10495
13459
13454
3041
2400
1235
14901
3862
1960
9934
6699
11954
6578
8003
11712
1406
8417
9867
5541
11599
9257
580
5152
1732
15138
8674
11394
4944
7504
7788
11593
11473
6262
12947
3428
2678
1477
2464
3109
6524
3667
15193
11759
4380
8867
13088
5198
2081
1092
6107
7984
13368
11702
9795
1981
12844
13682
10117
7978
6693
11143
6423
2216
3770
1671
6939
3308
13212
3548
11815
13023
4617
5728
15184
5305
11896
13688
13491
4578
5154
9504
7468
4211
5476
10166
11382
2287
11136
8496
9022
10868
14589
11791
5956
4275
8907
10826
9760
14149
7104
6143
9395
8417
10839
5117
1399
13847
5869
840
7604
311
9776
13917
3858
728
605
6883
5914
2166
1701
8851
13201
9069
12540
4105
6773
3318
5381
15071
5204
9571
13857
1992
9582
6301
6647
6368
9015
10186
7158
871
9407
14609
3162
14331
5594
8931
7709
9819
10891
829
7587
12686
3104
7114
6704
3893
11263
10524
14006
5846
3977
9912
6591
1375
10002
7530
13998
9964
9460
1003
12132
3138
11215
3246
14275
11125
4614
13630
715
2506
2371
12498
4099
9951
1926
4681
15024
14913
5381
6323
13336
10138
7490
9991
928
5105
5243
2153
772
3020
3853
5470
14938
2704
8449
4091
5175
13424
14445
2579
7621
5990
11736
9207
1613
4098
12744
2273
3522
7520
13654
7773
1842
15166
3563
11602
2322
11837
1507
13548
7697
9827
14765
14040
9767
2152
13582
11074
2270
2454
143
9054
9198
7327
11869
10176
11976
2903
13667
6486
5782
1637
9286
7354
11469
499
7047
10652
8237
617
4957
14956
4640
2901
7626
8544
13722
12067
10529
12398
6077
12437
2189
2655
5376
922
2114
7610
1676
6192
2063
14392
6370
11922
12410
4046
5392
14216
9928
12326
12432
15198
767
2673
3266
12949
3697
2010
12506
6527
10149
13511
15142
2134
15125
2899
7803
15148
13839
3593
3575
4787
4585
6368
5338
1192
11794
9518
5332
4038
7734
4638
14691
5554
3976
13278
3838
14677
2873
3789
7804
14519
11977
4446
3816
7939
5560
6363
14834
2724
6790
7645
5768
14301
11446
2399
8507
11001
5958
50
6331
7378
12565
982
9273
10809
7882
6552
1703
8216
11118
8109
3825
14017
14915
8367
3876
4841
13170
14732
1532
8152
2228
2868
5693
4255
2762
11359
251
11808
12183
2847
11188
3188
12061
4511
6977
2738
5633
5408
1931
7462
12953
13874
10876
1865
11182
14903
15080
1563
7109
617
2887
518
1611
13984
3089
14713
5644
8124
3379
4313
640
4031
2091
9086
3054
2794
10067
9822
13084
8955
10866
10838
6716
12226
4463
2130
4820
11796
10324
4210
3382
7661
11350
15080
11583
10960
7781
12972
5203
3537
6896
1636
10465
11271
2833
4251
6004
9983
9622
5796
3891
1040
2370
619
13061
14955
11987
10945
12057
13949
13075
13904
13673
4642
10283
2727
6513
10691
1946
8522
450
1160
13134
2876
1170
5918
1406
5832
7879
3099
7597
1281
8935
4935
6515
5985
5517
3782
10576
7561
12503
12909
4534
5644
1853
5164
901
5523
13031
14169
11433
4587
449
5411
9882
5903
8070
710
4606
8982
2316
9224
6263
7015
11868
14498
2873
8343
14976
2799
3539
40
7126
7762
11742
14420
13904
4291
13532
14057
1857
10453
13160
7143
674
8078
6925
1528
13872
1269
12380
2837
1826
5703
3908
3837
25
11072
7007
10724
6657
14009
5405
4591
5999
11113
1364
3817
12992
11437
8437
491
4757
10007
7437
5425
3076
2378
10383
13752
11034
1296
12060
13889
8107
13017
2834
6229
8391
14124
4839
1723
2891
1613
2189
10074
6097
10519
9902
4146
7316
14634
9216
12529
5885
12648
7423
7771
10100
5045
14719
1570
6697
4419
2984
13590
4137
9805
8345
3382
9103
14039
8535
2104
5277
12307
1493
11328
6341
14961
13346
3799
14319
2401
4589
14217
10870
2277
11984
7331
7750
1086
14472
13553
1676
5672
10428
1528
7419
904
8565
4883
14380
13536
12377
4662
12915
10328
10843
6648
11173
10471
4249
14554
14198
2739
11371
9072
10821
14220
4756
3912
2614
4004
6800
10148
5673
12438
6680
2068
4318
1856
4191
9328
5177
827
7127
14553
5053
10369
6369
7923
4169
7946
8062
14141
12411
5090
14616
13058
11808
11355
11476
7101
10665
923
1083
8343
13233
13971
5254
7940
2337
1449
1910
14189
13841
152
6577
5724
2399
3294
10182
14323
6331
7943
5414
1483
10003
14110
10125
4004
13216
9517
7553
10990
12758
9298
6384
3975
6176
6678
4653
15108
2113
6637
8400
15066
5391
10149
13699
7303
6869
9350
7413
7577
10017
6021
1156
409
5126
2012
3698
799
15134
10739
5188
13578
5088
8264
1381
4428
6965
12735
4816
1577
10
164
6607
6782
5659
9489
4816
11010
14274
6928
6761
14874
15001
9598
15134
12176
12771
9847
6670
15118
11744
8552
6352
846
4365
6775
5832
2531
967
1367
9027
11393
5702
11588
8705
4218
9167
387
6434
11062
3917
8537
10387
7129
3172
1033
14129
7069
13608
11515
14876
4359
14316
2700
9363
3057
4149
4535
2018
450
9209
12854
3276
447
10900
5199
13592
6391
12817
7779
8486
900
917
10264
2480
5496
6348
1538
13458
9320
2491
12216
13972
14515
5629
3158
15105
2952
15141
5815
13957
6827
7434
11760
13058
10080
6498
11617
12008
13939
796
2932
11470
14891
7228
8525
4351
12375
3027
8702
4964
14512
5186
8955
246
3753
10973
1946
15129
3696
4537
12520
8094
11734
968
22
7209
180
3438
7201
14688
12873
6167
13933
6031
3438
6552
14350
2662
439
9365
12091
7477
8889
4979
6073
7619
7581
7297
13093
13099
103
3334
9574
954
583
3769
8846
1253
13971
8982
3568
7374
3770
12453
10614
7298
6101
9079
7833
7611
6401
13337
11493
14926
11240
7569
4875
10908
9239
7441
11424
8659
539
6712
13641
10716
12429
13550
1616
5263
11870
10294
10515
13033
3419
7317
7398
842
7649
6030
3292
4277
9229
14360
7176
14946
4527
8627
7122
2023
192
1006
7570
10654
3227
3550
9602
2153
3612
8590
12243
14129
7686
8121
11099
10112
1877
12139
2930
1947
762
5213
13135
9129
9608
6287
612
12670
8705
285
14950
7249
10532
15193
5647
12226
9073
187
13700
5618
1861
186
5023
11928
1947
8319
2837
8461
5808
9761
15108
896
3002
9744
13401
2332
15110
3158
10976
296
993
9101
3238
5224
7270
13505
4822
11636
6273
3753
12080
4309
9114
5599
74
1259
7537
8963
8663
11997
5137
13190
8615
3738
4216
8746
1045
10703
13344
4176
5918
1879
14519
10565
5796
9116
15057
13226
10169
14108
5961
8645
3114
25
3572
2608
7261
10937
6796
1189
3020
11565
4512
14753
3165
12953
8335
13917
5212
9572
5464
645
1458
5436
12785
8020
1829
9283
299
3555
7302
13430
13057
1526
8439
13501
2192
1772
12510
13437
1026
5637
8584
14746
358
933
4178
6131
3121
3776
4139
1
6702
6614
6981
6604
7769
8279
2495
1049
9025
11115
7473
3372
14240
5554
2146
4044
14577
14645
7691
13005
9752
9675
7344
8198
8252
8100
7916
6474
4303
6613
14204
798
8516
6431
9352
12015
85
10071
8540
4261
13384
2434
1982
5126
13343
14688
11653
1181
659
3802
3706
4084
2051
15
10746
13976
8843
1050
4814
14152
12287
5006
12536
164
6016
12459
9496
555
9055
7402
13165
9059
11835
5246
2739
1898
4352
7207
5463
7199
14943
7529
2799
2740
14124
13969
11991
9060
6585
8371
3164
9749
4275
13226
14041
937
249
7569
5503
872
13506
14227
1847
5469
7561
5132
7131
7912
9033
8021
3124
151
10272
1187
1785
11876
1471
14947
6670
5716
4518
7297
8799
978
14478
5528
10185
3536
3680
14498
14568
2221
6259
13094
12919
9566
5897
6350
3359
659
2241
2464
14284
123
11169
1689
8211
8447
8719
2865
5496
6694
934
5496
12380
8120
6522
14082
8846
11231
9082
3990
11499
14868
11499
10940
9872
5526
8105
8637
12805
10564
10191
1698
9958
3555
7717
14733
9666
8748
9596
6373
7007
13401
6854
8945
12980
8996
2673
483
785
4155
7
4242
6973
14208
8068
6602
14330
1648
14122
7121
14490
7551
3584
12370
10846
7809
13834
9531
9827
13342
11498
10189
9977
5163
4778
8919
2070
24
12933
8896
7370
9106
1261
15049
14092
11230
13613
11054
5261
7229
10063
8180
6013
13266
6441
7935
8833
1898
12814
15053
6837
15150
240
2415
12438
9665
6404
8109
34
6522
8619
13120
10843
12348
2001
13866
13580
7585
9194
6021
8133
6197
9478
14240
3799
1475
14050
3617
776
781
8856
10792
15073
9224
9686
2127
1111
4949
2660
14673
14294
4497
653
3938
13263
3253
2971
2026
2557
11524
12813
429
5507
6898
6791
10618
12534
9693
12910
7968
773
377
13666
5819
3551
9126
14513
7275
7840
4007
10043
9196
12510
1883
2335
726
1309
3777
4675
2642
10276
11423
8262
13328
10186
14526
564
11151
12836
4109
12457
1663
4011
6760
1187
11336
4061
3385
8100
3822
6193
4423
6793
10453
12889
6075
11076
4522
13338
4376
12778
1915
3108
5405
8371
4907
11652
14808
3738
4864
9496
7847
9039
14378
10257
15098
8693
9469
13732
813
4357
337
13869
1426
12601
12786
6739
11786
13932
14283
5646
12685
13790
12378
5554
14525
8519
5884
1147
9861
10733
13793
674
3325
13722
7772
8832
14775
11561
4789
1284
7228
2312
12355
5236
1687
9800
4436
4399
4664
6061
4003
8235
4895
4671
1937
14710
114
11959
4862
5072
9607
15
10080
13170
5786
8267
11153
5680
12117
2259
15068
13916
6649
6488
10679
14728
14715
8194
47
2961
12778
12791
7830
2917
5589
10934
7987
13498
7271
6081
5538
649
10663
9285
5227
14492
14450
4567
11222
13893
7007
638
7126
2063
8414
13143
12575
6639
609
3783
4062
2091
13645
10497
2779
6765
5258
1221
3273
10178
13057
5534
14270
250
2125
7621
13635
4606
2255
13302
15177
10727
13485
13488
5109
14009
178
7410
1442
9576
5307
8682
8790
4589
11733
6489
14033
6557
5531
7740
4538
12053
2310
11778
2313
10073
6189
871
9722
7221
14045
3633
57
8709
5724
13989
839
6972
6507
6992
6255
9976
5371
11728
5907
14015
12857
8757
14024
10998
7810
10473
3182
694
3068
5355
8485
14863
4767
4494
4183
13812
11474
11029
9113
6101
11623
8504
7625
15073
8275
7435
7348
13340
4740
8682
10400
7388
10604
2773
12683
13103
4262
2804
549
11738
632
13326
9758
151
9284
11264
12156
7763
6985
8861
3227
10277
3980
3371
6831
7578
13713
1158
14993
13519
11344
1950
3892
11134
10057
8085
10519
7115
13472
13728
10653
12800
2470
288
12222
13066
189
2629
1221
13339
7001
14470
3057
9536
15197
13225
8184
13621
14448
14256
6760
143
14084
13450
4910
5647
7178
1911
7450
247
1607
10894
6458
12835
12085
1186
13486
13019
3940
6773
13299
7992
15110
3836
5732
537
183
632
10489
13186
9755
9473
12574
14188
4257
1076
14390
7674
3945
822
7357
5302
1210
11071
6732
1261
4741
1774
1911
13057
8459
2923
5687
14314
11880
7114
6454
3244
9150
11335
5613
2953
953
1383
7991
4837
2140
13011
4643
2741
92
11920
8931
4659
3410
14785
11527
2533
14149
10673
14633
10801
7625
14332
4139
9355
13455
14076
10501
1912
11781
12505
12352
8383
6632
6429
3832
10059
12215
6097
6963
8690
3478
7046
14452
10650
7315
12666
163
2843
7786
10053
3287
14852
12896
10335
6825
12292
15025
3180
15036
13507
12863
14553
1001
7399
8869
11997
12909
13920
5091
3491
1901
13675
10856
7277
5541
15143
4795
9184
9952
11519
1252
2018
10165
3137
2086
8852
14944
3183
11107
9959
184
9661
14380
13353
13347
14438
12324
7793
1684
2980
6812
978
5911
2223
3594
5699
4444
12821
5654
2223
14792
14854
10668
11539
9342
1183
2122
13567
951
9989
4132
7389
5070
9537
14784
13842
8770
6780
1028
13140
7929
10560
12063
4832
13924
2873
15019
10283
10579
10198
11358
12259
13477
5901
6835
5548
13273
13208
8458
236
14375
8766
9352
14796
1833
8838
9637
11894
5659
2849
15086
4705
5828
13166
2310
4433
5831
13746
10305
12857
397
8935
12013
1784
12461
12414
1287
10168
9320
10472
3150
7498
12979
3875
14215
11344
8462
7673
6311
7616
6148
6991
12743
5753
3169
14688
14348
11636
8308
12192
10842
7538
7111
6357
7032
13399
5100
194
9979
13613
12740
4723
13088
6114
8734
134
12179
10868
5083
5877
719
11661
1609
2141
8638
10099
5279
4284
3221
13214
5374
10084
5732
7430
8471
9695
1725
5887
14221
14864
2196
3519
12692
7684
11744
7081
14690
1747
2609
10188
156
13380
7221
1066
1487
2666
10618
2318
2292
10370
13100
9277
8513
11297
6037
2978
13568
14315
11133
10210
2251
10063
4101
12237
4433
6777
5186
7802
2729
1435
6802
11351
9674
12330
5469
13203
11067
11441
2351
11889
2955
2797
2629
8063
8569
13071
1624
3940
7699
3680
10495
2096
12373
7374
781
10940
7351
8303
12992
4122
10928
7817
13646
6726
8307
14451
4064
4305
10698
7886
8773
5711
9186
2038
10203
530
5487
5855
14964
8599
2520
5882
5038
11260
11338
9628
2384
6638
10752
5375
14519
5872
6444
11364
4108
13273
6689
6601
1386
1538
6624
11995
304
1662
2711
10751
10166
524
2943
7105
5425
3606
14572
9245
818
907
13787
6015
9845
3580
8233
7064
12321
4737
13877
3850
10647
4139
5546
3095
1328
370
13209
7827
9272
10497
7737
8297
3460
3917
155
4317
1499
900
2888
9547
9198
12729
7053
2438
14976
10934
14006
1619
13050
13772
14520
2989
12332
6431
3290
11084
11018
4051
4898
292
562
2606
11885
11061
9535
541
14274
3800
14202
3617
10886
11765
5755
5923
7984
11908
4921
5871
2569
15127
8660
1944
1611
9793
10520
9054
11805
5982
12071
3829
8071
14
14887
5414
4942
15060
7134
11281
4822
5283
4951
24
4977
6309
8584
8617
13407
11982
14737
13545
1942
9377
13256
14244
4693
13155
3770
9677
839
6761
1217
11019
9158
7032
3322
3430
13023
11091
1695
1212
13043
2434
3683
10362
6653
3126
5765
8399
2418
10795
8825
9755
1339
9631
2618
1093
472
13404
14679
10747
4040
10046
4645
412
13872
14514
5535
13845
14794
2120
7431
13889
6324
11447
4967
1148
14164
11202
10206
4028
12841
6425
12143
2421
9384
7079
10435
5932
6017
6425
1976
13219
11572
12556
9781
9719
2333
12242
9228
6782
12791
7300
5765
10396
1351
10041
6992
548
12825
7997
12377
10027
274
13753
6607
805
2246
786
14248
258
1768
1091
3151
6182
8226
6341
538
12562
7490
2454
2160
4016
1098
6441
12425
3667
14297
10562
5039
9945
1827
10656
9711
5637
7181
9857
14351
2327
14175
12782
9638
13383
642
13840
11623
9972
11937
10584
12490
707
9939
7649
3449
5897
1510
4032
5904
11407
2702
1280
4587
3936
5442
7508
14141
3402
8177
8540
13096
11573
9812
3861
2664
12728
3229
5133
1355
7553
7621
13575
8025
1990
8601
5375
6131
6914
5346
6490
7498
3626
13916
2690
8599
11948
2672
14613
2039
2956
11028
9904
7435
7073
8694
5542
12893
7942
8381
10483
13231
7904
6903
9365
10108
312
2534
1344
3910
7821
6383
14117
6599
11355
10125
12189
11754
9662
1833
2536
13687
13686
9049
7605
13602
12505
1026
5503
2488
8177
4653
3464
1136
1047
155
10448
9356
11539
7373
1246
4096
14107
7326
3260
4112
10182
1598
6380
13360
10845
6768
5833
5931
8477
14094
9207
14052
6093
10015
66
6507
10223
11255
428
217
12431
12112
8675
14207
6704
13657
8560
1916
7316
7086
7536
9244
9880
13471
1497
5883
5524
8340
13153
3944
11711
12011
2616
8746
4276
11287
10448
12143
11138
3490
13843
9762
14898
424
10848
8606
13007
1710
5789
14034
2271
4199
9539
374
14629
14621
13226
8714
1883
14403
7838
1617
6570
1607
10425
11493
14353
4016
5154
8237
10799
2295
1605
12887
14126
1569
12042
7327
7575
14541
6220
3350
1671
8778
3909
13915
8637
12928
11130
13612
5208
10716
2842
1342
3262
3139
113
8157
2940
10914
3674
8892
10040
8780
10004
4138
12844
4456
2625
13279
9837
10922
8652
8098
7415
536
8819
9897
1000
12827
7463
8834
12560
5046
13059
9238
6680
3356
9284
6836
1502
4328
2875
8081
5718
7487
13088
5537
6740
9735
6181
12059
11923
7090
13181
4728
2693
10506
6561
2730
4980
13500
9055
7929
13688
7390
12070
6724
13026
451
2457
6248
6164
6049
7307
5293
6126
4882
5195
547
12796
11172
11006
12108
12389
3140
12411
7734
8928
7753
7452
8851
2185
13049
7413
8730
3025
10960
3066
4253
14135
5707
14861
8415
9385
959
978
14763
16
7093
2364
7157
77
5603
7131
7619
2024
3814
13916
11636
2217
8159
8161
2999
9958
12025
8322
11926
10784
10960
2356
1722
8436
889
2887
9894
11579
13187
6105
3712
4495
5449
1832
11891
6473
6787
4467
12565
11492
8336
3563
14038
14490
13040
10750
10740
12727
5344
8612
11972
11827
13495
319
12849
10575
13682
7863
11776
10041
6052
5208
6357
6669
14661
2737
12038
14649
9065
5860
266
8851
5807
9593
6845
11439
12186
7079
5953
8759
7317
12836
1034
12663
10767
3394
7408
1373
10575
14383
13275
4038
11054
10971
11664
7938
12906
8182
1217
7471
3017
1672
9322
13147
771
9245
4183
8596
1694
7781
13447
5712
2711
13359
10643
11395
14928
10833
6092
320
4235
6781
13189
11809
10038
7966
5018
4884
3296
579
981
7070
6726
13516
1531
9511
13624
12489
6643
10018
9994
4747
4960
14128
12365
13252
1354
2311
3257
1573
1995
4270
8324
2288
13842
15170
13685
13918
7072
2674
10966
3767
5156
5944
5438
10967
13177
12441
3783
1483
4152
7525
11048
5148
7266
1460
6693
5942
14205
5385
14106
9534
1515
7338
10759
8180
11213
12137
9674
12291
4816
11198
4644
10757
11058
3255
12677
1034
6620
3112
3053
1274
11283
2913
12125
8377
118
798
6177
4802
13427
1086
13754
8276
5193
14067
6161
1208
2203
8643
11687
446
4856
7549
14496
39
8674
42
3097
6718
10146
4192
3626
1726
7018
10075
3626
6958
8239
9657
3425
9783
5894
13977
392
6169
3287
8436
5371
5249
643
1148
4347
5328
7594
2967
8103
10114
13029
2856
9787
7562
5191
7221
12821
1064
1278
141
11377
14903
12168
1101
5180
12374
7722
10804
851
6489
8868
5950
7766
13556
9241
10415
1618
12117
10412
10751
6553
8805
5398
8562
14959
11373
5959
3902
3855
1923
2426
11132
1499
9237
7651
13494
15105
4069
138
2337
6391
5846
3340
13019
12948
13114
2659
6654
14859
10488
7889
568
7961
7985
14459
4533
14069
13089
13518
11329
7953
4499
1379
599
6223
10061
3726
13991
34
7869
3750
14683
2555
6694
12427
9360
4241
13621
2084
11921
8487
8244
15027
7528
1123
8627
11631
10574
3108
7239
14868
11256
7301
1157
12429
4712
12118
5996
11199
3858
2496
8138
699
13951
2578
6467
3988
5192
9058
3952
3981
11787
13501
13547
3033
12763
371
1121
10913
10046
2840
4243
12423
4744
9028
83
3533
11065
11881
7965
3036
12123
1699
12901
4912
10778
11761
2302
4389
11808
9152
2497
347
5100
12187
3920
2405
8052
4132
5422
3344
5798
13396
6913
9699
9999
1903
964
10874
9653
7511
6874
12485
5739
14887
1226
1947
3325
9149
1472
3828
4614
9551
3227
8036
10467
4440
1721
450
12508
12838
13450
11300
14051
1524
9851
12730
5483
11660
11083
8426
13148
14206
1358
13098
10619
12955
7500
5202
3840
5862
7965
7093
5656
4179
10765
9907
7763
13255
5858
3032
12446
14628
11033
1660
6377
4975
6350
5999
10470
2934
12376
6775
13667
10141
3022
13562
810
5443
5368
9131
3379
12162
10546
10119
1452
6728
3509
3720
7409
5245
5970
8986
11111
10131
2901
8711
8680
14027
5804
14363
5897
1499
11
10130
7409
13432
2010
6258
9611
6290
7532
10398
7532
9219
3400
14702
464
6380
908
3498
2754
9830
12802
9934
10742
11380
3508
3581
1883
1873
10648
3720
5447
1274
13106
2252
7738
14727
12238
9148
5328
3596
3928
7404
6956
11973
6835
381
7162
11276
5782
11251
13292
2131
12873
8206
9196
2775
8420
14042
8404
10303
1981
5307
33
13298
13946
13356
13248
5413
3618
12107
1131
9341
1879
4470
9878
269
11775
5976
14853
7210
10315
9520
104
13791
13718
8322
1520
4003
9160
9754
7932
588
9181
6142
139
6145
10802
8874
153
4990
6344
1561
14895
5304
5870
5625
5685
10647
84
1055
3603
13353
10387
11159
12225
2689
14383
11688
1878
9891
14580
8421
13388
1151
4929
5847
14142
12778
11726
2835
4388
3153
9207
8822
10213
5053
8910
9873
12503
12298
5799
5611
7399
4599
3441
15122
13009
8257
3435
14960
10126
12897
2363
6908
7334
9259
4619
6684
7432
14671
8100
9551
6796
6509
4026
261
8537
13367
13656
13634
3242
10455
11748
6910
10631
1789
6163
11829
7074
6638
31
12089
539
2449
14108
12520
14781
5458
1901
11420
6811
3602
14441
1634
2962
5108
275
10858
3620
6676
2346
13642
4931
3159
8274
6213
9094
3905
565
8777
2693
8964
12031
13629
10892
6423
14797
4791
9706
15147
5861
4470
15010
1151
11830
4300
1878
12244
2141
7714
4912
7162
10977
2344
1802
12616
2834
12114
4451
364
7661
6768
8202
204
10818
1744
13899
8776
12693
1632
6063
3838
2570
8916
1819
11725
11773
2528
10639
7411
9097
10384
9045
10709
4777
14911
184
2562
5706
3036
6588
8400
11088
8246
1233
5823
5660
289
6516
5375
13249
15195
5009
11807
4321
4979
8175
14891
2191
14990
13076
3583
11427
8285
14461
3097
6990
8251
8372
4568
8582
6555
9084
10785
4512
8106
12328
11954
4599
2750
1179
1024
1925
12318
14618
14273
10554
13809
8999
2909
2029
6126
1816
6878
11519
13945
13600
13005
6693
9058
11888
7017
13840
8838
8865
7160
6304
10139
3952
8320
7440
6672
6929
3152
565
6522
13636
14087
8983
834
1153
5138
4849
2391
2201
14620
11940
8952
5668
10804
11913
4064
8311
9506
11820
6408
2832
14704
4981
6523
4841
5614
12973
486
9820
615
5871
9946
8778
2498
1800
7048
5853
13725
6319
429
1942
5246
4185
5452
2261
15182
8294
13930
10421
8611
11921
12780
3213
9272
11316
11172
2559
3424
10096
3802
4229
13555
12152
4313
14163
13484
14648
8596
14638
8198
4880
5876
3361
6058
220
4100
3117
708
5397
5648
820
14310
12459
14391
2303
1511
11675
1430
10961
3077
492
14165
9154
4600
6375
3382
12104
12177
8502
2239
8780
4739
11060
10534
9449
1001
1817
922
7329
8061
14301
9663
5070
2242
14408
13818
10701
14578
5225
9278
3929
8538
6915
4184
8068
3166
6372
492
13738
2195
14507
8673
8403
12770
7122
4161
9673
11136
10477
8959
6479
6956
9851
9115
5992
11974
12131
3607
11165
3172
6377
6087
8836
12612
2027
1424
2347
4975
7518
11710
5629
4956
10337
3012
11577
6887
13261
9375
4839
11199
2069
12982
15120
2379
10474
1783
10087
8183
2564
11766
4718
9970
4980
13419
14466
14708
5337
1637
717
13688
8260
7907
13279
14060
9563
3606
12762
5405
2203
11794
2611
3435
1977
8835
4959
11268
9600
7725
8574
11138
3130
6592
4191
11452
11177
13497
8053
12847
13951
8617
3162
9626
10772
8449
13556
13468
12447
5839
14973
5225
11156
14966
4735
3497
7268
13615
7718
6922
15127
13001
15072
6587
4767
4501
9618
8129
7316
1143
9279
6795
10414
1346
4968
8701
14714
13163
12869
13912
6847
6713
12795
7383
11347
15185
5522
13027
11281
13145
2595
8678
4831
5530
9974
9265
2464
1909
7775
4835
10469
4036
8462
12582
7157
12812
4144
12884
2834
10483
13023
857
145
12804
7874
4246
13906
1429
10550
2244
9052
4469
2179
9967
1454
2771
15142
15060
653
3171
172
5417
14314
6952
2836
1930
7628
11626
11709
7446
14053
14476
2182
7167
6537
7737
8794
11400
31
14625
15140
6170
14098
1120
13292
12374
4736
14167
14893
9959
2073
2679
4501
8022
10719
8764
6493
4508
5119
8444
1505
2794
5502
1956
1479
4393
4750
5055
472
9112
8086
7516
10440
2898
8983
13584
9363
11494
10869
14826
5660
6009
6584
8887
12528
11471
6952
10009
5666
10897
13183
426
8689
7661
11519
14798
12651
2981
9836
3793
7356
10273
11162
2027
12531
8531
4073
13280
9956
12239
3549
293
8305
877
11309
15147
12915
8159
11943
9557
1053
12735
12745
6100
10869
10468
1282
7893
6707
3854
3509
1727
10616
4308
13746
6082
2315
2789
5477
9936
2347
9816
2145
6588
3696
12856
7387
12668
8749
444
3669
11873
5182
5545
11768
8855
5465
8745
13144
4536
11540
14466
9182
9413
5867
14469
5407
2193
9547
11524
957
7612
8584
3103
1177
14173
6617
8559
7586
4209
12112
9456
5767
1182
1996
3311
14277
5775
2517
4782
4771
1270
11547
12040
14496
4203
4441
9570
386
2451
6523
7556
4458
14227
3823
1683
1276
14475
15042
2657
15188
7216
2641
9857
14679
11525
7115
4023
7822
8500
9427
4368
12972
14784
1989
9331
5310
11142
12790
3586
13112
6650
663
3012
166
7735
3005
10316
10333
13
6479
12406
4102
3310
10827
3390
14554
11812
13248
8878
6195
13248
306
4537
11718
14718
13107
11331
7312
3515
11020
14326
57
7505
15184
3012
9004
5019
13906
2699
3221
2252
6736
10782
2425
13544
13390
12302
6743
1062
7864
1569
4234
6863
3180
3904
8085
9873
10428
13439
2421
7971
10690
1184
2070
12649
10312
11116
46
3901
13317
7836
13186
142
13321
1851
14503
881
13933
14999
6524
14002
9755
12723
10574
1446
9763
10270
6638
11261
8742
10430
13380
1474
8737
1363
7623
679
4298
4019
4580
14438
7333
12866
4202
4335
6203
6124
8211
13194
4712
6848
2707
7020
2633
9541
7420
14330
12694
11787
14126
8757
11199
9053
1385
2413
10252
10173
4995
8601
2032
2242
3793
9221
6207
13115
6382
4420
1098
9716
14969
11310
10890
8290
6986
911
6263
10569
9230
634
4282
12948
12237
8165
7292
10984
11462
9952
2715
10018
6692
1589
8813
8313
7085
14377
11689
11812
6730
761
5426
6241
1650
7234
941
9768
8597
7131
3072
6458
13043
6397
10859
7274
641
13197
2557
14492
14912
9767
13250
2251
2789
2239
8632
12938
14128
10029
11302
5852
8468
12985
9796
10619
8341
6063
6941
10604
10670
329
10078
11313
1958
13541
10784
8680
3303
7137
8954
14939
7449
8980
5158
1132
3663
4772
6292
10792
14060
9050
8950
11709
812
2243
6554
9063
11897
15192
3881
1743
1051
666
12764
2749
10825
5624
12027
1241
7248
6151
5604
7673
5221
1097
200
8430
833
12494
9971
2978
10013
1477
767
14851
7080
10281
12191
2692
8229
12494
4999
8622
9394
46
5966
8092
818
6671
8998
1393
13547
665
3462
12832
8683
12786
12411
3330
13515
3912
7472
11797
2904
8253
9018
1713
220
13203
672
4825
14287
10463
14991
505
11348
14850
3902
9892
206
14723
14281
6465
5076
9950
4006
13676
3256
107
5799
8745
10265
11230
13525
683
12513
5909
237
10746
1559
5170
5437
4084
416
14898
14817
10216
317
3472
11063
5119
13259
6088
10862
1553
9128
2544
11704
14889
13386
4573
3175
2159
2719
3228
11145
3428
15017
8754
3822
3984
4214
1481
8544
13645
9984
12355
912
3682
15025
9846
9401
5431
8120
6632
5614
9417
10962
7487
7569
7000
4910
6007
6710
5808
12722
3372
13465
1866
4394
114
8921
13745
8415
5950
2868
3395
5430
5769
14408
10060
14723
12803
6368
13999
2086
9258
3107
3605
10804
4521
6931
15020
8912
7680
12819
1675
9110
7806
11532
8792
9452
13269
7762
7533
14541
10582
13560
687
6358
9979
5599
6920
4056
4773
669
8060
5847
8968
12797
4186
12800
15172
13614
8432
12968
7187
3803
4884
12995
8215
8589
5466
5721
12101
13529
14222
3758
3812
14158
678
9721
7192
12745
9492
5498
11834
3342
11236
14127
618
3580
991
7879
625
14442
2762
3470
7699
10460
10679
2960
10716
13442
2358
3312
2463
10590
12404
4264
9918
63
2666
2441
7723
10552
13168
10801
13215
9568
7823
3401
13659
2083
4710
5588
7699
14345
6147
13992
5518
10408
5457
14422
14679
13306
8199
5578
2746
7382
11667
12291
13922
11076
8481
7733
2414
4966
4093
13490
6579
5825
14470
387
7409
10929
2144
11261
5679
12950
3632
11097
628
11850
13967
2803
10235
7893
10743
11399
11374
7806
4464
9347
10624
5108
12744
13109
14714
13558
13685
7494
2031
11903
9249
5264
8388
7503
15009
3847
12146
12895
5872
13168
7039
12816
10938
10868
320
5906
2632
6239
12435
14430
842
1157
12973
12377
6962
6401
1376
9345
4804
4923
11601
3951
12851
7244
5215
4053
14555
13052
3594
11911
5054
10029
5154
14958
7729
6107
9486
9832
8459
12054
6175
11665
12026
8199
4493
9174
12594
8821
12646
8879
5021
13987
6064
351
3939
8434
12788
9217
7925
4037
1982
2744
4851
9315
1329
12576
1844
723
3798
9984
1186
510
5662
9257
6698
10238
8964
12330
10309
2855
10504
3820
4498
4176
14022
1062
5290
1096
12532
502
11056
5215
2595
11722
15062
7704
6557
14857
10977
9482
12303
8472
10205
2477
7445
8569
5
490
2429
12723
15029
1394
328
13764
1014
13256
6228
12246
1833
1075
13291
2848
7624
5061
7448
823
13850
581
14099
10109
8907
14064
8917
10811
7812
12961
1246
13856
7903
5768
11178
9492
123
425
1257
7471
8346
8326
15178
1163
9690
9016
7990
3846
1131
12820
8682
9638
3931
3946
5022
13082
11961
12258
3709
938
13485
5700
14703
1150
1025
57
1919
1228
8869
13264
9329
15018
3856
6621
600
11189
13976
14419
2697
3163
4381
5310
2063
11013
8802
8500
4811
11201
1773
14963
1356
10331
11908
10312
11888
7564
4158
4421
12864
2844
4064
5698
6986
14264
13640
14207
10368
12654
11459
2547
886
11602
5533
14
809
12189
7266
11927
8878
12582
10928
5439
6444
6990
9090
9597
12781
5559
1833
5041
13573
542
10011
2278
853
3413
326
5077
7148
11572
8523
9514
14862
4009
621
9365
5133
8333
5486
6354
2954
11052
14493
2727
12976
12805
10431
4
8400
741
14557
4888
12294
10767
9955
9651
4445
12433
2959
9576
14273
6059
3770
8648
2330
13971
1188
8177
12611
5492
15198
10216
10214
7243
6922
5369
7793
3192
9707
1736
7053
4782
5506
9396
8955
6707
6824
12275
3476
13541
7099
3127
5592
73
3142
76
6543
7262
1074
14896
166
9189
7744
1327
14507
9940
14290
6901
4570
4811
14305
11305
6759
1038
13937
6334
2903
10137
3811
10733
1726
8776
7816
3950
11252
611
6050
14818
2041
14478
13142
7904
4590
59
1786
10620
1847
14116
568
7087
5741
14798
11753
7416
8669
8068
8269
11749
8361
1148
4185
14573
393
13866
11126
3299
3875
14289
14358
10838
2253
3782
4800
9597
915
8455
607
10309
9573
7523
108
13265
5252
14378
5614
227
12678
15017
6142
10656
12424
10088
968
12682
12684
2602
4466
8607
4211
10714
1237
7024
8837
1725
1614
11171
3772
13587
7169
13132
11360
2542
9373
6388
14608
3543
12141
3337
15074
10180
3704
2039
3536
4778
4208
8239
4462
146
5562
7173
1547
7672
1594
8610
2493
1438
9725
12498
14456
7258
10313
13823
7749
3308
3560
8202
9765
9762
12980
8185
11100
9468
6221
959
6006
11777
14479
10985
5686
12244
13626
9428
4263
10934
10931
4478
2054
10841
538
10957
5922
11273
8229
5522
8557
8308
853
8137
8649
12296
3492
8998
5102
8792
6534
12306
7821
13794
13494
13508
6142
7982
638
423
3015
2321
13631
6387
11645
11469
5643
14285
7992
1699
10730
8863
13343
13481
8266
9277
4427
5594
8295
14325
3543
2778
3618
6840
1453
8762
3344
8881
9130
14625
3873
3583
5473
14673
1512
7878
9687
832
12310
5691
4475
7630
14071
10693
10222
1019
7779
3116
2289
3228
6910
10038
5521
9428
7532
9124
512
2871
5768
10873
7510
9769
875
3666
670
2980
14065
13778
5252
13340
4682
9770
2425
9999
1265
5675
4217
13442
4963
7856
1857
12787
8765
3825
6259
8180
13662
3040
24
6818
13352
10679
12623
5723
7950
7821
8752
11665
11997
6494
10248
13672
13274
11627
12134
1950
10565
2238
9864
7967
12920
3120
6560
8584
14411
8199
11289
14919
3381
14612
2325
2393
10068
2897
7220
5284
6368
2950
8352
1638
9482
1946
5963
8342
13118
10700
6307
10266
7033
7584
3097
393
2577
11991
379
1874
253
19
9980
5591
10930
7819
9891
11766
9286
6505
11461
399
12097
10213
5172
4885
1861
488
11212
5776
7947
15170
3920
8065
9969
7884
6349
117
1056
2274
12199
12511
14792
9098
8211
610
6726
9676
594
7759
12318
8106
13102
10137
5161
5736
363
6132
3692
4560
590
11154
2376
4653
1425
10915
2761
4355
7266
7725
14497
9386
4020
14138
4367
3857
8446
9489
12349
6888
10155
3697
6002
8498
15046
4286
2687
8882
1496
9789
11646
11554
10519
14286
3189
12166
4939
7804
7733
1481
9724
8460
767
12903
2805
4730
10254
7302
11836
9036
10069
2448
14848
3613
14265
282
11041
8119
8849
13583
9928
2171
10089
5758
5694
11503
6426
1190
7348
7838
6499
15098
9660
9579
1329
6276
276
7677
6643
8987
5192
14507
12292
13144
6590
13441
2410
9912
3072
2022
4927
11439
10199
2631
4747
6016
8658
925
7613
13385
1819
12874
14643
11381
2164
6754
8743
10013
13445
4046
15191
986
1936
6691
1849
10486
13952
9646
590
2955
6521
10262
5207
15099
7370
5641
2214
4050
5977
15093
12490
10199
12237
9374
10579
12367
10598
1219
12155
4906
1227
9743
6816
2955
4521
6322
12133
12229
7485
4488
13604
8683
13640
4647
915
1468
13892
5284
8322
14402
2345
12271
13259
2056
12514
1458
10357
2744
3710
2811
8909
7819
8165
7284
4720
2876
11259
11639
5450
12310
13698
8031
5003
11777
13311
6866
10424
747
1256
11219
1016
11172
10104
14940
8424
14310
277
12727
8221
8785
14610
8549
3323
3691
2512
14673
4514
4948
4780
6585
11562
7342
4757
1612
7484
10704
13461
12549
7301
14645
14894
1118
9353
13971
2312
11546
212
9323
5671
3209
5631
7809
14577
14305
9162
4616
5795
12133
12970
3653
12077
14822
1439
9407
14241
707
11440
3194
5140
60
1014
4267
1786
3274
6652
6832
7853
10955
2949
5097
6471
11333
4341
1441
6276
5634
8199
3472
2102
2886
13683
386
5148
552
12684
6714
3551
5918
1192
5481
2615
4536
8194
5817
6816
8867
7712
6598
143
13569
7339
13955
854
5405
2600
5939
2424
9370
11863
9424
12194
14147
3139
11717
2758
2712
9170
11522
12487
12702
2461
11301
295
9429
2878
8689
333
10679
13937
644
3055
15044
9750
2231
4976
8518
7774
11169
4040
14385
1132
8178
13898
3122
7252
5700
7090
11488
3419
12453
3383
10770
3832
7263
9422
14011
5365
10459
3673
5146
7056
12153
12355
6674
9473
3329
6025
9447
13299
7661
10454
3865
3658
10133
2641
10951
10424
3237
236
2141
13801
2217
11208
9042
7070
932
2351
3466
12120
2051
3758
7351
8802
3251
13781
5135
12851
5039
1795
9753
9896
12556
6514
11017
2188
12632
6789
1649
9167
13264
13233
10096
10425
6738
1997
13189
12109
1716
14301
7372
5779
4219
6135
9723
4183
14851
8017
12849
10953
14929
131
14676
6534
14468
6199
2134
10986
815
14038
3046
13535
10923
5810
6974
12929
14809
5278
6409
10282
3976
8260
2741
3789
4882
9965
8576
1029
1339
12397
5751
6750
6753
1204
1059
3125
14250
9245
1006
1330
4729
6684
6053
8979
11358
5477
8679
7239
1935
5864
15075
6792
13394
9124
7461
10100
1506
4347
251
8354
7864
5329
1794
13142
14563
660
11620
2864
7840
12311
14745
12975
12975
12624
5772
9399
4842
15089
14932
2220
13035
4630
269
3659
3417
7101
6169
12729
3627
833
5687
1122
1858
6408
11148
5146
5006
15168
6935
2388
3873
12167
13261
1682
1150
201
4242
12694
8945
1652
10215
5094
12539
5002
367
10065
7838
2542
244
2198
13479
5640
1580
408
5176
1322
10011
1819
5799
9609
4258
13361
6893
9877
4270
1961
9934
897
14104
1004
13433
4240
5207
9942
8376
399
7231
1364
7579
3666
8542
9105
4652
9278
14494
1483
4200
10522
10778
9961
5447
1217
2937
8374
13022
7831
986
1499
2022
10455
9721
15190
11350
1005
8310
1169
5835
8819
2834
14717
10225
9440
1689
4587
8311
2293
50
6887
11306
1263
15012
12586
481
9876
1184
2011
3379
12182
13789
12825
11348
4573
7998
2112
3617
933
3380
3674
4714
10143
1026
11527
11868
14542
1251
7513
7555
601
5810
6698
8087
2155
10756
3852
11631
2235
4059
4026
14362
1480
13050
12588
11610
4827
5339
3525
8941
12550
2143
6400
12510
9672
9513
14544
8246
11905
9691
14354
4947
8502
7159
14289
10126
5900
6294
9380
12163
10531
9434
3657
828
469
3911
6994
14138
13534
8675
15021
12969
256
10718
4260
12345
6181
10936
9964
5412
4268
11167
6553
13643
9600
8262
8844
5597
2990
10450
7098
898
9925
6836
3853
13725
2660
2590
6391
12736
535
4402
5740
9314
11932
13479
6276
1022
2186
5720
13833
12840
12912
10398
15125
9195
10414
4138
3854
13742
8296
3223
1324
8046
6521
8635
1876
13789
1389
6983
4950
13881
13143
15090
10568
43
5705
13004
15179
8870
1511
8800
2710
7676
10080
11103
10200
5853
2956
9663
11526
2430
6103
10618
3206
2692
14462
380
1843
2328
6289
2
2397
858
14613
181
7809
4183
11489
14923
1773
11489
118
7370
2460
5303
8769
749
2533
8424
6153
11600
9567
2313
1206
1809
5135
7409
13704
12988
10213
12860
14846
10229
11660
12437
10226
7695
12501
6589
2979
9732
8106
3205
5491
5164
6999
7388
12570
12027
13701
9958
5093
9094
3479
7795
11417
12714
9533
876
3194
2401
150
488
5986
14116
12877
5310
4765
10931
13473
13136
6061
5904
14218
1511
2640
2097
2141
14925
4673
8953
7882
11671
6464
756
8061
10573
10406
7282
9720
10404
6627
1207
6825
10887
12950
12207
3252
3115
1593
13772
3534
13198
10096
7055
15199
9368
13720
9086
10844
7440
10042
14933
4082
12480
2682
8144
2660
12621
15157
7608
6784
11629
3759
4428
10781
9826
10230
3888
11136
1027
6980
5866
14424
3200
13880
11946
1235
12394
10078
6470
2927
1287
10444
11618
9624
11900
3184
2148
5407
1422
14031
3499
1105
512
13863
9199
4789
5304
8276
3844
2671
306
11243
8181
4490
9701
4337
8050
9899
7916
9817
10093
1548
842
3268
13158
1238
14585
14703
10590
5117
2000
3756
1063
6267
5567
4058
10241
5003
12816
4341
1593
14635
8046
11699
13484
10222
14077
10325
13196
3443
7564
8991
2881
1075
488
13269
485
2034
11879
10953
8327
8503
10666
11793
2627
6478
4391
13522
7857
14941
3757
10928
11044
8893
1024
8875
1115
7952
287
9840
11918
10477
1403
14366
9335
4904
9551
9091
14261
12746
3401
12509
13946
11329
1081
6044
3311
7457
10764
3948
11879
14978
2429
15008
6555
4841
149
1026
7453
4624
7376
11335
3311
12365
12774
5067
12111
848
5952
11019
382
12754
10207
1857
5151
10297
2469
11248
9760
4990
8791
2264
10141
7539
11418
12473
8597
5946
1352
12381
8176
3365
9448
7941
10357
1341
4648
3574
14964
7427
13849
9298
12674
9648
9586
9928
10788
8751
11165
14477
110
8411
6237
6664
6991
12724
10947
12429
858
2381
12523
13142
11225
9031
8282
8260
6579
14193
12625
4025
3814
8795
7952
385
11879
15038
8969
7212
515
5608
10406
8443
1185
14843
14765
688
9756
314
3890
8739
645
14618
1918
14596
9710
5044
11204
6108
2265
3585
9819
6532
8178
7596
10527
1209
4284
1514
13550
6363
5284
13424
13609
8563
12008
7379
11962
5823
1061
7758
8246
1236
7419
5666
9424
14379
6868
5476
14512
3053
665
9063
674
5053
12257
10326
4081
9785
9105
4471
6041
14131
10611
7548
12284
4929
4575
11977
9102
3425
8618
11884
2409
8140
1552
5634
7755
7304
2872
7281
11391
3209
2024
5387
10332
2603
13194
12890
12491
1137
9478
956
5334
14399
12997
11727
1942
7663
7088
12609
6002
13669
2356
4512
4121
14309
3603
305
11620
9696
7321
11245
11289
7548
5203
9389
13832
1002
2544
6966
682
7831
3720
1312
10990
9478
14054
11872
14499
11854
49
1625
1864
11185
6380
9324
12035
264
7411
5814
5781
5019
9800
4569
7903
7075
4342
5378
11187
4550
4328
8434
7211
6441
11655
12817
2083
4198
6554
11943
830
14761
7827
1428
2834
875
8909
10702
6930
10319
2791
4675
12467
2836
1328
1895
4584
11863
9368
14084
12570
14028
11342
7654
1169
14852
2792
8895
4165
2748
11686
7836
4821
1309
1553
11935
1779
3382
13866
13754
5214
4958
1542
14108
13770
10303
13299
6763
739
4333
4225
1456
6515
4021
10099
3735
6459
1290
6576
6986
307
4020
11125
14448
7883
14208
9383
1010
12968
327
297
9288
4879
7170
7818
6142
9595
6325
8893
12525
8236
13461
4546
5284
14623
11017
14334
15113
10236
13502
399
7909
11341
10546
961
1634
11699
13900
340
1860
10354
2287
13210
3057
4068
4031
9965
12652
5192
1391
11910
12137
11938
14188
6014
5412
10641
8613
843
9425
12812
4457
5614
9465
1604
6942
14939
8755
7457
952
14574
13714
9463
4443
11068
1972
8116
13809
13242
3836
538
14617
12681
14066
10967
9862
11824
7911
10958
11554
9386
4811
11990
15091
9564
11145
359
2366
4463
12726
10715
550
10875
7521
14478
8241
10982
3982
14252
4004
14740
13728
1967
11458
12981
13354
6841
7859
8028
11250
983
6968
3815
11846
9062
3046
9240
1932
11521
8659
3337
9846
3567
8907
10679
1636
2852
8968
2309
3257
8459
3876
5240
11930
11504
13940
1370
7650
13247
2004
11960
2638
3613
6565
11670
10627
8869
12745
13053
11464
1104
5805
10846
11018
13517
6374
7796
7151
14398
13868
5842
14729
1531
9633
8357
14367
3457
5493
6696
9727
6650
14798
9501
12004
7952
7138
3747
4276
2937
13819
10208
12273
4271
6885
14603
12251
12900
8326
11845
3489
13208
12526
8137
5052
393
15152
10619
8237
3145
11913
2192
9830
8968
11128
12751
6805
6243
8239
5080
6824
1328
11582
7878
6753
4320
11843
1894
4871
3305
9010
11265
3926
10243
4515
11861
9877
14570
9726
4161
9035
6310
736
1815
7292
14867
13809
7970
13370
3322
1314
8188
7412
11071
5335
3141
6089
8775
405
12025
13678
5431
5888
14113
12992
6144
10289
9685
10958
10696
7636
4950
9212
3352
511
3917
1358
2191
5793
2664
12105
916
7265
8647
11426
11747
13183
8676
14633
2542
11633
1741
1560
14435
8492
7417
1852
3165
12058
13322
12764
5676
8428
10390
11089
15095
8883
5118
8949
11358
8281
15175
5505
11853
5509
9693
8616
12801
614
10234
3904
6493
12239
11268
9476
989
12768
3164
15189
1611
13195
6934
13549
3525
1608
9972
10004
14671
1907
14707
14419
13690
14686
13134
9339
6654
8341
3582
1235
6189
11432
14297
7010
13659
9988
13262
4120
6102
11998
4409
13659
13499
293
7965
6930
7222
6707
8974
2794
10383
2651
11767
6861
7155
3144
13458
8883
2143
14224
1584
3166
11333
524
12621
2510
9543
13301
14202
3093
2247
15144
10274
2476
10813
314
15179
13548
1484
13132
5156
8948
3020
7717
1624
5801
9222
13468
5284
13499
12892
12745
14853
15079
2235
4140
6885
1066
13288
7311
11807
668
90
684
12181
12220
9793
126
12714
332
3966
13687
12797
3340
14047
11499
13615
2675
8047
758
2274
8551
11290
8315
4619
10343
7120
3624
8535
7698
5679
11294
2398
1464
7003
14044
12435
8225
15196
8870
11158
3718
529
9583
14743
1666
5442
6315
3259
7117
8274
2972
2029
14180
14134
13437
10221
252
69
6114
966
5927
1825
12354
13311
14841
7573
5169
12899
5286
2369
613
13925
14894
72
7053
6364
13009
3629
11733
4841
297
13815
1097
13391
10585
3307
10910
1686
14043
6353
11426
13106
11334
8037
1467
7662
5779
3200
8729
8692
6685
7039
3340
1032
11325
1269
14414
3341
13291
14630
7372
12149
8607
12665
14830
10928
11137
4028
4889
4143
3100
3853
7326
12494
6477
3864
12549
8310
4090
9749
8664
9012
5853
11225
9981
9131
15198
13866
9817
9697
13459
5686
4175
5909
3416
13716
10069
10594
12580
472
4868
772
13765
4563
7591
7717
3952
2697
10166
6976
6445
1026
1474
1778
8785
15150
15032
11769
4697
286
14259
12480
3039
12876
4611
8899
9426
4904
11060
15051
5160
155
7885
41
6624
10486
6891
11422
602
11345
2701
11140
4379
272
6827
11832
12083
1708
14039
10453
2111
7212
1022
11076
2680
1610
3749
13734
13275
14670
12071
10620
3615
6191
11525
8122
2004
4084
3247
3846
9931
3750
9969
9212
12819
5157
7041
15184
13799
8900
1688
7347
5820
11109
8888
9132
14389
11328
13841
4857
11070
6949
5717
1100
11806
14155
9658
14079
13275
11677
13234
8571
2132
14535
2911
2774
7782
5824
1238
7834
2990
5641
8590
8917
9800
9719
15123
3272
14035
14434
14884
6421
4658
11996
6061
977
3836
13747
4605
12781
6213
14471
1957
12122
6747
9683
12094
14985
1076
14642
8221
9209
11260
12009
11878
14209
8983
8835
1130
14655
14274
11940
1117
4996
4098
5018
11693
6747
7212
6961
14389
9972
12154
6280
1889
5408
7694
12989
1178
4941
3479
211
4917
1443
10978
14878
13093
13537
7675
5942
1767
13577
13323
9691
8133
9437
11723
14715
12964
8670
13659
9447
4478
6396
1846
11694
2233
10605
3304
9516
2536
9165
15040
1785
5730
3146
11658
13797
390
7367
10532
10140
14556
7298
1785
345
13041
11139
7210
5040
9317
2114
8423
14286
6206
13125
1692
1178
2935
3796
2630
6171
13760
5963
11557
2009
62
10759
1474
8689
36
6706
7945
3533
11199
4670
13431
6217
10709
2212
4905
817
5974
3096
12083
5546
9779
2953
13835
13281
7013
13874
1407
1287
1675
3076
3787
14024
11887
13930
7568
4129
14290
7768
1146
6172
1610
12983
12448
11829
2949
10080
7216
744
4608
14931
3803
9676
12544
3371
1656
7533
4310
6040
812
1854
4128
14434
14912
12156
6880
93
14537
11617
14930
6795
8856
2651
5278
374
13471
2016
9286
5662
5893
2786
14961
374
10175
2135
1412
9944
5550
2481
473
11277
1404
13957
6494
13545
5289
3271
15010
8417
8397
12060
7434
1707
589
9951
926
12620
8869
13871
13935
4815
4035
307
1123
6783
10050
1844
8417
7296
13851
9432
705
502
9944
11060
2986
7819
13815
7743
9146
3251
10916
9979
5277
3464
1527
7726
12858
7533
10895
687
9181
12271
506
1685
15098
4929
3645
8299
1129
3472
3788
3557
5511
12760
735
1428
7721
4511
2191
2888
8193
5544
933
8142
12373
3723
5104
13629
6188
1009
4023
2334
2256
6809
6243
13331
2980
8148
14077
2514
8770
890
9859
9336
9377
12058
6949
4459
13904
2722
554
4170
11528
7536
10145
7154
3851
6981
1870
3233
815
13974
13088
4089
14929
5814
6392
14680
5423
5102
6125
14922
11420
7737
7664
10851
12749
11202
8833
8427
3957
614
4691
2216
1383
5921
2004
12898
284
5682
5491
4150
11625
5696
4198
9611
4129
6987
12273
7682
8068
10588
14610
8737
15079
1515
8374
14626
11699
10996
11069
11037
12444
4863
9490
8929
3903
14548
11371
190
12360
2270
5253
14212
6980
2730
13300
6700
3932
7360
5742
5293
1332
14680
6370
8221
5474
9696
8257
10170
8559
4797
12284
11649
1368
3831
11519
5242
1078
1842
7154
8297
13919
13615
12349
8677
12611
6946
1448
848
423
13280
1722
9074
5962
12002
12013
14004
8112
10130
12760
6819
13274
2968
11190
12398
11898
12537
8602
10094
1005
6681
1447
4509
14592
13169
10554
2536
11602
3895
5370
13077
6724
835
5182
8732
4223
7497
3711
9898
3147
3760
1872
9755
3958
9580
9250
3863
15109
9306
13957
1090
12962
91
680
9601
1783
12843
1103
2292
2968
8002
4513
12213
9267
4474
1319
8359
9842
7286
14402
8772
8145
11090
7847
14323
371
7620
11578
9979
6227
6567
6926
14105
1327
14501
4893
14313
10981
6368
2698
10981
3669
6713
2065
1781
5366
8414
4216
14652
10558
7158
5732
5986
2029
266
7109
2541
9247
10333
14191
1538
13126
1140
10337
5861
11082
1783
1497
2548
12805
5952
8084
3507
8369
10982
6806
5209
9592
8434
1225
9334
8329
7319
14229
5413
1597
11989
4592
2393
12993
12943
13426
5567
4882
13446
10023
3152
7304
10258
14312
8820
15032
10350
10318
5210
1698
15161
14501
8224
4387
7935
14043
10190
7587
10785
5967
12387
9367
10431
14970
5729
9239
11040
5181
14697
8135
14492
1926
1868
9990
707
5983
3703
4671
6238
5194
9282
13664
15027
10998
4550
11512
14708
11589
3643
5021
5774
14853
14404
12555
1644
3434
12869
3836
4643
11346
10253
4464
8127
8771
4036
12591
5696
11763
11976
14067
11616
6207
6803
10918
12392
14695
6658
6123
15081
4878
2529
9568
10567
11603
2674
7170
14670
14057
12580
3739
5595
13481
14931
5381
249
5648
14213
6437
1809
1493
14227
13411
380
14094
13000
9025
11769
6470
6435
7337
9428
2141
8648
9316
1404
2665
8536
6353
4150
6489
13885
11220
1002
8013
9915
5200
7678
14842
9836
10208
5701
15125
13343
3572
14375
10704
7550
14252
5337
14513
5821
12048
10667
9076
13119
5073
8294
11479
4564
8554
4556
7462
3217
4932
4126
2065
1485
2439
408
14256
13628
13224
8867
5937
3945
13016
6946
12859
6740
14135
3543
1769
13424
8889
1457
1250
11261
591
6441
11824
8734
13254
10080
7414
6196
3494
1085
3412
5472
14494
14665
4753
15142
5822
5957
12544
4913
10065
13976
13393
7054
5483
7210
9057
11676
651
14067
9208
5502
2596
7109
106
14578
1973
7406
8796
6448
14724
14808
11645
1837
10442
6218
2441
10390
3236
4093
3462
5822
14302
7215
13067
3786
4632
13851
1680
9000
4279
8635
2206
80
6074
13043
2933
12771
8834
4112
5052
11221
8816
4474
8923
8894
4404
5279
11453
14566
15047
13003
12800
4877
8662
181
13912
12279
14012
5870
5564
9052
2111
12067
8927
1026
13974
14561
10397
13755
7888
2907
5787
2197
5513
12759
7306
12303
8433
6856
14456
1746
14028
5138
8850
3816
540
5795
12219
1125
2894
8976
5598
688
13115
1085
5706
5359
10566
11567
765
12626
14430
2172
1680
13811
10844
15021
13766
9727
3963
6466
14563
5266
14908
2618
12765
3180
5539
6085
8777
7256
165
10620
10284
7372
921
3200
4562
12993
10279
8845
11630
2487
13956
14935
8802
3728
8222
4412
11480
2411
8216
10051
15192
4619
9431
4479
9736
5467
2968
14801
2378
2696
8207
1654
11241
11916
7349
10058
5370
4227
5225
10703
13899
3835
5813
10702
12943
2780
3674
1830
13428
342
19
9623
11040
5913
4963
11918
7001
6997
746
13449
9521
15123
8678
13997
2104
13379
14710
529
14775
14894
1746
612
12565
4991
1983
3311
14098
3775
11579
10682
9538
13304
2014
12866
13110
5646
7959
14391
10716
1333
13069
244
4016
13999
9006
12066
5661
7310
5057
7500
441
10228
7312
12531
7249
13933
14561
2256
11748
5719
800
6508
474
6634
14928
12836
311
6258
5907
4932
14340
12528
12921
4928
861
7234
9001
8117
7894
9983
5489
6073
4642
13818
7321
3568
10680
2991
12285
10291
5256
11190
2469
13568
8255
4013
14297
12641
6177
13537
12270
130
8333
13158
70
2261
8393
9504
12364
8898
15071
6847
5193
7008
804
10006
9323
9464
13644
15127
9320
1329
14861
10800
8814
7170
4758
9511
9770
14737
15005
6678
9786
4757
6514
5088
11205
8395
4768
14969
2144
13581
14976
13690
13645
14446
11363
12543
3882
12529
1334
2775
8319
8
9591
7286
6478
3280
9132
8547
14361
5493
7175
4313
14605
4298
10010
904
6012
3950
9817
1437
11324
8030
12166
199
4134
14039
7933
8258
5208
6133
11766
4831
10475
15109
1678
9824
3765
14472
7623
7748
8748
7699
5121
13453
6940
2094
7724
6457
7982
6349
8252
4530
56
12522
6043
2212
932
14994
6773
5594
4738
5840
15077
10730
7779
1952
3851
9139
5942
7489
9328
2151
12982
12138
10767
14551
7701
1912
10036
3045
4869
12018
10376
8252
6218
1895
3591
9922
13585
10668
13561
9993
558
11786
10178
3410
13343
6434
8143
8170
5351
14876
5984
13414
4281
8691
14769
3297
10030
5611
9019
13147
6524
3759
14318
5259
1631
12874
12949
10090
9220
3653
14135
7298
11861
1040
8021
10431
8616
4718
9051
9340
10761
15089
7787
3528
15038
2195
5694
2397
2361
8046
453
382
4367
14073
9749
6382
7335
11217
11326
4212
4130
5234
10860
12749
7161
6959
7175
12892
5016
6404
5140
5274
7840
7603
4834
6466
7929
11330
9518
15106
1418
9844
14580
15198
2936
14802
2960
14717
6349
7891
6813
5078
2051
501
3859
6742
2856
8567
6397
10457
15043
3403
4165
12718
2612
13075
6620
10778
8542
13061
2990
13556
1422
13750
435
15085
9
7388
14502
4731
2801
8058
7401
2729
977
110
9302
7622
3396
5721
4051
14328
3119
11977
2075
11078
10160
179
6892
8840
4254
2077
13830
3659
2028
11618
4681
6078
10927
5332
14849
12510
8379
6942
2036
10175
13950
13235
10959
12370
12722
9945
5078
7330
7384
13112
7049
11435
6358
6030
7893
10727
9874
1690
14304
6033
12266
9277
10124
14963
13591
10806
1170
7742
8148
3293
7667
8065
2566
5210
7169
5068
11082
9744
12860
1085
11686
8493
6269
1160
11178
14430
1938
5265
2131
10959
13081
896
2054
6972
2213
12694
12045
4128
1636
12397
10883
2221
1432
3913
2916
5498
689
7794
665
10902
8468
6948
13766
10742
4278
9407
13729
7429
1420
10634
4026
13403
10293
7374
3705
14704
6020
3308
12959
9739
3628
6105
11590
9832
12766
3062
8264
11945
12612
15009
13919
13559
5992
9194
6342
14604
4362
5184
7538
8956
3049
8480
6885
121
7543
2723
10770
2966
1366
13291
12434
14796
9417
6184
10038
8552
9913
4449
4837
12059
7147
12418
12460
5257
12607
8642
158
7412
7002
8464
12433
4713
4323
2501
710
4014
1771
2797
2531
5594
5760
1357
10767
15091
112
5600
7605
14908
3003
467
886
12645
3646
3270
5295
1255
5277
14914
12823
10540
1669
547
9690
1408
10290
10231
10457
7347
10535
6708
15088
13149
13112
4089
2785
1703
14618
243
13940
9474
7933
10665
9972
12623
8253
1926
5749
2923
9096
2170
9410
14944
5348
6932
984
2081
6979
14505
12321
6545
12209
12892
12814
10432
14071
2816
2243
5762
8435
11879
1147
10984
6959
718
5946
8930
5663
6345
1032
13576
13077
10404
11935
8777
6989
7557
13078
8265
3331
8126
6532
3863
5564
8629
12148
10798
2635
8925
4669
11676
1651
9557
5498
15005
11771
12618
3925
714
1159
10831
6702
6963
232
4778
12988
4809
8423
1854
9776
3296
2035
659
15095
9457
3172
14310
2932
5142
10773
15077
4743
7487
8019
8440
487
12048
11662
14531
10967
1690
14224
11902
5677
7818
2625
4955
474
12683
14628
10184
11048
7185
7590
6379
9256
3406
9253
7508
13792
7645
235
14035
9613
3178
14499
11647
12453
13988
10537
12796
5499
2138
7219
637
14463
7743
2384
8359
12703
14346
656
2416
613
9120
4680
6875
2134
3905
2106
10625
8036
6211
5134
11480
13331
1956
8166
3813
8256
13027
10113
11023
9415
4489
9453
14331
14337
10117
11044
2163
1553
10024
5373
7735
1643
11889
4649
14076
3270
14524
5822
12412
5448
9519
9568
676
7143
5554
3346
4639
5013
7965
5213
3436
5455
2386
13721
3636
7461
14311
4183
9565
11279
6940
8089
5374
10874
9838
12574
11949
2330
7110
9737
3839
14716
13268
11629
1051
6810
8452
10939
9199
2471
2504
13519
6077
11515
14996
10523
5356
2020
467
11091
12903
9669
7092
11215
9434
702
9313
12654
9509
442
7338
6028
2353
7964
10381
14990
13247
617
14029
1833
6579
4793
2611
12362
6643
7862
12327
12601
3049
4915
4027
15044
11612
3667
6248
6305
10806
9135
13928
14635
9955
8051
5523
9279
8871
6955
12789
12917
13400
14271
7254
5665
12456
11296
8226
3003
7723
1996
6740
12657
10968
401
14112
8599
2159
9108
9557
9049
4468
312
12366
5991
12619
14271
6996
2468
8576
8485
135
11467
5534
2490
4727
6937
7707
12745
3353
13170
4312
5913
14474
10293
11094
9689
3782
12126
14365
14741
12514
13128
14271
1088
11996
13560
5053
1723
12984
11211
10664
9301
2941
7681
9397
8483
14919
4376
4860
12165
5380
10492
10643
5543
11390
10390
13238
2000
10369
7777
2
7844
2604
3929
4088
12369
1912
11619
11666
156
2733
9649
7030
10720
6271
12079
8475
5014
11332
11917
3960
9477
8474
12214
1294
13568
740
3756
8010
11347
12592
15134
3485
3403
7401
7877
8945
3622
3970
13981
562
9781
1394
30
8028
11968
3715
6558
5821
9764
4993
4504
9271
10324
6789
6350
11660
75
819
6288
1719
4932
1780
8141
7639
8291
1665
11669
9662
2423
5396
8552
7879
13502
3553
14552
8307
1575
2127
15060
12218
580
5264
7426
11238
3517
14222
14420
5979
11529
4064
14522
5400
10773
13169
7126
1886
7481
13053
3025
9883
11183
1967
10829
3504
12775
13059
7340
12347
2756
12053
3941
11388
10189
1865
1733
5005
14117
948
12861
3440
2843
2984
5589
9992
5162
2638
9519
290
14978
10691
3213
12
3360
10742
10174
1483
14067
9697
9107
12095
685
10971
7132
11065
6177
7701
6399
185
5167
2910
994
9503
7998
1132
793
2826
13044
10700
13686
12584
4787
12865
6825
7908
4481
6585
13206
3900
3156
4267
923
1138
14562
12075
2290
7206
10222
3216
6261
4137
4687
1506
9839
8105
4870
127
1476
2316
13275
4880
11707
13474
13578
5684
8074
1601
12170
13910
14573
2563
12607
12203
1846
10800
6902
8996
4491
3499
7674
4508
3129
10754
10460
13370
4962
5103
7586
14569
11292
9691
8125
9385
2582
4451
7531
9571
13332
11623
2482
7916
4899
11500
10697
8057
7288
6599
4185
14015
7594
12737
9339
1028
10486
8054
10636
8899
2292
12982
12301
14472
3673
2804
2370
8623
7939
9915
10657
6842
14436
6219
872
2026
13823
5375
578
15180
13282
6969
12148
15131
8829
8238
14899
90
940
2639
11079
11978
938
5237
13104
10091
6905
7299
11324
1109
7137
13646
844
8643
9357
14761
6409
11032
8733
13550
14237
6785
9006
12813
11998
4173
13178
4081
4188
8804
4397
10881
13960
4174
9666
3980
8285
8126
13857
9082
12667
7061
2801
11585
5667
8095
6865
3019
13426
10720
4594
14358
798
9604
11700
13861
6405
7769
2516
2167
7476
1297
7855
2904
10307
3148
4376
2254
6765
1334
791
4684
7940
2495
4623
14575
13321
7576
10213
1063
12772
13991
12503
8152
6386
11190
6728
13585
5923
4080
8136
8168
4664
2829
7575
12092
8978
1537
11803
13272
5263
11896
10370
7308
473
9915
9596
7750
10737
11921
8995
12646
13582
11173
7923
6415
7221
1872
11288
238
636
12665
5735
15003
11966
7218
4336
13975
8042
4735
9275
7945
1479
10071
4930
1580
1295
2367
1093
11567
1317
7422
2062
12069
1418
4043
3204
13172
3703
3884
15075
11004
11344
12462
10821
10951
11516
15147
8597
5129
8391
9397
4669
6285
4537
2455
3814
7646
3812
7435
12496
12400
15183
12995
10570
814
8220
511
2442
293
11436
2909
2227
477
7
7308
13160
14124
7760
13639
10743
3272
6822
1071
1263
13429
12913
2229
7095
9440
14014
7664
6903
8954
4719
7522
9004
7149
158
10992
9155
1450
13330
826
8345
1007
9809
13394
4276
5563
15177
13618
1831
2409
7215
6955
11580
13799
14654
2198
7388
1681
14783
11708
14389
227
10322
6154
8505
12498
11117
6351
11536
2636
3683
14319
12470
1069
10720
3879
13008
12193
501
3493
5667
3223
9476
13871
4457
5915
4065
12427
4106
9231
5493
15053
13188
3075
11836
14412
503
6402
14702
2696
1251
10191
6630
5771
14482
2985
6162
6011
5567
8424
12136
4263
514
3331
5244
3246
11209
5825
9099
10698
14117
13863
5785
13029
2052
1104
909
300
13668
12900
76
10751
13091
2694
10101
2577
11625
9078
31
9386
4826
10958
10704
10020
9148
2110
391
7349
10212
8714
2260
5748
14153
6315
4007
5216
4436
1181
8609
12769
8148
7468
15031
6818
5664
4196
1787
8105
14432
11417
10792
3331
1285
11953
12380
13351
3410
3882
5494
13462
590
13890
13456
4731
11343
2239
11218
10428
7525
4036
13227
6264
11707
3328
4512
1597
12340
8377
3674
8787
3792
1714
2840
5646
2446
1346
4801
1521
13629
909
315
10689
6991
9156
11826
11441
11934
12992
4618
11403
7644
1174
9127
5937
13837
11450
11029
1772
13519
13477
9177
675
7759
4669
7964
7784
1269
7322
2655
12235
952
11324
4545
4677
200
12215
9743
1398
12245
2333
14274
7558
790
103
12444
11675
9655
7050
2810
308
9751
10161
14408
12799
3143
10931
8320
4179
2399
10792
3543
5190
3945
11026
10575
10882
5405
8856
8841
10158
14406
3864
9531
1145
5059
2599
14560
694
9314
1491
5880
11019
1043
5910
771
1200
14194
667
3256
7244
10675
14132
1196
12475
9551
6789
4196
9053
9779
14496
4707
7117
520
1348
8065
6846
1112
14886
6676
1952
5149
12727
3645
1172
9923
15177
9403
5294
8139
8798
8184
12548
4950
4742
3341
6677
5493
137
11575
8349
11114
10445
736
7564
3066
4384
9404
6819
12588
3952
11851
4863
14764
4922
8923
14504
5038
1290
6349
3405
6455
5951
3484
3218
5013
2323
413
4998
8224
13266
2090
14058
1733
9997
7496
7849