1627
9203
7812
3947
5046
8394
2225
9604
6435
9661
1064
9898
9047
5358
5089
7276
4222
3471
7512
5544
1300
2860
8526
5509
450
1892
2833
3614
6249
4177
1292
592
5378
1257
9630
5977
9040
7107
4561
9791
4425
5846
7670
5135
4119
7397
4541
2964
7000
1124
5444
8607
4668
9454
7614
3068
6122
3062
7955
1336
3347
4946
284
7907
5269
6679
6643
2615
6295
88
9137
9087
9600
9012
3258
7085
1696
6611
5160
6600
2398
8529
6863
3636
9739
8158
9638
85
4431
2404
2127
6079
1264
5902
895
5683
7522
7715
9046
1140
9438
8046
3686
7870
5848
1113
388
8189
4191
5383
4103
4304
5623
9540
1467
6289
5463
7572
9221
6863
7706
5397
6707
1596
7151
5242
1992
7017
6060
5008
9302
5361
4504
7561
5476
5371
2094
5572
3506
9660
1274
3227
7818
2114
6676
2879
3139
1889
7525
3970
1776
4181
8343
6584
1722
176
7988
3056
2646
4133
6467
2317
1835
6666
3048
8813
15
1623
8329
3655
4833
1524
6337
4566
8018
559
6204
7545
3491
1698
4317
7584
2659
2652
3918
5067
4867
590
5601
6961
7883
2078
5912
5166
6706
6902
8546
7653
6479
4078
9845
8768
7484
8187
9578
3630
9823
9615
6485
5409
1528
7342
5619
6695
5013
2832
2402
9898
6981
8341
7502
8511
7585
8254
5384
1024
4451
5189
837
5418
5088
7365
389
6255
8791
8161
7428
5864
1139
9100
7357
8592
6118
6515
691
4956
3210
3008
2961
1348
2787
6686
2047
6696
5344
4249
749
4578
4872
443
5288
1333
7767
6275
8005
2283
2022
5821
4172
34
5168
3518
8868
1561
260
2914
1880
5095
5506
5160
3443
6900
1001
7496
7328
3578
4556
9288
6762
2303
6160
7928
8906
8968
2431
6926
8013
6915
5784
3556
6818
6764
4165
6253
8146
864
4194
7237
9139
9472
1973
8194
9040
6593
4277
6609
1189
5358
6693
8865
6808
9380
5175
8662
2141
5699
1416
8354
2082
4001
4416
6285
7996
8532
9068
7923
2901
3446
4447
103
4998
4367
4335
4276
211
7532
5896
9823
5996
855
2455
9139
4731
4506
5570
1264
1164
8715
6593
488
2688
2155
8922
8121
6417
5356
5346
6741
3140
9671
8886
1318
130
7175
6832
2219
6801
940
4577
5064
5875
577
6958
5964
1122
7253
7260
8998
575
6943
398
1223
9142
8708
1462
6972
2108
938
5394
7758
6608
9426
3794
4252
8821
2611
8814
5527
6443
2332
297
8407
1792
9854
885
4829
1542
4505
7965
4979
6441
3864
6087
3152
8333
9207
4710
8634
3120
1475
9457
8543
9149
5065
601
9603
8229
9737
1577
6582
9759
9266
5369
9301
2314
4675
8969
538
8299
1405
7735
2087
9644
8906
2772
8575
8256
6966
945
3563
2673
671
2611
5129
7650
3250
5421
1930
1204
7402
1927
3979
1964
1160
7240
4053
2447
7342
1967
606
7779
250
8478
3829
4727
3619
2349
1022
2004
8571
4825
5328
2892
3018
4721
9035
97
8095
6621
4635
6410
6741
219
3170
3803
7513
5427
4690
6714
7003
7095
9448
3553
3891
756
6695
8083
8139
8198
6012
1466
106
8997
9627
1067
8451
8195
2177
9799
8183
456
3816
4456
5573
4196
8416
1060
2219
5820
7593
232
3600
2880
9512
3684
9572
9177
5956
2957
43
5704
5254
2380
9145
3527
1104
9863
8756
4100
2734
4153
5022
2804
8667
8944
9407
5482
793
1273
5338
5591
4850
5189
6522
7203
6908
2047
8311
1140
5711
2975
1976
2284
349
100
4986
9358
8655
7258
5206
2995
7518
8164
1843
7252
7655
5347
1982
8998
4615
6287
145
8295
19
8354
1447
850
988
1495
4136
3627
9807
5258
7783
7547
3984
2089
6272
4185
5635
3605
7350
6080
4484
6458
9371
3813
3723
6855
635
8783
9313
7758
8325
94
3283
5881
1005
2444
1938
8900
7746
8880
1694
4483
2436
3597
252
5329
6399
7055
4343
2414
836
8926
5256
4917
1774
7838
6199
9052
3939
1422
7087
3505
2339
3551
930
1903
3894
7991
2457
3842
8436
4920
594
7872
7727
8642
7160
4346
939
2404
2102
4105
3888
1475
2363
4303
4506
5002
1375
1591
2412
3692
4867
3830
2268
4294
6783
9001
2697
9008
9802
8482
2969
9478
1098
7146
3033
3054
2165
1160
2700
5070
7548
2019
3590
3116
699
1379
5382
2489
4517
1055
6822
9153
5477
8142
6483
9533
1428
814
82
5112
430
5009
4657
8063
4886
439
7227
6319
3761
3064
109
9858
7094
4316
4307
5374
704
5903
4162
9741
910
8187
5926
3952
1276
8840
8762
382
413
3242
974
2698
7902
6426
9195
4643
5987
8426
7003
1146
8706
1009
1307
2659
8718
6870
3689
2948
6371
4959
8143
5968
6321
2667
7089
331
6590
4747
7077
287
1074
9820
4220
168
8198
2357
5213
9408
3254
503
3358
955
4660
481
7139
3049
7591
6807
3210
3640
7651
6405
4671
4284
8644
4058
7600
1917
340
7448
2775
536
3960
2478
90
8314
9509
2702
4644
6983
7394
5695
6376
16
5511
2712
4077
9433
2125
995
413
2946
2310
432
3733
5095
5540
2477
2167
9192
9727
2444
2467
5543
7740
7478
5063
787
9689
1381
809
2355
603
1
1187
3637
2376
1978
7665
6245
4951
6223
8464
4288
2572
8159
60
2491
9386
6023
7106
6474
2336
9301
3255
1967
431
165
223
9359
6515
1953
7914
6108
8022
2596
1442
4073
9700
5398
833
8037
1328
3830
7028
2488
1007
3774
1594
5704
4532
9038
9415
8775
2000
8539
7783
6775
9549
714
3143
3659
3805
5748
7570
5932
6620
2918
6823
885
3311
6527
624
315
2169
7573
4736
1800
3208
8273
3974
8769
5101
8429
7188
9270
9029
666
4244
2304
5015
1269
1732
1304
1938
7503
8801
5948
7280
4600
3467
6058
3175
7321
3953
2490
3052
5887
5754
9697
8051
8552
3026
7517
8141
6470
9413
5296
3238
843
9219
7685
5802
3324
9398
9338
4179
9585
6124
5589
7554
9562
1802
1572
4427
2413
9897
9148
5617
4796
1160
5382
2609
4141
3654
8390
5889
5490
2095
2029
4741
4083
6312
5040
7177
2272
5968
1003
4851
2244
1435
2463
279
6835
4878
6694
8193
2501
1494
250
5730
2955
3943
6504
856
4790
7568
5639
9792
7314
7987
261
7258
786
6956
5939
8535
8326
7166
47
2790
4519
263
3197
6892
3230
148
6615
5417
4799
2603
5025
822
3988
1885
7518
1331
6869
317
553
4338
5795
5505
262
2646
9222
9768
3789
7091
9794
9014
1575
3405
1256
4330
2491
7135
6302
3994
4085
5707
8277
3929
7527
2953
5595
5100
4313
3756
8147
4170
517
5365
4196
7857
1353
291
1554
6040
252
6264
8850
1109
7586
323
8825
3932
4395
5450
320
4756
4700
6099
8359
3992
4068
3350
1009
1456
632
2779
4347
9261
4795
2925
8368
2741
266
6966
9130
2341
679
4006
9671
8379
7498
3336
3708
1189
2850
5108
4210
6888
4015
8079
4181
7476
7999
4244
5163
2932
8646
3614
5991
742
436
3816
8097
5269
9593
9543
8986
138
8009
3251
842
3580
3656
6497
7089
5772
3997
664
6382
8446
5804
1269
1536
9061
9275
2570
7979
3021
1538
7830
8640
3091
6211
1022
9162
869
7913
7781
6953
9214
886
897
1775
8552
1977
2245
6001
277
2127
3786
715
6317
855
1003
5799
2184
5960
9211
4785
1782
2573
2549
6506
5922
128
686
1166
1619
9154
5701
1829
3703
370
476
8565
181
5292
1541
7103
3473
1776
5384
6914
1697
5899
4355
9149
8768
7987
7047
9619
450
8640
9640
4290
6923
6257
7916
6570
7671
5625
4097
6973
9385
5553
701
3931
2887
1349
6647
8363
551
8555
2125
6822
7453
1134
6343
7923
2511
5282
5747
1962
7503
9736
3075
6541
6551
4339
6216
671
3896
2117
1915
8739
2056
9493
9731
4037
3554
142
4232
3259
2660
9160
5213
291
2654
6491
4953
1802
6429
1060
8942
8862
6489
2067
6423
4630
6837
5179
2596
8470
2899
7482
1933
4362
5340
6590
8248
8534
4527
873
3353
4517
3427
4811
7837
1468
4759
328
8225
9812
3857
6685
8028
3493
2811
6035
4128
7759
9303
2393
3919
5671
4246
8330
4211
1584
2726
2135
9040
140
7977
2554
399
2324
9738
3179
2936
6364
3065
9224
2231
107
396
3904
299
2824
618
5088
713
4301
7187
4594
7483
8518
3318
2663
3044
6994
2500
2982
2536
5889
5965
6659
5913
7009
4192
6849
8293
4614
5649
4324
9754
2675
9279
1545
7497
6077
3423
11
4026
3439
6533
2326
8155
4458
5433
8815
3937
5269
9279
8483
3282
9469
3555
9554
6932
2598
6216
831
9703
8790
7431
4442
7651
3479
1237
286
2940
529
3650
6184
7944
9346
8682
3677
7870
732
8602
1443
1591
5029
761
4713
2915
4959
4456
6119
3681
7484
6825
7084
1844
455
9559
938
1245
6784
264
3215
9183
7575
276
9516
9200
4083
5586
3586
9671
6596
1766
5660
5788
6972
6529
6313
8311
3949
6923
6482
4173
1439
6377
2102
1321
8640
7089
4031
3219
4375
656
971
85
5403
4225
7586
5545
8883
6582
163
4781
693
1847
2900
4865
3247
3036
5731
8966
3541
5556
1092
5964
4296
936
6562
5162
1385
8433
2436
9745
2729
1457
2160
8248
7316
3983
6643
3472
3823
1545
3928
7433
3117
8007
1827
5446
7712
3205
4197
9400
8177
4171
3798
9332
8709
1547
456
1009
4000
7843
9158
2743
7365
7063
6225
672
1644
3545
4677
8219
5812
9126
4703
7992
9455
1985
1555
3053
6106
3601
2652
3737
1768
8729
6391
9345
8252
6061
3120
9430
6462
9718
3138
7904
6709
4093
1569
7262
4834
4347
3695
7334
742
6613
222
2581
4672
2930
1880
2193
688
2711
1696
2392
6501
5536
779
2310
8751
812
1724
6735
2928
8591
3306
5373
2268
5942
844
8419
6883
2589
9440
1916
6801
6520
9452
9557
838
8912
4347
7141
6494
125
1104
161
8713
2539
4719
3011
9806
9812
7740
9390
4962
7840
4825
7865
2393
3047
4952
3183
67
4612
5509
5739
3114
6457
7164
5230
423
7096
1003
6076
4797
7220
1388
1231
6770
9338
3711
2324
9706
2061
4431
5176
2796
7842
7786
8405
7715
6866
4535
9217
3536
9073
6555
9385
7250
4723
2234
9331
7301
2170
9858
8075
4984
8593
7636
2227
545
6621
7617
6191
7903
7408
6117
2821
1546
2895
6280
2527
792
8065
2236
3887
4690
6675
1190
5273
827
5861
2437
7884
3484
5139
436
9695
162
2076
5344
1523
4597
5127
208
3471
1313
3181
2962
1893
9050
3684
7645
2253
1001
5449
4780
5859
5679
8674
5077
7993
9353
6931
6343
6267
6520
202
1240
6617
6792
2149
6859
2014
6798
1544
8892
9170
7904
3934
637
1872
1995
456
8955
2179
3656
9882
8938
7277
8542
8284
208
85
4809
6112
1826
8726
1189
4130
7342
4063
9734
1661
684
7258
4817
4024
5270
6780
9206
1411
7752
1478
8310
8740
7027
7595
8827
5969
5753
2941
5358
4712
3405
1453
7622
8420
3769
2554
7133
3796
4987
607
9202
5657
4438
378
294
9130
2296
3961
1310
2312
4187
5783
6971
5689
4652
932
4434
294
1226
863
98
5417
3776
4325
6043
6957
6910
3430
9792
1703
192
5771
6924
8138
4446
8091
8483
9082
3503
1918
2428
3407
2704
8988
961
1761
803
3974
3087
8434
7448
732
2896
3887
1023
6897
274
6929
9322
1723
8557
5097
7797
2228
2066
5510
2816
7472
7617
9174
7591
1760
9104
3987
9520
6059
2872
3846
2647
6236
5926
1626
3466
5437
4906
1412
7809
5336
9132
5883
9714
6776
7414
5008
7645
8457
9780
5182
5001
8691
4763
7244
4899
5793
8768
27
8343
8684
5351
3379
334
5365
1463
6830
196
9896
5980
7245
6003
3031
8063
5336
322
6237
8283
2561
3702
2770
2713
743
5601
7141
2938
8121
7780
5208
4415
6807
9433
2634
8525
8600
1272
6025
770
2263
8773
6597
3184
3026
1109
9441
8373
4263
680
4071
6512
5079
8357
6740
728
6674
9731
764
9014
2059
7052
3415
1138
7246
1108
2076
816
4464
1090
4474
9423
483
2732
2701
9104
7449
4132
7754
342
8422
9568
2072
3439
8632
2511
5709
4906
8184
5363
4138
7942
6452
5512
9474
2124
9699
3355
9628
3907
5998
6709
1846
964
6741
1352
3609
2981
7093
5153
3980
4396
2518
2914
301
9880
1522
3874
9301
2361
6329
9413
2890
2676
7369
525
7751
2367
5152
1950
8903
1397
5371
6995
8473
2287
9477
8036
4204
9428
2227
6039
8281
8097
4741
4414
9148
1482
6452
2904
8793
1735
5814
1612
3046
8624
6969
5821
2375
5653
8446
6656
8998
6475
7301
2262
4578
3186
141
9394
1285
7762
9685
1119
4361
6548
3861
1853
6289
189
2410
4174
1762
5507
4982
7114
5044
5836
935
6683
8395
1871
2413
6437
3519
2208
63
6276
4824
8768
8679
8747
5418
3125
7437
1115
2152
1987
1490
5464
7190
3801
3125
379
2052
6370
3434
9657
7624
3776
499
203
1033
7695
8041
8817
3479
5502
4061
3169
2892
5388
4805
7124
5509
5963
2265
2024
2581
965
5609
3681
3898
2431
9603
318
8672
8887
6913
850
7970
5022
6447
4895
5502
2673
5352
2494
4854
9390
5401
3748
8552
8297
7660
8506
6039
1378
7984
2162
3954
7000
9339
6268
6847
9078
2601
4170
487
1839
7485
7022
5046
6506
9614
5139
7137
8363
2730
6768
6669
384
5856
8411
7742
3069
3968
2713
8240
1788
7925
3176
9850
4378
6110
8885
8494
9190
5752
2991
9897
3013
3270
9162
3045
7298
5952
3252
2764
310
8419
8074
4666
2444
6137
632
1462
3075
6869
6417
1108
4484
1259
5901
2970
4779
3007
8809
9246
9619
1254
4758
2748
9068
5922
8389
4038
4418
2381
8583
5855
2168
3929
9706
1664
3874
4703
7
3669
6633
3662
8952
1607
5841
1271
3826
6182
8699
9116
982
2612
7079
7720
7752
4345
3847
8031
9385
9667
9733
1522
9698
9374
3312
2122
7138
2636
1750
8932
1243
9551
7291
6105
5122
1950
6651
6495
9279
5707
2187
292
9259
277
5244
2403
7865
4172
825
1445
8003
7534
5182
8185
1500
1680
5179
7309
953
3693
5680
6961
7317
6093
783
1622
2466
5948
1193
9658
4710
3695
179
7507
1970
8873
9541
91
2632
2655
9004
652
2950
8151
8195
7648
1811
9208
9083
3619
4733
5012
1432
1372
4195
1606
7490
535
1463
9151
6373
3244
4025
8970
8039
3294
939
3842
1964
6206
1222
2400
7014
4149
5031
2303
6068
4561
5228
9556
1775
9104
6720
2594
6588
3985
1053
8862
7813
7380
6140
7823
7404
2704
2837
8437
471
5741
9594
3083
3013
8931
2945
298
6832
4087
3691
3825
7584
6940
3320
1629
9848
1706
9351
8890
7141
93
6836
8371
2832
8984
2487
4679
8978
1423
2823
3356
2349
3469
8853
4543
3392
9718
3352
1020
3149
2979
9247
9369
1788
6601
30
974
5579
331
8997
758
9782
2189
3410
7766
7907
1386
5316
8263
5754
6444
7268
7088
6162
9793
2573
8527
8573
263
9702
8353
5863
7396
828
8884
9169
8263
6730
3639
1134
5231
2325
9257
9310
5578
6773
5830
1919
8648
6226
1782
7383
7234
6512
1960
6964
7062
181
8244
9564
7584
1321
2855
4892
2702
6081
9468
3605
3406
6662
8262
6750
3981
8797
5295
7938
4384
6262
6252
521
8760
5576
2978
3876
1984
7978
6165
6131
9450
8447
7252
8916
7879
6406
9451
6788
8389
7291
9001
6824
6525
6164
6701
5965
1914
7372
5480
4893
794
3889
8380
693
5248
5893
6385
853
6385
1556
3026
7144
9642
2500
766
6626
8625
9288
4425
1387
2418
6819
4994
5207
4571
8023
6391
4673
7317
4499
6664
5426
8616
1556
6595
8521
5477
6041
5920
2355
3048
9632
2125
9565
3599
7209
3335
2044
6695
9505
4060
378
6562
3442
839
8291
3359
7781
2884
4563
3512
6498
1306
456
4556
3969
2098
6183
3217
2760
1569
313
887
285
5857
2056
8633
4197
9109
7204
7710
7899
3052
8933
8920
7871
4965
2433
2255
475
1630
6339
7035
9392
7603
4111
4397
9244
5102
7668
5624
5455
2398
9540
9348
1358
9711
6200
4844
7411
347
258
170
2399
4549
280
8625
3390
7385
9158
6398
961
4327
4022
7578
842
7316
5996
9476
8007
9082
4544
2064
6108
9440
5698
2069
8175
6663
8787
9192
9560
8935
9809
9510
5027
7728
6612
5790
2160
1973
8405
1555
1443
2135
6214
8724
9148
5629
5033
6801
8558
8341
2176
1358
6337
4631
8825
5403
8038
907
2783
3587
7385
443
1174
6532
4361
7785
1229
7792
3965
3886
8751
5364
4184
1256
5543
4660
987
5596
8460
370
2332
6172
4600
2324
5240
4876
5707
623
2427
6370
2585
1154
637
5712
5956
9450
1996
8498
9414
6916
7581
6495
2018
171
5042
1900
2062
9404
1882
6396
5098
7811
9285
4119
95
8428
5355
2329
839
1769
3958
3639
6663
1892
1447
3382
3018
184
7217
494
6166
8817
9526
6781
6623
6658
4763
3614
4457
601
6530
8866
7190
2461
8553
2374
1539
3775
2599
7399
9536
7517
7157
7453
1184
1122
6193
6630
4355
3071
3247
2833
2423
3562
1414
4048
1921
923
3593
1770
5275
8389
1208
7325
8477
6953
312
5824
8316
278
4057
1823
3048
654
2569
5526
5317
4882
6111
683
135
1537
6789
3613
6361
6556
1844
6738
625
4141
7725
5647
150
8964
4056
234
7169
3307
229
7521
8451
2591
3569
1283
9686
2079
3458
6037
4495
7278
4165
9692
6247
5359
1956
32
3213
4986
3138
6042
1164
404
9234
9690
7535
2998
226
1533
9221
8331
9866
1940
2852
1114
4539
17
9093
2373
6760
6721
2792
7570
5878
4079
1449
682
7431
8252
7216
864
7086
3559
3447
8230
7286
4668
6950
1074
1038
925
7749
2980
895
4277
6281
3490
9730
6587
8258
2719
5577
6705
9135
53
7104
2679
4077
1276
7970
2718
937
6023
3065
3794
1658
7003
8310
3102
6614
5334
9686
3352
1327
2592
8549
5984
3612
2888
2633
7857
9348
742
9719
9204
4608
3283
9588
2735
4242
5088
9502
3981
1850
7972
1229
5294
8305
4209
3631
2327
1911
1977
283
9067
205
3809
5664
2165
615
5246
2994
4307
6038
1670
5457
7480
8191
4600
3977
6741
9355
1516
1598
8648
4559
7115
280
1021
1512
6263
510
2373
5311
2102
7686
9258
6031
8758
1743
5643
1437
8310
4485
3952
615
6076
8460
2621
4541
8449
1602
7863
7036
9446
7563
6243
5319
8310
6547
6291
2313
2958
8542
8577
3883
442
2291
359
6730
7479
1735
6595
5926
4436
763
8588
5022
4787
220
8790
2291
3510
6114
2415
5411
5313
443
793
5309
7793
3653
4129
8519
4524
7410
8779
203
826
7824
6706
2020
8755
5000
2907
6054
9003
1596
1999
6408
4958
213
3346
3654
1841
8874
1873
2303
7418
8379
8059
9243
674
1023
3063
6611
4985
8712
6150
9043
1019
7189
4399
5055
4512
2481
4939
4077
4190
5686
6141
1743
8984
5977
7283
7529
7490
5144
4773
4767
6483
6588
6298
59
8410
2603
6841
189
6303
8847
9378
4896
7031
38
9881
3222
8248
5024
5302
7550
2196
2924
6199
8334
3901
5673
4906
6894
9130
3298
6178
9390
3219
8122
2229
994
8798
8380
4524
1015
7233
7655
5435
9287
4305
6507
5960
3011
7202
9898
5235
2833
9034
9439
1226
7649
4468
9520
8853
4294
3798
8667
3195
8381
3419
6307
6416
361
9084
3545
9471
5389
6670
5517
6928
6399
691
3032
129
5582
348
1020
3488
6126
3603
6138
3712
6234
7618
6261
1724
5664
3222
2154
8871
8290
8211
5021
2200
8171
5024
5182
2560
3280
8997
4379
6090
7105
8866
1548
4923
4541
6696
888
3368
7907
2856
4715
987
3248
3869
9328
18
6596
5151
448
4325
4170
1496
6781
4831
2168
216
7488
6060
8767
6114
3625
1817
5724
5979
548
3311
5343
2512
7303
584
6394
9508
710
8133
6755
4375
2983
5375
4472
5829
9015
207
565
4424
5594
9501
8031
1738
9263
2712
9168
765
682
586
5045
367
7437
4789
5592
7959
2080
9045
8447
8807
6377
2410
5251
4022
8451
8928
7857
6870
500
6498
867
8482
6804
1334
7677
9600
3808
8023
6482
3887
6838
7875
2799
9760
4635
3371
8221
6501
5275
1820
4826
8710
7305
5195
5914
9071
4946
4190
5357
344
4028
6996
8074
5232
6470
2200
4309
6446
3843
7337
7275
7812
244
4176
125
1103
6898
5569
6924
66
9439
4469
2821
9039
677
9473
8856
7903
3810
9329
412
6709
8228
8677
3562
6256
4186
7270
2827
5281
222
7928
4299
9258
5186
353
5512
254
5652
8915
7254
9507
2756
9568
1689
7420
2458
3762
8119
5584
1559
4687
4416
4723
5165
6527
6486
4354
4448
190
2648
5908
7201
5692
1088
5416
9423
1708
9093
1907
6056
2671
2465
4745
1218
6075
4151
9629
8948
5302
965
4972
1681
8729
4416
8254
9339
9727
2032
7520
6976
7128
7391
8098
65
6835
1767
3896
7419
951
9489
7118
659
4616
9633
8435
3224
8159
896
8902
2766
2629
3313
6622
9755
7090
8424
1469
9280
1933
4401
3677
2830
7795
6881
8279
2818
1032
4158
7632
1333
6943
900
3447
7751
3058
5576
3515
1138
6176
3842
9383
9154
3922
5856
7673
3410
6211
5113
7195
2587
2596
6254
2872
2124
9656
3248
6152
9231
390
7689
3548
3568
4729
2053
9078
3954
2728
9408
5769
972
5644
8981
681
1953
8851
5962
2393
445
1055
5354
4925
6000
2523
9684
4395
2471
8526
4104
7289
8821
4581
2475
7984
9698
1403
7
4035
2409
5155
362
6184
3660
7790
850
2799
6423
3005
4913
9125
3948
7100
8879
3786
986
606
8891
3005
7807
1989
2845
7348
4772
4997
1262
3957
2593
5001
7592
2128
6823
2184
9614
8887
9595
1317
8027
3056
1496
4707
660
3919
6829
2177
4980
7342
8221
8122
5940
9133
1106
8848
7583
7895
6492
4685
2691
6711
8072
6450
6054
3016
4207
4225
4712
3395
2860
1084
1524
2383
4791
5257
7120
5744
3691
7195
5749
8538
4639
7116
3615
8004
2139
8462
8773
6205
5721
1603
2774
9437
9050
229
8328
5597
4345
6333
472
8834
1041
2203
1787
7802
9123
5880
6505
5033
363
1914
5192
6595
9078
7493
7516
2267
7526
8653
2378
359
1288
1382
6065
2490
648
8358
3876
5953
4291
5989
1522
2168
2482
8938
7518
173
9827
5059
6383
9326
8970
7893
6459
4825
4285
7449
2764
2618
2555
6402
1859
6912
4171
5559
7145
1678
5913
9028
7467
9623
1256
204
2687
8083
2426
8398
474
9694
4095
8367
350
5674
547
5620
7379
347
1359
4896
8486
1008
6171
1496
1431
6797
3838
6983
6981
3391
5576
6160
8781
9719
1724
3375
7524
8525
1502
5122
1261
4978
5980
9016
8917
6070
5439
4249
3623
1080
5637
3477
8546
8518
967
7435
1976
8084
3373
4728
9669
5356
8394
5799
3690
1387
2619
6456
3406
6632
8283
8750
6119
8908
6218
4654
7153
5034
3382
974
4110
351
480
2
548
8825
9764
7832
8966
9191
3022
3378
1913
9484
3237
951
8194
5085
5092
3945
1766
7935
1331
4686
4878
3280
643
6682
147
831
9179
7555
5741
2695
637
6989
531
183
5473
1319
6820
7269
4650
666
7911
3425
5867
6738
9719
8124
1332
4675
1061
851
891
235
3573
6135
7257
142
291
7843
8317
1664
1301
821
4567
1844
618
5883
1132
7096
1671
5010
6808
5096
2684
9858
7307
5856
1780
9860
6754
4469
1158
6421
3166
1737
5196
5969
3144
9218
3007
4622
390
829
2429
5459
3282
7489
2285
8435
427
9109
8634
785
1648
3192
8607
7718
301
4711
7155
125
8244
395
5106
3128
1656
8096
3160
3897
503
6391
5774
6377
190
3922
6450
1740
4891
3703
6389
2669
9086
3738
6707
3284
1661
3916
89
2715
9862
6109
6437
2127
3362
668
2919
4626
2636
6141
5544
3976
1679
9394
1902
6136
8867
5776
8577
4341
1232
3572
3340
9842
5966
7375
2730
3636
8777
6724
9008
2574
7270
1955
2092
4388
1982
855
3602
3292
3645
6173
6995
3246
4125
4375
7459
5484
5548
394
6088
4599
39
1746
2849
8112
8036
4022
4820
7447
8250
6031
1339
3737
7257
8637
5338
1710
9897
4028
5541
2225
4159
6074
1731
2547
7442
3345
3380
3454
3760
3833
1729
847
3571
8605
1138
9003
2172
256
6208
1354
8824
1382
6909
8442
9803
1239
1657
5885
8822
567
9305
515
2174
2603
7035
8764
2421
7007
3827
8239
3097
9028
7495
8249
6125
5003
6857
2101
6027
9529
5625
6883
260
3733
3680
7401
1494
1383
3040
2026
9704
9771
1227
4230
7565
6501
5061
4074
8423
2369
9022
8422
9664
5405
842
7937
6620
4195
5412
146
1645
2579
8523
8282
1596
9508
8791
571
924
7699
1425
9018
6799
5212
2747
8193
9148
6003
743
7274
963
1911
4753
699
8460
4966
5912
4177
24
9053
4210
7366
2536
912
2887
8516
7230
4111
1098
2635
2580
3084
8380
516
5634
1721
1058
1332
6822
2202
1828
8145
7712
2870
4117
3826
7785
9131
448
8503
9772
575
7947
1305
9023
5534
7121
3599
1303
855
882
3475
8899
8793
8432
6600
9679
8874
9775
2202
5284
142
8579
8802
1938
4265
1322
6845
1288
9358
5233
1502
1898
2210
7306
4772
8431
3937
7062
8959
3469
3382
2488
1740
2078
2365
5328
6970
6334
7454
8358
5274
8316
9667
9294
259
1893
1542
8216
6808
1560
4239
9850
1574
5906
3820
8922
2213
8022
2238
7806
4266
941
3888
2932
1718
8773
1354
3415
5626
3341
9269
3593
8547
8992
6978
3554
6936
2754
5172
5700
5269
3257
3236
9302
6027
3244
6788
3596
4313
6679
7798
6111
666
8711
3429
9049
4295
2152
3670
7133
3508
9552
1047
1799
1783
1100
2644
6184
1759
5644
9411
4327
1302
4387
1981
3575
8516
6717
9799
3519
9552
6085
6305
8054
7645
7115
2660
9721
1989
6529
5560
7110
7094
5131
3325
5626
7372
5699
3170
6015
7181
3792
3079
6548
3771
7873
5775
3505
6099
6186
6416
2097
3093
5556
8493
4067
9131
8687
3811
102
5197
3646
8133
9647
8062
6036
8286
2393
6127
3249
4704
3169
6159
9810
6042
6883
4232
1247
5952
5262
5112
2886
4051
1931
33
5137
6892
9795
7782
6074
5547
8713
2059
1801
337
5860
2269
4455
4607
433
8567
8289
1293
6351
8833
2741
3510
4618
800
4209
2909
5698
4450
8057
5686
2409
832
5583
68
9701
4168
2723
1
9712
7275
2083
8647
3982
5610
1091
4028
6617
7284
232
3974
6675
8140
8490
9260
7078
8983
6475
6539
3145
1073
3267
8775
2163
8932
9570
5692
3347
8855
356
4673
5193
2533
2496
2155
7145
5365
5178
3243
1551
5234
3681
1621
8026
4127
5308
5959
9615
7520
9443
3620
2468
2676
7909
6970
7617
7066
9378
510
6539
779
7589
1677
2714
5708
6816
2222
112
692
1897
8540
7553
7837
751
4347
1813
5311
5280
9065
6457
1263
3358
2842
4919
7929
673
2477
5270
2006
8013
9546
8604
3139
9609
8455
6636
2878
912
2794
5086
2562
4787
857
2206
8280
1872
8511
8231
2689
4830
4926
2977
1147
7
8697
5806
7976
9085
8545
8145
1434
6790
3752
9742
1430
2150
4230
5095
6676
2153
5001
3352
608
2961
684
9376
9369
7526
1502
4570
6496
6906
9805
1425
1268
9630
5626
1921
3624
3405
3776
4292
9622
2085
5515
6011
2874
9790
7865
6703
961
7845
5412
1866
4356
591
8828
5838
3729
5621
6821
2283
4463
102
2547
7782
9351
2376
2158
1159
1751
2142
5790
1405
2564
1078
486
2057
930
9694
1392
1232
6438
4712
971
6626
6634
6751
4345
4468
5993
6869
5090
3884
5390
7947
9065
9130
7197
1008
1580
2166
8137
2566
298
155
7998
28
4756
2712
2422
2228
7282
6840
7640
413
3943
1583
6469
867
5359
9737
2614
7388
741
9256
503
856
2040
3661
455
7781
2880
894
5528
5859
9014
3937
9891
7916
4865
9872
1636
2460
6391
6928
8128
6755
122
3906
5402
5927
1949
450
1932
2060
5508
2232
2671
2980
6602
4380
8445
8067
3202
9840
1316
9566
1703
7994
4063
4643
4794
660
8970
2827
1233
1385
7134
9872
1443
1178
6795
9296
3503
7962
5440
6832
785
1395
870
9696
686
1952
6606
6717
3216
2984
5573
1541
4108
7940
2239
2858
9120
6041
9759
2405
3996
9029
8792
8172
7626
2019
8434
8101
4636
9892
8592
8051
588
6991
2431
5499
3565
8318
5755
7541
2038
2188
181
6728
9096
9460
9892
5751
5600
2371
9705
5115
5217
1909
1057
5872
1924
8286
4485
8784
8401
3374
7200
5014
5642
486
36
688
6756
162
8977
3130
1179
7342
5781
8
7518
6453
1930
9499
5326
2081
1557
5408
8230
4216
8295
7279
3786
3621
9487
9027
7052
2161
4646
1501
4300
8970
6122
3551
7036
1092
2919
646
2268
5483
5591
8462
1014
4463
4023
9060
1583
2594
4797
6054
7408
4790
5381
958
3336
3581
690
2870
1537
4169
898
1256
6549
9297
1990
2160
4548
3170
3001
9335
6083
7475
1852
7670
660
7720
5906
1704
796
4421
895
4624
9064
3733
6606
3614
7825
9413
7243
6028
3202
5878
8381
51
1913
8834
6152
6167
6996
7759
5633
6160
3801
8013
972
5176
3986
4590
7032
5104
1449
2608
7746
412
116
1139
3277
572
2306
4595
1207
6425
9634
3893
8866
6641
7641
6377
7944
451
2508
2811
1130
1363
9558
4379
9457
8973
4790
7750
9045
5862
1195
1143
2618
8119
6834
2158
9601
9154
2785
6508
4686
4283
3333
4452
767
7946
6803
6150
3492
3917
5186
3039
2750
2163
9292
8447
9260
7344
9674
3026
6769
7607
857
5989
7793
2935
9193
6862
9041
8201
7259
9322
2188
4731
5433
7171
6509
4903
6702
9793
7191
940
6309
9598
3391
8663
3980
3134
5966
6927
600
4826
6940
7618
9721
7649
7437
976
505
2256
2913
3838
9121
9624
9117
6007
991
8544
9404
3036
7273
4983
8742
4738
6845
4227
4873
8948
108
7937
4639
7988
8637
5422
8672
7103
2955
2555
536
5087
6979
1968
1315
7301
6065
8194
7029
2441
7664
8591
8522
3510
8864
6818
2599
5672
5993
9281
4121
6043
2542
9474
3076
4069
111
212
875
1426
1602
9448
114
6585
7420
9502
2265
926
9230
5471
9830
216
3988
1336
257
5965
8860
6935
1230
4181
1883
2951
9332
9747
6839
9527
8337
8850
2096
4339
6618
2880
2788
8936
6590
5066
7994
4941
696
9260
6770
7569
3246
3988
7458
6318
622
4703
2864
6586
1403
6672
7608
9407
3170
9501
8181
325
9186
4412
3559
1190
326
8083
5522
327
4937
8475
8725
1378
7907
8997
8419
3889
7742
4011
3497
409
9325
4946
2609
1097
6426
3967
7974
4781
1163
1630
7022
1873
1100
9898
8858
5796
4217
144
398
6365
5751
8614
4484
8187
4821
548
471
2209
282
9068
1844
4052
2526
4866
3393
8880
3387
2744
5466
1106
9721
755
8985
5241
6113
7704
2566
1743
9130
2517
7418
3634
9283
292
3017
4902
960
9107
4038
5492
2449
4862
4867
9437
3131
7860
8131
2575
5777
3897
5034
3085
1191
8081
9603
4456
6923
7284
7339
6635
7465
9531
9251
4923
161
4218
800
7448
6756
1953
7107
8609
8131
4514
1966
4232
3959
2544
6606
8458
4449
5973
5931
4298
5238
6528
8295
2147
2889
7339
3173
1775
1108
5398
1212
2264
8788
4125
6613
726
8120
2604
1278
8148
6084
307
2961
584
4014
5151
2584
2787
7065
4370
4501
1488
208
6221
5148
6177
2709
9085
5884
7320
4036
1254
4712
5681
7772
5630
5968
7864
7671
3332
2616
2018
1952
2650
1823
6454
7771
8999
3097
289
4107
7640
3303
1285
9688
7509
6289
3695
8004
6812
7100
1607
8990
3746
2197
422
8107
8061
3514
1931
2118
1889
7671
4267
1920
6884
8143
5605
7641
8608
6613
824
6179
8825
9214
1621
1500
6338
4324
1405
1409
995
8208
2722
5032
6594
4757
7718
1889
3009
2842
7448
2272
1668
6933
8073
6669
8861
2201
5944
7382
286
1167
2065
870
9190
3801
5656
606
3829
2929
2739
6342
7319
6221
8755
2807
6137
4806
4515
5635
6669
3530
9115
1478
6094
6722
4494
4626
2232
6950
9842
7463
2469
6450
3623
61
7223
2883
8111
1610
6877
3785
9709
5312
7845
8400
8335
4610
22
9824
2615
3243
683
1811
5406
1609
3769
1264
5754
9377
1960
4585
8315
8038
713
4935
4122
8165
4196
2066
1831
8772
9060
1357
246
2252
8294
9318
1714
9040
7088
1554
244
7650
5239
5900
9444
7303
6304
6071
7199
814
6698
7741
3058
116
1471
1036
9048
5249
9186
3308
3213
5910
6995
6999
9669
3609
7220
1438
4478
97
7614
8307
1412
7761
8539
9577
5631
4713
7046
8197
5760
8379
3044
5156
3596
6103
4190
6462
3089
3122
9088
8109
8601
6589
560
3940
8866
4715
5514
7377
141
4421
9715
4990
5014
2824
790
1803
8422
1292
4653
6738
8588
7809
814
1474
4430
6743
6970
5373
8812
9805
3901
9826
185
330
5629
5652
5711
7488
4904
6937
9001
3103
593
7105
8093
6098
5019
5301
2768
1008
3432
3193
9357
7771
5150
3410
1013
6415
6305
6946
4040
3867
8065
8500
1078
921
5292
4382
5556
1889
3595
2127
1530
6894
3226
8472
5956
1223
1219
8038
2312
5520
5322
5260
7786
5899
646
682
1017
2481
5818
2006
6180
3428
2385
6349
6471
8870
5777
7110
7089
3611
6180
7849
8542
6678
6839
6609
8714
1750
7527
7276
1472
2012
8267
7794
2738
2378
9384
4978
7572
1376
5387
191
7388
1520
664
6134
3556
9097
5065
1529
457
5948
5509
2264
8076
2394
431
6317
3100
654
6073
1805
3000
6200
3224
1340
4443
3638
3440
3840
1278
6082
8467
8847
7887
7768
6145
7073
5347
5566
4824
4382
2612
5528
9801
377
4980
4605
8588
5287
7083
9078
7715
299
2996
6017
3208
7768
4414
8298
2220
7246
7648
3944
6654
669
9116
6239
7167
4230
7827
2004
7298
5833
8688
1905
7623
8529
144
853
8961
916
7881
3293
1957
359
6471
2081
5280
4858
8833
382
663
7771
2827
2086
9417
2904
2051
9571
81
5900
988
3330
696
2553
449
7216
2598
13
6746
8271
4881
1315
5044
8864
8684
6515
7492
6653
6459
8619
5482
8911
4870
1845
4394
277
7637
4009
4088
5739
3931
5562
7753
9703
9238
4918
2016
5137
4836
8783
7357
7734
9257
9190
6297
1867
1747
2011
2288
3617
8622
4278
6200
910
4428
7070
2608
5832
2109
7456
938
4876
671
7307
3220
221
5081
6069
4859
4546
1632
3343
6992
9714
5128
1792
5450
3662
4800
3880
3300
1905
9095
1088
4610
9655
5578
2520
1195
6198
3411
445
2516
3886
1755
4037
8622
7113
6371
5868
3340
4452
1867
7204
8397
2735
6243
846
4264
5867
8367
8506
4585
5087
697
2408
4513
5327
3630
4836
9484
3831
9794
4970
5921
9296
951
3622
1873
2542
9508
1043
435
6807
5256
8900
9414
2374
1422
4137
5771
7813
515
34
6466
2356
3967
2844
4797
3645
2277
2078
8114
1450
5874
3580
8822
4477
7675
7937
276
8194
6767
6592
600
3097
9832
7630
8609
1006
7212
2354
2364
2884
3909
8927
9873
4215
258
7609
5833
1572
7485
3027
8419
1124
6800
9430
925
4696
9467
935
4573
1386
9590
881
6843
1880
971
2984
3210
3732
5741
1855
5566
6754
5826
1140
9598
6616
8387
8783
2462
8423
3616
6483
775
2081
3850
3881
8539
4361
3576
6248
4666
8022
5461
883
93
3962
3512
464
6240
1086
7769
3761
3128
3424
4168
2979
9282
2283
9522
3289
2875
2296
9858
2578
4080
5397
8743
9342
7076
1448
6838
9460
8824
9382
8773
1776
5953
8364
7244
1325
4598
9069
211
6261
5581
1125
9669
2531
1925
3048
8384
8238
4376
1138
2179
7360
7076
4606
7771
8719
5911
7753
7389
6139
7341
6163
3995
3273
7154
56
4764
1570
5695
8729
6019
4112
5307
6941
3717
3816
3534
6373
9665
7610
773
3344
3264
9734
7123
2385
2135
8170
3104
3187
8765
4566
5187
6405
4420
2666
5147
5319
5232
5183
4828
9609
6643
5492
7697
6338
7076
877
3158
6565
4196
6808
2171
8111
4634
925
2048
891
904
2389
9667
2484
7265
6247
432
3094
594
28
3625
1939
4407
1080
3503
4840
3037
9623
7033
4102
219
9171
8678
5107
5630
1237
3549
980
4678
6951
7407
6772
3690
21
7592
3084
5260
5313
6882
2411
3444
8943
9609
2051
3360
2566
7014
8451
6112
9756
453
1786
462
4395
7942
6
8444
2996
3582
3260
4403
8968
3735
5643
3502
6529
2139
783
5630
8574
5983
8585
9803
3946
791
6789
7118
1124
4904
9435
5298
710
5540
5526
8899
4105
1145
9757
6327
5963
4367
8749
4898
2081
7059
5905
9898
839
6373
9344
6507
8378
6873
6787
9017
1294
975
7084
8017
962
6779
3778
7646
5570
9659
7466
4036
75
1496
1070
4018
8948
7937
9882
2127
5811
3825
872
4000
9055
5446
26
6026
3939
6011
457
2189
6407
6909
1961
5576
1791
4208
8468
7767
2423
7285
1850
4691
2626
1120
3172
6211
565
6212
4402
156
7500
7222
4700
9773
3826
994
5477
5755
5245
6108
2391
7724
5792
54
1131
7503
1460
5237
7240
897
7761
7339
2711
2785
2888
593
723
1705
1641
1082
2305
2200
6419
5530
5728
4738
3005
4121
1663
4710
6601
843
9548
8619
7575
3589
3241
920
1937
7050
6810
6291
4815
3558
5918
2364
3239
9886
7040
1459
9017
8355
4468
2121
3143
8211
3171
9683
1881
350
1810
2234
4090
8144
7583
168
379
7773
3341
4300
9017
5949
6125
1405
3235
6466
2097
540
3862
5143
7421
8709
2935
6017
4321
466
9105
9577
5844
6978
3233
4156
7842
7907
8184
846
5681
4665
7488
3624
4173
3297
1546
1412
9734
9675
3450
7951
6929
3598
4061
2325
2303
3232
1999
114
4226
3503
528
6371
5709
3750
8538
6055
5612
5216
3778
8202
6681
9167
6393
1549
651
8690
6635
7211
8045
2318
4602
9371
7742
8898
310
2662
5975
3339
1613
6378
9859
108
3739
9265
2429
477
8617
7414
4433
1962
2122
1572
6927
7446
6395
4451
8765
1385
8478
3158
8905
3248
2685
5200
8899
5958
8685
5482
5066
705
4292
6108
3761
7306
4888
8345
1470
1704
8641
3188
9744
2443
2922
2257
2338
6131
2205
2321
6461
1287
1249
1988
1608
1361
611
4626
7968
378
1594
1282
613
3782
7597
1656
1924
808
2313
9890
9423
318
5668
6328
8302
9372
7220
6216
6736
7307
9669
8955
352
8954
3280
6079
2833
3093
6073
5241
1503
9467
5672
7625
3140
2120
8511
2141
7326
6022
5389
2869
6818
6912
4324
2341
9655
3657
629
421
8902
3290
617
8017
7717
2299
7627
6208
2847
6382
7682
6928
1175
5507
4239
9862
2237
9418
7717
6010
322
9892
5757
5316
1583
7825
959
4892
410
7815
3049
263
4009
8151
9542
446
6004
3480
33
3227
3187
166
4570
9698
671
5702
3743
9197
6060
3545
5054
9783
8798
3170
7763
7359
6510
8690
2957
1896
7621
7311
4276
1721
4794
5671
6002
5907
9264
9436
275
8560
9594
5821
3587
1195
4875
1707
7309
8512
9746
4662
5301
2159
1768
711
5877
6859
7866
6318
9541
4810
2829
2229
6802
4779
2001
9465
3097
5225
3191
2487
7159
7539
7383
6997
4958
7403
1274
3353
8317
23
8012
8045
703
8570
5792
5426
3301
2865
6824
3629
2373
2816
7766
726
633
6505
8036
5697
8293
4771
3222
4002
8379
883
8178
4918
6163
7738
1234
7696
8003
5015
8303
1180
2806
5074
9553
752
6132
4617
8734
2287
8782
4829
406
7285
3706
3066
5725
125
5232
4987
8193
7822
1002
2311
7960
2055
1719
2826
4098
7120
4216
9620
9241
6067
5255
113
3369
4148
7228
9306
2047
6619
6982
4626
6020
5093
7627
2764
7030
2084
1308
9871
4362
5468
9347
7684
2517
6350
7737
6039
2393
8445
2903
2702
8887
9379
7507
715
6665
3302
6790
2995
6828
6814
7443
1989
7629
8327
6895
2981
6874
9435
6196
1037
3328
2930
2199
6211
2529
568
8714
5055
994
2824
3895
6531
2678
2422
7788
3595
8415
816
2488
1564
3133
1390
1886
6856
9866
2848
6985
3949
1280
6122
2434
5261
4692
6723
8943
8358
637
9486
2568
2367
7414
4768
4611
6893
1571
6461
1698
2356
1353
222
936
1793
8980
3855
5984
5358
1241
4061
5018
9816
2340
3713
8172
4410
1749
2724
9690
2020
8732
9484
9307
4079
896
3010
9204
8607
4678
5445
5678
7996
6643
9729
5196
1267
6288
8127
1084
3803
2799
1596
9286
3568
2049
2597
910
8155
7187
1242
1931
8817
8628
3741
1369
6464
3212
3815
8832
1251
9891
4007
3122
9174
6696
5571
7323
7752
4231
5512
5665
9285
704
9425
7447
9714
3222
1726
1193
4115
299
5185
9849
8421
9413
8437
185
1765
3659
3190
1813
9693
4835
9319
5300
538
9365
8669
5822
3982
3613
2908
7468
2694
2352
7501
9184
5136
1097
3630
4809
34
610
2813
1534
7978
5393
6542
1095
4124
379
6037
4271
9673
6908
941
1232
7377
1546
4734
7636
1461
3572
523
1394
187
7891
6563
3174
9130
3762
2902
2386
7938
7740
5207
5991
9691
1553
5700
5672
4197
1216
1039
5617
7608
6472
2369
2555
7454
4162
8131
5723
8425
163
546
709
5047
3407
8893
7320
6277
528
4049
3013
8437
8626
3591
7035
8681
2076
549
8439
7935
5371
6718
6211
3700
2554
9160
183
3149
8429
6307
7346
608
4848
1417
1225
7294
9838
3823
5937
5013
883
3206
8209
4865
2507
3359
5334
3034
5867
9071
3864
3012
4388
9701
6890
1155
4766
7456
6464
354
4631
411
5408
6951
515
948
7716
631
9506
2248
1358
5221
2920
3666
5725
6451
8071
8885
5618
5414
3872
2117
5522
2190
6253
3306
5682
4400
8013
9714
2272
8280
2195
1791
8957
3998
2297
6629
6424
3939
7018
8182
2448
6191
1939
8244
7158
6249
5523
1435
3444
9778
2881
1786
8216
4164
9727
4689
4333
9242
1299
8067
9717
653
1436
8874
7255
9300
9552
6413
2003
6587
1233
5102
7159
183
1765
6617
5227
8910
7675
7674
7143
8769
9515
8363
6810
2290
2320
8195
2061
4601
1030
5593
2293
2209
7268
4372
7342
6891
4790
1141
3518
7616
5494
8192
7650
4585
5667
9068
7812
75
8210
5420
5668
9399
9185
2657
2592
966
8412
839
5129
483
9138
3212
9003
2417
8806
1331
2203
5777
1071
5594
6323
7620
4936
535
8512
796
2714
3327
4632
8150
7548
9450
7981
8930
3480
4914
2866
8381
6140
782
8676
1432
2288
3657
6538
52
1935
8287
3200
3942
1867
4538
4672
1857
4617
6737
1393
7240
7707
8893
1666
3275
7533
2441
9839
9102
1321
1124
9381
4236
2427
5174
9607
6828
397
4929
2881
6399
7017
9150
2265
3641
4172
4448
5723
2265
2478
1886
8174
9498
3961
1520
1992
2962
7255
2072
1160
5423
1454
701
2545
7425
6050
5064
560
2441
3248
6675
4837
8321
1817
5269
3213
4856
228
4533
1616
7575
6338
9867
3189
9113
3680
3549
4562
303
8541
3463
4929
904
921
5658
5880
6779
5532
4339
8797
9603
7746
4216
3266
3660
8049
3459
9894
3790
6165
4687
7965
416
3587
4444
5537
5771
5335
3341
7631
9291
2091
8467
172
8009
1316
3105
8974
8176
1358
6856
4520
1281
9260
3991
8041
7095
4281
3273
999
8968
2102
4968
9742
6924
1185
1129
8325
4155
4997
6203
561
880
4922
5698
5107
3179
6188
296
6427
5745
3294
6521
2974
6527
7930
5930
9132
8842
4439
7374
8198
7788
428
1900
1666
5690
3864
1935
7129
9663
5964
134
9207
9760
7353
7298
4616
9859
4963
2949
3272
3224
7227
2559
4407
3029
4108
746
6626
6514
6269
1886
8960
5959
7530
4392
9428
9504
7735
7138
4995
5199
921
3342
2140
1657
8320
8217
1413
8397
4325
46
1229
7531
9437
628
5058
914
4823
2783
830
4226
4032
9626
5726
2820
212
6055
4025
9748
237
7327
7854
1213
5328
1585
5518
2943
8809
6325
9784
498
8661
4972
9284
3128
2464
3106
1466
3692
6535
7515
694
3106
6569
5564
2282
1862
1891
7076
8226
9343
3047
6958
6718
85
2282
730
2062
6629
143
1665
2334
1745
746
3935
281
7083
3051
9262
329
7419
8153
8279
2334
8184
1891
2518
7594
9509
8783
8418
7352
7867
5135
8821
1564
3090
4758
8755
7804
2356
1866
3692
2163
6240
5315
3698
9723
8223
4129
5561
8005
6387
4610
5198
8386
6613
707
3449
2399
6432
7120
431
6990
4780
8543
4594
6924
6516
765
6658
3822
2091
4782
5904
1559
2677
7062
4707
972
8324
3005
2499
4762
7864
2989
3696
2904
1727
8183
7080
6805
1612
4067
5348
8728
3330
3885
7494
8775
6320
2267
6028
4450
8732
4808
6243
9227
1587
7325
3494
3546
9328
5046
5920
7394
3175
5017
7747
2833
6281
2228
6551
4060
630
9210
3608
9491
9023
44
3994
851
1323
4443
4886
1515
4050
2602
2904
155
731
898
9212
8100
2395
8309
8346
9437
401
4178
2272
4030
5994
9255
9708
4576
9093
8066
1268
9062
485
9303
2799
1874
4227
3008
3818
5516
3735
6434
6523
5489
3776
9074
1145
6494
6822
1393
3478
8504
9517
4189
4688
6369
7961
1984
6659
7073
5200
7311
8680
2421
8387
268
7457
5660
5506
2891
3856
5574
1359
8430
2274
1433
6918
5830
62
3722
2507
1742
7197
7583
7542
461
1835
3485
1024
1370
6121
896
3789
3769
4596
8362
711
2919
7482
6808
2079
334
2882
1318
8189
2720
2148
6661
3755
7642
9376
4671
6681
5649
8863
271
8962
7658
5718
4222
6710
6693
4813
9868
6952
4950
9714
5902
5076
1487
9598
2893
4092
4311
5348
5467
5888
6054
9182
2391
4395
1537
7733
5535
9227
9111
6574
8005
8884
519
3882
745
2325
4218
7395
7397
3053
3133
6586
2864
270
1863
7792
7640
4473
71
9850
3600
2469
8657
5697
3272
8988
284
6737
3945
7399
8541
7656
7025
564
9897
6616
2208
6929
4039
7135
3046
5808
3377
1043
2572
8788
909
4692
3587
7479
5803
9817
7095
2887
2391
2938
8988
3102
6640
2870
9572
5524
415
1585
2206
1118
5165
8874
6941
3265
8117
9789
2625
7171
6954
9207
2236
5671
3920
2834
4260
3376
7762
2900
1756
4501
6288
6609
6608
1109
8358
7042
9487
2407
5360
3405
9309
4876
1886
4708
5720
5969
1814
8213
6710
9659
459
2117
8501
6898
4556
2643
3362
958
7240
223
4751
572
3895
7223
1174
5923
3913
452
1085
3502
8922
5096
5170
1236
6099
5105
391
6369
2996
7755
3981
5549
5126
9650
736
8693
2792
7846
4742
8491
8107
4885
8536
4948
4916
9435
5822
3482
4955
4762
1398
3941
5662
4271
1057
6851
438
2790
1156
4123
6656
7629
885
1278
2073
5558
4145
2774
4411
4076
5951
7285
8014
983
7180
7093
6451
6208
5608
1452
6834
867
1620
1580
4196
3830
4535
5124
8523
4810
5920
1010
9633
1019
5969
2646
1700
1978
6541
6216
1295
1878
1370
5579
6540
77
9108
5424
577
3245
5135
3161
1673
3128
4788
8153
9218
8921
3445
3291
2386
8712
4263
9834
7441
2414
8799
5627
554
9851
6119
8776
5816
5653
483
8306
339
7641
2572
3022
5393
9808
1604
1764
1000
3611
6542
1339
4778
2044
3775
8150
516
6888
5545
9714
7795
4535
2238
9690
952
9229
7320
9722
8237
4847
7668
6733
6492
9830
1659
5977
9634
4222
7176
5163
6388
2855
2199
9569
5781
8501
5370
3490
4716
1856
7672
4157
7913
473
5413
5432
9299
4291
9392
888
1455
4255
3537
7015
4285
1446
7020
9849
324
6367
654
3384
4771
2506
6996
5212
7735
6252
3910
9061
4849
5439
2256
8654
1938
3342
3708
5946
6054
2226
1880
7885
2716
7782
1326
8048
7309
166
2604
1014
999
8202
5881
3637
4449
2828
8354
3004
413
2150
2752
4456
1257
8965
4787
4872
8809
692
8935
4779
7990
2782
5647
2392
7465
5261
8925
8557
2696
8645
8095
3651
9727
9729
9767
3549
5798
9788
8780
3127
2007
8699
843
4684
5551
294
8776
9838
7339
7957
581
3244
4804
4992
6418
8136
7234
1714
1496
5924
7925
6018
1731
3839
3048
9530
2766
6122
3970
8297
323
728
2820
9709
9493
8586
9894
2472
9146
8414
5291
7654
6093
6800
7356
3574
332
1131
1925
6531
4587
569
1016
2021
7482
1659
83
8426
1033
3314
9466
1635
8899
6329
4908
2468
1398
6694
7251
2267
3270
6911
894
4133
7440
1427
9260
936
6174
9541
7749
5509
7975
6410
4456
4240
8127
655
5831
4188
5144
2308
5027
2726
796
1489
5381
416
6813
1362
436
5398
8024
2963
9516
4646
1804
5537
8462
5050
6047
7688
59
4937
7866
1496
7477
4032
6879
8400
474
6824
5109
5104
3130
7916
881
832
1418
8142
8768
5523
3924
8194
4080
6151
8561
3024
5927
5319
8187
5890
8477
8075
503
853
8179
2627
7594
2468
2280
8318
7392
8245
6805
4178
7787
8070
4948
9467
8205
5604
1943
1373
4948
197
2536
7926
5079
9476
591
6760
694
1953
3895
5655
3691
8441
1684
6973
5408
5194
3318
1945
4528
5938
6760
2885
5078
151
2046
4829
9311
2041
3932
3597
4236
3707
3029
3482
9829
1352
9
615
619
6571
4779
4101
3097
4125
5793
4984
9492
7847
3626
8127
7789
1451
7064
3163
7850
5420
8425
4323
3123
3027
58
7499
6183
3569
7854
9164
8306
3022
691
5792
746
1701
8824
969
7589
2037
1587
5476
5851
2106
890
1656
4731
2385
784
4703
1455
6050
1815
9713
3995
9249
7359
7428
3726
7457
4880
9528
9063
2480
9581
7624
8228
3489
7659
8686
4079
7851
8573
2105
6406
1411
5480
3413
2160
7159
2299
5308
1386
7001
8849
9189
5256
7165
7779
2699
6678
9162
698
3696
2256
1618
2719
1136
2725
9611
9167
5624
1095
7576
9314
6680
4449
3812
4625
3485
4706
8592
3837
2209
8291
5288
4818
9053
8191
915
8257
942
9152
7412
5875
3413
3352
1596
5697
7585
4841
908
3007
7268
6211
1956
9638
4558
6903
3442
526
8004
7232
572
2904
4676
8659
5110
8578
8430
1950
9886
3725
6460
449
2034
7268
5298
4448
2996
1483
4155
8010
9858
2708
8988
1669
7349
8377
346
9839
7853
5484
2569
5351
3774
7686
3590
6586
1079
2336
6539
2765
1329
9654
2978
9475
4449
3220
9256
6694
1163
4613
2546
7715
1887
4107
1908
9231
2274
7134
7355
179
8721
9354
19
2514
4735
1159
4500
7671
5139
4774
1419
765
7630
3903
4769
2039
3018
147
1915
4893
4164
439
686
2146
404
2733
2348
6966
7118
9293
4021
1751
4737
2858
8000
6669
9445
6638
8685
7327
4667
885
7537
1605
843
7850
9795
3254
2959
9262
263
3270
8270
9013
7506
7460
5409
8267
6730
4128
968
6172
7617
1370
7433
6808
9251
4355
5436
6307
6288
7215
5646
2044
6777
1624
9047
9327
6559
1758
1869
8046
3320
9197
1122
4049
5041
3589
5525
9270
7190
5967
2742
6096
8470
9561
2505
7060
5447
7066
6780
3785
5856
7338
2716
3182
1185
4599
1830
79
7390
2665
4607
15
6826
1951
1825
7883
5426
9095
931
2319
5400
3978
5774
5553
8323
5352
3417
5755
6800
9032
3405
7111
3777
211
407
1483
4075
6320
6324
8675
7866
5719
6418
3921
7278
9336
451
7253
6436
3276
7256
1547
3953
1616
8774
2190
7371
3037
4893
4504
684
7481
5688
5727
7462
9154
395
8999
1529
3653
606
5036
522
7379
9564
1639
4066
1553
1322
1996
7476
5045
847
1324
3079
7699
8992
9849
3822
8652
8455
5286
481
4317
8826
7665
8574
5525
5819
5189
7969
4385
7101
4842
5908
9176
8828
7645
8895
4508
3308
2932
6896
11
6294
5425
1837
5162
6404
386
9597
8866
4538
4890
3938
4465
9783
8300
2947
6109
408
477
8200
6332
6154
4649
8624
5887
6174
698
3138
2324
931
3872
9052
1669
6148
1627
7570
8955
7828
9824
9376
2865
1401
6187
2375
9389
1622
3396
2036
4741
5262
1047
6511
2742
4434
7123
1168
8329
3728
4631
2695
1315
833
9012
9330
1229
6003
2012
5977
5779
6549
3042
5556
5433
5278
3403
9537
5324
6912
6752
5519
4937
4123
4540
6562
7373
4828
9830
9603
4390
6842
4236
5905
3948
5985
6613
6734
9073
7746
8280
7115
5035
937
9833
8328
5624
8503
4859
6893
7514
9363
1235
2088
3901
5495
9800
5091
1111
2709
8195
6790
5915
6358
6284
7700
6848
42
8558
6463
8975
1197
9297
9252
8566
709
9511
2261
2738
7445
5963
7802
2424
3435
4713
3736
2375
7599
4927
3887
7033
7862
7341
1534
3083
9254
6928
1321
57
4791
3737
8133
2931
2294
2701
8805
5313
8739
8943
6459
7199
4475
7773
7932
1958
6920
661
9637
803
2971
330
609
668
1008
8875
3014
2923
3767
6267
2720
481
8671
5919
7323
3403
287
4414
1924
2735
7545
2621
527
9365
7952
9035
3507
4650
6238
1682
267
721
5983
5711
9250
7562
982
7146
1016
4792
5140
4692
3405
1802
937
4970
7968
1406
2659
9093
7492
6331
6501
6551
1375
3192
7286
7605
4245
6710
5529
6387
840
852
360
7996
4533
2561
4492
3117
478
837
7805
5726
4733
3405
6138
3175
7803
4964
2509
282
8358
1349
7311
8880
2359
7464
752
6762
1931
7756
4544
1199
8965
5912
3952
7926
9202
8046
5959
9512
4664
3333
6659
5035
9563
8340
6759
5896
7416
4181
3387
2209
4072
2625
6345
888
7804
4873
8671
4810
741
231
8956
8214
6579
185
2163
6762
8663
2434
979
4758
1332
2571
923
9301
3052
7439
4178
6287
1356
4825
7943
4023
1037
34
3151
1693
1517
9883
7350
9216
4937
1938
2472
5716
8112
9730
5673
73
9479
32
4339
2755
2595
5603
9327
4005
5494
512
4693
6768
3483
6017
1736
2537
7059
4729
5649
1308
5684
7838
8819
900
5797
2821
1534
6689
5452
2392
6347
977
5943
2289
4807
3023
6418
7213
6322
3693
9176
4129
7978
7029
1844
4979
7448
2272
4546
8395
3925
3541
5515
2460
6667
6080
4212
9779
8768
3460
7711
6302
3745
1260
4531
5515
706
7357
2731
5021
4178
8282
2217
4009
1380
5929
8787
2390
5652
5096
3488
3953
5455
8416
5738
57
8365
8072
9264
8681
8500
7854
6438
5374
8297
5439
5176
98
6396
2646
2726
3521
2252
7167
8384
4870
2198
2442
285
8833
5553
6728
3825
1066
8921
3654
9443
613
9200
9854
8235
9041
594
2660
7588
2357
8893
5135
2516
1549
1905
2897
9101
1956
3883
2907
4635
5544
7276
1404
3250
6024
7949
243
7169
283
93
9157
1170
8190
4705
8491
2040
5864
4949
7910
8721
2028
9894
3334
6965
6046
7119
8292
3385
4219
1172
4078
2721
597
5241
1695
6473
7799
2502
8882
2407
7876
7454
8055
4710
9049
3150
4426
114
87
7249
5467
5857
7813
881
567
1805
4758
4102
5469
2586
6740
9256
3329
6940
8873
7884
2527
5289
6731
3695
8989
6338
4395
1438
9729
1401
9329
9592
6459
5457
8600
3240
8141
3542
4974
9879
9433
6153
1204
9899
3759
6725
8072
7293
1195
1199
62
8813
700
7104
3532
5653
4217
887
4805
1284
1068
1463
6088
4332
1871
9827
4441
7535
1235
6602
2967
8209
4206
3093
9146
111
7543
9843
3050
604
3091
9007
4209
9305
6794
6985
9088
9792
537
4323
2111
2487
3836
3933
5587
4469
7650
3081
4791
6040
23
5205
4058
6252
3843
3694
465
8582
3168
4206
1080
7619
4461
3402
8718
2448
6629
6730
3246
8253
3971
869
8625
4179
5760
5173
5375
8215
3144
7202
1125
1337
2003
4796
5626
2203
4777
9408
5104
3997
72
8707
4625
8011
2977
6434
6015
4898
456
9142
9351
8721
3026
3664
8153
5403
1706
3482
2900
372
9752
7879
9774
7310
9636
7358
2552
7510
4548
4269
6564
3463
7950
3157
4823
7596
5864
7134
6951
5301
5327
9339
4127
6943
4450
2566
2848
4414
5326
2536
875
6081
8194
4298
5607
2707
892
8083
1444
1322
7496
6505
9078
4497
6485
2853
7771
3031
4316
7259
2626
1082
492
1
7036
4505
4900
1892
6872
1238
7533
6876
2006
2955
6499
8147
7754
5796
7176
5147
1614
4045
6042
7830
3424
1000
9140
4203
1184
9584
5810
7271
4574
5858
8779
1192
8916
9765
9454
4137
9148
7279
6741
475
8308
7812
7126
5068
2170
2499
3352
2205
5121
3417
4434
4337
1155
2348
8001
4326
6270
9283
7433
3105
1717
570
5918
3369
4546
7931
2869
9312
5554
7917
45
9190
6606
1126
6542
9098
2158
613
5514
3041
4080
5691
3642
3774
5434
9741
6193
6445
7204
6804
2251
5101
7387
2879
9261
9001
8463
8075
7091
8232
2940
6352
2815
462
46
1277
564
1985
941
9711
5570
9370
410
6879
9363
4665
8176
5477
5219
7074
9668
8392
8809
5519
1027
8391
6619
3379
7035
5880
7660
7624
2030
6997
2680
3711
860
4578
1904
3046
7841
6023
3497
3678
8784
8383
7411
4221
8197
1343
8196
3295
9344
7581
1278
1353
5331
5293
2268
5696
8357
2031
7265
1453
4115
7834
966
2457
7623
259
6318
4040
321
8476
4599
1641
5930
8416
6308
3653
6187
3306
4084
8817
4200
1514
4839
2763
8240
7451
7794
6492
4783
6730
5502
9439
3962
5479
1792
4400
2855
6553
5155
2617
5194
1167
4381
4876
6259
9800
3241
5843
2335
8516
8939
8880
5354
8849
3530
637
8280
8658
8516
1311
8857
970
1257
3444
8358
5115
6227
7463
9488
9283
3166
6337
3337
5757
2056
9827
620
7830
5724
2438
6441
2321
9785
92
1690
2309
1029
3027
2333
8166
3433
3495
4586
647
863
3868
3797
3333
725
6998
7712
7593
8274
6397
8424
4074
7656
1747
6370
2382
9642
2684
6284
5563
4221
2334
7361
1767
4710
8375
6647
7622
8318
8175
5343
3673
562
7966
2002
3971
8292
8761
9612
3825
4943
1870
6614
9037
2407
8912
6576
8727
1018
4124
4538
8744
4092
1769
6879
6402
7814
5731
7981
7833
5023
3204
5091
934
6026
4608
3122
8478
576
331
8648
7223
2336
3291
5898
7301
4747
3792
7288
3407
9041
2802
7753
5731
679
3738
3646
5981
7446
9334
6660
4279
4680
3416
736
5066
6331
6681
3803
7775
1198
4343
8551
6285
6829
1583
8770
7211
6925
7740
883
1869
8954
3026
6465
3697
7040
523
6343
2626
8916
3426
4465
4772
32
8444
9704
925
8645
7870
1471
2263
1572
3909
5716
3891
7787
5640
2467
9607
6076
7664
9439
9388
6479
6992
1919
2969
6694
7279
8527
9644
412
417
6652
9806
7228
4626
8639
2827
2424
5984
5886
7483
7913
6302
9515
4419
1308
8877
4486
3158
3909
1360
1032
2247
6852
7612
2741
1056
8543
7629
4094
8676
6217
1405
7252
967
7833
3675
7230
6795
1404
4018
992
5325
570