2043
2141
1253
49
611
381
322
914
1733
715
2945
493
188
2154
104
48
2163
423
1408
2709
2037
670
2657
1981
1162
143
301
1983
1042
1397
437
1422
1388
1397
2734
1422
2728
670
3013
427
2757
2945
1181
1048
578
1030
2140
2504
2903
3282
336
2840
2063
1486
1237
2035
741
496
739
2672
426
362
2415
2368
3021
1664
2865
3015
398
1220
1513
590
136
3060
1079
1741
1614
1260
737
2373
1858
2273
1329
3012
759
825
294
315
139
2041
1567
2558
568
3262
1435
788
3171
1270
504
2479
802
2310
652
1368
1440
1220
430
1623
2810
380
1189
1964
2990
1867
2272
283
1158
804
2635
579
1098
315
478
2525
3100
2312
1227
3206
1987
319
13
1689
1333
1583
3255
1399
739
2932
2296
2749
1335
2588
232
144
1668
2806
60
3260
2466
2970
924
1091
1995
475
1894
1559
3204
1530
282
1045
2215
2620
863
1238
2027
1629
1364
2573
1129
1366
2010
1269
2232
1966
1962
593
3157
2669
1088
2313
2456
1637
355
2415
811
1110
418
3280
425
448
2943
143
2466
871
3172
2789
2636
2781
2838
2366
3249
1786
102
1557
2091
2892
2448
1181
804
2962
132
2591
1196
3117
331
34
1861
1089
1468
2378
598
365
1133
1928
149
737
349
2335
1908
2206
2046
135
617
1785
2636
1613
1693
3098
1636
2768
664
3294
1913
690
2024
270
1544
308
312
265
2687
534
3121
2752
1153
1390
1355
1358
1494
2592
1553
2122
919
3038
567
2868
1129
1806
707
1989
2902
1703
2369
1643
3003
2327
2612
482
3266
286
1108
2671
2275
2792
3231
984
2925
3055
1859
2090
1478
2235
2237
247
750
57
318
1886
1760
2279
3072
176
1414
2695
1879
342
2325
1180
347
2786
163
1263
1703
3064
1961
2801
3040
294
1552
169
480
809
2362
2724
2844
297
591
2556
1409
2874
2440
753
1696
854
3253
1730
2006
1007
3275
140
2076
2818
185
2733
58
1558
1654
2260
508
744
2841
3114
1053
163
2158
2230
179
1717
972
698
764
2190
99
901
2417
244
1994
1023
2364
212
19
1319
2551
2869
576
1028
588
290
2455
334
2308
362
440
260
32
2082
1240
2833
223
2865
1521
1004
651
1008
1835
40
1388
1829
1375
3141
3080
1677
1089
319
811
1567
948
2156
2807
747
1290
3037
496
2363
289
1605
2850
1896
1937
119
2141
749
1271
2031
713
2855
55
419
438
2807
1424
868
2641
2879
1251
868
1470
1636
1756
2808
725
42
2405
2423
489
1378
303
2052
228
756
1122
393
2112
2957
1283
2231
2983
1299
1249
2016
2181
1104
512
2407
519
247
1176
616
256
2146
1680
1459
3017
1364
1763
685
1070
713
582
770
3245
2176
714
241
2422
787
2341
1240
1209
155
2205
1749
2762
746
222
1313
1148
3258
1830
2523
768
948
187
543
899
874
3220
1176
1527
339
1737
1332
2011
1165
2277
1686
864
2455
2858
2236
1093
1911
1738
108
1653
1204
1079
2317
2321
2812
188
1082
3243
3209
722
970
534
282
646
2683
768
2906
2957
2319
3017
56
2702
2408
1098
3041
2584
1101
795
835
2264
1063
1384
2207
295
1379
1824
656
316
1359
554
2585
2514
1493
2843
564
841
656
2617
3279
2481
2274
2238
3094
269
2631
2009
1490
2178
2727
1770
2762
1612
2461
1270
341
2468
1089
3125
453
921
274
648
1061
1879
2915
1763
2495
599
1079
2432
1808
2247
2565
2539
1478
279
3267
1706
44
878
335
1356
3292
2880
3074
2315
3187
901
539
1871
1773
2051
2048
1547
2777
95
1143
814
1972
1967
37
1835
2348
2309
1597
1319
682
2680
701
1345
1343
2243
1263
725
1074
2051
1729
1303
1208
2400
1649
1521
1065
1232
1598
1165
43
3176
289
1580
1288
2993
79
670
887
2992
3008
2814
2214
1443
1947
3272
1050
3104
714
2093
2206
424
2792
2926
988
1237
849
497
2576
2278
2534
906
3026
2757
1334
533
1124
2566
485
1087
2680
441
412
841
681
2450
2230
2958
389
1573
58
1222
612
3237
2102
2583
44
3100
2320
844
570
1352
544
29
2668
1484
405
928
1857
2330
1532
310
476
222
2809
1381
3124
2604
2393
2341
64
954
3201
1595
3197
1714
2855
2551
1875
1892
2615
1957
239
285
2777
2900
1383
1723
2411
528
671
50
517
1390
2788
1901
2324
297
744
2265
1598
3096
1624
3206
224
175
412
2396
3041
2850
748
3269
687
1005
1302
838
1653
199
2190
566
2664
2874
544
650
1345
3068
2671
2718
316
1707
154
2450
141
2799
759
2316
1844
600
1245
3055
2019
1881
444
2475
1333
872
1001
2813
2120
3039
324
2054
1320
3048
2114
385
2232
2979
229
1727
1112
2690
1481
422
29
1043
1304
2290
2322
103
768
86
789
1714
2016
3139
994
1799
2651
79
321
2889
1053
1239
2432
2724
2179
1875
648
2178
2051
2623
1133
2243
3041
1316
1986
1443
541
1396
229
1061
305
183
2204
563
2962
1484
995
1922
76
2514
142
1180
2211
2782
3030
2147
1729
735
2132
2855
1465
2503
866
1144
2979
2413
27
3001
423
1017
373
1201
2065
492
2286
2019
2953
2404
2352
212
1953
486
3012
750
2123
2781
2137
3150
2292
1335
2715
3220
2554
1109
1513
1721
2817
3037
645
1970
1507
18
482
1277
1061
1924
2255
360
267
429
3297
1596
981
2900
1665
704
3157
2119
2755
2591
1547
2253
1971
2538
683
1850
2095
57
3296
1820
3033
2422
2479
1691
2383
742
2454
931
2777
2162
807
3051
2623
2590
1940
280
159
1886
2119
1174
1770
444
801
130
1928
3051
1511
2422
1561
1299
1820
2430
805
2556
1110
1163
255
2649
1502
343
1480
3140
2873
2675
770
1814
2866
158
896
1743
18
34
1576
1876
2236
3022
1362
396
1391
3031
1936
2910
2036
1752
2146
1892
486
1226
2091
945
2466
2489
804
1838
1687
325
319
968
2459
309
2426
1629
3230
1855
1942
2137
1288
1019
774
361
2273
3192
2628
2846
2685
844
2114
3108
2964
870
2733
2537
507
1043
482
1303
942
1750
1012
588
3239
3209
1519
45
823
3259
1923
2960
1069
2771
671
1416
2341
239
2548
1904
908
342
1695
3135
2321
1740
1831
3148
2011
606
2237
163
1810
2647
13
1776
1741
931
2028
1988
1936
2890
2017
10
1166
249
585
987
3017
1426
195
1672
2234
2433
1032
1075
549
2825
2332
1625
3290
1397
1565
1205
2781
2327
1564
2253
1537
736
157
130
1377
1258
1010
420
49
2029
532
1829
2994
3242
3278
3141
1633
240
2131
2894
2341
1961
2384
366
1202
1816
2293
274
2522
3091
1962
1959
1972
405
422
1685
2973
3244
1817
514
2185
2640
3025
2197
1811
1789
486
2846
2486
71
2811
424
837
1183
1349
3220
3149
2218
522
348
3136
1804
2204
390
1096
1016
2087
1369
3255
2173
305
1735
3196
2711
2178
2435
2217
1917
559
2023
134
2695
1194
2673
874
2920
773
2955
730
2001
3164
173
216
2641
1489
3132
277
3274
676
2312
854
2330
3127
2145
491
2148
2064
1611
2677
1371
1420
2809
2361
356
1979
1014
728
1822
3283
230
1664
753
242
1294
2902
3016
2498
1682
2140
882
3282
578
1225
2622
1349
2926
1422
1378
420
1548
1494
3000
2612
905
495
965
291
2761
1037
1541
377
1427
769
2049
2126
1772
1561
1409
903
1087
2287
3239
1036
3152
615
1500
2862
2433
790
3053
2563
1463
1007
277
1322
2820
2658
2587
2058
1897
3287
1681
950
2582
666
2604
3108
2911
3193
343
1430
1387
2005
98
2787
2585
2672
751
2670
1321
1474
1364
1153
25
2873
1272
1683
721
2615
380
1280
1848
15
2393
2260
1034
1298
2609
770
78
3165
2721
2294
3287
2631
1864
421
2901
488
918
84
2886
573
2060
1660
1441
2688
1380
1813
1217
938
1961
3179
689
277
1026
3104
2457
632
936
1389
2082
2282
833
33
3298
474
2967
1303
2119
1729
2506
2320
15
2810
1250
1490
2086
2523
393
2093
421
1325
3296
1142
2626
950
834
194
2988
352
262
357
1264
1413
733
687
2332
3076
1816
1439
2022
1998
1226
1469
3182
791
1886
2116
2419
503
266
2793
1792
329
1939
1111
1151
2858
774
2313
1664
896
3296
2866
1601
1682
2843
1266
706
2970
524
2826
794
894
1873
313
1887
386
148
2152
765
538
2255
2837
2871
1660
387
1589
1438
2281
1672
2411
2379
3157
434
148
426
1744
1662
1542
558
1764
1922
1506
2989
277
1029
1066
1872
804
1371
1268
29
3134
2788
2440
2686
472
3198
1738
994
305
2821
2202
91
2281
1473
902
2844
1463
392
3011
1163
2327
1389
185
348
985
2698
861
1151
3180
1657
1108
311
1219
2500
2643
3180
139
585
2390
2325
500
1744
2084
2476
1172
2846
2259
547
2500
747
3176
504
3068
2717
2025
661
2877
152
1718
961
1961
1991
191
253
552
3034
2198
1162
2493
538
1300
1943
2949
2242
3008
3115
294
527
1204
3042
320
1105
2129
1654
1517
712
542
1184
2628
88
3022
1231
1501
736
3060
2173
1760
635
110
1742
2158
2841
1123
922
1108
2102
1638
173
1468
1666
1305
2428
911
856
2121
1347
2567
2826
1317
1316
2543
1083
976
2091
1461
196
2232
737
3269
758
2097
360
1471
713
347
957
108
1084
2575
210
750
1753
3073
1921
1769
1664
1392
65
1305
2787
405
2099
699
3189
2735
1382
2181
2014
1432
2284
405
1654
2858
725
2183
373
1489
1446
732
2935
1747
612
1027
2245
2952
649
2650
281
2119
2979
1468
1877
2123
226
598
640
1268
2179
220
2622
3293
2872
1542
3027
55
1216
874
724
2264
646
2890
2787
1848
1934
1405
1615
1675
2897
1297
92
2036
2513
1261
412
2736
175
3189
1392
1547
1646
61
2173
1192
497
1715
997
492
2367
2476
229
2788
210
2184
743
1439
500
1493
372
3091
2186
151
2444
1587
3049
1593
1947
258
2446
3083
2000
2858
401
2173
1370
1940
3009
133
1235
1980
3174
1129
1010
2020
1932
1800
1402
2722
527
2515
640
209
2179
2902
2696
1699
496
2518
68
1158
134
1648
1224
1531
596
2785
2749
1714
556
3031
1337
718
2995
997
2666
1436
71
534
2289
130
1885
165
2952
140
2353
1990
2941
1977
2843
344
620
199
1295
2790
1908
895
2833
3071
1692
2074
3178
1961
1836
110
2774
2756
2102
1806
2432
31
675
1644
2622
3253
1865
3188
2736
1628
1440
599
2301
2283
180
2198
2907
403
2132
2210
3155
1944
257
1151
1231
2865
2355
2156
2264
917
694
407
1285
2205
2414
2458
2087
1014
2909
1187
2627
2586
1145
191
1013
1052
1053
2085
143
1755
908
2420
1022
1830
464
1164
640
340
1682
2121
1514
969
1153
2484
1715
993
227
3098
2288
627
801
3179
2419
2666
2336
1149
3190
376
282
2240
195
1304
26
2126
2413
2742
2236
1952
2638
2592
726
34
223
1217
3111
819
3172
1792
219
2108
1755
2198
477
1841
3148
2915
3136
1380
1165
1454
2001
23
2439
1138
3125
1614
1092
2023
204
1058
387
3100
1649
327
326
1874
971
1609
2825
2681
1188
2797
882
121
813
554
3114
942
1851
268
2257
570
1829
889
429
2553
3161
3259
2499
1801
1095
2082
2515
464
293
880
2902
710
1939
1625
143
310
2236
405
3165
718
743
2837
552
2810
478
1114
1469
2085
390
187
1138
2036
1248
2302
1107
2071
3054
2563
192
833
2122
490
854
2895
167
1905
1446
1646
1808
215
104
581
779
1125
500
2739
2114
621
2380
1342
1504
538
2856
821
1951
2525
2327
2193
1480
1370
1868
3020
766
307
2327
1257
2767
2060
633
1928
2736
1422
3243
1573
888
361
1939
578
994
2825
904
2169
3025
1247
2712
3022
2104
2203
2318
1498
1278
2196
2585
2149
2999
2830
2221
3086
1439
1268
2126
65
2798
287
568
1330
1033
2220
298
1548
803
559
2325
2295
3135
1259
1970
3231
2406
2140
322
588
1584
595
599
969
1248
1159
1117
1364
2090
1909
247
451
608
2517
208
3087
369
434
2045
2962
241
341
417
2098
792
2766
2642
710
2405
1950
513
1952
3081
2907
1154
2560
3223
1813
2618
647
14
2264
319
556
1369
2685
559
532
452
2760
1762
1709
646
1984
2752
1084
2675
647
1747
3019
1089
2510
3200
1913
1094
2225
2718
1473
1402
2406
514
3241
668
2270
57
1134
3134
2248
3174
2213
1750
2918
3226
1403
1280
2433
1664
2746
2451
3122
1826
2153
2435
3170
2303
1027
1061
2846
3173
26
1737
2776
442
153
99
1926
248
829
1168
2302
1075
1366
2567
1976
722
652
2962
2865
3217
2052
2132
355
1111
1556
3004
1757
2664
2665
2213
53
2911
406
3028
2108
1968
2430
3180
3055
501
948
420
3254
1902
2785
2123
2725
334
286
1535
1790
1534
922
1207
321
204
696
1396
2031
2230
1729
1092
2509
987
3224
1283
2971
2366
271
1653
2692
2834
3093
1291
678
984
2097
2752
2158
467
150
2150
2992
2889
2721
1503
167
1386
707
2728
1338
1967
666
1425
822
2871
2155
673
350
711
2887
2564
337
2569
1383
1895
2051
641
2881
2136
1514
1789
328
1832
2777
1759
702
3238
1465
2141
2762
1733
2088
1842
2464
1949
1812
2640
181
2856
224
48
196
26
159
2751
31
2957
83
204
2905
1190
691
1714
7
697
1983
1849
2166
1489
1191
1100
1156
897
2100
1076
177
2448
891
624
392
1240
3205
1967
2629
758
1411
2906
264
1825
1142
2640
1006
658
2239
1634
1519
2429
1695
557
744
2992
269
3254
1882
2421
1929
3178
1918
1429
1550
1101
2709
1111
1893
2199
164
2040
756
1449
1423
2290
2035
2560
1239
1708
2597
2852
1080
3230
2174
2371
1014
2707
128
1716
1979
961
2101
600
1523
790
3231
757
1078
3187
1626
477
1834
1540
306
1409
1364
409
840
3179
1509
760
654
3134
2185
992
761
185
2361
2366
2942
3
1931
1990
2252
325
2298
694
1905
1703
2557
2538
2391
1390
1527
232
541
3098
149
2194
699
3238
1554
2937
812
3038
1336
148
587
764
661
1128
3078
845
1938
3146
1289
2941
3112
1237
3011
2270
388
1754
3009
2341
2204
967
2828
1825
1805
739
2113
2898
1346
409
581
2481
2149
3267
3155
2431
1219
1249
224
1795
1625
2594
2120
941
3266
1485
1007
1238
2375
1695
463
2031
2554
954
3167
3294
1539
3174
1507
461
913
89
1640
183
3271
765
1338
2791
390
1835
983
2966
3087
3168
432
2068
2860
3299
2563
1028
2699
89
988
2000
2638
3127
2264
1307
1258
2826
31
2039
688
232
2576
2454
1260
542
1164
3193
2056
2695
1162
2109
300
1649
963
1737
1243
2840
241
2127
1111
2744
1205
346
1600
2353
1203
1648
1097
1533
400
1824
2017
2629
999
3099
585
3282
371
2058
2443
1561
2299
2652
1
320
101
1548
1781
1107
2422
3276
599
2091
2087
1783
3092
2073
864
907
2545
921
3173
1458
3078
1237
1377
1788
2871
1396
2840
1121
2953
3218
603
2264
466
324
1098
489
2844
1773
368
2886
384
2302
2653
1096
1779
2791
3127
1464
656
769
1338
1676
1749
885
1331
3034
2291
996
1843
2794
3154
1973
2529
1974
72
1043
2587
1748
2138
515
2719
1530
2946
2015
1642
2021
2378
661
2929
1879
1306
1905
529
531
2814
391
3225
2472
233
2150
2083
2754
2708
3100
1577
1257
2424
2079
1308
2510
2232
1873
1654
3027
2892
2581
1149
422
298
2436
2067
165
1857
1478
1961
1768
2075
2650
2129
686
459
2989
1986
831
73
265
2245
1802
2869
397
1180
471
1829
1886
3042
2529
1759
87
2318
2164
1826
839
351
2284
2307
544
2997
339
1388
3299
1585
884
305
428
1248
1062
1181
473
2802
3202
1193
1747
2467
2583
2923
3058
2168
2618
674
1606
1240
3247
2057
2497
590
2349
151
1970
907
1306
7
2403
432
2755
3190
1252
1815
1631
1281
269
3161
1674
3155
115
1991
1018
2413
1532
1243
2623
1449
1828
1886
2113
2372
1929
1930
644
1788
222
234
434
2877
1883
2748
486
948
1033
1957
1343
162
2993
2801
2385
2382
446
2197
2737
1656
1668
794
2477
1631
1075
3268
2515
180
1835
3097
2391
1251
1640
3149
969
69
126
2394
3008
2689
1771
1575
894
1858
2095
1421
1652
1083
2366
2196
578
2167
3036
2743
839
768
334
1745
2419
848
1509
153
1058
1173
2617
165
2853
1680
1230
22
2222
1179
2764
3103
2676
1170
967
2842
873
190
937
595
923
2073
615
2279
500
1300
1560
2459
569
2503
2595
2460
659
3093
667
3058
771
1742
1777
1025
1809
203
2239
3272
2902
492
1082
2696
2693
2441
1774
2598
2469
1174
2600
846
2801
2993
803
2740
2254
1270
1988
1125
166
653
1069
197
3219
2347
974
1911
2281
2449
1485
1137
1235
2609
759
1721
1362
881
845
1228
1401
2871
138
1271
58
2895
3075
2494
891
3276
2678
2007
1654
2326
565
376
1565
358
1656
1213
2142
975
34
2518
1498
958
1070
2485
2620
3185
875
1954
2766
800
2148
3018
38
593
2249
1288
1634
363
2996
3167
1766
2604
2942
455
1679
1643
2449
1177
363
930
2217
1064
2568
1422
1525
1106
862
2352
561
589
2713
3080
2752
2390
1213
2842
839
1152
3002
161
360
757
1678
2013
320
1477
1329
40
9
1287
336
1416
2689
3236
1736
2261
1256
224
1709
2471
1659
1451
1700
1772
1266
756
3139
1008
2794
1799
758
2485
1993
2069
3266
1268
1880
2334
894
1735
413
2732
3115
3037
2236
866
2268
2340
1296
818
615
1797
2649
618
777
2505
1824
2273
169
270
1702
1081
1216
677
2166
2207
30
509
1163
3222
275
1366
161
816
1126
2040
1802
2251
2798
3200
2825
473
560
2113
3182
2288
3155
2063
2210
3276
2262
102
362
354
1394
2133
3259
2006
1160
2009
644
2278
975
1004
3123
1489
2034
2892
1806
2576
1532
1717
2451
1684
2220
1313
2004
1431
1617
2939
246
585
3013
3008
2201
2426
2584
679
1001
1622
1153
1876
22
1768
1241
1275
1964
3084
1506
581
594
2352
2636
1645
3087
3063
2982
603
3233
3298
2201
2301
393
51
2934
2124
2409
2959
1215
2996
3040
2361
2189
1466
1312
2855
267
1930
1350
2906
3224
1521
2545
2915
2320
71
295
2531
1239
1854
2158
3181
2051
2952
2575
2265
2362
1323
920
2532
431
92
36
2633
1495
2904
1447
971
2982
914
1544
1307
2648
753
412
994
2213
2298
1547
884
1674
1883
588
2863
1404
2840
495
2109
3044
53
2668
1061
2383
1438
2567
3238
1422
1318
724
1679
3275
964
1488
1987
836
2686
991
3028
1618
1888
2278
2391
1583
1134
2918
1877
102
1746
1249
2564
2925
385
171
1385
1844
3032
2262
2244