1204
2914
2877
2828
3230
5826
8294
6162
4386
8172
976
4548
237
665
2929
2088
7905
5117
3899
3441
2237
5846
3774
132
5967
5433
3503
7209
6715
7180
6969
8381
6533
7088
6669
4629
3214
7049
3443
2592
6392
243
4222
708
7711
7013
2629
2247
7145
204
784
7140
750
2570
5733
147
7939
3917
3734
5618
2752
5256
1158
1812
2950
7745
2568
749
3975
6887
3233
336
3496
1766
2157
1142
1380
7267
2695
3882
3836
933
8588
6069
46
1917
5609
4565
7220
1488
6507
7254
892
3788
2677
3370
4673
7724
5841
2987
7618
5205
4136
3563
3909
6339
6993
5962
1902
6936
6575
5958
96
5537
906
7992
3958
4608
6707
2724
5714
7143
7559
6726
6820
7860
4807
2125
3086
8185
7846
2184
5
4227
4161
25
8273
4159
1396
1688
1064
4615
5836
3023
4237
5996
3783
56
2951
3502
5148
6315
7986
8349
4144
8342
3470
4218
3741
7565
2635
4901
5077
737
5404
4101
3934
1192
7051
8157
3010
1796
4939
4971
3626
2562
1538
4091
6552
4793
5792
6745
3485
5912
5068
5692
8250
320
8137
4352
7139
3284
4933
4154
3994
4653
146
6730
7492
715
342
6040
7630
4675
2294
8128
7488
1962
127
7383
7380
5465
8364
6347
4985
8428
4911
1709
6514
2915
2823
913
8161
1264
2163
4744
5421
8174
8599
8524
846
7180
2380
255
461
1992
3312
6251
6814
4702
4069
383
6235
1512
6905
5891
3119
6516
3898
1708
6388
8567
5662
778
1820
6370
5790
4903
442
2670
3011
236
4434
5252
3749
387
3774
5838
2835
119
6987
7473
2536
900
7882
7587
7165
7001
3400
7108
459
6445
4275
8561
3339
3313
7762
7340
4683
1022
1645
5865
2742
4480
5196
5570
4733
4409
6817
2101
3588
6952
6422
2002
6343
1506
2694
7697
4271
4171
315
959
1506
4748
1559
7337
7197
3486
6242
1488
2068
1138
8532
5245
2454
7164
5655
1990
1456
7637
7264
4291
5551
6555
4717
7072
3171
5802
275
4000
5808
7638
614
3409
95
4433
529
6673
3059
727
2492
4328
3892
7376
7482
6508
2360
7746
912
4020
932
3213
1867
4178
150
731
6462
7136
6620
2698
5250
4967
5108
4598
3375
7557
538
1832
7652
2800
8397
5823
5895
6098
7084
5631
3615
1067
3905
404
2049
7384
3742
5663
5248
6935
4943
540
2123
2731
4023
6457
6323
1870
5991
3186
778
5525
5091
7096
8500
3915
6566
2555
7720
326
5909
3486
4762
5303
3207
5639
2548
5109
3530
7485
3977
4426
4328
5284
5694
3086
2229
6542
4911
6146
6742
4330
2665
2666
7697
3783
842
4123
2916
4395
1474
2193
5868
7455
6370
2476
5870
7748
5515
6245
642
5522
6713
3042
7058
2147
7722
3654
6593
1800
7184
3879
1798
4134
7162
7459
4958
7945
2536
877
3075
8084
3623
5978
47
8314
7377
5500
1305
6052
3039
6219
2507
2373
6171
687
8237
7716
519
139
7600
7204
735
3957
1577
4462
4821
6708
6261
2244
8266
7842
3183
6826
1606
5205
5225
7891
8543
6243
7554
983
7395
4393
7337
7196
7766
4889
2301
669
4637
4372
5221
5482
2958
104
1413
7981
8282
2122
814
5836
447
7952
4144
126
333
4737
5734
468
2678
413
6564
1655
2554
3810
4089
558
5377
6391
4359
7033
7700
808
5187
416
8331
4262
3226
5672
5979
4082
323
685
778
5306
8585
1997
992
6713
1033
1712
2695
5168
6069
1839
5209
557
6015
3943
8574
6843
672
6363
5993
8065
1442
2344
1978
8145
7890
3962
1278
6757
1208
7916
3597
5379
1697
3009
534
4493
1781
6322
935
7269
2719
4095
6017
4133
5511
7301
7
5541
7650
5953
417
5453
5865
173
6981
7377
7073
3542
4477
3298
3774
4131
8170
6477
5033
226
7004
4795
1788
4203
7716
5129
4344
5096
720
7460
590
1031
8386
4570
7135
7282
173
3781
5631
4781
1953
3739
7796
3328
7113
7679
2723
1601
3095
8300
1494
5788
8032
1522
2656
3238
5142
7869
1200
31
2840
7932
227
6110
5418
4502
1521
5376
7015
8018
7258
4352
4418
4721
3258
1695
2800
6043
7471
7133
6164
5579
5811
2208
7985
2165
8363
1779
5025
4344
2569
1902
5965
7633
6584
1454
8292
1365
8397
4206
6088
2882
4420
2363
5891
8437
7935
2601
6090
6944
5060
7104
3013
5524
6870
2028
859
3014
7860
6225
1438
2499
1180
8178
4743
2840
2142
8461
6004
4966
8520
660
6021
7848
6138
2606
5041
6196
7813
8342
4632
1739
4562
8121
485
5660
5602
6701
3328
8174
129
7503
3580
2887
2882
7206
111
5454
1669
8483
6137
6891
2942
6912
1590
3040
443
7851
4688
7835
2382
5172
6543
217
2979
5837
5070
3333
8315
3006
5884
3652
5729
6127
8488
215
6099
24
4626
8084
6445
6785
2534
2325
3155
4212
3578
7254
5832
7350
6477
432
4695
6638
4286
7789
6603
7805
3933
3105
6900
864
2975
5472
5246
6619
903
2962
4292
1945
7466
3360
7334
845
8001
3238
3762
6539
796
784
1335
6234
8386
7210
4499
2797
1103
3599
2198
5257
3370
2894
6324
7781
862
4612
2455
1632
4007
1138
982
4960
7229
3454
4277
5767
6021
6987
3313
1818
7560
4100
5937
2669
2988
1926
6892
2646
930
3025
2116
7936
434
6781
5311
3386
5396
3624
1220
3851
4564
1691
6230
3439
548
1505
2124
6761
3048
6848
5940
5754
1656
6639
5011
37
5608
3663
3163
641
5165
2652
2157
331
8160
2516
3975
2215
1306
5457
1286
3824
7025
2679
3138
817
580
192
8172
3269
1769
701
5972
2806
6613
6601
8422
637
5186
4927
7097
6805
5943
6142
5866
6950
5091
5416
7341
4605
1725
4537
3263
2095
5004
7949
4122
1860
5698
926
5669
6904
1669
8598
3112
2292
7759
437
953
5222
6612
6729
420
5515
6997
6589
6330
5311
2623
7110
5485
1539
2611
1161
4205
3967
3326
5334
6879
7278
8510
4430
8414
2058
4745
7843
4085
4676
569
3920
2816
562
6588
4987
5101
1549
2797
7042
3522
326
358
7478
3189
2552
7128
4064
4236
5865
7927
1768
4385
8282
4585
4680
6663
4276
754
3677
8021
6692
5558
4565
5495
4156
2006
2666
4401
4532
2776
3080
6433
8328
4092
895
6143
6661
3504
8320
884
4258
2437
905
3030
1198
5997
7501
7074
7510
1938
3252
4673
3980
2056
349
1426
7877
7041
452
3908
3894
3736
2434
7860
1789
742
2341
2126
2408
5340
3792
8083
4483
7935
6455
1918
2377
882
6923
2060
6308
3681
3957
6602
5986
7278
398
3347
3626
7702
4482
7155
4628
1969
6188
1222
8298
577
1946
7263
7729
1310
699
2416
3286
3009
6320
4864
6623
8303
1517
5591
1963
4409
1785
4183
56
4125
6165
6646
7324
7838
1618
5972
5217
6854
6028
7574
99
2756
716
613
1167
3647
7118
1774
2679
7652
3057
5560
4024
939
7529
7151
7512
7695
2574
3952
6270
4710
595
6346
6403
5948
6092
4832
4312
4449
8548
2303
2854
7658
3587
8318
2331
7500
5911
370
5295
7551
181
1773
2972
4004
4130
4356
6762
7571
3783
1531
4623
4271
3798
8510
5521
4179
6023
4902
4522
890
46
7779
2717
4046
4672
7816
1959
1318
7355
5942
4346
7200
2701
6730
7551
2650
6546
5216
3469
1010
6784
875
936
1324
1923
2421
6115
840
8269
4959
8000
5825
5060
5582
4313
8595
4351
2527
4948
4632
662
325
8337
1580
613
7921
6982
3685
2462
8507
5383
1398
7850
8498
7576
3231
4827
980
7479
3276
4107
700
8092
514
7070
3264
8516
4633
6869
7283
7720
8459
2789
4013
3841
6024
252
1799
4898
414
6171
828
6113
7043
6666
5900
6273
3542
6570
2557
3857
6438
535
6041
434
2373
5480
41
4591
2673
1209
867
5802
513
1367
5269
213
1348
3917
3842
2731
730
5313
6918
4826
1582
8105
3759
8375
5981
7231
4445
3453
6684
2466
8565
4830
972
1278
6319
1796
6723
1699
3009
1339
6170
5453
4942
3346
7056
4053
2788
3833
8228
7267
6461
1587
836
4436
6205
2408
5050
3072
5669
8472
1544
6354
3464
1343
4286
1463
7464
3968
6461
942
7107
4411
8346
8550
4554
796
7969
5379
1966
223
4282
5994
3562
5289
2175
6308
4167
741
6352
838
8513
3630
2115
2951
7749
7907
6315
8211
6779
2175
846
829
751
1043
4114
7990
2445
2305
4184
4887
3122
2453
1170
5184
6663
7991
8389
832
1602
2757
5817
587
4376
5917
6142
725
6231
29
3903
983
6073
7995
5331
81
1198
6449
7783
3755
5859
733
8396
8075
785
6383
6581
3330
577
5831
4644
648
558
8004
2871
1031
5810
6032
288
4613
3225
1290
237
6316
4092
6017
2782
4583
5352
5273
4800
717
753
5505
6312
7158
7937
1573
974
658
2944
6700
3584
6413
5327
1598
1250
1735
33
4987
893
397
283
7550
6377
3272
7196
1054
803
7715
1786
926
5092
7321
6917
3239
6881
2680
4903
1825
8377
5958
355
8312
7957
5776
6427
281
1011
2959
1945
2212
4382
7909
449
5946
2174
938
6749
7856
3949
3417
1870
1275
4110
910
5950
4972
2875
5885
7619
2315
1248
6783
4564
2211
4836
2455
6397
284
5035
1898
1511
2404
7023
6759
2700
8300
65
5998
6930
1145
2766
3793
8287
8337
3912
6730
6185
5642
4894
6648
2297
3278
514
1836
1477
3339
4320
7763
3522
344
7666
7711
3133
2305
2403
5713
6152
7409
1931
3140
5265
1340
7622
4743
6498
4253
4882
6605
6676
3173
7542
2982
3431
2608
339
166
8293
3717
7738
456
4638
6323
4512
5545
4789
4926
1813
8241
480
3062
1469
95
4013
4381
4744
1701
5378
3155
587
2293
5335
1226
7135
5474
8417
1394
7978
1012
3618
2293
5789
5982
6954
5819
6486
619
6136
2639
4590
4921
6625
2583
398
380
6706
715
8278
4518
2729
4532
8492
238
262
4296
4064
2768
8457
5912
7874
8557
2687
8051
5516
1377
5700
1349
3411
8173
5458
8481
2676
5946
655
5685
6451
2557
1869
6451
2436
5312
803
1635
2245
4399
5730
664
2562
4379
1894
3733
950
5432
3761
4388
6344
2429
606
3718
7491
1315
3298
4771
2177
4946
2316
6066
7337
4056
1871
6440
425
2617
763
6782
8498
3515
8147
380
7183
2362
1993
5085
3756
7102
7704
7552
693
5081
415
4831
2179
2489
1002
7238
1493
4550
3419
1606
8354
5103
4313
5984
4072
6589
6794
2878
1742
5720
7118
1050
3691
1298
7574
119
2881
2093
1304
7255
6163
3977
5039
7915
1053
3266
5851
4553
8401
5586
2546
5362
4429
2444
6324
5987
684
2977
7026
2499
4959
4549
7596
1183
1715
2373
2458
6031
4341
7890
6072
3209
3447
1491
6892
5472
2699
7967
4220
6339
1464
6130
1165
2387
2246
2567
8107
5410
6399
5481
4798
4599
1655
531
6465
3309
4198
1614
6264
8586
1480
7062
8509
5110
2017
4012
5114
2759
1591
819
1023
5668
2073
1161
8576
1477
3564
7830
3042
3177
7899
5896
3138
2776
2327
3257
3440
5636
1231
1882
7730
1898
164
5986
6534
752
6990
2300
3860
8472
1406
3943
3370
7520
515
6136
5805
4862
2039
1730
8005
4959
6767
5964
2822
7299
2950
2402
2574
8438
148
8081
3862
2218
5435
6885
5493
7602
8514
2884
7956
8261
7685
8496
7919
1463
3040
569
3089
8122
2898
7283
2674
4984
2892
5367
6577
3764
6819
3355
2845
8049
3590
7023
4182
5159
7532
8009
5707
7530
6408
2010
2630
412
3948
7006
5853
4776
2658
6790
3332
3085
3230
2130
1516
917
3125
2565
795
5189
3616
6897
271
6261
2216
70
83
3746
730
7821
8229
3054
7693
1705
3596
5687
2622
6651
4542
4856
3824
2703
2336
4609
4449
7222
7031
284
1699
6605
7685
4870
5714
3237
1027
4295
4100
7434
432
237
7246
7212
2054
6585
2162
7030
2949
4871
4403
6283
4914
798
1080
6526
4749
1004
8238
2760
3786
6695
7996
1917
4310
7088
2383
5971
3002
5033
2058
6256
7263
2418
3307
4965
8515
1011
3004
6820
3808
6026
443
1645
4606
2871
1328
1202
2085
1830
7890
1258
1011
313
3723
6355
2574
1020
7891
4050
6606
6775
526
2376
2876
993
179
3746
2187
3303
6111
3353
1691
4240
1869
8119
2559
5536
5153
6426
7689
611
2304
5429
3717
7410
8272
1623
4447
4272
7437
7528
3056
2666
3148
5879
6578
1639
7361
145
7315
1203
3315
5864
4715
3272
8507
7227
2895
102
2068
6403
3934
3395
6974
1586
5297
2394
8509
5015
2691
4320
8055
7753
3817
1441
7424
5754
1195
4317
8452
2376
854
1371
3659
4593
922
5689
3701
4839
6936
3354
1153
1345
7596
3110
464
5230
444
5723
1770
4970
7179
1846
7713
409
6082
8285
3315
1415
4073
1275
2066
6766
8334
4564
8453
5006
7851
8554
162
71
4400
3184
795
1815
7470
203
7042
1636
5868
6624
6061
1724
8543
8154
2000
845
2969
8131
4891
4573
3770
4645
1734
7076
5559
3681
2782
2933
6549
2333
7036
2124
6970
4596
6336
3090
1963
4907
425
1181
3966
7386
5395
2401
117
7133
2019
5050
3797
1137
1207
356
5394
6396
3816
7993
1555
3378
1205
5223
8119
6107
8508
3811
6169
8229
840
7461
8293
2861
6650
8385
2272
993
6983
6521
1177
5918
3735
5228
1935
2490
270
5080
8141
7391
5365
8504
3981
7494
1096
7198
3377
7664
3648
7334
2136
1200
2684
547
1690
3584
6996
1892
1428
6438
7042
2153
3006
4101
7451
4045
4373
7950
7034
8236
6075
6126
251
7257
5282
2549
3005
4469
2707
1384
1260
6201
3817
4441
335
2955
4063
5488
583
4353
2196
3486
7895
6825
7620
3366
8242
1737
1735
3435
3909
4195
8278
4004
7146
2819
6279
3786
4570
3876
4005
5090
4348
7908
2332
3467
1039
4748
4601
6778
7597
2817
18
8330
3177
8131
5117
2199
8310
4215
6685
5633
7497
8433
6844
3614
3138
2950
4091
1615
6518
4830
6576
3893
8385
4186
3620
6175
1583
286
2282
3653
5763
5016
8479
7506
7150
976
2951
4010
6949
7539
5105
7578
8571
4025
2093
1858
4144
3215
3324
7340
7192
3756
2289
2412
4994
6056
7158
2960
4766
243
2349
4788
5340
1761
6579
4610
7633
5252
7892
1074
8441
1349
8444
2186
1552
8167
4138
1715
8235
6528
4040
600
4311
3507
445
703
7399
1433
6472
7421
454
5822
7133
1114
6168
2138
4922
3641
5163
6479
2323
2518
2153
1230
4286
1768
3282
2436
7733
499
8379
3522
5740
6641
4043
5031
7879
967
5480
4966
6547
6886
5302
3190
6438
5284
5843
2046
6735
4767
2978
1973
7741
6936
164
6982
6665
7402
6293
4830
744
4055
4927
2545
4681
1211
7491
2289
5870
6794
2825
6454
6341
7734
1839
7825
7462
5403
1291
1226
5456
8250
7116
1002
1788
4284
5490
7999
6020
6925
3630
1928
1777
3568
8386
5492
4565
6699
3487
7699
5753
2239
6068
4337
1116
6787
4136
1764
1767
5250
4941
4719
3846
946
7980
6787
1067
5597
8039
7442
2705
2982
3425
8214
6643
8057
7007
2397
997
3412
769
1981
1405
7669
7195
874
1095
5065
1043
2963
7070
3170
4107
8521
7549
242
1354
5172
5723
2149
7275
2475
3482
302
8444
2513
7842
3155
1552
5241
3230
7998
4479
6676
8443
5603
5168
236
397
3961
8060
4798
3063
922
7410
1893
1220
3683
6770
6530
8482
4602
8514
4618
5803
888
7968
2339
6181
5053
6566
4575
7908
7333
7961
657
1222
8027
6456
3623
129
3516
3364
3165
3324
2121
1402
2663
212
4962
6137
6281
2283
3808
6210
769
7886
459
7980
4209
7786
8377
4257
5981
330
4757
161
1082
1010
4330
6756
6057
4690
7121
6326
714
2649
5922
3810
1190
7376
5730
4618
1201
4402
1097
4061
195
5054
4776
4039
424
4060
6465
4054
5495
6289
2909
8385
8237
4729
4649
3967
5253
3565
7028
6863
715
1182
2640
3508
3348
5228
1269
6690
6155
5575
6244
6997
5437
2843
2365
1113
814
6728
1406
742
3581
2035
4938
3241
3140
2293
5755
2083
2550
7131
3329
6141
5801
7434
958
1779
7680
6013
1635
7044
7369
905
2344
6606
2217
3669
1263
3192
7190
4800
3453
6325
1306
5755
2341
4983
61
6887
8006
5228
8364
8155
6505
7251
3627
1168
6700
6404
3715
1988
5804
5719
7664
3451
1605
5010
3720
524
5359
1580
684
285
348
424
7266
3516
7033
6171
1423
4805
793
4138
6806
7619
2602
2177
3580
8470
87
671
7165
4563
5138
1349
7422
423
4161
4351
332
7275
7179
3262
1113
2435
763
2067
442
3641
5321
5282
8192
4116
6562
4629
6428
730
8049
2036
6031
3302
6793
3881
7077
3534
7985
7700
7961
8293
5123
6619
1180
7578
5797
7361
6339
7902
2112
1528
2040
6909
176
3448
3216
8218
1302
4710
2143
2309
7098
6210
3821
4266
3234
4643
7681
4467
8580
1717
4111
7480
1910
3898
5265
7913
2366
5142
1635
2340
2417
8096
4760
6903
7816
8214
6586
4856
1444
7121
6830
313
1962
4294
4793
6013
6174
1769
2268
3987
8053
331
2218
8205
406
709
6887
5086
7130
2797
3230
332
2530
3961
2465
4201
6024
1594
5200
6708
1917
900
2452
2135
7373
8368
669
4216
6438
1419
3886
5271
372
577
1383
1122
5341
8244
3310
1062
2433
3174
6337
5757
5078
8228
5532
3117
1416
2763
3011
5840
1679
4023
5663
3549
5542
6244
4901
6608
2838
3958
3886
4782
3938
2126
4050
2970
7967
2272
7454
3963
3182
2195
3889
7862
5452
7155
875
1680
3827
1341
3345
6075
3569
3369
5515
5682
3662
3739
4827
192
5111
1512
4068
2115
5241
1668
8086
2735
1203
7729
8216
6715
427
7653
5238
3715
5579
8504
2884
6820
4277
2010
4145
5317
3190
3469
3595
1283
2744
3096
6710
6393
7517
4971
7932
6639
7104
8213
416
4765
8188
4672
1292
2211
4066
1727
1537
3387
496
4945
1291
5001
5292
3556
1918
2045
4429
3520
7063
7576
2283
8117
3446
5220
7481
233
7820
7272
4695
836
5546
5940
2146
1875
7606
7197
6625
5035
4761
7377
8522
6309
4967
3515
5399
14
5077
7239
7545
1519
408
8088
7037
3496
4660
5232
2575
4841
267
7044
5024
8355
6650
7997
2325
7073
8303
4357
5708
4673
4999
4252
539
3698
4607
3903
447
6626
3642
7039
5505
147
2858
3582
4320
4158
7658
4437
345
1739
3710
3681
3433
4273
2712
1199
7222
1050
5782
5863
309
8481
8562
5575
2289
4796
4640
1402
1393
737
888
3604
1735
1225
2189
2900
8505
202
1288
413
2421
5980
5201
5804
7087
4649
5004
3688
7760
7716
3202
792
684
5453
7983
1893
2806
2763
7523
7286
8558
1359
1214
5323
4554
4722
1934
7066
5744
3461
7057
708
1016
1912
8575
1375
208
2079
1702
2672
7282
8045
1227
629
6605
6288
3451
6868
2979
4209
7477
8391
2770
3930
2260
2358
5853
217
6320
8208
2075
6089
385
688
7411
3943
2420
2765
3202
8202
3736
4755
4571
139
2721
5511
1320
4139
1963
4411
1742
8275
1139
8077
5649
7882
5517
3283
4453
3351
2950
868
1801
4455
8103
4516
7945
761
7285
1908
1051
3241
8517
5027
7149
6842
4415
1656
5883
7107
3068
1202
723
5516
3738
1175
4411
7196
3708
5054
6761
5602
1041
3441
1229
4135
1457
31
696
3129
5551
69
2257
7892
993
1073
4913
5428
7062
353
444
5340
2627
340
8022
4401
7561
5260
2476
4417
2063
7835
2281
6720
3948
7496
4365
4239
7157
3133
5292
2666
3745
7782
8452
2731
6706
5515
6206
6434
7249
4527
4432
6004
3788
773
8339
1653
6111
6483
1460
1463
7100
8551
2040
4333
583
4000
5506
2693
2454
2133
4959
547
2670
4613
7800
4748
3511
8277
631
3259
432
7000
5219
3340
3924
7404
7549
2474
8139
5746
8331
7972
5760
6101
5669
5633
6198
5154
4291
2949
2585
3364
1425
5526
4822
545
3127
6893
2984
8121
3095
6563
8541
1122
3985
198
6888
3749
5476
1039
6581
5176
1930
8048
5388
8214
4184
4886
2499
8452
6582
6826
5054
1041
6360
2245
2294
2478
2622
1125
1744
5452
5392
3211
3795
2792
5724
4582
1088
4989
1282
7802
2788
5484
8354
3225
520
2887
7323
5720
2438
6758
1286
6770
467
604
1927
5137
3166
7746
2867
4438
7802
459
299
7567
1612
1259
2304
1472
3045
7427
5684
8180
3792
4931
3316
3669
3353
6903
2737
3649
4898
7180
1184
7459
6444
5795
3008
5066
1024
86
4420
2073
8471
1312
5302
2400
1497
1606
107
4770
7348
4426
2686
4530
2994
7524
4129
5356
844
2060
6556
1306
5974
7296
2026
3792
4665
349
7140
486
7081
7226
7157
1312
5779
178
8252
213
6171
3128
2783
1931
7680
1915
6423
7436
2767
7048
2123
6192
672
5496
1927
753
7217
4573
8365
4932
6318
2917
4991
5157
2137
5304
5491
376
5487
2174
3028
5189
79
1673
5852
6097
7861
8246
3802
1689
2523
537
1525
2444
547
3069
7156
2887
8309
984
496
723
5443
8229
2485
5198
104
4593
4467
257
575
7934
4071
4469
6185
2568
3581
5828
5919
8043
5562
6350
1518
199
3789
5679
4838
3831
7290
7341
7630
5587
33
7348
8090
43
5896
828
8477
2256
6066
4416
3825
7235
4201
5657
1460
5270
8108
6243
379
3608
7899
4409
2869
768
4980
7933
4546
2883
1306
2602
3621
1503
6522
6728
365
3617
2537
5469
8342
3930
633
918
5232
2210
8011
475
1424
2391
5303
7020
4975
2018
3237
4095
3166
110
8314
2994
4730
7740
7478
2205
2836
2475
274
281
6033
7270
372
6752
6273
3443
8546
3779
7448
3582
3067
6805
125
225
7195
1968
1779
2184
6377
7187
7695
4378
4973
5782
7657
886
7336
2535
8366
2557
6185
6343
5794
4580
5166
6810
6004
1083
6742
1775
5500
736
3962
6271
2896
7278
7239
7172
581
7003
2105
1563
8496
6399
619
2357
6817
3557
8351
909
874
2533
6213
3308
5616
5543
3874
6351
2218
8510
4618
8367
7165
1477
223
3055
275
8466
6666
7588
3680
2852
7091
2813
583
1119
7740
8077
3466
3876
2932
806
5840
3055
8196
8526
7686
2489
3828
3936
4846
6585
2258
4980
2853
1772
5453
4543
18
7620
432
6627
1700
5831
130
2789
2436
3097
2020
1933
5755
3459
129
2929
8469
8011
2917
8086
4721
7375
3771
4812
10
5832
2453
6083
7066
7326
6731
1326
1252
158
6791
1003
5832
7941
5183
7169
7871
316
3169
6197
1862
2350
3641
6488
8517
4982
3076
3691
5397
6266
3451
7723
8578
10
4727
4829
1115
412
1970
2852
5648
1241
365
6718
1309
3663
5851
1749
2477
7991
4912
2649
7439
603
4536
3825
6477
998
6685
7464
5
6646
27
3993
2751
5604
4548
6560
347
7764
6046
1285
1907
2020
2131
5864
6958
2796
93
7802
4388
1275
7879
465
4193
7781
3946
6646
2011
978
4563
2594
4067
2063
5561
7124
3278
7164
2350
2148
8536
5797
4130
2025
7614
441
849
7180
6218
7731
1078
2779
1251
1838
6875
2742
4032
3771
3569
2065
5847
3327
1711
4465
7550
6210
6149
2490
6563
2990
2591
2081
1650
188
7209
3289
6222
4355
3565
1410
5113
238
2927
1334
2486
656
4896
4263
592
4605
6561
2615
5034
1352
4488
2040
2303
5820
3024
6241
7090
4059
8135
6467
4728
674
5443
1513
1816
7791
2481
7511
1503
4093
7639
1253
608
417
6404
5285
2058
5939
360
6500
3299
5036
5453
2704
65
6809
7339
1679
2888
7655
2178
5538
7730
6018
10
5041
3478
7305
8097
4907
238
1449
4900
2807
2494
7166
6027
1737
8382
5556
1840
1407
8492
7281
2393
4622
3337
991
1075
8471
4474
84
8000
2781
3724
2487
3728
6697
7599
3178
3589
1125
6822
4836
3383
1056
4811
3153
5033
5504
5181
4976
5086
4433
2522
5344
688
3610
5018
5329
3678
3359
3066
4076
6420
2183
1894
5737
5481
1544
1690
1719
8452
4418
4530
7740
7329
5505
1245
8302
4140
2079
3705
5286
7606
7459
7699
4893
5038
7535
1002
7824
426
2679
5173
5066
4676
8090
5959
5963
4061
6801
3132
3025
2508
2829
1001
3774
537
7177
3536
8499
7202
21
4309
2945
1318
1080
5217
8587
8002
4856
2475
5173
2493
320
7547
6882
5121
2080
6036
4627
5043
775
497
3684
7854
6153
6493
3766
2239
8032
2353
2870
7374
3105
3884
1140
4754
3844
7896
7957
7298
5490
135
3666
2638
6408
1290
3022
8210
7308
5788
7009
1161
92
4175
3812
3658
6991
4807
2695
4265
8328
1267
3414
3268
663
2775
2140
4911
7902
7222
8454
4151
7837
5380
3057
5583
711
7866
8052
8280
8191
4944
2029
1592
2476
4336
4271
5171
2254
3264
121
2107
1861
3036
6777
6374
3373
1533
4653
3349
7523
7754
7656
8059
262
838
6495
3595
2328
3104
4468
1617
5214
7198
1854
6502
3331
7408
1860
2621
4196
2834
7600
6458
7743
5684
3076
4201
2783
4255
780
5028
6643
5821
5323
2363
2778
3988
3871
5949
4222
3965
4988
7499
2543
177
6347
1690
5023
1010
7243
3783
4873
2955
8301
5115
7511
6158
4532
4738
4012
6080
1704
4870
4689
5778
2050
7914
2301
3784
3909
26
891
7924
2297
319
3159
2010
5729
5621
828
5529
7972
4001
6805
2746
4114
7323
5242
7005
1162
4305
8418
3920
6085
117
1917
6113
1605
5667
893
2389
5480
325
3358
4397
6233
7420
4297
3345
2208
162
4833
2870
7637
7534
1678
4036
7102
5369
1507
3637
7925
2853
6563
2844
2700
5111
5530
3634
7812
6850
4772
3495
3282
7067
625
4045
5940
6934
2968
1434
182
2771
7435
6354
1381
3887
3752
3125
6876
4260
6128
957
871
912
1455
2404
4698
4796
910
8082
2033
3106
3496
964
7291
3207
3249
5898
5931
8092
2979
2290
8050
5253
8340
3201
5358
8552
1061
4786
3798
5558
6437
1240
979
1025
487
6300
942
2671
7197
1264
407
2133
7967
1707
8294
578
5303
544
3038
6466
8143
780
3592
34
1794
7157
6859
1572
7602
1948
1732
7191
2102
6608
5859
7493
675
4216
7800
984
7302
3400
3180
1008
1514
8259
2350
2588
6945
5180
3672
3283
1101
6756
6224
1068
6737
7990
6908
2185
3009
199
5554
8448
4638
4575
7362
3405
5639
6002
4994
3464
663
2872
7832
7439
5841
8597
321
4180
7945
7142
3562
1944
5723
476
2290
1748
7109
1681
8356
4620
2403
6081
3405
4510
6893
269
5502
97
590
2199
1154
1382
5022
8065
6155
5728
4151
4321
4680
5128
363
5576
5196
7480
5918
2711
552
537
351
3947
7947
2864
167
117
4669
1788
5142
2124
4447
4534
6949
2214
907
3748
3825
2790
47
4086
8311
6878
3539
690
5260
137
8286
2707
2431
1463
89
1812
2117
2298
7452
8123
1927
5589
3586
5664
6551
1289
8305
423
4879
2193
4978
5731
1650
3447
4975
5849
4005
6357
4731
3343
4143
1683
376
6602
6699
313
5137
3931
7081
3753
4750
4589
1236
1759
3109
5401
4652
207
5779
2960
7652
59
3093
4476
895
7132
6079
223
2395
2421
6612
7182
2349
577
1055
4692
2504
8100
2865
8310
903
2537
991
7156
2056
6647
4563
4715
6566
4638
4474
3352
5875
940
7144
2553
6269
2831
4920
3187
4589
6173
3211
303
3351
6765
6036
8535
5731
4341
6635
2192
4515
5215
107
2928
2451
7171
1649
2413
4389
420
3080
3581
5891
2826
351
4457
5647
6942
6222
7566
209
6379
6175
7149
6090
978
2535
3603
1114
4438
3289
1367
1056
1230
5907
7513
7993
5584
1084
5526
5821
5235
283
6876
1778
1640
4136
2418
364
4554
3283
1852
2911
1837
1882
4274
2652
7020
2263
4878
5349
1440
4022
4358
8046
176
7025
4858
8308
2007
6652
2587
5734
538
970
73
3134
482
7657
5644
8380
5803
5148
3424
6256
7306
3198
6297
4234
479
4643
5521
3371
8114
1586
2783
4442
4853
1903
7172
7112
5429
3253
7854
1305
2682
5424
7069
4510
4386
8054
4622
8431
1371
495
6779
5693
2050
2257
6052
6560
8208
3643
5734
7945
2207
3668
6372
8294
342
5841
3034
4748
4328
3520
2931
2686
4620
752
8316
3667
4906
5766
2179
584
8424
5847
7399
5129
8067
5343
4688
3699
1843
6432
5543
2418
7432
1057
1110
5692
3821
4571
4280
18
2458
3859
749
8504
2614
5709
2218
2057
7243
7974
3236
4411
2749
445
3405
2745
995
7494
1894
843
434
1218
1953
1970
1789
7663
6065
5062
6615
5178
3449
1955
6155
6953
1848
3800
903
6813
4978
822
5568
6785
3335
623
4790
3599
7707
4673
1761
8551
6651
1779
4924
6296
7803
6859
7933
2016
1386
5443
6005
3022
8462
214
3181
7194
3778
3457
8496
4206
5602
3430
1978
7319
4956
2497
2325
6229
7216
2374
8497
1738
1725
2460
6756
2407
4419
496
4334
5888
2572
7228
3695
231
3738
8138
3281
7015
271
1866
3842
7969
6978
5763
4670
2627
1639
7441
8035
1067
1245
312
282
5368
3804
4568
6480
7411
8494
3708
6249
5924
1329
1407
5209
5651
1760
6600
2342
1483
6464
666
7111
3301
5935
4787
5073
2261
6307
175
7865
853
6565
7667
3637
7771
5057
3086
489
4386
2704
2075
3527
1035
5722
5539
3134
5636
104
7859
1924
7487
4633
7690
6989
5904
3861
314
3194
1620
7724
1598
3142
2715
6921
7616
5410
3388
6086
3717
5469
1955
3023
299
7498
4043
139
5806
4485
2798
317
6259
491
8346
7298
6445
240
6472
6527
3558
860
6770
4896
1494
6239
2200
6210
257
7562
3694
4904
3223
801
5158
6638
575
7558
5184
4036
6525
7374
1819
2207
6217
111
6974
8440
555
388
249
7474
3055
3435
6546
3160
5431
5633
1866
2401
523
3455
2615
770
2163
974
3427
760
5605
7694
3114
1922
7835
763
8091
6755
7296
5926
8004
5217
8132
5628
8085
8096
8354
5106
6597
7644
3199
211
4689
12
7491
5562
4521
1448
6364
7082
5607
981
6728
5823
2847
3912
1034
3895
5829
6009
3045
3741
1958
1351
1267
3804
2532
2970
1906
819
1915
1405
147
8407
3994
4630
2585
7900
5484
4766
4156
5822
2424
4161
1025
6746
7001
3993
8367
8472
362
6720
916
8293
6066
1854
1881
3514
6025
337
7583
3132
1410
8034
3026
6950
3201
3540
955
6945
1150
3439
1044
6668
3212
4559
6529
2098
3061
1311
2268
6644
938
4693
61
4718
5159
8010
3418
5316
3300
3919
5833
842
5326
7743
3106
4396
3072
495
5629
5487
3609
4218
7759
7955
1222
124
4797
5687
7174
3021
7939
4952
1571
5518
5728
7358
6862
3341
6232
703
5228
1801
3060
5631
4349
6064
8462
1152
1998
6240
1979
3251
175
3120
5812
588
6878
2194
6977
1236
2201
2368
3743
1982
5123
7050
4394
6846
2092
5075
5746
1808
7139
5554
7220
7105
7602
6786
8139
6394
5895
3044
8409
3722
2932
4196
6686
6852
7849
5645
3080
141
8194
3274
4979
4813
3914
3758
6343
7047
5307
3556
1658
6660
8175
5296
6355
4338
2384
5850
317
1587
5649
2194
2845
1376
6983
1622
5737
2325
4914
7800
2290
5524
133
8533
7349
4097
1064
8571
7905
5947
2041
5818
2323
1085
786
7642
8521
631
2213
971
3756
7357
245
4477
7527
2657
7444
225
981
389
1507
877
5459
453
7807
5059
1928
206
4827
7298
3275
3417
3903
4357
7623
4370
3893
8183
912
4469
8053
7796
60
3977
4586
2758
5042
731
3423
7099
156
415
4082
8170
2613
1163
2740
6526
7410
2382
311
6858
6102
3084
4351
1429
4628
5850
3614
1834
7310
8341
1009
5797
7186
7677
2150
4087
1079
2958
4505
947
362
6109
6846
7024
2076
6451
1688
3424
46
7542
1964
2528
2282
8007
1851
4091
5306
2770
3645
3744
7703
2926
4630
7738
1195
36
139
2160
1351
2187
7482
878
5409
5113
7124
2542
4088
5419
44
4875
7108
4343
2388
1933
1250
2585
4127
4243
5747
2123
5510
6915
1142
4638
1031
2700
678
3810
3091
1801
3758
2590
3807
4958
5670
1176
5926
8232
3019
1748
5698
2328
8479
4264
2476
6925
1399
4945
2816
8208
3923
7004
5878
3700
4957
6948
1318
7071
3368
8143
6683
1949
603
8536
2823
8160
7541
1368
2410
3827
8412
6773
4031
2823
6395
5780
141
2827
7067
3267
2290
397
2012
4607
7608
1987
826
6060
5771
2035
7661
5314
783
3991
439
1056
7649
7757
390
6307
1923
7678
523
8041
8158
5083
714
7673
2291
7771
463
3986
4159
2304
2861
4144
5961
8267
7457
1948
6038
3583
7257
905
7386
2715
3661
6948
6469
4204
8328
3260
5886
6978
5286
168
8153
8082
1234
7307
8373
266
1552
3837
6777
4021
2403
7083
2750
4127
1863
431
3330
6347
6453
1073
7009
1743
6493
1332
5150
3933
3334
1323
7983
3239
4848
1934
1765
5962
3547
8296
3648
5239
1870
7624
3985
3994
6018
1731
3874
5065
3553
6378
3169
608
3576
6372
4931
1601
6134
4336
2785
3018
8229
7994
7607
1158
2486
6614
3578
1689
4389
1732
7654
6251
66
3681
3804
6155
8050
1025
3074
5274
5321
130
4360
7766
1565
4311
8119
432
1871
6930
5172
3255
2939
6426
4400
4948
1609
1227
7220
4480
468
1648
2488
1681
456
2177
5410
2817
359
3820
8033
7709
3598
7220
5907
6651
7588
4601
8566
8129
6740
6502
2881
6521
2679
8187
4470
6429
4269
2521
8203
199
5451
6391
4049
3600
3317
4839
6914
8071
6566
8174
2455
114
18
6071
2967
3816
949
2920
4631
5610
6904
4665
7152
4931
3370
7670
2067
3585
7584
3215
4904
8162
707
5370
4190
5045
5072
1922
7293
4505
5068
6010
5031
7081
3153
7417
6086
1069
2625
6123
7885
2205
2419
6568
3745
182
7233
5851
7783
4806
7058
6651
2183
671
5532
2680
7959
1478
134
6748
1420
4076
6728
2088
6591
586
2534
4115
2519
2710
5655
2616
2955
5797
1920
3892
1984
253
381
7161
6213
8559
7086
7814
7366
3883
2282
6576
7583
3269
5583
2287
879
3637
6919
3926
1226
2188
3762
8063
1957
5046
3272
556
1132
3177
8091
185
3299
24
4333
4594
4320
8524
1799
2500
1762
3992
1763
2079
8436
7824
8566
4742
6869
5407
5949
4962
3088
5715
5432
1141
7819
4813
4837
1910
4533
6411
1306
5946
4514
4517
6577
1993
1560
4977
7261
5776
5048
4027
6257
8494
6734
7132
3335
1191
5744
2880
1147
6512
8530
4515
79
6116
5507
5582
932
2068
2008
1604
6199
113
1440
4806
4410
916
1368
2335
5050
4700
376
216
1296
2292
2473
2292
3446
6430
605
4850
857
4312
496
1943
5265
1298
5358
4066
997
8208
2684
889
1670
5187
4971
5007
3728
1222
7698
2981
1362
5694
6527
8466
1298
5364
972
2579
3122
4776
2922
5001
6098
1136
3631
7202
7707
5994
8009
2220
6525
6805
13
5799
2516
63
4662
4685
8167
5621
2142
6359
8468
7314
1620
3211
5487
1364
6186
8214
2651
4616
5543
1707
6679
1333
5831
1964
2758
3916
7584
2972
2318
5076
7673
7312
3001
322
1612
3301
4853
5084
6221
1868
4387
7010
5308
4431
6313
2792
8393
4480
5709
2277
1150
1922
2915
3907
2372
1387
4476
7237
2583
6956
956
6434
804
2714
3819
1655
7253
1476
6279
7771
128
6367
3528
1173
7908
2546
6086
7431
8262
6399
4014
1332
3741
2369
2909
4667
4764
6966
2530
8098
5793
1002
7015
7395
3565
5469
598
5939
8537
3993
4738
4463
4962
3034
7352
419
5635
2014
5889
1165
5348
1626
985
5190
6062
4220
4198
6219
6791
4915
3551
4122
3242
2244
7803
3994
4199
6346
7908
6032
5508
6385
7237
6739
6334
7826
2603
2557
3593
5662
6045
380
2208
388
1991
6312
6830
7888
8064
4315
349
1151
4135
842
5119
2219
4855
7937
224
6387
4555
8235
1826
823
4245
1140
6109
3893
7344
5723
6826
6549
5901
6688
7568
5841
2773
4968
5477
7388
6291
1245
2283
1150
2373
4975
90
2251
8461
859
6420
4861
5323
1118
5903
2343
2195
2391
62
6912
1650
5953
4408
5373
7590
1761
1664
5762
6326
6643
5951
6870
6109
7514
8182
7831
1307
5266
6612
7379
7294
7168
6641
1256
3462
1275
5890
6229
1874
7137
4485
8532
5617
6807
2902
5482
6444
7276
2178
3992
780
3530
8254
7839
4188
1578
8334
5366
5419
2651
4342
2407
4398
4776
7210
7610
6729
5337
4788
8307
32
7068
4329
708
2157
6026
6533
2650
5821
4396
995
6123
3501
3197
5502
6590
6966
6521
3814
1909
1533
2344
184
5679
5496
7245
942
1037
8114
5562
4451
2582
569
7043
5269
2340
5671
6283
4939
4784
6121
2712
7464
2042
71
573
5535
8050
7335
5094
2772
7513
2250
8260
3668
4899
3089
6377
4563
4946
3750
7257
881
2540
8221
7775
2216
508
5821
5111
4966
5700
7734
7790
3528
1477
7877
3523
23
1534
5411
5240
3000
6331
3929
7028
7189
4602
4429
1445
5450
6069
2018
4178
1584
7013
7196
1023
2126
7250
1520
5505
6354
3759
7439
2340
6822
258
7276
3528
2048
6460
6566
4812
6853
1421
5947
558
2244
8330
2968
5522
3810
5533
8358
6068
4698
4356
5781
5051
427
4064
8515
4346
773
1961
5138
4181
8039
1066
8402
426
6586
3076
8210
23
3058
7401
5183
6865
2259
4619
3797
4288
3446
665
974
3455
3245
5897
7148
435
6530
571
8427
965
3152
6202
7753
5273
6471
2012
2341
6932
377
8303
2997
424
2076
7826
2085
2578
2017
6788
4348
6525
2278
7502
5214
3573
1794
6382
6502
7736
4667
7662
1101
7059
8110
408
5191
2755
6175
3302
7321
3582
5901
1948
6355
4595
5242
7283
153
8444
4503
3426
6215
4447
935
7598
4812
5347
7338
7728
5172
7191
3351
4572
3757
7675
2768
3657
494
4654
866
5420
4223
7892
2058
12
3060
3743
6504
1859
2880
3096
7784
5018
200
1504
6751
4368
1597
5951
1050
647
2045
8300
6655
1447
4670
6199
2381
8245
5003
6531
832
751
8362
4965
1859
6276
8068
1859
3422
862
7734
543
6346
3876
6159
5967
7964
3492
5484
6800
677
7997
2962
1204
3145
4160
1686
7759
6752
2200
6759
3553
1254
1875
2871
6813
5585
2584
5616
3903
970
4389
4054
2586
607
8267
5551
8478
3054
8129
2404
2973
7427
5566
145
5787
3387
8321
7438
5523
3954
5761
4708
8019
8496
7311
5135
4638
80
2793
6561
4561
5013
1397
4521
2802
1181
7445
6616
7235
2716
7704
4155
8461
3333
5297
8433
2253
383
345
6268
1712
6945
3189
3978
6657
2647
643
5582
1916
2727
534
1852
2263
3743
7656
2566
5442
5536
6190
1762
7234
688
6575
2296
7132
1195
3101
3628
2863
5098
2529
715
8006
5866
6980
5764
1633
7901
1014
2063
6842
5705
338
218
36
3758
2120
5318
2978
7432
2353
6432
4857
6526
740
5710
8297
4150
8192
1159
7860
6929
2352
2782
5800
7803
4731
7409
1266
5673
6011
8026
5872
7075
408
8584
3144
3336
3056
1345
5503
8178
5898
2638
1302
1423
4040
7066
4800
897
3528
4250
8444
7523
2527
8345
1072
8014
6548
7473
3513
230
6884
7113
4166
5033
7454
7890
3278
1948
8011
407
8046
4224
1021
7572
7785
5643
520
3336
6228
5122
1753
8510
2345
8351
6949
1717
4025
2270
125
5782
2761
2494
7938
541
3224
263
3672
7020
8068
4640
4347
2262
7030
6506
2900
3778
8077
3767
6832
4065
6217
4021
142
5595
5685
4262
2714
4631
8566
7223
6576
2749
478
4920
2313
6223
7687
8443
7526
3969
1126
3250
6582
6619
6538
5853
4972
7380
7398
3387
1119
5677
6753
7178
6312
8012
2328
7782
507
8448
6428
29
4158
1399
839
3999
7074
8353
2775
2392
2477
3477
3473
4115
6179
8121
2184
7127
6164
4022
103
5287
7614
4972
1683
5284
7067
7119
871
6468
4051
862
2594
4638
6308
4637
7423
5123
2411
825
578
5075
1225
6725
6963
1482
8372
7812
3734
2848
5018
8071
1114
7772
2218
7739
2163
5309
4731
8291
6250
4281
6534
970
1598
2619
1618
7676
4420
5512
4209
2118
395
3557
752
8085
7521
1726
5364
545
8197
5347
6330
8196
481
5202
4076
8492
3086
8177
2906
5728
3117
7652
6638
1516
7988
8292
6279
107
1343
8536
3459
2413
2931
6659
2707
5232
5629
559
1444
2273
30
3546
8427
4570
7152
4239
3434
5501
4162
3832
956
1345
5273
8463
5474
1354
5146
1325
7887
2997
6343
2562
4297
6428
5903
8196
7939
8523
2136
2967
2033
3984
4915
1473
1798
1740
8042
4000
1024
2498
4062
6764
4135
7036
5221
3829
5678
4848
3920
956
7066
7153
5677
76
5615
6757
6580
8126
3988
4688
1570
6540
3360
971
2063
1242
7219
6632
214
3780
581
6929
4822
4994
4039
2915
3944
5460
488
4523
754
2765
3657
4928
524
2503
3225
5041
7738
3221
5053
2632
5223
1492
6891
4765
8151
3382
447
6649
6590
8346
5349
2797
7092
1315
3725
7813
3176
3831
5556
5938
6946
4597
8408
1162
1598
4842
5519
8116
7095
4303
2050
4295
5418
4841
1381
7776
1844
4625
6566
7867
5165
8218
6296
8203
4354
2421
4207
6514
2345
7844
6447
7191
2988
2595
8483
5267
7695
7149
6426
8260
2148
1822
179
4330
1069
5850
7218
5279
2770
4359
4761
1739
5743
7823
3829
389
3739
3148
6659
7582
7671
6639
7289
1847
5634
2250
545
2718
7164
8553
5005
7015
3735
7913
5218
6615
1348
8045
8222
484
2398
3053
7629
6227
2307
419
370
1221
1889
7276
4972
1021
3471
7580
3251
3443
6582
8347
5352
5339
3332
4520
60
3089
4906
7670
8391
7656
8462
1096
7011
3991
6493
1196
8359
4404
5548
2126
692
7300
5639
4864
8179
8122
1153
5765
7303
3508
7282
4435
2224
4792
4672
1070
1259
4046
6952
2912
2092
8498
8378
5668
3379
2374
8463
4436
6737
2124
1425
5898
4226
4654
5883
5708
3212
3053
7173
3217
7423
7841
7323
503
8234
107
1322
2717
6139
6505
56
504
7987
2987
3776
3392
3604
5059
1715
2904
4682
4673
893
3667
2951
4918
6952
4606
4836
7160
1145
1218
2435
2903
5326
5784
988
1258
5585
7088
580
907
8446
1896
52
4839
7018
2853
3288
5276
6194
5058
7437
4147
6489
2617
4197
3616
7162
6457
1734
1237
3194
507
7533
6490
1386
2762
4913
890
1326
8330
5774
7384
7919
1308
445
4076
6451
7523
3060
1139
3274
7343
3308
5593
5805
7486
1637
8210
2674
4588
5711
2492
205
8598
8561
2985
287
518
1674
285
4778
113
5512
5987
2169
5105
2776
1595
5583
1104
1936
3538
1832
3106
6302
3647
2272
8052
6539
7567
8290
4722
7731
1152
7633
7080
3973
564
57
4294
2498
4764
2461
3672
7764
7521
6272
6628
1866
8511
6718
143
5460
5502
2793
2947
2253
1961
7284
2935
2123
3896
5221
5603
1903
3308
1098
931
6579
5138
4264
7998
1455
5402
8262
1263
5175
1361
4708
4194
1087
3687
836
7686
5516
8376
8222
7515
7433
782
6814
2894
3971
1277
422
6607
5047
4524
3548
2920
5084
2943
924
5948
3267
3698
33
904
3836
2440
55
3750
6803
2181
6685
259
7808
1279
3948
3052
4703
8375
5803
5361
4930
859
6267
5028
1070
4509
6011
916
7470
6181
2316
2669
2228
7153
5899
533
4401
6396
6041
3212
5717
1115
7656
2629
7751
3548
2233
7361
2850
2354
5414
252
6313
5553
2382
2882
931
1728
5594
1800
7372
1936
8176
5936
1722
422
4656
647
8446
6661
3801
6284
1252
1895
4186
6418
6889
6803
5080
7297
7716
137
6811
2170
7477
2554
1566
7752
5896
8599
5486
1658
4139
1394
3271
4267
6
1444
5331
8587
7541
2319
392
5504
880
5680
603
6318
5178
6899
5425
7102
6155
5789
7008
414
5946
4909
5505
7830
6549
539
3254
3752
8482
7181
3911
5481
2397
5142
1735
3
139
4962
5127
8292
5473
4019
3544
3755
6548
3038
1289
8437
5028
1403
32
5229
6369
5964
1519
8124
7328
4363
1877
8112
4947
1646
2466
2300
5058
525
3321
5538
6950
8377
2524
202
6458
4502
6007
783
2650
6060
179
6371
3150
2650
2140
6984
4802
229
2734
7839
2915
3828
231
3394
2355
2155
1765
913
7334
132
1069
7302
2327
8567
713
6329
1819
3045
3520
7773
6137
4392
2616
2679
4825
5269
923
4873
7180
651
3720
2230
7199
3727
4115
4900
8144
3994
4346
7680
6199
7968
2323
7035
7946
5846
8233
7923
6547
4209
8298
5304
3021
2615
2611
3387
4067
4686
7980
1432
2702
6800
5782
3647
830
5152
7941
7783
2189
5617
5016
4467
2373
5314
4293
1284
4192
408
3475
3551
743
7384
3418
866
1454
8340
6215
4148
3233
2687
2074
7307
3595
8128
4844
6914
4305
7933
3922
4202
5066
470
596
79
748
2800
7885
7849
2730
4281
1903
8350
2888
440
3473
7979
1714
6051
4326
6263
7830
3866
1611
4042
5402
3711
6184
3350
4899
7470
4417
4727
3383
4132
2200
8311
5653
2580
7954
1898
4836
4773
2436
6162
2900
4228
4903
7849
4700
6496
2136
6438
7177
240
2325
8594
188
5903
6577
7048
472
1991
3413
5405
3795
6083
6385
60
8282
5905
6257
4913
5735
5407
1575
573
1733
3276
178
3985
1600
5021
190
1690
2444
7994
4671
6195
3778
6561
4688
7872
2776
3323
5873
6004
3695
6478
5389
8020
1331
1443
6321
8260
3217
3675
4141
5931
4134
5627
1482
1715
471
88
911
1855
6059
4802
7776
21
6325
8381
3984
6144
7116
7441
5404
1953
1925
4415
424
2044
4330
6475
8172
3254
6784
4659
5869
3190
3173
7607
2811
7118
4754
8266
650
3482
6726
3796
225
6833
3176
6623
718
5760
243
3585
953
7274
345
4270
2362
1263
2934
4127
2666
716
5571
2024
1914
2322
1763
5786
5539
577
5616
1609
2938
2868
2767
4075
7365
1054
6379
251
7641
6997
3738
2295
8320
474
8090
6643
2667
6062
894
7776
6045
6685
4035
4351
8128
4468
3590
3203
7873
8593
5859
8424
6053
987
3311
4586
3802
8592
5456
5702
8543
3246
4025
3493
5345
3728
10
2250
6186
6396
7520
5584
5198
3394
258
8230
7671
1565
272
5688
3670
4920
4875
2143
631
5911
1970
3658
7629
3797
7166
3541
3102
6891
5170
6545
7767
8162
1019
6123
6910
7131
2908
3433
8233
543
692
6579
1218
7334
7478
8198
2561
3131
1047
659
5772
1285
8057
4560
6767
4131
8373
4966
3938
2401
3709
2381
1358
3711
5964
1330
4286
4510
7815
4786
8048
1006
7419
2192
1954
4740
1408
7484
4387
7423
720
7772
6555
2119
5721
6301
6758
6916
7162
308
4877
7651
3230
6975
1152
6248
6186
6474
5415
609
8349
1895
2150
7287
1680
8207
4794
5098
8221
762
4229
2224
8153
1247
6295
3382
6
5904
2082
5566
2256
7157
4867
6709
2496
3263
2623
8444
8127
7145
6294
3213
1944
2408
6958
2285
1948
873
1504
5458
244
19
2809
7129
1284
3309
3109
2768
2376
635
3421
7261
8227
882
2315
2934
7369
8246
8163
5669
209
6312
6133
6539
4090
3908
3494
7184
6804
5236
3884
8466
6979
7228
3103
8311
6303
4489
6659
4935
3743
5082
8064
920
7784
6851
5105
6844
6712
4554
3622
3561
1376
3105
3545
6697
3618
7788
8165
3244
7342
1241
3517
8315
1985
753
5813
7228
418
5882
92
4216
4483
7559
7068
2735
6148
14
1784
3135
2510
6324
3660
1951
5492
7131
6109
4419
8370
6599
4552
7333
449
5318
1604
1301
5453
6769
1700
5803
2942
7382
3097
4663
5749
3881
2282
602
3857
3365
7168
7150
5630
6126
1441
1235
5210
2682
3133
6688
4392
6444
5085
1514
2508
155
5717
6335
5050
434
7603
5013
2457
665
1433
8116
4186
5099
2836
8051
2535
2099
3612
7629
5198
2393
2803
2970
5633
3617
3025
5111
145
5035
753
6672
1585
26
7461
7664
2666
1473
5801
250
6259
8279
1273
4958
5168
7261
1086
4128
5000
1596
5252
4485
7094
5955
3733
1338
1031
6008
4823
1748
6465
824
2886
1291
2771
5970
6809
2220
2133
7944
2071
845
5699
6664
5869
6734
5571
3323
8416
7525
3241
3703
1295
7814
1058
923
8521
2533
6064
1956
553
6902
1133
8493
6968
1994
1519
5354
2410
39
7577
2394
4586
3192
5943
8378
7607
3996
4237
8558
576
2779
5787
2437
4875
5597
5546
2661
7273
6665
3512
4754
14
6582
3113
3472
7184
3142
6012
879
7537
4402
2306
3471
4006
3253
8238
838
2818
7758
6407
7666
6496
469
3582
432
3602
6085
4740
8241
2963
7163
997
1191
5836
2566
1452
4158
4799
7299
7221
2074
7406
5494
7858
7222
2836
3785
6576
2689
7535
711
7305
4758
4057
3679
6232
6224
1211
5401
1604
5897
6366
4175
8113
4181
6895
1909
7235
5041
7155
1108
874
6555
5397
3672
6293
679
7421
5988
4537
8329
1174
2164
6241
6246
6087
4872
7288
5979
6945
1
7815
7515
7655
5447
6143
5587
627
6254
6575
4615
5340
2285
4873
3387
4391
1872
6381
7602
552
2585
3708
6224
4310
6895
7179
6246
2263
6801
6778
4781
1916
799
2907
1323
7600
8530
7632
3586
6016
5949
7611
5971
7759
494
2243
2809
7788
860
482
1187
8307
3525
1929
480
507
2165
2582
7601
4966
1769
6848
6463
1929
7505
145
354
4342
3507
43
7239
7274
2845
8523
5773
1549
3303
7013
1208
1856
8144
5799
5358
4991
5719
7351
7386
6684
5713
8458
7462
2106
7857
3219
3793
7386
2762
4823
1949
3146
825
7235
4001
2465
7273
6853
5557
7585
3301
2500
3922
7502
8467
6832
3808
598
5125
8036
5085
763
2024
4391
7138
5809
4130
3565
4416
5236
989
2800
4138
2566
2591
8171
6441
7578
1566
7731
2064
5266
631
4707
733
792
4774
1157
7810
2872
1921
7166
6677
4948
816
2589
6836
8467
3716
7514
1617
3243
6486
7362
8381
1880
3991
4950
6842
2564
4337
7964
6364
4144
6095
3393
2857
5684
7079
942
5922
1132
334
2799
5450
1162
2121
8097
5035
8206
6465
8500
4807
5277
5932
6233
4276
7661
7419
1892
4471
7279
5432
7413
7513
2331
5995
2954
626
1820
7917
1945
7234
8155
8359
4891
2988
5081
7881
6517
1496
3814
7535
5733
4687
1065
4946
1630
3756
1815
741
8103
7189
8536
2306
6454
2449
4982
7651
3383
4183
4971
2436
1710
6419
3958
8010
5777
3871
2026
358
1010
6812
3818
7355
1954
3034
1715
2163
2149
5105
1771
7126
8226
5666
7707
4912
8069
2700
7983
1200
7764
3896
1184
1325
7323
2221
501
1224
4251
7690
1416
7096
6795
5705
6198
5047
628
5634
4259
4544
6830
2357
1742
4528
2406
6377
6437
2710
5620
7827
1735
4392
630
5458
6275
1471
6160
5637
4346
5887
5480
420
4519
3154
7325
6751
2413
254
3381
5113
5547
5816
2304
7224
3001
4795
274
7453
2953
841
186
756
7169
1856
3768
8581
1119
6119
7826
4475
429
331
2050
7251
6965
4634
1876
8147
166
4887
3492
6298
7086
4200
3471
166
6234