1961
536
297
1464
1456
1037
307
722
1887
66
367
928
1919
2000
1894
1744
2978
1488
1391
2309
1682
3012
1243
1153
783
1173
2485
2286
1589
2741
2263
3160
2883
347
48
1368
2908
352
2861
2520
1837
1933
2695
2397
2936
1355
119
818
111
2358
321
2046
30
1748
1932
1988
1248
1080
977
988
1069
999
944
467
3037
3047
1804
2190
3169
2310
601
1972
2363
850
589
1968
1832
1919
2022
178
1623
2180
1249
695
665
2890
2762
2634
793
2246
2826
355
2183
606
1246
2026
1899
353
2437
2245
705
2235
1312
850
2492
190
250
1064
1715
2770
1156
209
1681
2350
2388
1205
787
1867
1058
2099
1309
802
814
1530
1056
1545
147
469
2407
411
3004
1446
973
3002
968
1331
694
2736
1036
2490
939
820
900
615
965
24
748
2277
2978
2519
1517
379
1625
223
1902
2663
3105
2060
1984
1702
1393
1993
1943
2457
2585
1600
2815
3173
18
2697
2064
1650
2946
2876
2280
360
2895
437
787
2179
2713
706
2623
2658
2501
2330
1474
2068
3127
714
2434
13
204
2527
2488
2622
2925
309
3135
2631
2416
2494
442
2833
2696
1412
88
1221
810
3006
307
2317
1513
1896
942
999
2329
2084
1113
527
2746
1120
3127
698
1316
30
2046
3162
1974
947
1485
976
61
1718
7
2733
1894
968
141
510
2588
1013
2955
1016
2958
2314
1206
2102
2912
3161
938
624
2136
755
1261
792
1887
2622
1573
1307
1836
1072
575
2072
1603
1676
315
612
126
3016
1895
3069
92
1849
717
2343
1526
2178
453
2294
2393
2353
1816
1566
1896
1225
1401
338
698
1378
1430
1608
1011
1709
2841
2511
1038
2385
1674
2868
178
16
1937
1103
2154
791
832
1241
110
1577
13
675
2223
2446
1724
3136
3019
3080
1065
563
1456
2370
1267
21
2390
2433
1887
317
1984
1981
876
362
2414
2090
1970
327
369
241
1165
3030
2946
1253
600
2641
1516
2770
725
276
909
2330
2014
625
1395
1753
3152
1098
752
1707
1937
2266
2188
1712
2256
506
883
456
2560
3133
3000
1126
2678
1026
846
1102
3095
1654
599
483
1009
2621
1864
1524
194
1529
1265
707
442
2738
1497
856
110
1167
2915
2537
2238
364
1961
1892
199
1522
1133
40
1932
56
1117
1384
1603
2156
1508
1143
2258
1092
1514
2565
462
946
1029
2077
2451
2051
835
2594
1340
2659
944
1488
2004
1938
3195
2800
1811
2574
2393
1074
3023
1371
2902
1330
582
1837
2176
264
986
2734
285
2060
3034
2511
771
2113
607
2724
1202
1170
103
996
990
1220
1916
1240
2506
623
1077
2999
1739
2941
918
1390
1934
724
1880
2579
2099
282
328
121
1423
1635
2682
54
2473
3021
3146
552
1190
2653
2703
784
1997
2875
2942
755
2423
1507
1915
3036
93
325
1798
706
1554
3097
1210
2587
2896
1121
3002
1211
1993
383
1728
3071
174
2682
1076
3123
497
1558
1442
1470
1053
699
7
1908
1380
1866
1820
2160
643
2517
1577
3058
254
769
400
2191
569
505
2571
1947
729
1668
2089
1336
284
2993
1117
351
2700
2562
1539
865
638
2845
1276
521
1901
1856
665
1076
734
1287
1526
750
2388
986
2262
2928
278
1406
1740
1041
2670
2980
2805
1944
865
2231
127
153
1752
371
2509
1017
2722
1194
2849
2674
955
2871
2614
2517
3159
1474
188
3002
2656
674
1482
1214
3023
654
2364
1868
939
1426
1541
2544
2809
845
1658
1729
2294
2538
1149
3129
2048
625
2198
118
1410
1256
36
752
1231
1836
1307
1297
2657
2723
2087
1613
2834
1414
12
1016
1620
1850
2348
362
2351
3030
2110
2603
795
2343
179
652
2272
1781
803
65
1888
897
1808
2621
2512
1418
943
3176
3108
1963
2180
3170
1077
2007
109
761
2769
609
2273
883
1894
983
578
651
693
875
1334
60
557
1944
2238
3022
515
1620
508
253
2782
2830
2984
417
130
649
386
1334
2656
2910
2944
2234
2812
2536
253
1611
147
544
472
1751
3144
2234
2289
2103
636
320
1638
58
1851
588
2630
716
3095
52
702
613
542
3160
2133
2383
3019
900
1098
515
1764
543
2059
190
1433
2456
1747
3033
1641
423
2739
2618
2904
466
1190
2163
885
3043
2541
2076
1737
1281
2888
1880
1045
2030
671
1847
158
2259
52
643
2702
1502
1097
717
1890
2483
1632
1072
1618
472
3020
1317
1042
2369
1421
32
787
2224
2013
2335
578
2063
835
2922
284
1403
3189
1558
167
768
2943
1950
303
1240
1123
1758
2940
2951
1093
198
837
382
1335
421
1341
2618
622
2608
1871
3189
2665
226
2824
1876
575
1851
2838
3022
2762
1740
2470
1038
1252
1077
3061
1507
2284
2140
2552
726
990
117
2197
677
1418
2863
1600
2769
1549
152
1110
1880
1171
2193
2465
1419
1105
1110
883
565
2071
466
1539
230
470
1843
1693
1993
312
2452
2529
2050
496
305
1320
908
2033
1748
3082
2458
166
84
2481
868
2526
978
2855
617
1987
868
431
1187
3045
1838
2852
2513
2390
84
2158
521
3160
1492
1125
418
1708
2386
2892
830
178
2567
2940
3159
2929
1963
707
976
294
153
1650
898
2163
927
2929
811
101
1431
1565
2425
652
2911
574
2325
17
1059
692
835
2324
1322
1082
2745
244
2681
2752
1648
1564
1230
1205
1761
1325
1326
3016
1810
1304
64
1427
875
1287
1466
2694
2740
3000
3016
2967
1170
1041
443
2477
1623
1320
538
3140
31
2097
3109
2170
2308
595
1270
1263
3137
1394
443
3183
961
176
2993
1164
2057
1860
1983
2595
448
1168
2041
1699
3055
2409
2232
2328
2564
58
2272
1975
537
2799
514
2292
2329
1181
1922
2623
767
905
2895
1270
898
894
1772
2810
1694
286
832
2627
1490
894
334
835
1108
274
971
2407
2611
2029
1615
1266
1703
1888
2791
2257
18
1522
2363
3045
2123
1026
872
25
2348
594
1325
2865
109
734
2705
1479
2613
1002
1377
2156
1740
3156
2026
1652
1300
124
1579
2482
803
1699
948
3031
2450
247
1789
22
2487
571
1866
2712
2399
2361
1035
238
3194
391
437
1620
564
1920
1270
1078
866
1761
2465
687
2418
2297
2583
2866
2871
1019
1945
1698
2197
1970
1620
398
816
757
2100
1137
671
672
430
2761
2621
1830
348
1777
404
1934
1213
2140
990
1430
2138
1496
2449
2190
1564
939
807
2816
2116
2690
2909
1470
1856
633
2214
2870
2889
1053
3180
1742
1889
1167
146
1000
2396
3135
1268
2414
1867
44
2297
175
2479
1713
90
2236
2238
1648
2990
204
2773
468
3144
3194
799
835
340
411
2318
2297
2933
2344
1448
2275
1813
2472
2548
1829
150
365
2946
1950
1186
2115
916
824
1980
359
1582
836
2438
849
2242
1690
2033
685
1330
97
45
2049
537
2004
275
3041
646
1445
2416
2702
3103
303
173
853
2121
2589
2891
3110
1590
2852
981
1170
756
2216
3075
1806
566
582
1481
1511
2797
154
2626
669
1571
124
2140
184
2944
2404
2381
653
1030
1125
3005
814
3159
1589
2791
250
910
1232
836
2520
1309
893
1414
2056
1506
1858
585
2871
2884
776
2163
2565
2357
1017
555
1573
1231
2837
294
2133
1080
2344
2546
1812
1318
2432
2275
3159
1204
809
561
1759
2836
144
2058
2951
2518
1675
1446
767
282
2657
2068
2919
1542
1809
939
697
1671
930
1612
623
2841
1703
303
2159
855
3105
264
883
2942
680
2721
3181
3033
1427
748
1110
2165
100
1564
353
354
1616
1318
432
2070
1856
1908
2021
2740
3180
1720
2550
2753
2325
1750
899
979
1268
1140
2370
2483
1813
173
2161
1166
806
356
843
722
2913
720
2240
1208
2831
1731
1883
881
2802
537
1052
370
136
3165
2757
3090
1631
2468
2990
142
3120
2239
682
2976
2233
2674
2016
1423
2881
14
757
2981
1770
1447
44
1851
2876
919
1995
1674
378
2282
3197
1399
687
1129
569
2793
2309
200
1216
86
136
1801
362
706
1149
77
353
1027
2383
1397
101
981
89
1648
624
2652
1363
249
2445
2351
2657
1042
2790
2358
3042
76
589
1810
523
2619
1946
1428
1456
983
1018
1702
2975
2870
455
1923
1250
3129
1511
2086
2263
2614
2246
2677
2909
466
604
2755
90
571
2550
3013
117
39
348
505
2338
2609
1575
164
2452
1144
1844
2804
3147
1535
645
3078
2847
89
815
1384
1732
396
1825
358
2299
3016
1381
1526
2872
1756
862
1943
1055
1591
2935
942
1646
2110
62
1609
2177
2362
2817
2842
861
521
702
803
1880
648
1780
49
1133
2899
1734
520
690
792
2875
1698
740
2353
486
1592
1195
2091
560
764
1524
2543
2430
1449
2932
1846
3005
1201
3062
2216
1874
1262
2471
1631
1508
514
2488
2057
1273
2549
691
1280
1541
216
1242
2286
1332
2136
252
2603
2048
1783
975
178
1855
738
1772
1968
453
754
125
768
3187
2862
1267
1066
1320
2670
1030
570
618
2553
2639
2329
1714
696
923
2084
340
351
1098
2581
2344
2527
1448
1852
2306
1888
1771
2659
656
854
1581
1634
1901
1187
257
1760
928
179
693
1031
1564
2087
827
679
217
1572
470
596
19
1003
2023
264
1519
750
1495
1616
241
2839
579
2720
1642
2189
124
345
1084
1686
3063
222
1512
2215
2403
150
2618
2963
2359
1501
2561
2070
2480
2170
2448
2966
1027
1015
3039
638
1408
500
964
544
1011
268
1734
2824
1803
1494
2950
2900
198
1218
390
580
839
581
2105
414
2959
527
1420
2856
1397
2266
1643
834
1374
824
1689
313
2419
3088
484
393
680
3199
1310
156
1695
2986
2536
3199
3054
737
2637
861
1641
2444
392
2723
958
2881
2791
1695
1843
1562
1846
1096
2890
318
2658
2998
2905
413
2216
725
539
2906
3079
1359
824
1793
2403
2582
928
1083
2045
2277
238
1285
36
1802
728
1323
797
1956
1478
486
2810
1738
96
2847
1462
289
2336
2656
905
2419
2556
2621
1832
2704
2529
2094
2647
1865
1002
2722
1294
1880
2367
909
1530
1584
2577
1044
1969
460
1475
2172
642
1869
2613
1944
2950
3048
2484
1596
858
431
3068
2541
1224
1159
1647
2680
2357
1253
1354
423
3049
1249
209
47
811
593
1478
2746
2737
1972
900
3186
2352
855
1750
1622
1170
2432
363
489
2095
2134
524
871
217
1671
1210
1292
203
1345
1136
1436
2223
2730
237
106
113
1954
2386
1696
2128
944
2695
733
1210
2692
1947
3000
1963
1612
801
1523
360
324
446
2269
3098
2612
2710
2077
1219
3157
1760
939
2673
2400
3048
2311
1477
182
2172
1202
741
1519
1243
1508
3192
946
34
1755
2956
2174
237
2070
197
1216
2613
2771
3047
2578
1574
1557
2699
1695
2378
2883
2269
1557
1578
1513
1088
2459
1787
2224
1618
3013
1763
1139
1179
735
1958
441
2093
579
2480
2147
1285
2618
2940
198
9
247
442
1400
1007
1768
1216
369
2296
1998
46
3192
2383
421
88
3131
143
777
1429
2277
1849
2067
1299
1823
1068
1538
826
2067
2367
986
477
1701
758
891
1137
1598
1568
3065
1690
1504
910
77
2622
900
2982
363
440
346
2438
296
2426
2707
431
145
1686
2814
2524
668
1528
1773
2957
2663
2805
1414
2411
2579
1066
286
2402
3017
2034
2191
2807
3058
1128
1272
94
2914
730
1892
2569
3087
2420
264
1801
2348
1073
2134
2059
3099
292
198
1472
489
2575
559
92
20
868
1455
728
414
3047
1020
2999
353
2602
648
2363
2930
1950
325
2434
2742
3189
155
2284
1704
588
1885
417
327
1147
441
99
2549
2101
869
1225
2718
797
2523
1513
74
1521
1422
2214
1271
1068
128
1705
2306
1369
1525
288
1564
483
1746
216
1437
1028
2547
2954
1535
2624
1880
1403
1809
2544
2181
1967
1237
412
555
2313
2213
2027
2133
1213
779
2113
2052
2679
44
2719
3045
1878
2167
3100
910
1223
1796
1206
2337
970
1678
1437
261
1552
1816
2728
33
2243
1842
911
2164
389
2858
520
1957
1568
2723
2330
357
1457
861
2943
712
1169
1601
3149
266
1432
296
2377
537
2095
2667
1578
1715
614
2869
261
2872
3078
1523
2647
1274
2103
1101
602
3013
939
2702
970
1442
1764
1001
143
1869
2059
1251
871
2888
1570
1711
222
222
1795
1420
153
635
1446
1904
80
2043
930
875
1716
1678
409
2660
1202
2217
1712
448
2995
2697
892
124
2891
2609
1182
1767
3064
606
421
2751
1299
1940
2141
1711
1783
3181
1110
3046
2917
1882
1068
2666
1979
78
63
3155
996
264
586
2988
779
2977
628
1353
1058
86
2630
1348
2887
3027
1523
94
2378
2276
1289
1153
1729
1436
1106
898
1829
1831
2239
960
3015
1904
638
288
635
1440
2099
2351
299
578
1143
1279
850
2921
3171
981
451
207
2220
1680
2574
2811
2470
1032
1118
2023
2946
1414
2848
2722
348
762
181
3007
2496
684
157
2175
549
2960
2786
2981
558
945
1776
949
2833
2681
2253
1771
1881
1309
1038
1900
1252
1073
475
263
2374
426
1229
993
1827
1984
2307
109
1153
2716
2569
2132
99
1699
2034
78
1839
266
2059
2199
3149
2928
2847
2982
2894
550
145
1118
1862
1892
1048
3053
3141
1549
733
10
2009
2925
1726
905
1145
42
1948
2710
1268
514
1314
341
2006
1851
583
1076
2985
329
398
2539
2244
1977
984
711
1253
2670
954
2344
1926
949
2048
1248
1805
1648
316
1751
873
1163
1275
1637
323
1991
244
2387
98
1759
2024
2677
793
562
460
1833
800
996
2445
1474
475
489
794
1380
1802
446
292
3030
3027
945
601
1289
2261
2229
894
1337
1193
2423
1284
403
2617
932
1086
2497
139
2448
2816
2212
1387
2881
527
2357
1014
1604
2065
339
413
481
2397
1578
2637
145
1682
1689
2565
1729
1430
868
1384
149
975
1855
1764
987
1989
1847
2125
1858
161
1277
626
1724
44
430
3012
404
3136
1328
419
1167
1633
1075
686
3011
522
2445
2647
2426
1655
554
211
612
1352
834
251
1688
1574
2491
983
860
261
1255
2557
1135
2269
649
666
60
897
206
2570
136
530
58
1711
1333
1163
2877
1759
1441
642
2095
1901
3139
1502
453
2795
1757
1767
2789
511
1985
2405
3039
2461
18
222
1518
2998
3153
1941
1645
552
607
122
31
1295
111
1459
2339
2480
1876
743
2611
673
1412
330
1952
1110
1227
2641
1817
1282
2109
451
2249
2751
1466
2509
1484
730
1666
3147
1070
1907
2167
1105
1236
1802
1063
3062
1429
1419
1676
2253
2876
1875
2346
168
1482
2370
1083
229
706
1624
639
2441
2374
1812
1405
2795
2947
2952
434
974
776
1212
1455
2291
520
1648
361
1706
2173
2019
50
467
1719
905
2400
1716
1004
2093
1813
374
2222
679
1686
2198
1004
900
2519
1594
2858
137
150
3092
673
1834
244
135
993
1517
360
650
3125
186
515
207
2973
2018
245
635
2667
473
2291
2850
2084
1502
1857
2495
2332
1902
2521
2738
1860
337
1319
1079
1267
900
488
319
2980
622
1290
1918
389
1819
772
2524
1381
1242
1084
1741
1397
320
2190
2750
1812
384
2910
2642
2477
1397
1133
2628
635
1358
788
2842
454
3042
353
399
876
3161
476
2126
1510
1900
2857
1255
1367
31
594
1013
2009
1513
1674
915
348
866
1917
2424
21
2286
961
1282
2693
2160
2545
893
2182
516
957
962
2316
854
1662
174
2259
397
1654
1127
3162
856
2719
50
3180
2491
1562
1774
1483
1625
2802
2834
920
2776
876
1169
519
1362
1460
2053
1841
2482
2471
2062
1557
1223
1269
1358
913
1410
1199
1911
1173
1503
2714
1206
1491
1032
1826
530
994
1550
2603
1923
2876
1476
1899
1583
2207
1966
1103
2848
1612
1876
33
1952
1070
1709
1347
1114
1806
2629
1044
2379
441
148
2736
1482
742
541
2773
2038
1459
2247
252
2150
1478
691
933
2577
1217
868
2227
2678
3123
2120
1965
966
987
2929
1788
6
47
785
430
1449
565
1465
1525
1235
803
3124
954
1720
2147
1861
3192
74
3110
663
2309
2057
2849
214
1070
2065
21
1879
2283
3015
949
1248
1429
2669
1849
703
175
2435
555
467
2606
296
2651
1658
2533
2910
701
1256
2924
1039
2283
1665
2829
398
2359
1263
334
1321
494
154
1904
3051
1336
1757
1338
550
300
1514
1097
933
2084
448
2452
1099
117
737
2911
196
2529
427
641
1924
2737
2070
1032
1282
563
2734
1063
1562
3176
3183
2175
2453
905
2711
793
2675
1114
2006
3106
1136
3196
1698
55
1795
2082
527
177
2093
2727
2626
1665
483
1463
2426
387
2358
3133
1152
1963
3080
492
115
1260
2985
472
2575
1496
58
2670
2681
2876
189
113
1364
3092
1499
490
289
2874
3
3071
2012
9
141
2335
1358
2359
826
2971
1389
1110
2939
2498
2071
2253
1743
2031
951
1239
2220
1635
1019
516
2808
1034
3022
1296
1852
737
2282
1013
2923
329
955
109
1090
3071
2770
93
1752
2512
1654
635
1950
361
2989
1340
1951
86
86
2951
3006
2895
2627
1189
318
2656
2135
844
150
484
389
1976
2783
78
1976
962
1420
2212
454
2142
819
1332
1873
1302
415
245
558
1297
2038
2918
1375
3032
3042
1400
510
154
3149
2864
2792
278
1380
70
2250
1189
2160
1378
2907
791
1433
1715
2443
358
2947
380
353
1008
50
662
1187
328
298
1803
717
1334
2809
1014
1172
300
2087
1474
2020
1544
963
3116
717
2599
172
1434
3073
387
2464
1417
1714
2774
273
2979
269
1298
2230
2101
1598
1757
2379
88
2468
1971
714
2158
2136
597
2635
775
2822
2954
51
1646
831
1570
2563
235
2843
1423
2608
438
2119
2306
303
103
981
606
1663
826
722
1991
491
1589
417
303
565
2764
507
577
238
1414
1767
172
3010
2874
2055
2852
2402
1926
126
142
2775
1329
1142
1871
1307
244
158
1468
20
168
1323
1547
520
2266
802
298
2010
2115
1941
1558
1607
1632
2559
1952
2159
1656
1785
1153
2150
584
1532
486
2695
2544
3135
1170
721
3153
1352
1106
991
2141
413
36
635
3157
2699
883