4902
5644
1489
2246
4285
2376
4915
186
4025
4550
1166
3663
4741
133
1415
1796
1849
1649
536
5687
3712
5172
3596
2672
5274
1437
5654
1424
3467
3790
2731
4470
5731
5200
2165
2621
2123
4424
777
3722
3661
2012
306
76
2572
3296
725
1044
3292
2936
646
1162
3583
2274
5624
3849
2423
1394
2335
928
2489
2522
2666
1766
2739
3624
4814
120
3762
5105
5064
1665
1991
5222
164
2988
5008
3336
3651
2326
5668
1689
3661
505
3864
3253
714
898
869
4765
1388
2557
5353
1983
5535
2776
1215
2161
941
3198
3366
3938
2955
2366
2721
1549
5266
2303
3371
3815
1833
5384
5284
1750
5220
2397
3068
2669
1352
4765
660
3218
2886
4376
5108
1435
5775
4935
3015
2626
3920
5471
2657
494
5253
313
774
4565
1566
836
1038
2046
1506
5424
3181
1538
1404
3386
2519
4810
3322
2381
2164
29
3079
2901
5026
5586
3664
3404
3412
800
3060
5262
4382
1743
1746
2
1801
4096
4929
109
1692
5774
2148
4727
3532
2638
5633
5690
3419
2863
2685
4668
5714
1271
136
2814
1434
3165
4142
814
2072
2072
1060
1464
43
3957
3681
995
2363
3198
3892
5657
1523
1690
5746
435
2847
2272
2371
3159
3782
3768
4166
1263
5317
269
2554
1123
2446
2901
1473
5383
1515
3312
3618
1988
1654
5785
5735
3983
3208
981
4848
4982
3783
4933
3157
1369
4337
152
3033
4938
3832
4449
2419
627
1025
1745
4749
593
273
282
3751
3966
532
4423
846
3540
5394
409
549
2757
3136
3493
2827
591
1019
2950
5522
3659
3973
597
4272
5256
5172
970
835
3156
3370
3644
116
2938
3234
3429
2807
124
330
4305
2389
4730
2819
975
2590
4763
2033
5154
4786
4442
4860
4293
4431
3733
1117
4365
3704
1306
3230
5387
5046
4279
5626
1043
5623
3862
844
3379
4811
4372
2607
2258
3957
2414
2147
5015
736
4130
4655
4559
2053
1013
4165
1229
589
268
3284
2389
3634
444
1188
36
2884
5162
3420
561
5489
3972
624
4211
3034
1705
886
5001
3433
2921
5297
2635
443
1633
4225
4986
3680
475
493
1695
3335
2826
4572
4835
3843
459
4954
3901
3168
3579
2466
4148
301
5214
63
1690
3599
991
4603
2524
2790
1474
5504
796
4382
644
2217
2559
2475
1687
5762
3250
2794
1659
970
1656
1217
850
1475
47
1915
2528
1296
4199
2057
5785
3320
759
4113
4571
2241
1388
2214
5038
622
1906
2994
5685
4625
4244
320
5147
2586
1079
962
2570
2973
5652
4517
3773
5480
4060
4938
4349
4330
4767
2693
943
2766
820
4272
3914
1771
2871
2775
3938
2506
4598
5668
2054
689
1087
3644
3430
389
3644
1562
922
5613
641
2391
3931
4149
2745
2546
5768
1976
805
2555
3521
68
1858
3203
1738
4166
2923
3459
3000
340
4285
442
5101
4026
5769
3740
5394
2589
2122
4140
5686
1495
1955
2975
3467
3979
1103
2095
2482
4511
4223
2005
2920
95
2279
5274
2837
4906
3354
4773
3045
3150
1309
2095
2152
3764
1124
819
833
4665
1096
2595
3443
4934
5306
5656
1174
5768
4769
511
287
3599
5609
623
3530
5787
5142
5173
3765
1807
639
1556
1161
2519
2569
930
2127
1665
2456
4403
1285
1294
95
3417
845
5754
5031
779
2434
959
4590
3602
2060
1242
4511
273
158
4514
1171
3437
5064
2781
2706
2565
3445
72
4693
5235
4790
1916
4729
3780
1184
3041
4468
1168
3315
5320
5038
644
863
4059
3338
2080
2603
4181
2149
1970
5403
4670
4004
1357
491
3044
3563
23
5244
3615
3729
3055
4490
4370
5261
4811
327
1286
367
4174
4279
3358
4836
3065
1003
4744
5151
2173
4966
25
2399
1179
4070
2240
1450
3275
3668
3043
2006
5467
2716
1864
4668
4311
4684
1030
5202
4392
3504
110
5072
1139
2065
5034
1895
4175
1376
1493
4470
718
1530
3212
266
1844
950
4114
1915
97
1722
546
3485
1201
2569
1185
5450
1575
636
3633
1988
4728
2282
306
4408
5765
5506
4189
4930
2830
254
244
1082
2594
1732
5003
2614
5344
864
1305
1839
3197
5698
5317
5491
2605
658
3824
2797
4374
2989
2844
1872
4124
1070
3543
2845
5587
5064
954
222
2396
1498
4506
3330
4910
2233
107
5628
5324
2270
4250
4213
1454
4383
129
4497
3140
2186
5386
1561
2607
5696
5615
243
1476
521
1069
1338
1585
1130
828
2303
2969
5717
4836
933
1888
1005
2953
5101
3474
4955
4191
3943
2096
2768
4570
1930
3328
1935
3407
4089
3523
3972
5369
125
3302
4019
2287
1843
4687
455
4974
1685
540
3352
3851
3733
3232
3350
2991
278
4686
5355
3780
4508
439
152
256
4449
5683
5101
2166
4551
4509
5693
1821
4502
1919
5034
1300
3523
159
2784
2532
3400
648
5412
1885
3811
2204
1442
2534
51
950
4742
416
4146
2240
589
1966
5476
2436
5749
2506
4756
4250
25
1853
670
2419
3691
1294
3046
3615
5559
3295
3964
4219
5789
2686
2462
2013
3248
4110
1411
4046
730
4972
1985
619
185
3875
5277
1070
2550
961
2153
2013
444
3795
2758
2859
1857
4556
1672
917
2429
4592
1724
1548
4522
3694
5759
2230
3753
788
849
1053
3308
4955
3375
5546
3012
4477
3156
241
1046
3528
493
1566
4630
4982
4328
511
4216
451
5149
2060
1741
2162
4725
1202
5543
4045
3500
716
1357
5517
4821
4661
3201
2760
2058
3094
830
3598
4013
513
1358
1698
3575
4197
2585
2605
860
4638
1931
1040
5348
4908
845
567
1234
1166
2036
3954
3146
5708
5000
5723
2101
2216
5039
2426
2521
718
5395
5407
3264
4557
2592
611
2149
5077
264
61
2699
2367
2544
2786
5026
4254
3805
1140
1393
396
255
3934
3078
711
754
2779
1231
4237
4210
531
3667
1331
4915
4613
5288
3274
1508
1095
2977
3373
3604
5049
3304
114
3352
1166
611
1717
1997
1493
135
2213
1164
1833
3787
5323
3258
959
4877
2206
1055
2351
5634
4471
3887
654
3302
2137
3203
1660
4061
544
4851
2124
5148
4839
2270
4358
3569
828
4900
1905
4207
1928
3086
2349
1503
2371
4636
1321
5531
183
2608
3666
396
3700
2314
1836
273
3204
1568
1691
3211
4289
2192
2903
5601
1662
3919
3454
783
2902
3226
5216
5710
5219
379
1535
843
1051
4816
4292
4843
1397
4659
3271
3814
1760
2704
2367
5133
3003
580
2070
5269
4319
1188
5259
1296
1829
4401
933
622
1086
738
3399
488
4807
5403
793
4768
56
2665
5520
4804
4630
5054
567
4937
3647
1569
464
5468
5247
4178
5210
710
3889
5607
1663
1999
4951
2711
1574
5611
2344
5327
5291
2931
17
5019
743
4343
1114
568
2800
2865
3295
1910
5158
2587
5136
4637
2762
364
1303
5231
1194
1899
4869
3212
1822
3347
832
2922
1322
2725
2219
1600
4810
4576
1573
281
5623
909
147
3669
4370
802
3216
5173
997
4490
4755
1061
2368
1331
854
1850
202
4768
504
5281
2761
1204
724
1445
4875
427
906
3319
5359
1274
1415
3280
582
4287
5791
2935
2336
1100
2557
3721
5253
977
1857
334
5067
2926
5561
5505
2278
118
281
5759
3984
4881
3647
5055
2754
263
745
5179
2997
5115
4775
2941
3350
3560
3427
1460
4296
3509
4005
4839
2430
3014
1299
2728
651
2761
5104
5136
5473
5718
4317
1713
2631
1631
3496
1154
2777
623
1579
2852
3945
2451
4869
5570
3192
3198
2596
2876
4901
1747
3986
4132
1690
2247
3719
1053
5049
3842
1036
3678
1379
4306
4322
4912
1017
3791
1414
3709
5229
943
1836
4846
477
3480
1045
4559
3007
1399
5128
4828
2343
5779
646
3991
2500
1259
3525
5770
4941
742
3339
4711
1544
5645
1876
4074
1491
3646
4113
2105
4403
480
4490
500
4151
4146
31
3489
454
5637
5225
2149
952
2451
1243
4429
5008
1526
1343
4004
5299
1806
4618
914
3735
2195
5350
758
3390
938
170
283
4833
4033
1688
3272
3702
5795
4219
2175
606
1684
4846
46
5355
624
2187
2345
4989
795
4344
2884
1302
3000
5551
3522
4651
420
5502
440
3877
1846
5133
4609
1235
4527
1452
4456
5426
4488
3043
4775
2256
1584
5475
4601
544
5026
51
613
2143
4850
691
5753
4524
2184
23
61
2989
1521
3587
2693
1272
338
508
4384
5583
4084
5305
4265
629
4326
3758
5796
1533
5216
4909
2531
832
2361
1907
383
2817
2060
4035
2490
5578
5312
5498
4257
475
1502
3654
1247
1333
4835
4923
867
3552
2466
2029
4013
3537
4775
4507
4672
1754
3733
3732
1027
3845
4253
3335
2277
5404
1351
3418
4786
3430
228
33
3954
5414
2618
1038
3710
3670
2188
817
2150
2359
2715
3202
5059
2534
1310
3207
4528
1439
67
3358
3833
3560
3854
1297
2209
3139
4328
3461
1479
3741
1932
5642
5031
1302
5538
4353
2879
5754
1550
4552
5223
2993
1410
4192
2256
4209
212
937
3967
5451
2999
1721
2347
1324
3562
5634
2910
1174
3045
4816
3760
1932
3561
3175
5735
2474
4942
4021
2454
991
482
3581
3546
3078
4248
2930
4647
3619
2254
3824
382
3858
5107
2885
2524
1037
1444
2340
1772
4496
1835
4017
986
1160
2700
5796
2557
5329
3871
5496
5306
2155
920
864
5143
4251
2581
5100
3198
254
1002
2104
2547
2295
1717
571
5421
2220
2938
3237
5385
4155
4058
1017
397
2277
1759
4511
3367
1247
910
1924
2956
4153
5314
816
764
5553
797
2183
4521
1029
3261
4792
2050
5414
5550
1237
5168
1784
1703
4076
2168
1489
1247
618
1559
1651
3931
3775
5486
3249
2033
5574
3082
5130
2838
430
5516
526
4919
1043
240
1424
3424
555
3083
4130
2834
3521
2252
5387
3459
5545
5073
4353
373
80
2409
1811
1616
2423
2848
3327
711
502
1965
406
1237
4044
4490
241
2953
5763
2943
3444
5583
1652
4533
4806
863
1053
4066
3797
2562
4978
5004
383
1375
3847
3751
2241
4990
2057
3507
3598
3740
5754
5257
4738
4333
2828
1721
545
4651
1008
2728
5632
1575
225
1828
5583
5454
2327
1717
4116
3509
146
1116
3824
4616
2109
2228
2045
2509
4169
438
1922
4512
3111
237
1268
862
606
3154
2512
2008
2569
4628
3007
4864
2483
969
790
5649
249
4976
177
4976
500
1212
1246
1657
1763
4242
4710
3045
1539
511
5418
5216
3953
675
4421
102
4474
414
3682
5265
4501
2423
353
2802
1139
890
4449
1619
4330
3193
1646
4548
4377
2241
2830
2484
3831
2990
2811
1304
2475
1552
4366
1436
205
2704
194
1173
2228
359
1466
3006
4226
4115
4735
4992
3739
1202
2192
870
5186
314
5435
3689
3693
3589
3045
5778
1536
2797
5755
4453
3744
3
2103
5524
2270
1468
4846
4358
1704
126
2072
3401
2502
5237
5459
4011
4075
4592
4939
2987
299
506
4324
437
178
5009
468
2651
3298
4089
2528
5142
3733
5558
495
2422
2969
3995
2284
2851
2287
3584
4204
4161
1028
5222
5360
4604
5324
3699
1401
4916
4194
5610
5793
5518
3136
5693
3740
2390
1338
2831
4571
357
577
5515
3841
2669
4196
1278
2538
2672
3905
3206
3740
671
2125
797
473
2938
4685
3567
2791
1273
1143
678
5211
2787
1477
4137
1421
2360
2799
2337
2746
2286
1587
5681
3324
4130
4322
5115
4937
3180
1934
4884
2650
2389
4640
5252
2337
2550
1426
4448
4950
2158
681
551
5210
1975
4653
1660
3978
4584
216
4533
290
530
3278
4286
780
3919
347
3397
5429
55
1350
3995
2960
898
2298
5179
3819
3659
2987
295
3648
3333
907
3945
5608
2139
2351
400
5456
5496
4209
2143
2688
3131
3059
5675
1322
1833
5607
5409
1218
129
3545
5220
4405
2816
1469
4262
1122
4236
4440
5401
3220
5001
2585
2344
757
5736
2034
2892
3361
3448
1502
5625
3438
3434
5334
5680
4494
2260
20
1726
1324
447
2557
4855
2187
2689
2778
2846
1039
3534
4165
4227
3328
2751
2970
4516
1935
3955
5414
4855
5046
1126
3009
1543
1846
4479
5334
3956
3197
4451
3227
2705
443
3886
2125
4517
1852
1690
1805
1470
4281
2540
1487
4888
3896
1315
4130
1052
3178
372
2175
5477
4115
4672
3040
2985
3602
3046
5354
4691
2672
1460
4228
119
2692
2404
184
2708
120
2655
3434
2776
3714
3865
4855
2563
1651
4761
730
3884
4997
5191
3760
1518
1635
4360
5125
2944
5745
3229
2467
34
3628
366
4761
314
3740
4154
5335
1218
5713
4725
2245
5083
3615
922
96
2129
4996
4286
2415
381
389
4768
5154
3290
3958
1989
5177
5450
750
240
4013
4705
662
3879
4893
476
5332
1336
826
4262
3601
2944
3665
5304
1364
2694
4766
4169
3331
3385
2932
5761
5106
124
4554
5689
1257
1460
1965
1782
551
5512
2479
3927
475
4725
1775
1895
1794
5244
5458
3088
3630
4079
5484
1998
3596
3732
1392
5427
3413
38
4770
2419
3730
4456
5746
5246
972
4492
2964
4
2485
1162
5414
715
1734
2583
1447
2661
4977
4130
2640
4467
384
4446
2347
801
5008
377
4118
3047
4707
2043
4627
3481
4772
484
5729
2767
3742
4282
725
1148
4000
1221
2834
546
129
3082
3425
5783
744
3671
3395
4139
3177
2209
1267
1872
2800
3179
4158
418
2441
517
3083
1865
217
3229
2070
3132
4472
971
1460
3315
307
4388
946
5270
2150
244
3475
3909
2991
3716
4345
5219
1939
4079
5005
632
3162
3922
4950
3644
3998
2163
824
952
2628
5294
1038
2254
3540
4005
2018
491
4020
1964
1240
1370
4436
767
5548
2823
5752
5739
3393
455
3661
4839
193
717
4166
2602
2739
2074
1777
4719
5045
3609
642
142
3466
2379
4654
858
1221
2095
65
5116
1485
3935
3936
4731
3366
1756
86
784
4947
4303
946
60
1749
2398
4771
2662
2824
785
2338
2097
3495
746
2203
2289
25
1405
3272
3161
4805
4693
4859
2830
1627
1661
2822
1165
3719
2625
5585
1052
3701
874
5730
2665
4987
1685
2213
4829
2334
5035
435
585
2149
4076
5569
743
5618
1279
3347
2534
2379
5468
5457
5015
2905
145
1550
2470
409
3688
321
2209
5759
2908
5631
4291
5725
4926
2821
5186
5186
1001
4780
4301
4007
1277
3495
4448
5622
4066
2954
107
2002
566
4756
1819
5122
5663
1220
1099
3603
3124
1805
2994
4502
5235
2961
3981
387
1760
734
4718
677
2335
402
2772
3053
1972
2707
2775
3222
4419
1462
1632
3676
1459
5725
4690
4956
2366
5410
852
263
5791
1019
4548
830
5354
1125
3532
271
2304
2885
20
4924
2040
4537
1869
275
2641
1466
1987
3994
4053
3810
4295
1932
863
1393
4296
4295
492
989
2940
2562
5388
4114
4867
3331
5130
1804
5199
1615
3175
656
2008
3326
4083
1181
866
3800
585
5577
838
4753
1803
77
1895
4646
4727
1510
4724
5074
4171
2167
892
4702
472
990
2168
4812
1901
1336
562
970
361
3766
1403
1933
3626
3843
4774
2502
4606
2941
3747
2119
3550
4485
2400
1082
3250
715
1929
1844
4703
2273
2664
1474
5604
3469
4390
209
4993
4826
2752
1824
1525
4473
579
5297
2091
446
2182
1699
1775
2612
1641
15
2228
3531
263
447
4762
3110
3381
1933
1166
532
2380
1103
5160
2183
2043
3415
4949
1457
3353
2764
401
1264
182
4960
336
2444
632
2365
191
3370
4490
5096
207
4408
100
3700
2250
5095
2225
206
5445
5261
2502
1692
1087
148
5348
4111
2805
4357
729
749
5645
4388
1730
1899
2446
2310
1638
1498
2464
633
150
4716
3045
4086
3840
948
5680
406
4352
4536
1462
4669
4667
1390
1634
4392
3586
1332
5664
4992
3992
1158
4838
3221
1098
3226
1331
4352
3327
673
4773
1874
951
3417
5358
3837
1464
5581
5275
5334
2024
4301
4619
2251
1046
1633
5562
4311
5037
1055
4485
1839
1864
3533
4310
3116
4112
3776
56
3225
3733
175
3046
714
651
1170
2054
2660
759
5636
2710
5423
3333
5488
311
4448
2430
4868
267
2890
4182
4841
1148
689
665
4905
5202
1368
5496
1673
5044
104
3321
3500
1333
2784
5276
1238
2574
3075
546
4743
3696
933
2094
2287
4951
36
307
4254
1710
830
2631
423
1867
3778
3028
3923
4697
5064
5702
4529
4778
3163
5037
4723
735
4916
3133
4073
204
2340
1379
4201
5742
1454
2730
1063
476
708
4186
1253
5034
145
5701
3039
1491
1116
3244
5040
2209
2023
2851
1448
4020
598
1521
823
5687
5030
5590
410
4025
3238
2327
4445
2740
2235
2013
4954
1621
5659
1655
4208
4222
2895
3687
3085
261
1910
2884
5175
805
1832
2188
5416
3154
3712
5436
5015
3688
256
1471
2778
4901
222
3798
4209
411
3353
1227
1820
2823
91
561
1489
3561
3245
1520
288
338
91
2115
2811
1253
900
4534
3008
135
5701
4393
4749
4697
5136
582
586
2245
5561
2103
5675
3455
2163
4670
2920
743
4622
4770
82
3313
2562
5106
391
2553
816
3910
4563
1189
2540
2434
2604
2716
2618
4643
1486
1119
2198
939
604
2100
760
1404
1583
4427
4942
2406
5561
5219
1172
4585
1526
5119
3397
3822
2027
1485
4535
890
1788
1207
954
5234
829
1179
5457
5511
1667
4470
3718
368
3322
3660
3403
3118
2848
1512
1384
1704
3750
3333
454
5761
4943
2073
301
5395
2811
558
1998
5082
2415
4390
2765
1140
2851
4871
2635
2349
2765
575
385
3232
4060
3063
5106
2527
258
3718
3231
730
385
4800
4783
5411
3726
4475
1649
5762
2000
5028
1927
4751
5573
2821
475
3173
2614
3963
3824
5561
4133
1581
547
222
1860
4841
5405
4229
895
3404
4624
5134
2313
44
4625
3613
2468
2108
4261
456
1311
4428
3303
3324
2083
2697
2621
1122
1032
5418
4970
5195
2058
3430
149
5175
580
3821
3572
3548
839
4398
2165
1727
4565
4769
4267
2118
195
241
4639
2315
4489
980
1437
982
81
2030
144
129
2979
5210
1873
5184
3244
2484
4227
3809
4986
3202
3509
2409
4480
4852
4867
3482
2696
1642
3426
3852
2678
5080
2475
3845
5450
4099
1134
5727
4768
4829
3754
4615
404
4888
3993
2983
1082
3729
1954
5190
1162
2868
3577
942
1674
553
4601
2627
4607
2654
5731
1218
5436
4960
2991
312
674
5322
2955
470
4153
2162
951
5321
5245
5788
2683
3065
5014
4422
5340
5518
5688
87
2062
2182
4689
4543
3233
827
3152
2363
885
3787
4526
1472
1278
1303
1607
5628
1959
2145
3402
572
79
3346
5474
716
1236
1471
4315
1149
1104
2221
554
206
4262
1389
3257
3623
5279
3012
592
1261
3155
3197
524
3696
2951
2395
863
1187
1731
2473
5721
4399
216
2701
69
2546
294
4808
2353
3753
5269
1007
1728
1239
492
413
3729
5149
5574
2887
4726
1858
1422
4163
1256
5249
1963
1506
5128
2477
3420
1571
1218
3326
56
1978
2563
4026
2178
4392
432
1202
285
2447
309
4746
939
4523
371
5181
5654
4558
1742
1096
2009
1877
5574
5685
2085
4348
5523
4297
5115
5684
5129
5668
4271
4696
489
1608
3557
1219
1641
3776
67
436
1917
3297
4021
1821
5261
607
1524
1663
5450
2848
313
3401
1893
5660
4956
4692
2534
1292
614
5490
5486
961
2670
3147
391
4529
1235
2942
1956
51
1992
2029
71
3124
3316
4564
647
3794
4004
3604
2226
941
2557
5409
4038
4817
5272
3836
3271
664
3144
1891
246
5555
1627
1323
417
1583
3631
3879
3659
3335
3270
5690
3014
4678
4453
2616
2646
5656
5297
3932
4846
773
175
1031
2648
3204
5295
427
2531
415
1664
1364
4959
1884
2564
2933
5307
1892
1553
5102
4800
1397
81
4487
146
1811
5771
1706
4330
243
2638
5684
3364
3972
1457
4418
1965
2278
273
1738
3059
4042
2819
3267
4109
1297
2380
2839
5195
4623
4545
1153
4438
3373
2809
3418
2282
4446
4639
598
4182
1950
4968
5338
1077
2674
2149
1064
996
968
3277
5066
3480
1408
1939
5259
1386
287
2631
2404
5539
700
5484
1592
107
3655
1828
4022
1635
5363
968
3953
5293
2249
3038
1497
431
1874
2210
4266
4007
5011
1306
2395
5372
3883
864
2913
4151
3055
5426
2601
4760
2522
5653
3536
2850
2439
4295
3977
4336
1204
416
477
3731
2484
3563
1113
1755
4111
1134
4297
1570
4896
1863
4510
2702
4034
5668
4258
3378
894
4260
2814
2792
4215
2655
3078
3886
5199
2267
864
5549
3913
167
4607
2559
2718
5521
5206
2448
618
2231
2842
2297
539
1269
1582
3221
1746
1914
3653
3721
1091
4255
868
2682
862
3205
605
1612
4517
366
2089
2915
1720
4083
3553
4704
4781
5539
1596
1690
4008
5693
5521
4464
43
5315
4691
5005
4750
209
3712
5458
4135
1147
1403
4258
1495
4457
2902
2578
748
1391
1707
3
75
4280
2316
4902
181
4187
3133
5050
2252
3226
5502
93
131
4492
382
852
1202
4814
3450
406
2072
3923
2629
4711
3973
1829
412
2516
3338
1113
5147
1092
3278
4491
1470
3241
1014
1769
441
2819
4783
3972
2924
226
4174
1327
1541
5681
2184
2079
1731
3760
3714
2039
3548
4635
957
977
4284
1675
2025
5205
5321
2999
4283
3175
3641
2859
784
2668
1045
3427
5289
279
4268
2104
718
4574
3244
1280
3578
4558
2213
1631
889
3521
924
5023
1018
1045
4888
3475
2659
5586
141
3413
5218
2490
317
2294
4903
455
1596
2776
889
4506
1640
5378
124
151
5215
1502
4893
4710
2728
1794
1832
4874
1145
897
5702
4245
4741
1005
1098
2506
5226
3358
698
3220
2853
169
5762
5534
5409
1296
1339
5178
3392
155
3349
4676
3707
311
3770
3888
2121
4492
3470
1902
2107
24
925
4711
1567
2447
2791
347
4004
4425
2710
5454
4258
985
4797
3357
778
2087
3254
3199
5195
5628
544
393
420
1572
1677
1713
2337
242
5143
5451
533
2952
3942
3771
4307
2241
4458
4090
2336
206
4920
286
1414
3214
1575
4897
5474
2778
1866
3086
176
2913
1913
4068
2558
1905
300
4450
1249
2118
1330
1950
1043
92
5233
4910
5058
3116
4901
2790
4134
5219
5675
699
5676
4118
2523
2399
2911
4124
4881
4073
30
3210
1458
505
1954
3011
4266
1819
4071
2252
4230
3433
1569
1495
2253
2369
1257
5446
4797
2233
5756
4953
538
5057
4991
2858
2296
924
4614
921
344
570
1320
4795
2695
5563
325
4278
5178
1798
5495
1010
2174
597
4761
248
5486
4049
2371
4505
1495
1138
2721
5752
2051
2369
2044
2532
4935
2679
3979
4941
3376
2357
1665
1933
1961
4955
2777
405
1432
4624
2959
2752
1043
415
1313
927
1010
809
2936
3454
5532
1304
2051
4859
4394
278
3013
5712
3808
807
5333
5578
1273
3338
3876
2542
4095
3755
1845
2373
4687
4719
1983
1103
4015
3624
5010
2956
4090
4343
5532
3632
3238
2114
397
1666
2250
4330
114
1838
2804
4152
3619
4132
2222
3325
4667
4114
796
750
2257
1927
5325
1390
3402
1648
3856
4935
4640
1751
5127
4733
4590
144
1823
4705
1637
3028
3843
5285
170
2823
5208
4353
2589
3036
1653
4201
1509
3501
4728
4250
2953
4692
3961
4222
3734
2029
498
5177
5505
654
5253
1834
1737
1867
3990
4428
3418
1984
1139
2787
3366
3512
2220
4617
3259
5295
1785
156
737
3366
3228
3742
4064
351
1699
3336
3891
2424
49
1749
4023
2550
1518
3905
3203
241
5167
2176
1356
4806
3461
2568
2861
502
3571
3591
1298
4929
1996
55
994
2733
313
3971
1484
3419
3262
5712
4142
1961
1923
1470
681
1663
3779
2237
2951
2844
872
1675
149
5574
1973
883
5460
96
4570
5028
2146
2801
4120
2671
4213
926
5444
5401
1363
3820
3787
651
3914
4212
4459
2253
4016
1121
2517
1412
1601
2658
1890
1436
514
5758
4133
75
4098
1606
2712
4988
1481
945
4066
3559
5726
1940
3361
5717
3103
1077
2237
3625
5785
665
684
1603
1756
956
2308
4518
3133
4560
4132
1786
1576
1236
1432
894
2454
4507
3943
2
3828
3799
1181
2467
3428
659
2210
3635
3103
1640
1140
223
3288
1198
859
1967
872
5725
3585
4440
5262
5705
1299
179
1968
2752
4977
2939
4103
1899
5614
4325
3540
574
1023
4597
4778
5004
564
4213
3315
2034
5310
5171
5463
5309
3984
1504
5379
3367
3395
2177
5093
540
1475
1921
343
3216
858
2195
2457
5260
3732
3593
5633
3419
5375
1841
951
1333
4336
3864
3062
200
2505
2612
4555
2632
3494
3784
2008
1296
845
2975
2256
3555
5419
5626
2387
3757
692
5688
1159
3958
2234
5173
5701
4759
2790
2576
1897
4630
4013
2213
1761
3391
409
3103
2819
2179
1669
2720
2749
3524
5473
214
4478
1769
1846
1185
1486
2413
3453
172
2676
3257
5315
5180
1349
4606
3493
4330
1683
314
5750
4386
3620
2903
2907
3241
2413
5612
4600
4089
4381
2741
2059
1534
1045
70
5572
2985
3815
3954
3089
2450
307
3989
4799
3974
4116
4962
3242
4314
2598
3307
2060
694
2064
4988
2987
548
817
5198
3259
5253
4504
1675
5604
4175
820
125
5631
4662
4031
2164
2658
152
1824
5794
732
1364
4912
5656
2580
1308
2706
625
117
666
4813
3952
2675
5756
4707
3902
2931
3378
2744
40
3516
580
1699
1500
5603
1840
965
1979
2362
101
1827
3894
1229
3436
560
2852
2972
2520
1960
5152
4579
1374
2180
4243
2005
1073
5653
1866
3112
1632
993
4546
4734
4966
1738
1531
660
4532
2725
2371
409
4632
4205
3354
2275
4136
3612
4114
3157
4328
3569
1654
5579
4326
1412
3880
2767
747
645
4378
3498
5574
2964
4498
1065
2786
50
2095
5604
3684
3208
2760
4040
4608
5067
2589
2502
1049
4813
4047
4090
4892
1246
1709
3920
630
4070
728
2748
3741
1781
3820
24
4919
5566
505
51
2705
5163
4316
4311
3872
1921
3408
4846
994
5502
1404
5564
3473
5296
1166
1262
1863
863
3897
413
2280
2866
3978
389
1799
523
2389
1617
3180
1796
233
3491
493
2156
4869
5653
5659
5079
3211
724
176
1310
4025
1147
3704
3434
5105
4233
2335
1694
2767
1822
3444
5761
2630
5642
5488
550
1443
884
1686
3766
4927
5206
2044
870
859
4178
3088
4098
2834
4112
4040
52
1843
5107
445
5652
3411
1913
3030
4424
4741
367
692
514
5061
1956
1478
5136
3682
1322
3064
5131
3912
3509
1731
4311
317
644
5596
3641
5467
2559
2535
1536
459
4805
5502
4212
1472
1831
493
3203
484
1603
3066
4957
3847
5128
4428
3262
721
1629
4247
295
5183
2262
4242
3699
1191
3867
5295
1352
958
1777
3256
3237
5039
1483
1950
571
3949
667
1566
5006
15
2101
5605
2758
1431
3385
3683
4237
134
5726
179
1141
4017
5245
3020
2239
5781
933
1221
537
2344
1548
916
2172
3634
2852
268
3520
2842
5434
438
1665
5775
1343
2397
1375
2633
1474
1418
2706
869
888
2350
2519
830
365
3637
5628
1109
5397
1060
3791
4807
2047
4556
1853
2177
2356
4057
2705
3355
5718
722
705
1645
2470
3382
5384
281
5535
3205
5059
3288
2745
66
1522
5510
3440
4794
112
1298
2485
5350
3150
5674
3661
681
4414
4577
4758
2169
5288
2708
438
5755
1177
2399
2754
4057
3018
2242
5207
4569
5631
3204
1168
760
922
1571
3574
4091
4883
5098
1131
3159
1529
844
5555
2637
1630
1228
4577
5420
3642
394
1408
1369
807
4499
3121
5301
2615
1370
116
5481
2546
900
5502
1642
4985
84
2553
3432
4626
3410
2093
2323
3348
5732
2388
940
4133
4709
1196
4425
5254
4850
3243
33
2851
2571
2637
1427
1836
3539
895
3875
3781
1354
1013
3094
5761
4334
1667
146
3103
524
1674
1935
1155
2360
1958
4055
3985
131
4317
5167
4762
1683
435
2860
2267
5089
4829
3618
1956
2582
801
1125
269
67
1817
5793
2741
3714
3704
4825
2331
3981
1951
2055
4868
244
3362
409
410
4795
2649
2957
2606
4238
4598
5533
1210
4623
1125
2218
1488
453
931
1723
1476
5758
2152
1500
1339
4071
3263
2494
4790
2472
1461
4760
3558
4163
5007
712
1131
2403
1308
3567
2034
422
3625
1140
5591
3770
2753
5658
4143
5566
2861
4847
1830
4162
645
3603
818
996
4660
2668
3716
3003
4556
648
66
4610
3516
349
4087
5679
557
1960
4695
4135
2476
3295
265
4787
3726
2918
909
3582
572
2854
3923
1374
1078
2151
4069
3453
2589
5384
4883
4951
870
1163
774
4395
1671
4494
1747
745
4368
2716
1481
2061
2621
3358
3379
1298
3710
4561
1470
4027
3540
739
739
3120
4175
4702
2367
1885
4562
5622
2517
185
1018
5165
89
544
3531
1926
4023
2885
4464
2301
2003
4578
2210
420
1046
915
4845
4692
2595
3731
4461
1690
3389
1116
591
3938
4115
977
3110
4397
4924
4799
607
4014
585
3398
322
4599
4586
2032
5190
4362
3392
477
1959
1157
761
666
4727
4899
2912
4196
1921
1088
5270
4453
4213
1123
2167
1812
2211
908
1126
3446
2453
3500
353
116
2154
521
5024
3265
217
1150
2203
283
4731
3789
2724
5370
2038
1012
1052
1419
4066
5205
62
454
320
59
2413
4434
142
5784
2853
5557
2355
4755
4732
1346
3715
1935
5462
4104
491
2736
189
1866
4376
2926
2091
5516
1309
5147
3621
3773
4214
4850
4865
2423
245
2210
2958
292
2874
576
5450
5688
4282
1905
3574
5107
3948
324
1676
1952
720
2562
4185
3923
4672
1542
4090
1527
5412
3918
3771
5642
2867
649
4958
851
4932
2989
2354
3328
4144
2752
1432
4061
3478
153
1699
3797
2051
1363
3401
2790
4429
4731
4803
4225
5731
1931
4717
3991
441
4413
86
2693
2827
396
3186
1505
2674
3894
5598
5012
3128
2849
5539
2618
1755
1205
2504
567
4952
5591
407
5519
3274
2644
4108
1032
3905
5576
902
5544
2944
2708
1788
4157
2295
26
1889
3378
4960
1434
680
3190
5061
1704
1374
2212
4817
2865
3978
2954
884
3003
1717
5048
5730
5108
5102
4008
3279
4730
3547
3969
3877
2198
7
860
138
2096
4123
2388
4853
2941
3847
2472
3235
2245
5447
3428
4879
1013
5315
3493
3831
2625
4099
124
2379
629
4309
3422
1554
1561
3543
1494
2404
5429
2608
5196
2074
3964
1755
2953
955
3706
2261
1662
4096
2372
1015
5562
41
2111
951
2059
3321
5075
2555
3241
2917
538
2493
37
566
4558
5548
2764
8
450
747
2597
1012
3394
553
481
957
2144
4337
4058
1527
163
5183
1072
1510
3908
5179
2186
1800
412
4192
1265
4474
233
3815
2537
762
3598
2502
2155
59
1360
5494
202
772
229
2839
5226
204
4309
21
1266
2668
2160
4128
2612
2279
4218
96
2427
5717
3133
95
1600
3906
489
4420
2301
5166
2364
5596
593
1113
1349
318
5259
4014
5624
5433
4837
1441
3265
5147
1488
5552
4503
2418
2862
199
3830
824
2968
3559
3509
1264
135
2449
1984
1622
5241
4818
1824
3035
4669
4459
3334
4973
4206
4848
4064
3521
3147
1601
3521
116
2907
2318
4228
3497
4910
4526
2056
4340
5542
1382
762
5561
975
2545
2305
3181
4952
5342
5616
5787
3851
2699
1422
5585
340
2787
4360
4741
3428
3528
1200
5257
5564
5148
1449
5619
2103
1762
4143
5692
5625
5148
1634
1364
573
4005
4720
3960
1423
2967
1289
3133
487
4312
4649
320
3622
1379
5495
3547
4177
3473
4656
1039
4363
5213
4770
5354
3064
4990
1312
479
804
3442
2824
2504
5334
1017
1347
4287
160
506
2031
915
3278
3617
4542
3856
254
342
1384
5701
1228
5099
3830
3863
31
5244
1708
3672
3530
803
3001
3599
1852
5540
5199
1672
3985
1297
3658
5459
3009
703
5488
3900
5023
4055
5341
5055
955
4047
3283
4187
3069
5530
4235
2378
5259
5039
189
4621
499
2856
3750
1046
1992
2700
5045
1486
1720
5064
5020
2739
2280
687
140
1486
907
1710
3851
1603
1234
3213
1096
5084
760
4929
1890
475
3400
2647
3473
3913
3628
25
135
211
2453
4759
2201
1561
2176
5390
2320
626
755
1550
5310
4956
4941
1607
2000
914
1683
4846
839
1675
2558
1062
3459
1724
4777
4212
7
4871
5758
2967
1200
4982
2637
4813
527
877
3342
2055
3388
2871
1527
5182
4516
849
3082
308
3093
3854
4142
4071
2561
3975
2614
2781
3966
4926
2248
5532
1251
4431
4930
1935
2303
2474
5614
3223
2530
2797
474
1541
2104
3104
3535
2740
4604
670
2503
4114
626
3902
5062
3506
950
3357
5143
1392
1121
1867
2797
3039
4384
260
1948
786
4796
3935
5745
2001
4146
4205
3931
5699
5099
3121
4469
1702
2363
1305
26
2684
247
3760
476
1249
1476
775
687
895
3277
2553
3008
2751
69
5638
4642
2294
3572
4738
1944
1904
2749
2015
3492
1084
1315
688
5682
4610
668
5786
1366
3962
2427
4471
4534
4660
3651
4059
4505
2797
2009
4527
3288
1380
3512
822
463
553
5161
3957
3345
2865
1090
1327
3984
4995
2643
787
1056
4221
1886
2222
5369
2568
4363
205
2551
915
2820
1003
565
5592
5507
1979
3065
1221
2094
2994
46
3958
3037
5792
3666
3330
1597
3688
1246
3804
974
626
2539
2717
5711
3549
5717
2873
771
2418
1792
5132
1675
5250
4508
4765
5748
4651
1542
5164
4581
1378
814
5525
3563
1814
714
2612
2860
3797
4382
2164
1350
3776
4884
4535
729
2471
1179
103
37
2915
2973
2729
1227
3071
2016
2594
3252
5182
1042
1797
2293
2981
3823
1911
4137
1811
5495
881
5733
2586
2844
4636
1450
1985
4100
4016
1649
294
3207
4332
4549
4054
512
1666
1919
2337
3452
4222
2184
5286
786
2365
553
4407
1797
5755
845
658
2701
1242
1994
2457
1869
322
4102
2339
1781
1993
487
1751
2495
3532
988
1390
627
861
3173
298
5120
3164
1068
3857
322
4247
1570
2700
552
3715
1586
389
4636
5617
1812
1897
864
713
2966
678
809
4259
4549
2344
2952
3727