363
1062
2384
2630
1051
3152
1358
933
1069
968
3006
1974
3337
1263
1526
1281
7
307
3314
2797
1650
2543
1803
2728
2371
804
1646
2582
1804
681
984
2353
1353
1292
2095
275
1372
1639
3226
3003
1495
3217
2534
1292
1284
3171
2986
2495
2570
537
1642
968
1300
3300
81
167
448
43
2514
2245
2456
797
3096
1624
3323
2671
839
182
965
348
730
3420
1711
2068
3219
1301
3025
2764
831
89
1552
259
452
2066
3330
2844
1647
3297
1603
603
498
2294
880
137
494
239
1693
2627
3408
872
1631
1460
1877
874
2744
2220
1626
931
1376
1754
1926
309
1386
3489
916
20
2464
2673
3221
541
2229
3282
1188
2769
751
2764
3337
1325
1304
2388
1288
3382
2081
15
2966
1005
3391
2390
3317
1544
2210
3213
97
1840
3234
1481
1412
2625
1916
1367
2505
2072
2297
1583
3292
1209
1373
3439
811
2506
764
770
767
2028
1066
372
837
576
367
2674
1885
565
2761
1816
137
3033
1622
3263
452
1145
153
383
726
674
939
2960
2021
3340
1079
886
1856
2273
2690
1826
3469
1184
2132
2938
3379
677
26
1800
1013
3239
3381
3198
3233
137
2120
2689
667
1332
1255
1770
1406
3390
1209
2718
228
687
3288
29
842
774
62
3076
1601
2049
2817
832
604
2643
2596
2830
994
137
1800
20
2918
1307
1877
1591
1394
2737
1060
708
1720
305
2
1584
2411
3237
471
600
2311
3078
298
906
1810
2632
1364
934
2921
2735
1683
42
602
1873
1095
2653
275
1670
1498
3493
1712
3495
2823
1785
179
838
317
1845
136
3358
1211
3045
140
1113
1828
226
2970
1249
640
566
515
1604
1654
3489
2446
3032
2508
2847
875
167
1187
74
1770
1865
2592
2722
1441
2433
1760
605
207
1485
1279
27
118
1973
692
3457
2052
401
750
2730
108
1427
961
3187
2777
2056
323
1882
3319
2383
1807
780
843
2088
2885
3477
402
931
851
1233
1575
366
584
911
1334
1030
2542
81
317
1376
2610
2497
1007
3108
1851
1826
2056
3158
2413
1848
1779
1088
1623
3453
1946
1883
1779
140
1187
841
316
3138
959
640
2956
417
708
935
2992
2175
1497
113
2343
451
3179
13
1598
50
3061
2823
3006
2698
24
2124
2581
1055
1841
1735
2316
2841
1273
2800
2821
2501
879
1105
3257
3118
2017
774
1907
2219
315
16
1105
1083
2578
588
573
804
1400
611
2244
3430
393
2131
2829
2424
2939
1608
1480
754
1528
246
1339
1304
2863
1253
481
1443
1234
3062
1236
3071
3212
1375
2813
383
2167
3126
1996
2161
569
1589
2438
1459
1660
624
2805
3076
1839
248
1940
2477
1373
1845
2600
2663
1630
314
1994
1953
84
2218
498
2070
3277
3112
722
722
2884
2534
2328
3211
1728
35
1666
1512
555
1611
3099
2919
2375
1791
1234
3468
45
1437
3380
1519
741
276
2452
2194
1096
334
2823
1566
3399
920
3074
683
1294
3153
1277
1664
2434
159
3498
2116
1023
2197
2099
2787
425
751
1420
2025
2222
2438
80
1269
664
58
484
2259
2545
2272
3051
2958
970
969
3269
1087
1872
2815
1931
2976
1609
1289
1229
2716
655
2519
2502
2431
118
2912
2434
2731
1741
1948
2887
2339
3462
825
1372
2250
2529
747
443
3185
937
2649
2914
3062
96
162
3122
1522
3412
291
2159
2738
2331
1082
3383
3348
1606
409
1480
1216
292
69
171
2276
1845
1506
2593
1205
309
1442
2431
1983
1869
1765
1941
3133
2303
522
3488
2903
1082
3369
3043
1075
1148
861
2309
279
2697
637
481
342
2364
1967
963
426
887
1410
1686
284
109
2931
486
3174
160
509
3239
2862
3358
1171
3261
2734
2516
3430
2821
2075
952
638
127
374
2524
2908
3093
3027
2210
1406
2042
2553
3326
2480
36
672
2257
14
2820
1741
1746
1552
2493
2444
3465
3292
2435
2700
1131
958
3386
635
1240
2615
3254
1707
3294
2117
328
2772
1466
555
2787
55
2664
2461
1498
778
53
1064
2448
3313
3099
2136
2595
979
2410
1738
2600
2756
1357
3459
997
1428
3377
2757
2051
989
1695
2919
976
3372
3267
1996
948
2955
2886
3193
1707
3359
1598
1841
3403
1988
1651
615
353
1352
609
1132
682
2623
1581
469
1192
2269
3075
2268
3495
1248
325
2732
1993
1618
2152
2269
3118
2296
1926
2860
1453
3075
2465
2541
690
630
200
360
2210
568
2559
2669
1832
2099
466
1553
3023
3414
3365
2629
1155
2396
2592
2432
541
2194
681
1394
1146
2812
36
509
1810
825
393
3481
224
1005
2279
3190
1637
3273
1559
2789
2170
1580
2770
2267
203
1186
672
1728
365
433
320
1236
1574
1646
1016
41
1921
2118
231
2423
1506
785
3104
2605
659
1747
2158
112
3106
2483
3104
1379
392
963
184
896
1402
290
2664
1072
1215
1584
930
1272
36
2842
2211
3470
827
2112
1020
1326
2396
1133
1184
1696
460
1248
3226
1132
1545
3373
20
1186
2508
3304
1473
14
3148
1080
628
3183
2494
2283
1599
545
2274
2031
3066
1303
811
3086
2835
1337
897
568
3178
2568
2164
1948
199
1692
1544
1505
825
1656
3115
359
882
1009
1114
3418
2454
3088
2160
1979
1852
1667
2915
3065
335
1523
3409
1987
984
1839
2246
1740
1653
966
1535
3412
2473
3211
2658
1414
2494
748
2587
272
1955
1324
3176
2947
699
556
1232
2094
458
215
2012
2968
1952
3184
2523
1802
836
1703
1164
2471
3221
1581
792
3081
806
2568
200
2478
479
2988
1780
969
357
358
2235
1864
3013
2662
3008
3221
3311
3285
2492
1638
2832
1295
3351
1493
1678
1615
394
2611
2577
1569
2117
535
1907
2285
3315
1028
1530
3459
1139
699
2214
2430
3211
471
3290
1602
3208
3382
1960
2445
976
2187
3385
1172
1807
2174
3473
2235
2956
641
2266
2778
495
361
2097
1300
3436
2026
499
3019
1917
383
2416
2860
878
1500
679
59
2782
103
2267
312
2779
622
355
1001
2757
3284
2061
3165
2895
1666
1536
1413
2661
108
925
728
2307
1450
2555
1086
561
1429
1033
3092
977
720
913
390
2766
1997
1506
442
3199
1193
3461
2094
3468
1965
1311
2528
1818
2736
1691
516
724
416
3217
35
2364
53
664
3241
2160
3078
1084
1439
2890
1408
1667
3381
2217
2904
321
3248
253
2159
1312
3105
2203
3446
1503
1394
3286
2357
1936
2758
1573
3483
1722
2838
2380
1489
1188
538
3084
322
3418
990
946
1516
223
555
775
3355
2052
2639
2652
34
1106
1675
242
1920
1568
3163
3133
568
1969
1573
2719
1797
737
3278
236
389
625
3065
2080
3481
2131
2946
1032
3195
1686
2759
3183
2763
3335
2739
609
1887
1848
1051
563
2941
1590
672
3433
3324
3191
1511
2103
191
1969
167
2696
445
1782
2673
1519
1044
2794
2424
2028
1572
352
648
904
1582
3261
3148
1151
3213
1478
1663
1475
1942
1020
1477
3393
1336
784
3051
2229
2290
3433
1915
385
1007
1464
1231
3434
419
1057
1563
1515
2699
855
2066
3451
1681
1853
1657
821
1120
1309
2115
3430
418
941
3154
697
2747
1118
2054
2182
2901
3257
2425
2640
3291
2411
2107
919
1182
2894
869
2700
1551
2972
1805
415
646
3348
2167
924
949
270
1638
2075
2511
3099
3237
2061
1370
3046
3091
1680
3042
740
248
1780
1379
3233
1640
483
1037
1025
87
1109
1040
2962
2441
867
2573
3405
1338
1952
2188
1583
376
1736
404
1128
1269
3151
2463
3318
1204
1876
2891
480
1528
260
961
3116
82
2628
1842
1140
1723
2292
2311
3387
3346
2969
146
2604
1189
838
279
407
2147
413
2788
1570
547
3000
2065
2900
927
1592
1232
3036
128
1694
1062
2785
2881
967
3067
1897
1165
2235
1584
1215
2766
2597
344
1147
2644
3377
2457
1497
1437
1058
2142
359
437
3320
2931
2681
2826
164
2592
114
2274
771
2135
2630
1145
1834
1748
1979
2587
407
1925
2112
1477
645
2659
2436
2430
2471
2787
776
389
2330
631
2460
2259
1353
1294
573
1434
497
2364
3289
492
2141
282
2750
1675
2169
287
3118
74
655
2001
2568
1879
1080
132
833
1658
258
82
839
1272
3461
2416
787
1867
2696
154
2265
1352
3390
348
165
2227
2043
2543
775
1681
956
2698
249
2505
3157
1367
3363
2194
2494
1453
2229
3418
1382
2906
3003
359
2722
30
2939
1400
204
3246
2638
3471
3403
52
2046
3250
2135
1497
2996
164
1257
1281
3478
681
2302
818
1229
3171
1153
2721
80
1264
1350
2002
3404
459
2956
1615
1480
3108
2487
2426
918
2275
3070
241
2798
2824
1491
1928
17
1010
2633
1990
2899
3237
2564
2886
1329
2324
2183
1709
2605
799
944
1068
1420
3192
2673
183
3229
3403
3290
1107
1234
644
1288
3348
1027
3422
3019
1127
810
2290
375
423
3454
812
1487
1469
825
1458
106
1452
301
2251
3217
2532
3226
3010
2145
2042
2248
1149
874
2472
787
1191
3057
2254
2821
3372
3095
632
2663
3410
614
609
1481
1469
1114
1079
897
1884
422
2360
1358
53
355
1166
1027
2061
1015
517
1352
58
1938
1243
1625
1061
837
1149
1528
2095
3385
1915
3358
1108
1310
2636
2030
2767
2298
3185
2369
1574
1522
257
3356
1378
3339
1091
243
3283
2361
2419
1196
16
2318
2746
117
762
1896
2582
1461
2451
1952
2294
178
1393
2851
2905
2057
166
2636
2246
1408
1308
3177
379
1115
507
2801
3300
663
2148
1754
963
2263
756
374
3168
1417
1195
1037
3338
1785
1560
2328
2737
2511
700
370
2480
3483
1679
1990
3438
3489
3473
132
2744
144
1370
1921
548
2068
1127
507
3026
2044
1701
2132
2175
1853
1254
708
3022
2767
240
2314
509
2494
2583
2786
2266
2976
328
2380
805
2096
3435
2269
2394
2985
1422
66
1632
117
2197
2948
610
2967
1412
247
804
1066
2946
875
488
1105
2530
2639
3435
3409
266
3045
552
446
1795
3467
410
3191
886
2439
3106
2293
1616
1733
925
2199
2766
3317
2668
2875
2663
220
1289
2032
3300
604
783
2072
2316
3456
2355
2036
729
1972
2745
2382
3478
2438
1700
3006
780
484
363
3016
1240
2282
1753
1524
2128
2549
2351
94
563
590
1760
3076
3029
61
502
1474
3329
3193
1713
1193
1081
1900
1343
2626
2276
1502
1858
2215
2501
2614
3315
1081
1575
2575
333
964
1913
771
354
2787
997
2341
2094
3005
792
3207
2156
3358
58
1908
2350
2904
654
128
924
2246
1548
2858
1801
245
3319
272
224
1053
1299
2654
2629
2185
1207
1476
815
2787
2229
698
152
1980
1802
483
1922
1394
1445
1524
992
2999
3454
956
1309
1972
3452
278
2260
568
2940
265
1904
2512
3242
1244
410
2689
331
2092
29
808
3327
911
1184
1787
3060
301
3177
2118
1352
389
3429
3182
1784
1716
3052
1484
3377
1705
1785
867
2617
3465
324
949
2308
1587
1831
1726
1110
2287
827
463
480
2486
2201
702
3136
2329
501
1584
1640
2090
2648
243
2188
2404
1041
2162
542
1762
3387
1585
2032
2821
3375
2939
3250
3220
2380
2599
632
411
535
408
527
1070
2359
2274
135
2216
2450
284
1420
2634
136
32
620
2308
636
1249
1481
444
1036
2507
1980
1363
3310
1221
2416
3387
2828
2058
160
413
2558
853
821
1046
3143
1038
1779
1310
2440
1634
3079
276
2292
3165
917
3368
2660
829
264
752
1575
3456
2721
2023
2471
2547
3331
1182
2518
3422
1311
3238
2724
115
2759
1652
282
1863
3152
2883
2234
1788
2729
2539
688
1962
3176
500
1104
1416
2170
590
208
2085
1008
3349
1347
406
529
200
2654
3292
1059
884
2808
1586
296
1525
1141
890
3291
1938
1834
1886
3198
826
3352
3322
2173
2757
2094
1877
361
179
1734
1199
2708
1113
1185
987
3059
2007
3433
2438
988
390
296
2706
3346
1702
3490
3342
1691
2032
3059
2611
2670
1425
1994
1495
3297
900
1616
2971
2952
679
661
2421
2214
353
739
979
2651
2420
1274
2854
963
1904
1788
1228
769
7
3046
1582
2312
898
3126
2228
406
2575
2842
3142
353
2571
1340
3441
3493
1986
712
2293
2635
1302
2866
3410
3040
1210
1354
1489
1283
1049
1663
1267
197
1542
3209
1602
1123
1498
1210
2585
2813
3424
2378
363
1172
1464
567
96
1623
526
1043
166
1096
3496
1429
1647
2975
2336
2125
3375
1490
2894
1709
2426
816
2732
2434
1121
620
1207
2623
3270
1387
825
574
94
406
3447
977
2766
753
1386
1755
713
2233
663
1022
459
2139
2558
1797
1374
929
1781
585
2731
3407
1104
3312
190
3207
3469
349
2766
1114
1521
3052
1180
3344
1055
148
1784
3056
2132
943
107
2217
671
1282
284
3259
2839
1610
3233
1748
1328
1415
3054
2777
206
822
2687
887
2900
1177
3294
2575
2066
386
37
808
2641
1383
2879
2865
1359
624
228
1065
567
8
1381
1980
520
3245
3148
3329
2905
711
3032
2343
2586
3116
1614
1652
255
1385
2838
3043
3174
998
581
1669
3265
2721
3315
3285
381
2738
2027
215
1931
471
1836
2918
2282
3358
2073
681
1617
1880
1362
2519
348
1799
615
2149
872
434
1243
2800
2223
2258
62
1396
1287
878
1016
188
148
3004
2578
2190
2644
2534
2585
22
3147
2474
438
30
739
3142
2643
1182
1370
2601
1286
799
1072
3429
99
349
432
929
1450
3126
3475
3354
1585
182
1338
2149
2983
593
2010
1532
1658
195
3472
1756
3227
2510
2505
2515
2951
1192
2830
1491
3219
737
568
2438
1196
2427
2288
1488
85
599
3221
3084
1508
2801
2364
923
3269
351
2621
35
3089
157
1379
509
704
1421
1295
3110
3088
528
534
2567
451
245
1583
1579
2648
2124
1993
637
1695
690
3458
3033
2232
1565
1915
1556
2339
1330
677
2210
3338
2990
409
2551
3200
289
1718
2886
32
1964
541
2129
1893
1073
611
3187
479
2698
1917
3182
2884
1069
881
525
666
1358
902
1599
3479
277
368
434
1275
2791
2606
2511
2569
3417
898
1833
1416
110
1422
2321
1081
2891
3411
2298
1420
2854
988
1438
2648
1355
2499
2910
2085
2094
446
3335
1046
1594
333
1526
364
3345
2485
1611
3415
917
467
1884
3256
634
282
804
3382
716
1654
2073
2900
1078
1353
781
3325
1027
2056
2975
1491
339
2290
2871
194
2368
671
2765
2047
751
1478
2361
2010
1498
3159
1369
1159
1561
2585
2609
2285
340
2767
2231
422
402
210
550
1334
869
423
1278
2210
253
2426
2900
3335
1164
2183
2657
1795
608
129
375
2109
1683
2575
1157
2030
2000
1115
541
1165
3118
2425
928
2274
1406
178
2352
3154
34
2647
3413
757
2166
1312
1620
2156
2648
793
1693
2883
27
64
2837
87
1946
116
1522
1987
1473
1246
2818
2110
627
2275
1251
3358
2674
1740
1431
2610
502
711
3482
1291
2736
2207
2363
1343
2753
1345
3173
789
245
1802
1093
2361
2263
2564
3297
2105
1620
1716
2346
271
2666
40
787
2732
2316
1848
112
1119
3275
779
1137
1394
2413
1560
929
59
3237
3387
586
1325
716
3215
2326
677
1712
967
2916
1366
549
1628
3087
2148
1887
1868
3149
1657
482
1615
333
2474
1460
156
145
1862
403
374
1682
492
630
1880
46
389
3200
775
1873
3002
2975
1225
2541
2914
2117
3132
1007
782
2306
1561
3306
2673
510
3235
787
280
1994
484
3315
175
1749
2768
1985
2612
1934
2217
1705
806
920
3291
886
994
928
2208
2901
473
1700
3025
1456
365
2690
3050
721
496
1972
1790
2334
1165
1800
456
3213
3114
1529
991
1974
1020
2141
1761
2485
657
1177
3119
846
3105
3028
205
72
324
100
1911
1791
920
1423
1392
2916
1606
2892
2304
1763
2998
1252
1070
2410
2649
1260
2714
162
1911
758
1164
482
364
277
2896
1804
1953
1675
625
646
1078
908
3215
281
2717
2784
1679
1680
3460
2162
389
1537
3118
2904
1545
3361
2005
3021
3083
3179
656
1401
941
275
2905
2595
3151
1860
1530
1357
361
1000
343
2957
2570
1338
2360
1431
1189
583
692
2917
1989
185
1022
2095
2444
1204
1690
1004
182
2493
735
2507
1547
3299
1179
972
754
1961
1334
2304
2198
1261
2946
1037
1601
2413
2084
1262
3308
1770
1033
1995
2843
2217
797
2663
1473
3301
410
267
1060
2035
2669
3383
81
1159
3021
1204
2208
2513
2630
2086
1810
3354
742
1242
1319
3120
3014
1272
1646
2213
2143
2248
832
2071
374
2281
2478
87
2701
1293
86
1171
2147
3126
1426
433
3118
2215
2029
116
975
918
3050
3496
3418
3230
1690
1870
767
1390
2211
2705
2545
1163
2408
2130
573
1005
2332
732
2359
538
1838
181
719
501
1741
3304
2541
1518
2865
2467
1356
2203
337
187
361
1629
203
2624
275
109
863
1372
541
550
1850
445
1264
1394
2275
339
1343
2256
3142
635
213
407
353
1325
2623
2273
88
958
2063
930
287
971
200
1645
2073
2184
2267
1460
1563
580
995
1620
1658
1684
356
1490
3397
1946
3487
2700
2053
2431
3217
484
451
518
3115
2449
2039
693
2671
2599
3130
2281
342
622
1903
2470
1807
842
2491
2927
2946
1704
2064
2948
2699
3148
2742
108
3212
1742
2948
478
1310
2997
28
379
3448
2581
2112
1271
777
2782
52
1307
3057
410
2504
3053
1384
576
25
1109
3372
1479
2833
544
1305
940
489
3106
1483
989
1512
1370
1870
2870
136
183
2320
240
2115
1521
1510
1791
7
3003
476
28
1639
3020
2713
1927
3434
3275
1470
857
448
2523
3331
292
2426
3211
364
3172
2835
3359
3171
1937
968
2129
216
75
2878
1987
1957
908
3209
1791
1737
135
2313
308
2814
3350
1043
132
1759
1708
1354
1495
2919
1915
2729
2283
2741
1157
1332
2631
2039
2190
2250
488
1656
905
807
1045
2944
1106
2967
2051
330
1104
2901
709
2063
1355
1390
265
2263
1563
3044
3330
716
3094
2352
2409
764
2880
2904
2418
688
3282
1264
699
1907
1694
1357
3078
813
375
3477
261
374
703
3036
266
407
945
2903
801
1889
2314
888
974
1010
1723
2033
31
547
1789
784
2347
3219
1287
1377
254
3464
1500
1574
3160
2074
684
731
3313
359
2417
1720
3037
853
1867
1424
1570
1174
3209
3402
250
2690
2544
2582
308
1801
2146
2362
2280
935
3242
542
2766
2557
121
1472
1789
3447
197
2981
2564
2825
2806
2020
1897
1587
659
2414
1160
2132
3301
1229
2713
2393
2010
2418
1511
419
1590
1744
2000
3014
1512
1549
44
2579
3352
545
2033
2840
2786
60
912
2402
205
2924
1374
2729
1400
3240
1250
733
1942
137
650
797
2696
2203
1611
531
355
3076
2590
2716
1811
115
2983
2624
942
2414
2452
3169
2526
2543
1749
657
2438
333
3270
2608
2338
1105
2876
3193
2668
723
2430
1829
2931
2114
1939
3287
1541
495
1920
1228
67
2400
685
970
2126
200
3261
1721
1736
2956
3038
3240
119
2756
631
82
342
1389
2940
110
2631
3256
931
1625
738
298
3282
1413
1207
3247
2110
34
3307
3199
1956
3117
1372
348
1578
306
696
239
467
2357
1057
2511
174
706
3436
3042
1006
1196
1135
2601
85
2883
1192
1303
3121
14
1765
200
3049
1797
1735
2236
399
1135
551
2209
1413
1436
598
83
2266
1047
2193
1561
1356
3078
1602
283
750
2035
1612
2504
2848
2651
2978
1063
814
204
1289
1114
2697
377
1516
745
1226
2698
2908
3438
3399
83
3499
1027
1219
1329
1282
2709
2289
2712
2295
1079
3141
1088
3299
2505
1727
1799
2697
1096
1369
1647
764
1075
2553
1895
3070
2325
1473
2813
2708
2705
679
2604
825
2354
1097
322
2596
2223
29
3317
3045
1513
1076
2904
3270
525
1026
3059
2571
3214
1981
67
705
2600
897
2086
938
1170
3333
1121
3245
672
1083
2318
1772
1533
1327
2663
229
3075
1695
539
693
2958
392
2836
397
2608
1266
3447
1833
2905
2966
1226
214