2190
2574
2805
1914
468
1940
1836
296
1931
3619
1835
3533
2943
1715
1484
1082
3158
77
3010
169
3439
3209
423
1243
1996
1151
1069
1262
3181
2553
1525
573
3587
2845
255
8
1538
3581
1961
491
3378
2208
1231
1465
1815
811
2650
1245
1429
2108
3539
3729
152
3684
757
1058
1043
80
109
1030
1270
3207
189
2622
855
3415
3639
1418
929
1551
1892
922
487
3322
1741
879
519
1592
2550
2535
2875
1081
2386
3731
2511
1003
1171
1303
635
3537
1987
234
289
148
1976
1673
3247
1766
1321
500
1564
2779
1175
1183
3694
3689
2232
563
3283
176
1810
1614
3577
2667
3664
3227
3746
595
806
3521
1884
1838
1521
1303
1106
182
2677
474
3724
3504
783
2340
213
156
2757
119
1919
3429
80
617
1177
382
2952
765
2479
2792
957
3522
3694
279
38
1113
504
2014
1710
3760
1179
3601
800
1386
2850
118
1700
3222
889
1857
2747
490
3063
3513
400
3510
928
3097
1449
1824
1394
1602
1045
525
2665
1845
318
353
3053
131
1503
3557
3346
1009
3479
822
3738
1413
3503
3478
1577
3373
3270
2388
1653
275
769
804
2385
2347
3112
2104
2616
3149
747
2681
3525
2107
3185
1478
841
751
2291
3184
1873
2046
1704
2175
2990
1096
3645
510
3098
629
196
3443
318
3450
2947
1532
1871
833
1583
1706
3445
354
1166
479
83
1864
3499
1622
2899
608
1090
386
3266
523
1147
1822
1634
3525
262
2099
1811
1385
1252
799
2474
1785
1958
652
2007
3135
565
215
429
2429
3431
2910
2603
2934
1474
3322
2222
2226
846
3458
1863
2154
1946
873
3384
2251
694
1215
1376
765
2485
363
2557
958
2422
2534
2478
1529
269
1929
3475
3110
2959
3310
1746
2556
555
3191
753
3645
2645
1485
2143
3462
2320
1688
475
1027
2941
804
3012
2444
3605
2200
678
275
3138
3600
798
2703
816
259
1860
1454
1243
1387
1887
3269
2744
58
1216
70
1302
3646
713
1339
2335
367
68
3736
1992
3765
3039
1725
3189
400
777
2501
946
3238
1104
1557
2665
3699
2421
157
3392
3382
728
2580
2461
513
1230
393
2310
2693
3039
1715
1627
1104
955
3043
3729
2346
1453
118
1017
51
1450
3310
1777
2386
2412
1963
3715
3798
2475
2734
490
1091
1006
2946
3582
404
1910
10
1236
58
1073
557
681
826
939
3211
128
1543
2946
3404
2752
3305
3437
634
2437
202
1065
319
2987
2827
3785
1864
3515
3402
1280
1201
3122
139
647
2651
1838
564
3391
2068
2083
349
2258
1703
1715
379
3155
3530
704
154
2513
2007
2408
3012
3593
619
833
1299
218
3172
520
1894
153
3123
1593
2059
1686
3498
876
3034
1742
3547
2935
3175
2051
1590
3294
716
3584
2399
1360
3404
1350
776
3590
3687
470
2516
760
2819
3627
658
188
2158
90
1303
3342
3724
79
654
1143
3299
690
3604
3577
3798
1885
2134
907
713
3305
2317
516
1574
92
1020
3646
1087
2926
1679
3346
2459
94
55
2046
604
580
3101
1827
1709
195
2996
482
2044
1864
3704
1373
2849
2099
3746
187
1495
3357
1123
294
1635
970
2344
2486
44
1535
1274
704
2805
337
3607
1260
2820
892
3161
2637
2861
1687
519
3561
3748
2621
3247
3362
2133
3730
3163
100
3112
1562
497
2600
3227
2985
1557
3299
3007
2278
3375
1348
863
2377
3062
2985
453
144
2803
1534
1793
3108
84
3011
3583
2804
2721
694
3593
2249
143
686
1197
1292
558
391
758
2143
474
424
1860
561
317
706
2463
2001
163
2467
62
502
2250
705
2086
1563
2058
1646
3176
1327
1021
1231
2630
647
3480
92
612
2641
3003
680
3224
2559
877
2544
213
2957
2063
1479
2375
400
81
3659
3046
1796
1763
1480
2567
3190
3367
1463
2311
2723
368
1209
1915
2514
3762
3506
480
1143
1611
1856
2256
823
1433
3470
3565
2304
1858
1956
3404
761
2755
2537
700
2693
212
36
3462
599
2455
2913
3368
204
881
118
3278
2112
396
668
3469
2403
1644
984
2603
269
909
456
185
139
314
1471
2265
2100
307
493
2256
2075
3510
2095
491
1590
716
2248
2789
351
774
2526
2932
3604
3109
834
1899
991
2373
2677
2016
646
1066
2895
3651
551
2635
3374
335
3691
1317
1198
2789
2743
1122
3173
1253
1970
2016
2513
151
216
2549
2466
1010
2950
459
1381
2188
166
3483
2432
1606
147
1605
3414
1399
1782
985
1575
1022
3648
2696
2650
2326
537
389
969
1851
2200
619
956
3095
1507
87
3576
1915
3702
1168
594
412
1495
2437
294
2445
3631
3105
3216
2139
1588
1001
3605
2171
2372
1527
246
2405
196
2805
2088
3280
3460
388
1639
2506
3220
673
1256
469
1425
2189
3285
2752
683
3299
3564
1560
866
3331
3240
362
2938
824
2264
2561
547
3024
2254
1810
2261
1233
1561
901
1551
3287
2437
2943
1121
718
332
1340
3256
3175
1216
2829
1750
2508
1844
2256
2892
1987
2803
1916
1470
3664
1192
910
1197
3304
487
1284
53
295
1032
2387
3279
358
1175
1674
3433
398
2654
767
1015
528
146
194
701
3609
1162
3579
327
1341
3696
29
2244
2292
2993
3769
3625
1550
2939
1604
1362
1699
2366
972
94
1848
3379
1169
865
3367
1429
2569
1137
78
950
1518
1501
591
2256
1406
292
2681
587
1787
983
3009
3412
2167
3245
1273
1373
199
3180
2575
346
434
372
3272
110
1234
3077
3
2287
2469
1704
3042
2287
273
1030
2070
2181
551
2556
1353
497
2328
976
3682
931
214
2600
1059
3075
1686
607
2200
793
2917
1640
1648
3609
124
694
1586
1924
85
248
2359
179
3678
126
2290
1138
939
747
1516
1820
531
1012
209
3445
199
1987
1444
3448
1292
2700
261
360
2890
1476
452
2967
1349
1574
184
2087
3293
348
1880
399
3669
323
1457
876
1911
1991
3403
760
1387
3522
2449
2084
791
1419
208
2731
741
616
2501
3651
227
3021
771
3754
1092
3357
2186
110
1344
2934
2679
2153
3037
2206
3217
2244
2753
3526
2102
863
193
112
1655
1584
2562
1339
3508
1483
1188
3192
2545
3123
532
2211
463
1984
2272
351
526
2513
1859
3356
30
3144
3202
817
2274
885
2051
224
605
3204
1649
2210
2449
3532
2531
1304
2870
2851
1130
3714
2755
1166
3620
2877
1732
1201
1958
253
998
391
1014
3453
1739
1230
107
3017
1657
3102
51
2731
2885
2075
2327
378
113
1270
2234
1518
3385
1258
2421
2765
123
1549
1921
3369
3131
2606
2794
1704
1696
3390
1926
1664
1133
2397
3056
820
2592
1352
3121
1239
3487
2345
1266
42
1650
1501
3071
3670
456
1853
2690
572
2346
2454
2368
1571
2511
1247
2679
2490
3095
1723
1671
2929
3251
801
917
3709
3039
1816
2376
2364
2052
737
903
2517
403
1520
440
714
3525
2714
2744
3150
257
478
2918
2345
932
2865
277
532
414
2314
1769
164
1796
1316
2134
257
2800
786
3267
267
2699
2837
619
315
2917
1841
118
1482
817
1230
2416
1855
2884
2779
2032
233
2565
656
3411
1697
642
1740
1944
282
1654
2217
3002
556
1513
2127
3271
54
646
2555
427
2959
2906
2476
2847
766
1782
3533
3501
2566
3174
2172
1195
2542
1412
982
1554
1232
1038
3333
1503
2563
2957
3467
2235
2590
2351
1895
1470
2465
327
1505
2554
1797
3728
2606
1690
1269
1025
1351
1684
360
2735
1773
2052
2388
1026
1641
580
751
2684
2495
2363
1328
1470
2890
2498
817
3191
151
3615
3762
2375
243
1491
1851
474
1828
272
3726
3663
1268
3777
2664
2922
707
192
1647
432
1807
1070
1001
1969
1072
1148
520
1122
1747
2548
3124
2738
663
950
3540
1055
964
3218
2876
1441
3457
3324
1605
2829
1283
2169
640
2479
2525
971
3433
759
1508
3406
2271
1389
2064
2998
2212
1452
3358
1361
1066
2230
795
1253
2928
873
3766
3297
2871
1973
2679
3167
3692
904
3122
2389
1590
1277
991
3222
1939
1952
1767
2385
174
2473
2599
2624
3153
3604
758
2833
1478
1276
3619
3533
2641
126
1380
279
1299
235
184
1484
2084
1045
3580
1620
1817
1008
515
1634
2707
382
1057
3360
3702
2403
227
2969
3085
3035
1384
1071
1291
877
906
1591
3792
926
3122
1087
3789
3118
1879
1948
1645
477
559
37
337
1660
2181
1183
2535
2610
2396
216
3466
1307
314
3243
3019
3553
1173
2550
1088
740
640
2079
1094
3454
1325
3650
1280
3172
2099
159
2384
3662
497
3668
55
1055
742
2979
2626
1060
3380
3318
1061
1535
115
799
1103
252
602
2349
1298
2160
3728
848
2136
2955
3616
228
3614
1003
3506
3506
3112
2985
1093
185
451
1434
3118
2359
1954
1118
584
1599
757
3110
2640
1022
1023
3654
3157
1090
1587
3037
2829
351
2140
1130
649
1600
2935
2874
3340
1488
1837
3054
277
3313
1834
2470
1802
1244
1345
3633
1663
2564
2432
1329
2149
444
2828
1107
1710
3559
3105
859
648
1804
312
3601
3067
1020
2791
3199
29
1706
2819
47
3765
368
3351
1796
3039
3770
2089
2411
1236
3471
1171
2243
87
2866
1951
517
418
1116
2121
3071
278
2378
2503
386
1267
1303
3273
3653
1785
3424
1285
99
2840
1304
2619
2283
2237
1476
2325
824
1552
1695
2616
690
3646
1511
3020
3725
1465
1926
3534
2316
2941
116
3123
1169
1137
1724
3671
1875
1848
1606
1592
747
2912
715
160
1747
412
1012
3524
1270
2095
2925
1528
2050
2802
3714
2674
1349
1473
542
3557
262
225
3446
2818
3138
2545
2294
1406
2914
2674
2230
1937
2704
2934
2885
481
388
2917
3738
909
3383
864
1474
2872
438
2072
3016
1057
3756
1933
3343
3501
1336
95
1885
1039
1891
3422
2190
660
3363
2602
548
1572
3791
1057
1897
1617
3341
1374
2382
3057
2416
3227
505
1873
252
3626
1955
2197
1879
3127
499
1894
1289
1601
2067
1598
1063
164
703
2830
930
1935
1314
1917
3601
858
3699
1980
629
3611
868
1942
2890
2667
1267
703
1034
1905
3468
1857
492
2998
3382
1474
1249
2755
3396
3404
1630
2033
2085
1179
1164
229
207
3231
3221
1831
820
3523
3012
2329
275
3478
377
83
1060
312
1788
2501
1247
879
1695
260
3761
2035
785
2707
3208
1412
2331
1328
390
2731
956
365
3770
3471
3305
2037
2865
2320
1487
294
2715
1959
738
2897
2541
3121
2465
1282
1027
276
34
2120
13
3751
1251
2682
1192
3145
195
2015
1328
3575
319
46
3379
1319
3744
491
3186
802
2038
420
1070
1806
3367
3413
2780
1896
1367
1411
1080
1730
3738
3082
837
394
2850
984
1202
1355
2741
870
1056
29
3494
2087
2087
3601
323
434
2503
1788
256
1005
2765
2962
2137
3454
3505
1427
373
2120
869
3494
3339
2594
435
3444
1291
437
530
3211
1823
698
331
987
2255
413
2648
2316
3179
2057
3437
1614
3633
2375
1978
2901
347
3116
418
2536
3737
2211
1891
529
43
836
2091
17
1981
24
3308
2920
264
297
1856
699
647
3019
1386
1187
991
3162
3008
2616
1535
2668
2391
1716
3275
518
2480
792
3426
3364
2504
3757
933
1277
2876
2987
3075
263
305
2677
234
1864
1105
1919
786
1360
1552
1
2108
1840
890
3402
2557
3681
1068
753
2845
3723
777
2205
800
1412
2639
1987
774
1924
73
2129
674
496
2899
1578
466
3724
2208
2640
3285
1048
1497
2434
77
1893
264
1622
755
2412
2806
3121
3092
1160
2598
2703
1093
1100
1444
3407
3276
2531
3428
393
2844
1335
2635
1261
475
1636
1016
168
3476
3277
1389
2496
513
133
3158
1927
2464
3394
1270
1640
2926
3000
109
3412
1119
717
2232
2103
2786
2640
3457
1507
2153
3195
1351
804
129
3442
761
3211
2564
435
641
1100
3667
1452
1676
914
2120
2192
3488
3431
518
3721
10
697
1872
2458
142
1068
3734
2811
89
2828
80
45
3732
1982
3487
2795
1330
1120
1570
1436
3301
698
3087
1177
71
2364
3338
1072
1936
856
3018
1290
2758
74
1310
117
1982
1622
695
3494
3424
1839
3274
583
3245
2398
2061
224
3431
3663
922
2565
3716
1820
347
665
999
3301
219
2725
2518
2190
2133
2875
3423
2244
539
3621
230
130
2856
1726
3649
184
1714
2370
1868
2385
651
2552
2551
1636
1357
429
2551
580
845
215
3322
3394
1568
3103
3591
1967
2541
602
436
655
3424
298
500
2504
1913
3369
3340
263
1586
2608
502
2759
1660
3532
3060
1079
193
756
2147
1919
3702
1442
303
1460
2738
2766
2806
1097
2620
2211
854
1838
2164
1870
513
1333
2816
2842
482
1577
2732
2847
3318
2082
629
887
1614
1550
626
1804
749
2515
441
168
1962
690
1193
2412
1515
2967
2785
180
3408
785
103
2641
1016
1578
1441
1893
1544
3511
2741
3599
69
838
706
2753
3786
929
1786
420
809
2450
374
299
1796
196
1865
2511
595
3349
1035
2000
3124
1436
1297
620
979
936
1545
990
2463
1825
2244
3561
1573
1896
418
2676
830
1922
2934
3576
3196
2324
2409
342
624
2455
3313
2170
3761
1214
2372
218
2966
2721
636
323
2849
3700
1188
1530
2464
964
1095
351
1764
1552
3754
771
3113
1516
3322
3774
2149
2687
1114
2202
229
1110
450
860
2288
2411
1561
192
1045
1308
3290
1133
622
1262
602
2248
2773
1761
916
1769
1471
2827
506
3517
87
1608
1143
2557
2163
3025
653
62
956
3697
2815
3731
2907
3593
798
2361
2315
268
2982
1704
2510
3514
2423
3043
2411
2500
1458
1948
657
2164
1793
2699
2624
940
1249
2063
703
605
1038
3054
979
2602
2370
2320
900
2710
3598
886
2030
3503
2801
3301
2855
1199
2218
2226
831
2036
1355
1136
354
3529
1934
3259
1889
3060
2189
1840
1846
2984
2585
695
1489
2659
10
3652
3514
2916
2799
2685
3189
840
2503
1955
2758
2466
2005
1941
1928
2931
2133
3439
1528
1173
381
1308
3179
596
1399
173
747
1354
3032
3064
378
1405
415
3665
309
3547
2174
1047
3216
2389
1970
918
3448
2688
2955
2421
2178
130
32
2840
440
36
753
2978
2484
2585
1603
1520
2637
1627
1975
2464
1630
744
818
329
1749
1486
2403
2678
806
2697
3329
270
3097
2725
293
1211
2094
3371
3440
1470
286
2137
2293
1179
905
2482
395
946
1529
491
2227
644
1237
2759
1188
92
1498
3148
1544
3248
448
1104
3496
1952
1475
194
18
759
421
2472
3329
3758
191
2273
2517
1499
3183
136
1377
299
688
3287
1425
3049
3610
3134
3571
1564
1132
1515
137
1561
681
1534
3713
2442
1240
3384
502
238
3345
2629
462
1975
1322
3483
2992
776
3546
1051
1461
3239
861
2834
2275
376
799
2387
702
326
3227
580
2179
2111
55
157
2179
3671
2759
2363
2809
2688
841
162
3187
1637
1709
856
87
2697
654
3520
3065
1473
2913
1437
1624
1871
3382
3106
2598
1678
3500
3291
3327
1515
1228
3474
2328
660
2471
691
45
2051
3785
1908
836
3578
2855
1185
360
3675
3006
2656
589
732
3076
585
1314
2290
2863
3560
158
1062
1998
870
3078
2089
2011
407
2678
3218
1937
1775
706
3618
684
1709
2488
2332
2537
2223
2698
1368
628
862
1611
1252
3320
2531
315
1393
1341
2252
1086
1936
584
1996
3761
1498
328
1951
1816
2460
873
1682
3345
2929
3036
343
1236
847
3055
1725
2282
554
2399
1412
1587
2666
1489
1465
3785
1653
3674
465
2864
2548
1394
1579
2901
575
2799
3092
2548
1844
3267
1848
650
1948
2023
2455
2605
375
1435
2109
3316
1191
2610
850
2064
3298
1696
233
2368
2546
378
3046
1228
2915
3681
382
3340
577
2978
2076
3120
1855
2926
3682
1037
1424
486
1103
3155
1793
1575
3190
1350
1582
306
1149
2400
3622
2197
3615
1519
771
1572
1503
288
817
3107
2138
1339
2536
344
3346
1308
1979
1015
1585
1194
1422
2622
2739
2034
1786
910
966
3475
644
1535
934
1765
2462
2306
2461
1321
2084
449
1900
2539
1932
3569
2056
3741
886
1002
484
2686
1081
3244
1723
1494
3111
1530
3166
2248
525
1380
3014
2742
1818
211
3341
3508
1080
500
2398
2085
629
2219
1997
710
1539
3480
3029
2043
2712
110
1956
409
3492
869
1999
2281
846
2075
1098
2235
2638
198
1476
3574
2991
687
1448
3771
3648
171
1523
1759
330
2104
3212
3082
1215
683
173
1726
1558
1491
1372
3199
3195
1740
1819
1296
3608
386
3196
3315
3512
3687
3119
2224
2753
1556
997
391
3696
1822
3320
2375
2294
1493
1852
1929
2913
1965
1668
2264
2930
3273
1619
209
1927
3085
61
2416
2120
122
2536
154
1744
997
1670
1520
1241
1035
3190
33
1645
1442
3183
1337
2284
2786
83
3507
3061
1104
2433
2563
1925
265
2115
71
60
3144
2783
3387
1623
3430
3561
2777
1090
3002
55
2968
1350
2995
752
2831
1160
1538
1134
767
3284
3606
2403
3632
819
729
927
1121
2282
2430
2918
3290
800
1230
520
2996
3174
823
1712
800
2954
1432
3344
3022
256
669
1208
490
3574
2956
188
172
3451
1745
208
3088
2643
3205
1170
3683
3381
1056
935
111
913
2824
3074
2040
2385
50
3096
2228
790
391
2917
983
2457
592
2261
378
3389
2426
3238
2869
2201
2721
1680
3580
2958
33
404
1411
866
1446
3031
1269
2053
2514
2831
2183
2043
728
1440
3577
1550
1504
3210
3520
2797
3106
45
3276
1977
35
371
3313
2942
2092
1105
1985
2510
1301
1999
2803
3006
2238
2377
1786
2819
3254
2951
1890
2850
3137
3514
325
667
915
684
3364
1355
709
724
113
458
3103
1230
2637
2811
3156
1568
266
2460
2170
1180
1344
377
2506
530
2598
876
714
1528
3213
3530
416
2565
1743
1581
1794
2250
2680
1814
508
1958
3311
525
292
1930
1421
3639
3205
1883
2912
1587
3483
1029
3342
1607
3424
569
748
2645
2795
2945
2637
787
1765
2420
1492
3755
314
2462
2921
3483
553
2890
3384
3593
2839
2426
1517
680
3578
3367
1424
1534
1326
1157
117
3760
2090
3045
2731
2219
549
3639
1841
1619
2048
3755
3168
3194
482
1428
1749
1033
1355
2865
3393
758
3532
2249
199
3126
3315
2139
2172
1114
2805
527
3444
1134
773
2279
1885
2402
1278
2436
2165
2442
483
3340
890
656
269
654
1162
1770
2790
1044
615
2376
3310
2231
1533
1314
1747
989
3603
3217
1323
3227
654
208
209
2692
1483
967
3076
1025
2909
1779
644
3572
1561
2960
288
1198
80
10
1589
76
2901
855
2193
105
292
696
1637
3232
889
1000
34
50
3114
1118
2554
1196
3568
3011
716
3114
2819
1454
1074
260
2343
357
3779
1974
3085
1914
2480
484
24
1812
2224
1810
58
2809
95
871
2416
3017
602
1378
431
1237
1024
2736
2274
3445
3357
1113
1266
3288
58
3155
3567
3068
1613
1997
3633
3608
507
644
3326
2855
1427
3583
1464
3111
3412
439
3126
2683
2223
3040
1766
601
2960
3551
2409
3421
49
1227
528
540
204
3220
327
1350
300
2321
2746
3619
2054
678
1065
3553
1018
3433
1199
638
1018
529
2482
3791
2520
730
2585
2561
2297
2298
3785
721
515
1143
2166
960
824
3517
1345
3736
1065
3360
2034
3582
700
3696
2923
3104
2750
3368
2636
1132
302
522
3477
2694
954
3693
3151
3697
4
3559
1664
3515
2674
3624
1207
3223
2324
498
1791
641
424
2595
3688
2870
137
877
2294
375
3063
3703
2374
1126
367
2999
316
3490
1124
2923
1405
3670
3520
2960
1594
1412
2900
2613
3600
3442
3080
2624
339
3409
2989
3411
2235
2025
1569
3564
456
1276
18
858
673
3315
1289
1969
2999
3713
2217
2217
2461
1959
889
2894
80
816
3636
3201
726
2234
937
3420
453
2090
3213
1569
2116
3266
3316
1266
3386
3587
393
1227
2079
855
1191
2648
2797
1014
1841
1583
1084
2008
430
3629
1229
3283
3644
987
3135
834
3734
3309
1848
777
3606
1600
2936
2656
3083
2835
2157
51
2345
3704
3010
3743
3674
1326
1707
1996
3707
1700
571
165
1502
645
1001
888
80
763
2068
985
95
1539
563
1850
3482
2129
1828
1733
3293
2148
1435
536
1171
2908
3548
267
2683
3687
3129
2992
960
1548
2493
1106
574
544
389
2401
2701
3573
1952
621
641
1803
2620
1943
1391
1864
420
2753
880
69
1792
1820
2113
2286
635
1961
837
1492
503
3776
410
1672
1786
495
1325
2688
1513
2129
842
61
409
2217
85
3432
1819
1332
2772
2112
3551
3686
1051
126
2845
1102
2845
1220
312
3607
538
2049
1875
3529
2241
106
2546
2638
706
2514
3599
3095
2634
1298
809
2825
2831
2610
1498
2741
1506
3654
2467
2715
2195
1047
3347
491
3547
150
3621
43
39
3543
2581
589
1558
414
67
1174
262
2500
27
2609
21
199
1469
1917
2210
1297
2838
1546
402
3359
1867
382
296
3084
1022
1263
1179
2597
3394
2599
1443
1862
2765
3738
2508
1777
2171
244
1543
2639
2783
1540
2498
3279
3406
1540
1372
3444
1827
660
3068
3607
3671
781
3033
2118
2871
3102
2309
3687
2148
342
3680
147
779
479
2560
2271
242
3770
1627
3511
1282
2514
3524
997
2641
861
1432
715
3699
3495
718
1501
296
511
2991
1524
2973
1148
1588
147
988
2706
2044
1420
422
1033
2002
1256
2135
73
3016
2729
3207
1729
2715
3518
3097
754
518
3272
1839
684
1583
303
1472
3171
586
2317
1736
1568
1580
3503
2030
2981
1292
632
1101
2161
2154
1585
2461
2472
1715
683
3577
1059
3269
3419
3227
2527
1558
826
3065
1667
1350
2176
2228
1387
349
2763
1533
2157
3549
1253
718
2443
3737
3793
1599
3278
2112