2129
3655
546
2225
133
1186
3045
3680
4147
3556
3510
4049
3272
4529
970
2268
4449
3317
3317
1592
4670
4280
3039
534
2175
3034
4192
3131
3606
2810
3263
4009
3075
1462
3440
2287
2407
1645
601
135
667
3098
4447
731
3997
3902
2713
4278
2943
33
4206
4560
148
537
2755
2855
1731
1398
4179
1461
1832
3379
588
4156
2208
138
3389
1511
4461
1416
890
4149
555
2265
2007
4759
3805
2576
1043
2635
409
2720
780
819
893
570
41
1146
4551
19
3908
710
2124
2251
1606
342
2960
2119
3000
3574
4287
4149
536
1079
1269
3576
792
3596
3277
2614
589
2685
2314
3006
4781
2059
288
972
4278
3752
2700
3285
695
3742
599
1720
1573
285
2402
2165
3889
292
4549
1185
301
1093
325
1524
3375
2596
1806
2510
859
3014
988
2301
3001
1815
2965
1299
3467
3535
207
1531
3758
637
1348
1619
649
183
1684
2962
15
3630
4599
2331
3629
2428
723
4472
1265
3420
308
1345
1318
678
4552
3526
4424
3704
4566
4010
3110
30
2325
373
4020
1862
583
1358
2369
1942
2566
3676
440
472
3438
3244
3592
4317
3012
1717
439
4184
2699
4630
1863
2975
966
266
3321
4749
1173
4367
3191
430
1511
4553
3931
39
409
1549
4730
776
4338
941
1128
2374
116
4364
2660
206
4209
2146
1376
1319
4608
800
2687
816
4687
2686
4602
3848
1285
2974
943
1223
4436
2424
4658
4691
1951
2450
1441
2192
1812
62
2756
2570
35
3281
1008
3856
1327
3384
1763
372
2578
2026
2529
1337
438
2314
4161
3751
1194
1653
3044
3343
4302
4027
2479
645
3342
696
1807
3706
875
2789
2398
524
904
4460
1669
411
3730
622
2360
2990
2812
1094
933
3968
1306
2625
1504
4458
1645
1110
1685
1461
922
3859
2766
3848
1124
2468
2306
1776
4321
758
3435
371
4799
1504
2143
2103
3979
1991
3626
2903
801
1919
1642
3784
4118
3237
2539
1039
819
3677
3773
4077
365
1838
467
1970
3878
2896
1590
687
2165
1727
3505
2127
4793
2294
2966
3487
148
4309
2899
1379
4547
544
3305
3504
1920
1854
1405
626
15
3368
1659
492
4129
4291
1152
4367
2414
1808
1972
314
1932
443
382
174
1956
3143
2880
1057
1512
1062
1736
8
1501
985
4177
1121
2916
1058
3302
3876
97
4264
187
2705
4421
2662
4392
3259
1768
4640
3973
1527
4593
4688
3407
1409
1161
3862
2926
3562
2026
401
660
1771
3756
940
1541
920
2178
4104
4751
1867
1328
3702
2939
197
4690
988
425
2873
1403
1336
336
3404
2936
2389
1640
43
3270
3758
2172
3654
2441
1035
3623
3967
2782
2087
400
2090
4586
3642
3836
2256
383
2542
1841
1909
587
2022
1824
571
2697
3249
1277
1524
3690
3787
3526
2461
2478
1747
3319
2348
2942
3390
4075
2787
3588
2756
4270
4469
564
2155
1412
2148
1401
2513
4702
2312
43
366
4353
850
2390
2327
2860
3048
320
3117
2613
368
28
2454
1223
489
2622
2323
4552
805
2860
2852
3164
4395
575
1994
1336
3991
2402
259
933
9
290
4108
4189
2824
3355
4338
4239
3028
3213
4487
597
4133
4226
1134
3166
3900
1838
580
354
1301
1828
85
3012
456
3906
2304
1234
3311
1884
89
2785
4618
3514
939
2284
4082
4346
4426
3302
2087
786
91
4792
2971
151
1223
2146
2874
4328
1131
989
4568
1625
4293
4394
3038
1450
4745
4205
2412
1134
1910
3597
1891
1795
70
3074
289
1509
676
3868
1127
87
1872
4600
3274
4535
3675
3992
3565
4757
1738
1634
2104
1072
1790
2913
2226
2205
4293
2087
4689
2688
514
1435
1759
1596
3623
428
470
3706
2939
4285
3779
3842
1304
4410
2568
3890
4078
1649
1957
4130
1583
1407
3955
2007
2951
2656
2685
3463
2596
855
2404
4320
4144
159
1671
4341
544
2280
1332
1923
4198
4729
3999
1706
2737
3860
680
526
2617
4709
4791
506
1950
2964
2145
520
4475
475
3888
2309
2615
4654
2129
523
653
2798
4589
723
826
200
4375
2024
1180
440
1883
4716
1080
1587
2094
943
4041
799
2406
1148
2897
2156
4590
292
2216
3152
1080
1804
3369
4710
1917
1672
2150
3913
2667
4552
1385
3104
1781
1994
797
1799
2404
1433
140
20
4414
477
3160
3451
1878
467
3332
3303
2136
1856
3955
1707
2546
416
1558
766
2917
2676
3803
2010
3977
1404
4361
1095
997
2549
28
1153
235
2561
1633
194
2189
1710
3464
577
2941
807
4027
4046
3803
1356
2873
4130
1448
4054
3446
2436
4637
2919
2326
3549
4645
3419
4599
2223
1522
1699
1942
3843
1026
2575
984
3120
4614
1142
2184
4367
613
1759
1330
2517
2282
1879
777
1749
2165
3298
2477
1159
1700
3466
3432
489
2519
1805
1045
4095
1097
688
4451
16
2671
3142
4606
4283
1908
1394
4018
4648
1198
3125
4442
2416
1773
3449
2899
1678
3884
3356
1544
2640
1686
1184
1884
1528
2084
3447
2557
212
4575
4710
392
3156
2440
3942
4326
4391
3896
4260
736
454
1798
854
771
3855
4645
4345
4480
231
16
4641
3341
3907
1630
4718
2288
924
3110
4579
3013
2254
93
1832
1420
4509
4566
3397
4611
78
2634
3307
1335
3893
4773
2422
2197
4223
151
3075
1636
2273
83
3395
1670
3102
4317
320
987
1598
3804
1003
1499
3433
3673
3654
2164
274
1737
1653
2504
4009
2694
634
3994
2939
1053
2509
4656
1644
1293
843
1445
329
1358
3414
3602
4104
1984
751
3653
3933
3596
3174
3433
933
4073
103
2924
1538
1368
2624
4144
2920
278
3215
4156
3047
4480
270
3064
1631
283
4777
199
4064
683
614
2508
454
3774
2990
719
3085
2812
3649
2700
1934
3887
3185
48
3426
3569
1598
3444
4140
3696
3248
4098
3518
3310
3121
57
3279
4386
3436
788
3466
1922
3141
344
3950
3381
770
1023
4395
2206
4349
2631
1995
3935
1615
1658
1032
841
3715
1430
4522
2310
533
2864
3126
406
3709
2179
781
3352
3846
1576
3053
1454
3636
3438
225
1995
944
1768
3789
3233
1715
4449
473
4580
2534
4004
4410
3161
1739
4351
2832
2906
3975
3940
4760
3151
244
1276
279
2430
1548
2017
2176
2937
2617
531
4266
2749
4309
2609
1997
2769
1654
3289
3584
1668
796
2434
1416
1600
3
4193
4483
1363
4483
576
1417
2955
2702
413
4665
3881
4743
182
2417
4015
3290
3935
4693
1834
3860
3753
3867
1065
4118
1123
3737
609
2008
2132
1582
1455
3373
1159
2911
3168
478
985
682
1789
4660
4117
1326
1063
182
1256
2045
4074
1287
1553
768
2998
888
547
3454
1242
790
937
570
3936
413
3866
4364
867
2682
2390
1362
890
3239
2456
515
1099
2849
1461
3215
2144
1968
1949
185
4676
2423
489
4240
4727
3794
1456
1755
4482
3056
1273
212
3611
2410
253
4072
1834
942
3151
2129
3206
1185
3343
1928
322
643
4025
3010
3385
1207
828
1838
2462
4408
302
4536
375
697
4553
3778
893
2499
1628
569
779
2213
1182
4633
4278
2216
2655
2787
1026
2119
3851
3324
972
843
2002
681
4635
2724
4282
666
3217
264
2291
2391
4628
4506
491
3759
1299
4195
2209
4129
4704
332
1046
382
2616
2515
2529
3719
2001
3830
2554
1115
3172
2613
3058
1799
2083
1294
4115
4450
1498
1167
4158
2456
4328
4290
1196
4782
1695
3782
1461
3560
1413
2552
3558
619
1123
9
3626
2057
4511
2599
862
3301
3697
3083
1254
3118
1848
4302
2535
192
1052
4342
2112
1158
4408
2582
2767
4664
2253
1023
2530
1918
4028
664
2383
2008
3696
1757
685
2691
718
2603
2420
2278
725
299
3851
1545
3398
4438
2790
1909
1942
3908
4170
3962
3283
3747
3279
2305
1667
4224
4111
399
3388
1487
4617
857
848
3929
346
910
1012
2970
1954
834
1691
2221
370
2647
3217
3122
2585
1107
1226
1681
1916
4065
2997
3811
3120
3025
3057
3095
456
3178
1676
3365
3081
4499
4679
3471
2594
3568
1313
1190
1819
1593
2154
3224
223
2903
2751
730
215
903
2923
592
2714
2413
3873
351
41
1303
4521
1420
4746
3083
2856
4189
85
1373
69
4160
1715
3203
1670
3667
1720
3552
458
2984
2121
1120
4232
2148
3373
3387
3519
3467
1640
1918
708
2395
1547
307
2380
4437
837
1581
793
1261
322
2949
4394
2680
1007
1766
4418
330
4162
3667
3102
2617
4311
3556
3926
2196
72
1779
801
420
739
3758
2087
1150
1932
4521
2183
2262
265
4270
542
1192
4475
1596
4229
1645
1094
1203
2813
2558
1557
2931
2498
878
1699
270
3110
2512
3909
141
3306
1269
1870
4409
3419
2260
4519
4662
666
4728
423
3028
1188
3886
337
2649
3730
2473
3580
2692
1584
171
2609
3844
2363
3138
2151
1561
4288
3919
1195
3568
4443
1993
3026
3343
3613
4195
4474
361
1012
4472
3961
1217
4341
3660
2923
637
1853
4763
3750
4729
2870
1192
1035
462
1163
211
2066
3613
2292
42
4361
1774
3031
2104
4538
1026
683
2310
1999
4462
3693
2398
2840
4321
3883
780
267
3704
2476
490
1409
3815
3343
3284
1181
595
3975
1986
3316
2567
4410
1442
1160
1387
962
4753
1169
1136
2705
2652
2198
1567
2848
32
2507
1269
4673
358
2229
453
4201
85
2396
1414
1193
1258
4480
1448
86
1480
286
2478
386
2661
3599
958
13
3823
2577
4463
2026
1845
1366
900
3565
4389
4552
4729
3959
2056
2141
2890
1372
2254
18
788
3338
1177
4137
4419
468
1757
2545
2592
806
3394
2638
3098
4718
4443
4168
1945
1253
2405
1996
3946
1889
2628
4572
2208
4155
2644
4245
882
448
1828
4359
3977
2017
3929
3725
2614
4653
307
3004
4693
3027
997
879
2159
249
2710
2086
1853
4693
96
3922
4062
2435
2422
385
3234
4645
4256
4046
2319
3874
2503
4637
2640
3626
664
798
1819
4447
1733
3949
520
3013
2129
1070
1843
4324
4117
775
3282
3525
4270
3961
3354
2773
2137
3798
1796
1703
3485
4750
2950
3763
1020
3708
1194
4046
1190
2057
591
734
1307
4121
2843
152
3860
82
2748
3761
2709
55
1074
1398
2087
4471
3187
3992
1125
1776
3719
1309
3012
3714
158
4398
2238
4251
3325
4493
1159
2906
169
754
3659
2429
3234
200
4481
1021
521
2324
3585
3802
848
4048
4253
3313
3582
3
2370
2503
718
3975
3840
2788
551
4144
4404
1688
168
355
1662
693
476
367
2963
3508
1189
4434
1164
3169
1828
2688
4395
704
2266
137
4789
3184
3861
272
3508
1060
2792
2316
4328
3742
4598
2558
3930
940
3775
3622
4129
2111
2793
3844
389
3498
2665
146
3283
504
2254
1324
1915
2859
2839
3897
720
1875
249
187
1084
2064
759
1436
4111
459
636
2331
3192
771
36
3282
3298
353
1203
2351
2675
4240
3869
2424
3686
279
1931
3875
3183
1354
2108
2004
230
1822
2093
3069
4594
1537
1759
1043
3451
3291
407
4637
2546
3011
119
877
4485
2708
1890
125
3183
1787
2428
4082
3261
1564
2129
4614
3307
3506
4543
2908
280
2851
1642
410
20
1254
3350
1782
1508
2279
2878
2814
4702
1860
2048
3355
590
3490
3705
3626
732
389
205
4008
1979
3967
3178
2234
4529
2561
667
1216
1390
371
2195
4413
2885
2970
1094
3112
899
1730
1440
4490
213
3718
4643
4564
3449
4083
4593
3206
4459
3451
3041
1604
1460
874
1556
1857
2765
88
2725
3212
13
1159
505
421
104
1710
2746
541
3083
1233
2295
247
3752
281
1807
987
3132
2922
1628
2819
610
3014
3892
3070
831
3409
564
3773
139
1037
3729
886
4511
1678
1432
3029
3401
908
968
1038
297
3146
1146
1035
3725
4362
4661
2175
2353
2955
1577
845
3036
3125
621
2515
1135
2221
4651
4433
1402
1639
170
1729
1492
1982
2330
963
3509
4094
4446
3598
3170
3209
2945
2087
3040
2161
2943
2980
4564
3858
2207
4062
314
1277
3031
1322
3262
515
1218
2283
4220
3348
4119
1460
4514
9
1718
3369
4781
2410
1933
1321
3648
1450
3818
2960
1765
4427
1227
4193
2263
3164
1624
1047
3659
3965
4359
1014
840
250
260
747
79
357
1132
1255
4153
1572
3746
2704
367
1603
2948
3610
444
1793
4054
3511
1452
2481
4348
3056
4350
2689
1992
361
23
1681
4294
2948
530
2995
1337
2774
4730
4470
2809
3906
3879
2990
3935
423
4000
811
4756
3809
2917
3232
3528
4341
406
2839
2447
2062
1828
4794
1482
875
2948
2041
3560
2145
4629
2124
1114
2315
3276
2804
4666
4465
142
2778
480
3187
1756
4643
1014
4662
3394
2631
3544
434
1442
134
3142
607
4155
175
1716
61
799
4132
419
954
2174
1163
3544
1721
3980
539
602
1597
1963
2830
395
4544
3552
4492
4580
2028
1578
3386
3596
4016
209
4296
4577
970
4632
3307
1442
2187
131
2346
1595
2098
1418
4063
91
3375
1373
3411
4365
1056
4334
60
2263
572
1115
2451
454
3200
913
4724
132
4372
2342
1629
2200
4202
1331
4609
4306
3391
1109
2194
3173
2217
3742
1290
1980
1379
1546
3769
2693
2775
1925
2861
22
4107
3703
1447
1804
1864
3305
342
1162
189
96
3799
4299
2500
1644
7
4170
2640
3622
3396
2443
2547
121
3100
1207
1432
3553
279
4166
1565
25
3051
1224
4715
4443
2933
592
1827
3898
2085
3853
4749
1489
160
4251
449
2793
1657
2861
1435
4469
4224
2985
4291
2877
4569
2041
1011
774
895
3238
3058
4738
82
3000
3347
2164
3344
1319
4544
498
1137
2618
3969
2441
4248
2255
190
1780
2086
279
1702
772
1373
744
3565
985
4485
4072
911
3730
1315
1499
2782
3249
2384
556
1786
791
3331
2412
2362
2961
2065
3343
2517
1180
8
2761
1690
2427
1380
2721
2323
2651
4182
2842
2246
2414
3164
695
1543
409
2757
2316
2119
3279
3043
2457
1191
4106
920
1666
2371
4565
2572
2648
2345
1049
533
115
556
2728
1554
543
2419
2227
586
3263
2641
429
3481
1149
1173
4098
3789
4773
908
671
1540
728
617
1918
2332
53
1494
99
804
4688
2642
1951
2861
69
1652
646
2566
3477
2394
921
4596
4153
1964
307
758
2859
4377
2911
3886
168
4364
2373
4728
186
4482
4555
491
1812
575
3590
4253
3950
3302
2967
4101
538
1597
1509
2981
4083
1447
2467
4379
3319
2862
2025
4347
44
2668
1361
1439
3556
1351
3321
4339
788
415
1558
4027
4174
4102
2331
2113
3850
1693
4542
2511
3101
923
790
542
1667
417
782
2516
2774
3942
1869
2491
1693
4418
3731
891
51
2555
4110
1976
1766
182
1194
740
3580
4233
3436
3607
1005
1845
3093
2455
581
2982
3023
4206
2464
335
2991
4404
4542
1224
3060
1215
3274
2937
4678
3761
2319
2970
724
1039
3040
1534
390
4669
1442
3581
713
1375
546
2629
672
2063
2726
1046
2790
4166
2805
799
643
435
3054
3235
1396
448
3753
4399
2297
2387
837
3139
1166
4486
1310
935
2958
3492
1388
4560
4155
1520
2741
1722
3211
1285
1755
2641
3842
2781
2058
4148
636
4499
1409
2954
778
4437
983
1785
1163
2966
435
815
299
4052
2868
3951
2107
1156
2999
916
1505
3329
3506
2093
537
192
1550
3841
2351
2530
1818
1879
1421
3259
1920
4680
3163
4315
962
3888
261
767
3756
2217
3499
3554
3951
2952
4780
1863
3043
3339
11
2500
3560
4533
2627
221
951
3699
4051
1386
3252
4082
1501
4311
4537
3204
2066
4558
3891
483
738
4138
1400
2413
2333
4301
1103
2003
4508
4778
1244
196
319
2354
1817
2308
1449
3920
1516
623
3604
3144
455
1350
1676
1984
2651
3359
477
1309
522
779
209
4498
2973
2538
2617
4567
394
115
252
4172
858
2572
1731
803
3788
4667
1578
1262
1135
1595
669
42
4664
1858
2987
493
126
4696
4211
3476
2061
3860
1330
321
4177
936
4528
3839
1281
1765
2510
4115
2777
2935
2961
4480
3632
4204
2231
2785
2017
515
1203
81
2697
2715
900
4369
3872
2030
40
3866
826
2602
3196
4343
3472
2299
1615
4648
4162
912
1599
312
4426
3414
1742
3267
1515
2953
4234
1020
3952
1304
173
2482
419
1099
977
1632
316
1555
4636
1593
4584
337
1367
1680
3325
486
4632
2023
2445
3648
4464
2814
4734
982
599
1786
3021
3143
4327
389
1877
2998
316
1216
2659
4536
1499
2015
4772
3569
2310
2104
3503
4519
3642
2954
4633
2707
4507
3259
2795
1359
4574
3309
3202
1296
2542
252
1725
1572
4196
2902
2760
1144
2502
3174
248
1504
1154
1927
3161
4670
3437
1443
2944
4761
947
200
3113
662
2888
2512
1064
1093
1651
3023
3644
1177
4509
2738
2391
1372
3092
4429
333
2421
833
4377
2514
2501
3467
3210
210
2575
2257
3210
1568
3312
1269
2716
4331
2602
2919
2431
3096
3619
3579
1079
4138
3992
213
1656
509
3985
2373
4678
3138
4443
4321
3532
4594
1284
1292
4792
4295
4434
4495
2819
4537
4173
3946
1538
3704
4241
2253
2550
530
3410
4236
514
2587
452
4181
123
2567
3550
4459
1099
1504
1225
2215
871
4744
1308
593
2357
64
4770
1150
2764
4630
2040
3003
2809
1403
3786
1440
671
4764
3689
2946
4744
4714
3299
2443
1132
3964
3615
176
4505
2066
4547
2960
1923
4246
2025
2570
4661
4690
4144
1415
3272
4153
1243
1492
1286
2521
3736
4587
653
3775
2654
1802
26
3139
190
3315
961
3794
195
1226
393
2438
3064
2022
2439
4791
3469
265
4568
3775
56
2918
288
3487
1517
4102
1147
641
78
1295
1631
1648
30
1719
1166
4025
318
2721
4044
4400
1373
4605
3232
3861
3172
1113
3043
2317
808
2810
4095
195
3834
912
2634
4030
4073
3299
3671
3333
2320
3669
1742
3157
3521
1749
3446
114
3845
1269
3553
1906
288
1914
2327
2578
2358
1363
2406
3010
3341
3573
1770
96
2715
2665
4013
2825
3809
3418
1191
4215
4782
171
1207
406
4641
4548
4080
3644
2514
1238
3986
905
1201
1510
4696
1983
4383
171
3832
348
127
3024
437
4261
847
2963
679
207
4747
4724
4613
2123
1109
54
3106
4276
4504
886
4258
1940
26
736
1696
1629
2915
4334
2458
1107
4037
2342
3299
4610
3919
4134
770
2336
1503
1667
1139
2642
886
4534
2734
998
2789
4423
4659
1596
2149
272
1623
601
4220
2652
543
3354
3393
1097
1567
4215
2853
2753
884
4381
1295
4590
4079
2547
4578
946
772
161
3237
2981
1896
1196
4468
2063
125
793
697
442
3123
3731
957
1550
512
1339
3943
2612
1061
4300
3196
3921
4564
1804
4402
325
3782
3600
2242
1870
367
2174
2545
1005
2502
2536
3048
1624
3333
3658
3386
230
1808
3916
4740
840
2796
1675
2590
3963
1178
837
2348
2215
2160
4670
322
3883
1225
2005
900
4447
4793
51
320
4640
1837
1366
847
1161
3068
3915
1561
763
4126
3675
939
3958
1288
4365
1504
2218
3524
4787
2537
4273
2059
1449
3851
3170
824
4278
2493
3016
2176
2115
747
617
2541
914
1192
2126
76
4300
3349
597
3596
4428
4093
736
1819
120
2792
1225
1431
2708
3952
4019
2964
538
2116
3895
853
1547
1891
1577
2641
4629
4287
3294
1571
4178
1630
2339
2610
1754
178
1596
29
431
3348
1422
2904
399
2438
2730
1749
3136
926
1889
1897
3492
3473
2003
3947
1635
1965
4226
564
1971
1409
1002
2012
2453
2812
3840
3776
1647
1866
1717
2288
2667
1628
4236
1210
877
2681
1613
4568
1167
1007
4664
2175
3122
3128
3366
4401
3385
3728
3854
2711
601
1095
4207
2375
2836
209
2378
1655
3179
1459
844
4605
3594
3468
4404
1393
3561
847
3645
4402
2680
173
194
4780
2005
2999
2126
1219
3662
833
1782
3381
345
1999
3321
3067
2910
1984
308
1251
4116
2701
2339
128
2537
2822
4415
1975
927
139
513
4661
3888
3665
4506
2651
2944
2384
3182
3307
1152
492
2102
3592
1109
1043
2258
2776
3198
2917
1261
4717
1202
4455
1728
3897
4449
1591
4057
69
1438
3694
946
4689
706
2960
3674
1122
1786
470
3460
1219
4750
3676
2799
4378
2794
3213
1252
1153
4118
2078
3303
2110
296
3026
4177
575
2509
881
3522
3296
1901
3694
1160
1576
2255
1677
4100
3868
1264
4337
1314
4678
3706
2961
1408
4264
4387
3808
4590
3007
4484
1048
4732
2861
4495
523
3447
2552
1118
2257
439
1148
2618
2727
872
3632
1673
2501
3282
783
1183
440
1831
1360
2362
1279
4502
4294
4441
3787
1278
2882
4003
2038
1080
2676
2144
2876
4126
3577
306
2672
413
635
2781
245
2938
3346
4468
3105
2945
3534
4352
3023
4411
4426
1332
3150
1128
172
2131
2101
2316
365
2593
2533
2705
4655
3442
2183
2208
3994
4241
4729
2968
709
1196
996
3254
4053
834
1857
406
3015
1253
239
1860
268
3588
1800
1200
330
1591
1164
817
3792
3872
56
68
305
631
4681
4646
1125
4799
1705
665
1625
32
2921
3755
397
4270
671
1749
2847
1632
2989
660
667
3498
3047
2592
4563
931
2397
580
2368
1684
2382
3963
1667
4690
1776
443
4409
4716
4480
718
1130
777
3718
2147
4426
2842
1830
3001
3638
486
3693
935
2376
3397
4128
632
1839
1513
1990
2245
542
4769
1701
3301
4348
1916
3005
294
1735
4447
3174
1408
3635
963
3874
1015
1771
893
4653
3868
2745
3676
3120
255
4207
538
2590
2258
713
1475
3914
2719
2498
1276
2495
3697
2304
622
4079
3823
3687
3530
3461
1392
1793
3216
1903
1247
1369
127
1001
4039
3981
3235
4159
848
2934
1228
4287
4203
4419
2437
4177
237
1576
4465
933
528
2586
3665
2653
1170
4131
2524
3977
2228
2616
113
1643
2065
2524
2219
2331
146
2285
2471
2429
2882
3956
467
4284
1108
1759
1095
1013
1338
857
1929
555
965
2928
3409
3098
4478
2916
2191
3161
232
2330
525
1685
3519
3020
910
3503
2945
2076
2950
1378
3381
2236
2861
313
3405
4607
3447
4285
634
3614
4261
853
437
332
2017
132
3668
3663
749
4428
3213
1683
949
4161
2832
3717
3860
4751
3363
753
1525
4408
2402
4384
1838
273
2978
2162
1733
4437
293
3103
3007
1288
2505
67
2370
4142
685
4364
2220
3237
1107
1784
3829
2525
505
599
1209
2628
3706
2460
3652
2293
4329
1379
2519
2727
4371
652
3792
3733
3343
4182
3021
4606
4203
4549
3129
3971
2070
4087
2843
3538
1948
3513
2461
3319
2494
834
49
1495
126
1069
319
2015
2808
4108
1885
3420
1297
265
170
2075
2042
616
3365
2373
752
4483
738
2704
1781
912
2180
1903
917
1473
878
572
4797
1902
4610
3538
4620
2751
4270
992
1161
2177
4443
2163
1126
3730
4384
1004
343
4782
5
1393
2468
2913
2842
4269
4553
1105
2263
3581
4564
2565
2620
2345
4766
1834
186
613
3055
3654
1674
1874
338
4499
1803
2742
3903
4452
3573
2795
3031
2567
2917
1577
4797
4651
2946
1021
1261
4737
2803
3212
4196
2602
12
1760
3775
871
4332
845
1302
688
1764
1054
1142
2431
1722
1107
4240
1389
4079
3682
4452
1225
3257
1777
4070
1468
3574
4460
3016
3291
2952
4135
4472
4106
2354
3706
627
4545
2213
1737
3205
624
4455
2315
1052
4662
3025
2694
170
4276
4698
361
466
4761
473
531
3094
3495
1833
1318
2901
3693
2176
2574
2713
1092
2073
2252
2062
104
3630
1776
1757
957
1134
3983
3155
606
3665
4748
2886
2257
3216
1287
3061
1972
2211
4484
3726
2844
995
2341
905
2779
2796
1605
3247
3793
1134
1031
1127
1352
3073
3130
499
2625
1340
682
1292
1847
3840
1237
3570
2083
318
662
3606
1264
4764
1980
4505
4550
4073
4199
2804
2156
46
2615
243
4523
388
4195
1824
2902
2725
1201
1078
2493
1634
647
400
2459
120
2428
2147
1569
2208
2985
350
1577
2536
2343
1253
3838
3416
4407
1709
3869
4073
1910
599
3015
3238
4653
1422
2961
1424
3910
3379
4672
4727
4629
3320
1194
2773
1312
1150
1274
2468
1477
2549
730
2070
1414
1483
4091
4530
370
853
1808
2739
1972
264
3557
4580
671
4769
3224
105
4241
2138
487
3390
3393
798
3253
213
1346
1726
3808
1277
4120
1247
3501
3532
730
33
1271
2897
90
306
3694
3854
3913
460
4262
2285
1562
1104
4502
3531
146
25
2196
2506
2996
4491
4678
1308
3320
2929
3161
4634
1954
1780
2849
4475
1978
4748
903
1626
3261
4600
3205
816
1129
528
3534
991
615
320
920
4423
690
2078
1496
2259
4297
2666
4785
4540
949
2052
927
4609
1126
265
3927
3669
1825
3412
73
2194
468
1798
176
2063
3458
2373
2346
3401
3450
3819
1640
4483
3014
4448
1380
4637
3669
3624
409
1345
3085
241
4344
3351
1754
850
1628
2760
4698
4236
1628
2327
2444
359
555
4308
4448
3439
4049
4678
3508
3039
1506
4550
1644
1372
2919
201
921
2239
2969
804
1204
405
1370
4197
1213
12
3795
2534
1712
557
2699
321
234
3158
3362
2444
2898
1441
51
2057
2687
189
4317
1797
4699
2076
1474
1024
1611
3354
1258
1537
3035
4480
10
3979
4713
424
2058
3423
866
315
122
2282
3013
3211
1099
3894
3225
3035
3285
4690
1991
183
3697
950
2797
3207
3608
4419
3391
356
2720
4106
4207
515
1889
4629
607
1166
2037
3275
562
2562
4633
143
1551
505
3751
3440
3697
415
3245
2053
790
2841
3847
3906
4662
3102
2211
2964
1330
3467
4541
2353
2644
3024
3168
865
2468
1933
2624
3698
4754
3481
2174
2336
4234
1846
3357
1032
2713
1404
1179
2590
1122
4243
1025
4672
2522
3679
2576
3984
193
1552
4724
358
2635
3907
1
1450
494
4626
4644
801
3671
3102
1108
4016
2939
2390
866
2768
3387
350
1318
3313
2298
4041
909
2388
3630
654
3164
2378
1816
3536
2330
2923
2025
4056
1829
4398
1299
344
483
3796
4755
1285
3000
2329
4625
4660
544
4230
2824
2993
1897
4039
834
747
1125
1223
3257
522
1677
4795
1326
2836
1716
3122
317
4594
4378
1189
1519
1251
1597
1058
2352
3569
401
2821
1470
2291
3556
1002
1374
1958
4413
278
4058
723
4300
4530
3061
3586
4216
4693
2083
1517
1671
96
1859
3985
705
763
4624
120
1988
221
2816
2040
2312
2886
3460
4612
1623
3669
4184
2858
3496
2092
3095
3001
378
3475
2095
3048
1434
1147
2251
2225
272
4779
1145
918
3743
2925
492
3240
4392
3080
3673
4650
3006
4736
3896
767
2432
3279
1188
1221
583
2005
3309
149
1683
129
2620
4266
2872
2901
3426
1856
4738
3238
3103
2338
1331
4521
3174
2528
2752
4249
233
832
1193
1015
4519
3482
1315
572
1304
2424
3058
3261
4193
3448
4494
4063
3871
1710
2145
453
3408
4403
564
3292
596
2252
3971
3798
1508
2341
799
4568
3671
1119
1069
53
1725
283
2712
570
1211
2890
3410
4028
1660
4425
2463
2536
3040
2170
3663
4568
2605
250
2505
3194
619
2063
3263
1499
1626
2106
468
3760
4314
854
968
1592
4654
390
4432
2201
3110
2223
3091
841
4407
4619
4369
1656
223
4189
1842
1364
2998
223
3444
3445
613
4096
1423
1490
717
1968
4329
3740
2852
144
386
1174
705
2221
4250
3025
4499
705
167
3994
2225
654
411
3502
3403
1947
445
2017
3001
3126
2827
4081
1338
3776
4574
2711
2944
1209
4657
3982
2389
4787
1664
4774
4567
4207
3950
2609
4174
3516
810
1831
4032
2027
2904
995
2813
1163
1063
3869
1365
615
673
942
2658
3050
3466
3641
3462
4410
1752
2036
2454
4490
2689
3465
1523
3351
3219
1877
3983
1823
834
200
1937
1920
1711
1780
775
1443
39
2878
459
3888
4545
4123
1560
1824
430
4143
903
196
4350
3899
3706
2883
176
3561
2766
2807
4738
3301
2824
1331
262
2055
102