46
1650
1022
137
108
1420
706
54
973
1267
847
335
530
167
1788
1451
1795
755
764
1301
24
675
479
1792
706
506
818
175
1081
1688
433
348
612
1719
852
1235
622
1215
428
937
1787
565
1081
1218
1201
851
971
18
1536
555
96
1398
1794
1015
977
678
483
72
884
1257
1629
46
730
811
906
899
1381
138
987
511
1220
1058
1773
363
1191
172
1520
704
1760
1076
171
669
1508
1251
1644
1211
1289
1572
7
455
1614
791
174
1678
481
109
1402
873
636
332
1513
592
1323
1246
1014
1312
472
570
165
1042
1603
595
309
1331
815
654
1036
551
1131
906
138
1461
1641
131
1207
92
19
57
962
1493
1048
138
155
1666
740
1385
1572
1311
616
517
1186
1008
1322
613
148
293
1121
551
642
1547
609
256
1199
683
729
1563
596
102
56
285
938
1601
689
683
348
1461
90
1506
1475
1197
781
1155
32
700
368
1571
194
274
145
1135
1627
985
1698
1197
1285
1758
882
1374
594
1363
64
190
618
704
825
1691
1214
205
428
1562
691
340
1442
254
1617
710
11
611
359
92
1517
781
1424
1663
1033
670
454
466
305
785
1597
603
895
139
1279
1509
1581
1449
183
271
1254
1073
320
980
1349
1345
1114
91
1282
35
1377
820
1301
1440
180
1346
1031
202
1370
651
3
1537
1111
1116
1782
1374
1268
515
1226
769
159
1046
539
1357
140
467
1421
238
1388
806
1166
123
1204
977
1540
600
431
1244
811
1709
374
1329
628
879
1156
1243
1308
1486
1670
774
1417
140
1572
1492
97
1220
1507
342
1565
1172
830
1020
169
871
903
1517
690
1443
1344
1469
414
1062
739
301
767
277
987
544
1209
1312
371
152
1242
33
899
798
1213
599
491
1136
924
1337
1316
640
1493
421
1256
717
1041
517
1057
610
1540
465
337
1520
1454
1777
320
1215
1757
103
976
29
1465
370
40
669
1450
704
1722
1223
160
5
1216
1333
420
1466
1367
1408
574
586
620
399
1030
1562
1131
1741
285
1264
1345
1021
1641
219
894
250
395
62
942
122
650
1465
985
1156
1372
1090
429
1675
891
62
1289
1164
13
196
899
1315
769
375
1009
345
1174
391
189
259
265
651
1775
1195
1310
791
1569
883
760
1455
172
154
991
875
527
482
694
870
1075
1522
492
82
712
614
421
384
1750
132
1706
1710
193
54
1227
188
1790
1710
252
431
975
1273
1736
411
1223
931
1271
1734
550
1275
1789
71
11
1228
778
117
971
972
745
66
503
275
1433
1598
1038
1577
1018
1432
136
479
1409
723
173
1797
441
456
395
55
1119
59
287
27
786
1208
1183
755
457
1414
1484
508
866
462
1663
95
1768
176
464
705
862
404
413
1780
1109
1278
241
840
1556
165
102
517
1608
1263
352
682
1797
1427
1644
1191
1195
1557
113
1661
222
1548
626
890
1398
79
1038
74
1210
31
1686
854
964
1340
768
1652
1040
118
202
1460
1786
603
153
477
880
1773
1678
1551
650
753
1254
1640
337
94
1339
305
506
1159
110
856
337
950
1623
1163
277
1253
1206
84
1023
390
386
39
15
1326
1790
1068
1243
1418
861
405
1762
306
1433
1571
169
357
285
484
1253
1107
782
1092
1659
1481
541
200
1118
125
1449
1145
651
1344
1487
412
988
1631
1248
1432
275
1136
1241
50
1793
1312
505
1157
1032
1171
1712
1212
1095
310
1059
596
1622
104
1227
667
872
978
723
1009
342
1069
247
1680
941
96
1548
534
1755
746
420
455
1687
104
171
187
1631
1383
1554
674
567
143
713
593
171
821
1671
1433
177
1109
633
276
1722
1619
508
549
1314
931
1119
19
1002
1376
125
91
370
1749
1675
1386
585
1648
1053
573
1048
508
1041
885
1773
1100
753
1774
494
1139
1535
1533
892
635
781
95
799
1569
865
487
1417
450
1388
1457
1218
178
952
66
343
1459
1799
828
1503
1391
677
113
1083
764
1363
568
164
809
980
273
882
83
685
126
295
603
65
902
1430
1136
1281
688
1789
111
1660
212
1486
1690
100
1072
292
1676
1391
569
156
762
226
1074
119
159
1101
62
1433
41
925
252
1254
329
904
450
10
632
1609
759
975
545
962
535
1452
724
1406
987
509
1250
1353
1323
425
863
520
525
1300
1511
70
823
601
1620
75
241
170
969
1758
1542
1322
1735
1445
1247
1291
1127
82
748
1301
628
1281
511
250
1054
1656
1323
1542
1
287
1782
822
364
878
737
1475
293
794
212
1174
614
194
1001
324
1620
1256
47
1300
352
1689
1525
895
240
1760
597
1510
1189
1105
1150
180
659
778
163
1445
652
931
1085
1446
1501
760
269
1279
378
1534
356
1015
915
1562
1051
1426
1332
543
488
1175
1354
971
30
222
634
1226
664
1084
680
1712
75
190
1706
1785
1471
324
1398
1048
1583
59
43
121
322
1337
1616
242
24
1594
339
553
1344
1185
1224
595
232
1385
95
442
657
1392
475
972
567
776
798
1546
1702
1146
627
1601
1226
1041
1641
1269
1497
1480
858
330
1733
1595
1404
911
1450
974
448
1295
271
47
671
1783
876
1575
876
557
1012
1601
1068
1399
1294
616
369
750
198
1126
1779
485
1387
607
1378
584
733
379
703
326
1704
973
726
839
1503
1177
403
780
907
180
1354
985
1422
687
1754
592
688
1289
1096
726
64
236
158
771
741
1558
1340
1771
385
47
77
178
1501
1051
1720
1697
50
1775
283
757
884
83
7
1515
1442
1248
905
264
1440
1205
1790
100
1383
1344
1255
1062
982
1215
120
1457
655
465
1684
99
392
233
1086
763
1039
1215
1271
543
778
1209
300
1446
243
175
745
1357
1630
413
1630
778
885
1520
1383
1065
1362
1760
233
1314
1794
1350
476
291
706
922
319
1741
1203
695
529
1533
1040
796
234
354
13
1426
189
867
603
358
1287
398
293
228
1411
633
1536
1386
181
459
1758
508
1579
446
1145
468
1715
562
1687
89
1000
1189
1025
517
833
1476
833
1736
183
1069
828
1703
294
449
636
782
25
265
1182
905
1279
1344
942
467
1083
556
275
1203
43
571
1115
10
305
1288
883
279
1421
296
1314
1102
684
1102
774
1585
491
905
952
1639
1750
771
1285
68
564
1522
1097
795
631
891
1059
305
534
84
112
1250
253
601
75
472
1279
1200
715
43
1542
1569
1449
410
407
674
672
1004
1344
262
119
1791
527
914
224
973
1642
116
806
528
792
1738
1372
63
1008
799
1453
1711
772
1149
473
609
456
390
591
1474
1784
994
1165
1545
577
738
201
980
1599
1175
1193
1333
1139
1383
840
1127
377
308
296
1415
612
603
1777
1362
1731
933
110
1141
1721
866
65
1174
571
1038
1028
1336
1400
1056
1092
151
285
16
1459
1169
1553
377
131
1028
322
1102
633
1064
1600
485
823
98
471
915
1256
899
1122
1004
1441
710
932
1673
638
1598
1634
357
1234
503
1585
23
1064
16
563
1515
1620
1434
900
1557
1084
1266
1738
1246
1547
1117
473
1319
1137
443
1317
849
529
1096
1719
956
1003
240
720
1140
740
984
784
1217
1752
460
904
656
1784
1565
1699
767
1648
1264
1386
1535
157
982
1434
619
208
1450
1472
1407
808
1630
1784
203
1328
1074
1344
1334
640
1240
534
291
645
1356
830
713
1689
369
201
1258
192
371
550
130
1580
1029
1698
878
1464
613
82
1315
563
1053
631
1656
1259
374
757
1025
1273
229
93
1044
463
1554
1578
329
1343
1240
414
1134
1062
1386
955
1438
1294
1627
1362
135
1503
241
1576
641
1595
330
476
1622
1714
773
675
1345
745
982
1695
1537
703
1259
883
381
53
1606
1233
599
841
1247
643
1717
742
160
895
1007
880
297
1707
1018
739
908
691
1348
238
868
1502
527
978
956
422
1686
1200
851
111
883
374
1527
299
1626
650
747
1787
665
646
197
1354
703
534
1362
459
917
1484
1589
1371
1369
9
919
630
963
243
1171
857
1283
349
1541
37
183
924
283
87
1759
370
249
110
1686
1459
660
767
1192
1020
168
1252
1357
1576
28
993
839
1278
896
693
1128
202
111
1418
1049
1158
394
13
1205
1052
1646
585
23
1516
629
151
1462
913
788
773
343
319
1656
1752
1747
1534
786
465
1082
217
1461
1403
1723
636
234
783
355
24
1283
1574
1192
1691
918
182
229
1225
1070
592
485
101
807
54
1751
1289
1306
975
1534
1599
1467
964
779
115
836
413
1764
486
152
1745
388
579
782
407
727
1736
1560
975
362
439
411
595
484
68
340
174
485
604
992
439
318
716
1458
1471
540
582
1196
512
1706
1406
1558
1257
1265
176
1036
223
1035
1740
984
1604
776
731
934
359
1444
980
470
578
1523
677
671
228
902
1126
1387
797
19
1527
668
1467
318
1619
1614
936
1139
1407
242
37
1715
1671
34
1487
996
1225
430
994
744
857
1664
935
265
1340
1184
75
314
1504
1592
1493
1474
808
432
315
665
1648
1651
1491
1648
1429
1756
657
1406
514
1604
1324
1317
930
1655
583
1780
1022
1703
1061
580
705
990
377
1429
1727
1153
1102
1194
1710
376
483
1270
864
1081
1331
779
530
731
1274
1295
1107
627
135
165
273
379
519
1377
115
910
943
972
491
1545
1370
307
1149
1119
106
982
951
1481
644
1759
1146
1062
806
180
10
177
1104
1401
1022
861
788
1597
505
808
74
1332
1157
1435
1734
949
325
1024
1487
929
652
1363
1567
1401
1297
1245
880
1747
1752
314
702
525
458
857
851
1370
380
544
1142
595
98
778
1387
1104
858
795
395
1025
1580
1284
131
500
674
558
1591