2069
403
365
2970
1441
2550
958
301
2162
2798
686
2309
1204
1159
2861
2749
3536
2861
316
2909
1928
3421
3201
1865
3221
3254
820
2753
1404
1812
2165
1599
3003
2641
1234
1118
336
1663
1130
2926
1175
2416
2916
2114
3149
58
1651
372
2593
3292
23
1719
732
1516
1270
2622
238
2138
1599
2594
1791
1552
2111
346
2431
3439
1677
3359
1699
1940
1646
2831
1411
609
39
2946
476
3073
2553
795
1415
271
3135
816
2716
98
1832
278
1811
1079
1371
2403
2366
1293
1560
25
1330
3068
180
1994
870
744
339
987
2173
1472
1024
111
808
1934
678
2275
1943
547
2288
3339
2462
839
2518
2099
3315
2886
3586
1022
1641
670
1764
1696
2767
915
1359
516
3079
1420
1710
284
2431
2565
153
3529
1820
1371
3157
3425
407
2687
2618
1246
3397
2468
3032
339
3083
3413
111
1351
1750
3010
1714
1215
1782
1674
555
1660
2398
1951
305
1366
3092
3282
2528
3205
613
188
2439
2625
2956
1514
2923
3283
992
2495
3255
2922
693
1874
411
1758
889
2905
1408
1805
363
2337
2940
1435
973
2018
439
874
2297
3587
3394
1045
193
1925
2321
524
485
725
1453
331
405
2294
103
1977
3377
1753
2309
583
2679
2530
1127
2264
3206
1473
1447
2016
325
1558
3221
1512
255
1969
1231
1287
979
2603
2624
3106
3011
2477
2510
2933
73
2757
1097
285
3172
1656
1573
360
1205
2080
1771
3015
3146
1488
3202
390
103
143
795
2382
1886
2342
2204
3009
685
2879
937
126
3543
453
561
3451
2062
2270
2837
404
2461
1763
1648
84
126
2023
265
2355
1604
2084
2606
1200
2391
328
1352
1214
1421
2565
613
1074
14
2304
1198
2697
3350
1300
1329
2589
337
3235
794
1475
261
3515
2536
1531
1022
1750
1156
250
2684
1447
2094
428
3080
239
2687
1941
1165
907
2970
1368
1587
1014
1034
1339
2739
2940
233
152
1527
1305
1664
880
1158
2090
518
1740
136
2576
1007
2907
233
2984
3517
2803
30
712
2925
916
2666
403
529
1731
2407
3453
2882
876
309
1701
669
98
2214
522
2412
1871
1825
3499
918
661
2912
1491
2619
2050
1858
2901
3054
1338
875
773
3206
497
2250
2574
977
2034
2804
3391
1322
879
90
3037
1684
1931
2930
311
3216
3318
1528
1150
1168
1102
893
421
1940
1876
1093
2515
3088
2175
2556
275
1424
1166
1483
3445
3574
3161
1841
1433
3516
1528
1933
1444
1716
2253
2653
501
2386
737
1668
2236
2561
3416
3557
1748
2115
354
3424
1529
1615
3207
1357
2860
1638
2559
2134
3557
37
2746
158
988
754
1238
2688
1687
2603
3050
2091
2011
260
3428
2989
2999
835
1037
2346
1452
1861
614
2529
1656
801
2624
1309
778
3082
3514
2827
1658
3317
2617
1319
897
1429
3479
1469
2988
2492
619
1938
1849
3117
1675
1925
2696
2095
1165
1703
867
806
3556
1051
2857
349
3100
1571
1398
177
820
1557
1834
218
350
616
3157
3250
967
2842
2875
186
2401
188
9
754
2347
156
609
224
3595
2255
2713
2932
3531
872
1824
2566
341
1434
3597
796
674
1269
201
1207
3335
479
1012
2509
1476
2749
2661
2346
532
1244
3153
2804
2667
1668
453
609
456
3525
1379
2016
2232
2672
2683
1834
1530
753
18
1960
1174
53
2398
2872
2508
2680
3430
3051
2314
2794
2399
2741
3103
1433
446
1925
2460
1518
3572
1435
892
2691
2253
3235
957
1781
1105
3239
3163
2652
418
2957
504
281
1035
1309
57
749
1859
2365
2844
3460
342
1658
3122
2504
2570
3123
544
2025
3528
1760
838
178
129
2597
2038
80
1651
1811
1310
100
612
1170
2160
255
3405
2778
498
1235
2019
255
2273
3408
287
833
1505
2809
3192
2805
1492
626
1770
1229
2744
1027
3555
1953
44
1471
339
2423
3466
2884
1853
1493
2964
2575
1061
2647
1389
3511
2309
97
700
1908
1495
555
999
305
477
1067
873
1129
1764
2015
2473
1025
3019
1377
2610
1846
1898
581
1782
3288
1643
3033
3068
3533
1541
2357
3063
1770
1348
1169
2621
2422
389
162
2202
2267
2348
1606
2443
370
2688
54
2038
3123
2353
1705
750
2120
2370
53
3423
1247
1807
1278
384
3566
2350
329
810
3121
647
1547
1553
811
285
1560
1202
3338
3552
287
1667
1617
3285
1495
1468
1240
2508
208
875
1355
1677
3564
989
913
350
3230
211
672
925
2462
1373
53
1700
586
3253
1574
1546
458
3385
1048
2173
2045
1273
1395
2181
3022
3317
585
3180
1277
2508
3080
662
540
1321
1333
3090
761
2305
3154
1535
488
291
3017
1827
2746
1652
170
3253
608
1518
672
1189
1750
3213
627
3052
2713
1803
2520
3092
2693
1390
67
2763
1217
1882
2862
2873
343
2349
433
931
345
2058
2880
2988
1143
1926
842
870
2972
3393
3062
3427
528
2211
943
1266
3096
3143
1813
2736
428
1313
3527
1091
3030
470
1454
1254
3224
2219
2246
32
3195
1174
2147
2384
329
282
490
2289
1693
686
3510
995
223
1223
2959
3324
1178
523
3554
2354
3417
352
145
2028
3094
2782
2539
1674
393
467
101
101
474
3311
130
1135
529
2460
2845
134
2807
2924
2510
3579
2977
2968
1046
2179
690
560
1610
706
1764
1309
3229
1271
2324
1295
398
2509
932
2522
3225
3310
899
354
61
475
3528
1216
513
1402
2999
132
1031
2215
2219
1339
1301
1895
3585
1277
1207
1170
1690
2141
1211
730
347
1136
528
2637
2645
934
800
1636
2657
2482
3017
1021
2564
1772
2939
260
1465
2150
433
1007
919
3428
252
384
650
1412
2607
3218
124
1497
1408
3330
2701
600
25
1775
978
2639
2363
1835
256
1085
1343
918
277
1850
303
3316
339
1097
2037
2336
2209
1132
1244
2248
1745
843
2697
2206
2473
3227
3012
2198
1918
1848
228
2616
3512
2654
3032
411
1570
2959
432
2665
3054
2658
2721
3028
357
629
784
1191
1795
1367
2647
1310
3374
2105
3104
2357
786
13
413
1498
1528
423
1375
600
355
1580
2857
180
2197
778
2106
2415
3516
1524
2821
937
3190
3366
5
3296
1517
2791
3182
2618
1763
1373
3137
530
3597
3456
909
1515
3583
460
2667
1338
2526
2270
2751
2692
526
1177
3395
2662
1644
2568
1612
2406
104
2425
2765
2356
1327
3048
3022
378
3227
2631
1210
3571
3551
886
2588
3177
286
3199
3155
2234
2065
701
3051
376
1584
1184
1391
2138
425
3506
141
383
1211
3323
1444
3028
1205
3115
2288
1890
677
3552
549
2078
40
2284
927
2510
2550
1353
300
2662
3308
1944
3225
1700
3405
3359
3305
2372
1001
3517
3595
2491
325
1369
2224
660
2144
795
2086
2072
1570
2852
846
116
1493
97
1244
3204
1853
119
2596
3228
2104
3019
2466
1654
2110
730
1685
341
494
3118
2683
310
372
3550
1656
3114
3294
3120
2742
1653
2117
1987
567
3418
1712
766
28
871
265
2733
2883
2683
1825
903
465
2189
1136
1750
3487
2652
2069
1895
2143
2164
471
869
2751
3518
3446
1816
776
2458
1779
1402
4
852
1319
514
2978
164
1096
477
107
1884
1894
2953
608
942
2702
2789
1614
2161
2249
830
725
3279
1262
2328
1703
3039
71
1209
2017
2385
3547
3562
1498
1391
1351
133
848
2664
685
39
1040
2115
335
736
944
416
1226
511
3041
2947
767
2113
1406
1493
2393
3408
3048
714
2236
3192
1413
1464
1600
1388
2157
2297
879
1152
1717
3078
2992
1470
1876
1022
1888
1539
425
387
1587
1380
2028
3595
1894
2723
725
1314
2678
1505
2470
2071
251
717
2080
3382
173
1722
497
2793
1191
3042
2369
2278
232
2558
2585
1479
1373
596
583
2252
3452
306
1137
3159
1020
1410
993
1543
879
2838
379
2145
925
631
1290
2741
2854
2205
3076
2910
1348
1206
1702
1219
3056
1664
2625
1815
32
2142
1707
2405
1977
1558
775
2564
856
2772
3080
2876
1268
698
311
3072
1067
2869
9
1965
1803
2038
1916
2485
462
3112
1357
3539
1076
510
3393
2702
1795
3011
2735
1069
1418
1515
2876
76
1335
2638
1629
90
3415
1965
1245
910
2516
1981
1422
1684
138
414
1541
620
631
133
331
2750
493
162
232
1453
3019
429
1386
3013
1994
1982
608
1467
2192
1891
473
3501
3436
1689
1129
113
624
424
3357
1434
3535
858
3507
2036
379
2421
3284
2188
3018
2636
1352
512
1250
823
2498
2968
1128
2689
694
1052
3501
222
687
631
260
3367
2018
1769
3459
662
1149
252
3491
1575
3318
2813
2445
467
2121
1880
1825
2964
552
80
2515
2036
157
3429
268
2530
1809
1038
2691
1077
91
188
1471
3098
2205
2691
3576
823
3031
1330
1276
2057
1221
3184
1191
1159
3503
125
3114
2407
531
1655
3029
961
1967
1349
2533
489
1287
1949
3196
2295
3295
3145
453
838
316
814
3448
3246
1694
1504
673
191
275
3473
3079
1177
3382
2398
1602
332
514
1808
1188
460
459
1968
3308
1523
2569
883
703
2910
1816
2666
1012
449
2961
209
13
395
2800
747
1634
943
1807
1304
2149
3477
605
1914
1386
37
1154
753
2354
406
1793
440
2783
1821
2131
2707
39
2867
869
2189
116
1545
2706
2609
807
2535
1142
3555
1535
149
1781
3501
1737
229
535
2795
1474
2917
1030
411
3231
1675
1873
808
1792
2904
3051
1770
1579
2949
2502
2483
2651
389
860
936
3123
1242
2881
925
1765
744
2511
908
351
914
1761
3143
842
1826
3376
1353
2405
284
1821
105
3078
17
722
880
413
3206
382
1494
416
3010
297
2535
3534
2174
3526
820
241
2633
2404
1024
21
2320
1337
343
1611
2707
1703
898
313
3077
354
446
847
2454
585
1562
354
889
3248
2136
3384
3478
1570
1039
1957
1143
3068
2849
355
2239
2766
1623
2091
2931
1739
1438
1604
986
2155
2582
1304
420
2573
2090
3573
2763
798
1550
1244
301
133
381
3573
1019
3334
1305
216
3337
1838
710
3492
841
1697
2601
2518
2247
1622
2393
3273
2270
808
607
342
3157
974
1294
1765
1589
2291
2318
356
1422
1094
2577
262
2087
1234
3508
371
1386
3142
2746
1882
3364
2557
1033
1920
1169
1971
1916
2
3204
2920
2963
3097
3347
3475
1375
3237
1353
1936
2384
625
1400
2178
235
2684
2978
2897
261
2389
1467
517
1814
2233
2528
575
319
3525
1695
2762
2883
1837
1967
3593
661
3569
2060
2445
1232
1913
1032
54
2557
1477
555
1985
2280
127
1208
27
2032
679
73
1128
376
72
444
2691
1791
957
3020
972
750
1244
3453
2599
2995
677
1954
1887
1261
497
2399
3108
1732
910
2474
448
2127
306
2034
784
857
3061
852
3024
536
761
2203
2671
1110
716
1341
515
2194
3526
3568
907
2793
2079
301
2910
2724
3067
247
3153
1138
2803
270
2527
1274
1453
1588
1905
3107
2501
1768
262
3207
1727
1037
1130
1412
415
514
302
2011
1784
3164
3460
1504
432
900
1057
2080
1442
3052
1193
2200
3369
3307
450
1446
1760
146
1099
3386
3078
2548
1832
2386
2762
618
3366
1026
522
2196
1044
238
500
3039
3450
1264
1837
1095
1216
1992
2815
1068
424
3490
2832
2688
2667
297
293
1076
427
2043
1248
437
29
730
3567
3067
2645
1644
3125
1791
3510
1218
3400
2242
408
3483
2274
1710
2484
2849
2186
1491
1348
2209
3222
1168
17
1785
583
2652
1661
3035
3281
432
1746
717
90
3429
3059
1200
281
2513
2945
881
3379
3057
1694
2590
487
2496
2545
2460
1930
1675
319
449
3378
3535
1091
1440
1887
2993
2729
1979
1113
1884
2531
1847
2906
1134
1437
3340
3564
3254
45
2278
234
778
3417
2242
74
2951
2681
102
2764
2020
3092
2732
1753
1660
1941
1634
605
3480
3176
510
1284
1156
3127
1884
1574
1805
1154
2673
2809
1112
1984
599
1593
3198
2534
1532
2746
3387
2894
2978
2551
1914
742
1860
3411
1296
896
1576
1388
61
2800
774
1070
555
563
1886
2138
242
2082
2677
53
2831
1418
3412
1924
2121
496
3234
3350
2426
3217
2410
2783
522
499
153
3362
2586
3175
2227
1783
1389
2487
1746
3158
1920
3114
334
2038
3598
2485
1728
1968
3378
2683
1203
527
2951
480
223
639
3357
397
1082
2539
1373
1289
937
748
1494
493
202
2878
1907
2443
1626
1060
1968
3026
1491
1875
1259
1912
3103
2698
1411
1174
2349
3320
72
512
2788
538
1699
694
1040
403
355
1146
3111
3109
3289
1681
73
23
3415
2286
1073
2319
918
2259
942
303
3187
659
977
2580
6
606
964
1617
619
1560
284
2532
697
3201
291
1689
1984
2476
1262
1362
3375
754
3274
411
1159
984
3411
2900
1432
1690
1435
2872
130
2432
1320
2961
3574
1829
2023
2478
1753
2943
1335
1505
3316
1123
2140
118
3021
2202
1264
212
650
3383
132
1799
2894
2319
2691
2841
2740
1796
3330
1477
975
1122
2840
2857
1286
2209
645
1193
3345
2060
569
1032
2516
1256
2240
1347
2633
3035
346
3015
2128
2276
808
1876
2564
2381
2772
415
1403
3515
1695
2920
1990
3057
460
700
780
678
798
190
618
1387
996
3084
1489
1808
910
1420
842
452
490
600
2628
347
196
1826
2166
407
3186
2555
2080
588
1322
145
1164
3213
2944
571
3068
3415
3432
2590
165
487
2259
1080
3548
1854
1696
2387
1021
3543
1983
2811
2635
3286
1272
2707
3269
3558
2578
2715
1911
3438
264
340
468
1542
905
2517
2299
2252
1967
2211
1222
2749
2100
373
1732
1418
2933
1389
3246
777
3476
168
860
2568
66
1699
460
2466
1797
146
1000
996
665
1055
1691
815
1248
1729
2472
905
2694
1460
3536
2918
2400
198
3173
1135
3253
2127
1143
1013
517
631
3455
2586
1872
3390
158
1767
2923
1035
12
156
773
1875
3557
1007
2601
1094
1634
428
152
1978
2155
262
1223
2174
3552
2066
3032
578
1350
1358
1883
3342
954
2982
1181
2358
3323
29
1204
3063
335
2011
2548
2958
2365
2861
3249
1426
2149
3003
2807
2824
1654
1500
1127
60
2505
1087
2843
3286
2155
765
2419
237
2666
602
2021
3528
1003
1098
15
2034
2324
2859
2617
2951
1107
1762
2141
2532
2904
2443
3598
914
2937
348
2266
1853
2753
3186
2862
1922
2738
1527
2863
246
1076
1518
334
2449
637
1558
1224
85
3439
1350
2239
157
3507
3181
2257
3141
27
2785
3428
608
2517
1792
274
1524
2587
31
1011
1164
744
3222
3485
383
3137
960
49
2177
2912
2673
2328
206
17
1632
2896
2471
1774
42
1234
73
290
1711
1256
183
91
3264
2036
1797
920
3313
205
2820
1959
1798
1968
2983
1836
3174
2752
340
1570
2795
1389
2896
2657
2747
2332
1452
3310
3001
3200
3165
2486
340
138
815
316
2902
2065
187
3070
334
2095
875
3087
1702
2443
1761
1517
1176
516
3084
2157
3436
1659
3219
928
1812
2191
1080
322
3098
3178
3265
1182
1990
2554
2911
803
2777
3561
2619
442
2551
2612
3265
1126
3234
805
1392
1928
1452
889
491
3051
529
1748
493
797
116
2267
1473
1240
2378
287
646
186
292
1630
779
3264
1893
1351
2413
1497
1509
1655
886
3194
97
2671
956
2047
1999
2962
3459
1248
2404
2052
3364
753
2677
1176
123
833
631
1300
971
1169
1599
2009
2555
655
358
1852
3083
573
3350
182
808
3580
2797
2874
220
932
3230
1582
3353
196
3337
869
1493
1675
325
3203
2037
2575
194
1322
740
1737
2854
1890
1737
3024
2242
372
2469
801
585
521
179
2621
3017
2373
2759
1964
2603
2288
2720
36
2420
3242
3467
3522
529
705
1981
2871
2793
1434
1332
3152
1549
144
334
2077
281
946
1801
1233
1425
783
1507
2625
3024
2709
1895
763
1898
1753
2079
2052
642
1224
409
1560
924
2639
2176
2426
528
2637
907
3516
3577
3453
330
1711
245
3179
188
2944
1003
3349
1061
1016
2100
1411
1732
991
1144
498
830
1179
2262
1099
2902
1726
2335
604
3366
3108
1224
938
557
7
347
1046
1689
644
1735
426
75
2285
2680
1547
1157
3171
507
175
2671
2278
2071
2746
2645
1196
3304
1010
173
2848
3094
782
3481
815
3310
2270
805
2838
50
2680
2224
3484
2035
3576
1736
1608
2729
2681
1416
2844
365
3148
2160
2046
2869
1146
951
23
3198
5
2780
602
2494
1666
2794
646
2494
2499
1299
804
3242
1020
3227
367
3482
1897
548
131
14
3204
934
2224
3441
365
1357
1092
999
3464
1698
994
1600
1347
572
268
1724
3449
1022
3522
2966
989
1341
1928
1101
3286
662
3588
1676
3185
3436
2326
2366
81
2711
544
2712
1357
2020
1673
1560
1794
3569
3324
1419
2057
663
450
2867
849
384
2194
2863
2295
2572
2078
3402
491
634
1872
3038
1760
1213
1149
68
1203
892
918
1084
432
3487
2177
363
29
957
1348
1139
2616
204
1246
2583
3473
1052
2262
1607
3097
2147
1092
1946
1693
1179
2283
220
2077
2403
3387
3415
3081
772
1238
2094
1664
3208
137
606
434
2179
1843
2621
3218
392
2817
94
1938
285
1212
1264
2381
1928
2549
3588
3064
2959
617
3304
2212
2774
787
3481
3468
1958
817
1630
328
2524
2676
1547
2002
1931
1111
225
2908
3145
1859
1821
1634
266
1294
2679
1808
1648
2166
2036
285
1928
37
575
43
1487
2731
328
3033
1908
3541
647
2279
1365
1156
646
2213
1900
1698
353
129
1193
2117
2408
1427
777
926
3226
658
2229
3215
769
1383
1871
1764
1633
476
731
451
176
1519
2123
2343
492
3486
1170
2814
222
1050
3044
1659
585
3182
2306
684
3496
878
2131
652
3054
2192
1172
285
3112
3330
3573
2810
1543
2978
772
1526
2787
2490
2325
1643
2814
2860
1287
3249
3163
2223
197
184
1317
2226
2971
1195
1183
3328
494
1483
311
363
608
500
2846
3400
1342
1637
789
853
561
2564
934
213
3598
687
849
2665
1667
1956
465
2573
2177
1414
1966
1660
419
3494
35
3069
3316
3587
1743
2296
358
2536
2771
111
3274
106
3344
1857
2387
200
1371
1392
3598
935
140
1145
712
1067
1537
2300
3065
1512
1685
2141
2234
3138
2901
2616
2073
42
2421
3571
129
440
623
1181
1761
2710
2256
1465
504
1403
377
3183
1117
632
1615
2569
2264
875
269
859
1787
2508
1822
889
960
2779
3246
403
850
369
2673
2788
605
2155
3469
56
2577
212
257
3334
2339
2912
2336
632
1665
3578
2651
2163
913
677
3557
1483
26
762
2310
2588
2166
432
1523
3104
227
2099
3222
1048
719
514
301
796
556
3470
3440
2713
2956
1908
2888
292
104
1988
2424
2836
3338
3082
1005
2278
2700
1849
2829
1237
1684
1788
3573
3410
2363
1510
2577
93
1989
3522
3418
1685
1912
2296
2085
1064
2766
476
2862
1305
3386
1759
3014
2535
3048
2935
2566
1906
2828
1401
1244
1336
411
1268
1104
1916
791
3296
1605
2500
1238
2615
753
3375
898
431
2543
1481
2031
1724
2034
2493
3213
1045
955
2742
2339
1794
2225
2785
2233
1259
2381
2122
95
2714
586
2116
2135
3071
3290
733
828
3352
2150
1380
3325
1168
62
2695
1054
2248
3049
640
357
489
1500
1291
913
1253
2739
3183
681
2779
3148
98
973
2445
1873
1212
1925
2284
358
663
3506
2740
3451
2946
3562
3385
3461
3355
3198
644
1169
3477
465
1877
1880
2537
3316
2317
203
2715
701
2286
600
1492
2020
245
2316
2208
2367
372
123
662
500
3275
786
1216
71
1174
2805
1163
596
1577
36
384
1006
1085
1551
3546
994
608
757
920
245
1886
1390
1503
1103
694
2573
3301
2856
2375
3426
2699
3323
682
297
1487
2544
3464
2029
1387
358
3170
258
164
2352
1007
611
415
2535
1411
331
72
3309
61
906
842
2513
1535
151
458
2064
3453
1806
3110
2611
422
2389
975
1229
2155
2146
1501
2648
3080
374
755
674
3025
2183
3100
3212
1946
3532
1510
2786
2385
1267
2299
1935
2355
1830
2296
1498
698
1094
2351
468
1198
502
60
2587
1281
773
2345
3526
3268
342
3150
1842
1071
3522
3412
3136
2942
291
2639
1510
2395
2196
578
1031
737
2010
1159
1634
3356
3462
438
51
882
971
485
3166
1856
374
456
1458
2694
3143
80
94
2769
2700
3367
2769
1541
3199
2931
3520
609
1009
604
3294
517
298
1439
1331
2090
1817
2848
658
2637
231
621
3302
2970
2672
1945
2355
2461
1288
2290
2710
2408
1145
1062
2958
1301