1247
8169
5718
11592
4372
12112
13403
12787
10614
6229
1847
10148
9383
10627
7654
7471
8892
682
1679
11557
12745
305
2146
4383
9853
3523
6876
13054
5212
5889
7662
13340
8478
10855
8428
8906
7378
5126
10807
10693
11765
1802
13152
5733
2455
13341
6199
3129
12847
9317
12661
5509
4212
3670
9902
1690
10119
4646
1189
953
3255
2161
1242
2093
13282
7559
11174
1546
12536
11931
4449
8348
9800
6840
11137
2085
7069
1678
9080
11581
12761
1843
2132
3997
9683
6049
9116
10002
9048
12512
3846
4382
268
486
10464
10381
11762
4051
9697
5598
4535
12187
10157
1584
13364
11931
3677
10753
11155
11860
2620
690
5138
8352
7195
3586
585
13159
12857
8131
2559
10742
9394
4751
13362
6975
399
7997
2735
3457
1552
9804
1713
385
8766
8006
8000
6071
6955
12537
13424
9865
2509
3599
2517
10814
4290
9237
9035
5600
9666
7140
3242
5460
12005
2908
8026
1010
4872
1497
7242
6023
6808
12021
7470
8007
2349
5515
8239
9432
7654
9686
9049
2400
8134
11742
6898
6948
3125
5929
11624
902
1040
672
8678
12600
7370
10227
1291
12523
6005
12378
5220
6690
4919
9091
1231
1251
7377
5657
11130
10717
6742
2232
1094
2410
1919
11166
12699
8214
11344
9283
7763
2279
7726
6695
4369
12816
5336
12253
996
1169
11284
13064
8501
10462
55
4880
1243
1199
11049
3352
904
3847
5724
7477
6676
4948
7403
10517
303
3203
3123
3892
5263
4708
9398
1714
246
3972
5691
11803
11814
5795
9272
8956
7684
11228
11109
11315
315
6885
11795
11487
10883
12354
8322
5517
5770
12692
10370
11812
5260
3012
7808
13226
7559
2747
1637
3263
12758
3400
11406
5965
12938
11528
3225
651
9371
9387
5509
2422
6216
4497
1417
525
2779
2063
2493
1651
1272
839
6959
8787
11063
9969
11763
6741
7107
13368
10151
7403
4043
6665
9641
12699
1391
12779
828
12258
11979
9890
1572
4500
12670
6125
12565
9810
7034
1794
8837
7173
1144
5981
7173
11935
9330
2468
10707
13409
5833
5785
11944
9813
11036
7232
4259
13216
7109
2994
4875
10766
7553
2290
12713
399
2884
3847
8081
12741
7987
10433
13239
2769
4122
11368
3962
32
1429
6925
5737
3949
3685
8222
4074
7167
2695
3300
6390
5061
8352
9308
10431
10551
283
5241
1881
3798
5446
5871
1244
13359
7401
12265
2991
9610
12399
12425
10612
5237
1400
10981
4388
13070
7455
7926
395
12134
251
3007
9708
6885
10288
12874
4475
11720
11888
8077
808
2498
339
9937
6684
8419
4654
9249
10194
12138
3631
4022
1647
5243
450
6059
872
7166
7010
13404
10568
6969
8894
5314
8112
2745
6319
12785
12458
12621
1089
8093
8143
7108
5815
11316
1543
8526
8783
4595
2968
10741
11744
7322
4257
8992
3542
11610
5542
6455
4380
5507
8840
4814
12605
8790
13380
5713
10804
2976
3338
986
3824
317
675
3412
9371
10372
10377
13306
9485
2277
7623
10070
10427
8448
6202
13241
9626
7468
4925
12224
10299
2433
5917
2023
1877
1340
2196
9898
2225
13083
7971
2044
4325
8149
759
7581
12785
10999
5391
294
1981
4007
8988
12384
1166
8392
12347
6382
11504
6575
8442
5400
2172
7937
2493
5360
12967
7088
12348
11757
11983
11250
751
8096
3673
12818
5983
3235
1687
7372
6152
8659
9835
10981
8202
372
12370
9834
6761
8547
12264
11085
2155
5470
4728
13456
1317
839
3772
8009
11747
5208
13045
11760
4842
9111
7544
2263
2179
1545
2137
11086
12851
4327
8496
3355
10960
11550
1181
9087
3694
646
42
11539
12497
6307
5271
1421
12146
8224
13323
12096
9444
11735
2628
120
3708
10050
9038
1850
8299
3040
10807
7508
12954
9367
13440
2698
6209
12349
5013
1113
8125
10948
9621
12934
10358
10665
6735
5681
3180
7330
6028
12341
3551
8418
12067
13382
9683
8813
7840
12826
9434
10722
3055
2127
7277
6414
10404
13299
8125
6226
12567
5879
10106
8633
8820
900
3204
4249
2393
1496
8492
6435
5916
13312
6586
10310
8329
5541
9862
10536
6616
12171
5345
11460
4585
6761
10328
9991
5986
10926
5911
11340
10470
8110
6775
3039
4604
10306
12172
7523
1197
5359
4299
11600
13489
5300
6514
9815
538
3540
13057
5122
3473
9792
3256
6616
11795
8802
7333
9213
5865
11718
1155
550
1646
5607
2466
8365
821
3610
13096
1069
13087
12975
7513
1451
10935
10946
8646
7267
4036
9018
8417
12557
5565
2285
8718
12496
7338
2804
8518
5438
6074
4529
5296
10317
7995
7035
12034
10798
7084
1563
7002
13176
8768
12712
82
1000
10410
12701
5691
8006
11020
3263
6690
5762
10073
6842
1754
6529
10321
2762
4464
11178
13040
5545
12856
3800
3784
10212
5837
11455
321
7727
1165
6129
6763
5441
666
13370
10118
3977
9996
2807
6214
12946
10757
6616
9616
6700
10987
910
10234
12079
12305
5685
13281
13197
3783
10156
1985
8594
5541
6549
2771
7321
9035
10096
10220
4019
7425
5523
6210
9884
2584
5612
2765
6831
5176
7987
11542
1529
11754
5817
10250
10632
5499
6951
7604
5754
9865
1217
8943
9817
10130
11593
10100
1215
8751
7442
4130
4319
9113
11121
6715
10427
7622
11166
6793
5273
5660
1070
7002
4397
12391
12268
11291
10222
1048
720
9837
4122
11994
11690
11264
644
1643
3032
8391
980
3721
12862
10893
1255
3519
7044
8652
10334
12867
4983
8276
10805
839
7178
12581
287
6079
3831
9211
10817
8104
5113
13108
3929
13287
1339
9723
8153
13242
10203
7944
3145
5666
11693
3552
11004
7147
5373
11740
6909
3863
1514
3711
8085
1769
12283
2442
2000
9501
4055
2091
4862
9724
13256
336
12506
8848
12644
3992
9413
5636
3460
8820
12559
11995
11514
9980
2651
6980
11741
6386
1513
7269
159
2010
669
3565
2372
9696
3697
9189
5419
8513
4996
1777
8272
292
10623
12391
3906
3295
5832
10391
6934
543
4034
6138
2699
212
7382
10681
12227
1019
3346
5396
7886
12121
10650
11050
4277
115
3985
8285
2755
10516
8223
2594
4521
598
2836
11506
7900
1693
11197
1346
9241
1668
6641
8989
665
2325
762
8628
11163
2841
13106
796
7555
5898
10018
5629
4678
3339
9434
2574
10255
456
9340
9353
2379
3989
12149
3758
1010
8740
2942
11284
8129
6976
1113
7174
7958
5787
6254
12958
11843
10159
13168
12231
6918
13
1341
8495
7376
1686
2121
10286
3687
426
13126
13017
9116
4119
1613
3316
9504
8800
9072
5160
4361
1810
10604
7560
5388
12499
4867
11101
12053
10331
6538
11268
1593
7210
4909
1836
821
89
8224
5224
6000
8042
3429
2969
614
910
2760
7667
7429
6845
7889
2564
360
204
613
8417
8127
201
3580
1685
767
3718
1703
3278
8664
8276
412
131
587
1965
8726
7901
6757
9099
13354
3487
8813
1704
11271
4846
283
5058
11252
576
2627
8118
8495
9833
1059
3325
10321
1631
3065
2696
4455
4667
7389
10360
3293
809
8019
10971
3979
6120
12064
1130
11153
1133
1781
12342
10643
5012
4010
9082
4965
448
8383
12609
2677
5301
5416
12072
10754
5837
2982
73
12035
10966
2563
11874
1873
4784
3883
9320
909
9739
1453
2837
6
11634
7989
3113
6220
4322
8751
8257
1075
10731
12972
3553
4422
3670
8223
7009
10006
11240
11026
12100
13274
5845
153
9502
8237
10382
1717
8085
11833
2731
681
11920
10404
1745
4019
12904
10795
6183
2277
6244
4468
2000
2094
4722
3514
1603
10897
4223
1556
11377
3766
3313
6082
12525
125
7244
1229
8400
10357
7385
11620
2906
12683
12426
9076
2543
12231
7659
7804
5651
2828
5081
6069
7263
10107
6357
9007
6661
6864
13313
12207
12022
900
10129
11808
3579
13005
8122
9857
10167
9808
6587
5318
4612
569
7762
12097
2282
11270
7086
2322
13059
13197
8850
8698
6435
5175
7030
7327
213
2896
471
11067
13391
4249
6349
11894
2932
6762
2705
5244
3250
7074
12572
8335
9429
13456
5806
6733
10918
4879
6636
5360
12258
11639
9129
7494
288
10507
8462
12996
11610
8976
7862
7209
11131
6789
12433
10149
11277
12800
5724
8222
2510
8481
6851
7813
8575
1164
2704
6106
8476
9857
10729
13386
7267
13467
6726
11619
5603
1234
8459
5993
2402
10155
11406
11565
2727
1588
3052
7386
12308
2927
11078
10065
11431
9683
5585
6193
5745
5465
13292
12244
5978
3330
2314
12447
8742
9085
8394
8755
10695
2091
12770
7812
13226
6440
7001
2754
12991
6984
11763
598
4099
244
5475
7059
13368
4941
7708
2392
7978
6303
593
5838
9045
795
7845
6666
12850
11194
2121
7285
11338
11564
8933
486
10479
7450
8733
10716
6168
2511
6764
8303
3014
6196
8864
3114
12666
2220
5719
10387
8227
12313
22
1442
750
1660
10970
10773
6931
2406
6245
5869
2191
7178
994
3749
1912
7679
6273
784
12826
3726
13335
5060
10719
911
8975
6450
5361
13304
1094
4130
5208
11761
627
12544
1868
9842
461
9472
4069
9347
3148
759
7229
6185
12940
2135
12310
7328
10641
6539
5465
7707
9775
13079
11203
8118
3849
10268
1820
6905
3788
9933
3404
13460
1742
6154
9622
6220
10434
8492
5279
7310
12609
7533
1368
11287
11840
9130
9501
7260
12040
9703
9866
6693
2080
10641
13055
11890
12674
9642
1420
5583
2195
85
4147
9533
4960
4381
5247
11074
3564
6827
6687
9210
9796
11948
10253
3762
1751
10312
5242
11363
10992
2448
9829
3158
4257
1044
3769
8215
2578
4658
10833
9512
2724
3133
13087
8508
5590
132
3317
6618
1431
10508
10966
7993
3965
12273
6038
6267
1688
8854
11903
5351
3393
6022
7679
5988
5140
2959
12274
560
6666
11920
6457
11165
4615
1748
2944
6592
9795
3577
9888
7867
6641
8793
3683
2481
1511
7300
11586
12017
5593
2222
602
534
8511
12890
12417
7260
6776
11156
1602
11060
1613
11923
2418
4619
8497
11140
9
4145
7793
6069
7622
12985
10055
11149
7555
7928
10879
5413
11304
7894
7506
11447
6524
11384
10311
9488
4580
6044
5713
12669
12584
4579
12378
10668
12734
12231
7926
2055
8070
6904
11477
9877
1243
10299
10721
6889
4464
11823
8954
5626
3805
7026
6796
11065
4963
5030
10107
2076
9990
10635
7210
3569
5054
10956
9197
12624
5413
2164
7170
381
4453
8514
8945
1083
13395
10115
5449
6554
6319
1539
669
12885
3071
4482
11631
4915
3342
13366
6415
7263
6253
5257
9640
5638
4447
6892
11470
11541
2827
2038
3881
11148
10854
12869
2504
1259
2674
1296
9746
12307
8334
7272
413
150
10898
6453
9895
12295
6529
12160
3458
6536
11695
105
12637
5060
3981
6211
6310
385
180
6121
11226
13335
8956
11986
13368
6703
4120
9502
7588
5750
11459
973
4551
3469
8858
11702
10084
4649
7732
5369
1240
9847
4180
6258
5376
12271
298
5226
10614
10578
12152
4843
1357
12284
3002
10096
3639
12046
6134
8016
10982
2951
5042
13335
4952
11944
9187
11685
791
4074
5267
10605
586
4549
4553
3361
5978
2556
10858
7898
9803
8214
8554
9619
6748
834
8188
8837
638
7364
12333
9799
4456
6033
3655
4160
7459
1351
3122
7859
9714
1975
1942
5144
5460
5320
321
13261
1821
288
4769
217
3579
13093
10768
176
5768
4639
5791
55
5170
6311
10494
2623
5021
9327
11657
7044
1304
3282
5719
9427
6432
6853
9929
7189
2701
2352
1547
612
3012
2292
1269
1373
3265
6467
5022
1080
7092
3350
4455
1699
7782
7675
9287
4402
12950
9217
7693
9095
5186
8188
11539
9774
3225
9779
4178
9085
7602
12870
3704
4903
467
11028
3790
7950
753
5432
13231
3782
199
11641
11109
10597
1344
776
12589
7290
12636
8617
3550
10543
6229
13490
3004
1237
8015
10549
5255
1881
9999
6394
1334
9367
6776
3223
4057
2727
7353
9521
5799
6357
10800
11362
6581
3604
10002
4954
4706
7298
392
639
9700
7345
9773
8130
11750
8602
6798
7513
11343
12912
1707
10987
2965
7673
7871
1975
11877
12912
8752
12912
6297
8799
9571
365
11391
3349
10135
5095
1908
10483
8656
7205
7356
1517
1477
10657
3405
7830
7264
1508
2370
4464
8899
6287
5837
3851
7281
1290
2463
7093
1424
10271
11068
8512
8151
3095
3834
6338
12308
8706
811
967
11459
8077
568
6484
9757
688
10055
3443
5662
9059
5944
1185
5723
11997
4268
1846
11487
8599
8220
13246
11994
295
12409
661
5126
6158
4925
4421
8495
764
1169
3471
6244
4539
10387
11955
8518
12672
13449
100
7580
10560
6345
8569
6294
3791
11862
5356
3784
11280
6749
12908
2211
1517
10289
893
6260
1580
2093
4560
1649
2344
1288
8724
11446
510
7208
3815
10414
1975
13105
9252
13246
1580
3835
3998
9928
6688
12043
11166
2740
8134
5840
10517
5443
1201
11498
13470
11847
7069
5948
6103
3299
1567
12983
9859
3890
9993
7658
2212
11610
4911
2264
204
12621
7726
7863
1491
3435
9816
11593
12
12300
9654
5955
12215
10150
5527
12412
9500
4927
4010
12247
1446
3410
11918
10679
188
983
2346
12008
12564
12124
551
7616
12452
7459
11483
5632
12118
6656
6171
12186
10194
11585
4360
1506
6768
2169
8789
5850
593
7988
3365
1303
6946
12545
6710
7247
12076
5571
10738
3375
1011
2901
12663
8611
4016
4042
6786
6836
10022
13373
8314
1256
7912
4781
12384
1384
192
9253
10217
7675
4090
4786
10086
539
1788
8622
8530
5128
895
12443
3255
5430
7145
3613
309
9809
6398
3237
4739
11952
8222
10000
12927
6967
4070
3994
7055
8108
4136
35
8577
4647
6779
6093
7681
3053
12120
12810
2917
788
8022
5588
12639
1972
2330
5413
5525
9012
9432
1280
9500
13057
4974
515
6734
1658
4331
10072
9807
8366
2118
164
11807
8373
6091
12598
10625
342
5360
7220
7037
10923
6194
5092
2796
8772
12618
11572
3460
4752
11701
8119
9430
5957
5377
637
6409
2456
13065
6474
13451
518
9565
8007
3218
12851
106
11084
11013
13289
2518
661
3061
489
2678
11971
2470
9426
9771
6566
13022
6128
7632
7796
6629
7716
3345
11023
11417
8589
161
10002
7673
2743
461
6156
11403
4471
2102
7684
9653
8949
12580
431
11892
8039
5051
5585
584
4422
10032
10738
2567
5724
4769
839
1050
1229
3764
8724
11317
2023
3965
1297
311
10438
11167
10766
13290
8052
7708
7163
5056
3504
10874
7623
12615
5240
4343
3406
7967
3196
6016
8727
901
4399
5207
3805
11339
12072
10448
7674
227
5638
8845
6716
2515
6288
7379
6130
9711
1888
10179
3286
658
10931
10146
10005
10307
6801
1133
9663
8844
9597
237
10648
13009
637
10965
4194
3950
4851
12933
6299
1865
7270
5371
93
4171
8082
8770
4117
5080
2847
12260
8393
9719
514
2536
1769
4829
11899
267
1600
4980
3474
7503
11689
10438
13404
8502
8455
9116
4600
10499
12400
3551
6633
1045
3820
11567
10351
603
4582
13287
4347
2629
1622
9929
5719
8128
339
6738
12808
8741
11091
8012
10784
3485
7778
7338
13347
4837
12063
12315
12681
8702
3900
10492
13186
8317
12988
13442
7276
1877
7418
1772
5329
3572
6646
5283
12810
11335
9407
4322
1205
12589
6519
7718
5945
4872
9483
2647
4725
8237
3090
12925
4461
335
527
6102
13015
596
1222
2713
6409
12723
320
8487
9044
9724
8022
4406
3654
4140
7653
13035
12309
1149
2452
5277
5841
11802
10604
5423
10432
1793
10149
2638
2140
11054
8440
3926
1901
3953
232
12783
6134
7133
8840
8814
11129
5204
8531
4720
11010
8304
10232
10705
8349
9035
2588
5673
9459
405
13409
10312
8889
10543
194
6332
8005
10707
2125
11109
8991
9989
10357
2391
78
5001
12705
9088
7225
7292
4099
4757
13059
1381
12186
7021
10188
1113
7839
5246
12355
7758
4197
647
10840
2355
4401
2279
11618
11803
9514
10257
12763
1043
13138
659
10049
7885
5745
3844
1867
906
8416
3807
1774
2942
1969
5971
2295
11847
1316
11096
11813
6280
12911
8386
10789
10701
9103
5665
93
4008
7813
2806
3536
6390
4042
3398
10843
13429
8013
3773
5176
489
9398
12228
12222
12075
11843
8047
4931
9876
6500
12000
1793
9092
11205
4131
10126
12903
1894
8228
9210
7683
4457
12976
5909
11249
5926
154
2697
213
9305
5705
10366
12992
8984
12833
184
4989
10637
10845
795
1563
7297
1025
5063
776
5654
12615
1191
290
3706
6482
8638
11469
6341
7911
7977
3731
761
1080
8130
7033
3574
9607
5126
6039
9886
7987
3623
11250
7120
2804
5165
4011
12984
1063
221
1455
6298
67
6734
639
5102
5651
7993
6341
11329
729
1865
2838
9078
3755
10189
13374
2473
3472
10374
10263
7883
10712
1304
8330
3771
9473
5674
7383
842
8374
8543
11815
23
7763
6614
4792
7626
3378
7435
2243
2882
11888
4706
10365
7324
7694
5410
10658
3634
7645
10517
10283
6997
1789
3813
12992
12198
1574
8940
1276
7597
5394
984
5079
9348
11167
62
6725
11390
11805
9133
8571
9682
456
9037
8197
5576
6011
5223
7238
6952
2966
11666
6622
5674
245
1089
5465
9601
642
9692
534
12560
528
1949
11779
3352
9446
4029
365
5727
6685
6033
12838
4626
12727
1327
2414
8251
11902
8720
404
864
593
9285
6302
4648
1740
2619
11249
592
8267
2856
11303
6173
6090
5479
13061
6064
2988
9427
10889
2820
9855
9729
9417
11764
7850
7939
5055
13016
10196
5819
12166
1827
4529
11961
8730
11240
10298
416
9148
430
1244
13430
7255
221
12962
8237
517
2078
12434
13169
13426
8993
3538
7314
6994
11325
2657
5458
5290
12760
11845
352
4406
6998
13469
2211
7719
3553
5529
4545
5564
17
6926
10655
4392
9149
1194
7888
11406
9207
11406
82
6720
3988
5488
10162
4841
3908
3538
8583
1162
2752
11468
10940
3954
9123
7483
7818
11358
6033
7098
10753
11661
9938
5628
2329
8912
4943
8509
12607
4791
993
3242
3942
4521
609
11067
10658
1902
13432
13472
4341
8007
6491
13063
8029
10405
65
11686
2995
7119
12777
8908
1669
3490
6631
1949
5047
195
10023
11773
6652
2008
8027
7482
12733
7006
8623
13024
2918
8980
7426
10354
1818
12681
1926
38
9254
4917
4601
3923
9997
12808
5378
3338
5492
11849
779
5441
11503
3081
1394
4622
11492
12991
2791
4539
2175
4535
9215
970
943
4138
9301
11522
10042
6990
7458
1804
214
2862
1389
9464
8685
5238
12117
5101
8662
4834
2772
8087
1149
11036
1952
6061
4765
3133
1447
8035
4915
2956
4388
1152
11792
10618
1140
7135
8462
11613
3608
1220
3418
10623
5523
2404
3640
12610
7038
5457
3734
8780
10322
12344
2599
10026
3418
1098
2136
12509
5038
2202
6594
5375
10000
6540
234
12818
10204
10791
7688
348
13086
4871
10805
5167
11625
10069
7011
4838
6788
9783
12275
5115
5911
10527
4312
11682
10860
7544
7339
7708
4502
4263
3103
7737
12022
2868
10332
138
5537
2215
5618
4272
8760
4687
8210
5345
8469
6621
12632
9717
624
10749
3965
4715
1657
5523
4971
12226
2781
8767
4504
3299
6892
8527
3907
8419
2282
10471
12699
8532
1225
11486
5461
13172
10177
6489
12200
6549
6848
11877
511
12010
4330
5682
4648
3415
8284
8154
4956
7799
1646
9856
139
6251
277
5940
5009
13351
8819
383
594
2271
1836
5702
5161
10872
9381
6989
1884
174
8201
10919
2737
4505
1332
7575
633
448
6954
17
2196
12941
3361
7938
1562
867
10705
11339
7008
4726
3193
4957
12646
11130
3280
2870
637
6268
1108
12634
9395
825
8763
11575
4109
8975
9686
9643
3441
1578
7395
3424
1948
2668
12820
2693
5032
6745
11348
10469
11443
501
6729
5387
12364
4650
5233
10899
6739
6273
7171
4057
4592
552
4356
3464
2746
3407
3246
10983
4734
3861
12895
8399
11377
9259
2208
8012
1666
11677
10860
9952
3339
5009
12610
6410
6738
2253
9970
11593
7545
9747
8698
11067
2491
9363
6457
7851
3893
5602
11806
7165
12412
11246
8365
7202
3260
3391
3011
3479
5549
4576
5468
12064
2363
9040
8355
13317
9466
12737
8632
7113
5484
2794
11300
3919
4238
9736
2389
7088
11037
13157
12484
10380
996
9944
9439
13309
5313
1401
6575
6262
11300
10451
4886
5229
4507
1663
11300
12797
5600
4175
3522
120
3144
3002
8127
12865
11181
3526
1085
5339
13250
13284
11625
11965
3434
2375
7318
13421
2387
10424
7806
12209
9908
6698
11137
4879
12039
9579
11233
5866
12103
5258
5242
7757
4523
12397
7445
3851
1810
6214
4049
11365
8874
1177
1549
6838
10031
10003
10749
2547
4918
11684
12786
8472
1875
1055
2856
6830
1528
8207
9199
686
4117
11814
10805
12841
3490
10347
11253
628
10766
12906
5987
7955
3881
7586
3807
9019
11279
4218
3691
5944
5658
12419
3834
4355
4134
4905
5747
9541
3888
9506
11462
9896
7195
5635
9314
6022
3826
8401
6911
12631
176
12547
2739
6090
7581
4989
7520
10037
4511
3015
5858
9344
783
10480
8306
3371
11132
10953
5755
6250
1738
12117
11842
10036
11049
2892
9247
4059
5432
3342
1555
6484
8449
2370
12101
11607
3212
6428
4687
4651
7093
7196
6895
10947
2496
762
11252
2523
5426
12747
10664
12956
7367
11968
12021
5656
5706
13013
219
8478
1329
10338
10204
2639
4052
375
4405
4090
2089
3881
8490
3130
9273
12368
9787
5683
1747
11101
2690
4306
7170
2819
1518
5804
2847
11534
2879
9870
12236
8506
4210
379
10262
13346
3711
9602
2485
2747
10154
2785
1771
10515
8538
8706
2206
7414
1848
6353
11421
7854
8148
3324
12779
7148
7762
12607
7013
12601
10669
6782
188
12044
6330
3759
11805
629
11039
13121
12052
369
8627
7476
13088
5612
12152
12117
10814
1969
1705
13030
9651
3599
5529
12820
12851
3902
11001
8287
2813
7096
1280
9466
7230
10276
8163
6082
12483
3795
2428
10368
10099
9976
5324
5021
8501
495
2159
3934
9004
12037
12240
9522
6569
3829
2154
10083
8851
13270
119
2635
2027
6719
12895
11998
3260
3419
5456
2332
4731
12453
8455
3475
1706
9020
4064
8254
5382
4062
12021
5001
9293
109
12876
10852
8446
13094
969
4925
6223
4710
2021
10017
5267
2290
10768
2242
8547
972
1341
6260
7546
5264
10634
12380
12991
10860
2754
13480
1868
10527
11587
9460
11742
9119
2030
11563
12167
11062
2771
1207
8694
11945
6109
7123
3812
1731
5510
133
5573
11306
1926
13319
12721
2192
7617
3223
1251
5425
299
2300
11734
7369
10663
652
2539
8491
12205
6610
3085
3584
11372
9063
4332
945
10142
3030
3593
8213
1936
8629
5649
4313
11538
5582
7790
11474
11248
781
5093
2071
9953
5050
5293
222
12689
7953
7442
2180
5585
8181
11371
3529
5956
11812
4809
11627
2699
10744
6638
2235
1708
9908
13413
4425
4423
6735
1788
12188
8170
3770
1089
10670
11422
5524
5060
3184
7933
1
4403
12553
13269
12256
4868
7609
4973
8859
11266
7459
11038
4329
3716
8399
10451
12529
4224
8175
5133
3781
8511
4348
6783
11925
7199
12484
8524
9144
6023
4865
6973
6800
9792
10990
6714
5765
11084
11843
12307
7682
12837
5265
4520
8869
9693
6466
5464
3379
625
1436
8512
10954
775
10059
12232
11358
4231
12357
13336
1048
6622
3328
7230
1450
8864
3784
1078
5300
4528
5696
3681
687
9623
9655
8529
4300
6644
1604
11449
3709
1988
10790
5102
2176
8524
4982
6197
7504
9695
6402
12773
12458
10108
10207
9663
11294
11989
2401
463
7359
6665
1337
8321
1191
2370
6373
4302
5613
1080
3009
2982
10661
11954
1734
9953
3541
5259
4092
10609
2815
8132
10225
6129
12530
1437
12087
227
10766
9044
10716
1550
8171
8149
8909
8519
11912
9934
3933
11288
2622
2472
10240
6364
10934
12487
11062
2925
3628
1179
4427
12570
12802
5958
8588
9166
8458
5467
10311
8036
10175
8760
4988
6436
3542
9814
11141
8897
6596
8646
13387
13158
11810
11028
13360
12636
9848
13289
8207
12778
8713
3189
11707
768
3644
10722
8313
2984
10383
390
2993
2855
9344
9475
7785
9907
9245
9047
1369
1498
3628
11548
9912
5157
9743
13087
6352
2097
2465
8648
1560
6352
9497
9200
3196
12614
1092
54
8681
4437
5584
10524
3925
12680
6299
4571
7369
378
2904
7811
5654
9554
1337
5526
11069
7441
6718
11662
11090
5926
8248
9290
10353
952
10815
967
2312
4924
7259
5301
6387
12620
8342
6072
11563
7991
3369
1724
1379
1783
7987
5914
6998
9950
4029
1945
689
7537
5275
1339
7227
8910
9522
8249
5613
12547
8913
4600
3632
13361
3514
11216
12348
12822
8537
11423
3731
11855
8731
3929
7920
5265
6896
10734
3232
9499
4479
9555
4117
8363
8108
10063
958
10485
13464
5869
917
6084
4507
12010
2758
1963
5402
1987
7930
5630
2898
9795
3218
12280
3941
978
9882
1177
2813
3450
8835
6735
1793
5806
3658
4536
6157
10258
4254
10576
12080
4831
6379
6930
3170
929
4849
11457
7094
2530
11376
10348
184
10565
8823
7092
9853
12124
11398
9667
9633
9410
3718
13482
8767
12944
5243
4748
7299
3611
8388
12162
10540
12633
7552
7358
7655
5663
797
1534
2891
2336
7116
553
1035
1188
4185
10037
5147
4693
4851
7609
1348
4774
1719
7541
8164
12581
3858
8290
2431
5686
8382
4127
6980
443
8537
6816
2748
12940
8873
10317
946
8720
1108
8646
2401
11473
9953
8548
9664
10243
5965
9174
11154
10601
12542
5276
2136
6335
621
5197
4020
12714
576
1341
11576
5821
11823
5404
8636
3720
3942
10117
7559
882
8328
12817
9961
12208
13480
8892
4165
5465
4932
9919
113
8754
4939
11267
5745
4464
4301
13160
10182
6249
13368
1525
4709
8171
1856
7355
10815
6744
6730
8801
11191
407
12169
2436
163
9010
3189
11847
6535
759
8906
4402
11912
6076
5907
4627
2715
12518
6462
8309
6285
13363
514
9850
11216
1537
264
9342
10391
4158
11468
12560
10155
10420
6314
8580
4881
2607
11698
9644
1763
5407
1072
9864
10205
458
4648
10518
11553
13478
13440
8023
7432
9950
8405
6563
10217
2209
12070
469
9822
3573
255
10218
7956
579
90
12181
7806
824
9892
4941
7014
9040
6176
2184
9548
7604
11680
7106
9646
9381
9164
4868
114
12615
5971
7267
12547
10107
2344
13385
7752
11073
10209
13146
4959
5181
281
762
4977
7206
1537
9823
4763
12583
6838
2404
11172
11480
1825
931
10042
10075
151
9563
5233
12915
10841
4634
9632
8470
3593
3964
12226
9316
10920
9009
6297
11656
11132
4043
10268
7101
2248
2810
8664
8784
5573
7242
11068
1437
3843
3919
3868
8728
5161
9729
1275
5619
12229
648
11611
980
8919
5230
4183
4335
9188
12544
1408
2023
11677
5428
5874
13328
7819
3241
3424
9532
2302
3389
11495
11205
393
8317
13057
10576
7941
2185
12540
6669
1063
3722
3017
10562
5924
9726
414
13082
12400
2726
3700
9370
5302
12155
2450
9521
5687
3009
11380
13240
7666
8322
987
13044
1204
10550
3448
4893
9385
9211
619
722
6289
12268
12520
8688
11730
12867
3066
12754
4405
11184
5091
9410
12878
3310
3973
12111
7225
10365
13451
10218
2731
452
11219
7767
9998
4166
11081
9486
7191
8031
7538
5174
11186
8989
3194
1975
5393
9614
12528
12249
5364
9868
1685
7710
4373
230
3570
10342
9991
4909
7822
664
3858
2897
6936
4685
2659
5082
1700
12826
432
383
5775
10178
3425
9352
3692
3230
8940
5686
7467
9855
6477
12862
6400
5833
10700
8040
9849
5013
12476
5478
5485
12187
3222
1168
230
11149
10306
11221
8418
7685
1106
23
9767
7524
10659
11024
2274
3002
6406
10727
11521
2930
3436
6191
7709
7439
1782
4523
6194
4058
5743
2765
5972
5267
7200
1009
11141
6484
11545
1894
11291
7630
4535
2166
8591
3228
8011
4028
8019
9338
11556
5295
224
3122
6847
12565
7134
13027
4744
1468
1286
9312
5499
816
8569
8416
3467
7206
12045
2181
10697
7749
5458
1189
7297
8390
4235
7235
9095
11107
2077
8229
2096
1554
11804
10704
9005
10180
5159
10245
12483
8825
4729
4051
11397
3403
3913
6858
2927
12795
7464
12376
5252
9574
4268
13258
1079
10521
8000
8900
12508
10806
7161
10569
2061
8217
4969
4349
10044
6332
2959
10905
5126
8710
3787
1762
6382
1676
13419
4498
5225
13145
4302
4824
3530
688
1802
628
10559
10700
8765
9042
3009
2314
922
7155
5408
10705
7514
2251
2259
3300
9019
2648
11965
5972
5603
2581
6854
5268
5989
9357
7751
12684
9411
10748
11631
8065
2859
3414
8
6956
1152
9586
9698
442
2553
463
4641
13207
1622
3832
4794
3530
3333
11128
5069
926
5296
40
9955
9927
3597
5640
5162
193
11744
5434
11452
4677
8628
10066
11150
4352
12269
6746
1196
4763
1840
2615
9503
8923
1146
12046
11563
13242
3114
5528
1668
10313
1238
5621
1280
6209
12599
8061
13494
8581
11529
423
4395
3809
13295
13452
10140
12
5898
5914
3830
10751
9479
5532
1655
7702
19
3518
3942
3587
223
1446
11403
13483
9719
7840
4070
3210
6175
1140
9091
3513
1022
8680
2686
2372
11663
1911
1293
7316
12705
2751
12887
2881
9039
12124
2869
5343
6132
754
10161
5896
12553
4151
6584
8193
7513
1133
12101
12052
12371
734
9268
3528
8592
9703
11512
13229
90
2599
110
7620
8273
12046
7998
9548
13365
10687
10751
2577
8891
5297
2062
6939
13324
3324
2478
8218
8430
4597
573
11725
11252
1803
10450
8727
3447
178
5663
729
9472
2287
6479
7075
9148
2918
4351
3766
11368
12730
5564
8446
6344
12208
2774
10036
728
2997
1236
3474
1419
2659
12416
5519
3788
6177
7717
9750
11884
8646
2163
11570
6448
9458
4328
8293
8893
5515
3897
7684
13258
12746
12138
2082
12498
615
10437
9553
12964
8303
1368
2204
12521
8709
8140
2658
3349
644
2738
7662
13458
9161
8061
5841
1261
10878
4292
2369
2927
9802
9217
11649
10005
10531
8422
8364
6147
6767
5691
6090
478
7774
560
7598
7867
4735
12764
4283
8134
10987
12208
9823
5954
3278
5301
244
11938
4905
11246
1139
7785
7595
5168
3650
12876
859
13205
5784
1308
10102
10701
11571
6331
2725
3501
6930
8572
3424
7717
13233
6562
6834
13116
1368
4183
12773
6484
11281
893
4152
13064
8651
3923
9137
11195
9228
12416
12225
7853
7113
10475
3977
2220
6786
7731
886
11292
12906
12069
1151
8856
4857
9453
10161
10746
1845
2557
12216
7857
5829
8177
5377
12662
11799
945
4147
13098
1561
304
5573
7937
126
3834
1870
1084
12995
12076
866
6385
2860
5960
55
6814
13201
2849
6977
6428
4930
245
7884
1718
6858
10693
12082
9890
10687
13472
8363
8107
888
7
13477
3142
4637
5969
9196
4638
11112
9010
8803
3574
367
3216
10985
4968
73
9723
4370
2247
8269
10975
1496
8020
3567
6997
5615
3248
12461
6949
10395
4365
6500
3366
3702
8226
6249
3773
7983
3622
3871
13159
2381
980
4129
4838
6385
7724
6788
8917
8686
3538
8895
13201
7454
8348
4779
1061
9792
1631
2206
9890
1023
10756
5929
6844
6977
5258
3602
3755
12266
11865
10362
5550
430
2270
9588
9781
4693
8947
3494
11875
13419
1395
8898
7416
13105
5203
10999
5290
723
898
4070
3241
2540
2258
5945
1262
11033
10880
1944
2802
6501
9038
10769
12508
1361
12496
758
3012
9788
3051
12412
5013
2426
5208
2467
868
12065
5482
12279
6513
11936
6070
3779
3373
1520
9492
1802
9311
1570
75
4048
12523
751
8856
4956
6023
4545
13047
9162
10521
8341
9232
5751
8196
13308
10882
7954
6616
12168
46
13180
11581
6820
5000
7732
4346
9079
6084
6035
7164
5963
8007
8766
8471
1980
5952
11579
11007
1061
3952
877
267
969
7222
3724
5256
12537
9786
8288
2487
11817
1071
5249
4326
3134
6830
3991
5144
13451
9010
10195
11374
12330
5559
4713
3701
8105
9764
1957
11533
6012
7006
11145
12439
1784
13118
7527
1752
5286
9407
2462
3770
9896
7653
7500
2467
2140
12106
8860
1814
1086
11729
9473
8207
3685
11384
9190
6521
8237
5708
10917
9144
2350
13277
10015
9833
10637
13088
9479
2469
8939
2971
12088
11848
6548
6075
1065
10193
10066
8928
832
3888
12439
2839
9607
5236
2810
4355
13175
13344
10161
3719
6516
11917
578
5035
7987
5165
4486
6045
13173
9086
10376
10395
4004
13029
12373
13497
854
12998
12334
12915
4991
5998
11210
8707
613
9483
10812
12181
12602
5244
10743
403
12465
11367
8952
8790
3811
1119
7393
2703
2505
11632
1531
11685
12494
2636
4073
5055
3961
10637
13363
12152
13041
8833
3139
11431
7173
2344
12035
2701
12352
9988
7746
9254
5182
4571
594
9721
8809
3183
2225
4444
2814
4387
8279
4412
4576
5593
12582
6823
10985
11463
11748
6274
9826
11503
9383
3281
4610
5665
2504
1609
194
10862
9123
8329
12804
154
3618
2498
9715
9946
6156
3770
1349
5585
3059
1424
11421
5255
2469
6426
426
11544
11208
11360
8235
6045
8999
7472
3432
8599
1503
2320
1812
2187
13103
4711
8726
443
9226
11578
8604
11961
229
9387
1681
13332
11239
2089
146
8067
9652
3021
11120
9908
2703
7503
1077
1636
8697
10096
7646
10318
8115
4610
5426
6613
10199
8622
11676
11238
7858
12993
2160
10433
1775
8785
4421
2821
5437
629
1294
1038
10992
1387
10014
12804
2738
8580
8599
3871
11666
4914
6864
7893
7840
9959
12270
11782
6479
5467
3963
3988
2293
6663
10637
8479
10329
9747
4512
10079
2175
7248
8689
10312
11687
11144
2513
3593
7436
10991
1565
1682
9411
10408
10721
9426
12482
4419
12001
6646
4827
6070
2800
1973
13488
7020
5965
6816
11957
9200
11243
12520
3092
5634
10083
1332
1878
10895
1550
589
7681
1160
9261
4543
9918
3740
6088
9535
6961
159
10042
4997
680
13406
8480
12431
718
3173
8559
2022
5700
7358
3267
12738
10662
3247
1062
11125
1161
11464
13236
7879
7163
13273
5982
5530
5141
11378
7867
10936
2771
6826
12621
12609
520
2978
8209
2663
8116
5461
2154
5787
2695
9856
3660
4596
3859
4599
9382
1141
7051
11095
8124
9234
3846
10665
2005
6721
9343
6401
8945
5911
7437
931
11831
4281
663
127
1981
3563
6031
9080
7472
3950
10809
10254
11967
10112
1489
10462
11896
2804
9658
7738
10501
4765
12869
4957
9649
9600
2485
1263
12183
7223
12494
4900
7851
2422
7289
11406
7397
2809
1255
5333
5628
13318
581
5356
7845
4002
10465
2935
9550
7164
6989
8006
1861
10876
11476
5862
1492
4342
5002
6114
9212
5632
3387
3958
12422
5905
6289
5407
8779
12051
11893
61
13439
3656
9003
5927
11240
2727
3538
9663
6651
3474
13202
6454
2997
8384
3413
8129
5266
750
6204
1365
12280
4828
10227
4330
6764
9844
600
8196
7239
4591
12157
13180
13214
4301
1936
7981
6285
6865
10443
4047
10872
4092
1372
8943
5841
6515
7390
10666
9581
10378
8566
6329
13205
10409
5178
5782
8405
1296
2509
10567
9643
5391
5599
6584
2708
1057
5989
1880
10048
278
3065
5735
5406
8354
10097
813
3122
994
10234
11356
835
6987
8794
1156
12931
2079
7044
1543
3240
10262
11713
2974
3512
9098
3534
9075
3975
265
8868
12829
6958
12372
7798
8771
12833
12152
11599
7179
4591
3322
1748
2686
1592
8561
2858
11800
7579
3290
5124
4243
2916
10789
2254
3317
4307
366
2291
2250
9710
3411
5220
7110
12110
463
10937
1943
1726
12267
11951
5268
6467
5178
3199
12232
10477
12764
11913
6434
2819
269
10676
8545
7666
501
2955
9356
12376
9505
4171
23
8183
12878
293
8122
9309
7957
5455
7462
11574
2517
3395
1463
4422
3243
8944
1666
10108
7339
6169
9883
305
1985
13156
11490
7391
244
4427
13439
5217
3031
11620
2380
2865
7288
9985
11375
6267
5791
8969
1594
1440
8528
97
1047
11440
11024
7031
8419
1978
7470
7514
10168
2384
4637
923
4054
6100
13232
8165
9014
4244
3520
8992
9400
11762
9820
9475
13447
5645
4414
10169
1107
12079
6041
9477
6148
10046
13097
13026
2333
2915
9180
828
10729
5953
10555
1729
1363
7027
13199
12229
575
8234
9376
5909
5349
3405
133
8941
12793
3271
7129
6896
1342
11353
11543
9329
3588
2187
86
7717
5996
8054
939
7143
8917
6458
7731
1975
10301
3422
6948
9819
6520
11647
11578
6922
6682
1549
5263
10105
1770
5203
7555
11289
7427
12353
12827
6164
8381
2285
10151
4082
2598
5296
11533
11799
5275
5663
10315
4300
230
8906
12253
8103
9574
4204
7108
1943
1039
2829
11645
2972
4385
10802
8629
1050
2168
7254
12492
4077
10619
4093
12626
1107
5841
2976
10731
9858
1209
9437
1648
3923
7758
2812
8695
4265
1055
11644
10066
9572
12134
7824
10160
6967
1506
10617
5691
5392
2278
5640
6054
11441
1003
481
4443
4417
8208
3049
6371
6735
12522
10747
3754
12016
4756
3880
4008
987
4106
8289
4502
13315
2687
2923
2892
8780
1644
2352
9040
7657
3071
12725
5391
8283
3753
12518
11981
7040
8347
11881
3004
8740
6007
10942
943
2478
484
5952
11408
2812
8362
9380
10721
11422
11619
12950
11233
12319
1603
3323
10039
5918
8437
11431
3983
8722
3776
6659
8533
3566
8655
8899
4725
3323
7518
3311
6313
4642
11807
6208
1341
5339
4211
3736
10438
8379
12037
9850
12043
5038
1893
6048
8168
5266
4257
6917
7003
8538
4819
9932
11055
5478
7249
11885
9993
3994
12316
9888
10133
6017
12566
10760
1840
8501
10297
12785
2141
6755
11684
3456
10322
11686
7489
2593
6225
2422
7010
11024
417
12172
9568
13115
8130
10304
11810
2060
11024
1831
4078
9333
8913
2587
6792
8219
1236
4220
5007
12145
1103
6389
3025
13391
7219
4965
9922
9500
8334
11510
3299
9237
10523
13387
1064
458
6484
6117
5865
5554
9987
2612
4003
7522
7995
8935
11445
2983
9324
819
9420
5440
2931
9940
385
10779
13007
7249
3323
5536
5201
6781
9822
3750
1367
1834
7870
408
13446
2347
247
8439
3686
865
8969
8853
10159
11312
11013
2051
11230
1905
6906
10257
6074
9541
12470
2060
9940
6701
1774
2422
3963
1237
3355
6697
12643
7730
2586
8535
6846
5560
8872
2588
9993
1306
7653
7279
5852
10223
8279
9202
12230
7395
6234
9817
3230
1646
831
7655
5184
11287
7382
4487
10914
1246
1779
11407
459
949
12925
3395
9901
7951
11284
10698
7174
6762
9383
6847
2408
4539
148
6970
10616
6179
7882
740
5443
3447
12887
5542
8297
8128
992
5091
11789
7732
10087
8998
11375
13455
4552
7243
1445
12666
7789
7312
13275
2853
7153
9463
993
8080
11214
10109
7979
396
9642
1829
11561
6523
2258
7125
11194
7847
5446
3530
1309
6405
7072
4807
5398
10014
13302
6867
2547
5028
5872
11059
3103
7316
1154
12896
11871
13089
5657
385
12435
9095
9955
12246
156
7752
5657
537
10281
9371
1319
6085
10534
11506
12137
6093
4928
2700
4457
3864
7586
13161
6152
11783
7491
3004
533
12220
4206
6009
2606
11756
6601
6851
3527
2912
12171
5803
3655
6934
6577
2807
2939
11273
8352
3193
8535
7955
3027
4416
6262
182
8164
420
11768
3093
6836
10469
12385
7153
2011
9245
340
3010
7227
5313
7030
4611
6503
10154
10083
2715
6402
12152
3385
1704
7804
10967
2832
1617
9569
1711
8894
12090
9313
9470
2954
7755
4383
11520
5545
13389
1300
11345
8326
1541
9460
4478
8339
4977
3340
8562
9567
11654
10212
12098
10019
9149
2193
8892
12991
3773
292
5212
8232
5599
12337
4632
10075
13480
6568
2033
8463
6652
10733
2618
6922
3245
8297
3487
4272
420
3176
3779
12719
12756
3244
1232
3554
491
8718
7882
8015
3524
9944
13080
12233
7862
399
10408
4393
1019
733
9187
4142
756
2703
9276
5977
3880
1750
12341
10108
2346
737
7452
12024
3751
7899
12241
10006
10194
9662
10477
9764
1007
10416
2804
5212
10255
7611
5295
5930
2303
11514
4447
2962
247
10546
6067
6754
5373
2897
11791
3110
2834
12974
6993
12650
1069
1461
3746
1886
8333
7219
11783
9918
10207
6540
12303
12783
13423
7907
5078
9709
5715
11501
3735
2407
3015
9160
3546
7597
3865
4686
12219
12790
9810
7522
5039
8627
9709
7542
11738
8367
5027
623
6693
11652
222
12794
1513
5756
9149
7693
1660
9900
8963
8423
7011
5868
8038
6237
3582
9258
5457
8948
11063
11708
4018
2301
4152
3611
13452
4879
4089
199
5335
1445
5038
1158
7114
6332
10167
3889
2052
9694
10964
8589
2130
7172
3603
884
485
7835
86
10355
1885
8660
9688
9946
375
2629
9517
3774
6646
1252
11463
4
9525
9713
2953
7153
11268
2201
2671
7255
8861
5330
1711
12877
9086
4038
365
4044
9902
13338
12944
12810
5409
129
2096
5674
11099
1486
3327
12220
11944
4018
13492
6389
10613
9055
11700
9140
12268
2696
7002
10373
2479
8059
12314
4064
7020
6258
8002
5469
12720
5313
9436
12514
8568
12479
7101
8297
6460
9570
1378
1357
6202
1011
6651
12024
8359
6952
10697
3098
1641
6026
10047
949
11670
8141
2598
5650
3045
4796
3270
3684
8313
5734
6266
1086
10835
4132
2872
12034
8775
8376
11764
11948
11745
1902
12154
5029
8334
5752
2754
5202
318
292
9233
3763
13381
3783
12909
2622
8919
4142
211
13258
156
2535
11570
8044
7311
11372
194
10780
9483
10949
4496
3592
11887
5134
6631
10973
7957
4268
5341
2887
12562
8651
7716
12465
13184
1798
10666
8475
6693
6680
12124
7051
5869
10333
5505
7914
8955
12928
6063
8181
7334
3166
12969
5501
13023
572
9383
11579
4626
664
10972
2481
10903
6168
5981
7777
2948
3099
12333
12732
9189
13239
8735
7505
8524
4660
9677
11978
13364
3828
12826
3645
5095
725
9069
4903
2209
9259
4409
9959
2615
1316
2030
7006
6109
2325
3096
6771
2383
13202
11184
2454
7423
9960
11349
13245
71
9985
12816
1859
4144
8858
12565
4385
86
9428
7768
6482
932
1587
5128
11533
4322
48
4446
10922
12740
4883
849
11386
7479
3155
12478
3546
9973
5709
871
2043
12287
8409
7620
22
9539
7413
5065
4437
8349
559
7835
5464
11999
1311
6335
5414
7700
4192
138
6684
6309
10616
13351
9461
4226
6899
2063
7603
1079
7316
5545
8525
11551
954
9082
144
3068
10619
1192
3924
11696
28
7452
453
4639
12635
12077
6950
11796
12255
13
3111
597
13495
7991
9367
3379
8420
3266
8171
9080
8764
1718
2708
7725
4695
7014
8082
8939
7024
3756
12695
9852
208
2133
2516
6192
4603
10689
13429
7418
9623
11943
4265
4470
12397
10224
5702
268
4920
5853
2192
5421
10560
10703
12791
5057
2562
9873
11773
5446
4152
4525
7349
5375
5113
2644
7016
12050
775
10989
12345
4686
9016
4974
5157
3642
9854
1872
8553
5384
12713
712
12319
12377
1234
4490
4304
12728
284
9317
6978
1138
3437
3589
12860
11283
2725
12747
2598
1874
8519
4545
1651
10716
5610
10443
3501
2489
1913
7571
8209
10573
4829
11082
3460
2765
6971
4539
390
9635
952
10515
3067
11715
5277
11528
5360
11149
10425
11957
12449
2305
9215
12966
9494
7136
11246
6880
1631
6403
5400
8932
7636
8548
11244
7702
12782
2738
5097
190
2303
2042
9167
4894
7333
6899
1738
67
4873
6599
3592
5325
5059
4915
3183
1102
769
8197
352
11012
7964
6722
6654
12299
12132
2218
6545
9534
3340
9180
11075
8884
4321
12595
3070
6782
11565
11814
5544
12057
347
10654
6802
12721
7325
10995
1350
1479
11073
9372
13053
4577
3049
543
6876
2634
4051
7773
4339
12545
9208
497
133
4446
2337
4505
11249
543
1115
11693
3655
9756
12631
211
4866
13151
9969
9063
11457
7011
9854
889
11744
4986
3469
2206
1704
6532
12858
2
4048
12297
8295
4738
5970
13276
10421
9787
352
7176
7954
9893
4224
2539
7854
5080
7245
3783
9014
13494
11702
2107
206
120
614
488
13299
6416
869
1329
1911
4097
6943
5696
4355
125
4259
63
11228
10660
9590
12464
8399
7768
6976
11211
10043
7263
6590
2930
9059
9143
10734
5593
1576
8457
1211
6264
8539
6377
8632
13037
1605
10682
12802
4128
13000
12932
1120
10654
10713
5351
1460
12158
9696
906
11635
6914
8014
8279
11491
13292
8520
7511
3507
2261
13412
4518
6339
9951
3649
4083
9280
7111
5644
5679
4716
612
1947
12229
8854
5890
13140
4865
3948
9585
12137
13045
6387
8884
68
12101
7985
5349
9548
100
4425
10647
5310
8377
13098
5663
3860
13210
12290
7825
7511
1751
10684
8282
5989
7439
11909
13380
12288
10533
6226
12287
8002
2406
10774
2389
8388
1672
2061
7467
8933
710
5449
4165
13159
10883
10864
2730
10413
8512
2874
2276
282
12836
759
1195
13253
636
7409
9768
2435
9994
12380
8565
12716
9022
4447
724
6212
2015
5325
7903
842
9669
5232
3208
1072
11743
9982
1079
2733
5506
271
3051
10548
9480
7983
4571
11785
12163
13330
7554
7548
11588
10858
9388
5633
117
6575
12893
5481
10868
4564
13246
4223
4251
972
3806
6044
3325
6595
3381
6583
13091
4858
8105
8076
413
10198
9930
7705
7173
12530
7008
8245
12453
1694
475
3050
1445
7824
786
9192
10860
7706
6591
6447
7976
4397
13325
9273
10019
7672
5649
10193
2370
11369
6826
2990
8619
3162
11560
9872
1330
2602
4975
4083
3746
9581
9256
6653
12683
1464
6051
3615
2882
11681
2199
5573
1532
13378
6510
8451
4071
2761
6023
4239
9678
6697
6350
1160
11022
6045
11991
6509
6825
9225
4292
8788
10406
6118
9170
7872
13203
13138
228
10821
6600
5014
5675
3915
562
1656
430
8849
1963
5364
5733
9295
10913
7301
2991
10482
10501
11789
9036
4626
12740
10533
13388
5355
3365
798
9859
2521
8077
12440
12837
2713
6434
8715
255
13423
11313
7224
6987
8519
4866
12900
6868
5870
6497
2480
11334
3932
10239
1453
73
10652
8355
8788
4579
9744
11563
5815
240
10519
4196
5535
6463
6408
1923
691
12611
4572
11331
1821
7383
10105
4332
9030
10718
3368
5197
3535
5822
8598
4197
3090
12069
5586
10950
1165
7579
11176
7873
8404
8520
8327
643
12240
8217
4666
666
6076
420
7694
1151
2829
12751
9364
6165
9310
6774
7368
7167
7688
11335
7863
8548
5127
10740
11241
3712
1579
1188
2582
225
9926
901
8475
504
12101
4708
10844
11393
11325
11976
13407
5711
9714
9668
10031
4261
7035
6605
1882
1275
13202
4048
8571
10595
7246
10577
2675
6190
899
12355
9667
7507
4970
3899
1104
114
10543
13117
1649
8330
8777
10852
9574
1508
8450
7724
1393
11486
8132
12825
8329
2261
13314
7156
11404
9147
8948
8371
12204
6525
1689
6615
11143
5023
12001
7973
7749
6250
10455
9368
5317
9346
8535
4411
1905
12453
10484
2383
3927
9985
2403
6511
11898
10593
6153
3308
11024
11095
5878
4628
12444
13454
10948
3429
9695
12235
10898
11227
4140
3171
2945
9219
11640
4455
6092
579
10941
5828
4656
8689
4725
7147
5694
11609
1138
3014
11184
11596
296
3166
1601
10981
11257
3109
7686
10366
158
6510
1873
5860
157
1879
9446
10102
3204
6105
2700
9346
2851
10324
8794
11418
13394
2493
8811
6436
5145
10955
10809
6634
3753
9721
5805
12899
7712
11694
2975
3453
1489
12770
5642
4411
9070
7656
8866
3951
8480
5134
11271
10520
9612
1985
9627
2151
1105
7201
10581
6699
13189
3655
12499
10927
201
10714
6320
12548
2324
2143
9835
757
11186
2560
12531
3586
757
8852
10398
11550
13473
3242
10234
8325
7388
13121
6048
5695
8138
3155
7259
9009
2589
12974
2801
2083
842
10087
3227
798
2712
4618
10783
8101
8789
2572
13363
4118
11676
11260
735
11682
4821
7421
10529
5586
1067
10703
7434
1499
12735
4954
1457
8911
13220
12309
8056
2876
12621
9193
4634
5312
13394
7500
11078
5509
11340
1558
1422
859
8898
8275
7659
12432
2957
5576
4050
10052
200
12884
10743
8728
8426
7979
5281
10815
3178
943
6868
5232
447
3665
11204
9593
5757
13252
9482
5023
6087
8048
6964
6074
3067
4734
10612
6227
13169
12408
9597
6360
9014
448
2261
5881
9332
12691
7692
5527
2952
10318
10685
9572
4595
10656
212
7076
25
4642
11360
55
3801
13363
9551
4403
12281
6914
1379
10327
1931
8607
1225
9284
955
6109
964
4291
11875
110
1234
9011
11431
10968
11877
1317
5136
8241
1914
1226
4189
12402
5896
8203
10275
8591
10324
8795
980
6501
3190
9149
6583
3963
3470
4955
2423
7501
386
10012
1516
8472
889
854
7
12567
4359
7095
6519
12807
2787
8360
12413
9020
11991
4596
7180
1452
3315
7085
8097
5985
9284
8108
190
6244
2409
6519
5236
2881
9389
4359
10030
667
5735
462
6945
11788
12490
3519
4339
6913
10859
12438
827
13068
9764
11346
8465
12883
5139
3905
1356
11787
2495
12829
9947
3953
13396
11428
8033
8023
5879
10827
12277
2691
639
9600
9976
10088
10553
10704
9046
9727
98
9034
9472
9623
10841
4572
10211
4572
11696
5546
2448
5979
5880
4564
7607
4308
12909
1080
2161
1215
4531
2445
895
2898
9896
12975
3452
4436
8502
10028
11149
9219
6224
523
4421
5459
11999
8954
13380
662
11284
1873
10960
2073
11038
5918
10255
3997
5133
6805
12432
4238
8311
7787
291
1705
10986
7459
7017
10199
6627
6500
13211
1441
6008
11918
5025
3028
3609
11112
11801
4159
7274
4592
7608
10434
13448
11912
11367
10959
3876
5867
7268
6895
6686
6133
3448
4913
7777
2435
10777
8871
4741
7576
12545
10954
3037
4346
9224
12509
693
7092
4090
5250
7429
12722
4846
3089
12079
7074
8084
1154
7577
6444
1945
4962
11143
10656
4574
351
6151
5617
10862
3829
7114
6518
1388
11728
9805
427
12895
11271
12219
10793
12444
12508
5748
12272
2128
5297
4079
4978
6400
1565
7731
5389
6974
2396
9633
1143
8679
1731
5885
13354
7510
2250
13096
12775
1007
9452
2256
9286
3560
2106
5479
6786
7826
4904
7970
12604
8209
11730
115
6176
6672
7727
3156
1120
2959
10510
6288
10905
9036
3009
9167
9734
7254
7266
2139
7979
655
5739
9028
4032
12862
6121
1505
10825
2291
2175
439
3797
6284
5909
8071
5430
13084
6437
13072
461
1833
9165
7085
5910
12431
8502
4867
7913
2864
4728
12314
11956
11121
13179
11120
2488
893
8386
3730
10311
12338
7214
13059
7278
1415
10811
1691
6132
1988
2436
8905
11893
12527
13355
5276
1764
9001
8953
7615
1498
1822
5131
11946
4734
4802
1069
1205
2717
10206
11895
6666
1698
2602
10868
8477
11051
8760
8493
3989
4743
4860
8731
5197
4399
8078
12766
13449
6973
8220
5177
9876
5224
5078
13309
712
4450
7754
9285
12632
6929
781
6423
1862
8033
881
9937
4543
2906
257
6081
240
1510
12892
8668
12847
7460
6187
5117
5517
6415
7922
232
9281
10532
8097
5380
13068
8444
164
8041
5028
5882
165
13173
9178
10333
12398
10788
5958
12909
3301
11280
9407
5787
4705
386
11986
2963
11041
11566
11980
12250
12018
8034
11788
4297
8502
7473
4384
10854
8390
12075
65
4724
9496
12136
2385
12483
13364
2155
10386
1289
6113
3072
12671
10724
44
9662
2455
5298
9850
2212
4007
8185
2733
11062
13064
4203
6998
9552
1395
1638
13103
572
773
4364
3533
8619
12009
10829
12545
8613
3826
7727
272
1637
9803
12823
720
9135
1494
2351
479
10224
10607
4172
10191
2644
6109
1148
3176
7407
12552
3961
9590
2836
647
7593
5032
9044
5069
6699
13431
12550
8390
9200
12551
12194
9774
12215
11616
8103
8276
10216
5094
1935
7263
1345
8760
5966
4739
2618
9578
8038
4777
3265
10836
13440
10104
7632
3745
6120
10252
6391
1311
7853
3880
7243
1784
11719
12025
8476
3845
8600
995
12178
12489
1769
9695
5344
12820
12141
2375
10508
8166
11660
10126
9442
7152
9613
6582
11670
8053
5349
590
12596
9835
4729
4964
12030
5573
9061
2949
10241
3319
11621
4375
12583
630
8872
4834
9085
984
539
10473
7669
10582
13163
6366
10761
11597
2123
1820
7249
4707
4153
10709
8575
2290
692
8956
10213
4109
1976
992
8471
9877
4491
4615
4791
10048
11557
8820
10525
2716
769
8370
2346
122
5818
10150
13421
12003
625
13087
12947
8932
8460
12072
393
7392
11519
9937
5492
3578
3284
2384
11667
3099
11574
642
3376
11896
12409
11767
4042
6854
8749
7672
945
3695
5299
6771
3304
13175
12942
1548
6380
1548
9136
9398
12131
9625
731
12392
8352
9028
12219
9329
4265
834
5033
7890
1551
892
7612
11099
1708
7744
9296
3524
1599
7416
6998
9657
6490
12298
3755
6678
5362
4488
1400
9441
11544
11245
1511
1608
8439
1678
10695
12277
1564
11671
12258
9876
12684
10313
11963
12059
11382
114
12111
8932
11014
735
4469
13045
12892
5676
8329
1607
12491
13387
5567
9675
5144
12522
7083
6287
1332
9360
7911
8362
7414
8133
3530
11679
5697
8860
1606
10238
8972
5655
6933
4866
12481
11915
6599
9710
11036
3886
3330
11408
8676
8055
1531
11292
12333
9181
9894
1744
523
8577
3613
1040
5846
917
5599
1063
7924
6103
2153
3137
6771
6239
11116
7562
8339
4062
9884
101
9630
12365
3923
12598
3648
7909
10584
591
2247
3384
2202
5850
53
4551
2404
13352
13017
10963
13371
3411
1829
2380
3994
170
10732
12616
6749
9347
5965
7081
4773
8132
3202
10212
4062
7671
2251
13312
1057
7781
13286
13013
8901
5386
11856
7199
4215
4593
5074
10232
7423
4184
8154
2771
2408
11799
2993
13042
10583
4015
4528
1619
9828
1116
2942
2005
6258
13025
1054
3462
1082
2259
4371
3852
983
13333
4376
3646
8818
7908
3514
12253
13333
7223
6963
11773
4655
9916
6425
1794
5175
687
1130
5166
11197
7832
3276
13368
2239
9217
6731
7528
11991
1739
3230
3693
188
12897
6415
9612
1091
4997
7686
7038
1558
6786
6222
1517
4533
6915
5989
5708
13375
11739
3969
10248
6242
6260
11475
7922
928
2175
1510
7598
5569
1607
7226
10441
4059
1959
8733
6499
12964
2279
8073
8009
876
2922
10561
5526
7156
13270
5988
3187
2857
6710
12951
12716
5078
6007
11352
7089
8996
7829
3218
5373
10747
7644
254
136
2250
10642
732
7764
7335
11172
9925
5703
5950
4795
4980
8452
5853
4
8438
2950
8912
3416
6834
8180
10916
6303
4937
6269
565
7875
7784
9642
12917
9101
56
4894
4070
2819
8461
6786
11792
10146
6119
10202
4629
379
5885
2855
2609
7772
295
2292
10221
8309
8850
9603
11812
3633
12991
10475
6167
3260
13130
3990
8257
9618
9708
11112
565
3622
6942
9330
9563
8637
4397
12271
3879
6349
11859
12284
6248
1732
976
116
10305
1396
11227
7216
12377
1453
4773
3359
12116
3830
8396
11810
12681
323
3698
6731
9931
8480
9465
1324
7486
3930
13075
9337
8994
5216
7766
8874
7175
10774
5461
7852
12775
13150
9634
1412
9394
9594
9589
9849
6544
3313
658
8943
1121
10008
7850
3387
7614
7175
8242
2029
3013
6745
9754
7815
11755
3570
6932
39
2359
118
8697
1736
5194
9956
4384
10213
8192
13109
532
8865
76
8377
13467
10846
6160
3587
11020
2359
9532
2816
9413
4721
9282
11597
5456
6329
7072
5359
4119
4006
1131
6813
10235
8217
2596
11527
1680
10339
596
9279
6030
2038
7012
13
7125
5733
5509
520
11046
3481
11314
43
6085
6383
1700
10302
3368
5177
2542
10757
8861
6635
5176
11692
5713
4586
10088
10918
8296
5233
8596
11623
1141
4219
1942
347
3548
11936
3894
7344
4093
7051
12430
4732
9613
6350
4955
2459
2264
1574
8231
5692
7421
5729
9640
5115
5193
1797
4679
4192
2256
11582
570
3943
995
4622
4033
1594
10893
12719
6998
3575
1007
6082
3825
3961
13097
9451
4429
2196
5031
11080
29
2077
11745
12473
8067
1914
1410
12238
1338
5145
917
13034
8420
2718
13448
8722
3937
12704
52
5413
4216
6383
7872
5133
12461
8343
5806
10700
8222
5322
259
11834
10197
8100
250
9437
6743
10047
7224
6101
11139
5029
680
3319
11041
10809
4201
11172
7132
1589
132
8388
81
1868
9221
814
5448
8848
9536
1746
6741
4388
2104
1514
5905
12082
2212
8232
2410
6384
3386
11314
7840
688
13490
4167
7410
5180
9530
2327
4973
6292
6201
12313
9896
8999
13085
10610
8881
5661
4103
5032
3654
11991
3432
2181
1521
9977
6921
8312
2832
9009
10793
7518
6794
5544
7357
2671
4497
4810
5746
7987
1710
8975
11820
7838
7239
9301
12715
6563
10709
5936
11530
4421
12605
1422
11960
260
2546
3633
11254
5802
6992
4922
2726
5241
4860
4436
874
10597
2908
12786
8687
9416
7115
6259
4539
5797
7622
3778
3577
44
5698
9790
3774
1606
6404
7381
278
12995
4751
6783
2415
6773
9089
439
11824
9027
5998
3711
1550
10464
13454
8894
3898
13302
12926
9605
12808
1936
3725
12293
1124
6993
2616
482
9038
7114
7549
8720
11605
12211
1958
1557
4119
8020
10287
204
12999
3648
11488
3060
3360
7678
13117
12047
4817
5964
6978
3878
2685
1954
6149
885
2086
11164
5351
496
1437
1379
11841
13370
2953
11808
2234
10912
8885
8731
10906
6265
306
1963
9558
3853
6362
12036
7529
9175
7254
10697
7379
12246
4379
7291
7493
612
9224
12165
5621
1896
11976
13273
10521
11377
1619
8707
7208
2132
1219
9419
3622
9737
8319
4739
8335
3796
1329
12278
10988
6553
6604
8154
4202
3549
2066
7059
3730
1503
13331
10237
10607
2873
12441
13285
8035
12833
949
11271
4251
2220
7228
4339
758
7819
10616
8271
4730
13255
2917
4978
11887
10623
7750
280
820
5716
13116
3461
281
8272
5111
2457
10557
11326
3914
12711
5144
3747
6117
11256
1209
2808
11544
3643
10070
10836
7320
6798
3447
2436
2217
9680
2455
7191
6892
5232
11982
7018
2941
4232
2578
7582
5187
13003
5737
4430
12837
4716
3840
7569
12639
8446
6037
5722
4820
80
1498
12481
5211
9486
13021
11112
6388
461
7481
10127
10919
9963
3520
8355
7356
1321
550
9059
1439
4154
4319
5890
2292
2017
5849
2344
1364
2543
2314
6687
4583
8675
3130
8253
3885
7184
9411
12837
3067
3799
9906
13286
8831
13363
10080
8241
379
4703
12873
5731
11040
1033
4562
30
11699
8690
12215
9497
2951
11821
6653
4487
9611
6843
11223
9522
4176
158
7672
5462
9980
8570
6321
2466
2754
13245
9777
9402
10466
7505
4667
13360
5532
8044
11667
1354
1258
8028
783
596
7315
2133
4873
13123
4338
2229
7212
12193
10202
1712
9440
1465
2085
5773
5460
12588
3430
515
4495
9725
11067
13421
5778
3595
834
11316
2148
2009
2458
4447
2576
10302
10844
6601
4340
1418
1569
7508
11891
12474
726
5415
6731
5915
4406
12010
3647
8834
12380
9024
12061
3765
5494
8176
8765
9184
6927
593
163
3552
9429
8307
2229
1165
12201
7499
9416
13137
433
8468
2485
3772
720
13390
12463
2634
4373
1400
1098
7918
2117
12895
10790
924
9333
2987
2221
10272
4544
11472
2140
932
10752
3419
1347
2539
9541
1653
11505
7422
5742
5794
6020
105
6189
13237
1700
10883
744
3485
6656
1368
5655
8392
3161
5035
9284
4110
3335
5629
6733
7894
10461
2813
10951
2585
542
3257
10226
4849
3652
10580
7664
6742
7802
11694
12713
13345
6459
719
6582
4200
1546
6187
3508
5662
4896
7751
3547
5740
12377
11012
9983
5910
10024
3870
12935
3233
8498
11341
6815
12542
8247
6115
6995
4469
2284
8948
4713
6138
12230
9241
2322
3497
10445
12313
4905
12227
3208
12679
7602
4298
2610
4582
12328
4479
7004
36
5966
2526
12423
12
2481
12300
7804
7682
11652
4516
6089
6441
11544
7775
9644
6725
6151
3263
7678
12155
7020
8061
7275
179
11279
2067
9381
11696
4089
6462
12770
5621
2812
5575
7282
1162
10829
12008
9239
12177
6954
7854
3745
4814
4000
2070
3416
6006
11197
10970
2417
5322
2805
10471
1884
10807
7346
3872
8901
8445
1897
2469
9113
1042
3019
4997
470
5128
10811
3578
7617
335
9856
500
12684
3194
6576
8940
1269
2564
2382
6242
2457
9291
9983
5621
3701
5791
7104
426
6423
6336
4798
9597
4310
11204
1709
5397
784
9417
11456
11614
550
5385
7355
10861
2830
680
9998
391
2700
3984
4890
9295
8605
3099
10232
11412
1017
9498
5397
5284
4346
2594
3031
5917
13365
190
2765
10304
12188
7801
9320
13363
11518
2515
10922
4761
7466
8753
8159
7900
5394
10238
10012
4287
9644
9872
11179
13040
3720
11659
4452
3986
6258
10268
12846
4258
12464
8848
10810
11034
11171
3439
10858
2207
5973
2544
4505
7209
10824
423
10468
8820
111
10968
8344
12492
2924
6584
5100
9860
7640
1797
3991
10663
12761
1307
6775
12757
3029
12604
7699
7426
2302
4613
67
1182
1129
1857
11401
7169
186
4172
3123
8489
4116
9175
5870
10737
8192
6453
9579
9598
4755
10560
5258
205
7404
4496
11003
4895
3350
1094
3677
12659
3418
1778
11084
8306
1137
10227
1965
11878
7818
11093
9627
10078
8421
7627
7272
13243
4537
4169
653
12127
10689
1097
8387
5924
195
9256
8258
12503
4294
5685
2164
4564
8443
5621
1198
3388
10836
736
7732
12304
12817
7134
349
8253
9930
8703
4301
2568
11361
2900
127
8320
3552
3118
11339
1298
11012
12887
664
294
291
6335
13285
11273
6865
8805
4823
12266
9237
3337
3858
6515
12063
11406
1005
6898
1228
1602
12057
12594
3748
12522
845
8483
5767
3932
5447
13028
3631
4075
9593
10948
6739
6688
7739
13494
1588
13025
1096
6241
7386
4658
5474
4186
710
12237
8249
10216
3343
6674
5218
2289
8071
12278
13306
8709
5946
2821
466
17
3952
5334
8740
5375
9762
11251
13034
13382
5696
6118
12233
9421
9932
5465
2643
8055
3049
7382
9763
5595
1596
7833
5329
5830
9089
1151
9582
7139
5286
12730
13474
7259
3834
1518
7059
13088
12264
12574
5398
7249
11163
1371
1089
2735
5973
11052
2623
10099
6058
3763
1083
1666
1974
6238
8782
7580
1233
3174
9655
4827
1326
9383
5053
12801
63
8457
12719
697
2790
1370
10556
5460
1130
9624
1952
7937
168
3673
12206
3878
1712
9951
4471
6364
5275
6149
12001
9946
8351
6340
696
10365
12143
7474
2519
2128
4069
5607
11919
1777
12981
4673
3529
10146
12424
13068
2525
5897
1798
7358
3637
6932
5810
12758
10863
13093
7782
7778
12936
13008
11849
9779
10626
4306
91
12824
1178
12844
10097
11142
12475
5821
5557
12466
11866
7164
13456
11791
2699
10600
1452
9581
5122
1834
10375
7036
1402
2439
3509
7700
6808
914
6772
8988
1398
8655
8149
2529
2734
8160
10626
3096
7167
10557
1578
4418
2737
10660
9807
7303
10926
3518
12567
10484
2390
13145
11826
6778
9233
8293
12941
7938
6493
1764
5139
1920
12280
4903
1584
10084
12287
7330
6247
12919
3154
4203
8020
6564
5696
4628
12447
5282
8896
4101
6210
3476
3525
3442
10702
3519
4899
1377
944
6730
7586
6833
12063
11187
4875
3315
10577
9351
8738
3363
2654
7607
2142
8073
8528
4317
264
4967
3375
1305
7836
9258
6989
4552
4822
7940
486
11623
5146
12909
8963
12365
4767
3681
3756
2086
588
8301
7151
11172
10536
7178
3261
10588
9792
3224
3800
7708
13099
13356
4923
11334
3423
5422
12999
12156
8872
11229
3371
6469
3281
1559
9572
13455
6687
7845
6977
8939
9257
6323
2965
8001
6355
12173
616
10675
8525
12858
10194
6052
12311
9476
324
10081
4484
9977
9219
7107
498
4285
3102
6351
8051
2539
8359
11826
12036
2930
6811
3050
8694
152
11639
5645
3857
6918
3859
634
8544
13145
4626
11961
11512
804
2808
3324
10102
7774
6325
11254
5875
9796
1935
9192
8640
7237
1912
10473
3618
6205
8306
9245
12563
10867
13287
4116
1361
6740
11331
7860
812
304
5233
7508
8323
7823
1663
1189
6240
11677
2199
11137
4680
815
10285
8209
8306
3519
9761
2712
3298
7049
11505
10258
6182
6080
11307
1153
7335
7123
2520
9244
6453
11271
4593
4064
9637
11237
1078
13287
12829
1168
11496
1405
5509
9121
1780
13113
10157
1549
607
13401
4215
11257
11466
6160
8434
7511
2430
3865
10833
2742
11934
3607
10497
4193
7200
1206
5777
10418
8629
7248
9871
5249
1983
777
4456
10705
12681
9825
4193
10983
7554
9315
5555
10259
3233
4820
9787
9
7579
1608
706
11317
4266
1007
9484
7957
2025
6070
6351
803
4207
2717
9321
10117
4578
7432
11271
12267
9353
4480
1794
5836
5301
10313
5221
6084
5018
3770
12568
848
7818
7356
9938
7888
27
3809
7468
5427
9432
6127
7417
8619
12096
726
4712
318
9729
6315
7719
7706
12969
5626
6999
703
8190
11266
561
1690
4403
1387
3804
4108
4017
1234
2611
12795
9516
3533
3942
8027
1033
8363
11426
7619
761
10013
13424
11763
10825
2143
3451
729
9778
4618
9249
6454
6676
3869
10101
3005
8051
9065
7998
6122
3028
8754
6255
1445
11524
4287
6344
4701
7388
12469
5651
8550
1840
704
8805
902
780
8872
13139
234
5624
877
4319
912
3555
10947
1561
1461
13153
11590
13243
6340
2522
5460
1321
4547
6714
9014
1242
10096
12555
5076
357
2325
10675
12874
9435
7448
4337
8237
3145
7524
473
6694
8202
4829
2064
10304
1065
10309
10680
3297
7661
10604
10358
3411
8160
340
11121
12628
1953
6112
7343
9020
13084
631
10713
7901
7209
6394
10639
9849
5720
4396
8790
5466
11993
8229
12622
5743
10775
8981
1665
2038
4337
3855
4987
3683
5004
998
1793
6371
13093
6485
5198
1125
823
11685
11600
10200
10678
1239
750
4578
473
1885
7866
10001
11092
9258
11479
1726
9820
7614
7432
7108
12060
11819
6913
8251
7231
9326
13331
10195
3334
902
12653
9886
12957
3552
5861
7101
13062
9428
1351
3531
2027
6908
4155
10239
7686
11965
8665
6641
2074
13486
11102
1724
9503
5067
10786
2965
5774
35
11524
4894
5107
12453
2923
803
2824
10421
7963
1943
9698
8185
11187
3049
8342
11631
9800
11970
3675
228
2004
9924
7454
11037
2497
6274
5160
2006
5478
12129
12816
4908
6582
1676
1206
2492
7851
2297
7092
3459
10809
8666
3172
1550
10094
5769
9530
3931
2538
5509
3506
241
11143
13191
9421
10204
11356
11001
47
1645
4129
11622
3012
302
11590
11083
8710
948
13151
649
9714
8994
12984
2517
888
10264
3700
9688
11414
2956
2969
3732
2047
2565
3285
4821
12414
2135
4107
6911
4520
4086
3455
10905
5471
10223
11923
4498
154
8539
9575
2858
1875
1285
11521
9713
2499
855
9749
3012
13142
167
6135
9129
4231
7362
342
1514
6258
5338
1056
10993
13007
1212
13192
1635
9730
6095
3810
5634
10054
1905
12834
1532
7885
3480
1263
9659
585
9540
3443
638
4773
2273
3465
12964
1625
8156
2328
12621
4959
6812
4774
9591
10717
4569
10630
5723
6323
8884
6675
7718
10654
10318
3612
8246
2367
4127
1586
12036
2547
7329
13093
5664
9973
3109
7251
4985
131
10179
4983
6853
1663
8838
12987
9325
8614
3089
532
5675
11596
11104
8908
971
1832
1576
6443
13188
5043
5047
10872
12288
5680
7238
10582
6379
1980
12233
1841
7991
3204
6938
5237
11758
6582
4237
9270
8144
6265
10384
11209
3508
4602
6593
12110
4600
7132
3169
3230
1935
6886
2766
3832
2769
5272
8083
9606
12938
3333
7291
13198
11179
2873
3928
12722
3740
4935
11017
13381
7916
12426
10751
1602
7364
6581
1803
6753
11096
6860
9196
8275
5674
11962
10866
6877
2449
5327
2033
13340
12643
166
5065
6040
3165
792
2714
8054
786
8940
12906
4136
10498
3665
11842
6930
9903
8748
2064
5917
7898
4608
10163
10439
3477
3651
9299
2076
11517
4826
11446
2790
10390
10571
7069
7986
2981
6418
3730
10973
9581
13235
8293
1604
11078
11779
12646
3052
9508
5971
5943
11428
6861
11296
2976
11267
6598
9774
12583
7080
5532
532
4834
1922
1799
690
4895
1483
11540
2316
9245
9634
6945
12100
6336
13008
2735
5517
871
11407
4734
12117
12121
7827
7491
905
13111
3822
12519
737
12129
8175
10969
3313
9547
1458
11670
5297
2752
5292
11249
12638
7268
7570
814
13356
2112
8957
1721
13358
7312
2000
1876
9130
3377
2180
5141
6417
772
2757
13205
4648
12966
5799
8897
9483
3543
7602
1157
9170
13323
1656
12236
5268
7768
2356
11092
10216
9778
4193
6653
7140
9481
11867
3298
3780
4611
9453
10170
9005
9561
13237
1530
2290
5984
420
5360
4731
8116
10750
13005
6928
8342
12061
12311
11133
11501
48
3857
8803
3763
4020
2972
1875
11371
11729
9087
12129
8146
10337
7328
7833
184
10780
9712
5435
12783
11544
11423
6473
5661
317
10854
1359
9074
3992
69
1047
4892
6821
1329
997
3000
9618
5027
7990
1741
4748
469
2978
5309
3852
7756
1030
3114
10343
12101
12598
2614
7597
5662
8314
4166
9686
6941
4996
3286
9434
6016
10266
5675
1720
1104
2791
2861
1517
3636
10078
7182
5349
1528
5042
9461
11283
11855
13146
9700
11389
5631
12430
6343
9819
12299
2049
2939
5734
7337
7499
952
2566
6198
5956
7052
5733
1987
9258
4836
11770
13218
10713
2140
2207
12634
3528
669
13158
13241
13150
1645
12722
3104
2617
3980
11140
10677
9636
4191
4840
12257
11997
12870
10228
4709
7005
4566
3487
7439
6380
927
12063
8691
10909
3522
2316
5395
6675
10167
4201
1918
8481
4555
9433
8236
1372
142
11263
287
6477
4175
13
9431
12947
7286
8967
12998
11432
7189
443
7398
9554
9151
10950
6483
12548
8662
7505
4268
11031
7014
10025
12516
5120
10590
4477
13228
4554
7441
10750
5261
12219
10702
5740
11126
12985
12569
12818
2005
5866
5148
9340
10025
1538
4601
2187
8856
5382
8626
1236
11613
2571
4063
548
7505
7031
2313
3981
10813
10097
3568
1094
10483
9605
5287
5176
10447
7927
2720
4536
11054
2860
7928
12932
11627
4684
2334
11939
12690
708
11074
3770
1402
10498
68
2175
9769
12979
6739
11488
8415
13021
13150
11612
2442
12636
13358
4729
2708
9432
13064
4270
7542
2397
7409
6821
4949
12076
13449
3401
2093
11967
5984
12574
7901
10619
11451
7582
5329
11663
1194
9510
5586
9
2331
7371
12133
2582
6569
738
11836
5949
685
1187
8652
4540
10570
12104
12296
5884
5189
4441
7569
9996
892
12902
10417
6146
7008
8859
7830
10100
2525
9108
5348
3220
12414
1976
7299
927
2554
12736
1331
6741
7717
6132
13042
12455
8579
9187
10594
12167
8811
12439
7541
2099
750
393
7660
9512
2339
7822
10899
12539
1242
3426
4573
8084
122
2874
5963
7819
8733
9402
6232
786
4877
5588
10439
5119
8760
3773
11989
735
5558
12328
6714
12031
3050
5093
5557
10964
4183
9742
12192
12844
8208
4102
3542
10739
752
10194
12415
1437
11755
7238
2861
11531
13125
3218
6232
12229
10216
8049
2055
10537
12893
2948
4074
12101
11181
4015
12901
4519
1007
552
12891
890
9846
1466
3724
4863
4495
1879
3355
11206
9489
5466
13248
4940
3331
10556
13064
1633
6125
11886
10904
4561
11300
1496
12783
8719
12925
9508
10302
2222
10188
4444
12983
12438
8957
2422
13243
1855
11640
9344
8654
5055
2933
11277
3727
3742
12704
11345
2456
9885
11830
7609
4950
6988
186
9364
980
10836
10158
6204
1592
468
1225
5647
5318
3781
2008
4559
2670
7274
10669
13000
10757
8086
6705
2504
11731
10473
9471
10355
9388
5717
12851
10122
10152
5598
1235
4278
8806
9792
3125
180
7239
11337
10558
2246
6289
11237
9857
12806
5281
8007
12583
5370
3312
12614
4784
4308
1229
6802
9433
346
10998
12172
2004
1398
12024
12186
8278
1239
490
5393
12731
6014
4824
2015
1235
7543
13247
12476
1065
1805
6749
10687
1947
8325
2908
8008
438
10618
2092
10824
7927
3942
1085
5051
5119
984
11116
10460
4278
1516
7413
13343
2960
5573
9116
8813
10359
29
1369
6482
5150
5463
5287
8376
2340
2411
11286
12574
19
5760
11654
1819
8296
8825
8346
9196
8191
10554
6562
5078
2404
2117
1725
343
7775
10500
2315
7114
3393
3211
12840
10984
625
10491
861
5772
9356
7884
2300
451
3329
12270
12090
5681
12798
3833
3849
1927
11200
8552
2023
10550
9632
7989
2875
7706
277
1611
74
2290
11225
9430
13179
3869
6659
9152
70
2614
10910
11937
1060
2192
2392
10014
7455
2984
13446
6036
12528
9656
2707
13147
13131
1954
12399
5196
3524
2013
2292
6713
1580
7054
12919
9680
520
6101
973
2535
8923
12858
11015
10537
11338
9336
6446
10870
7764
3152
9126
10567
3546
551
2635
10823
5114
3314
13228
10763
5320
1914
9717
8054
11506
6603
12732
174
12564
2803
6347
2
13472
608
671
9030
6711
2957
8156
12034
11224
10695
9642
7611
9450
3979
6941
8919
9049
7857
4720
6242
2651
9304
6265
13155
2666
2143
8546
8288
4249
11386
2213
4354
6238
8027
13402
6705
4437
6160
5135
3967
13415
5809
5380
6106
5575
7480
8100
3074
11604
11169
279
12613
3256
2740
13352
5506
12916
10454
12401
12429
10034
5251
12478
6189
5508
7174
8473
2203
8750
8010
7490
5941
2786
5881
12387
11058
3328
5291
9362
755
4774
9968
547
9611
12397
1328
9815
13380
2754
5110
8655
1876
9839
8523
7984
8458
6772
10050
13476
305
5196
786
2324
6444
2239
8484
363
6552
5477
12219
6946
7983
307
6303
4436
5671
10775
9273
9386
11113
11319
12989
7810
11674
2556
6688
3662
3084
1376
667
9000
10925
8052
8661
11800
9372
5598
3314
2899
9929
2808
11904
4367
8124
11259
10687
13336
7772
3826
83
13203
10845
12731
3675
4561
615
12282
7541
6406
9426
11406
367
7571
8391
2223
440
10843
9757
1294
2026
2836
8004
10510
7915
10445
6832
8163
7343
10350
13004
1183
1312
11310
767
11792
8498
9494
6249
597
4332
5899
9659
8348
2725
3437
7695
5370
2987
8150
5315
2409
11594
8274
6062
7856
7033
11554
5178
2701
5254
13250
338
971
3725
9049
8526
415
6788
13029
9578
9719
6384
13068
4475
3678
360
7774
5767
4249
1673
7996
834
12263
7012
194
11034
3546
5864
11402
638
3478
4003
12222
5412
8549
8006
4804
4406
5523
4499
1347
11478
13254
6107
2804
10805
5241
10769
1961
12934
4888
557
493
3447
4601
78
12919
4453
12982
3355
6445
2612
9608
8486
8882
6198
11344
5848
12472
4532
4448
12117
2754
491
3150
5687
5883
13089
10162
804
6540
8483
1237
3296
12111
4456
7206
6570
6016
1253
842
3605
5921
10234
2718
7283
12305
5226
13225
2979
3803
12024
1528
4828
7829
5982
12443
3008
11004
10500
7533
8124
4051
8602
11536
5979
4595
3475
12598
1034
10841
3098
6652
9300
10257
1951
7277
5336
7149
867
9137
4739
2912
1384
12704
10444
9897
11135
10992
2760
8098
2548
4968
8890
5485
7727
2934
6069
11079
9137
1737
296
3403
6879
5383
7590
6034
4918
11038
7560
4725
1122
5949
7630
10424
4508
6208
11470
4770
158
10486
12843
11629
9692
12957
9905
5540
3897
3094
3523
10831
9401
3847
13091
7231
635
4334
12236
12651
9492
3633
11983
13019
11442
12147
11215
12793
3540
7654
2988
6304
10709
13154
305
12819
12261
12995
13002
12626
3463
9117
6467
2024
5551
8123
2927
1500
11711
3509
4687
9105
1074
7293
8916
4445
4022
150
338
13144
11510
272
7469
2175
8519
9329
3986
4426
921
9715
10071
12713
12600
7678
7203
145
6471
1156
9402
561
7130
13407
5940
11278
721
8690
1780
848
12595
8842
31
13172
3892
9826
2808
3626
11932
9826
10090
1452
8420
13004
12771
10062
4029
942
6124
2504
10500
2144
11318
4781
1392
3940
12329
7106
3451
7036
9667
5507
4273
199
1001
5869
9067
12001
6129
7622
7786
7324
13055
5151
2948
4625
8021
6765
9452
2169
1756
7939
13281
10102
11656
1393
9261
9740
10043
9523
12521
11867
5435
3512
12852
1189
10135
12962
3396
6378
12460
2751
8867
12057
11116
7216
3226
12844
3740
6223
11986
10511
11198
11365
7737
8010
7605
653
11380
13465
3351
12694
6412
10778
1965
13291
6915
5072
12221
1936
11006
8511
12367
2981
2535
3426
4958
906
2291
12819
8196
10692
7953
5864
4146
8316
3311
1781
889
2533
8097
4090
7065
2182
10964
6715
12917
12491
8201
8328
7078
498
7348
6398
10567
7332
4220
7448
4947
2473
11896
2811
10553
2529
1863
11489
9018
1933
4971
1080
10267
342
7062
8372
5033
10971
12175
5659
12199
8903
11302
7883
9997
973
13262
853
11809
2926
11748
2161
10000
7059
163
1889
12221
306
704
5623
4473
4569
4267
7428
5246
7807
8494
9841
9158
3090
10684
8138
8891
3833
11780
5768
8888
13450
12787
10837
5464
1524
9961
2987
9639
12092
1977
4137
5205
10897
7780
1126
8766
6184
12741
11642
8347
1299
12377
2672
5279
5335
8673
618
6968
7399
2926
9497
5375
2766
12586
2931
6944
6899
3303
12861
10534
9535
6790
7317
3030
2620
7062
3724
10291
10655
6510
13008
11693
12074
3637
13373
4481
4602
9647
3008
2579
3232
12618
5104
1850
11868
5874
80
10912
6195
1155
5945
1618
5847
5529
789
12233
11824
10273
9697
8616
6864
54
2365
10845
10225
11934
6750
9792
5044
8052
1544
8908
3291
8377
9770
9181
2483
4487
9486
4708
2064
6779
12122
8640
2639
1340
1724
3856
7586
7050
5442
10172
4420
3577
478
5735
3399
6530
7437
8334
4177
4321
13089
10436
6572
2112
3493
1908
8380
3833
8557
10910
1591
11254
3777
5003
7204
5751
12209
3546
1342
1280
11767
4551
12725
5009
775
6341
10229
11533
6008
11807
7872
10463
13352
12010
7189
8084
8433
11526
6320
1543
11975
3612
2970
6160
2131
7573
1799
4121
10654
11565
7610
5642
3374
7232
71
10091
9153
6992
1699
9369
2247
8381
7713
5498
2067
4264
6189
3931
10962
7012
5143
8901
13041
11415
7683
5242
13413
9737
1656
11079
12153
3444
518
642
3883
3057
2396
12986
7330
5377
5125
8626
747
7164
13468
12663
3262
3725
4945
4022
9684
11574
2592
481
4533
10978
3458
7445
10693
2784
10089
6017
1651
12917
12215
10861
10366
619
4384
8310
5794
7443
12451
9743
5694
1485
1043
8270
3211
6803
13143
7975
127
5802
2541
3858
794
9565
5640
12100
4951
9062
3850
5672
1580
2855
7212
1324
11149
5626
12836
11978
7511
2430
2104
5186
9422
2014
11014
7423
1906
6853
5990
9471
1571
8593
6366
3863
2767
12983
1819
1282
11189
3461
11501
3223
8967
13419
12452
3864
11016
7757
5914
12930
3952
8321
6476
11895
12500
605
12087
2262
13409
3902
10427
1386
2398
12257
9114
4583
1952
9615
4116
13397
11170
4779
2351
5398
6016
12616
1271
7459
11441
1946
5839
10697
7382
10880
1372
897
12467
9990
11937
2348
10017
8539
5873
13083
6116
2576
8267
7951
9648
515
4066
10598
6376
3542
5019
3394
9836
3830
9996
12828
9646
3900
13184
1219
3176
6323
11277
7994
2969
1502
11445
7133
1402
10595
2308
8707
4549
8346
6079
1635
134
1833
886
3942
999
5933
1940
7382
6591
2444
244
9596
10762
10790
4732
1498
12495
8904
12982
1095
2197
12572
2542
10911
38
10414
979
10976
8983
8025
4252
8939
9639
3024
13411
8612
4214
5353
8798
11105
11772
7587
8817
6422
4157
1569
8552
11890
1510
10091
9340
12590
892
10338
11077
3552
8707
5861
13011
3613
2870
4775
4553
2721
1506
13283
11418
6595
4937
9333
6658
4124
5764
8318
9324
1623
1901
2733
12681
4993
7121
439
4126
11644
10697
6209
7399
10489
4146
6013
1639
6762
5230
16
2271
7430
5089
8729
11426
206
4405
9515
10588
5019
10023
8102
8289
6854
6
10381
6493
2349
4805
5777
2842
2293
10684
9232
6041
10832
6017
1642
2535
8392
11774
720
10809
3784
6107
1371
7556
13156
7150
13233
2623
4996
245
5422
6559
12447
5919
472
5015
5562
11066
1468
1962
11798
4002
11063
10710
11814
4641
9584
4207
99
2544
4045
12021
6112
3683
12869
585
2732
10047
11402
10553
12203
8456
13238
8863
6015
2544
13451
9682
8106
7394
11028
4296
4119
5377
1584
8274
8955
3750
13188
7767
7159
6453
11217
913
4075
6133
2743
4
7637
2005
8924
11367
2036
5807
7814
1557
5291
2374
4857
3134
3636
6700
10608
3320
7086
9234
8355
13374
2698
11824
4877
11397
12816
7255
11279
3552
5788
1470
2788
3424
11041
10519
3347
3913
11388
8045
7905
6158
5513
11359
5567
10428
1227
4061
12203
3939
1536
5067
7844
989
10304
12227
2620
3194
8088
5527
12532
10018
4962
3654
13232
7435
37
10955
7286
8027
11231
3735
5646
13448
7212
5487
3676
584
7210
12563
6304
5960
11927
12276
6593
1408
11529
11238
2710
10018
12206
9508
4076
13415
11606
5073
485
466
10904
12571
10879
5590
7463
6910
9084
3857
11520
2090
13457
5825
9936
2336
2397
11277
12433
11676
1956
5508
11548
8922
13287
4888
6763
579
3776
7964
2257
10093
4798
1263
10451
7551
3995
7940
13216
4674
1740
3897
7348
3317
11641
13248
9731
12327
8546
8782
13418
13418
4280
4984
2297
4431
8646
6717
5452
8179
4504
3250
3875
905
9778
12395
1884
364
5048
12315
5730
12596
3999
1088
1283
2373
9414
8899
3562
4595
6983
4010
12187
1756
10443
5836
5951
11899
12617
7156
11082
5613
6078
5477
2162
8529
1197
4198
12898
8571
10319
12720
8903
10507
6321
10608
10106
5645
7472
8859
12405
1510
11914
4722