1491
859
5025
2881
4081
830
4547
3873
940
3046
963
3803
4960
415
323
3255
4173
4888
4624
1942
5571
4462
2579
5433
5319
4254
5460
409
2108
2334
5160
2022
519
2122
1815
3647
3644
1336
38
2556
5265
5170
2200
1582
396
2539
1589
2272
1890
3426
4880
4102
2950
2354
1594
1051
1133
3807
3461
1452
4771
2212
2857
3062
2560
1023
2527
1970
1594
3774
249
460
4495
1420
647
1879
1045
5411
4836
1509
1865
2755
4565
1743
2334
927
4677
1483
1760
2835
4034
5337
1481
3003
349
789
865
1396
1281
5011
1196
3640
3744
197
1852
1144
3079
1420
4879
4021
1531
4466
905
5096
2649
1493
2732
3793
3353
3926
297
2408
3394
3465
1302
5075
209
2064
2817
1210
3357
1950
5058
2210
2918
616
1579
3449
3041
1080
3262
1146
4405
1015
2720
134
3623
2568
1456
348
1087
3465
5375
3189
971
4145
5236
928
5290
1110
4416
5167
5315
240
4421
5353
902
2151
4593
4736
5420
597
1833
3960
1388
2292
1697
1363
567
5089
5471
907
3159
177
4397
359
1298
4156
4766
5333
1922
4774
3456
4066
5520
219
687
3978
5456
3543
1391
4148
5029
2460
5446
4910
2377
3948
5448
5275
931
4683
4467
4985
1874
5105
1112
2592
3628
909
944
1054
2557
1678
5527
5337
75
690
3593
1745
5091
2416
288
3964
1777
391
446
3549
2752
4234
1400
5236
2362
5423
3431
4419
5203
4631
4476
3636
4383
354
4512
2371
4948
4112
1826
123
3986
2633
2816
3868
4053
4890
3429
3951
4638
5425
3238
3997
5340
3843
5136
446
971
4077
1240
1864
1042
2548
795
1115
2162
4765
445
4386
4761
3424
1295
2572
281
3695
3890
3283
2211
4368
5101
5058
2784
3005
4343
2304
2264
5398
3743
5592
474
1221
589
5333
5179
3670
611
4442
1939
1910
4327
799
2289
1440
5122
1571
3683
4256
2571
3526
469
659
398
4962
5189
2730
5521
3849
4373
2542
5575
4222
1179
3949
70
1407
227
4235
3936
5186
2368
2292
619
4157
2298
4275
3684
1391
3949
3563
5324
82
5257
5586
4862
621
5257
1114
2050
5591
348
5062
4123
3826
5347
3908
1119
1151
1823
3364
1405
3698
1954
2919
3364
3729
1755
2531
4775
5499
1545
1827
4486
3251
5009
2953
1793
3869
5129
1952
3808
3482
739
2721
5369
5384
523
2073
1727
4053
3218
1231
2893
4031
3707
1135
4670
5123
4877
621
96
1724
1623
4722
2968
4447
4288
3397
795
3928
4356
4063
4496
459
324
2566
1420
3261
2255
4482
2035
939
5093
5401
54
4886
4603
768
4703
2770
3699
4718
3087
1744
50
4830
1814
4277
2179
4626
3695
5422
3972
2551
232
4066
1904
2923
4865
4692
2834
20
4787
2503
217
5311
72
807
3630
3505
3312
3420
2109
2171
2812
1665
3121
1484
2560
328
733
4690
2563
2572
4581
1360
4430
2534
1708
1879
351
2026
3704
2000
2174
762
3864
3348
4076
4046
1852
2463
686
1857
525
5343
1349
1656
2349
492
4805
2371
3895
4753
4204
1601
863
4487
1967
2288
4697
3080
4757
5432
464
2867
2634
1739
1245
860
5410
5498
5216
440
4204
4801
2661
141
4283
2778
5162
1270
3896
1149
3117
309
5486
401
475
1419
2612
5539
391
1058
573
3663
1181
211
1039
5095
2480
3124
4286
5147
1976
2851
771
280
4619
1445
289
4927
3776
280
3085
714
1046
192
3077
3715
590
1115
1221
888
1341
4790
1251
936
3398
4078
2847
333
2582
509
637
30
1014
4004
1265
2829
4236
851
3480
2178
4959
1735
1692
1533
3763
5476
5426
567
1832
4536
1160
2692
4455
2027
4941
2479
395
5249
2265
2013
1077
5558
4557
2956
2368
2666
2024
669
5188
4076
4855
5288
3086
3498
2236
2904
3227
13
1904
3238
3061
1206
385
5380
1787
1320
4547
2820
580
2165
2203
865
4448
2500
3109
2812
5051
3990
1089
3157
2159
3818
1493
3797
3958
5077
4184
3250
3721
275
5524
5126
1854
4442
3975
3619
138
3171
5484
5048
3447
5447
1693
1278
834
1438
1349
577
5570
4614
2578
1242
5425
52
2036
1104
3827
5487
720
5294
1262
4453
2961
3204
2661
5247
5046
1734
4710
4924
5393
31
1492
1826
1368
3302
3782
1914
58
2632
3766
3956
2056
3300
4064
4598
922
972
3169
1946
1101
521
2878
684
2961
2908
5169
2224
1062
1572
544
2356
1263
2709
2418
4358
2422
2681
2810
775
1908
2303
3902
5203
5042
2049
899
3194
312
2
3768
2082
4161
863
3107
1776
909
1416
35
606
3210
2052
5466
2782
3778
1994
1305
4927
4862
2187
3293
1020
4473
2203
3601
4628
4718
1835
4903
4832
192
2582
2499
4125
4160
5140
4711
4386
2585
4612
3135
2849
1770
3554
725
472
5372
4538
3960
4395
4728
5359
877
718
5534
1230
4204
871
2965
4636
2061
4615
3741
5512
4854
4831
4487
5048
4486
3772
1664
1060
5162
3405
2630
5293
4054
1391
2669
3814
929
4989
2255
1723
4917
4572
3000
4319
2543
1040
1636
4989
4000
3057
1178
256
376
1064
2149
2741
4347
1421
4730
2866
2108
1539
2986
602
102
852
3547
4220
3623
3547
1283
4958
1823
4519
5031
3901
2951
1069
3780
474
92
633
3733
2738
1535
180
2307
4897
5307
89
3323
5554
538
2292
619
1294
5237
4661
104
4305
5
695
304
2180
3576
3788
138
412
88
4313
4552
462
3120
4589
2253
2879
1988
1055
198
3156
4333
940
3971
3047
1998
3543
4876
5526
314
2188
3815
2686
3526
910
1177
2602
3569
5062
5599
3985
1222
3566
3924
1600
1494
1260
357
1149
376
849
5216
2207
2115
5022
4100
2427
1338
2789
3783
5365
1406
4161
3541
842
3051
5515
4216
1608
3539
250
4351
3176
2242
227
4963
4170
5154
5289
2978
1212
4462
2827
478
5377
5502
4079
3271
3593
3811
488
1662
644
5552
4698
2491
4768
1585
3673
1425
4639
2379
5221
38
151
1670
2221
847
849
818
2010
2477
3882
3244
2275
915
2705
5293
2055
5278
4013
4555
4813
1788
5057
4057
4854
109
5567
4435
2577
1500
2915
1621
1883
2650
4375
5424
2394
3205
5505
4761
1741
4268
4032
1177
4333
5342
2674
3212
214
4803
3259
5337
3503
3846
845
3877
3199
2581
3262
2392
2425
2456
1606
1137
4184
2813
1936
3782
573
3288
1743
1117
3048
5333
250
346
25
2276
1581
456
4081
88
4396
5225
3059
5248
4302
818
2853
4674
171
534
2871
1443
1323
3190
732
5225
4624
1588
4709
1298
1770
2494
883
5091
3411
1660
3134
1741
102
732
4646
667
2044
5248
3011
331
5061
2186
3133
4559
5386
2103
3033
5071
4738
5379
450
582
2137
956
4004
4305
3814
1660
4745
1018
42
540
4528
4030
2385
186
3208
3682
4725
4915
3651
2683
5085
1979
1211
1043
181
1798
222
1825
705
2778
240
1501
2715
5348
4712
3841
2685
2090
3823
1227
1357
3902
1849
595
3119
5494
958
1725
452
4283
4406
4368
1745
2384
4811
4266
2744
5432
3051
3597
1502
4422
2846
4742
2432
356
5279
5572
4233
2910
4020
2172
1620
1567
3954
4716
1526
2911
2623
5181
309
245
418
1110
3877
3582
4427
2423
2805
595
2093
5062
69
2866
4069
4099
4649
3509
2276
4345
2761
433
1929
2768
1062
4388
2948
1007
165
3565
655
5384
4210
4967
1427
2631
4502
5378
1531
1466
3839
3526
4413
3518
4744
1207
1149
2978
164
5190
901
4792
3509
3662
3018
458
2051
3502
5323
4606
3444
4995
4740
2506
4380
3441
950
104
4700
710
1766
2494
5173
4325
1262
4948
894
629
3207
1906
1779
3746
1884
5285
3220
4760
973
2020
2613
4476
3168
2176
1544
73
5258
4846
4624
2416
3320
3697
3046
4765
2369
1946
880
2073
4105
1226
1342
156
5464
1884
5505
3251
4993
3420
3735
668
1060
1787
5534
5579
3141
3840
3513
316
2221
926
863
931
1360
3781
2544
4977
2101
282
1676
5323
2341
5029
2549
1895
3916
2932
3290
4803
1947
4178
12
4391
1925
2538
3193
2860
1981
376
4037
81
179
1601
474
4053
5457
3344
5293
2025
2543
4438
2079
4558
2382
488
2377
1931
4680
4419
3951
2077
2378
2151
4539
1771
5129
1575
1657
410
5397
3824
1541
3105
2114
1161
4191
1000
2937
5401
2849
1840
1152
238
3774
3010
4556
3170
3463
12
1383
2130
4136
5583
3405
1847
2876
3268
2162
2214
381
4266
3307
5555
3797
2313
4011
5310
52
2901
5245
1091
4265
750
4821
738
4617
4959
2504
4242
397
3704
4890
3060
2202
3367
5074
705
1045
4140
3980
5243
990
3197
1904
682
1776
2427
4188
4482
1516
959
4134
5222
1159
3015
646
1781
4930
380
4847
5124
5171
147
3403
4457
775
574
4013
5181
2995
2716
1014
102
810
4945
417
4350
3777
2624
845
132
1657
1356
4800
3082
5481
1006
4051
2604
3651
2989
4608
4224
2053
4779
2029
2948
4824
1405
3168
795
2020
962
924
4367
760
4127
4673
324
2505
468
66
2019
31
4650
4026
4578
4712
2105
3600
2373
3960
3600
5523
5504
1607
4503
1988
5175
758
171
3615
2260
1119
1363
4427
2575
5019
3930
3569
4825
364
2553
693
958
1445
361
5521
345
4727
2645
5164
654
1399
3181
869
708
153
466
2146
4006
5248
194
3333
5373
1523
1409
4985
2607
2731
5456
2005
287
3082
4709
5094
1948
5562
586
3566
3192
4701
5446
1111
944
4744
3884
1110
1436
4656
2387
3008
4255
4186
683
2355
4681
4184
3005
4556
2848
5562
4126
3422
1563
2515
733
120
829
1232
3695
1744
2025
259
4782
4599
1762
1457
1899
4159
5586
3101
701
1971
3469
4013
4983
4929
1290
1884
4460
4343
521
1251
5110
3551
3705
4349
5369
4015
739
3187
3015
2592
1599
1922
2773
2203
4354
4280
1414
4613
5493
4053
4271
2970
473
4251
622
1767
1772
3583
2115
2359
543
1158
1975
827
4054
272
3801
3420
4766
5014
1343
3894
682
5053
1081
4154
5233
4016
3696
2776
33
125
5214
2686
2115
1099
3204
2193
248
4396
913
3975
385
2606
907
5439
5563
1761
4755
2797
4807
4948
2806
4735
253
4194
1922
1454
3251
1437
4858
5010
3671
667
5171
2202
234
4185
975
902
2901
1291
5397
4546
3214
126
3438
1903
2958
5057
4508
264
4225
4550
2495
4005
1399
1540
1566
2879
5027
2451
4657
1808
2566
4512
2846
4565
3105
1292
200
2520
4343
1650
3889
2983
4644
1748
1009
5549
2668
1637
4343
2359
1295
5440
4502
1742
2807
2130
2174
3399
194
129
818
2034
1851
4095
1798
5057
2653
2596
1661
18
5246
4035
3820
3808
4209
5089
1858
2491
721
619
1768
5252
3489
1983
4963
2598
4576
3692
5236
5178
3540
1136
746
241
1956
129
4061
3527
1608
313
2640
819
65
1557
3360
2970
2746
3752
264
1832
3074
2885
4369
3240
3986
268
5197
4626
3438
1594
1388
3847
2004
5338
1406
1967
2274
3416
1772
676
222
2309
1724
5068
3249
306
5230
2887
3929
374
1593
5022
1500
4291
3382
3136
146
4844
3602
1479
2807
3914
315
2914
2911
1105
3315
4842
1093
231
4406
3208
1791
1769
4840
3535
490
122
4599
4816
3413
1093
2677
1032
3324
3846
2979
2768
2605
930
807
2361
4566
1734
4445
5098
567
3779
1041
3688
2508
886
2909
2749
678
1619
3526
2866
4375
2553
3656
535
2364
1263
3848
4902
2444
754
937
408
5158
5210
4201
1364
2680
3778
5071
3481
2292
3655
3509
3232
1255
474
1719
3381
4751
1031
2739
815
2261
889
5007
1827
1994
385
2136
2127
4605
3148
5089
2646
5081
1465
1910
3297
3249
4930
2864
2784
571
2109
1098
3226
3995
2919
2394
4046
3531
2208
168
2683
3641
1021
5545
4169
3410
1480
1588
2729
4706
2165
1153
4948
3165
4780
5048
5198
4280
4600
2693
1044
3997
1306
4010
3450
557
4019
119
1159
2154
3245
1199
2646
2502
5131
252
3181
2131
1056
2143
4248
819
3044
4349
2976
300
4603
1702
2493
1239
2952
4792
2601
1944
2468
2629
712
1545
5579
5580
5284
3540
137
891
1157
2731
1137
1335
1126
4931
5047
3725
3609
1307
3863
4099
1062
4171
536
5474
2199
4979
3709
813
900
1115
5511
5146
1295
5385
1337
3510
3314
4424
1541
3206
1318
487
1419
817
4145
5328
3118
692
2255
3254
3899
1460
1860
5564
635
2226
882
4436
243
5304
2687
2628
165
2843
4317
1343
3772
1183
4362
5051
317
4285
2838
4383
340
2036
4993
2745
2637
1841
3670
2573
2451
4709
3220
4713
4591
1303
3574
373
2863
859
1864
2476
694
3210
2387
5343
1311
84
2377
1459
5450
4905
2440
3077
5595
4250
2766
627
174
4194
358
444
215
5231
3765
3688
1478
815
2617
4718
3491
5279
1016
5481
232
1369
1974
4168
4881
1100
3689
4086
3336
3284
4315
4024
3930
1689
1958
5185
5239
1092
4475
2472
2323
2373
1174
4842
1731
4125
2310
916
781
587
3015
1042
820
342
2671
1923
4881
2876
1444
4878
5294
1598
5214
2699
1602
1849
3067
4934
636
3695
1235
3814
3013
5531
4963
1643
4101
3947
4854
4589
1309
5469
1245
3670
1619
467
1287
4755
2621
1107
59
3600
4905
3907
398
5115
3916
5438
445
3751
2212
1789
1851
1443
61
70
3863
4691
481
124
4538
2579
2965
2929
3757
2677
5112
1943
4796
5213
3388
4762
144
1199
4110
4667
694
629
20
4013
1085
5543
4297
4918
2145
2915
2877
5543
3443
3925
2504
372
3152
5409
4146
5352
2218
1269
2592
957
4952
4206
4259
4884
1007
5081
5534
5429
4867
5272
4606
4999
4775
3128
1475
5428
3673
846
3465
735
3336
3988
4642
571
3457
1877
4384
3431
33
858
2698
3258
953
2000
1493
1087
4029
26
2976
2570
5319
5376
147
3264
5318
5512
907
2702
4520
3621
588
2561
4499
3562
2641
4756
3753
2040
2556
968
3557
4245
4296
1252
4660
1550
3740
3470
2629
3449
4170
1278
306
480
1228
4773
3918
4922
4577
3335
2771
4118
5551
1579
3695
44
4845
1761
1078
1116
3105
1503
3983
1964
5277
3893
3994
3237
4640
3256
3191
4298
2069
5595
3889
5534
4078
1495
5596
1262
400
3271
3927
2991
4335
2845
4436
2235
4576
3612
5086
4363
375
504
2953
2255
176
4664
2629
2359
1009
3185
3688
5134
3505
653
4866
1221
4610
2304
4540
902
4652
716
397
3506
1843
4013
3584
5054
822
60
944
65
3989
592
447
628
1563
4642
10
373
2514
1254
2822
1211
719
3551
5084
1386
2156
60
1392
2112
4225
801
2031
4059
2790
264
4748
4844
2122
4477
3491
4123
3696
2704
4782
4331
203
4074
3325
218
5575
597
574
1556
1353
2073
1012
2187
4570
5430
5522
4915
2481
5540
1438
4937
33
649
4766
2792
2731
4704
5032
502
4146
476
2083
1804
670
4340
786
5135
4674
4244
665
495
4005
3481
1165
4260
2439
4470
1310
1181
1109
4129
1886
405
5591
2494
4944
244
35
3464
3997
1690
5104
3374
811
4082
3530
2287
5527
5136
2545
2293
5192
1155
3435
1680
5582
3116
2540
3347
3504
3443
1944
5461
4289
923
1826
3233
785
2617
5428
970
3607
1380
4307
2697
3655
768
3902
5494
5505
4904
3286
5598
659
3955
4947
5536
5575
2537
4776
3592
1378
1111
3709
1629
489
2788
1654
682
2600
1976
1002
4597
2200
2346
4702
5134
1172
2181
5376
2275
736
2856
4108
4112
2597
3229
1347
518
2155
216
2225
964
356
532
1972
2280
4982
112
1778
3505
5326
4126
5338
3595
591
442
5548
4868
3308
1093
2500
4765
2573
5314
3366
1860
4847
4562
1708
4516
1448
3543
3136
3175
5422
4603
3130
1149
589
561
3606
4725
2322
3724
5435
327
4694
3064
4799
1409
3454
1533
5192
673
2574
2013
4552
571
2705
5327
1143
5179
2320
2143
4155
3767
4025
366
4721
3847
2930
3193
557
2958
1246
265
3414
1490
1627
3924
3034
653
1098
5542
222
797
604
1068
4797
1598
3379
275
2738
3980
4675
1535
418
5536
1059
4015
4471
735
1146
548
5163
3302
3087
1682
4974
274
4713
3664
1576
5299
5060
5026
2868
1570
3316
1785
3827
5079
169
4488
1569
843
4219
3125
3140
369
1495
4711
4137
4202
4707
3832
4303
289
268
2274
4640
3544
1693
4242
2887
4930
4572
4458
2561
5477
2352
1966
1319
2525
2155
2159
4993
2967
1693
1112
1473
4069
5148
973
3552
4685
3928
1673
845
2049
4537
3616
817
2824
1507
3327
1245
1597
4680
1358
241
4123
1409
4977
238
2339
1937
4298
2866
4541
3068
742
1422
3443
2929
4633
3411
819
803
1297
1310
3931
5091
548
1158
2861
1153
4011
1177
2473
3078
2660
3241
4748
2139
5371
2732
1938
5527
3572
4559
3720
2192
575
3210
4023
4354
3330
4699
5526
4380
4283
3848
5282
1356
1314
1616
3898
447
63
681
5036
5216
3050
4722
1464
3656
1993
1319
1043
4699
2928
2055
2077
1890
1814
5596
554
4864
4237
4620
1977
4780
2744
3436
2135
1284
3151
2392
1750
549
5292
418
5185
1154
2106
5126
2591
3391
1786
600
1323
3838
2975
4888
3904
3090
1077
2417
1034
5550
1457
4007
5503
4796
312
3340
1261
4227
4025
2967
2616
2810
5204
3693
2707
3671
368
5058
1839
558
5266
2273
3606
2838
1475
3858
2736
4124
2334
1935
5229
258
2334
4834
2713
4156
4670
3206
1928
2466
2814
3981
2727
3474
3241
5123
2720
460
168
4962
1638
116
3552
2998
3114
4417
1182
2632
596
1911
4650
4833
78
3285
5063
4370
3774
5075
670
5366
3770
4527
1197
1929
4654
4751
1810
1767
3605
1659
4703
5285
1775
1710
5134
3027
3639
230
296
4462
1901
4486
2665
5531
3253
4949
5017
4609
1361
5308
4846
1030
4892
3489
221
733
3869
3439
2989
4155
2542
1938
3124
3911
1263
5409
979
5195
3838
1998
4577
1400
543
2421
1346
5056
2354
4144
2063
2613
3514
5317
2321
3609
3107
4051
1819
3721
1681
3287
619
3386
609
413
4452
1314
2764
3606
5412
2728
1733
1562
1565
2384
2536
1393
2603
3624
601
4845
1623
3211
4593
1665
2190
3466
135
4611
5252
1594
5000
3191
2018
2566
4135
3704
4464
1228
131
1983
853
5584
1188
5422
4810
2299
1682
2802
1424
2210
5581
4577
222
5344
2974
2058
1781
3162
3288
3809
1886
2845
3822
701
1811
1658
13
1259
207
2547
2267
3852
2071
1182
2210
3958
1450
631
1186
636
228
417
1187
3457
797
3781
2441
4431
3852
4189
5580
4642
3572
1345
4102
5133
5394
827
5358
5121
3379
49
4988
2659
314
2832
2753
3664
1018
4928
3029
948
4649
5360
3119
2964
3748
1091
1834
735
4589
4369
2989
1519
3873
1231
2089
694
3485
99
2527
1698
4681
2022
727
1147
118
4344
3040
756
2813
3177
1867
184
4420
3468
2096
5359
3736
1462
3348
1334
1686
1297
1295
3873
1849
699
1401
3369
2820
4780
2008
1071
2713
910
4331
1246
4063
1166
4483
3116
1097
1989
5401
5289
3697
1109
4473
3345
5245
912
1173
2030
4589
2003
1933
1997
355
1975
4772
5483
3834
4352
3839
3617
5082
4266
3089
649
4020
229
3444
3586
5435
3208
2568
569
2172
4741
1866
4433
848
2965
1105
3365
245
2850
2559
1974
879
4748
1173
2545
3996
1425
5136
3846
2875
5131
4445
1192
3820
2539
754
3428
2537
415
1734
3357
3742
177
1624
5342
3425
5094
1611
291
3314
80
2449
3351
453
3236
831
4818
5008
5536
1102
872
3302
2958
48
2332
4668
4136
4472
1925
1342
5231
1023
736
3848
3587
4599
5115
352
2868
3243
2442
5212
800
801
569
4185
3020
786
4915
4403
4202
454
5244
945
102
5527
4928
5238
2005
2136
2899
2978
3495
5134
1612
2522
4478
2215
2719
2523
4440
3754
1166
1694
3784
547
5564
1784
2804
3675
2295
2715
4793
1273
866
2669
1155
1984
4638
786
3789
2200
4117
5338
5317
1282
4820
2048
2475
1374
476
4643
2937
4696
2523
3724
2345
3648
2579
5159
3670
1486
945
2505
1175
4910
1914
1508
3936
3658
5458
78
4111
5514
470
377
4875
1023
1987
1897
2570
3858
3579
281
4110
2401
2921
4792
3554
445
1350
708
3666
3938
2787
2355
64
4303
1305
2658
189
3868
2671
1413
5512
609
1455
255
4581
2398
190
4644
5155
2719
1234
4837
1058
4484
1673
5512
3834
1908
239
3450
3202
2099
2361
111
4000
2613
310
540
2532
4666
5293
4041
963
2302
3681
3779
1671
3758
30
970
1695
2061
5241
2977
1912
1487
969
5001
828
4138
4448
1902
3847
3772
4079
873
2449
2646
1510
4040
2382
3167
2298
449
2279
4503
3742
3269
4316
3548
5340
2941
3378
5027
4198
1564
1015
4780
1966
3252
2175
4829
1418
340
3995
5082
955
1117
5550
5312
5001
3393
3887
5065
1067
497
149
1183
2199
565
5069
4296
1487
3703
4026
3444
146
113
1857
878
5316
297
5360
2762
1933
2894
1028
3498
1978
4213
1533
3288
4709
670
4666
272
1855
4479
601
575
575
2389
1496
607
177
5127
899
2553
1720
4259
5121
5475
5093
1230
936
1623
3205
844
1043
2974
2587
2003
3080
3382
4528
65
4375
4882
1737
4232
23
1297
840
2262
899
519
669
2326
1652
2282
1958
155
4468
4182
5290
4812
2850
3910
1798
3130
4176
2633
1360
114
2583
2310
1535
3169
3604
2020
3550
3704
866
506
2675
1617
725
104
5416
104
3687
3917
5172
155
858
1009
2256
5040
171
3644
4043
3829
3967
3134
2250
1156
4393
4049
3447
3325
455
3415
398
3098
3968
1639
89
2942
5201
312
2001
2006
1126
3634
3531
4557
1548
3214
4054
2400
3684
2510
4755
993
2921
1507
4312
3482
4353
4632
3698
3685
1823
5004
3907
3677
2471
607
4498
3648
575
4817
1987
800
1067
636
3109
2333
4455
4867
411
4806
451
823
5084
613
3612
2938
291
2223
5153
2424
3820
553
2257
1146
3066
2206
1498
2615
2962
4745
4580
3167
2257
2248
3700
602
1268
1079
3119
5104
2282
4248
4010
1803
3806
577
3620
4245
615
5491
2931
258
1488
3198
292
635
4560
825
1260
1981
1761
4433
3947
1287
3132
2709
4465
1240
1725
1266
2276
851
854
3166
283
3814
522
1202
5034
3062
1038
3925
5221
576
2593
2806
4084
3754
4039
3922
2502
2803
3579
2425
1085
2208
5
3201
688
5003
684
3538
2555
2671
1969
2428
3086
677
4835
3568
2121
1973
497
4354
4024
4569
1170
1505
5082
5493
1384
3452
2368
339
1473
208
4953
5357
740
3966
4960
4210
2559
403
577
985
1757
5123
1204
4989
3716
896
5033
3174
823
4744
4446
70
2396
2897
311
5440
956
4
4211
4145
4707
2343
1992
655
4978
5426
1456
494
3956
1885
1860
4723
4009
5565
4401
5103
3283
3014
417
715
5234
3172
4953
2403
5101
4121
2694
5155
4198
663
1645
2173
17
5011
5080
1262
4925
2037
3326
848
5055
3081
810
2514
1300
2088
2483
3794
5123
408
2586
2433
3074
1913
3284
3937
3434
3619
1066
4877
2658
3474
1133
3000
103
3331
1350
2052
2972
4236
5181
1881
423
2520
4964
119
1118
1894
3159
3079
1869
2076
2599
863
5466
2397
2122
4307
2178
4030
4618
4596
1500
3685
1081
1133
154
5034
1657
1042
2224
2132
5277
4197
1178
861
1536
1917
2910
4588
3003
3124
83
1885
1516
3315
3812
5315
4329
2867
2835
5451
4252
4953
2339
2948
1614
271
4828
4731
3146
4710
3301
276
2017
5275
3598
241
1524
2269
1996
5395
4533
2399
512
2385
3703
1182
5456
1101
56
2178
4709
4064
4177
4158
2472
1495
4803
355
116
1932
2135
2499
5527
2110
3005
1031
3322
598
4125
4706
2605
3528
1311
4708
759
2210
5530
4766
3000
3111
866
1422
3988
2523
4283
60
3378
3882
4909
1860
4656
4892
3895
2755
3825
3148
5098
3172
5049
3177
4635
2803
2125
1975
4200
55
5500
4454
2930
3032
2067
898
4855
149
740
4853
5544
4660
552
9
296
1323
1080
3498
4275
2668
2075
3639
5470
3992
4922
3161
4820
1553
2817
1701
2115
4981
4942
4847
1855
4324
3683
5150
1553
1079
2915
2695
3923
4844
1517
3978
2960
1772
3296
1135
574
3256
3729
370
2710
249
1265
171
3165
3130
3680
2470
4693
2306
5310
876
5102
3102
353
1204
2058
60
4597
1782
1839
2151
2670
5476
3451
1081
3910
1346
5437
2282
4261
4375
4561
4998
2160
283
250
4383
189
3280
3100
451
2069
199
2801
4369
3380
2041
330
4384
4014
601
2867
4356
4810
3516
2250
4219
731
156
3931
4139
598
371
2361
2668
5230
2266
662
1834
1114
2607
57
3643
3745
3468
2896
4410
3130
4658
3030
1682
2188
2205
451
4234
1636
1389
2108
1953
5246
1098
2787
3574
1605
1106
905
2325
2423
801
5155
4565
14
4934
2703
1317
2450
4090
5221
1142
4453
5534
2354
1255
4986
5397
5306
3037
2586
2292
1752
997
2602
2184
1522
2867
4551
1841
2131
1117
3932
3874
3728
2228
1819
2400
5488
5534
4237
4357
1963
4819
1142
2302
1924
5189
268
3490
5276
1508
3502
2823
106
498
2540
3909
3389
299
5493
2528
5083
717
814
2480
1012
690
3908
236
3900
2722
5424
2565
3708
1531
1047
245
579
1863
852
5329
3465
1822
3471
2636
1087
4891
4894
3858
2189
1340
1665
4414
3866
2696
4114
2511
846
3304
1991
1510
200
4856
1779
1997
1079
2762
694
3429
1749
1408
1912
422
4312
4239
4294
5156
2577
2904
4224
5593
5565
4831
676
749
650
4588
3519
4136
3540
2097
718
2052
666
2539
1788
1713
4348
494
3187
4432
2533
647
1627
2828
13
576
2284
3302
1005
173
5425
3259
3785
1659
3593
1709
4496
2804
2137
5354
1570
3478
586
2262
1147
2563
2839
4319
842
334
3218
1561
4456
2284
2801
2782
3514
4639
811
662
796
2597
3474
4974
3749
3764
896
261
1161
3804
3144
5352
4293
2785
4507
4372
1421
5285
516
2660
3366
1826
1766
1844
4503
1034
3612
1029
1273
5026
3907
4560
1477
2859
3205
3154
5413
3304
2
5002
3691
2471
710
640
3707
5264
1359
582
2330
689
1538
3642
2101
5156
977
3676
3957
1311
4255
4964
3183
2476
3127
4368
1419
2919
1420
5380
5155
1649
1811
423
294
899
2950
2842
3592
4674
5275
3475
2931
3350
3911
4110
3767
4762
230
3639
4957
3666
1623
3944
2004
2254
961
5001
5188
5355
5197
2176
4674
5568
3987
3517
1361
2021
857
1720
3534
3862
2623
2430
1531
663
2438
1550
4315
625
4162
3026
113
2452
4156
2684
1360
1044
3131
4274
4785
4649
858
955
1190
28
946
680
3548
2112
4364
3095
5395
3812
134
1839
1537
2252
719
4452
5429
4357
672
4520
2894
4697
2493
1615
1538
1738
407
4456
4221
5394
5484
2536
3815
3127
5347
3775
670
4828
341
4161
2851
4517
5356
4867
4874
5231
3634
2703
410
2093
121
1086
2385
116
2755
2685
3330
4071
1163
1471
3531
415
3172
3340
2782
2500
528
5559
3437
1875
4746
3970
192
4217
3937
3379
1766
3847
1427
4955
3064
3473
4123
4315
187
1507
5559
3673
1144
3640
3558
4295
3327
4478
2193
3063
3402
3698
2631
1243
410
1565
1746
2495
1014
4989
2998
3949
943
4649
5373
2531
2970
4989
3617
3382
5283
3101
1534
5477
2085
1816
2743
3811
1233
4466
5161
696
2539
4304
835
2431
5375
4899
3296
1794
1842
1743
4881
5174
2962
4233
992
4720
3408
161
3368
4742
427
1735
3003
5144
1204
1233
1704
3262
3897
570
2928
684
1875
413
4434
4714
3349
1320
5252
3787
1562
3452
1502
1009
209
1455
1099
3997
4815
3800
4438
1409
1262
438
783
837
5373
850
3046
1896
172
1503
917
4997
5360
2223
5334
1293
210
3745
1708
3433
2119
5508
4486
5094
4304
1252
5359
3356
4887
3263
4299
2175
1810
259
2768
3132
3250
3
4042
2203
4483
4115
1238
5527
2669
2034
3811
3291
2678
2912
278
4442
3852
840
5208
4916
1205
2631
2219
1565
146
845
1953
4277
4426
2443
644
3937
3868
405
1619
5216
2556
1575
5180
1573
4211
168
1380
239
4127
3265
3418
1269
4
2653
256
2124
2475
2397
4639
2764
5425
1216
1228
1660
2919
1998
3394
2877
1490
213
2577
1710
4803
2358
1725
4104
378
5327
3933
2246
5523
3055
2677
5017
3961
982
4704
751
732
2690
4330
818
1864
2449
3882
4870
3355
4190
1086
4955
851
1031
2016
521
3792
577
243
4715
4806
1927
5436
5599
2535
5344
471
3920
4591
1711
3805
1915
102
4132
218
2481
4985
4187
3686
4737
4240
4595
5426
2077
1598
598
2142
2945
2627
3832
3493
4996
59
2368
108
844
4113
3612
3705
5064
2149
4710
296
4555
932
952
4279
5014
3367
2567
4329
3269
1711
5581
5043
649
651
788
3921
4264
518
2236
3765
2660
628
1052
3598
4773
2531
2817
1627
5250
2281
3230
2421
2991
1196
4300
1309
2222
314
2788
3367
1576
4282
3215
389
168
5519
5501
4421
3002
2298
3357
5412
3532
3666
94
1842
4680
5297
5541
623
2401
1501
3491
4397
4898
2451
736
1864
5115
2103
5087
1342
5351
4983
4203
4294
3111
2818
283
2451
4756
1248
973
751
2035
4936
1364
1034
5264
395
3450
1193
5405
1666
1459
5222
3834
4430
5508
4194
2532
904
1239
34
3612
2964
3126
5239
1879
213
2552
4220
4077
726
3262
953
5256
642
3445
5568
706
2618
1401
427
1022
4923
2005
4144
1534
2197
3527
5185
4027
725
2509
4040
2105
3350
162
192
4152
3746
118
5450
5452
2273
5301
1949
5041
4227
1602
2205
2485
4477
5158
1530
3255
631
2508
4272
1325
1694
3498
2346
1876
4056
5032
2115
1730
2479
5476
1843
1463
5510
3159
2380
3952
1858
1460
2087
1056
3588
1824
877
3719
478
964
1952
3527
1340
847
2694
290
361
69
4670
4117
5111
1633
1998
817
4357
511
147
1753
2754
4889
5448
2060
3154
221
1916
3184
4403
4674
5579
1153
4206
4600
5440
642
3506
2497
3093
4373
3682
1967
883
4227
2206
3498
3993
123
4417
4070
1190
3459
991
1331
1967
4181
1054
3672
130
1839
1373
5388
101
174
2116
646
2421
2506
5132
3517
1687
1864
2255
1110
5070
3048
3168
758
479
993
4274
3642
3266
3187
1576
4769
1767
3532
2920
1976
2894
2193
4037
662
1722
5573
1790
1333
1401
1798
3073
1936
2068
5560
279
3233
1118
5495
3429
3916
2319
3399
2490
2651
1182
28
3324
1247
939
4083
5211
3878
4952
4770
107
4757
1448
4702
4284
4127
4141
3693
2957
1224
998
148
4068
2229
5463
5276
1027
2032
1732
4047
4943
3350
934
4228
1470
4803
1877
4600
5595
5558
2670
4537
1057
2803
4576
3870
3811
2790
4712
3057
4867
2144
4975
2021
404
5388
1904
4267
4125
5362
3514
2353
1385
3516
4498
3715
2601
4266
3016
1951
4436
2679
1126
2075
899
2919
3723
4240
3258
510
1011
4676
3190
1822
3599
1157
4663
4271
3506
5103
1980
4993
1266
2204
3035
1659
3222
849
5414
2488
1201
4051
2506
3364
502
3227
5279
3871
686
158
5212
877
1712
3586
1353
4282
4253
4055
2914
4672
5451
2085
149
3600
1474
1905
5045
2138
1112
206
10
4074
4964
4460
3778
1202
1716
2702
2713
5578
2324
1170
2690
3393
3732
1939
1985
3742
1976
5144
3154
2674
3402
5513
2192
582
2195
5114
3372
1377
1466
4887
3839
3593
1484
321
2819
2226
1921
5222
1536
4196
2160
3208
2909
2927
5219
2479
1573
1431
2798
617
879
466
2612
2781
4716
565
432
2769
716
316
1807
5245
550
4350
1663
3619
4849
4950
171
3393
4075
927
289
3311
655
2291
2872
2194
3468
789
4083
4328
1852
1277
1443
4865
4644
2574
3482
3283
5409
1961
3348
4884
4276
5078
1800
4794
2509
3233
32
5026
4411
4750
2700
3826
2139
2844
704
89
4478
3018
2247
762
4772
326
4504
1511
55
2983
454
4739
2829
2485
1534
906
632
500
3413
780
5466
4636
347
3871
3434
5149
2573
2776
4568
3151
4136
667
2000
5381
267
3518
386
4111
1467
3914
4706
3081
4430
5289
2392
1544
4736
3286
1879
4481
97
2893
3736
1913
2266
1228
3494
5307
2285
655
5454
386
2384
478
634
1505
5234
4233
4031
4808
71
5115
2368
2267
3927
1010
1565
1958
4187
3135
1967
1731
4552
534
4095
4378
521
3157
2882
747
5181
5433
50
4183
2240
761
5276
2754
975
2743
2739
3258
343
402
1344
1204
2467
2957
2414
3946
1548
3519
3971
452
335
1599
2221
1321
2488
661
1558
4725
4257
170
3970
3509
2897