6176
15333
11367
3547
10384
7035
15223
3297
15812
12276
12147
4203
7802
2047
6422
1119
5969
1670
4107
13940
3890
930
4416
15633
7426
12160
10941
4728
15520
15626
13785
11203
14483
4460
3373
9745
5724
15504
11689
9354
950
12721
15533
6905
15936
15041
8912
13898
12365
10451
9734
5606
15775
14894
2204
10367
16078
10000
12019
6235
7712
7244
5322
13456
4758
14198
8303
16366
6281
4757
9948
6476
12145
14432
3826
6608
11889
10951
4994
2021
3736
3111
12284
15667
2327
15095
14261
12295
13029
14609
1537
11236
14184
7359
9869
11942
7158
3049
12205
2629
15119
9429
15320
14185
10471
612
4429
14373
11318
7467
6722
10704
653
11822
9208
6322
13186
5414
2943
3458
5664
9868
9995
9409
12204
5326
436
3407
3402
13620
816
14494
4268
13707
14036
8611
9233
322
14166
15045
9403
10208
11097
4815
2728
4225
14092
15079
8322
1946
66
62
11415
1679
6218
7765
14002
12707
12
7349
7813
8860
14407
119
4363
4845
1025
1263
10364
1219
1697
15929
3900
9476
2503
13191
1095
2438
14696
6004
6924
11679
12493
15252
9973
3381
13436
6038
6525
14284
9005
1643
10220
8223
1375
6813
6745
5598
3202
1161
633
4183
7904
12415
8210
15437
6943
2717
15020
1953
570
3519
252
14908
10104
12931
1316
12906
2036
12410
5385
8798
14927
11400
11450
1986
7641
1267
11215
3508
9905
1369
14125
2407
15297
13506
3163
399
2849
14918
2984
15435
459
14382
3814
4999
1531
9197
11795
11319
11816
12795
3029
98
2824
9891
2660
10056
1537
10841
14966
994
11451
6840
13513
2325
14284
14554
12616
4120
10886
10316
13022
2656
12112
5599
15771
12745
5822
826
3149
10236
3353
15871
3810
15136
3701
13972
2848
8438
10257
14147
7766
4239
8349
6794
10038
8798
10165
5757
4592
3705
11482
11679
3226
10504
14791
6725
2771
3014
13321
14561
7587
12410
10938
12680
10055
5512
6379
3761
10344
1396
7935
12156
14799
9275
6188
11664
1622
150
2474
12880
7288
2703
8195
3757
515
4299
12407
6892
266
12192
3774
11714
12441
12023
15002
2953
8504
10609
8842
4373
3099
15587
12125
12553
9454
7776
6653
12009
15604
15357
10423
16256
2564
4203
8025
13605
3333
11763
14626
14075
6091
10580
4062
3090
6724
3781
2903
7229
11297
14703
7564
5263
11172
636
6231
14783
13324
8252
10048
11190
12240
4128
15292
9879
12222
13151
6310
7817
9565
3360
13079
14928
8760
8888
15260
4349
4797
11950
3025
2261
1826
13125
13331
3252
10420
4915
10181
5831
4420
13941
11824
1051
13277
4423
5837
10435
9224
12467
14526
14231
3694
10046
9161
2108
14539
8442
4554
11247
2636
11985
14622
11
1711
12458
7830
14733
12727
9246
321
5416
980
4698
4386
10492
1571
2991
8038
2727
6572
7963
12554
11442
6970
2144
8355
3382
1488
5346
6585
13337
15399
1965
11519
169
9364
11693
2983
1417
2537
12536
11568
6198
2577
13022
5894
13818
12932
1289
7664
12381
4270
629
725
2017
12283
8893
2450
13658
10309
9565
2230
9006
12524
2943
14193
16283
12398
950
9949
4399
9306
134
3897
7805
15674
6969
15323
8191
15155
754
7464
4335
772
1289
7746
2024
5337
111
555
10100
5384
1933
4930
10184
4621
417
9905
8978
14090
188
8209
987
3419
9776
12604
814
2359
10353
13294
14326
8453
4439
11858
66
13808
11773
9046
7545
3156
13466
12558
15041
4063
16147
881
15767
11942
6449
6506
4602
7763
8968
15739
9943
13150
6801
14889
4801
5950
13543
12671
8587
8143
3464
16430
7882
8944
3743
9418
7671
1037
15274
16250
10687
1361
3250
14360
2448
5689
10025
7343
5433
13085
12215
2135
3997
14408
2366
1941
12204
14721
13431
7419
11385
7424
9958
5557
9558
8213
13567
12419
7357
1317
9793
592
14474
15721
5495
15846
9038
10571
6852
4144
8203
12195
9701
6986
3379
7772
6749
12588
340
9678
1794
3002
7285
6308
7734
512
7475
15424
717
147
9250
3803
9958
8108
5726
10650
15267
16381
7730
9005
1441
37
11490
9537
1675
10008
7990
11710
6050
10265
15976
5260
13634
1181
5008
3143
15537
15882
15459
855
14819
8753
6225
10744
8438
15120
1830
7200
6153
16244
10169
1960
1269
4795
11089
15079
10183
15388
11196
10439
7327
13653
10073
7308
13077
3833
9790
3675
2044
1641
7204
5157
316
2035
2132
11926
13006
13743
5902
3705
4578
7058
2311
6031
9436
12557
14775
4332
6155
5110
14990
2708
12133
2455
8900
3730
2635
8738
327
13264
3282
2719
15927
9569
10286
5680
3921
9486
13458
11276
12826
4072
12353
7210
12772
11055
828
14865
1327
1582
1085
4663
1995
6334
15441
4563
12975
15184
8297
2798
11590
14404
16259
14677
5445
11819
15320
4187
8682
918
8880
1904
11578
15599
8513
14974
14606
10086
12905
10733
15184
2383
5729
4437
7515
3278
13285
15211
11960
722
4389
14734
7466
6137
651
8125
5719
8088
8661
8432
14103
1628
4000
4588
7753
3247
7992
6062
8928
11701
7211
2934
14196
14336
13679
4456
8267
5254
9545
4639
3840
6810
1
6427
6573
8947
13015
14473
10581
3441
7067
2518
12110
14257
13665
12459
14402
13877
14991
3179
8396
3896
12039
1689
10020
13531
13804
8788
13529
2946
7966
6070
4657
14519
8202
13746
16481
9825
6895
12596
12078
13337
10802
13996
4660
14946
4516
8896
12038
15593
13620
1311
4841
1227
9350
14900
16067
5577
11819
2479
7538
3302
10365
6240
9485
4659
6476
2537
10559
11882
5444
15941
12286
1238
12548
14669
15847
15612
3964
10136
2844
8456
15450
6879
9633
3978
2580
7290
15434
1860
9844
12145
11283
7876
10690
1867
122
15573
12061
11732
4665
1737
3760
3460
1146
9652
5883
2160
3429
8739
3549
12394
747
4113
1065
13513
5860
2610
8770
15920
12856
10141
4765
10811
16418
14177
5398
13581
13741
2317
12470
7175
12021
14058
13914
3404
15233
5740
12384
534
10698
14590
11395
8023
14195
11653
15374
9633
10079
10488
1804
10558
11476
16126
10189
12802
9116
885
9033
16
11755
11565
5095
3660
272
4908
2097
1785
5401
8153
13224
16471
2772
1172
13468
2413
7488
8653
4771
197
5206
3654
877
4378
12337
8143
14531
3483
13978
11742
7397
4421
15485
15717
7069
14045
4620
14239
9550
1299
8900
6140
9381
6338
14585
16194
3864
6517
1447
8223
16366
5572
8429
6414
12666
10685
3906
7119
11970
2637
14832
11189
3289
11102
5992
15789
7931
14017
14957
6182
2745
5912
9643
1787
6855
15158
12883
12647
3928
3024
4319
9445
169
5095
5998
954
15289
9087
1805
6578
5762
14982
7478
3966
8975
16035
14069
12884
10854
7716
12731
15526
6027
5455
10314
13217
2572
8092
14608
4305
2909
12677
11937
1066
1199
4684
11809
12514
1074
14526
3653
9470
13566
7990
13692
298
10146
12323
6127
7284
5795
5187
4618
2765
9117
2454
13340
13090
5274
5254
12429
7333
12063
1146
14731
11022
14539
15669
5317
14733
9651
3771
15916
4853
3733
1853
2889
16080
4522
7274
2762
10293
5086
13347
1782
5010
979
5252
1265
3781
11153
8514
1624
2155
14430
2440
12151
8431
15546
1572
15874
8588
9870
698
4642
14010
370
1267
15514
3994
16125
14004
3749
15490
14525
16205
5369
12013
2010
4866
7030
10049
3511
16372
10066
5920
11587
8312
5930
4138
14151
12130
10542
15676
3802
10958
8706
11156
13735
3354
4030
14456
6725
16194
15154
13810
10416
306
15833
9589
4355
2260
13357
15517
2923
1293
4331
11620
4195
7977
11922
9892
11987
11021
15172
2693
7609
2466
9806
10202
6044
1286
14824
15488
5274
2577
13371
1610
624
6436
4008
14455
4793
8529
14758
5972
6526
10138
2838
6454
6235
4655
8957
7469
14697
6210
10080
2090
1049
4561
421
11491
6222
4242
8957
13122
8933
12616
8813
960
11312
7860
14989
1309
4358
6496
9456
10283
13048
11059
15985
2393
2813
15193
10316
9387
9984
9493
12052
15415
9128
13711
1157
4643
14918
11996
14235
3803
5002
1959
10955
12928
2045
14201
2344
8623
10559
5571
995
12696
7931
381
4438
3633
8224
3940
6255
4033
10757
3567
10086
4930
12889
10528
8170
10893
14089
2439
10382
12214
12331
2666
9866
12382
3032
3662
15638
2418
4381
9852
2
4375
3530
3912
13663
14440
14506
8682
373
13140
10759
15466
4022
13222
1250
6333
11237
7647
4380
8875
3067
3612
11456
5294
15055
4035
3339
6569
41
10442
3577
7044
13179
2576
11238
521
3166
14969
13047
7269
2120
8654
12080
12165
12769
10123
3503
2006
6042
16029
4473
4153
7021
2853
7324
6543
12197
13740
15092
480
4782
7532
14624
7693
1970
13581
2288
2660
12186
9183
12500
4756
11296
7312
4077
149
11512
909
11186
6759
12852
8750
14751
8685
1704
5898
1254
7312
665
309
8743
3869
4321
10227
15473
8644
11417
1921
16044
6607
16242
13388
14445
2818
15008
8846
1781
12604
11043
12568
4879
667
1224
8838
7058
10534
10100
7946
4241
9871
1601
14547
6914
11516
14317
15639
12110
2991
6371
12762
9139
1291
10960
12864
8652
7273
7851
8241
5972
13839
1405
7001
7928
486
14867
5509
15585
5553
798
7308
14671
8072
3820
1807
6955
10624
7183
8232
13089
8889
2079
5548
2839
867
10701
2526
6910
730
1253
15031
6414
16290
11783
5025
6183
10873
9797
7333
8433
20
2133
1185
7063
10965
5421
4359
10016
1478
13798
1389
5756
3031
4363
12145
5747
6508
8047
1360
4687
5551
3483
2696
12887
6583
16152
12766
10033
7538
2674
7780
2846
9027
1605
3231
12148
7717
9145
11536
6359
15321
13950
13728
13629
2808
2712
16451
5447
15596
5178
12662
5138
2612
57
5864
15611
15068
6538
4654
2150
9306
4079
4978
2643
12897
14312
7910
3234
1229
12630
4837
15560
12777
2453
3619
1316
2959
10165
2267
7538
16411
4791
10517
4253
6701
5533
998
12088
391
9354
12090
16344
10902
403
2914
14446
2825
7696
6007
11763
5035
13572
6445
7573
5827
13370
11395
10322
4441
12744
10713
14804
14051
5334
13555
175
13801
5733
10256
9972
4311
7523
8180
11885
1577
7649
3831
3810
1925
9807
13035
8001
3534
15684
11100
3022
11901
12846
5136
7076
12172
16044
13036
1490
9104
10607
1890
9832
15735
14060
13274
5958
9062
13146
5469
11311
8484
10699
7878
10590
7089
9094
14638
2786
4859
16410
16329
4880
3310
15757
11042
11601
9238
7214
7852
9249
14032
13019
2735
7690
4141
14891
16168
15539
8501
5775
12767
11220
13756
9030
4986
8791
6011
5879
6692
948
6415
12001
8547
7217
12641
3792
8296
6384
16432
5393
14379
7620
5784
9319
12874
7396
9541
14779
1494
8658
6691
14265
5992
8823
375
11308
10759
4373
4812
9589
462
10793
9914
15757
9540
2450
1281
8419
9500
8538
9989
3669
335
14976
335
16324
16368
4831
9103
12807
233
9727
13317
2894
45
3595
7886
12681
5251
15764
10838
7838
5146
14349
15788
12332
16089
2292
8339
14471
14780
5446
16260
7249
12318
13588
919
2161
1220
391
1448
9771
9061
10073
12671
4440
11327
7449
12591
11885
7031
182
14304
8578
978
8511
4090
714
2033
13022
2818
5677
11473
10600
10859
2365
13711
10131
2952
15373
8233
2358
16357
5835
9724
7673
10973
13229
7900
14379
10470
5480
15828
7964
11200
8997
702
14780
9509
15219
5903
7935
6503
13912
1686
14985
10549
11051
10795
15487
9121
9581
216
12657
6677
3528
6242
5881
6973
268
6671
5297
851
15622
4308
7335
7271
1741
13756
7635
7233
10766
3878
14860
3660
10219
12953
6939
15901
11271
10659
15238
13929
13875
9664
4481
10996
15460
15557
14070
9536
10019
7421
5752
14002
10207
11786
8285
4372
3638
15271
1375
7991
11440
184
11908
7450
11622
729
15660
9100
29
11488
15811
3298
7116
4412
7897
441
4288
2
7139
4113
15379
13635
6345
10555
12825
4004
7476
2284
2482
1160
12533
891
13950
15504
5736
9077
3978
11718
3801
5772
7480
1664
16283
348
12139
2763
13571
9681
13475
8630
6714
5717
10391
1716
8942
14394
15491
9137
8770
1791
1808
11164
11765
10042
4254
3321
7829
13590
15484
4266
561
11131
11865
16259
7116
15922
1111
10016
11406
5944
13375
14231
16221
11116
13747
3590
14767
10189
16437
9461
7496
3799
12418
4399
5993
16194
14468
5025
8264
269
14971
10681
8557
4131
11045
13508
6647
13890
686
5291
11093
4081
14685
14972
6342
6659
15035
5476
11555
11562
4001
15707
1144
1262
68
6294
13884
2357
3102
6332
7762
6572
5911
6914
2665
9108
9495
85
7695
10513
9386
11282
2428
16365
3066
14950
2286
12409
5246
8799
11479
15473
7592
15986
10887
2653
9142
15929
9481
9588
14124
2760
13657
16106
9186
12047
6498
12777
2669
7647
8513
14927
9946
2757
2421
16118
6061
10255
12473
6999
10283
10834
2770
4964
15418
2788
15742
14180
5804
15924
9326
6071
10725
9620
1109
16161
7337
5589
5876
4496
5906
16421
3863
11778
8766
5061
6177
5534
1403
1050
6004
14393
3316
14954
11197
4986
7225
5646
10765
1886
11731
5151
5410
4503
16049
6839
4738
10712
6816
15469
1550
853
3396
10732
15268
593
10940
4355
15205
14915
8950
5011
10837
11664
14467
497
5814
4682
6556
6877
6319
14261
3203
6248
15293
15890
7716
4285
16151
2069
9225
3324
7409
22
621
5094
2764
14230
16428
7461
7896
13630
2289
9123
13414
6816
12813
7528
15582
15243
1931
5560
2675
2354
5847
7118
9104
15052
14078
5705
15777
10971
11124
12931
4748
1416
8770
15623
989
8141
14210
3004
10083
4447
605
16293
1918
9514
1222
4486
5809
14533
11902
24
2869
9779
11977
3155
10050
7409
11352
6816
7685
3570
15099
2567
1977
9574
10620
1252
5356
12474
15756
13610
1807
6738
812
8412
14513
16334
12180
14973
9541
6729
2526
8765
6129
10084
15180
14485
8317
9813
1108
2035
12455
4950
13570
6481
9430
12082
4686
8728
9335
15611
7176
9114
5609
5347
11500
16215
11389
9840
12926
462
7554
15642
13369
252
6425
7297
12930
1510
6774
11206
6686
14264
1597
6015
14841
13083
3951
989
6759
4989
6058
14145
15132
2471
12096
2695
10265
11830
12570
16227
4797
3817
6905
12003
8647
10535
4383
4410
13773
5537
15213
7398
15156
9107
4338
7212
8280
4538
10465
10685
7355
10620
201
4810
1837
10008
4239
14748
11110
10083
13203
12256
15127
2172
15830
14588
8075
13223
354
3927
6928
2227
10339
1254
1502
5010
7040
7737
3957
14597
14168
15937
2609
4811
13314
899
12192
15275
11603
3086
14348
3761
2423
9069
5791
444
2511
2111
16308
5846
13902
6042
2482
7385
14857
13578
9726
14417
13980
3126
3318
12929
12267
327
764
10722
8329
12165
14882
11891
2052
8414
10250
10641
353
12742
13822
1062
12853
6037
14508
1206
10765
5451
14933
3597
9496
13921
7809
3859
14070
7377
2879
15364
7940
9352
12328
3504
16301
8026
12384
14811
5340
831
348
6710
5788
14067
1406
5553
7337
1401
4924
6156
2265
10801
7172
5438
12911
12234
11672
943
3322
11715
15287
3453
7236
11083
10231
7330
14951
7056
10845
13300
14687
15765
5056
3571
11526
3037
10638
10242
384
204
2103
12984
15321
14323
3765
9243
10332
5606
12546
2939
412
12952
9750
7949
3408
420
1600
13981
15970
2193
5899
10956
10641
7766
14551
1968
12614
3104
5057
6925
11474
15598
1446
12609
2070
8292
1392
973
12880
12232
3249
7797
12936
13727
4202
9340
13081
15312
16424
15478
11818
16362
13385
4699
15489
14581
6965
4488
14104
2084
5029
10051
13768
14021
3990
9083
9107
11204
16452
12704
4430
8870
12073
1973
12140
9534
3144
16416
13148
46
6136
12759
9116
10131
14551
15451
1255
11390
12005
14521
14752
6669
4726
12361
5654
12046
4919
8196
5975
1505
14467
5746
13699
1638
15144
4364
14311
4221
2820
3170
8002
2420
12369
12401
14863
15300
9175
9398
15240
5484
11435
799
4285
15728
1443
15562
3606
15282
6911
5765
4576
8831
12590
1329
15463
10016
13879
16300
1090
3261
6982
9817
3087
16046
2063
2934
11000
88
7929
3804
7806
10055
1576
9353
14251
6031
3242
15489
12831
2199
9492
13762
11241
8296
2737
13779
9773
9177
8306
6695
971
1814
14350
3779
6057
2323
1956
15936
11350
10881
5335
3740
14000
5606
13237
16043
14920
3188
3296
9957
4135
1898
1698
6112
3002
1591
11252
5095
4633
5308
4171
15131
12271
12814
13291
14008
10794
11737
3780
6032
2964
10681
8674
62
16093
14957
15722
522
7231
14176
5668
10714
6513
10029
3773
15585
1271
11560
11440
8779
7405
13903
5216
2178
10909
9080
16224
11220
4818
5056
13762
1076
9244
15196
6951
670
5314
9271
10450
4166
5754
6945
7510
10105
2310
16372
7679
3746
10217
1589
10608
8625
5296
14179
10320
6410
14629
1612
16149
16296
11831
1618
10630
7666
446
6120
1976
1919
5423
2374
7993
12898
9081
6167
5832
10682
318
2249
4956
5018
6071
3260
12046
4503
10191
3814
7982
16452
10863
9794
7668
8799
7555
13617
10188
11596
2262
12565
1641
828
15164
11781
2690
1129
3494
12595
5552
10166
11131
16265
11151
15273
7139
14672
16488
8589
1397
110
1569
6565
16232
3547
942
12164
10569
3765
3692
5897
6391
2696
7731
11585
6054
5877
2601
13279
10020
9365
4502
9323
6942
13162
2512
10613
14483
4976
5899
13617
1197
12539
1029
16362
14404
788
12944
15635
11309
695
14774
6560
11449
6167
1855
8036
12709
12487
13594
3219
15033
12291
3027
5496
5182
5243
14131
3272
9791
11285
10736
15191
16229
12462
3047
9716
13582
9457
14156
16264
4996
6337
1633
3043
15249
8325
3688
10939
9840
3394
12482
16156
12618
3830
3328
1177
14083
7312
13615
2914
8459
6075
11734
6882
1567
12845
7182
6333
2452
6749
13199
7842
3271
7177
8774
7448
14190
11810
1178
619
12517
4069
11681
1789
3090
8117
893
16243
923
11222
9277
3249
4109
8775
13135
10614
711
9431
7832
9967
5524
5879
13839
6086
3443
10263
2006
6638
4709
16002
14223
16403
16087
16338
9291
7947
6095
10257
11340
12212
2031
14220
3093
12014
13315
16129
11699
11944
2707
11670
2487
921
13300
8580
2368
2378
13949
2793
13420
9113
11469
5062
15784
4627
10261
11306
9783
14946
7767
14592
4808
13175
13847
9561
1103
512
12715
6305
816
9557
10498
14595
11778
16398
3016
8043
5522
179
5251
3259
15421
13941
4620
4248
11190
2599
8408
5594
11977
1772
12165
8891
5516
10053
15611
10532
12310
4772
14451
8207
8997
11094
1966
3138
1249
10444
13397
11911
9508
9848
12714
6262
15392
4992
8324
1285
14535
13536
9444
14268
10550
7080
4395
13845
13479
2734
5422
14044
359
7272
12345
6214
8709
9769
15462
6167
9696
10030
10940
3328
8402
9797
16088
3497
14632
12888
4219
10127
8424
3346
14708
3211
9922
7617
3188
15398
11302
14480
8544
7878
2813
9953
3763
15295
911
11871
599
3289
1680
14850
15992
12441
3532
10671
5683
2478
13280
9544
6010
4030
10054
4635
6285
9541
733
8693
11008
11338
2565
9335
4166
775
1861
2744
8377
8664
7350
15707
2435
10746
15745
6226
12082
9516
15114
8091
9678
10941
688
5800
4575
11067
10553
10995
552
2587
7820
9754
15664
1439
13970
5789
14045
15931
15864
11169
12519
4796
6413
14874
9178
7477
13236
15199
1358
12402
16259
2990
1199
10697
5675
12913
5882
3177
6737
9767
7542
12955
14759
4839
6421
13123
15260
2328
5134
2886
2706
5081
10878
13014
3027
10861
649
10262
10613
12419
482
2550
3473
13924
7679
14729
6596
5563
8191
1512
897
7782
6506
14659
14805
10928
15021
3518
10656
4992
16354
12614
10414
4117
11103
406
621
8149
1805
12820
8607
5923
1802
13333
12912
11225
7805
7527
806
1313
14516
841
1482
15290
11101
7438
4030
424
3598
13514
14891
6008
6623
6220
11719
4934
569
4853
14309
15533
11463
5570
16218
7005
2155
1136
3200
8005
9215
2431
10733
13017
11678
16226
3057
8226
12537
11789
296
3335
2637
7113
748
8942
16100
6519
2826
10217
85
12168
15918
15134
12244
14354
14850
7574
7416
8578
13204
10590
15393
10588
5022
1087
9771
1542
1928
10212
4577
911
13598
426
4660
5705
11173
3366
7725
1389
7869
15826
11756
1496
15241
593
15626
11114
9070
5435
14386
15090
3779
11586
14050
16175
4632
3550
13295
14627
6392
3998
14158
9644
14451
16225
15989
7143
14802
7034
15361
2121
14831
14148
5564
7434
1613
10816
4806
11014
9613
6458
2784
7692
12528
8116
6010
2062
14585
5773
2535
16483
6588
4166
5815
8566
16373
1669
6668
5969
9350
6662
8679
9163
3645
13126
3914
4851
9196
8370
4576
557
11668
124
1725
241
6850
11314
4373
12244
4182
13017
632
15605
12015
1353
9709
7705
3478
14548
153
2924
14876
12257
1527
13791
10775
8527
15492
1571
11389
14029
7105
4621
2159
15015
1749
6112
11237
4834
11305
1843
16418
8096
7481
12892
13963
7615
10422
6346
9819
7739
9103
14472
6608
12089
7767
13430
9675
11446
12320
9456
8910
5698
15660
382
14787
13762
16267
9179
11446
4916
2632
9046
1411
8147
2596
7088
11796
8320
10876
10460
610
11304
3839
2176
112
7481
13694
1059
4865
3954
16380
894
2496
2527
9184
15836
1903
12256
2315
10756
5871
15615
6583
3678
15458
2519
4036
5736
10326
12631
7396
5965
1353
3546
15654
11932
2225
13138
15261
8079
15729
11377
15658
11969
15752
13386
10091
15644
959
4392
11601
9116
12856
6534
1312
12454
15349
12515
3937
9546
3207
9300
4096
2554
14218
5121
1242
6596
3691
8148
13786
1624
14957
11359
11342
5169
2975
6115
7650
10709
13912
5631
2480
8054
14048
1795
1070
11723
1553
3054
505
6676
14654
15615
10581
1372
13519
1954
731
8819
7434
5774
4071
6766
5918
1403
5046
5765
4138
15920
7045
8332
5301
14261
11663
14272
13770
8556
6965
6439
9427
7867
909
16259
7065
12485
8572
10351
14537
4039
7341
6489
9845
11172
9248
8906
9051
14699
14578
15318
8897
13660
14416
13243
857
15667
10825
8287
15203
9525
11282
229
9928
3220
7493
12893
10311
1062
11535
564
2106
11728
4812
1
13936
4897
122
556
8706
15734
8306
15362
7428
4872
5604
10471
2057
16164
8525
7243
4751
14331
10698
11505
14730
11364
12902
5442
4075
10142
13166
3730
2617
3859
8766
3453
14260
4777
13609
1541
11260
2449
11699
14010
7292
7129
6615
2293
2447
416
1896
343
10229
11281
355
13650
4679
10301
10056
6428
9800
16123
9258
16409
15983
5154
13211
5213
8828
6341
6383
113
11820
1615
8256
16156
13139
14803
2685
916
5042
9728
9083
13234
213
8403
6213
1345
13844
4700
1068
1308
16060
3511
15384
6874
14953
12638
14663
7755
15059
12745
13106
1096
4051
8350
2025
5840
11887
3596
5888
343
8543
11974
1951
15010
16033
13897
263
12786
405
5208
10308
13541
7492
7460
16084
2390
8033
5146
11191
128
11464
3296
4405
14739
3643
781
16419
3390
11688
1974
6637
12366
174
5118
15008
13112
11846
7061
8816
8058
11528
9050
15037
11104
9929
6581
14565
9150
7681
6207
16409
14506
10732
15113
13487
16085
1241
14
10580
5012
2858
4592
10987
11832
4630
10150
7175
10114
14682
8806
14432
12253
223
14177
626
10727
1692
10027
4674
1259
6471
9800
5739
1664
12950
16270
4951
6613
12570
15156
8608
6459
14713
15787
12080
6223
3631
8364
15722
10933
3214
7759
10276
2362
3959
362
1830
5938
13164
5740
15264
5172
2338
1710
6752
4028
3932
7438
5697
8199
8497
6619
12375
15772
3685
5151
4423
9683
14326
2037
15328
5107
9622
10479
12842
6598
4009
1425
8216
11205
11931
3066
12410
15494
7099
4024
3011
785
15702
5811
7407
10389
5227
14660
6980
10546
15396
6919
16390
3855
3986
14335
8048
11447
9023
13017
6467
11144
5887
14459
4994
9898
845
11107
12356
5121
9497
3931
15911
10349
10685
6329
2648
14068
16018
10984
2252
5698
15282
5059
8490
2257
2161
15385
8659
8575
1596
8238
11986
8549
15810
7517
174
1783
3575
16264
2346
2424
12989
13412
2623
11596
13435
5583
7916
13527
3579
9445
11788
2243
1747
2845
5325
9953
5240
1338
6305
443
11446
6413
10434
14040
11399
10589
445
3885
12720
1282
5352
849
379
7250
3449
6240
14508
3611
10987
14930
8524
534
7941
509
15525
613
12771
7405
4444
8476
6408
8110
12623
2397
16270
2244
15179
10022
3392
8029
10238
1552
9336
7617
14655
3622
7454
13651
189
13481
1314
1791
7235
11426
5565
1697
493
9013
3333
14570
15299
2904
13751
14367
13478
12
14138
2587
10195
2662
5981
12728
8607
4818
436
6417
1674
12024
7449
12078
4274
3931
5532
1100
9379
9084
13174
11969
11569
8775
2439
6147
13014
9967
5747
9178
6749
16294
14931
15772
12851
16352
8555
10314
4971
4458
6300
10803
10888
4089
4047
5889
6593
4528
14498
3728
3766
8557
903
3578
13462
14386
2118
6711
87
1493
7147
3655
9605
11805
5414
14163
1945
13929
5860
12463
15687
2422
16233
14232
7895
1534
7173
3388
6470
11605
1172
9371
3503
8155
397
9481
14296
3195
16281
974
16160
1382
14940
4315
10836
8687
15390
6294
11396
11211
12925
2926
1534
11319
660
10655
3011
4377
294
15868
1973
4351
5939
13616
15411
3005
12920
4596
1281
13246
8399
9343
5193
4966
5989
12644
13837
11186
8812
10280
13100
7953
12626
10478
347
11488
9888
6840
7140
2993
13487
11927
1543
6454
9733
13215
1053
6019
15181
6736
11506
12132
7571
3142
6410
9213
693
9912
7178
6998
7863
3436
8246
9487
3647
14013
6017
7345
13451
12587
11171
14861
15460
14818
14263
7623
6203
6724
692
15524
14783
7096
13533
8815
6242
10254
14080
8058
4020
8614
9047
1073
7754
8807
7606
6284
8306
15702
5394
2764
3766
6522
6539
8027
10079
3916
16281
286
11538
7481
3058
2408
16387
13449
13794
1361
3541
6614
15080
8106
11515
10790
10783
14434
14631
11143
6011
8452
11556
8744
1422
7701
3798
9130
12487
13349
4682
8388
13086
6095
1472
1040
10453
16105
14192
9152
14447
7047
3919
10651
1851
10154
9148
2846
12107
7609
16381
7734
6869
4430
8843
15178
6508
8684
11228
9607
9189
9617
11243
5874
6871
5688
14413
15003
10633
2381
11834
6185
950
7610
7264
11130
12810
14069
13927
15509
6246
8104
5030
11834
1543
10864
10666
8540
14995
16260
10832
7375
10015
14045
9894
8511
3107
2913
9648
4172
5167
6502
13053
1846
6255
15915
10650
463
2925
8505
1658
9401
13995
15143
15028
12930
9812
1660
8465
1321
13611
14156
524
11746
5830
4592
11514
16045
2894
6620
8388
4952
12565
6517
7405
3123
11452
39
6338
8728
16182
3576
16123
3916
2044
3757
4575
5364
4423
14990
11563
5392
1084
5099
12539
15695
261
3824
6839
8027
6374
12565
9439
13265
8180
6380
6708
9084
2902
11688
10174
724
7422
7377
2867
1513
3155
12035
15676
6165
15204
12096
6433
5529
2286
14367
3623
8854
7709
410
2801
296
10075
9800
12651
7520
12844
5118
12444
15396
10315
11013
15653
8706
14031
1867
10712
3303
13674
15010
2934
4174
2579
9770
60
11470
7067
15157
11405
13105
6095
11949
11849
4654
8636
12435
12460
8380
3196
8312
304
6955
12126
15518
15491
13573
5728
8148
4309
15192
16242
15118
4170
106
12130
14819
5886
10594
4857
15983
2315
9009
11045
11014
5741
684
8849
9653
479
1431
4081
15972
14753
1062
7017
9928
9682
14523
13914
6013
11891
15448
15849
11906
1201
16379
11384
3699
15613
9235
138
522
7692
14302
7249
5104
10489
12537
6124
15707
4632
13599
15216
818
3159
20
11858
6618
15879
13075
6411
11057
11239
4701
2980
7005
7051
7639
5178
7668
11909
13303
8773
14699
1928
11203
4116
15935
4238
4222
7385
380
9970
10747
12298
1514
2467
515
15692
1713
8302
10641
5436
3202
1307
7006
559
4007
15465
14058
5072
9747
13560
9805
4700
10292
7129
9947
12108
10790
12810
10418
7983
11919
16372
7206
5855
5515
9923
12543
5853
12689
16327
10976
13363
4952
7842
14327
2146
307
6409
2454
569
8485
10580
5102
3696
13982
6789
690
2736
16104
7376
16390
3577
11335
5380
15533
13856
12380
5324
6964
14706
12837
5788
15706
8939
5480
2831
11246
11972
12201
5147
24
15354
93
14784
10688
3834
13226
5621
7642
13948
15810
16364
6817
10844
2865
8237
577
5265
12521
5642
4344
11715
11924
6859
9801
11345
16455
7706
6014
13677
1176
7334
15443
5642
182
12500
9324
8500
10336
1198
2703
8011
2134
12365
1685
10838
12177
11797
311
6971
7838
2064
10703
838
7879
15138
3954
10068
10219
1589
7500
15198
8914
6083
7313
5647
10028
12696
6642
6359
5040
15700
4645
9018
10079
9714
4826
10405
8336
9056
10590
3436
741
6137
6459
630
3722
7100
3211
12795
8073
8791
6497
15220
9084
11694
12254
4420
14187
3136
2226
12491
8518
3730
930
14443
2422
4988
7402
1316
14076
10951
10005
15390
3095
10713
15892
15629
11049
15077
9422
7583
13298
9318
4473
8420
10706
3794
1049
8972
11189
13101
16262
8195
4804
13894
9013
16200
1121
12006
10027
15569
14651
9795
2166
4478
14616
2756
13256
984
11545
3847
4439
11599
12071
12816
11209
77
5185
7315
13987
4539
8253
15906
7194
7160
13581
3868
1201
13797
6489
15649
14377
991
11763
13216
6792
12391
14226
11714
8785
1515
9457
2615
80
11825
7851
167
2308
13879
8253
7408
9561
1534
13363
15377
7423
2288
14880
3680
4030
15444
5067
11321
824
12301
13106
9098
5678
416
3455
532
2016
14671
10639
12127
1599
2483
3789
16277
3970
12140
9571
2731
12900
8853
8228
1793
7039
9243
9655
7305
3134
14133
786
5577
14074
1267
10175
15352
11848
1079
9764
13568
2970
7700
5390
14162
12894
10214
7414
13328
9338
10692
7872
7411
6048
4977
5145
6000
8483
8921
4584
13421
271
11955
14213
12865
9435
8971
7972
3785
13686
1502
2432
2836
4209
2290
10640
12884
1073
547
781
6988
8157
6060
10316
1070
9228
11023
12044
3856
11061
5682
9911
12503
4216
14928
8144
3170
8036
904
2854
12607
6785
14833
11052
16461
4135
13610
8724
4357
12967
11382
13037
9081
15302
11197
10899
10145
1025
8952
12857
14292
12107
5779
13932
2917
6910
566
1262
5715
11257
4150
7477
12644
5881
15244
2098
15924
3717
13394
6483
12228
13759
861
7283
10583
15655
12038
12115
10647
15254
8352
8007
15150
11187
15891
8321
1126
6533
15832
4370
6324
10001
3188
10152
1992
10120
2126
10597
10177
13464
14725
5091
242
15179
8462
13394
15795
12402
13666
6262
3294
12030
2363
7584
13671
7299
15307
4743
10028
9822
5411
10908
10999
6773
13561
7922
6653
9846
12905
1845
16447
9627
4103
15411
5005
12725
10548
5524
10591
9045
4867
9398
1149
11684
5158
13351
10771
3583
4384
13359
6162
4394
7984
826
7806
8735
12870
2504
7548
14265
13599
5247
14214
12414
585
10097
13228
3600
5987
9091
9397
4384
13658
16029
5590
1005
1788
2703
1543
3874
3246
7862
330
15024
7102
16106
7246
1995
11599
15378
6177
10133
4911
7212
7370
15134
13782
14222
2304
756
7677
8232
3400
5871
12094
6157
1653
11653
7007
1558
5531
8777
4044
9514
11309
12114
12088
8015
10300
2608
10488
8076
5601
14165
7010
12718
9094
127
3142
13734
12777
2595
4971
13449
12954
16338
9596
3794
10441
16345
4148
12919
10916
9597
10464
1532
4690
15744
4930
9721
62
5815
14712
5212
9671
5173
12079
8693
8827
5681
6974
2333
8941
2798
7658
122
4684
14144
5362
6729
8853
427
6795
7372
1403
14441
16033
1578
11197
1903
5483
8778
8555
5879
13746
15272
5332
2579
4249
3845
90
5539
1054
297
14436
3932
1459
2810
12977
8399
6011
14635
5181
12456
11829
9023
16427
7484
16471
1850
11503
13005
14012
12451
9417
10013
4480
9629
6989
12751
16408
1368
12178
16345
12449
3511
6585
7858
13341
15253
16041
7739
2220
5606
6327
1323
799
3876
6137
6240
1704
7345
11702
8197
14845
4491
2408
12110
10338
8498
8844
5332
370
8712
8528
14720
12177
6520
12984
1071
2038
3947
6302
12664
66
15144
30
5186
2229
14345
6428
12432
11676
10513
5883
1436
7949
1191
1583
15150
10363
8657
12855
6991
642
4883
7478
2613
11238
1133
15791
11306
14066
5732
11759
16337
999
11031
4492
1536
6835
175
1328
3546
15267
1666
8519
13354
2168
4284
14171
10667
15633
16374
3003
5710
11650
6377
842
3773
3833
12280
2303
4025
13099
14719
9296
3562
3939
10641
2533
12443
3581
11449
5692
9175
4969
10826
5101
11490
6465
7626
7802
7856
13142
12914
8712
16288
3717
12590
6323
15638
4433
8669
16065
7528
11416
8519
5335
7155
5056
12451
11084
920
466
3397
13598
4314
2682
16396
10333
7194
6997
1957
4664
15285
4235
1603
5605
16243
14143
7889
7644
6698
3195
2028
10072
2466
7122
3079
16150
12350
3293
11865
15882
10091
91
5139
1398
13809
4681
769
12835
1592
861
4707
1451
12965
8437
3440
12118
2563
1057
13548
9977
2250
15543
552
8188
10121
1950
440
11494
7286
6117
8236
9289
6031
11038
8373
16303
4865
8816
16088
13331
12482
2871
249
5306
14440
5469
673
2222
5613
5478
2067
14746
16085
10555
6233
3418
1231
7801
5704
317
5050
15608
3426
14713
1814
4455
97
6846
649
1951
15313
10936
16083
2280
8035
10877
9704
6494
1475
10041
14527
10092
4507
14214
2282
1323
3099
8403
4846
1381
3483
9837
6977
2059
9177
12704
14037
6764
4439
14469
5979
15103
2700
4854
8812
11300
11066
16224
15069
5607
12815
13611
8743
496
9734
1410
10120
8963
5748
7946
7974
5922
7244
9668
15778
3990
6387
8677
2466
8562
15089
14215
4528
7371
5096
4423
103
5497
10609
1098
2149
8289
10385
12727
14410
9959
2921
15845
1195
14574
13357
13011
2839
5600
10665
11558
9822
10211
575
9230
6943
16088
13241
15620
13961
8423
10324
16031
11439
9765
435
4356
12743
10959
7039
12884
14645
13501
13683
5639
11953
2794
10801
13030
14602
3161
4055
3497
9090
6541
8476
8280
4593
893
1165
4147
8768
4695
3147
16301
14389
10025
13512
4306
12181
5299
9969
2995
2375
1232
4815
3845
11771
12465
4275
16452
8975
683
14477
3005
3141
9272
4802
11606
8843
6917
381
252
11
278
6529
6098
3726
6586
16150
4919
7745
3334
15178
9382
9112
11603
3187
10642
4354
2035
813
2796
12723
13874
14252
10888
1425
5708
11154
13768
4941
4713
1640
3940
15140
8596
6534
14026
2298
14968
6942
12767
14330
13772
4557
12273
8956
94
8192
10811
15768
12710
13619
10817
3713
3925
736
11364
2417
14276
10452
14704
1622
8825
16254
2684
2224
14372
2683
4959
15352
12427
11058
1628
5153
16441
9492
7495
5
2502
14808
13030
12524
6172
535
7314
3616
3004
14977
7684
686
2190
701
4271
10150
7388
12336
10910
2860
763
16152
11136
3831
10498
5158
12526
8399
13988
9984
14563
6073
13292
5144
8829
9926
6882
268
1424
5977
4040
1968
6383
11123
12031
525
4813
3249
16407
13506
16375
12380
859
7975
563
12999
1379
1449
14140
4090
4785
11626
14965
7196
6916
5382
13011
7798
15807
8384
9448
1565
12540
11587
13667
16281
4871
15707
13985
8473
261
9999
9145
8326
6502
4808
7768
10611
4358
6620
1284
8954
2696
9242
4936
12404
2959
10657
8841
1077
15688
1667
12507
129
9334
3110
8923
14098
8404
6389
4409
2476
4347
361
6495
11082
7438
8872
11857
204
15830
4933
4571
8644
9921
10440
5675
13040
14206
536
5019
12353
2933
10517
3341
6912
13688
1810
14496
2360
6224
11814
3116
15480
8267
11616
11134
1875
7378
4592
5500
5488
15452
15374
4431
13667
7809
4219
14097
8027
15817
15290
2311
11691
14801
8028
11571
11352
2080
8582
9170
14158
2922
13155
9350
15279
9236
2902
7807
11606
11159
8122
12295
1918
4755
8158
11157
11056
9904
245
484
6866
6709
8317
11609
436
8410
13215
13462
8071
11929
11588
4095
14277
3957
3193
6274
4626
13720
2088
9685
15620
14154
9500
10413
13613
10550
8953
6098
4397
7569
11446
16449
2436
8536
5785
1241
9703
11577
9238
6139
662
2764
2172
9420
2010
9183
13226
10688
1678
512
4986
13728
10177
15003
2971
9086
1051
8854
6598
10435
1739
8444
14418
4888
7921
2512
1184
15443
3817
9560
16485
14843
14656
12942
16054
2942
3177
9779
5608
8096
3701
8816
5063
10155
9697
16045
2890
9793
7783
10467
16384
5854
14897
798
6569
3694
11238
13994
15472
7809
6674
4770
15864
11267
9228
7090
8880
7565
10310
10141
3494
12648
8801
11731
3717
9646
11027
8634
14189
249
1980
496
4591
14743
312
2404
41
15556
13207
8624
4388
3826
1144
4010
14423
13271
6883
7154
16101
6716
6691
3800
8119
11424
6647
6353
8602
4494
10201
1430
15969
11767
7715
4021
14403
1170
13407
4928
8446
16364
5742
14507
13040
9996
2049
754
14842
4474
6649
1997
8348
709
14550
3215
11069
650
8078
14127
4210
12821
3897
15788
11194
4696
16263
2251
13487
9212
1098
6369
10338
14395
5844
15464
4367
4834
6617
8178
11865
10120
5711
2218
4302
16224
12709
651
14423
11955
4714
12522
15814
1545
7464
14386
9723
3408
3406
8390
15263
4696
6481
6958
6158
14455
5220
7792
16063
3921
12987
15556
8698
3770
15338
710
13334
14218
7950
2578
874
3914
1800
7633
9416
5871
6265
4236
1254
696
7529
14503
9275
10496
5558
12256
13833
3939
3679
1542
407
2948
12124
14854
4554
8549
12695
7044
5575
1907
12014
1661
8617
1463
14366
15906
9507
13093
1486
16179
12972
3127
4320
9880
11468
9947
5221
2409
8751
15407
15012
1726
13674
662
13662
6309
7682
1454
9626
678
7339
13281
2150
7196
3397
590
1168
5239
14249
3806
3510
15317
15847
2896
12813
12957
8068
3492
5393
2399
13006
7403
5494
15806
1604
2812
14073
11607
13808
15281
2602
3353
16269
11846
8702
9777
3366
15082
3746
11154
4120
3930
1693
4376
15399
6775
11911
4378
62
12590
12927
2430
14681
13102
11828
14107
11483
1779
6016
1044
9785
13382
16044
12584
14684
3397
59
7661
9344
6310
6094
12183
15242
4163
13907
12950
6805
14469
15011
4541
82
7274
10358
9203
13587
12211
14204
1168
5437
1237
3748
7312
3692
8150
15591
15917
14116
7347
11091
3943
5765
2946
984
2650
10722
5628
7550
7628
5469
106
1313
7175
16448
13331
12311
250
5214
2416
8615
12335
9773
12000
5055
13257
11568
10296
12463
16064
1941
15402
16376
5481
12335
14749
10568
4791
4283
1995
8726
5214
2111
3969
13821
9610
15598
11843
11346
16173
3632
10920
11401
13362
11325
3089
11737
3713
2074
8963
16481
7268
11802
113
14156
14140
1411
12991
9915
1880
14418
9743
14553
12808
8041
5098
7809
7802
1263
10758
2458
13985
6528
4665
4547
15988
2138
5320
1208
5799
1253
6875
15775
5649
3546
2037
7989
10037
5712
10628
14336
10622
869
3123
1943
11383
3859
8897
2553
493
5965
13115
1159
6298
7172
6725
13399
12814
11307
12300
5659
1793
7459
4971
10855
14370
4638
3460
12462
4512
11122
3025
1572
14857
2438
15431
4170
8841
6599
2236
1813
12072
11442
13820
5857
5528
4203
570
4951
14074
15573
11252
6056
10723
15086
5746
2947
1799
14230
3598
10645
7938
13791
2734
7383
5651
10658
15696
4713
15805
16227
5793
2482
2585
2907
14938
6976
10888
14245
6219
15849
1875
9127
13310
10403
12481
3428
8372
3345
10120
15274
4348
7608
5477
1531
16132
16414
7219
14977
11187
7609
2016
513
898
284
11828
8493
2897
4072
10273
4475
10816
352
15476
224
4143
13621
7486
8694
5383
6053
1621
48
10942
15037
4360
4047
8669
6051
2792
4654
6880
7815
905
15487
889
8250
3381
8179
1316
6202
3474
259
12947
15796
12559
2227
31
9265
8012
5685
13830
3465
10415
4180
7563
1867
9928
16065
7604
14488
4242
3079
14021
4539
12514
14448
13065
14828
6217
9099
10635
15214
790
2268
3618
8127
9640
4121
12257
9674
9895
2907
11578
6442
13215
8196
7355
4721
12351
8877
15573
10670
1224
15769
1349
12971
6175
1353
13004
16237
6485
12871
9165
8606
8913
1153
2033
14075
13862
11521
8805
16201
16059
4985
3500
10126
9183
16138
9153
7564
2924
14400
11146
8636
6599
7523
4835
2414
7749
17
15411
10062
13801
8681
137
13442
8163
8114
13072
14103
2443
1151
13469
3564
11140
15254
7325
8389
10508
13461
511
15897
10503
15618
10820
2581
8958
7160
715
9814
2099
16492
16149
6573
12950
9685
9316
8718
7031
3302
3269
6147
15665
8472
2337
1023
14619
4340
5066
15005
5729
11186
269
10832
6644
13493
12863
10373
6144
15087
5662
5577
13759
9015
4158
6787
4084
4080
3159
12111
6887
3638
7877
12679
15952
14537
3824
13673
9649
4656
14047
6789
3379
4341
11012
9905
9355
11759
15801
2541
14792
2943
2089
9360
2364
5831
14780
5911
1668
10886
710
14948
7399
13521
13958
16334
3504
10553
16231
326
13408
10933
12103
12532
8224
2071
1295
14120
21
16232
15815
435
10229
7974
7182
12878
16095
9796
11623
9737
11070
14557
6825
9681
9741
16047
8112
12423
74
15638
12937
1229
4146
3341
15588
11595
2024
14080
13642
11928
108
13328
15503
15797
2448
16251
2805
6360
12599
8731
8854
15874
3560
780
3851
13994
9626
2085
7223
4001
14821
14560
15040
3442
3530
4914
1586
14526
3048
6079
662
7499
13284
14827
4141
4440
15699
10166
1288
3904
11072
12603
11150
7290
12600
3086
8951
14778
3778
13802
294
726
10954
8974
15214
130
14383
11343
14864
6393
4885
13026
995
11654
15848
7136
898
5258
4368
15846
4193
4319
6709
6872
14353
15323
2358
8884
4616
10583
8285
9670
2438
2008
10823
10275
870
9346
12027
7868
12652
842
6923
13378
1345
9630
8701
356
15106
1409
9815
1888
14370
11713
6053
9602
4921
4612
6014
9951
6934
15206
5377
9755
4151
9317
9092
14961
13596
10661
7008
11755
3938
1922
11716
672
14775
8147
13992
1808
14800
12514
1210
10437
15778
4992
2370
8987
8372
2432
15231
5819
6353
173
7117
8615
7955
3857
3659
1187
15394
94
4866
7610
15512
8634
1052
1369
6338
4345
7442
5975
8724
584
9525
5912
5421
1468
2399
3827
8022
6678
6591
1976
14797
6110
8052
10944
9920
15436
1731
6957
5503
6502
3770
13451
15804
12586
5262
3689
9895
6575
5361
11980
7378
15848
13911
4232
9214
15586
15735
13539
11591
6583
5965
4133
4138
3216
16362
15502
13851
12563
14419
10004
14616
6327
15063
15389
8649
15710
11088
3566
5769
14536
14285
15506
9164
3088
14670
5856
13602
16447
7239
13502
8205
7645
6871
10196
16302
7833
2322
2631
10978
5512
8825
1218
14099
3277
12789
6725
1687
14519
9764
8212
14648
955
1763
389
11608
12830
10454
13181
6862
14047
5846
7809
6259
6251
13771
4166
3532
15242
4176
1938
13661
11725
10193
13829
1393
3969
10162
7116
6982
791
8344
6926
120
149
13295
2816
10980
16466
7593
5299
13884
5829
13037
9749
7179
2105
8997
2832
1441
12294
14654
5942
1551
14118
9284
15269
11069
9359
14222
15011
154
7659
11445
4233
5377
3314
9808
16450
13661
8447
8547
6880
4561
731
9459
15365
13925
13036
13890
8384
12581
7250
6069
12009
7179
13105
8069
12415
6758
1328
12101
7610
937
11842
6760
10378
7074
14399
1043
15300
3404
7956
8852
2839
1584
15378
5118
5989
8217
12325
5911
2640
6752
1368
11628
14203
8330
14602
11692
9872
4662
10990
12420
1538
1568
13407
13118
12911
4852
11234
7560
3748
667
3816
11193
7769
14430
15003
1918
13492
2180
5310
11409
8859
11476
5691
3776
398
15990
12298
13040
5024
11063
9645
13682
10366
9262
13889
15910
15058
5425
4278
9554
15376
12002
13583
14190
1186
14528
1121
12284
1115
2589
8426
5400
7254
11555
14619
623
11740
4578
11221
5978
12953
12743
5088
1461
2887
4081
5685
16313
11025
4840
12328
14032
4153
2197
14322
13481
7861
7764
11752
9175
7923
12315
9818
2781
5980
9133
14533
8509
12744
8417
12384
11381
10922
13991
8161
4608
13010
11259
9570
7892
621
3746
2864
14127
15348
13588
3878
628
2598
14411
2688
15425
13319
15600
2201
7462
3322
9281
3445
10320
15412
1422
6994
11512
1256
15231
3546
11456
15796
14981
965
5712
11151
3103
10059
1828
5306
14397
1039
4827
13985
9944
14545
70
5350
10109
1466
1221
1996
8766
14076
12303
7702
10181
11085
6602
9439
11033
14052
7043
1579
8722
444
85
11571
15053
15200
9592
11602
11368
642
3886
15088
16035
11463
11680
1887
8019
5989
15218
13628
15180
8470
14102
3294
10958
8027
5665
7135
4401
3791
15221
9437
3410
12328
13471
10847
13173
8816
8922
1713
11067
4900
6254
10974
1941
11772
5657
7597
10464
10539
4553
6630
4445
11797
6662
4550
6554
3184
12812
15102
15122
3774
6165
15114
16427
8091
4554
3088
11664
715
10070
12444
4290
9794
7708
4898
13440
12414
2448
12713
9472
4859
8375
16232
13538
1016
2533
1472
10535
6635
11845
10478
13077
1841
7066
14047
4883
2866
11176
11603
7797
8564
2228
12922
8743
13208
5475
10598
6117
1209
9643
6536
1496
8254
2505
13492
14268
15535
15889
12562
4226
8925
4114
8833
9777
14872
11781
5418
8827
10501
6060
1978
10342
4685
7221
6433
1697
7331
9219
6606
887
7965
13287
9175
940
14701
3244
2516
2677
3906
2493
81
14985
13201
3195
12081
3637
15576
8450
5783
11052
5596
5166
8910
11835
326
3376
11168
12692
5174
13880
15383
14265
1395
2764
2551
10387
13565
10315
439
1529
5298
9557
1997
5834
7122
10228
8329
9443
6334
584
10886
12862
315
7923
5700
6997
12683
9728
10262
1180
6464
3529
695
10341
3601
15817
12532
7767
8552
49
1072
4094
451
5230
3040
8444
2258
3613
1056
355
3972
16301
14108
3474
7512
6237
6083
15159
14377
13395
13700
8081
371
12236
6808
5782
14584
3901
10288
4019
7942
10839
6321
2226
14978
3384
4271
7774
9151
4531
8543
9171
4779
12629
6046
3292
190
6829
1257
3866
1947
9916
13585
1885
765
7679
13241
2760
4015
987
11583
7539
3371
9424
10099
15333
4717
13795
3468
15377
15923
3773
6311
11566
14016
4685
520
10398
10604
4161
15651
14146
1470
1650
11165
1254
6938
16120
2540
3339
13526
4647
8908
6972
2955
5871
3407
16438
8279
12381
6936
2725
1236
15883
1316
9175
9125
5991
4202
6791
760
2366
9018
1258
3471
11665
11692
11923
8737
94
8881
15228
13344
1713
14658
5985
3788
6886
3247
7060
12639
6175
3220
15177
1466
12810
15908
10116
9937
12165
2788
389
15599
3880
10851
9822
8484
15242
5021
12421
12166
14240
9359
15114
1639
7200
13232
5306
15318
7081
14614
8956
2784
8698
13702
7734
10808
9842
1909
14984
1634
14974
12352
2033
16017
441
6374
3204
14247
10092
7157
15653
1619
15578
12757
11919
226
6326
11651
1889
14399
11571
9264
5211
7293
7952
14667
2789
15567
5213
6811
3913
4580
927
16219
12647
15610
14498
16132
11144
5954
11394
4952
2306
1142
10088
5211
1617
13795
14602
2972
2413
10964
1322
6286
11122
15376
3612
5476
13147
1597
11197
4117
14115
8006
15092
12415
8270
8922
12082
166
15921
13990
14143
15056
2470
15918
8892
11943
7513
12910
1041
6704
9933
11784
7154
7107
2702
4670
9330
2470
8736
7230
11249
4645
11057
9731
3436
9004
9699
13329
7486
1431
459
8991
5746
201
6085
12649
8945
7876
4027
3014
4373
11517
9305
15891
15159
6416
6315
3073
12885
311
4379
12087
5203
6202
2018
3445
8696
12024
5980
6258
5465
9364
3939
13260
11265
14744
7979
9790
1566
12627
2742
663
6757
6776
8700
967
3201
10746
16490
2757
15275
9355
13720
10256
825
1851
4849
11210
5116
6888
9226
8094
1416
12013
8154
2721
14330
13962
7004
15793
8460
16365
4293
3751
3093
7230
16389
7035
527
2000
4884
12422
5999
4879
6874
319
14280
155
341
12571
8869
101
10188
13350
3352
13036
152
5716
7103
6770
809
15188
492
6703
7963
13919
3276
13934
6862
4155
15771
14311
9729
10260
4911
7914
7315
3046
282
12743
573
5236
8046
13014
10281
4481
1055
5094
15338
5178
557
5031
5401
1695
827
13137
2580
15958
9448
5654
9043
895
8832
1282
10916
4044
5871
4624
5865
3009
11405
5081
14940
4682
12130
8149
1592
16446
7287
8058
2787
1139
13245
6470
9236
9448
3855
3240
10222
5486
15942
9816
9505
3321
4776
14010
7060
6439
4349
9416
886
15399
3278
8612
4048
5670
15069
8427
12328
15767
7278
5913
2728
7683
1383
11764
3418
8851
6490
5901
7251
6497
3594
3466
6052
3645
2451
4032
5208
8554
614
13917
95
904
8236
2464
4601
11827
8895
2571
1030
336
5973
9158
16493
12866
1113
14883
15477
11175
4836
5211
3964
3954
12178
10790
10192
5129
8822
12646
12182
4831
4691
9588
6074
4398
8936
3551
4318
6845
13971
9949
14419
9480
3349
420
14346
15373
13448
14312
335
5454
5527
14314
10816
11874
555
11838
12883
4413
1733
4572
3366
9742
15879
13840
12732
3660
11502
9215
900
3273
8914
338
6862
11748
6289
12176
12817
12341
3544
8334
3350
3466
5794
15250
10992
16299
3909
14265
2006
5274
3764
15580
8808
10907
14777
15877
15856
3082
13398
10915
6306
13722
10926
81
8996
10666
15203
4678
13595
11127
2960
10372
7179
12414
5787
15596
7009
4651
1964
11962
404
1573
1738
8907
14212
15587
10686
7518
10778
14047
4237
11186
4301
15538
10774
14156
1490
5340
3562
14347
15036
6570
14556
12597
15674
686
7858
2158
759
7385
3810
11174
16238
7624
11943
12086
6115
3172
2894
1629
9389
11017
10942
5601
11260
3649
2120
5138
2522
11358
8960
14740
13835
6489
14826
12597
15364
16030
909
13521
1093
1135
7643
5419
13132
6832
4504
13811
15495
3137
13701
4755
10121
9168
6187
5239
11359
11751
6123
9467
14011
1971
1108
13742
8732
8950
5391
989
9287
8289
15654
8766
14348
15511
12790
14581
8477
8525
11635
14640
13648
2306
11710
2623
3524
1387
3640
15402
6015
2896
8172
7141
6107
7175
5922
7944
2684
10801
6380
4772
7069
12779
3590
12308
639
9015
10144
2987
3274
7243
4238
14877
9381
9880
80
12882
5659
2248
12430
12055
14632
9220
10949
15064
11296
1539
14938
6741
2961
3304
12703
6088
581
4364
4663
2344
10599
12653
2124
11805
9177
6409
13430
10211
2342
8218
14183
1790
15437
2022
2036
126
14160
3541
2036
9185
10101
2962
2784
15809
13615
11332
5576
1260
141
14484
8501
9201
7048
12601
14942
15623
5169
692
8462
14891
13222
10485
9058
4995
10506
13918
1988
15612
9371
7676
5330
14963
7325
9221
3012
14958
6023
15100
5888
7130
1096
3429
12348
4776
4928
12130
10500
4834
12850
6975
2769
2023
528
14374
13544
11121
2896
7790
7595
15469
7282
3065
14632
96
12317
9753
781
7899
12779
11481
14716
2724
4228
5881
15135
11091
191
1108
9764
8388
9896
3687
11659
4083
10868
12111
2949
12417
582
15764
8658
5291
12354
585
6363
12005
13148
12546
8880
7565
14770
16289
4152
3667
6320
6536
14170
15436
1749
2144
8223
2875
13957
5783
4792
648
14339
9213
15688
4479
13753
4027
10361
884
14727
9975
1202
12812
2136
16070
15204
485
10685
7789
6162
12182
11766
7209
9227
9908
15936
389
5231
11468
3291
15193
5977
622
3310
1670
1601
7350
15095
14301
8477
584
5590
2218
694
12944
8253
10593
14214
1207
12399
1063
4622
14813
2015
65
9556
6198
1107
4319
7155
10152
12063
7352
14430
15368
16429
13972
15536
3145
1302
2306
11899
4135
13868
7625
12829
3498
15995
9776
9598
4519
12631
11904
1459
13063
5833
4252
13918
413
9716
2629
14071
7561
5360
8385
6035
12384
515
9525
3797
16038
14590
10506
5762
643
5166
1191
5948
33
10538
12930
8903
15699
13891
13253
9497
10507
2385
13854
14171
12342
15823
11408
10874
10949
9005
15332
15949
4905
9662
15321
7514
7070
701
11860
2997
3963
6631
2127
2163
11511
4336
10168
5345
16295
1526
15087
6096
11652
6151
5482
10108
11771
9869
601
14051
1268
14979
575
11598
2760
12660
8242
6537
11453
3693
10298
6553
8957
2964
12959
8718
4892
5104
3636
3299
15564
9994
14979
4734
7542
5715
11520
11469
7537
15072
4852
646
6869
3415
9727
9567
7875
1117
6820
7524
4406
15046
4299
9580
15119
10479
13791
16486
7204
12724
1909
7665
3247
3141
13005
13262
6164
12387
15975
11035
11394
5940
8279
8279
14471
14393
5490
12938
5035
6628
13497
13148
2774
5063
2268
3638
9754
12117
3301
3921
9408
6706
16474
9308
1373
4286
670
333
618
1207
2272
4610
9899
7547
1550
15986
14756
8097
3908
9520
12978
8483
7441
8225
12491
2381
11848
9041
5037
4245
8161
3380
16209
6898
7925
9589
8493
13808
4948
4391
471
7575
13388
11687
10933
9226
9824
957
6855
8522
3632
13647
11600
11554
7593
12794
15349
5136
8286
4290
296
15897
3643
16096
3103
6880
15910
913
11586
470
14559
5576
13107
2402
657
8716
8439
2885
3129
6612
14482
8179
5166
15247
11143
935
2111
1882
5896
14556
15049
10166
5078
8121
11190
14965
12409
3303
9982
2139
1979
10116
6511
7978
12760
2148
1642
13291
8164
9571
10747
9741
2996
3386
8914
7282
7982
6059
6254
793
13672
9126
8891
4364
3402
3424
4345
15826
10528
14611
9153
16295
9038
4007
2713
2583
2639
18
8751
357
1274
10218
3564
3989
7533
10285
9690
11972
4363
14795
6875
8270
14459
9104
1664
2920
9735
1572
6227
9709
1011
13973
10035
15098
12461
16284
13206
3672
9733
10695
12424
11833
11770
4030
13364
4873
2975
10021
8868
12562
3392
5232
9790
9863
3487
9610
7023
1889
7058
4996
15221
10884
8525
8257
1701
3260
12811
11054
3505
4637
15176
15866
14518
11596
9341
15946
5326
13
7795
11814
3980
14714
7366
10625
7346
13287
14877
3412
9864
2722
9168
10886
2575
4546
9945
1238
7632
2074
16087
9322
16198
7556
13865
11949
7721
6068
1941
3219
7344
14139
374
10432
2233
12896
11041
9245
11171
11230
5674
1546
2075
15114
12313
13707
6935
2521
5398
14998
6176
13219
3211
9887
14228
2545
5064
6442
11355
898
89
12783
14367
5206
4103
8493
2157
1864
367
2163
1350
16018
4931
7880
6309
5871
10229
9409
6617
15847
13685
2362
951
9943
3025
9035
16308
2022
5393
11157
13232
15444
11381
5803
11006
6940
7441
7512
2285
14501
12655
3067
1052
9035
10212
16202
12329
5843
1905
16378
1240
1581
12345
1570
14658
8092
12257
14649
14765
10887
12419
9670
771
495
9982
15894
13560
700
5418
1524
3938
5796
13385
1771
4331
3255
5280
4581
6552
6753
6368
14550
6026
12676
15274
15795
9971
8213
2592
8459
9988
14903
5453
6728
5311
15841
6241
2596
2935
7702
9017
12121
10652
13280
1347
8602
11887
15807
5509
3107
1377
12486
12769
15227
13125
16374
16005
14259
11421
6221
5843
3717
7831
2629
10861
11506
14298
5687
13415
4067
13420
15173
1787
14738
11065
6587
1905
9989
2424
12763
6962
2942
416
10186
9975
3251
13525
2193
11307
6619
3982
12008
1203
11754
10039
10152
15209
9261
328
1750
9712
837
13227
2517
5990
1719
5655
9641
12371
7949
10774
15359
5378
16238
10456
7034
10166
3743
11499
13106
10238
15555
5545
9008
11595
10235
15253
12817
8856
435
785
822
15378
14206
8061
12992
2466
14952
321
11796
5162
13504
8924
2215
11195
3221
1479
6135
1222
9384
15557
15282
8430
11253
12928
10206
13365
7757
10898
9774
1288
371
8205
11267
1428
13470
7648
6466
8371
15436
6936
10459
13616
10146
5299
6259
2397
3241
9796
14628
12455
15183
9932
2018
11137
12672
4675
10991
10148
4332
2997
142
9272
4046
14112
11890
1059
15676
11128
8036
2193
12910
12086
13583
3312
5793
16196
4708
1302
3679
13769
1625
7711
6592
10103
10004
1915
8891
6664
4731
3583
7647
3702
2367
12766
6325
12236
3460
6996
11265
10230
4709
10742
4125
1007
4675
9804
2704
6795
6053
10963
9648
11175
2114
10942
1529
6909
12661
1203
15496
12727
15733
12306
1062
6329
8134
13193
12283
1555
13285
1589
3310
10459
3882
8197
820
7038
14483
3981
11751
10123
8864
5397
7991
296
1124
1339
15992
151
6736
8563
7640
10109
5374
11685
11297
6345
3970
9125
15747
8472
4126
15773
12268
4957
741
14857
5354
4880
12288
11597
10208
12149
4048
5284
11092
10910
7523
3450
3559
13430
5796
11654
10936
15182
9774
61
1914
12785
16397
13928
9977
3976
9642
8242
2257
3148
7604
16486
6929
13702
400
3668
13143
6576
12634
13354
3745
1815
12992
11413
3983
12849
14185
12782
5399
2543
1836
1440
1545
10295
7595
1018
14295
6279
14145
5312
11640
1065
2859
15894
3260
16015
14113
9300
16469
12001
6882
6721
9064
1312
13107
6871
7840
2071
13447
9711
8870
4963
5844
1243
9302
12093
1999
4725
14879
8299
10284
15665
6767
11582
13262
11445
9634
2847
14280
1130
11322
9611
9698
8631
8920
3502
7296
13255
783
12229
2902
565
658
6688
15820
1913
611
7647
13891
9764
15364
5395
7517
12536
2005
2907
12452
764
5214
12715
14697
599
8732
1650
8622
2396
4236
14274
16413
12593
8313
16179
4593
280
9718
997
8766
12800
11903
6680
5325
7890
15622
9394
6997
5602
9224
607
14909
11154
11855
1606
14927
8774
2610
5238
2659
10284
10605
719
10497
1078
12862
1942
9013
7061
6604
7157
13377
6898
6815
11888
8668
8645
3641
7814
3803
4097
14735
11183
6041
10555
7964
13973
1466
1507
257
8698
11349
12086
8556
8684
7141
4454
10903
6963
3586
7872
12427
9900
11555
12116
4333
4794
7791
11916
3544
1451
13259
1124
1755
3402
1052
5047
4972
3449
13866
276
11268
10376
3836
14327
12334
12188
3816
6263
142
3782
16311
14777
4594
2424
9251
6218
607
13198
10327
9008
1216
12427
9683
5148
9292
7800
10998
557
1123
7642
10106
13566
1997
14716
11965
15465
4376
9057
2482
1577
11768
8378
1721
1392
2237
4800
3706
13275
3233
6263
5687
3217
2191
4393
6415
5306
13495
13043
15678
1915
4908
11824
7161
592
10442
3722
12671
2857
9465
7683
16381
7070
2951
10510
6561
12800
2088
7850
2811
1968
15904
11496
177
5465
4903
6358
13186
7058
9384
2055
6990
6246
13012
12268
12623
12025
9308
16376
1533
11247
895
8627
6168
1575
2019
4357
5800
14549
14954
14392
1099
3474
7966
6754
7974
13721
4947
6995
5193
6568
3125
11293
4808
15821
2015
15236
2575
15511
5569
8010
12828
10333
7254
1730
14473
9343
9712
10046
10035
15932
10433
5037
16324
1043
15133
15433
13738
13795
1136
3598
13107
1705
6079
8014
2216
15111
1100
4001
14261
10645
7273
16345
10682
13999
922
15810
15991
10360
4607
2266
6931
14848
1891
4659
784
10681
7956
4203
13019
10894
4047
14310
13159
7962
11515
6084
1133
10452
5204
13796
4207
3004
11142
1884
14879
6302
9794
16337
12601
7262
11688
2208
10773
3067
10741
9568
5382
9758
7028
3168
13803
11781
1035
8908
9299
14505
7286
6000
5329
10665
7508
12142
4833
15731
8816
4541
6314
6606
15484
2050
9538
8267
7564
15269
992
7185
10508
7108
2528
1019
15199
14537
9415
2113
13858
9934
7625
15930
2341
13480
12562
14446
935
12930
7554
6119
16195
15411
3046
5233
8775
5217
12914
4345
4863
15970
6724
4749
6279
12289
6712
13092
14975
4078
11686
7809
4976
10677
8229
11584
13801
14873
13515
7985
15631
716
5022
3456
15023
1540
3983
8141
4723
2903
3092
10044
7155
5393
10690
13358
3499
13272
7173
246
598
7722
5450
12592
10470
4363
619
10093
6975
2662
12396
10171
15298
5765
10164
7588
6013
3746
8063
2442
15455
8243
13546
6995
11765
3446
11515
4613
4839
8199
5426
1859
3077
15300
12424
15439
7301
7985
2938
13704
3818
972
4852
13232
13286
7568
14305
863
7453
14933
2210
13458
6108
883
8499
11341
394
7751
6944
7431
6932
13681
13629
1364
8026
10694
13216
13948
8159
3719
14515
2722
4591
7272
4357
1080
2981
9897
3590
2462
11528
7479
10142
6045
4807
6354
12946
2620
15078
13698
15431
2290
5110
13044
10557
15195
3980
14424
693
13323
14566
1245
11083
7305
1908
8956
2098
10018
6040
4500
5866
6083
13058
13337
6818
638
6358
10797
1684
3007
10780
8819
10393
12569
13180
3515
133
11289
15111
16072
10980
8620
6032
2520
8073
14453
9632
9393
8786
10733
5340
4554
13312
2434
8073
6458
7351
915
12479
8966
12066
13631
7492
1019
1166
7221
12442
1886
3759
10390
11315
4432
14672
5733
7723
11404
1999
15088
6271
91
15445
1051
323
2038
9270
13499
5266
12515
14788
8067
5238
10806
10739
12450
5238
15796
12809
12565
10653
7895
2481
8439
677
9685
3121
2671
13547
15425
5292
16035
16119
11220
8159
9168
4539
10800
12928
165
2467
11656
15721
4467
10369
10040
14399
5573
15484
12446
8030
16269
5313
13473
5682
8367
10903
5862
4165
7624
11662
14184
3331
15467
13135
1787
4256
10874
7244
1526
14811
1184
1627
7345
2501
3699
5622
9554
11741
8891
16152
8888
3002
9097
4827
4289
869
4448
14562
14713
7878
3616
15088
2299
4726
12769
12649
3993
3206
6150
11629
15276
13164
7734
11502
16466
10817
1222
5525
10363
15716
2914
8857
15548
2629
4719
15425
3322
9766
15939
9303
14464
7565
4166
320
15579
3458
9994
10732
10619
2863
15735
12452
1693
13590
4703
11047
2138
3576
6356
9558
10859
3364
9985
15645
14901
10594
15172
6020
7732
12016
7467
463
14834
301
103
7688
16040
8620
15349
12762
4432
9886
9925
15699
6009
2028
16496
7590
9065
8701
3595
13902
7716
4173
11181
13810
11949
8869
13461
12534
11110
12749
13183
7826
7055
10744
1748
4891
8336
5562
4762
5754
2398
11265
4804
8536
3114
11631
5069
310
815
1791
5463
16192
11827
129
1355
3387
2607
3371
2509
12210
10887
16344
2779
3416
5010
9696
11702
7591
2745
12102
15368
5093
7474
1242
14164
15442
2107
9686
9702
5603
11384
9829
12394
976
15016
10327
10568
8458
10062
14135
1238
11105
9326
2118
5894
13226
10749
16162
3410
9123
13183
1483
15701
8825
10471
3067
11061
13484
3950
15303
15282
4263
14947
5177
1948
6762
11828
15615
7133
4042
12726
10572
3163
9672
10998
14296
11976
7545
1073
12848
8159
10416
53
3257
11832
1493
15944
4307
2925
1814
5410
15660
4447
4882
9824
4896
10192
6202
9384
2485
5364
2288
15169
5528
15996
4038
10139
7098
11285
5026
4909
2526
6116
12061
12420
1950
16486
11411
6425
3101
2729
15558
420
8640
6939
15672
2435
9825
6100
13827
15850
11742
11316
13430
4055
5576
6613
6433
4206
10149
4050
88
4962
12403
6127
3044
4025
15073
9933
13195
11560
7020
4898
8085
2906
6601
4106
10286
13450
13511
14376
4993
4771
12224
3387
12357
16125
6184
13351
10543
3015
13056
4564
10488
5495
8491
2724
5456
11767
16064
9208
10571
4097
1988
4871
13652
15727
5034
6668
4830
16280
11
9376
8744
5134
11490
15973
6100
12499
8828
12851
13122
3238
12185
10951
3930
12825
496
2486
16199
522
14646
10569
11674
15343
13870
11048
15460
6125
634
4296
14738
14129
7060
5454
1276
8686
12192
863
9941
5923
11022
9541
11925
9628
6642
9082
11145
15264
4667
14812
5828
6979
2760
2001
12982
16096
14019
12892
12414
11757
6686
9662
12
10072
10393
9706
3369
8544
9488
5724
2000
727
7069
508
1033
353
2142
9096
7514
14051
72
15081
6421
4290
9394
11554
9294
14232
8121
14704
6021
4229
4774
8278
6572
5952
11591
8292
261
858
10098
15133
10511
15540
1424
7177
14383
8306
5085
10149
15471
1657
15895
12251
715
5316
11266
1513
1355
5343
9798
8569
11854
5466
7863
12110
14490
9027
12315
11820
10527
11757
15820
12219
15508
13704
9899
6724
11026
3480
9336
754
7611
10659
11069
13509
9388
2539
10087
525
1396
5799
4791
5508
3441
6757
1935
6121
7879
1075
9568
9272
13300
5245
13589
15025
10662
3647
6364
5776
3739
11310
8341
991
8123
11764
2254
16410
15377
3798
8736
14147
4107
5460
15953
67
11659
4456
10171
12749
15449
1513
1825
617
13187
4129
3559
746
9344
14773
15597
10731
8422
9958
207
9987
13542
388
1094
10490
4708
9056
4133
6745
123
5284
6244
3374
1910
12352
4573
12409
9862
71
6017
13227
3450
1290
8029
4725
13550
7601
803
86
6786
15748
16330
5362
16015
13609
5628
12558
12775
420
13207
15507
6168
3896
1683
5998
11227
6923
12688
5570
10369
974
11961
3142
2958
247
12204
6888
5632
3144
13467
13810
4539
11160
14232
1730
13276
7131
15677
11395
4846
14027
533
16076
3310
211
11131
14052
7542
7343
2740
3519
549
13007
12734
243
11273
2889
11669
15607
822
16367
416
14905
7607
5776
6868
11246
11778
8776
4609
6800
4354
4333
4795
1972
3718
14693
4482
2774
14714
12015
14269
9545
14598
12717
10750
9216
15358
3256
15714
5902
2024
7029
4100
16464
12126
10053
8684
15650
9445
9891
8264
11723
1465
6315
2283
6788
11721
7843
35
14023
15487
14832
9360
6865
6774
4545
7281
8758
6737
2337
2485
6052
9883
14973
5710
10563
4453
9183
1535
13719
7947
10501
7798
11700
6671
458
14573
4942
7587
8995
12359
3847
11154
10021
8908
5409
15074
4627
7828
10881
1288
2625
14728
13640
8491
11077
6430
517
6114
5297
3478
9004
9406
7808
6837
12470
1181
8874
535
15991
7560
3314
10175
10151
563
98
8575
15417
1346
1293
3294
9170
1703
8900
9933
7399
10719
3841
7671
3459
15574
7975
5578
1695
2283
1876
883
4937
15631
831
238
54
6188
14758
499
10642
5387
16309
5521
2959
5815
464
7370
11448
13240
2881
16026
2457
3634
4422
6204
12356
2098
867
14447
2179
5158
13232
2616
5815
304
4341
9222
11077
410
9710
7629
12182
1821
2149
14444
7838
7672
15948
4
5351
4026
12387
1139
5212
14722
15814
15954
14890
10098
13661
1137
16016
640
13451
9150
9182
14410
6918
6071
13614
7510
7766
15958
241
7967
8839
3274
14318
9017
8221
7102
13233
11165
3296
9940
13567
10456
9756
2627
10512
9537
7055
7398
12474
11537
1789
3546
9043
10519
282
13242
12289
11666
8442
14925
9610
11421
16385
2815
9066
13276
3013
11692
14406
10038
6005
7126
501
8423
2680
13538
5078
12703
488
3723
5459
9917
1456
12150
459
8002
6101
9262
13355
188
1596
14947
9524
8335
5352
8374
10854
10479
2147
5395
8376
14587
9521
7170
6919
13811
1086
6520
8579
2046
4119
11909
4871
15532
11372
4044
354
5188
15062
12320
7561
9486
14648
12915
8043
7214
2375
8673
9360
4968
7888
15209
11973
6746
9989
8599
14662
14366
1252
10880
6755
14303
8300
3688
2322
834
11931
12381
8755
6068
819
10861
3724
9969
3978
13853
3747
15238
8142
7338
16352
4610
10185
4192
13119
4721
4540
13679
3163
11567
9575
7551
14183
14041
2427
6216
12375
2481
8012
8606
5248
15125
479
15356
570
150
5363
13796
4491
5695
7065
8538
4311
12794
4232
15503
3364
15500
6341
2367
9967
5868
11853
11342
9905
14290
16403
2621
8558
11411
5108
8239
12190
1556
6136
61
3947
15575
2708
15833
7196
10133
8993
9223
7885
13378
14229
6571
5218
8692
4784
1361
12897
14515
9614
7530
3734
2168
164
12353
11457
6147
12084
8903
12369
6517
14803
15253
2714
7517
8063
11837
5390
9621
4890
155
9510
15290
8573
5795
3652
5398
4213
7569
10748
13449
10534
12716
3133
1125
151
9441
4539
11311
1130
5485
2913
15485
11545
1153
14075
8184
5386
14022
2821
7629
2276
14767
16168
2197
13242
11258
483
4865
4213
11872
9410
15729
8219
12043
271
5904
7703
12915
7369
5216
4644
3070
6311
6173
9681
11135
1818
13542
9108
12071
14988
3765
2955
6767
14182
4737
7444
2210
9942
11276
12736
7125
9417
16359
4852
8569
12498
3521
7983
9384
2554
11278
4191
4185
12687
16432
7812
16280
7402
9861
12124
451
2917
4758
15663
2213
15433
7101
15172
1952
12704
5551
8246
7075
9733
9503
12689
4534
11173
12829
8334
10360
83
7865
3651
8551
12668
16084
12917
1294
7660
1627
7149
12865
6531
9269
9561
8204
2466
16245
13915
16304
10936
8890
5368
8945
1881
9672
8044
3336
8351
3825
2594
1709
11403
15763
5865
12887
2126
14491
180
4049
1148
10707
6364
3316
2182
1630
2841
6792
10939
5458
6094
13637
783
10953
4250
16183
6503
643
5102
15166
1499
5441
12529
5527
9085
3986
7082
9521
1479
16257
7942
2872
13310
3898
4164
11997
3519
4491
16293
6075
7178
12685
11468
8763
6948
322
15756
9116
13149
508
9159
2442
9807
254
8539
6795
11033
7035
14906
6672
1410
653
14446
14300
6495
13257
1513
16483
16268
3382
1315
13167
8669
6894
16129
1160
12796
5993
3625
14513
7774
10043
99
10281
3774
195
4432
16426
1845
5649
6120
15539
708
3827
5808
1864
4365
1543
4045
4532
8428
4681
1226
12423
16469
6541
6874
1318
5490
450
11191
5567
3148
10576
1455
6534
8333
7620
969
13018
12477
3323
7679
14895
15013
15961
788
7187
4330
11026
11123
10901
12752
8784
10625
11382
5792
5711
10062
1319
11174
14083
7796
11592
7424
7672
12860
10959
1339
12715
823
7142
4177
159
8936
7832
11324
12218
7767
7078
8397
5631
7538
6359
2405
16243
1666
7572
6169
5411
14271
4177
3390
15192
5105
11741
15636
8977
2933
4995
7899
13054
9345
11504
3512
4393
5068
8896
190
13252
857
12349
9268
14224
5976
14019
5549
15296
9152
14296
4154
11028
11990
2648
14367
6499
882
6047
9930
14931
7292
9385
11253
9862
7350
5291
9533
9214
13105
7797
8091
1009
3466
4317
8721
15162
4470
12520
1164
575
3049
8756
6472
9868
3808
14378
15582
9215
7561
13650
8099
11469
3342
11915
9522
5530
11836
16292
1128
7611
7047
15778
16360
11974
14780
30
1511
1803
2814
15938
13212
13964
3802
5886
9030
4363
7468
1290
2748
746
14208
5301
7965
290
13
12305
14180
13837
6603
4041
13040
9864
2303
5626
9642
15589
9659
2026
10513
8935
5669
4397
12173
7404
13289
6229
4801
1301
13736
558
6568
4959
10937
3720
2310
8847
1587
12029
11483
15392
12060
11651
13687
3162
3732
11208
4107
1647
4876
4084
7694
4583
9865
16343
13523
7071
3005
13640
13455
15161
10186
14090
280
13769
12807
5433
6297
11011
11323
5877
9171
14535
12570
12385
8207
7992
4630
5487
5331
189
5526
3684
15319
8345
14985
10845
5716
4626
12483
2311
8961
12570
1496
10753
5935
3861
10792
9203
2355
3027
721
4335
10630
1522
989
3561
13207
2291
3864
10256
13381
12221
15591
3904
15837
7399
6902
8883
12334
3482
11414
14726
6130
4077
15213
15804
8470
3930
5090
8299
6346
13274
693
759
2009
10201
1885
1560
8653
3637
11209
4967
14730
6787
8623
2648
10156
3688
9017
7354
12651
696
5293
12697
10029
5979
3906
6819
10080
1595
168
1051
5370
9462
1134
10164
11806
5040
1
1404
10916
13381
4523
11400
15183
10440
10741
2310
15368
13664
5046
15325
649
10248
16081
16227
4315
13492
10818
14920
6334
1000
393
8365
3718
12454
14160
7066
3759
3668
11916
606
16007
10481
14035
15761
6837
12854
5834
9284
7071
15925
8848
13833
14319
5217
14112
11908
6198
6284
11912
6253
4531
7805
15720
4745
8042
689
12347
8169
15990
14033
5038
8457
2215
6326
4373
2045
6018
5430
8138
15240
12935
5565
6162
6959
4982
12105
3024
3871
2959
10049
3961
8367
1154
14230
9513
10582
863
10389
1546
14046
3597
14576
13669
16279
5480
10505
3926
10865
13312
5225
1791
6429
12891
11005
6753
6420
11599
10931
10348
15729
1962
7406
8168
5247
4462
3093
6766
10975
10269
1927
3761
605
5001
2801
15342
16260
11363
10467
375
2316
12660
296
8222
14620
10413
6233
1422
10724
12770
11406
271
1652
13811
13608
1606
8363
9182
4094
16391
7189
4892
3650
14461
15111
7915
11875
1096
15738
16256
11433
8779
11105
9479
12294
5749
5314
10965
6103
2925
385
8421
14087
9229
14172
6947
242
15518
4711
12515
8666
12110
9635
6614
9155
16083
15785
2604
3601
7141
7270
6825
9718
10081
10471
5812
7727
7145
14920
11775
15080
15297
12855
14484
1495
9510
13855
7532
6509
609
6617
5199
196
7053
13819
5388
9048
11972
3444
6216
11508
6637
15450
5038
7836
15752
10134
15185
8482
12219
15854
1293
8195
8764
842
4748
11013
11579
2034
11244
15556
9308
4449
9304
15886
15425
12775
3128
16430
7770
5695
9343
9413
11648
13186
15717
2765
13715
7774
1430
9095
9161
8894
14835
8514
10442
16153
4271
3525
14141
16380
11148
11160
4977
11411
15540
13446
15920
14436
8530
4230
7730
652
42
12053
14882
1412
8562
1309
11326
13542
6075
7160
11295
11856
5743
4356
12056
2985
10437
5519
1680
13
3608
4353
5633
12464
8312
3363
13231
14674
15300
1799
3701
3981
10026
16279
11445
5425
15554
8345
2102
12759
12834
9037
10172
14605
1785
7832
3640
11354
8690
2655
15848
6004
4811
5453
11517
12686
12691
12074
3880
14782
7386
7943
14268
16243
3218
9806
13492
14830
5243
2031
12931
6129
6297
1530
12763
4979
11471
4070
15452
15371
10680
16080
7911
2302
15924
13081
12859
7713
225
9367
10108
11738
12266
12537
10352
8290
9956
141
4483
9192
10281
7062
15587
9754
8329
7232
3915
11314
2966
15659
11422
5176
3590
46
8381
7449
14821
9262
604
2361
15616
6719
4629
15578
14123
7632
13155
4812
1910
14600
7403
238
6012
11907
11991
8443
5590
9687
12859
1256
11676
15935
2772
12807
8259
8575
7660
11604
9735
12857
8138
3099
2283
12996
11655
11596
14460
7350
12631
10455
5628
1029
9432
12710
12650
11944
15930
3604
4905
13120
16302
3097
15708
1236
16373
13236
15808
744
10539
15850
3073
7367
14131
3050
3418
13320
16058
1410
10086
9733
8572
4865
4552
5641
8411
790
4893
12722
8154
6966
15703
1375
7300
2700
4775
15246
15888
37
53
4215
15666
12686
3866
6422
12616
14796
4364
14745
14016
11713
1049
5443
16014
13173
14840
9403
12843
15950
11997
6148
4147
14907
1832
4576
8629
7441
12625
469
13867
11493
14764
1965
13015
1697
8348
5381
12999
9928
15261
13742
6234
9644
7378
8015
13565
10221
2670
559
9765
905
7913
3771
12403
8859
5073
2051
13201
13712
13607
12336
11227
14570
15418
12429
16412
15438
6125
6178
12747
3410
2572
9977
13136
8135
5530
11308
15451
1653
2941
3591
10385
9266
14166
12651
762
2864
14847
315
2207
15284
11016
498
11581
15688
2988
13843
14063
2451
3213
7957
13011
457
766
13036
1756
9388
15079
12218
3153
10888
14713
8438
2991
9906
6703
2267
12161
6897
7848
9164
13149
13276
15280
11072
1
6974
5990
7363
3976
6997
4869
13351
16253
15598
12079
8097
9176
11843
14407
15831
3058
10047
2586
2502
12483
1382
12256
3901
9594
10937
15739
7059
9156
12419
7782
4169
13072
6092
10915
6483
5891
5411
12416
4545
11713
8742
10951
10858
11956
7741
11065
6726
1905
5125
5430
12047
5920
11654
6226
10636
13649
12507
818
8463
5255
15902
10772
10028
6082
15456
2420
8580
3732
3930
6648
3636
5779
7337
7734
7647
13791
2939
2202
8056
6662
11110
1338
4470
4069
12423
4054
1893
3240
1847
12965
14149
12403
5996
4944
11044
2692
10000
2292
2635
12235
11274
7473
3489
12567
9737
10455
14719
12584
15809
14779
8281
12306
3467
5940
217
15417
1185
3288
13498
5721
1682
6811
8408
13323
11532
413
15330
910
822
6316
3038
2514
5148
8246
11493
2070
10798
15878
9788
2808
1538
14946
15615
9871
966
283
9763
7008
12382
1860
12509
8913
2856
15570
10203
14307
12750
10781
14599
8469
4551
439
13014
1161
4265
9445
8508
15614
1318
3152
9756
1513
6799
16386
2287
11320
10429
8274
14457
16352
9490
8727
3897
10635
14101
2030
1299
9755
12401
340
502
3604
12256
15192
5042
14069
9087
15084
11601
9665
1814
6189
13105
4170
6603
6643
15052
9296
14811
15837
5144
12176
8786
12283
3349
8776
3710
16421
1888
11594
8908
5282
13814
5771
13995
7482
3399
270
15694
5402
13977
14806
11176
12426
4800
1648
5303
5547
8542
6000
13626
13195
13880
2911
5457
12310
10682
5730
8450
14386
7501
3291
5348
11137
16237
4396
9769
4675
6860
331
10509
12864
12634
2807
15890
800
933
3189
3837
13386
669
10458
2982
1629
10384
2610
10833
5116
12900
7547
3323
2596
7151
3413
1246
14085
11333
7593
7313
9604
221
8087
7893
8060
11950
10606
12140
3091
12892
12909
1292
1031
13817
9210
13424
7258
12506
10341
2806
7274
11557
10873
5294
7518
3147
15075
5920
10716
3025
2535
16301
1225
3958
12786
4010
9516
13095
12229
7837
8339
3864
4805
12694
740
15193
3325
6375
3373
2576
5221
6161
14134
8940
5929
9429
10786
4062
10698
10039
571
8275
9106
9901
738
7894
15760
7832
2494
3705
2974
6325
6751
743
3338
15813
11758
3346
14190
1854
12979
7921
10529
3940
4860
9582
388
1580
1525
2860
8166
14877
4558
8788
10808
15160
16100
13679
11424
1311
592
476
7247
6829
13167
15731
5518
2998
941
15328
11113
15138
4015
2799
11964
7988
2331
12896
1012
4637
2482
10953
418
4336
15627
14066
13058
4726
15910
14619
2123
2409
13934
8660
11138
3146
16142
11561
14547
4587
7851
7353
3706
523
12379
8250
12596
10061
888
13350
14789
5330
482
14224
16241
6219
9006
11800
5177
13020
2289
4136
5519
2262
11444
10297
5128
6284
7804
12076
12579
9412
12417
10440
4538
14899
8028
11827
5933
5878
10468
1597
7111
11664
2315
1325
3137
8388
5077
8333
4553
12881
9493
10381
839
14888
368
12694
13977
5788
2643
8464
14874
4100
7370
10734
13998
6756
15719
2091
16459
8038
5530
6026
1306
5483
9053
1252
5800
8099
6000
14854
11697
16487
4260
2596
5152
14200
12297
12657
14227
4857
7479
12556
7173
2013
14293
8620
12181
15788
3791
7062
15549
6086
16376
4099
902
410
12769
3221
11969
12754
9061
306
2338
4900
16151
8072
1882
13138
1048
11843
13440
1786
16221
6336
116
8432
5729
9117
9046
12820
10935
14751
545
7924
4235
11137
3052
12365
2052
9815
10937
3488
12270
11605
1426
143
15778
2334
7749
485
7197
6865
8022
769
2875
7358
16329
11702
6447
5065
8017
1994
5393
13823
75
9795
2901
16237
2799
15082
12913
5990
213
3051
8842
9852
12568
5925
10615
2593
15855
2960
9056
14996
726
11150
6650
1579
15116
15611
4379
2877
6781
9662
11069
2168
14928
9263
6116
535
12489
1624
6235
14650
6098
4194
13441
13865
2614
13877
7675
15449
11295
13952
245
9193
9476
14301
4103
14585
13933
6203
4911
4687
11785
13137
6057
11496
1767
9307
15383
12727
14289
15219
15001
2627
1193
3856
2415
6978
13745
1353
1944
12382
4153
3227
12459
14116
8279
341
7411
14142
7574
9801
5899
8109
12310
9102
14763
6002
15405
12709
757
4833
5413
5690
3933
3768
14651
119
5157
11724
13851
12937
15250
2383
2661
15405
15482
2746
9672
6752
8874
11353
3134
9832
16455
3514
4552
2742
16152
7217
5323
6357
8035
6164
9819
6055
9032
15524
78
14567
4789
5177
7318
211
6960
6772
1168
6165
10773
1030
16026
12946
9662
7728
14659
8448
4554
7503
6985
1770
7031
3422
8408
10363
9879
10726
4480
6194
7475
398
13373
16057
2209
81
14525
6197
10221
8763
1102
5728
14447
8028
317
5824
6613
10743
2279
8472
13837
4015
444
6861
1748
12408
4029
6747
390
16173
9261
14064
16263
13851
8518
8111
5769
1876
5145
1385
6759
10514
9583
6037
9253
11245
8944
1870
1175
1516
7984
4538
14800
3410
15719
9107
6512
1932
12602
7908
377
9724
7460
6391
3867
1244
2035
5061
11399
14369
6898
15909
6009
16338
6372
2432
238
9727
4297
12403
10147
12528
5888
9791
7081
7105
12602
1070
16274
12391
16499
12902
8023
14191
2654
6053
356
12800
779
12184
11964
1067
15545
5875
2801
12690
4535
9900
4880
5981
15083
7513
971
12274
9636
9660
5359
3089
13684
409
1810
11613
8154
1780
5114
5664
3681
7150
9178
10315
9702
15636
6966
2424
11563
163
15347
11858
2792
16325
3728
4716
9789
3387
14795
14939
959
5702
15947
3497
4840
8671
7441
5818
12377
2146
11409
15975
9427
8929
3534
15230
9012
6965
9290
10936
8118
3384
8148
119
3135
3665
14926
2602
13082
4370
135
7413
10141
165
5565
5821
8580
2859
3394
12699
9773
15406
11561
10634
11343
3373
8270
5429
8981
3107
3882
13090
2274
3121
15638
378
4666
6456
397
9668
12949
4296
878
11933
5239
14495
3924
12114
10998
414
7112
13193
14153
13782
8811
13467
14609
7382
10455
5068
2459
890
7145
8108
15090
5245
2362
15366
6009
13026
5991
14898
4512
10894
6820
4553
5726
7818
12230
14978
9242
1864
5796
3860
5453
1748
12189
5524
5545
5719
2581
9033
6749
2230
4419
6440
9206
14858
5312
10074
10037
6812
1550
6299
13950
8507
404
12852
1454
5557
15652
9672
8120
11503
4212
14388
9539
4539
7153
6235
10799
1540
10099
15756
16493
5333
10109
7022
15997
4389
6330
2461
16101
12657
13723
4463
12198
9588
3680
2746
1772
7310
6709
396
6924
15415
12849
889
14477
4880
6203
11934
8784
14711
12789
13652
4480
15162
959
11272
12824
14441
3172
15509
14764
746
1239
523
2621
14940
11117
13432
13672
15920
13367
482
1583
5268
12050
15909
16380
5991
15239
10510
11988
6221
10506
11616
1033
10497
13709
2355
14230
6198
5048
8642
9381
9846
11261
15042
6532
14551
725
2014
14949
12690
3542
6929
11475
4961
4457
3598
3491
1416
13264
12994
11920
1406
6313
7592
1979
2116
15823
10136
11596
14487
5630
4246
9015
8597
16256
2596
6804
7462
15444
3952
11107
15691
1278
1954
4093
13450
12382
4943
2649
8661
7338
494
15600
2213
16037
4344
9911
16198
9414
3721
6563
16360
14086
3619
16398
3128
10282
204
9748
4426
3711
2136
6691
1762
892
10547
1564
13291
390
8663
16045
15936
13455
11328
14686
8841
8771
2804
3033
10619
1731
2006
9807
12404
13886
11119
10758
7725
874
12410
7488
14704
5158
3433
7359
9870
12334
11694
6876
13677
6500
10938
12505
2385
8660
8662
10029
4300
15757
9455
948
14710
1404
12287
9302
2709
3906
6617
11676
5072
11146
3040
5704
5456
12750
7700
14066
10146
10800
13725
16414
4290
13665
14718
10372
1711
15891
13282
9076
8780
16275
5623
4983
15010
11819
7136
11255
5532
4217
7596
15026
10811
7089
10946
10953
5847
3373
7180
12108
13285
10171
4214
8367
3871
14347
5544
15806
181
8530
11020
15189
13402
3105
3602
6668
16467
13794
155
7757
9846
9994
14399
5829
10694
497
3066
6912
9185
16272
1567
12800
1290
9160
1949
7947
2958
50
11757
15265
14254
14923
6466
6813
8637
7135
7227
9061
5920
9750
7261
12924
16128
9582
15024
3386
3471
1878
4187
8072
11336
6193
5385
14524
12706
15137
14351
14464
12444
7492
5810
10126
9197
9863
7552
4962
6270
9552
11692
12513
6254
2605
11980
4082
15087
8930
1362
711
8878
3730
4619
3470
4702
12002
5449
6106
6059
3101
6795
5459
2630
2101
7825
5314
1386
12878
69
1991
1662
3251
15200
13983
5234
13654
10375
1665
9522
13600
831
733
4156
6248
9279
9210
13401
4830
8286
12227
10948
5062
6933
1571
12922
2699
16319
6694
14392
15014
16149
3896
4485
8198
1299
13544
9907
2106
7384
3017
1415
10983
8836
9974
926
16395
8679
7578
4840
13833
5893
14697
9405
1787
4671
632
10416
12331
15988
5851
909
6926
3020
3614
9952
14983
7168
8325
13392
8782
9019
9723
15613
9790
15918
11256
7342
6316
7478
7894
14437
8275
12939
8098
10196
13120
14155
13152
3419
2934
6662
4064
11664
3093
3430
4105
3278
14373
13133
10193
6844
10334
7668
12642
6963
15549
10194
4309
745
14526
7089
2613
1341
9959
4100
4690
12268
10674
4765
11939
10842
1678
2947
1527
15346
13544
186
7324
7308
2070
7732
7542
13393
9151
3518
1581
8704
15377
1127
213
1721
14074
12937
13479
8828
1444
12477
13926
13125
4730
14140
13768
3817
12874
14839
2502
7817
8720
8255
16135
179
7713
9098
3747
5933
6316
963
2052
4923
13910
8377
11626
1357
13923
12668
15280
11255
11953
9638
14102
11273
7124
1776
10099
5951
10565
15145
12367
13598
5072
16281
3438
7995
13637
11502
15830
2069
3052
8562
7934
15260
10064
11791
15558
13540
8126
9959
14193
2121
10401
16454
1280
5079
13514
15664
11532
2442
14337
10389
6858
3849
7115
6949
1326
15987
12869
15887
9431
7946
12883
11783
8326
8856
15102
15995
12479
1374
5566
679
15137
5380
2379
1715
8856
3452
4678
3707
7669
8095
2127
4862
14352
6735
3600
11510
3487
10824
13045
7504
16255
2136
2170
8460
2154
14069
1244
9946
2641
11018
13115
6344
3645
7076
8908
11198
12001
14496
4389
7724
260
178
9305
16296
10812
2574
9434
2662
12227
14182
11392
13720
3405
11483
8265
13013
4743
15592
2965
9155
15073
13238
15333
3590
7933
14887
10745
7616
10358
4044
9777
5608
4480
14752
10202
14855
14104
7935
6688
15436
4152
7056
16163
8642
3597
12665
11947
4480
15766
13890
15480
7107
3611
7159
8787
11052
2211
1222
11764
15731
781
4597
10229
3204
10303
8955
14396
14157
2426
7444
14031
156
7085
8507
3664
4362
11368
5823
14090
15577
6916
6734
4855
9982
8145
16092
15703
11743
6052
14845
3986
16092
7019
13346
14428
7041
11537
7506
5751
11018
6095
4359
8485
9703
6774
1308
14556
8784
6159
3185
5584
4317
1001
338
10665
10449
4775
6700
6471
13820
6183
1500
391
5611
5611
6338
10535
10797
6749
6341
4857
3168
5661
940
5738
325
1934
11449
2187
5346
11261
13642
15595
7626
15469
2498
7237
9139
3994
7183
10039
3681
15824
6839
3371
14167
3469
14822
15969
10895
539
14646
5445
12615
7262
5174
95
15114
15049
10940
3252
5246
11747
2345
16404
8524
15022
3748
6222
6934
5341
4589
15693
3228
4368
3633
970
5215
9952
3863
14335
15939
656
14639
7559
5479
5095
15211
7540
3283
217
13841
14044
15285
5913
5097
11139
14730
13136
8286
6634
4109
14347
13815
1647
15894
16003
807
1661
11823
660
4554
15444
2041
10650
11639
4787
10031
11274
16453
5864
12344
6118
10994
15889
10856
12756
4341
7920
6467
7308
14823
8251
11300
1478
13745
5056
1631
12511
3468
9749
3064
3525
12754
3634
4097
5117
5520
1531
7216
11568
3323
681
8659
3395
7634
15419
3207
693
14833
8221
15788
9475
8806
3653
5752
10369
10101
13390
13838
15559
2106
13625
2425
1164
3661
8491
1963
3691
10792
14085
16350
4320
10945
4428
8560
11097
4714
11496
273
2851
11813
12806
16408
13256
191
5980
11659
12813
8207
16454
10193
8096
991
1974
609
3284
2926
12151
2687
7204
1240
10590
10902
12874
5674
12574
2887
7153
8764
10465
955
929
11572
13503
15926
15850
11170
1962
1335
12114
10088
3742
14986
321
1240
15575
10200
3305
14810
13077
1730
8028
8999
15669
8248
8390
4629
8102
6778
3932
7807
1733
8756
11383
481
15680
15735
16067
5017
4353
14131
10927
5735
7222
16478
15844
5641
12975
2995
1739
2530
10196
14773
785
15297
13559
5690
2360
3107
2724
13882
4333
5573
10456
5725
11452
8419
3355
4313
14328
9201
4724
2230
16446
9956
8209
6071
7801
11732
2184
7027
2811
15510
7163
15608
1646
4916
2108
8464
150
1424
14984
5891
4468
11504
3990
1748
6071
6015
7691
13765
6815
9344
11218
12050
9524
9259
13228
9956
5549
14885
8514
8536
3785
11901
909
1756
6810
14595
4428
3915
1542
7182
6799
10689
6231
7934
4249
12547
7243
10705
6275
12565
11458
3166
3752
1341
1894
5542
6641
10004
16003
16176
3839
6076
9827
148
7021
5937
8765
2776
15961
9517
13381
16354
2566
8886
8634
1904
1267
1780
5643
8636
10778
77
3202
13047
927
3690
7125
16227
8731
5913
11760
12261
2168
9628
13197
15201
14549
5519
8193
11026
15787
12470
971
3781
15084
6779
11188
5116
8356
1986
4618
4590
13009
1968
1753
15323
14825
8878
9602
6775
3415
13204
9809
2428
8840
6383
16388
9771
829
705
3208
16073
1093
14196
3355
926
13263
9059
15211
8110
15547
14602
2486
1494
2165
4719
10425
14459
13534
13702
2997
3884
13870
2889
3599
6231
3919
13723
7062
14031
6540
7590
9875
12338
11245
12696
3216
16105
2865
10302
45
3230
16330
6370
11233
13301
14990
608
11031
9090
13869
8318
4748
12623
8791
2693
7959
1752
4005
6372
4791
13770
12285
12428
1289
765
2858
7097
14175
10254
12875
3992
6240
2633
3950
5344
3081
5035
14803
3681
11310
7446
467
9900
6852
12704
7032
14644
14648
8017
11228
13768
6041
10582
12441
778
5346
8983
12199
10405
8307
8612
6014
1978
13267
11542
1445
2793
13588
5401
6778
15812
5899
9800
2957
13199
14943
4347
6848
7734
13321
13911
210
13037
11736
7515
6621
11530
7727
12560
6333
508
2379
14853
2084
5088
5129
15476
7864
10637
12799
7302
13726
14867
3076
14985
4060
7596
7853
9235
11417
5786
2376
3076
5322
4404
10423
8964
3869
1213
538
2190
9264
4063
9408
1451
1242
5659
1517
9026
8347
7964
15225
1352
8458
10212
14379
10183
5931
15143
13736
15155
14813
8372
7579
14520
6378
9270
2096
14063
5741
13377
1109
335
9394
4314
15013
3012
6285
8877
7869
5574
2968
8109
4872
5348
15753
10120
7531
2071
15785
2410
10985
948
532
11631
3821
10661
2226
2309
178
12005
5427
5530
14399
15161
14825
8045
14608
3390
3277
10778
861
1407
6361
8430
12545
16010
11038
13279
3329
3717
3797
2638
2846
13093
1358
10015
11138
8452
4438
6239
1856
1860
5786
2102
12930
8711
3779
2830
15014
12780
16228
10811
7558
14041
124
16340
11964
13924
3788
2172
12403
14812
12424
3158
14318
12183
14353
5084
2574
86
2966
14521
1930
7292
12132
7179
1958
2785
1571
10696
4007
4952
2057
15412
5645
4949
6011
6773
14418
4146
10572
10851
13168
7314
2039
13375
10790
4869
2652
4032
9298
2046
9377
16480
11574
6864
14077
14868
9697
599
15142
1892
3588
6598
194
9631
7050
2466
3413
14171
14405
12616
5716
8573
5085
12563
2143
2870
3102
14070
3864
13296
2783
16320
9745
4658
9295
7414
13997
2580
12625
10793
912
13055
6374
14895
692
1449
11566
7209
2428
10293
14158
8762
15028
7599
11161
2177
11155
12301
11501
1061
2378
873
4552
1408
5284
8218
4739
7587
268
62
6319
10481
10603
10007
9946
9576
5864
320
9065
8045
8491
3158
5300
12120
12617
15174
1398
3539
12294
7723
9578
5209
2555
10279
12722
12834
4737
8011
8783
917
5346
12666
4831
14220
12245
4455
14175
12822
15964
10160
8634
8221
549
8920
10248
330
15769
7607
7176
4341
6889
15880
10529
2405
15138
7267
9242
11726
13954
9906
5267
11721
2125
6236
5263
490
1813
1506
865
11205
2170
16383
9242
2019
10706
2011
14320
8957
16257
11118
35
905
10324
14293
5069
6165
716
6620
15659
1257
2850
8817
1767
15906
2469
9417
11093
15333
12188
4517
9133
15033
8914
9019
7380
9263
13260
9441
6860
16059
459
1708
10489
11107
5867
15125
7880
8444
66
10439
15724
13006
1144
323
1285
4387
12145
525
9925
3068
2963
12707
14823
3089
6809
9203
3664
3909
322
14387
7935
8951
120
3608
4193
14427
16329
11572
11247
6156
13938
7867
5807
13625
3934
12068
8645
8578
14794
12114
14539
11325
6404
8698
744
1334
4960
12341
13782
4014
9325
11917
9224
6261
3621
2807
14510
1481
13826
3715
1095
13909
1337
16478
3055
50
7605
11198
13172
14459
9223
8638
12157
9805
14924
1639
3839
7445
9916
11345
51
5364
8026
2642
4890
6517
1884
3917
15996
14152
12898
9062
4460
16185
1024
10034
14432
5100
570
4913
12200
6787
16131
3874
11333
3422
13920
10097
15828
4296
12511
9671
13682
3895
7558
10066
1391
16219
13818
14188
6870
3768
6982
1792
3686
5982
13892
2334
4216
16426
5255
16420
13595
15333
4807
11065
5100
2387
14803
7653
5696
6786
637
3239
11768
9368
10009
3143
14232
3351
8014
10062
9393
14217
13189
8811
2725
6459
16121
8487
12284
756
2405
13112
8496
8993
9529
9325
8635
15455
2751
10059
3699
13850
14230
2869
1732
6474
501
8307
10318
12917
8816
15999
12331
360
9750
13477
228
4123
9649
9962
11724
11236
6103
568
3441
7470
1935
1291
3117
15490
13469
9180
7523
1051
12722
9040
5760
4823
8313
15593
3314
14330
11009
12904
11695
5873
4343
4227
315
10690
16358
7497
8492
3847
9443
2570
13776
8336
1214
8802
10369
15196
5893
7021
512
7753
6669
13424
77
6952
5840
1995
12091
2268
14814
2752
14115
9201
1259
6840
7651
6591
1648
4326
15665
12907
5171
5890
7909
9477
6523
6632
15441
6525
8112
11663
11818
9405
9211
4626
12831
2250
11916
1346
5893
2698
1336
1838
8970
13996
11340
15856
13802
13041
11258
5905
10673
9746
1760
9420
6445
9081
14460
4070
3476
10513
10761
11471
3472
13094
10089
1004
8719
1255
11700
10255
12246
66
4938
8569
15615
13294
13495
98
1488
11448
1113
13562
7799
15523
12732
7080
8874
13945
8440
7244
4699
4240
9423
9760
15122
5881
1915
15213
5795
8330
11016
4106
10118
9410
11340
12223
15623
14149
3563
8151
16026
15543
5340
14758
5316
3180
4268
12742
10426
5671
15729
11513
7869
5216
10020
8919
246
1286
2296
1277
3635
11730
5466
7158
12316
6891
13341
2790
12002
13614
11139
12884
4898
12733
10027
11351
14689
8962
2896
10272
11057
8955
15880
2933
15184
6567
11196
12160
12054
4009
5470
12813
11578
9567
9972
4630
6344
4714
5990
13424
1619
9006
2787
13008
4545
10313
3449
2600
10850
15774
7769
15222
1570
8832
2843
4634
2709
8456
14106
10882
168
6302
1484
275
5204
4820
14755
3524
8746
1856
4075
11452
7775
1372
7996
15499
5036
7312
6048
5394
7192
10732
9132
14055
9787
3343
1874
15865
7302
4689
9069
14229
10397
2905
11888
8691
9712
600
5276
15690
14830
7655
7600
11914
13575
9649
8300
3052
3285
13579
4998
7454
14606
11118
11011
2681
2527
5008
285
11609
12518
9716
6870
2499
11898
490
10130
8942
6417
12439
9454
5589
4467
11313
14475
2683
12897
12193
13544
9105
1819
13420
9945
10751
4012
1880
382
134
3485
13813
9196
850
372
3455
11958
12630
2181
14682
6121
1021
8845
10217
2461
7764
14989
14481
6640
3484
9116
12953
6505
11026
12106
11470
5251
4598
5880
6490
14415
2440
11970
14507
15022
15773
15300
2201
1604
2252
6930
13627
1979
11805
6443
12005
10213
9790
9320
10640
9001
9681
14873
12804
191
889
10620
12360
2636
943
1459
1886
164
7531
16069
4398
12867
14197
11582
10204
15130
1557
7925
14839
4255
1845
912
5808
5972
2668
11970
2213
6659
5770
11164
16092
11870
2947
105
4943
10747
9037
15450
12991
3680
11111
16066
6943
14080
9336
6228
11765
5007
16380
13879
3752
1537
10873
8217
8511
10749
2027
8147
13006
9285
2586
580
8472
4604
1491
3934
4078
16394
1142
12831
6166
3809
16253
14530
11070
16077
12332
5805
6443
11773
14055
11126
3759
7731
6396
12078
8899
75
14911
14984
966
7313
10968
1528
531
6982
9039
13418
5064
3091
9559
9923
1514
4550
3850
6266
15926
7944
1544
6390
161
14206
6486
9055
13400
3468
12982
12446
3884
14195
10885
11879
11709
1656
13315
4819
15311
2408
7865
15305
15192
13035
4372
15811
2070
16221
10813
10560
15740
2554
1031
12496
2445
14985
6555
5974
6886
7906
505
1122
7153
9528
407
11501
15463
3521
8996
9337
3425
11540
11202
5426
4718
16104
2794
8017
16074
9851
1290
6317
9299
3670
416
9819
3216
10682
8971
6236
11477
10329
2682
7742
317
2333
10788
7183
8384
1968
12133
6348
8522
12694
1458
4646
13782
8637
1480
11433
8708
7792
14040
14327
15543
12009
5778
8046
16208
9874
8943
14735
83
4680
1576
7149
12756
11762
14761
7907
9709
212
4269
15168
6451
14325
11436
14042
14779
4609
5561
75
13056
4586
2887
7195
6589
15696
2144
3707
100
3283
16141
4218
6774
15990
1218
11092
10022
12642
13577
10895
7332
5748
4713
12659
11813
394
5532
7910
16279
5312
16
1895
13849
12862
5227
3890
5567
7111
1170
1247
8
148
4139
1179
14337
8085
1361
1043
4285
956
12101
8674
2438
4625
371
5259
12723
12146
7178
235
7781
2521
10959
7696
11204
13890
2990
1536
14625
90
11358
15384
684
15268
31
1462
12503
454
346
14274
9437
13838
9250
9847
3976
15808
4828
11035
10302
6612
1559
8314
13295
549
9963
297
2016
12142
3307
15951
14066
5463
4515
5506
13252
11054
10376
2113
6560
4804
5849
2881
1978
1201
2368
9778
14455
8330
577
1138
16159
7322
12340
3287
13314
14619
15963
8250
3594
9153
2233
7442
15613
3596
8816
2646
14918
9545
11004
7971
14364
1515
881
983
10221
8662
10906
9950
12872
8721
7000
6371
140
10578
15895
8068
10805
6927
7941
11625
11591
7718
14945
14315
8620
16131
14164
3630
970
5653
6920
987
3057
15881
10477
5577
10269
4186
3053
9865
5282
8700
5036
2824
5593
6327
9717
5070
10228
824
14441
6539
15047
11561
4712
1685
2493
8463
2572
11651
7261
13487
1018
5552
16392
13524
15451
15719
11768
4195
10107
11814
802
13132
8067
3327
7901
11035
13627
1074
5317
354
11686
1135
12787
14489
1797
11873
2508
4459
10049
13436
2533
8187
5350
16258
16164
1030
14223
13555
6222
13427
5631
13672
14319
4008
6400
10259
713
14495
4477
2050
2289
10020
12005
7256
6843
7813
15363
4582
7933
4002
9308
1070
540
2476
4516
9269
9690
4960
7196
9016
7914
10080
1720
13700
12499
11581
4579
14640
16021
15059
9961
8117
8053
4006
14403
4425
2325
6820
16488
10950
4670
3095
15487
779
9201
6130
205
12323
6834
4336
2858
9237
13703
2261
439
4833
4442
14839
10787
15318
9487
702
10255
5949
2328
6609
6665
10502
14013
3529
5943
6984
11878
354
10098
5196
13549
8922
11016
14215
7548
2562
5098
11571
7475
7804
3374
537
6417
7320
12381
15797
2872
14299
5963
4542
8984
14211
12166
16292
6480
12134
11634
514
7580
4931
363
4479
1194
8797
9412
364
7269
9142
919
6091
7714
16343
6315
11330
6566
11748
3575
13988
2396
16418
14441
10161
14157
3982
11809
2529
11650
7865
5096
9155
5030
7849
1412
13129
8550
14517
14434
1610
10399
1770
7794
9349
4062
5231
3214
1859
5974
11494
6365
980
6090
13144
8781
14297
8538
2000
2097
148
14873
10236
13851
724
11879
1461
11505
4369
13721
14229
759
9672
14959
6421
2024
7274
13744
11811
1882
5363
16251
6137
1753
8166
2705
1011
11972
15310
11291
10323
12966
7800
11677
13158
11015
7092
2246
12776
547
1778
5253
5732
7706
2512
6304
7710
6005
4750
4505
11156
4218
2865
4021
8670
5754
15669
10424
4228
4096
5917
63
3151
11911
6999
9754
2995
9314
12671
8657
214
3261
14529
6620
13969
10499
8595
6376
7094
7666
16250
14173
11575
1627
6532
854
10775
11923
15789
6076
7868
6957
13288
11991
5216
13741
9675
11632
13720
14604
277
8693
10057
6508
13758
5833
13724
7571
7137
1403
2847
8138
13987
3185
2973
9438
8152
8135
9545
4195
11180
15751
4415
2418
6739
7575
2387
11057
4998
2913
9834
12768
12824
13344
7039
11731
3786
7457
14268
5626
3482
2947
8182
10434
12782
8768
4862
4858
13206
5522
11539
9353
9595
13511
12383
5132
1703
15677
15363
2604
2930
345
14919
16068
10736
9252
15600
15935
12366
13331
10048
10163
15375
8292
9021
10134
7713
8917
12217
204
9184
501
7614
15034
7064
13342
11948
15395
5367
5691
12263
3302
5957
14519
3966
16316
6372
3628
13961
1244
7481
15130
7433
484
12411
3226
10462
10583
16488
8287
15652
3030
876
9880
12922
486
12395
6666
6218
9660
9892
12611