12718
12591
7470
2072
5833
10153
9696
7094
11135
11313
7662
5257
6149
2177
3546
7769
7796
6115
4060
9152
10397
8515
1571
111
8729
7670
11583
2768
12625
11230
680
4402
8297
2550
1511
1933
8759
10337
10669
6336
2207
7998
4403
10035
4699
1792
3206
805
1924
4360
7140
4307
2600
1423
1674
2316
2031
11787
10434
11675
6583
581
4380
3859
11107
4186
7551
2332
5344
9895
7477
9922
790
9616
4782
5089
12475
8627
4616
2594
11308
6248
4243
8476
9449
6090
4333
11534
3890
2818
7658
12854
8670
7497
6469
9013
10630
12950
5591
356
9918
2587
411
11345
2136
7721
2155
6381
2128
11314
9941
6443
12177
4233
12870
3916
5104
2935
4076
3975
5610
451
1459
6993
12826
9632
3449
977
2033
11101
11427
9688
7793
12651
2963
8340
5235
1916
9877
7212
2389
8299
1113
800
4861
1671
10536
9499
5955
1441
930
571
4907
1338
10257
7378
8606
6630
11064
7828
618
9803
1422
8947
7382
6189
6977
3871
670
919
4219
10904
669
10572
7785
12699
5282
6912
10502
9775
2217
4001
8240
4368
4888
9728
9004
8034
9901
3315
8547
984
8497
526
11876
7982
839
12081
57
467
6879
1488
3326
7815
11447
12672
11791
5317
9519
8281
11724
1819
3107
6296
6976
12114
2560
11798
11733
12037
6609
6573
1762
11993
5098
7249
10876
3210
11770
9895
5431
8640
11017
11220
3962
8845
1927
5340
882
1856
11479
4537
12589
10172
6650
10321
5140
1555
3285
10919
8000
12899
27
1382
12480
7741
10976
12825
1257
6734
1100
693
7476
5912
10135
8177
8007
10728
7019
7225
12807
3222
1985
12476
5316
11578
7816
4834
11368
6109
8173
1904
4848
5498
4280
9271
5872
8209
780
8701
12004
1346
9296
4965
9311
2232
951
3910
7484
6697
10349
5493
3037
9417
6665
11055
6184
1193
10855
9591
2098
211
6262
366
2068
12377
6603
2744
5101
10837
10942
6489
12515
6909
10463
10166
473
6380
8967
436
9036
8837
7938
270
1112
6384
12555
2435
1079
1902
724
9431
9449
32
1046
1012
7121
2350
7741
12686
6278
2873
3199
3320
12221
4276
12171
4158
4575
8264
11437
1091
7790
11463
8689
5278
3060
12301
3336
11423
4596
12204
6343
6604
11928
1232
5367
3731
11731
12262
1204
1428
3189
10579
11146
1704
5251
6740
11122
1745
4277
1853
9433
5996
11106
11939
6260
1543
6748
947
3132
2780
2674
9674
5797
5259
7106
4388
4058
4356
737
3869
8694
11279
4427
2543
3697
2808
2555
475
5714
11980
5395
4608
1200
7789
7370
3827
10761
3908
241
5148
7031
5730
9687
6136
809
8922
12665
11912
851
7960
11443
3876
6257
2125
4290
8224
6464
3277
1450
3522
4525
9191
1602
2702
3095
11184
10987
12328
3639
11032
1821
822
11616
1082
2413
8260
7281
5238
9571
8544
11374
10688
8585
6320
1814
12332
4292
7788
1368
10627
8363
10072
3847
11161
5557
9510
6924
9438
2652
1569
5411
5298
549
3423
5089
2320
5880
4180
10512
4028
2413
12394
4235
5509
423
1894
5590
7201
10654
387
8206
4027
230
3715
8167
11228
10076
9519
8588
3165
4660
2088
9744
6780
7344
448
1516
1578
5634
4226
3999
4289
9067
12393
12665
10659
2112
623
6398
3822
6913
7470
5120
714
12790
8432
2533
8326
12700
1019
2814
10746
11613
10319
11920
10471
8771
7038
7796
9521
2922
741
4474
1742
7099
3486
8732
6089
9363
1735
6133
11345
4516
7983
7692
10571
533
9796
10477
363
5361
4054
5231
11319
6820
472
5377
1345
8919
5399
8062
5002
5116
8935
4631
4074
5096
8492
10788
7397
9198
11031
10720
2127
9565
11153
2429
12495
10504
10255
12098
2248
11672
555
1574
5837
3253
7583
4821
10432
12731
5558
8713
12683
9856
7074
6171
3062
7039
12590
5086
2196
6006
11613
3405
9031
3380
7785
9002
10371
12315
7649
5660
9421
7093
7506
1883
2580
5316
4769
3877
11918
9537
5619
7586
11264
10062
9402
2062
8354
11479
811
4444
4613
6507
11107
7943
1481
4411
5754
7903
6591
9072
4049
8584
5403
21
1445
7181
2948
7073
10930
992
1304
8435
53
7868
289
1303
4982
11906
1488
318
11294
10001
194
6663
4582
7184
10323
6568
7268
7859
10042
1008
7868
7845
4056
11702
5849
4103
8401
5841
6323
2916
10831
11811
61
10197
10495
5339
6198
10101
769
8514
5108
3392
12541
2475
4728
10622
12960
10837
11082
6358
12423
4044
2086
1961
9224
4623
889
6280
1772
9288
7686
6073
9961
5365
6044
12682
11402
11951
12612
8054
9290
4011
12369
11976
836
1450
4243
12548
337
2606
1574
1436
5299
12958
3586
4897
11525
11460
3726
9102
4771
1213
9769
6668
2654
3085
7489
11626
12243
5335
7088
10759
9049
2592
4734
2470
8522
10447
9142
1677
11264
5751
3449
9357
1681
10525
10521
12778
8430
12676
1854
1533
3748
3771
4181
6546
8351
1713
8812
6461
8302
1916
9469
5708
12727
9663
8659
3492
9751
1518
511
6341
8498
5794
12163
8557
4951
1967
4650
5402
7334
2302
4776
11319
11809
8503
3828
6924
6855
4313
1057
2472
10476
4784
2389
5153
6938
3518
7482
1842
872
7582
1392
7851
5725
10106
11180
7758
8894
12235
326
10648
5630
6642
8416
3788
5437
6054
5492
12335
3697
6648
8863
7101
11875
1871
5814
4955
2996
5678
12059
5639
960
11610
11926
9837
1184
9303
9081
10054
5523
12284
1450
9523
5466
3160
11257
9234
2211
12510
12906
195
5897
4505
5684
5769
1131
8233
2467
340
6865
11556
6037
11619
5405
12057
11772
3480
12143
2910
6504
9024
5717
3647
12028
9967
4098
3552
3932
9801
553
4927
10980
1079
1329
898
2153
54
9436
3141
5138
402
10221
769
4564
8692
2801
11428
9138
6045
6202
8059
6444
9613
10365
886
10948
11465
12570
11292
11650
8751
3612
12256
5894
1675
2550
6021
392
1718
5054
9854
6368
3229
7185
12385
9013
3069
8360
5606
6569
12818
3336
7541
4040
7446
5712
296
9672
1208
2484
10377
7010
8579
4248
7414
12221
919
9847
8964
1960
6602
6155
11397
4780
5067
6974
12360
2905
4165
1627
4379
9414
6017
11520
1421
7896
2476
6069
4433
5549
11423
9131
911
7451
10511
11392
7277
2230
8670
8643
2707
12424
901
5855
2972
2857
7557
7783
3797
12433
9215
10064
5921
4939
12399
5391
9868
11922
635
12841
12917
12224
12307
10395
3678
6489
8069
6383
468
10067
9804
5059
6719
7853
3265
4212
2192
1082
2231
11041
8323
8267
3625
1442
12327
11724
11233
8075
2399
10104
1190
2709
453
12548
7367
12478
10585
12675
9589
5324
3469
7800
11465
938
4978
6426
3376
9577
2084
2972
6126
8219
12603
9980
10031
8324
5232
3829
9992
5851
6657
11143
5895
10597
12837
1380
8212
8300
9600
6157
9024
2090
10804
12871
3763
12117
1803
7331
8449
6141
9264
544
2254
5000
8269
9170
8697
10815
6261
4557
5662
1477
6682
2330
6101
4072
10051
4146
1867
6537
5050
8866
10267
2867
11782
6056
10345
2069
12859
8870
11182
12167
1170
2528
11439
11319
3424
6166
10974
8
8878
3199
11278
12705
3702
4577
545
9346
8425
6947
2196
12675
6324
2333
10503
10978
2952
8622
6034
5014
7197
6796
6550
1544
12105
9904
5255
2151
4105
2238
3331
4387
12395
643
12853
3849
8362
10614
4415
7701
4914
9471
12092
5035
2620
8370
7737
6950
12756
11122
10805
4792
4932
10125
252
1556
8061
757
11488
8145
10357
9579
9130
3342
12922
9353
6615
7832
2032
9253
1119
551
2118
5668
4079
10206
11825
7450
78
1809
12822
6612
8764
7144
7464
11863
9783
169
7861
6012
5833
7570
2245
12370
7397
2824
7621
2874
7974
3251
8891
1426
6420
11119
5365
7955
12465
7339
7310
8271
9352
4731
1033
662
5996
11054
2042
2836
85
8834
5092
8006
2202
11016
2764
8750
7515
6567
7544
3312
498
6187
164
12680
5442
949
5066
7198
4906
10919
8145
10270
10826
6447
647
3932
4702
2940
5214
8046
7483
5015
7780
6822
8451
3322
9217
6063
1440
8457
6243
2836
16
11163
6077
2537
7499
12748
9756
7379
10911
10156
8245
738
3999
3482
6621
7867
11984
2306
9641
11872
12808
9652
11032
8366
11014
4365
7619
5811
11347
6506
11098
11788
3267
10870
8784
9248
8713
3378
5103
7777
7359
996
358
1486
8190
9559
1284
26
1935
12984
164
11115
9635
5308
7728
6706
3727
10232
7166
136
12105
4706
7254
2093
951
10101
2506
2403
3018
3052
4581
5257
9339
10431
4726
7646
11426
4019
3245
7011
1667
216
5400
868
1967
4914
8200
4222
4909
8495
11823
10772
10090
7877
9343
6459
7468
7957
12865
7360
5657
543
1910
5212
4685
12862
9107
5299
10138
2151
1386
2209
8159
2149
11020
10626
8624
10770
5706
6550
6123
11510
4692
4092
12283
8470
8001
7809
2840
11839
12254
3873
1991
3360
7506
9357
6876
10468
10199
6789
5451
7687
4628
11743
10682
9236
3177
3351
8598
1514
8287
11231
4671
9350
8330
7323
4876
6383
11357
1725
2813
11264
3632
8327
2284
7119
4725
217
11037
704
10705
7144
2682
9361
6533
6455
5994
2197
11831
12006
3992
11572
12612
6166
690
1699
3736
4921
4301
735
5589
10598
11493
4018
4988
5421
8130
12135
3684
12841
8709
7273
10174
11948
11527
6476
10200
10261
4172
11564
7042
4136
7577
1676
7184
2714
6650
11602
6413
3289
3966
4089
10030
3017
7375
1256
5838
4272
600
3141
8696
926
921
6153
12004
6592
4307
11376
1764
9515
12605
8829
2452
10889
8538
1358
3953
11210
375
8091
2207
3918
9939
8129
7860
11160
11911
9866
11581
8481
3876
7729
3336
6207
3966
8617
7836
1903
5202
581
11164
4686
8903
7354
9129
11830
2588
7544
9468
7679
9166
11595
3812
6277
1331
1925
834
3677
2715
388
9480
9188
12637
9502
3280
6675
554
5561
10625
8168
9319
7748
4137
11780
9988
6912
11171
9005
122
5658
7472
4124
1866
10889
10482
3298
6879
5052
5839
9650
4427
11924
4570
7284
4521
5576
11120
9088
3540
6356
1092
4946
4064
2846
5260
8706
5492
1856
536
4836
3475
9190
775
10757
2368
2769
9385
8750
8427
11644
11163
2759
9164
6911
11406
4372
4309
5214
7562
9023
4608
12988
541
3138
10347
922
4808
10961
12760
11893
11010
7336
3047
9491
837
7346
12811
9704
3227
11117
8582
2560
959
12181
509
228
5641
4504
9333
11523
9453
10482
3564
7909
7814
5093
7277
7572
8922
2003
1892
2740
4032
9005
5474
10868
3597
8120
9260
6
6843
5804
5590
2448
3276
3442
2716
6475
10555
5176
1701
7827
11583
4598
3935
4828
9347
10005
3796
9250
11297
2746
884
2451
11166
8069
4205
3726
1039
1736
3518
10975
3320
2930
9208
7713
3637
4764
12519
3091
8622
11791
1891
8099
8118
7072
7417
2970
11623
2712
6534
50
2361
6242
6911
10954
993
5162
2628
5342
939
6866
9132
2529
2549
939
948
12813
1665
7674
10986
5581
9318
3794
11409
7154
11685
533
9788
748
3241
470
1103
12951
879
2558
4426
3044
7550
10430
7239
5877
4393
7973
745
4607
8804
9948
2463
10630
7785
12161
3667
12615
10690
8580
12795
2097
8079
4566
1765
4592
11858
7397
5435
1665
7624
2993
253
11670
588
3587
3636
6067
540
4391
4490
10268
2104
2302
7817
1684
12035
4725
4226
3640
3436
562
10071
12736
2111
6141
2380
6054
3220
4709
9848
2868
7367
12749
4975
5594
1690
11448
7798
12068
11015
12971
12824
4652
8720
4518
2269
12291
1920
620
9166
9020
8655
8659
7642
271
912
7027
10451
10308
1233
7320
8209
9870
9776
4862
7937
7740
828
6055
6503
8851
12866
11076
2025
11983
12371
8394
11796
2728
5799
12927
4009
2037
8212
5482
2203
10024
12431
6697
4682
8425
2731
5664
6608
157
4281
8648
1793
9002
10104
12175
12873
5564
6053
5053
7247
441
1690
1639
7091
11792
10402
2955
3480
11408
6241
10850
6925
6280
5704
10990
2174
3671
9608
630
1485
6919
11648
12348
654
127
2259
9153
11559
1920
12240
5730
1441
5110
10810
7657
9074
4418
647
4250
7010
731
10522
6617
11564
8699
488
12286
4652
4414
2834
12649
8530
9096
1245
11991
7538
2897
11165
8582
2723
7025
12395
5045
11855
2639
7067
10314
8060
1409
2257
8514
12617
2505
12347
7918
12986
1869
8724
770
9942
863
7354
8017
8047
7002
11540
4726
12345
4521
3205
12873
7749
10440
8078
7858
11511
3431
2144
571
798
6901
4044
8209
11107
7582
11441
12868
1328
11494
2289
12735
5996
8698
1475
5511
12019
8418
12533
9687
10302
12364
539
262
6685
5867
3614
1594
11
10983
4773
6644
12166
3453
1587
6171
6278
6932
7903
11279
6211
336
2064
1160
847
8363
7981
11921
5227
1412
799
7968
10423
8097
12421
12479
3203
2158
10859
10717
2092
9417
1719
4365
8383
2915
7065
10234
7649
3349
1756
7010
10401
2761
661
2509
5029
5004
675
10868
4458
3168
7302
7608
5736
12751
3945
7741
10362
545
10878
7843
10245
4992
7156
7459
738
9206
12822
1181
12181
3738
9032
11280
6071
11714
8805
4471
768
12754
1830
6203
9781
2577
8552
4635
9510
1033
1129
10603
215
9401
3898
10215
8125
9688
1106
7934
2865
6049
5595
6117
8086
1635
3219
8624
438
9833
10884
3821
7598
9704
3698
2587
1194
12836
11919
3850
8724
1720
12509
3044
9843
4422
5448
1343
5265
8268
3464
3271
5389
9594
9342
1771
7764
11009
7590
246
12915
554
1756
3975
11411
12251
965
8553
9148
9375
6417
12209
5407
10839
5711
1461
9983
12861
433
9820
1429
4430
6939
5017
8832
11122
12646
8942
877
2635
811
9748
11410
1768
2433
853
11504
10543
957
8359
8962
6959
7860
10340
6927
9358
5785
3800
3266
12501
1766
7028
9548
3296
10667
379
6269
3395
8336
446
4990
1112
1227
11503
1334
3288
766
4407
3300
2764
1987
5086
8838
10939
12476
7624
1773
10250
5232
2103
798
10788
12576
8554
3946
2394
8974
2884
1038
6356
10535
10964
8817
11105
8731
11666
11748
5084
4509
12569
3582
12318
6759
2513
4069
12922
10170
3657
9136
10633
7603
6927
1127
1766
5042
12285
7857
10578
8770
4116
11994
1558
10685
7956
12223
166
11543
408
3623
6340
8266
1375
11858
2691
12242
1879
9801
10648
1055
12761
5939
7995
10117
3131
12589
5637
4894
10061
89
10923
9676
3965
2513
10406
3355
9072
825
3008
9261
12837
406
3392
11556
8093
7080
1859
2646
1468
5813
8349
262
8660
11113
230
8080
117
8914
11892
1731
7918
7061
12872
9673
2860
523
10694
5397
10853
12667
9766
9371
1894
9746
4385
4465
2157
434
12791
9114
8781
2985
8135
9312
8785
3425
5550
6035
276
6127
1857
2186
9091
5170
3937
3961
9921
8602
2072
10720
7519
9820
11344
6563
4212
8151
8678
10158
11055
5724
3901
2426
5792
764
12109
7454
12310
12095
3405
7629
3831
6925
783
10523
8633
8785
2356
4763
1471
3239
4313
2682
12014
3865
9644
12997
4630
4517
7119
9449
8664
1856
8699
2761
4063
10556
11186
10803
3080
4918
413
10641
606
9540
9995
6199
7382
9894
10216
8582
1883
12533
5684
6045
10791
9103
11774
2437
7786
612
9430
667
6413
4147
5214
1979
10004
5244
5767
3565
3912
9450
11570
6641
972
5682
4636
1576
1694
3164
9659
6071
5861
3594
7340
2700
3588
12747
12126
8007
5753
9780
954
4319
1111
9526
1259
3785
12404
10735
8246
5610
7878
7015
11621
5806
4181
2586
10247
10791
5187
3262
6573
9333
10843
7717
11575
5615
12829
6808
7956
10604
2968
7646
3673
8861
6268
10885
6567
9084
2828
1332
12481
9621
6487
2401
5620
4772
9678
4697
2851
572
2100
7121
4114
4228
7175
11035
9955
4007
12665
757
8587
11174
1247
3040
5620
4643
12303
2841
12660
2922
3630
267
3796
2032
8314
5246
5319
9030
5478
10841
2045
3647
6507
2945
3908
345
1222
1259
11784
5478
944
12553
6290
526
706
5159
12171
7349
10015
5599
3207
5022
6753
2790
12041
7605
6090
8746
6021
726
9487
548
2747
10111
12720
6605
3644
12806
5589
5258
7568
8496
12904
11252
6654
5096
7636
9844
10922
1891
10223
6197
2121
7560
7860
2545
627
9319
6050
8116
5148
5443
6225
11290
8464
914
596
3868
4933
4830
7263
91
12525
9236
6634
604
10769
6078
10868
6118
11577
1694
9264
7930
3408
385
5492
12264
9368
4293
3964
186
5669
6952
6503
5360
3997
4793
9615
7720
3872
6636
1231
2561
1411
8351
792
10568
10978
9704
12850
12163
2785
8270
11470
5684
3336
1478
9637
4935
532
1151
5095
4815
9687
10732
5488
8514
6016
1978
9701
2983
4792
2881
9755
3812
4400
4244
4327
8632
4754
5162
799
7243
8268
2756
5716
7646
1745
572
2311
11329
2317
78
4962
7772
3666
5774
6137
8897
900
1618
2010
11969
8002
10208
6542
7106
5222
10328
7836
11536
3918
5350
2739
5952
6223
6864
11216
8485
4852
1178
1474
3465
2271
284
10816
9099
8055
5053
8570
9319
8390
6143
11013
3936
6668
4987
6148
5645
7271
4542
4806
12502
10802
4969
11105
6812
8856
7853
11994
9514
6852
4886
12413
10829
10291
8811
1808
5464
12106
3490
7330
4279
8528
4220
5659
510
4588
9207
2234
2095
3154
4325
3835
8041
4113
1454
11388
3917
12820
7415
4773
7567
7179
2235
769
4875
8777
5172
12127
1865
2162
6163
3061
9545
1471
4253
9940
1341
7828
5118
6961
12948
9563
1912
12749
788
10296
54
6909
892
8186
3297
3169
12756
10458
9970
3269
7110
10988
3119
9699
5304
6016
9195
8322
717
3491
7293
2945
12214
4232
2486
7092
4918
6634
12870
7168
6909
12737
10255
5910
4265
6469
6725
1323
10784
3625
3725
114
12703
3830
5190
12284
3216
7488
2611
8866
9799
11720
12877
170
3468
8405
9257
11411
3235
12523
3955
9768
7638
2168
2117
4295
8664
12780
10724
8393
11775
12798
9383
3197
11783
11451
2213
8219
1346
10333
4818
12370
12656
5003
656
6960
6981
5461
7491
4667
2581
4954
4311
4376
6267
1227
10726
10380
2803
288
1947
2659
6486
6684
7243
10375
2126
11097
12802
6842
8056
9094
4603
10663
4838
11802
6716
5390
525
8773
1745
8808
4790
4188
9985
11324
9660
12737
1886
3731
9116
9840
2092
6093
6075
2964
5290
3527
55
4482
10341
1191
4846
4292
8147
9453
10092
1961
10142
7180
6890
10934
11335
4465
9681
1773
6365
5553
5766
10228
7230
3902
11411
4539
7681
791
12403
8430
8613
1486
8269
10815
6491
4070
5117
731
5915
3414
5932
12407
9059
8590
7365
3987
7591
10614
11366
12368
5723
5310
10094
2032
11496
1978
9425
5334
10167
6070
11922
6725
5564
10791
7609
12364
4751
6648
12108
9356
1702
5112
1829
12746
25
1226
11396
4429
932
3084
3552
4344
2825
457
6486
11153
8239
1482
1073
1677
107
10695
7027
6037
1392
10574
1689
12849
2509
706
11327
4513
11763
5397
10230
6286
6598
6101
590
617
10449
3008
3029
6406
927
7904
909
2341
6655
6638
12286
88
11986
1009
4656
11056
12311
7650
11361
11626
1524
9720
2146
12923
6716
2898
11424
12853
2658
2967
1012
11510
1262
9543
9168
11966
12184
5585
7626
4994
3875
6009
5266
7140
6761
7937
6244
8353
11011
6894
4328
3704
7923
9697
2439
3966
2516
1785
1942
2536
3435
519
7968
11831
9661
93
6660
8865
6026
12853
7860
11479
2425
78
12476
5639
5630
109
8401
6493
821
574
9267
3963
11504
11509
4612
7390
842
12400
6014
6682
10329
1705
3412
1005
8299
6604
2951
5225
8839
2049
7698
10605
3178
5816
5287
5855
8029
676
1784
7706
11657
3563
8795
7696
10876
7187
12931
4899
6160
7901
6278
12930
4202
6584
1164
6117
7106
9232
9653
10486
12932
851
7867
4969
12818
12500
10590
4311
482
3294
6307
11791
9896
8380
11204
11456
12740
8245
5435
12726
8883
5918
12768
7874
6934
2036
10866
5607
7431
2186
2610
2404
12342
12874
6526
9112
11907
2194
12704
3987
904
10236
3519
10126
7159
11374
1272
10959
7999
5983
344
3771
5452
4948
7457
7111
8796
10989
10361
121
1783
5105
3538
9281
3668
1481
7666
8615
10722
5379
867
1478
9347
8170
5441
7755
4894
5964
9722
4943
8901
1397
7371
903
11247
12227
7908
8114
943
10293
2342
4075
5689
5718
6139
2254
12239
12679
9593
3849
7826
10202
7128
12527
4078
9907
4000
8343
7297
3162
6399
825
9923
2357
10651
921
3394
9012
9292
423
2812
6064
4456
4138
902
4492
10390
11871
10314
977
8097
4109
1208
10241
7306
2403
7311
9009
5913
3994
3957
5305
9073
8948
10622
610
12472
10713
3504
409
3858
6770
11027
3215
7552
8418
60
1297
10057
7339
368
8600
7611
12804
1815
5283
7459
11321
10856
2397
9831
3436
5360
11882
6990
11878
901
75
6348
5248
12213
1696
12769
2461
7548
7390
9169
1913
10282
7735
5766
11805
3741
7337
3248
7841
1046
3893
5091
7525
1947
9236
12464
7339
10361
3550
11538
8098
5894
10208
2779
5789
5292
485
9461
8886
8331
10577
12097
7860
5265
2066
930
5891
12175
10653
11447
4076
6570
4731
5330
5254
499
9362
8389
9608
11844
11988
5043
9892
2105
8465
1200
4766
9708
5178
5284
10600
7292
1984
8208
1190
6163
6717
8983
6704
6483
10468
9176
6827
6190
10955
11513
1981
12259
9871
10462
641
6210
910
8009
7890
4759
8495
12208
12771
1958
9914
7931
7940
685
628
3242
1960
10407
12997
10773
481
1744
9744
9353
8621
4533
1778
9136
10814
7414
9737
7299
2921
12582
1892
5450
8810
11890
500
12966
6462
12563
10246
4692
735
4725
2676
2474
4511
8689
7199
1019
10319
610
12617
7260
7937
11073
4786
877
9266
4958
3323
6562
5511
12423
359
12345
1772
3828
1167
287
8241
4048
5454
977
1173
3825
8063
9922
5319
7703
2052
11978
11392
4085
6379
10787
394
9549
1196
8983
6827
4468
7697
9701
7685
12436
5701
11370
591
5802
7721
2010
7944
10812
224
1536
3999
8036
2556
4389
2912
9096
12090
7838
9095
599
10416
11504
10003
5104
3445
1527
2101
4820
233
4873
7692
5410
4622
11394
4314
12553
12558
1634
56
5483
3379
33
1379
12260
10044
4811
12616
10712
7637
10719
4792
12108
12197
7213
2602
3901
7408
12894
6559
4134
9600
8840
5032
9523
807
454
10755
3092
4536
5821
5154
3793
12369
12682
9989
4989
8721
7335
2134
11629
5775
7199
8326
3873
8825
3358
4346
11944
1441
5546
4351
7360
11248
627
7816
9026
8634
1052
4428
9139
1220
8242
1031
6480
6139
325
7228
7138
6791
9826
11809
3641
3943
9137
1210
11560
3710
8398
8873
10831
12578
9674
8756
10406
10681
8508
3333
10854
11686
878
9281
1682
7330
623
11927
1914
6868
9461
6710
4593
2970
12308
8843
9780
4196
5186
11083
760
9210
10191
2514
11745
10574
3131
9887
6699
8370
3826
2383
2275
4587
4360
6275
7583
11459
5042
10799
9390
4412
12147
1664
7092
11094
2397
5060
11745
10298
11875
5774
8824
5127
4266
9394
2889
6110
956
12179
864
6869
11861
9588
8319
6890
869
8100
1499
5583
519
12586
4251
86
3643
9940
1961
7838
909
9666
5892
1946
9479
8049
1363
420
11553
7004
2079
9597
12672
11586
9538
512
8636
11472
2219
823
4205
2644
12386
3647
7235
4107
10331
8356
2428
12541
4672
10474
6612
9118
994
7368
11151
11706
12817
8955
6287
1550
11378
10424
11949
9753
9932
8135
901
6555
7743
2835
11678
8870
2551
9780
9204
8284
1562
3990
5448
9519
1777
7776
7288
6664
10394
2185
10516
843
534
4578
9565
4334
2944
5772
193
11517
384
2388
3253
11072
7685
1312
1191
8374
4737
7327
4282
7192
9806
5278
12082
2903
8637
12811
12605
6783
7346
11961
5991
8128
8515
1038
3463
1892
6618
957
5717
4433
4515
11643
5290
8691
6359
10543
8136
12822
10640
6808
3374
734
3199
7286
3110
11894
2498
5070
10639
8597
4436
8655
7713
5001
8685
7635
2670
2057
11474
10221
1762
8461
1584
2718
12464
3372
7956
11048
11144
1555
6021
6352
10948
1017
12180
4847
6539
11270
10383
1288
6126
7535
9908
1197
7569
3938
9160
8355
5882
12442
8815
4852
7655
5181
4440
1574
6557
1005
4325
90
11112
12035
5603
881
9665
4239
12065
9368
1714
1275
3609
10153
9671
2001
7977
1034
12946
2748
12048
10368
9726
3715
6154
11890
11443
8762
4418
979
2787
4750
828
5904
6288
2161
2850
5665
7795
11994
632
3918
9509
1238
12229
192
4879
8601
264
7363
5491
6391
2936
9479
11680
11393
5301
3970
10745
9020
5054
9246
3681
10997
11502
8703
12009
11422
3789
11435
4089
315
4624
221
3911
2698
1631
1307
12381
2960
1138
6816
2797
5951
497
8433
6891
7195
3300
5797
1450
6365
1581
5659
3381
11962
4296
997
768
7076
7303
3570
8519
10246
6939
5427
8608
12628
4329
9930
3956
4951
7788
9381
5588
8517
3639
9688
8957
9194
8145
5960
2770
2735
11020
10087
2686
4648
1476
11948
12116
7100
11795
8049
12258
2921
2578
5732
9834
9071
2127
10619
3258
12003
187
7695
11353
10418
6953
4788
9717
2046
8704
4446
11166
6091
6612
154
4891
11571
11390
3556
12028
1185
4872
380
3272
3278
11990
8648
5669
3718
7002
11173
9799
10321
11100
12245
1296
1458
7011
11984
6889
8908
12448
673
12554
8752
995
2921
1251
4124
7501
626
3586
8580
8845
12751
11940
1734
1229
3220
1434
3074
5732
231
10865
4185
7413
8149
5743
11122
7451
7987
10502
1312
6335
5140
3840
9636
3703
4058
12512
4157
3794
3236
8144
8702
5904
12084
11974
8488
9379
3649
2152
6952
5380
4093
1584
8838
12775
3382
1174
2434
7897
11656
310
9764
9716
7222
7287
9709
9791
652
6508
377
7628
256
9364
6549
7525
1143
2880
8232
9123
11961
11583
6346
4491
12008
3596
703
6537
4764
9618
9413
3085
3682
12495
2963
1764
11464
117
6720
207
1899
2000
6989
5814
197
4752
7121
6152
3121
4839
5431
12450
10526
10558
10728
2107
1297
6720
9356
5051
3251
904
8878
2334
3081
3663
7371
11316
7073
8074
12805
636
2624
2733
688
1239
4717
8897
2917
2285
12848
1580
2073
9924
12323
5794
4640
1203
9533
2843
11294
6557
1981
12819
454
11037
10973
6877
2577
8219
7221
807
10557
4471
5300
12118
3011
4029
12364
12033
5615
420
2075
4944
8300
8987
10123
10003
7244
9952
12077
4374
5719
2444
11977
2975
9415
9297
11150
7593
12865
116
4884
286
3766
7230
10670
2826
2514
3635
2657
4146
5826
7093
1312
2015
1200
8253
252
8086
10876
2788
3741
9245
3523
11249
9677
5608
5096
3314
12962
10025
1240
8983
6514
5586
5288
2150
7851
344
9556
10910
8226
11837
8934
1852
11319
2405
9369
1806
10871
9077
9665
9038
12876
4150
11650
7570
10421
10063
6293
2788
8782
9675
12997
6409
1690
8313
7785
3489
2426
10267
9288
6083
3299
1362
9586
6461
5011
12024
11102
5336
12737
7892
11972
11073
2578
8032
5513
8048
7321
5349
3806
11075
10287
4302
4156
4293
8788
11707
338
4328
2709
4075
3763
7810
12451
11695
2285
1530
12916
6904
6515
9002
9909
4206
3067
3038
10587
4369
11238
1309
10832
3592
10778
10769
10833
12821
12962
7241
12726
2354
5446
11507
10436
11693
3136
3942
1353
2851
10775
1926
10045
7843
2686
5211
11241
3388
11344
1371
6005
7154
99
638
12164
261
10592
5411
7498
6321
8609
12434
11106
8848
1945
6275
6053
12158
2377
11777
11957
137
10473
8559
1950
8213
10114
10310
3914
1534
11769
12474
7489
7501
6184
8192
12757
2926
8101
1545
2602
12101
11305
5633
1062
5268
2581
6681
3628
8824
3445
6226
7588
3606
3307
12749
10893
11270
390
3779
3863
943
4354
9762
3440
4195
3194
3150
8967
2676
7724
11406
8452
1094
11343
10090
6367
6428
3623
8723
6175
3128
10907
10843
11136
11609
5389
8713
2050
2336
10427
1448
5976
1610
6836
1303
583
9598
11265
10883
11216
2262
12070
929
2629
6910
9218
1380
9833
5328
5052
3831
714
8251
5780
628
1778
417
11250
12560
1439
51
8694
6757
11123
4693
9276
9724
10887
2232
4088
7371
3327
9046
1782
2196
10282
4850
1747
7138
6415
7752
7836
1467
4521
8008
4896
2718
5000
12291
9653
11665
3091
6708
5097
12832
12034
2107
10338
2292
2858
573
11470
8719
11216
10383
6564
2539
1283
7211
7096
10341
7997
10751
11378
1306
4099
12905
5703
1168
3714
12845
4940
7658
5032
2892
1584
2435
1153
11609
12149
8800
5942
10151
8166
11436
5513
8884
4120
10128
10649
9011
6618
9085
11557
5873
810
925
12244
4107
9241
11511
4210
6729
9871
3840
10184
685
10847
1139
610
8301
12519
12401
9431
5104
2383
5838
10330
12425
3475
4886
2258
8753
11543
4802
12590
11182
2588
10355
12794
12836
12494
5076
3113
9468
6925
3946
9938
8905
7519
665
7425
9491
5388
698
8823
7908
5398
8132
6743
4678
6016
2971
12974
2137
12757
10075
10080
5579
3385
10403
10803
1930
889
4180
11783
8123
12333
7781
5582
5747
194
206
8366
9726
8871
11683
4057
5117
11423
9370
11039
5003
11146
8908
1476
11136
3528
3994
1737
12603
11939
12048
4343
6355
5339
3693
4174
2456
10092
11455
7781
2403
7384
11140
10029
2465
190
3871
603
7601
8944
10553
1401
8022
12885
6459
5777
12088
1949
3359
10835
10504
53
11987
8095
557
1621
3471
12134
3373
6376
2808
9901
1917
9349
734
6964
8913
6993
4116
4692
5757
8543
8506
10460
9278
10212
3320
1824
3603
11144
9178
12347
11564
2067
7765
460
2211
127
823
7396
9460
3434
11160
3775
7065
12185
8577
12448
12382
2045
1591
5711
5961
4938
1946
268
4197
4224
12327
5973
2670
7219
10975
81
8888
360
12096
7721
6213
717
2590
9952
1639
11317
10167
1331
12330
4396
12590
5208
12229
2448
7804
4830
138
8157
6726
4900
8783
2912
3349
4402
2348
10780
12241
1907
8810
12330
11727
11641
9120
4323
2795
9558
1494
587
10363
12755
9099
4137
3917
10394
2978
34
5343
1745
12895
7779
10662
11848
8380
5833
4053
4066
3585
1693
10991
12953
8995
5498
7635
8157
6354
8163
5471
201
2599
5686
11790
12544
11143
8434
6220
2463
4682
1175
2358
2195
5793
10795
11156
2211
1563
1361
8985
9324
7077
3062
1591
12733
315
4954
8220
8058
5756
4249
10964
5848
10075
1471
11530
6786
6153
5525
10512
1258
7760
12417
9891
6845
5491
9750
9166
8407
8279
2655
8935
11416
4176
10168
7725
5567
3367
8670
9874
10187
10669
7761
8993
2077
4782
9131
5888
12285
1321
11017
12019
6351
8759
11505
4625
12929
9833
2354
5096
6238
8653
7003
4931
7451
12096
6295
10732
1060
10173
4137
12010
5805
4683
12724
8339
12880
5514
8835
8685
10190
10110
3297
10015
12991
1969
4171
5551
846
1016
8581
7697
5585
9213
1717
228
9225
547
11551
11330
8173
11142
5486
10669
2964
3498
10666
1544
7174
2298
3534
5893
4859
7111
1909
10170
4727
11917
10620
10538
11249
2458
12586
8062
2699
12732
229
7657
6776
10655
4683
8869
11608
9955
10681
2448
10386
8977
2532
3797
5818
5019
9200
7723
12660
8909
10880
9185
4407
10650
3431
3011
4260
7723
10200
11017
12348
263
2027
6731
5174
8394
2832
10256
6482
7370
12687
9613
6361
7656
1903
2977
6646
12257
8615
12688
1327
5529
9064
5534
1557
4739
7834
8986
1823
8669
5867
7965
9330
7684
2308
6287
9698
2387
9368
11534
249
11857
5444
6207
1769
9320
11182
7908
7469
3330
11088
6035
2581
7095
3516
12853
5800
3167
5340
9608
5107
5306
3870
8886
5803
8025
1638
12516
6957
7611
3206
7954
7573
2298
8058
3732
10239
11857
12360
10436
5953
10353
4800
12093
2436
3509
7459
4676
12947
8610
1379
6311
11230
10605
9625
11172
5072
9293
2205
2291
1124
8517
9380
9342
1330
3896
856
562
933
9413
7051
3349
4879
7374
10075
672
1199
6920
5635
6537
12764
5223
862
12941
10112
10373
4112
10974
7196
3184
10113
6950
3159
11344
7359
12017
6281
9041
9064
680
5992
1312
2121
9423
8853
7551
2315
6498
366
7519
6465
10910
2261
5598
12594
5317
6576
12852
6224
12772
10868
9090
9533
2735
9579
16
4012
2710
6287
4854
4800
4017
2180
5561
11888
10604
861
5765
4842
8715
6642
3735
12555
10872
3965
6392
12101
287
10351
9612
10306
2482
11000
10245
3254
12412
8273
193
8596
7363
11280
3485
1935
7104
5203
2057
915
8841
3841
10495
12086
1789
10696
8937
12553
12332
1746
7214
6454
4532
5608
4916
10386
6948
11224
2295
12466
5168
1652
3865
12786
6487
8468
8317
9350
12697
777
5134
277
7928
12189
569
8500
6211
343
6721
11743
2676
5553
10841
3561
11131
3124
1479
6597
4753
4024
6798
4805
6655
9189
12110
4202
6244
10972
433
7577
2728
6734
11371
12440
1041
3660
9896
12901
5189
10616
4441
10135
6450
4484
2047
9529
1739
3288
5953
5530
820
2347
6584
6015
498
6437
11959
6029
7152
10655
10890
7717
5083
12100
12213
12377
4997
10596
5133
5590
6709
7365
6296
12770
4856
1094
11167
1667
3451
10152
11771
375
7360
9166
4772
7301
11663
1357
11138
627
10563
11455
3024
10806
5727
9507
11217
9032
161
9357
7543
384
3232
4026
10154
2272
11545
4797
9092
10000
9281
4290
2689
7697
7438
7839
8939
8167
2139
3312
2998
308
10527
4693
8619
6502
3297
12907
1432
558
7439
519
10205
12929
6060
4528
11630
10017
2763
5773
1885
11810
5830
9629
1465
7173
8442
3219
4462
11891
11813
83
1790
1292
10173
7597
11199
2870
11404
7847
1304
7232
728
11283
4388
8317
7223
6629
10601
1654
11900
1128
4823
6141
6881
2395
6549
2973
10090
1590
5374
4677
1174
2123
4640
12238
3908
4373
2745
12353
9444
9641
4127
12927
6101
11124
12382
762
5007
7599
5401
8177
499
10898
8915
569
2984
694
6140
11554
3486
9082
3743
9958
9487
2606
3773
8042
6828
11093
1497
9762
2114
8248
3007
8259
12810
7614
697
12658
12808
5547
8884
889
5677
3590
1696
11814
1572
379
2102
9396
1210
10578
11457
2988
7879
2317
477
5119
572
7344
4237
5907
3909
3585
6756
4844
9967
5227
3154
2531
8546
3274
2346
12161
5296
12725
5405
12166
12762
6008
8299
8375
7469
8957
7775
8188
5091
9446
2475
10141
10825
4858
6611
5062
7552
11243
7977
10850
3535
10586
4220
7727
10104
3459
10730
8903
10273
7401
5842
11061
8393
6686
10664
12914
5645
9908
6938
4071
10416
500
1226
12072
2893
5039
2530
360
3794
12734
1153
412
9364
696
412
5208
2767
10523
6926
4557
10085
8711
9137
8099
560
3565
12139
11660
6771
5203
11368
9070
9850
6937
10711
7438
4786
46
11894
8137
12833
4430
8381
1108
11594
3736
940
12393
12152
11435
11612
12052
6938
2606
2262
7206
11921
584
6724
11212
3999
2043
3450
9758
9450
1441
5546
1236
5084
2800
12488
2050
1880
6077
2531
9679
6349
946
12373
12322
11331
11272
5912
11411
2175
12620
7481
557
8914
8165
11821
8542
4504
5476
11096
4275
9505
8871
456
2572
6492
6197
10784
8980
5437
10858
9812
4841
4135
5446
3596
5008
596
2011
12101
4730
6915
12363
9605
8422
2874
12116
268
2539
11100
6526
9543
12680
1671
6230
1415
6641
6265
6603
3430
12826
9394
9384
10343
8535
8462
4274
8449
7052
2901
5258
11288
5542
1381
4734
6026
499
2241
9843
237
11993
174
10873
7674
9207
11582
6037
8830
11263
7327
237
7837
4911
5171
4883
3851
390
8987
7201
10618
7207
84
5068
405
3074
9503
2958
11797
4512
444
4376
12366
10265
3805
6560
878
2707
1200
6247
1270
4203
11933
9431
7783
1637
3054
4817
1496
7796
4786
12236
2657
3655
9022
8594
9164
6630
12425
10976
10562
859
6155
10126
12359
4581
11086
12157
1881
12755
2000
12925
11414
12768
6190
5895
1146
1900
1409
6002
1515
182
10560
541
9585
8233
10501
3149
11313
5982
7441
12745
5027
10504
5303
8869
1313
3357
11318
8657
5598
1396
7983
1749
5890
10161
3030
12547
10054
476
9550
5079
127
3524
8738
1211
6144
6919
7339
2326
1931
1797
2948
10003
4345
12791
3038
4212
1575
6033
6235
12635
7089
10045
10419
8231
10985
11338
10189
5824
8833
5160
8882
5799
4623
5040
5445
4642
5876
2534
6130
3570
8384
3808
8682
599
10359
6061
8921
11351
3550
9533
10151
2701
5651
12370
2771
382
8885
5697
6969
11767
1965
10443
9284
5440
11191
892
9811
10574
12401
11031
9548
3548
239
4531
7825
2884
5585
46
911
5215
6291
2940
11900
2577
3578
8632
2793
3335
5013
5942
6711
5666
3635
12875
2050
1335
5856
3497
11298
10128
9542
3289
11191
1866
10693
4383
11267
3658
12919
4935
1204
7982
874
4763
9314
3190
6560
4535
8457
4806
11324
1738
4579
12233
11922
10897
5396
5046
1244
1975
5235
9363
3857
5681
2777
1259
8511
6180
9001
7352
7504
4008
2259
8538
12003
10150
12401
1945
5228
2131
12807
7541
2325
5337
12716
8670
5237
9370
8066
279
3436
4311
239
1077
4163
7100
8072
12541
11289
5910
11728
10768
12951
9539
5200
5973
1868
12750
6886
7251
10475
11136
1740
1742
2523
2725
4625
11292
8622
6493
3500
6059
10782
4197
11934
12348
7852
7166
9457
1658
12018
10003
6498
8276
4819
3018
4813
1736
12068
4568
1033
4517
6104
8579
7882
1945
2344
7276
10601
11242
4704
11411
8638
2067
9118
5037
2123
10412
10661
5630
11447
2255
3805
4530
10056
1442
8886
10356
9861
10609
1980
5840
5838
8223
11111
2565
3059
5830
9704
3327
352
10641
385
4026
9323
880
3603
10285
11777
2565
6056
11766
2813
11197
2829
3790
8705
9088
1827
1798
5373
4740
1027
508
9434
4028
3946
9391
12676
3794
7876
77
5692
11920
5645
9141
4810
8231
5238
1711
5331
11508
4788
5019
2766
1368
967
7790
1761
6575
8362
1067
5844
3008
5759
5020
134
7943
10669
4313
11828
6188
11750
9871
669
5228
9398
11212
7129
1666
2555
912
12960
11248
12947
551
10741
1659
8027
2793
7037
9035
9108
6614
9557
10100
7370
5780
7295
4710
3273
6616
6595
7807
12557
5845
9155
2768
3299
807
6796
9874
9860
1420
3408
12301
10079
5722
11870
4712
7582
6403
3724
4810
8538
6011
6138
1547
505
4946
12138
5111
10588
5362
1323
6095
6387
11684
5200
9560
560
844
11549
9824
3120
4035
2078
12940
6118
11110
12508
1691
6231
11149
10735
3842
6959
2452
12480
3779
10312
4879
9872
4197
4370
12236
11469
3877
4921
2507
1682
9293
5910
2898
12304
1044
12552
8442
12376
5793
9095
12836
4811
9075
264
12133
1275
12222
3312
2567
2053
692
7271
3730
7560
10963
4568
3413
407
1073
10398
11565
6861
12843
12561
10746
7513
2801
373
10711
12486
9630
12488
4751
1596
4782
4027
9331
8117
552
9649
11594
945
1425
12685
8791
11187
4309
9250
1146
6274
2862
6829
12094
12166
5994
10451
10582
7787
6118
4122
12840
12810
11416
8219
2737
840
9570
7839
9511
475
9936
1993
790
11160
8725
11090
11910
733
12704
12672
6898
4219
9439
11030
12142
6613
11617
2673
317
7777
7611
1867
855
10862
3283
5979
6278
842
7944
742
12710
11515
9152
5855
6783
3559
3065
3293
10557
3360
7693
5742
9573
9370
8192
11723
696
12418
8726
7579
5366
1215
5247
11910
1830
8075
2802
7636
2939
6898
9548
194
12026
3515
12430
4284
4244
7529
8063
2383
8746
3467
3522
9297
1801
3800
5915
6984
1550
9496
5318
3702
6401
10364
711
2184
9215
5780
1483
7111
6638
10512
4040
5499
11231
9374
10646
4447
3660
9800
2748
10146
7722
11904
6709
319
1898
11969
10397
8625
11866
4092
6763
12394
6544
2262
9415
10258
3293
746
632
10053
7151
7467
10904
3408
10931
1613
12765
10171
11866
8385
6358
10551
8575
784
1694
10527
11377
8487
6965
12407
11847
10686
27
9811
8947
6933
5557
10667
5641
675
3272
11842
271
9492
3674
830
12148
6299
6075
1918
3694
7518
12065
2715
1442
4786
2067
2735
1175
11901
8694
11747
347
10332
4332
12056
10182
12868
5961
12096
9290
8456
2314
3348
10956
10887
2490
1538
2703
11936
5203
6104
7578
9834
12130
3664
587
11651
2402
12206
6684
10764
611
3400
4651
5093
8301
295
12396
1617
7200
12493
12848
8489
6719
6724
5202
9275
5075
2144
8990
9761
10597
6100
10879
8375
140
11809
11569
7459
293
3760
7650
12289
9031
6906
12501
10739
11670
4337
10960
11268
7534
12420
6832
1081
3020
10145
6322
5993
1740
3111
2583
11156
3127
5212
6422
7464
2969
6692
3587
11705
7176
6211
12349
2260
6526
12800
6188
11930
3444
2176
7464
9442
2794
1922
6145
2178
1986
4294
9538
12802
12982
9262
4758
11278
8236
7597
1532
10231
10852
12260
1326
6959
10955
67
1463
491
5547
11641
6558
1626
11295
7317
930
4078
9248
12838
4545
9630
6884
8217
9934
9444
3820
8279
2561
6047
3935
8987
10179
3610
5315
1435
1714
2163
7674
2452
6310
10607
11804
3316
2405
2409
2660
6695
9304
4225
4072
12726
2066
4176
6173
7385
2677
5979
6957
4324
9129
5975
3993
6384
7542
1529
11858
12193
8933
4422
8059
11410
8944
1015
12360
4974
4422
9706
8924
3899
9114
7649
7161
7972
3112
2631
6509
237
11799
6078
508
11548
3555
1515
5162
4328
10844
12606
740
1987
10967
937
12746
7217
5673
4979
2071
1225
609
6921
11396
270
6507
3751
7649
5627
4884
10125
8794
12667
12010
3632
7792
12948
4938
2771
8769
2697
4985
4923
11352
614
7672
3774
12039
1404
2000
9432
6062
6579
6708
8722
1660
10994
11785
9787
8031
3667
6368
6336
6515
1437
3127
12217
8311
12644
8020
6706
508
982
10813
5955
6281
1946
378
8772
1871
5588
1020
11620
1753
2647
9504
10344
849
4598
10419
5849
10578
34
7777
9558
899
10177
8070
781
2670
8004
11586
9310
6627
1436
5875
6388
3351
10948
12387
10857
5975
1819
7986
5639
249
632
5650
10930
513
8643
11930
12219
11410
3648
4868
9856
4378
5498
876
527
2431
2394
2508
1158
5656
3873
5340
8584
3057
6668
7715
3357
12542
10705
2003
5826
5324
12198
8833
9935
4828
7966
410
4391
10455
8266
5082
6856
8374
7800
8514
9554
7630
6291
5493
8358
6760
1725
2445
10181
4653
1756
6489
1620
5600
3977
534
5726
8667
7495
667
9211
2419
6962
8123
1385
93
11344
10372
7587
12148
5885
7763
5643
138
11093
101
3522
8592
9334
7112
6254
7612
10948
8999
10567
10131
4534
8521
5290
8141
369
8073
6495
12642
4649
4704
12361
4116
1284
7701
5456
9178
5810
4692
6377
12727
12211
8425
1295
5600
6459
3150
1339
6544
1583
7304
6753
7846
412
5505
7420
8270
3447
8374
7745
1844
10045
8205
6293
1055
4116
4139
11022
6497
984
9825
11816
2454
6325
9038
3883
4469
6351
4876
3640
668
4955
7747
36
12652
1933
3349
6383
12611
11819
12359
4316
1290
264
9273
2610
4018
7687
6567
10059
159
10878
7609
6512
8683
970
1807
7732
2843
5517
6135
4287
1977
2507
7629
1007
1624
6726
11283
5329
2837
11745
4719
565
4713
2264
7806
3092
8549
3190
7003
832
709
12158
2520
9385
1944
8392
8027
12370
10429
1509
2265
2430
10045
1660
9589
7127
11806
12213
11801
7284
3367
10386
4591
6771
10455
10317
3492
3930
2360
3164
4193
10428
11952
1163
282
3606
11071
11199
5858
5942
6095
5002
6439
8186
4773
9639
2988
793
11503
697
7315
2475
8201
1965
4281
847
12414
2588
2146
10048
4288
9529
6794
10620
4825
7335
7707
11989
1569
6868
9628
4253
1399
10298
9735
6600
1969
1698
4697
3310
7311
10662
3401
6472
674
2392
4481
3279
8600
2751
11068
10239
11676
3192
2587
10187
12803
12145
3693
9058
7026
10641
8077
6110
5424
6191
6200
788
12331
9562
739
7199
6468
8228
1297
6154
7068
1488
5786
2226
1560
7428
4355
4128
7892
10936
8744
9005
9
12432
10725
12706
8842
4017
9657
4907
8421
12141
3331
879
5649
12723
9929
8186
11625
7668
10450
9323
8780
5123
6416
9390
4075
4270
1811
5947
5182
6119
322
1567
4520
10212
804
2292
4288
3079
1792
12742
8989
6920
554
7964
8006
5925
11713
9243
4340
12836
3795
9396
1776
11757
6691
7220
12299
2561
2999
9051
1126
3215
11921
12411
9633
12415
2900
6828
5699
1531
8910
134
2031
5847
521
3220
6136
11798
6301
5102
11539
11858
10900
4938
9222
11627
12481
892
10669
5816
4026
2036
8782
8609
7767
974
6562
6504
192
11908
9579
12956
8660
4913
11187
992
5203
4711
3679
12316
3079
7362
6706
6100
5684
12725
10742
8769
7025
1125
8722
3383
1715
8897
131
3484
12830
230
1200
7458
4198
4768
5835
3957
8272
4471
5507
903
2977
11595
10756
1128
5577
7583
9606
2027
7484
12780
12674
12564
6271
10850
2161
7945
9586
11733
1749
6633
5283
5125
2177
11968
2160
9563
9187
11663
1966
5439
2477
11303
66
5690
6767
11014
8722
543
11125
5511
7059
808
7614
1992
2742
4170
12843
3149
12428
4092
5649
1727
8138
211
3608
2563
52
11940
5859
4196
11239
10670
1327
4198
3191
12502
11012
10195
9878
875
4917
11079
8439
10506
7799
4864
9371
5260
12250
313
3839
827
10540
2169
5450
6070
2499
3856
10869
2491
11428
6167
6987
9719
2869
3303
6322
3846
9973
8788
5159
1634
2358
10001
11043
3168
10319
221
102
8865
543
9438
8853
8337
4144
6644
5567
11265
10323
12878
822
4931
7659
11613
4710
9711
4790
8542
10571
11477
5258
90
9814
12227
9343
1097
12016
9539
5443
11108
8918
3985
1593
11166
12865
5011
5338
2046
2220
5813
10868
4404
2095
7830
5762
10927
2324
6357
12724
7132
9662
5915
12077
4667
10457
5283
3372
5134
6493
467
9814
4274
5739
1295
8557
11561
9600
6735
7310
12331
9265
6718
3619
9504
2468
3906
12970
3389
544
10889
1491
7741
8564
5857
2912
1411
11350
8469
12855
4665
12774
873
11244
5262
10901
7026
4183
12931
8505
8426
4113
1123
2093
10206
10634
750
10103
1831
9012
9456
569
8245
1388
9934
12230
7790
506
666
10101
10430
3687
12343
12293
9973
2350
4698
7331
12033
8718
977
9511
162
2527
9293
8198
12259
4719
1581
8442
12758
10244
6470
7456
4807
10110
3219
11146
3586
296
3242
10326
11454
12411
7029
10267
1263
1571
7459
5543
1090
7304
4962
4478
4126
7816
469
3101
12013
477
5295
5082
3833
6703
11606
12941
9950
3777
8081
12177
7836
5330
12324
4994
9335
11744
2707
10725
1895
572
12572
87
9910
6589
1877
10416
12525
12532
8692
12196
8902
12936
6634
6722
2081
8403
6908
10917
9011
11668
1853
2510
1701
8404
1426
7171
12743
4893
7665
2089
3185
258
994
5097
9289
5154
1395
134
9926
3556
9626
1060
7192
4759
733
3627
9462
3198
11878
2231
9463
5799
8036
12691
4096
10559
4193
10631
2326
10418
4430
4958
6587
10878
3953
1903
3650
4299
7911
4566
12241
8257
12204
1140
6836
2194
3185
9867
10161
4977
10500
7009
5090
748
1377
8614
12668
6436
911
6
1297
5509
1822
5831
3420
2247
2052
12039
7811
12213
7496
11837
11651
6754
8296
8786
9826
6098
11576
8227
12081
4332
603
9155
9176
8709
2994
8760
10458
7585
11099
747
558
4213
2490
10009
6347
8339
893
2394
12519
1533
10803
4531
2407
7908
11882
2373
12355
9251
7248
7316
10213
5085
8307
10992
5113
4211
6195
10312
8965
10477
4324
1967
11846
9617
4564
11635
1778
12555
3778
87
1087
8402
11938
3498
905
1877
9753
2086
12528
6338
5074
3292
7349
4053
12095
2106
11323
11167
10692
486
9585
9906
2209
11850
4831
7058
9554
6785
3300
11994
12299
7601
12816
3378
5249
1159
3882
1208
2055
1633
5909
4700
615
6312
3996
4004
755
1464
11099
8478
11480
1335
12301
3678
2300
4909
2780
2376
1805
1342
2149
11945
1829
8465
4510
8757
2022
5280
4019
5336
10829
5651
5495
7725
12212
6249
10945
8275
12717
875
4827
11917
7773
7140
5540
2982
7585
7798
8142
7160
764
10552
10851
12212
4055
8313
7413
10503
1884
9007
4713
9321
7011
12784
3623
6242
5101
6403
10149
7447
7130
1132
2596
10133
9088
4210
559
11901
9180
8180
9343
7351
8555
11578
7708
336
2335
8677
12750
8180
11393
9581
8821
10588
9107
1057
6705
1261
8430
12497
1021
12171
7649
11040
5052
4863
12718
12116
1743
3975
8802
6335
9106
7121
602
5954
8792
12597
7484
7687
1853
1114
6410
11539
7726
3803
9011
5617
3772
3909
5272
288
655
1807
9137
11015
8046
6219
2764
5242
1911
3126
7454
2564
3126
3097
6086
11396
11797
2408
5640
11953
10785
1877
7936
529
5768
5770
6927
7430
4232
9811
8471
9906
6300
5038
7096
2238
5643
1886
10288
6209
12673
6783
4271
5914
8062
8741
10940
5426
2372
8416
2047
10679
5407
12123
2365
12499
6170
3287
1598
387
986
7854
9655
9170
6747
11102
1979
3948
9246
1576
12045
4264
8358
3248
2423
7829
5277
9850
2209
9448
730
1988
1215
721
4892
10805
11081
8861
1221
4366
5420
5870
6906
9618
10276
1077
5426
407
12068
1325
1886
12289
6124
6359
6056
8814
8294
8664
2326
11437
12452
12651
7358
9244
12180
7022
1780
4316
5491
5182
5020
584
12073
6474
12220
10297
1614
4510
11575
6660
4203
12246
4376
2935
882
2568
10895
2989
949
6818
12783
6106
8803
3591
4884
11656
3643
6933
6918
7337
1153
1168
4378
3168
9305
9918
5861
8703
3265
1438
4933
10943
1723
9577
5787
7182
5874
8650
9164
11096
9537
7613
79
3226
3232
25
10033
5887
3520
12889
733
2385
2786
6965
10995
12184
9644
5192
11190
3835
6153
4625
5330
5040
6186
2776
2726
434
8862
1805
12763
3465
2301
5820
2492
10333
5199
8411
4350
940
6661
3000
10565
5222
10505
12769
11102
3435
696
3040
3532
6710
11658
12050
2764
5487
4430
11361
4820
157
9509
11264
2531
5019
10066
6456
8615
9151
9101
10862
12344
6548
1485
7261
7434
3468
9469
11647
3234
8859
12926
486
1280
1161
7861
8643
8452
5218
9625
7999
12534
10393
12823
4917
6598
7583
7474
9691
1837
9159
2862
12447
6187
11644
10093
6715
5401
857
12905
10927
9507
4180
6441
7660
10392
6325
8247
5250
4748
10402
6777
2237
8314
10135
6969
12082
10248
1300
1111
8550
9043
12746
2139
9393
1531
6914
8747
3123
6849
8481
7158
6668
6745
11535
573
10135
10913
8756
1676
7697
65
7087
10721
451
10068
3607
7337
1261
3912
6151
9363
12395
1030
12839
2063
4723
6038
3864
11404
12263
3113
7262
1767
2701
5856
7276
5450
8288
6528
11199
7404
4829
4748
5548
338
11589
11662
2171
5776
2644
270
6555
8691
10638
1802
11379
5552
6322
10472
561
11711
3397
479
1464
5177
11488
4610
1448
7229
6071
8861
5824
2448
11412
9392
1751
12497
4883
7837
493
12606
8662
12240
11280
5976
7392
12035
6858
11730
2156
2600
9470
1298
6930
9171
1155
4582
12244
11694
5078
5706
2904
3883
11446
7203
494
6147
2088
8306
10857
6304
1514
1106
6483
6483
11480
2521
9927
5160
9717
4085
5418
11053
10562
3752
7302
1322
2805
9817
11249
3762
8651
3464
12398
10757
1710
5627
11857
9313
3371
424
701
6158
5301
2806
3865
7632
7053
68
11887
9877
6015
7030
5575
12473
10369
7779
17
1816
11616
568
5404
7367
4565
3591
10785
6978
6703
5464
1412
10283
2601
10175
8382
6749
674
12285
10456
8137
4053
10541
7684
9659
7901
12963
5712
11740
4986
8919
2496
9370
509
12981
12061
8261
10226
5716
8057
5490
4847
44
6340
3602
12521
7985
1578
2157
775
1319
7760
6895
230
1057
1812
7607
2402
1167
8881
2284
3066
11959
8036
12026
7092
11678
3029
10115
7075
3942
10757
8467
6525
11545
1182
3520
7773
6931
4515
11458
7359
5637
7535
2820
9789
10074
364
2847
5975
3266
1115
5973
10834
197
8431
11375
6231
7097
120
7938
2850
7389
6143
4103
12716
10055
3220
12649
7011
9983
6700
11900
5542
12578
6148
6985
41
9878
4233
3445
9196
11757
7506
3155
2885
1697
10441
2091
2588
3698
2333
4635
4940
5108
12235
8512
7243
5097
6158
7293
10051
4088
7949
7313
559
9103
4518
9412
568
4516
2296
9189
852
1711
8166
4325
3669
2271
4101
10229
12759
10046
9736
5319
1911
1147
9065
9547
9012
12322
12697
4047
3707
12696
6658
4920
560
8223
10846
9972
6694
10743
4225
4130
11679
12298
4978
3408
1140
1744
328
6337
5260
12619
7389
8903
7169
4487
12665
3604
3658
9042
4941
1877
12903
12313
10874
10017
12838
2620
3269
2880
1812
8430
454
2503
1988
4929
11214
865
2695
4949
10316
310
1349
3310
11283
1219
11022
9665
3437
7254
9355
3628
5923
4230
4209
11486
5827
7098
494
9060
10745
3229
8766
4851
10769
5178
980
11714
6829
12217
3668
9386
3473
2340
5125
2678
12639
11346
1552
9934
2107
1989
2448
11823
4620
1179
2867
7774
6876
11078
3461
12872
1775
4378
4905
6143
4211
6485
3454
7266
12180
8654
7045
2544
7135
6531
8584
6803
301
4003
9209
6497
2656
1574
11521
4972
7724
12079
872
6365
4529
653
5306
5308
4692
1528
4882
4302
4502
1953
9482
8480
11652
2203
2170
6751
2959
751
2997
5181
5120
8979
11938
4269
11263
4912
6715
12567
7508
6133
10923
7448
8000
9398
12026
12549
6970
7013
1381
12657
10076
11633
8785
2018
4474
11557
9470
12662
5336
8619
11325
11008
3855
9797
3080
12089
779
8889
8609
6257
4598
4605
8709
4109
8297
10388
9692
9466
11460
3763
8285
10357
8852
6831
8266
6216
6109
4241
5625
5003
12659
10579
4973
340
10348
6808
11050
9573
102
9490
12609
12838
10524
2585
8167
5626
2817
1073
3192
6750
1128
12111
8671
2844
11678
9115
9362
6932
4644
11804
12433
6281
7743
11823
9073
7226
3251
3638
9690
3643
2431
2259
298
5964
11338
11842
10490
2854
2627
5037
823
1581
9077
3794
6271
6327
10275
6570
8633
5165
11645
889
2370
12443
7808
7774
345
289
2308
1548
4689
4243
2947
5608
6488
5550
11428
7460
12507
2752
4175
328
9353
6829
7659
9262
6256
3333
4599
6690
10047
3123
2735
10497
8712
10846
844
5292
5995
7777
5281
10053
2274
9692
9562
12364
4109
7487
3748
69
529
6071
1824
8546
12496
7080
6766
9160
2448
2422
4798
4742
11863
4581
1499
7851
9340
7207
6910
1922
11703
9546
5809
5593
4102
255
3005
12324
4026
12498
1807
2310
8213
8152
3901
9625
10268
3032
5232
8985
11873
6813
4367
1695
7050
840
5080
3379
4040
5618
7993
2088
10254
11789
6746
131
8546
7849
1799
5128
6776
8596
3527
6283
6308
7132
8259
5053
6964
10529
550
8600
1098
3330
7327
2670
11107
8769
4055
8765
1998
11144
10162
7271
12357
7788
12771
7735
820
5338
2792
8772
3889
9326
11158
12933
1206
10317
9448
8797
3319
12252
5143
3446
4206
11074
10179
3223
9837
10231
8918
5177
5177
9360
5630
4589
7048
8109
344
9027
9582
6022
1845
8417
4037
9333
10613
1724
12244
8149
3497
10567
3378
1651
5964
9774
5091
3133
3839
589
4854
6954
3953
7794
10264
6852
3339
206
9001
7856
6074
10248
11648
7634
2678
364
3099
11512
2969
7944
7710
9704
8873
694
224
4107
11866
8299
10537
8422
1246
3899
3162
8452
10399
2514
6549
5215
9246
6095
575
2651
3062
3275
10511
2307
5562
10589
6991
6535
3847
5046
5286
5340
12056
6324
865
1152
11329
10593
7345
10696
1461
3153
6166
7122
3147
535
8364
11851
1088
1698
11903
7178
4233
5151
9537
2918
4501
10676
9192
8361
7985
12294
3839
3680
5055
979
6752
4223
11637
9265
3323
2353
2616
729
569
12005
375
2076
12957
11401
4863
10910
6661
2460
7435
7493
17
9957
9570
12398
6904
9547
10622
11758
3882
280
11301
7930
4109
4029
2196
2188
4227
7560
12875
11772
675
4658
725
4158
10313
7154
1173
45
10561
2450
3282
5924
975
1519
3246
2653
11490
3993
6881
6383
3423
8440
7724
12627
10470
3293
3481
6888
9035
9721
4397
6251
1047
2266
12905
4955
9714
4991
10777
5959
2102
12989
7642
148
2731
8942
4042
3832
2071
2893
2597
11928
2071
7647
3180
3263
6640
12837
2689
8738
4935
2802
3955
7026
2231
12551
11691
10559
10016
6407
10616
5648
9513
11270
4333
3803
1519
5352
7075
6538
2854
4990
493
8700
201
6199
5444
9616
12114
11797
2712
12493
3224
2195
12177
6713
1373
2635
1964
3624
4365
3550
11104
6056
7726
7295
10539
1139
10043
9172
1732
6299
5413
11336
11697
11284
3734
7072
11262
5537
2404
5261
12203
3549
9948
8385
12333
6058
4411
7976
926
7514
3558
11147
12305
2975
3959
3301
543
9190
12662
4389
7183
9216
2354
5665
6696
1925
6690
4480
3747
469
10917
2614
2749
944
7313
6681
3227
9400
5304
8756
2600
4173
2815
10383
7794
6435
12209
743
620
8032
5380
11943
9663
1593
9483
10768
11204
177
10670
11275
447
10909
3903
1107
228
8581
5644
8193
3418
12098
12606
488
4481
5972
4016
7579
2239
7566
4983
4262
4417
9948
9267
11056
12255
6316
327
9833
6566
9088
5910
4414
4859
8127
3979
4058
8019
3928
7017
9877
10809
12552
194
8732
2600
7102
4377
3039
12397
11291
5500
12706
2750
10917
11582
10936
10800
3058
8215
63
9375
11335
11106
7772
12347
9982
8870
4950
4185
8859
1722
2520
4244
12580
7435
12541
6830
5177
7874
11196
716
4960
9691
6370
3347
11957
10335
6643
1552
2230
12145
8078
2464
11699
11684
9190
4407
10625
2337
2707
9994
1104
5034
7713
6171
7589
12007
2193
4765
2439
834
9968
7289
10402
3010
10413
3862
5835
1500
6856
2205
2535
12109
6426
2597
10317
2163
6001
3448
11772
4844
1175
6362
4743
2303
12691
3903
9894
3537
12796
5229
1458
1579
12682
11280
2525
10403
5356
10720
2941
9235
2121
8094
5515
11883
6865
8908
9265
10747
10868
5533
5060
7714
11523
4011
1092
8233
4451
7640
4235
4764
3770
11663
6188
10431
7757
723
11010
12942
2067
9327
12914
1115
7350
8695
9569
8442
901
2884
6573
1354
6260
11731
10056
8742
3227
6447
5160
6928
2844
1670
1251
10077
5558
1346
611
2622
12742
6720
11230
9775
11671
760
3165
11196
12687
2424
605
8942
8212
1316
5457
8637
3900
4464
1815
643
5753
1730
11521
3916
5417
5114
9863
11825
11257
3993
853
7547
9964
10351
7245
7339
9531
10883
3786
760
1516
2854
5109
11436
5279
7263
10694
9392
6016
2415
749
10216
8936
2438
11384
11103
3958
9235
8972
578
11177
11236
4346
7369
8008
62
6598
231
9374
3856
10554
10027
8445
5306
9856
4043
6967
10996
10931
3526
1587
2563
1251
12409
86
7489
1474
462
438
1337
1351
4184
5345
1502
12509
4242
6556
10061
396
9313
1304
5455
12692
4702
7915
11186
8013
1882
11761
9248
2541
11391
1412
11489
5328
12208
12112
6062
4468
7217
5943
4731
9590
412
9514
4224
9286
9626
10533
4842
6698
8103
10979
11642
12070
2955
2387
8077
1801
12250
11337
5858
8045
10687
12973
9863
11084
6715
7882
12720
6078
3638
10122
10570
2148
1222
3665
2116
6433
1631
7294
3255
8020
7520
12440
5897
2609
1799
149
5961
2316
1411
436
6801
8635
9885
9675
10974
8066
3158
620
5566
5049
10184
6869
2749
4610
10699
8777
12030
2671
11698
9483
8648
9193
9567
5947
5566
3348
8597
3408
4671
7460
7598
3959
12133
12150
2015
11887
7586
6945
2869
675
6061
8950
10653
5583
5801
1835
6035
9963
8830
11472
5669
3132
5024
2884
1623
12276
9928
7208
12485
10121
11473
4598
500
11938
8420
9580
7156
1195
12225
9274
10702
1080
4928
12632
5078
4587
3617
10723
5363
9504
12582
6759
8404
4565
821
3257
10030
2222
4576
4179
8811
9411
5451
2140
1421
11192
10020
2073
5650
11013
529
5697
7398
2787
9031
3143
11750
1192
10778
6530
9693
7485
6140
11003
12596
3475
7388
5331
9553
9735
7230
10290
3551
6257
9404
9931
1317
12974
3329
12192
4617
6576
10159
325
858
7449
5636
9083
2046
3628
6859
3787
11117
4044
11829
6578
11433
10330
12188
7778
6370
309
9389
10221
9938
9556
4796
3791
9274
2542
477
6189
10602
11065
8159
7433
1180
2532
5167
1434
965
8073
645
975
2130
10612
2833
2794
10758
5123
681
5965
134
7003
2489
7916
11885
10664
6842
2318
11247
7235
2443
9036
11723
3927
12383
6687
6059
3382
673
9147
12677
7737
2582
7218
9593
6071
11699
10991
6463
5332
12839
305
9736
11294
3747
5781
1955
10280
4543
7611
1784
8280
12786
11306
8279
11436
7524
6623
5051
5264
5571
2369
10126
3525
11401
6471
1809
3884
4456
3051
6907
9027
11326
12847
3174
10476
12048
12631
4930
12553
8737
4497
12668
8664
7905
7106
3226
7190
6369
61
10270
5286
752
9461
5393
7120
11048
9509
6279
4477
764
11154
717
72
1691
12135
1650
3424
11959
9867
1015
7107
8149
1056
3412
6562
7187
6071
2634
9280
326
4837
11698
3809
5519
9413
5027
2786
2563
6811
7064
10153
3241
7982
10158
7776
12148
4863
9797
9224
11487
11985
6281
11090
3722
1727
6120
9139
316
10043
3093
9066
10432
12015
2713
9896
6996
10974
6971
12063
9134
7352
4962
3983
644
1564
6955
6794
2056
8293
6540
1021
8272
57
6209
12880
3760
11679
5627
2754
9401
10760
12917
2481
3442
7425
4014
1168
1292
12972
9514
465
10643
7253
12159
12709
9737
12947
3928
12295
9487
11065
6371
4648
11188
708
2965
3527
3429
3724
7590
7829
2556
9084
6011
110
3583
2061
4204
9614
1344
2621
11979
12878
254
3762
11574
4677
5942
7489
3550
4884
11172
12187
12393
10491
5442
2910
324
12201
12341
7472
7365
12129
9870
12628
3558
1307
12422
11235
10035
744
10426
11023
1167
40
17
10133
3348
11868
9561
7631
7582
9809
2143
8699
7026
10263
11496
8132
8317
654
9295
8256
2129
3451
6918
7619
10420
11748
6972
3962
7768
2959
11420
7974
1165
12639
7713
8730
7864
5953
9978
5912
834
2937
9749
9194
6969
11067
8404
5756
1297
8914
10151
1144
12979
2033
5998
9497
376
2357
4766
10644
2346
1688
6876
4810
6241
3622
1658
4974
5069
1227
4279
3006
3043
897
12099
3339
1820
572
1857
5896
1429
6118
3928
1657
9738
4524
4612
1152
9752
3307
3836
10961
8764
12802
11115
12912
9489
3176
11118
553
7422
3052
1438
7930
8746
3452
7285
6149
4548
1716
9333
11092
646
7126
8530
12565
7304
1611
9065
10299
6733
12115
9701
12401
12272
9202
10070
8598
9809
9975
5975
8190
12572
10349
1365
5804
4407
6194
6982
9411
4062
11437
4055
30
12919
1931
2762
8083
3516
2151
1817
4945
7788
9923
10035
6391
11952
5756
533
10934
12633
10440
7384
8814
93
12008
1209
9641
10391
8231
11026
3566
2170
9312
2251
4593
4694
9015
677
428
9395
3361
3923
1535
11187
2384
4032
4257
8705
2368
7095
9785
1945
1775
3595
8985
8702
6050
2313
593
2337
5220
2352
4541
7560
12881
7257
8702
11448
11314
2713
8916
12558
2458
7427
9984
12538
8363
8409
8966
935
6470
8855
27
3218
8652
10029
2779
10694
2769
103
5830
11574
3070
8872
2960
9581
12264
9514
11833
2589
836
9494
3246
7955
5053
11563
8356
3947
11682
502
11631
6105
12119
12966
12032
2014
4298
4002
6329
1995
9852
3507
5033
9283
10879
9769
3256
4807
1430
2145
7893
5122
2183
11228
636
10374
6634
1862
4111
6646
10981
2357
10490
9976
8199
7271
10914
4274
10548
4978
6285
5295
556
288
8590
996
6718
6344
11008
5575
11664
388
9061
10039
3276
2631
1776
693
10932
7001
946
3974
2633
10964
5377
6931
10391
3013
6686
7957
10433
11835
5328
641
5938
420
7411
10598
1343
5926
12197
638
7434
12368
1894
6536
3319
2743
9010
6473
724
328
5269
9362
7430
5536
9698
3138
12406
10202
11092
2593
110
4503
5192
11999
8942
9625
2042
12382
2915
422
9846
12297
12865
4733
4446
4827
12798
1804
6005
8218
12105
11083
4204
10175
12461
10266
6718
2496
5330
6894
11189
3195
12142
6695
1969
7202
8870
2544
6108
9282
9326
361
3259
6479
1405
1886
3896
8517
753
3753
1132
148
1759
12696
4661
6267
9846
2398
3976
5854
9393
10972
2775
1932
2629
4589
6621
331
3292
1842
4834
3243
5216
9319
12930
904
1622
5100
5965
11348
5714
11745
447
3300
1614
6948
12472
7349
5845
12864
12434
11470
5797
12313
8115
1213
9174
1279
8322
6100
12057
1097
1469
4567
6625
4019
11017
8868
4192
4628
2852
818
6645
1975
10437
8928
5444
5863
11433
9722
9368
9097
12171
2526
3468
267
11768
9797
3305
5715
11845
6293
294
7906
6294
3516
1922
2939
11910
1501
8658
104
3279
10064
6078
3251
397
9342
27
10532
10374
1830
7015
3081
3494
6640
9569
12781
10905
12662
710
2989
8895
6106
7262
1136
4358
11703
412
3704
3422
10863
3654
3145
6042
6597
468
5087
3503
2317
1187
7570
2135
12472
5761
3782
3702
4232
7600
6238
2186
7579
8535
1141
9493
8090
8560
6603
4875
5782
1106
459
7627
3807
8554
10047
10128
12482
12912
7123
12323
10913
3999
6038
2512
5124
5117
12293
933
10557
222
10685
2945
6582
2629
8535
10953
4061
7198
3443
2473
705
5458
11567
8934
12273
9921
3412
5048
7867
9075
6991
3514
11817
10095
11557
14
201
11212
6705
7817
1884
12990
8829
5121
5372
4504
9558
5052
4022
854
12400
6112
2329
11796
5471
9791
11017
100
11891
1593
6907
12096
4934
11924
1062
5004
9376
1224
377
9672
2810
728
1884
9360
1555
9088
11168
7831
4020
7294
12808
8742
4049
11471
3334
665
10048
193
1973
4859
3752
9400
2297
3994
12067
7046
3993
4759
4123
10949
12703
854
9263
5424
9060
1300
2232
4321
2670
10129
2384
6890
7959
520
10459
3175
12646
6912
783
10917
9446
12171
9227
2764
6287
11344
10530
10245
2035
5538
11687
963
3279
11640
5322
11687
4248
8713
12531
10726
12016
10684
5606
6870
7823
8344
3667
9231
2799
12777
6303
3535
4033
3957
230
9175
664
3750
6547
1367
7932
11157
6751
4892
7521
1413
4875
143
12479
11599
5442
10852
5164
1917
1587
1705
4763
8005
2027
8078
4911
9731
10041
8444
11053
8779
5519
5
2360
9576
9340
7940
6438
11492
3303
4376
1502
7992
4504
2934
12189
7008
1941
10090
7423
42
2894
2394
9391
6037
11664
3148
21
7171
10945
12303
9198
681
2316
6215
1529
6970
1441
12503
4148
9325
3779
230
4
9901
1381
11451
10120
10042
11665
4067
11028
2212
1028
2420
11255
10528
4650
5494
11292
380
12738
2339
3382
6232
2212
3577
12159
12239
2711
3036
1365
12568
4136
11352
11621
9602
12690
201
5609
7281
8551
9592
12635
8008
2051
7679
1615
3435
8262
12637
4906
11441
831
6845
10967
9821
12746
7915
12928
3294
1743
4465
505
5168
5119
7145
1108
2715
10374
2293
5903
3477
12519
3634
7363
11177
12027
6537
12749
6153
6836
12369
1031
2676
7179
11907
11578
69
4600
3875
3361
5830
4947
12532
2159
12629
2924
11314
11699
1828
2731
10727
2459
4349
9050
5946
12974
11955
887
8083
245
4348
8782
9837
4693
6682
7062
1935
11187
2939
4526
6662
9863
3896
11936
1984
7910
311
2989
10470
3565
4667
11788
1742
4447
6863
6144
5253
5938
1041
8838
4573
11860
8457
1538
12372
3573
10246
1849
11523
5146
11505
12632
10749
4560
2273
6581
12676
12054
1080
2347
2891
6812
1648
6967
8191
9646
3775
2088
1387
5837
9551
9182
629
2161
11536
2486
9049
9845
10278
3733
5888
5248
12655
7339
5538
11145
5208
1165
9535
7218
5433
3189
5441
7999
1510
4745
9142
1320
8032
4807
11237
2246
6111
2905
6065
4683
8085
10052
8162
1857
4708
5247
12362
8815
1335
10809
7046
5632
1862
12187
11169
9845
5738
5854
6760
227
12622
10295
4159
7218
1604
954
3527
3646
7277
5919
11653
6204
9265
10227
1623
9129
2823
9367
3008
6204
12452
11362
8853
7076
2246
5458
3132
1131
5639
8906
9745
5319
8147
685
12199
3618
4509
4657
607
9692
4379
6871
1103
7874
8768
1080
12081
8572
2038
6416
10799
9668
2770
11071
11737
10789
3560
360
8291
12194
4569
11447
1477
3766
4344
1447
131
4808
9382
8741
1099
4421
2288
746
6967
8059
6265
5672
8
2450
9929
2819
5594
6241
2749
484
5265
8068
9499
1453
11379
12996
9872
3742
6525
1991
3670
3268
611
5279
8160
7678
7650
12454
5441
6780
772
9653
11298
2879
8376
2255
5783
2334
5473
9053
9090
10412
6049
5341
6756
3270
1464
11954
3553
2109
4817
3217
1587
7256
12274
12730
1127
1336
859
10298
9900
4398
8884
1445
3334
2141
6124
1061
5796
9268
7341
6816
8202
6075
10323
6159
2105
8091
7749
5637
8527
8314
12021
2294
7701
10209
9399
108
5326
3922
10563
10116
9096
5167
4016
1450
653
4591
12262
12138
3594
220
4006
12919
6422
12312
3261
41
2674
7329
8791
11103
6900
9908
8277
3852
4101
10
9640
6837
7823
1979
10578
2144
8943
7601
4508
9805
8267
1189
5676
4940
11592
12919
3453
8891
1359
6510
5505
9820
10986
3131
6325
4461
6404
6584
4155
917
1192
9245
9735
9935
12073
3557
8735
1838
4807
11774
6068
12338
2575
5382
8640
5808
6099
6147
9747
8485
2550
1260
2649
3435
9969
10580
11130
10562
555
1839
9900
688
4948
4952
2202
9798
11852
795
7296
10433
12963
6995
407
4978
10138
10832
6076
3726
4447
6431
9399
2804
7494
2862
627
582
6355
6131
6993
1926
462
5481
8800
7476
8493
4694
3557
7393
815
234
11779
5782
2847
7078
7590
1246
11895
4316
2511
12906
7556
4665
708
3204
3114
3446
3807
2148
3985
2611
11139
6075
11891
9032
5762
6510
285
12738
6323
1963
4807
4942
1964
3201
6930
4059
7396
11480
5951
11299
7854
6462
11709
5854
1365
10786
7433
7677
5152
8683
7658
11718
3769
11676
2359
11394
10406
2275
194
1822
10118
7337
9514
8646
5876
12371
12593
6523
11377
3928
9603
11673
1559
2351
6597
10801
7742
7874
8671
113
12775
6380
11794
10425
8056
10525
8
1397
5660
6209
9697
7642
3697
12488
6821
11405
11107
7830
1074
2702
11662
2217
11416
9838
6548
3819
11991
4464
8093
5946
12228
8272
655
1301
3993
17
8550
11944
414
9783
9574
5449
7702
116
11812
10170
5081
6437
8361
10884
2862
2994
10375
12561
11126
8675
2604
5216
5237
10207
5388
909
6100
7579
4588
12462
12870
11339
8967
411
6213
1022
7240
7940
4564
10303
12564
4010
9694
3604
5276
11452
5556
5821
3043
8981
5230
10388
5885
12930
11827
10696
3311
12772
6484
9135
2217
4206
6402
4577
9260
8025
5457
10310
4576
7981
6222
3788
5687
9787
11166
11588
624
8667
8449
12979
12897
7832
566
10168
7423
208
11056
12542
11219
6447
1401
6957
6192
6834
4954
6957
10101
7605
5923
3748
6843
9619
6976
8747
5800
11344
12076
2849
9606
7540
5476
10402
7936
8819
9744
1130
3754
1908
1589
4982
3662
6897
10575
11272
11449
7648
4497
4372
8928
1645
587
1285
4240
4733
1006
3714
2110
12289
12479
4651
2139
311
338
4288
7773
2275
10625
7668
8126
2410
10540
218
11836
6326
7606
4352
7091
602
6319
6852
2179
8387
7655
10165
12322
3655
7093
10204
7154
4858
12729
6436
1414
2751
1199
6523
4392
10070
2185
11407
11753
10322
9973
9344
11055
6297
6543
4726
3633
11698
231
9631
10719
6949
10847
1155
3646
8896
1383
642
5084
7657
602
12893
9632
4470
4913
7002
7764
2944
7254
12726
686
7009
7441
11026
6093
6017
3
11958
12266
5557
1159
1994
9243
6234
12117
502
3394
11494
1415
1230
10206
9783
7534
11219
1782
8874
8316
1813
11618
3043
6039
2079
12149
6959
5825
3560
10185
7197
7050
3669
1415
5016
8457
5726
1499
171
3994
5534
3247
9000
8213
1904
2933
10195
9503
12084
10430
679
11425
4387
3186
5865
1606
4992
216
10284
4356
11514
10359
10124
703
6582
10661
6046
9623
3910
7319
7570
12130
3260
12697
5345
3015
11116
11584
4131
1590
952
8018
6768
6909
2151
3877
5310
4167
8583
3971
7225
6508
7160
6531
1255
1675
10723
6984
8102
6479
11863
41
598
2467
5381
3798
7379
2668
2372
3188
387
5568
12547
11494
5235
1902
9781
11189
6329
4557
2677
629
1165
4172
2455
157
8516
2157
763
1895
8769
7634
3439
2804
7233
1690
10703
2174
2395
3132
168
2744
8140
6857
6681
6740
8513
2081
3176
4713
911
3854
5847
9920
2802
7626
4335
9123
10033
9082
3418
4779
4752
192
11530
5836
7145
7149
10642
10821
5403
12264
10568
11437
2784
1773
6464
1725
10894
2162
7692
3529
11323
5974
10989
5719
4555
12696
7215
11006
6929
3652
2798
5380
2047
799
10660
8511
1565
6768
5335
5850
12382
1379
366
3502
7630
797
5884
9043
9048
7958
8868
4063
11344
6507
10620
3360
4439
12576
9536
845
10708
12567
739
7861
12938
7198
571
12801
2877
8070
12184
4240
12156
9257
10893
10823
8114
3327
9957
10816
3480
12380
7092
9191
8284
4224
6385
1393
12181
572
11882
11696
7924
11613
1910
3971
1969
6214
3316
5628
9247
7209
10260
3442
922
5146
1275
7658
1616
5431
9684
5663
1957
140
12008
737
2360
2050
5865
10793
2136
2778
2869
2897
3082
5367
10394
1040
3245
11772
2794
7936
10403
2740
5255
7676
9065
8862
2818
6029
11907
5307
2772
11767
9867
9133
7282
8263
4376
8070
11246
5473
2484
5321
4305
5107
7288
4394
616
10729
9752
11898
9179
2364
9059
4189
7737
2827
7788
1086
5094
12336
6888
2106
10448
8418
1868
6669
7141
6871
8277
11571
787
3929
6053
5841
9555
7061
4292
10286
12047
9495
2877
10319
7869
12483
12941
6043
2524
9128
12595
8946
10135
2340
10767
6927
10508
4671
1956
1786
1102
6316
2760
2371
2340
10424
8839
459
2855
11954
9370
8549
12592
12730
8086
7399
4869
160
11995
8782
7521
7437
5477
9686
4400
7876
8866
12376
2300
12674
2385
12073
5077
9919
6663
675
5346
1957
669
7091
3032
11888
11389
11499
7917
10997
3096
3966
6564
1792
8505
3289
1420
5404
4896
10649
11706
5190
3373
6904
4494
369
2870
8446
12996
6776
7937
3832
10681
385
533
602
8034
8915
456
3817
9624
2319
8854
7264
4457
6301
9406
5614
11066
2089
6752
398
9414
7427
8050
8322
10069
4362
2514
11569
5385
629
1152
1905
5128
57
6070
8689
9370
3625
7621
6156
227
10452
625
8441
9174
11227
10968
1432
7071
6674
2160
9049
5567
647
1210
4408
12199
11743
12828
7551
4315
4591
10521
12843
6770
10452
686
7656
11159
11742
5427
3084
8887
2139
7932
10388
10235
686
1633
10286
3243
5111
10296
4450
8543
10701
5259
154
3585
9227
6784
3550
149
4652
12274
3297
5534
10990
1895
9863
9710
6550
10189
2281
11984
2706
7466
11465
6412
1634
12115
4821
2789
12132
8084
8190
12169
3415
11498
12607
7997
7145
7975
5176
11516
7025
10013
4124
6951
8604
4117
9712
11786
2205
12615
5832
615
4245
1483
7422
1145
11060
3965
5938
473
9921
1479
2845
7521
7943
9229
1846
8578
3527
7232
2273
11913
4153
236
9672
6139
1993
8100
4180
5473
8729
8948
776
10402
6790
1034
6370
9614
1076
3184
65
11550
9214
2977
12145
2228
12855
780
2518
10484
11538
5697
4389
3253
12465
2950
8631
555
5991
6470
6414
8485
12052
10131
983
793
2555
2755
2161
1497
3109
11459
900
3146
12746
5034
12014
12366
674
8650
4849
12959
4408
8558
8103
11850
11532
12968
8959
1
9852
3652
2635
9027
7228
573
5447
11797
11834
798
7432
9931
440
4881
6396
6904
289
12339
11331
12075
3403
3410
3141
10386
3579
6723
476
5436
704
8687
7162
10016
8346
5750
4994
5579
1845
3348
12479
2187
6398
7392
4020
12000
7079
7486
1040
5223
508
9255
4264
1906
1443
12938
661
10413
12616
416
4840
6638
7819
10562
3548
12254
11574
6403
5759
11813
3557
3506
8663
9123
9064
2600
10978
3365
10429
5899
8174
9715
10267
8827
6558
5160
7486
12401
1742
1833
4898
10775
7766
4348
7680
9143
7593
9002
1056
8734
9327
8422
4998
12152
3062
7982
12978
48
9894
10535
5145
8053
8923
5387
9084
8322
7346
7017
3915
6866
7973
5308
9369
12932
9217
1407
1994
5182
2581
8034
2445
12438
249
10067
8520
11189
6584
4793
5444
12989
2547
11037
5886
5583
11949
9570
3795
8930
3222
6893
1966
2318
11708
11047
11653
5569
6160
4490
1230
6289
2866
7100
5238
8143
6327
7115
6650
4257
6752
10829
6710
4497
9227
6431
8112
6081
1567
12960
7774
8801
6794
6319
4252
3914
190
10254
2814
3479
7238
12925
12155
851
5797
1488
5814
9800
12130
6882
11676
5967
11445
7021
11697
9101
2574
7019
4562
3755
3608
7195
11042
1196
6952
2810
8130
2683
2981
11051
10929
12483
12075
9079
12592
1125
4287
1833
6520
538
1268
290
1186
11409
7491
5007
792
11899
8107
11042
9133
8434
10010
1501
5819
2629
4445
1661
7454
11377
3107
9019
5728
12995
5724
10833
10781
10561
7208
1310
12413
9692
4257
6914
10432
9771
11620
1085
5432
11974
2270
8088
12854
8153
2433
5786
11233
8452
2109
8101
11551
7519
7721
4324
3710
5084
2662
144
6765
3451
2661
11623
8496
5691
12465
3985
913
4547
2526
7157
1386
4969
9409
4337
5613
1809
6290
9822
9062
1623
5289
10442
10863
381
8419
12377
1797
10415
10819
5935
5422
9016
12489
11198
9678
8812
11297
11059
12946
7882
5163
10255
2813
8732
3388
11319
5794
7060
9254
8022
4165
7876
4277
12073
6967
7027
7166
791
1730
3218
883
9279
2986
8408
5206
12080
5791
9711
1363
3958
5537
4401
2357
11389
10527
2047
9447
3716
12226
7077