2747
6697
4327
2125
2425
5769
4614
431
448
10048
5894
1810
8723
5740
5582
836
108
7554
733
4633
2221
5477
6384
4584
8503
1222
8777
6850
3014
10472
9347
10008
9887
2700
2349
5115
2340
8566
6332
9347
9767
7062
2009
2621
2127
4938
8975
10624
8665
3608
7246
9395
6732
3467
9845
10542
6847
4132
1129
9154
6457
8530
8018
1691
637
2683
9394
5539
7925
3072
4180
9879
7740
4559
7906
3932
6258
7532
5794
8310
3226
9774
6500
7016
5160
5030
29
8702
6856
7763
125
10138
7733
3877
1251
9573
6950
10097
8364
7484
4691
2637
7736
8302
5731
4058
6630
3368
2580
8975
4714
1140
5765
4647
9482
10095
3608
9645
2297
934
8177
8129
3939
2400
7312
538
3777
2320
9057
4348
5784
2365
8066
5886
1878
2828
9327
4832
1785
9091
7963
8379
6310
6551
5795
2591
1230
5989
5110
1921
173
10142
5073
5184
285
10291
2673
2803
10535
4960
5500
6766
3617
7443
2641
6081
2774
1660
10718
3083
6102
24
2721
5029
950
7050
10765
2421
3505
5052
4152
10449
2188
10304
9282
798
3019
401
807
2103
7604
9121
10192
6585
9340
2838
145
9762
8002
10209
1530
1156
8569
6852
4129
8648
303
208
5973
3060
10343
3134
4316
691
7283
9911
10528
10021
9176
2082
6193
8953
10294
4373
5094
6207
5137
3659
259
2124
4467
7316
2704
10645
112
10611
2445
4164
10249
9563
4181
867
2837
8670
7519
8985
9537
4507
6587
8716
3052
6882
6189
3469
827
5433
9217
3054
5063
662
8403
6112
5118
4813
9980
5732
2913
9479
2362
2685
2514
8484
8222
8310
2747
1436
6976
6872
5658
3232
6701
4970
411
7504
1600
6009
2290
7417
10492
9701
3514
2468
4018
1588
5679
157
7403
8556
3643
3532
5027
5184
5844
5894
396
9947
3061
9573
6706
7857
8133
6680
8033
974
1847
1617
2210
9167
10130
6443
5966
2653
10033
3078
6773
4021
2630
2803
7017
7889
2736
881
7481
8311
1065
3912
4517
2089
2000
1378
2738
365
2350
9182
7058
4871
5878
7409
8533
9993
5180
8928
4547
597
2915
8007
4089
2592
6859
10739
8900
1031
8936
2060
8273
8042
110
1850
3445
6484
3662
9644
3559
8684
9225
6863
8323
9348
662
3213
6967
3906
10219
5546
3890
8857
1300
6119
4965
5411
2069
5611
8119
7885
4898
2074
2408
6655
10047
6774
5431
3221
8069
7574
9866
5905
116
1742
4503
10412
8261
5183
8710
8938
10486
8236
4855
6244
954
5127
9954
2338
10347
10768
582
4895
3622
3146
8784
6168
7720
5035
5755
2641
8011
8471
9028
5729
8217
1798
669
4218
4005
10413
4275
1688
7194
6769
9789
5298
2067
6959
6320
3878
7528
10091
2471
6316
4491
3940
1699
6807
8790
7527
9842
6149
10261
5820
8240
8266
6391
4799
2145
1039
1603
10198
1672
578
7967
2025
5238
5459
7294
9754
937
7557
832
6629
1271
183
1622
10523
10432
1649
6134
7744
9136
52
78
2591
8019
5180
6135
5394
5845
10777
9793
8919
9871
6309
6265
10398
2644
2062
10634
9440
6293
4426
223
200
10723
6973
2449
9482
4082
3940
8
4787
9290
8893
432
8504
1090
6111
7359
931
5696
7450
2682
3767
9390
2167
7814
6688
4366
5584
10645
2831
4626
5824
1434
3044
2785
10286
2574
794
9843
7309
9962
9976
3979
9273
2837
1189
10196
3097
7034
10033
10471
4618
4558
3588
3337
6315
10713
8212
4097
9204
3034
8355
10504
6779
6445
5909
7650
4197
883
9120
6301
8873
4941
866
8718
7361
2851
10324
7087
4952
2234
5013
4244
9037
3988
5780
5251
7654
10768
1605
6935
1023
4849
3468
4930
3594
4625
2695
4937
9647
7500
5293
1890
2554
4546
8921
6217
7061
3733
6745
1776
8124
6099
10644
9798
9419
829
6839
244
10115
6597
1027
3003
9348
10551
7833
7452
1849
5583
10311
2340
5298
113
3188
2901
7893
5285
3667
6019
7262
9194
10384
4793
201
5062
9419
4943
4993
616
10265
9360
10079
5159
9713
3986
4052
6961
3147
3820
5645
5296
1186
10545
2946
1683
4108
257
8595
154
2529
6618
4983
8595
6140
472
8180
2808
677
9029
3034
3912
5807
7508
553
5492
6359
1943
7476
8749
10207
1083
8985
8758
10716
10234
9471
8094
5967
8022
7428
3308
7384
4345
453
8323
6606
4271
994
4083
6195
653
4732
4269
7055
2976
8981
6738
9791
10383
301
3058
1688
10224
7452
3361
373
4947
7288
10069
7282
3135
7955
8305
5760
6634
5212
9113
2440
3343
541
1965
5045
4913
6905
7368
3322
5843
6386
4587
6237
9305
6769
9935
2422
1665
3430
1268
2777
7320
2622
8681
7479
404
8711
7330
9873
10115
7829
1733
2714
6431
5806
9809
3035
1917
3084
1715
7518
3411
4123
10341
10345
1877
4917
358
1494
4176
939
1302
6601
8826
10191
10029
5353
6219
5853
5996
9275
8724
5001
9041
1616
2504
6592
1565
6623
2742
2583
7541
8494
7284
2767
607
10444
1312
9265
6058
5660
2055
3088
981
3025
8426
8541
130
4712
1889
9346
1466
10252
1794
3518
9894
925
8080
5910
4542
4808
5145
3880
287
7477
4859
3472
1728
5795
8270
1097
606
4641
2344
6900
3131
3108
6047
101
4755
6132
10659
1249
4761
1221
7296
9138
185
8316
2836
10265
4411
10564
1091
3460
5264
5987
3466
9968
3583
8181
649
10351
2016
4696
7885
8460
5706
9259
6620
4446
5352
58
4387
9916
2465
9464
9048
6720
5278
1811
588
10239
9029
1932
9685
2215
3345
2481
6984
435
7798
1423
2056
5175
2526
3035
8566
3760
8425
5775
7885
1772
6853
8793
6238
3050
5667
1579
8290
9382
10234
3591
6199
4347
2794
9648
6969
1073
2582
469
7788
2760
7127
8955
8217
1382
680
10713
2957
6126
3720
4738
7543
3311
104
8567
606
10452
7126
992
4918
5175
3970
5210
6571
5304
2655
4084
5755
10278
5506
2771
4724
2567
7230
5952
3494
2520
1869
3879
6355
2646
595
4356
2209
8273
3876
1643
4537
5389
5787
3566
6352
3353
10002
9855
7118
3368
2660
8091
6077
4753
4387
1106
3774
4868
1126
881
3797
8803
3275
511
9528
7418
7121
6348
1145
5700
2067
1608
7802
8611
4330
1959
5927
5846
7361
10755
2156
293
5786
3841
699
4507
2249
6057
892
964
9230
2637
9675
6723
10731
2703
3237
4324
762
197
3213
10658
4683
10570
4827
10195
3714
4948
8052
6665
6281
7763
2180
2767
22
9097
2484
5879
9188
3091
8715
4475
9213
6649
9849
5988
1379
54
9344
7582
35
9947
1282
8936
5994
5350
8359
7075
1837
7068
7874
9285
8456
10143
5362
3769
7281
4956
3469
6695
3761
5238
3968
4089
3820
2886
435
4430
2579
9295
5830
8862
8945
7298
4139
1584
1151
8683
6258
3131
2063
10773
926
9220
10499
10676
2069
10024
6047
556
6001
9328
5775
9728
4190
7903
6254
3953
4868
10760
3778
7512
9467
9935
3121
6704
6074
2854
8755
9637
4975
7807
2348
1827
9547
4323
8092
10240
289
8105
332
9648
1106
10049
4206
294
3200
5036
470
3037
895
1706
6512
5281
655
1576
2010
5560
6931
8288
9636
6888
17
2778
2794
3685
5500
9908
7095
1787
4632
1176
143
10100
9171
5390
6078
4854
10035
5210
8051
5239
9351
7898
9974
828
5002
2003
4010
9398
4303
8960
8092
6311
1677
8361
631
11
9201
538
9296
7421
8502
7537
4742
5775
5796
1623
8961
8922
10192
492
1989
2990
1281
4848
5171
9305
9727
1748
505
6793
1718
145
4592
3364
7936
9994
4784
1054
6111
9440
7199
6250
2232
7512
1145
1400
8689
7451
305
6267
6759
4993
7252
3973
4010
2167
5795
13
4455
1419
3217
1957
5227
2480
6964
5771
4074
1653
2742
9329
2298
9139
6881
3436
2184
790
6172
10502
8634
4523
2123
4440
1405
1820
9621
7713
7586
6209
2239
7111
4113
6270
976
9950
2700
5416
3363
2224
3255
5261
7004
8344
10403
7688
8190
7238
6515
3067
5146
2618
6506
7732
8566
5795
1661
6772
1808
5839
5412
6777
2485
10724
1941
1289
4031
10280
4923
8517
3008
686
8578
539
5378
2645
680
2836
2953
10498
3731
5207
7014
5861
5439
5174
4153
5912
790
2127
5975
4866
7752
3179
4559
7624
7597
1697
4207
3397
5851
7807
4088
10318
6441
5497
3504
8922
7501
1430
1949
7226
7886
789
938
6175
2155
4571
7825
7089
4278
759
1957
4215
3936
2906
2504
4324
8009
10238
2428
8405
3468
3205
2844
5101
4678
9833
8289
8858
3941
5740
1282
8545
7886
3888
7906
4064
3697
8132
1401
6325
9315
10558
1956
8710
1987
2822
4936
1426
8357
4235
595
3981
45
5460
10473
3785
8695
2140
5016
106
4893
4615
6586
9073
1921
6847
7268
830
4928
8397
3327
6151
3940
3880
7545
247
5709
5372
6155
225
6522
10688
6948
9786
6689
3620
6164
3353
5210
815
4708
1088
7874
2439
3967
4712
2768
10472
10523
7806
10691
9558
7848
4341
2617
4231
2787
6018
7352
3861
6021
780
2108
4960
3994
183
8858
6918
9344
6262
4826
6316
10692
10255
6893
6680
7320
3838
5326
5491
6670
6006
4934
8960
188
8322
1267
5220
9590
452
5986
9358
5216
1150
3310
424
3025
10134
6242
7423
3399
6187
1117
4643
2717
10180
2776
10013
5792
6883
9001
4553
9296
7680
6281
7944
8890
8272
9952
9172
4149
2810
9792
1571
3036
1865
1731
1551
5663
4508
6993
9356
9035
5850
9276
2643
2896
7673
8646
1726
4378
5342
463
1768
6430
8057
8142
8209
1684
7323
9320
420
2396
4916
7276
7594
7701
6371
7557
8358
4282
1032
9659
2691
6597
1893
756
10542
5869
2993
5106
3964
9387
5566
10405
240
8301
2456
79
5467
6901
5262
10312
7948
1102
3396
8586
5708
8186
10123
737
8563
145
3065
7986
10169
5092
9300
7313
3708
7136
1802
5833
4826
5839
9106
1640
6640
8194
4594
10090
8495
2004
8779
2661
8847
10436
6142
5029
5091
7360
2975
3351
4100
9389
1271
8364
8479
4188
6215
4794
1030
1305
8224
8627
9529
7681
2059
70
8985
5471
9405
9778
7960
4981
10446
10675
4708
9327
6934
8799
2444
4458
1271
9603
9686
4100
10064
10269
6178
2251
5875
3508
808
3530
9672
413
718
452
9854
5881
1398
1928
8821
10647
4961
5054
7351
5285
4403
10784
5689
2435
317
5888
4475
3172
9014
3259
3359
9871
3028
10704
5603
1596
1665
10284
36
3137
3326
9043
8853
5390
10082
3270
4793
6894
10742
6698
10757
5534
5578
3686
7505
4094
2781
5464
4247
47
9908
1845
1704
10574
2279
9299
5677
10759
290
10517
217
8927
8955
2590
972
3330
6843
8522
7729
7081
3976
4020
2775
9740
1081
8403
8620
9143
1028
3996
6314
9782
4594
3144
10759
7137
9859
4807
2825
9704
7197
4750
8000
3676
8290
284
3370
7634
7567
2423
2527
2245
10012
4630
8938
4353
3652
6147
4607
4591
4751
3163
10309
3709
5644
9827
6045
9939
3757
8906
3078
8008
5862
4450
4831
971
2956
1175
5755
7050
7454
10575
1110
9686
5952
660
590
7223
7236
4237
8843
5493
5171
4776
10221
5756
6715
3420
2985
9161
5488
8789
2747
9249
10210
9788
9877
1320
10786
10237
6409
1475
4794
8263
5147
5498
4511
2096
8538
6648
2750
1511
4653
7146
7497
3386
10198
4506
10536
448
8274
4627
2910
1865
3204
6385
8072
5757
57
7908
10303
8192
7211
9764
7572
2568
7846
6368
5639
3250
838
4714
651
7335
7300
10453
10471
10227
9580
9759
9288
5295
7453
6811
5359
1846
1249
3177
8199
436
7682
4925
191
7173
4292
8382
2088
36
6481
1284
4469
3608
10335
5329
2152
7309
3756
8004
5020
5250
8983
1641
3639
6985
1679
4247
9215
340
6130
2498
3029
8582
7301
4639
1011
3310
9310
5077
10300
3061
6123
1390
6502
4249
1880
7707
7690
1312
307
3687
3704
8210
8790
6088
7481
6433
9569
7914
7055
6789
6251
4918
9394
6586
2818
8126
3600
1070
8169
1864
9275
2175
6612
4726
3806
8985
5227
3890
8754
5604
3040
9382
9249
3430
3170
5751
10468
7893
8656
9854
308
7136
9260
9808
6044
8750
2435
174
9523
1016
6407
10059
8798
10425
10130
8253
6337
6930
8727
3446
10565
6842
1600
2341
811
5054
10546
1877
3631
4714
2119
1485
1855
10569
8200
10046
2330
10615
68
1697
6810
2035
1905
539
6359
9228
3753
5668
10402
6759
3031
10449
9463
7813
9586
3216
6188
9406
3533
1300
8400
2692
5597
4288
9781
2248
744
3098
2885
6364
10245
9074
7571
10621
6979
1888
3170
1296
3219
7008
189
4712
8216
6781
3494
4221
7727
6481
10299
9957
5885
7572
3962
10456
1198
3123
6452
4793
6456
8254
10461
6504
72
5551
5108
966
1188
5247
3371
5025
2437
9403
618
1645
8420
10461
331
621
8930
4765
8921
7338
1185
1262
9347
3551
9930
645
6899
7888
2375
7713
10160
10420
6026
3928
9837
10784
4278
3711
4408
4842
7150
5695
9290
7888
9545
6204
2150
9793
6386
4801
6615
9997
6263
5647
8334
727
3641
10195
415
4693
4546
10674
7334
3502
8769
2822
1936
6868
5308
4124
8420
8947
10629
8502
9634
763
7796
1620
5956
6233
4016
8734
3045
9069
4425
7067
2641
7792
2615
597
6483
5554
8813
4091
5786
5084
3709
1702
2913
10561
10644
5008
8049
8517
4113
4644
1789
1625
212
2302
875
3980
7858
8330
3974
9489
7879
5323
4733
6077
267
5625
9844
5937
1643
9779
2883
6893
1316
1774
1367
6281
741
1996
953
17
4687
9552
9803
8892
4642
7698
6170
1701
8890
5981
4230
187
9502
224
4238
7264
6830
5516
2568
1308
2499
9625
423
3994
590
2379
8162
5142
5915
5160
8097
5192
6408
7291
6905
5326
4573
5238
939
10066
5748
2269
6564
8696
5832
6286
1432
7599
7296
8667
10439
6872
8200
7207
373
8368
9906
123
8955
2271
7069
821
8703
10185
3589
10683
8270
8774
2474
8494
10699
6798
10189
1697
9804
3221
509
9703
9796
8222
1557
9348
6354
4828
6502
10303
3658
6095
6093
283
9029
8426
7196
2673
10732
4305
9723
4382
6315
8999
3794
5065
10459
1806
1560
644
6487
2956
331
7833
6808
2188
391
7023
6900
2137
6705
4948
5159
4654
3460
9906
6335
1019
2807
10205
2469
9508
2100
1965
9183
4786
5738
6513
1527
8984
4146
3806
9034
8042
5225
1021
3812
7972
5771
4534
857
1844
8243
5074
1050
8112
6394
1581
1413
8854
6585
7764
4428
6316
7958
7611
5100
5823
2560
8529
8299
9850
8428
2387
5765
8614
9779
1221
994
1527
7484
2631
7759
2700
10628
4476
1530
1872
383
7454
9972
9532
1081
3038
4055
2726
3913
7152
8075
1692
5145
6037
2751
8431
7879
10791
2060
9015
6169
217
8474
1716
5794
745
5544
8378
1874
8055
9224
4282
189
634
5244
63
10743
777
8796
8636
7407
2739
6349
4636
5496
5839
8556
10548
1815
4587
3957
3337
6738
3380
1711
5100
7230
3598
8561
8660
3783
7484
2733
3192
9751
3242
5685
8603
601
6521
9308
8059
6441
8083
3199
2980
6362
1835
6409
6724
3066
1017
4978
155
6378
9738
9772
7866
9216
5074
6875
291
4048
7331
2787
4961
3259
9678
3414
3848
5193
5252
1730
10370
5109
5908
8916
7292
4526
2941
2081
2977
8916
9416
5419
2626
8528
5913
2696
2340
9610
3721
8133
7288
4185
7657
10529
5321
9365
4540
10485
3119
8007
712
5624
1646
588
9419
7858
871
10091
1041
10456
9476
3489
7499
6835
7741
3364
1486
9982
1772
6268
3090
4990
5486
6031
7582
3344
3271
2568
3047
7470
10264
5687
10795
8986
759
593
7602
7218
8835
4010
3237
4680
3441
4266
2492
10223
3998
946
7884
2217
2582
328
2950
10674
8442
3629
9523
1169
7594
5560
6077
9080
2947
4982
514
4322
9761
5212
7607
10095
852
105
9370
36
2713
9310
7485
8098
4250
108
5975
6871
8250
5256
9789
6045
5439
6942
7
2564
7355
8227
1288
9879
376
7831
4988
275
8468
7897
1442
2694
9304
9475
8954
4359
4717
6228
331
779
8141
7013
10308
5592
497
8481
3808
1934
1007
2521
331
278
3132
8156
9723
3755
5788
3086
9102
133
5314
5680
1940
105
601
4807
668
285
4835
1088
9499
4581
6871
10396
939
1263
9802
5908
4001
10634
362
4129
4029
2242
1731
1722
1162
1318
3447
2368
7590
8775
9194
10340
3713
9184
4321
472
4841
281
1992
3628
6650
4227
8448
5661
2211
3156
9962
9031
4526
8713
7761
7170
1634
6152
6834
6015
9864
8164
1501
1526
1433
4025
7824
2915
2048
8097
4528
2042
3406
6047
10472
8115
9227
1468
409
4116
7599
7430
4403
5886
6777
4234
9417
1787
8339
4610
4010
4694
850
3004
283
10063
7091
2675
6415
210
3734
10248
1737
5626
8280
9840
3126
1986
8503
9807
6683
9800
10351
485
4905
7051
4519
1234
2888
4700
2803
581
7720
8228
2819
9862
3823
1190
4349
843
63
1236
6839
5233
2623
6544
9085
1855
8364
1205
4927
6941
262
7158
1379
4426
7392
2126
5139
3723
8195
8211
6000
9361
5899
7938
4061
5684
901
8785
712
2299
10796
8366
8309
7838
3707
6734
4858
1548
10159
8513
7535
10476
2719
1735
3214
6858
49
719
1012
898
3450
10419
5099
691
4346
9864
4830
922
2151
4970
6925
5881
4471
6996
7000
4351
4967
3472
10300
954
8072
9617
5938
9377
7748
3251
8694
6559
4267
8226
3765
1892
358
7341
8968
1771
2125
7222
4832
3967
568
5035
7170
6168
3303
9601
884
6234
5126
319
8305
6575
1024
10002
8326
10287
6602
4259
1313
3033
6369
6654
8164
4328
4770
5690
1469
6982
9986
9497
8695
8344
1159
2777
8386
7883
5423
2773
2473
4817
1654
7537
1219
2920
1686
4161
2236
10638
2085
10780
9218
6322
4058
2475
9628
6735
6012
311
1925
6361
3431
8855
7015
755
5962
6415
5346
8375
6540
6055
8113
3582
4325
4498
10485
7893
5653
676
3488
4031
1487
7711
8619
6936
3367
6259
4280
9809
1738
7671
10081
7862
3972
579
2335
4509
10027
8138
2861
4483
4257
5747
3687
10540
2246
1462
225
8584
638
461
8920
80
1994
6636
7644
1053
888
2404
1349
1141
6650
9065
4504
2781
6135
633
201
5443
2843
5798
10638
6554
3147
9978
6957
4227
9856
230
5540
9250
4105
596
5311
8074
4528
335
2387
399
3517
9836
10415
5244
1791
4583
1924
2089
6945
10022
7782
4445
4433
1591
9088
9962
3662
2373
3547
10087
1267
7712
9423
6226
2702
743
89
7807
2333
6716
3693
9287
9472
4147
3355
8747
6772
9274
65
7907
2460
4680
999
7241
8992
1211
2259
2053
10341
5562
3934
6263
949
6328
9664
9014
5954
9824
6726
3296
4002
3473
7269
463
3329
4489
997
3473
631
9061
4644
277
2176
1659
4943
4013
3716
1231
6149
1731
9441
4332
4676
9385
613
6829
9964
10680
6871
2715
5754
2578
6202
6323
4016
4007
8589
6549
3466
5354
9706
1608
5587
9059
8898
6545
2353
5206
6472
10015
5462
7437
3215
2045
10584
4466
6958
4641
5499
4667
5070
3184
9505
2925
4981
950
5679
1748
1674
5967
2436
5186
1113
3676
5858
10390
1939
10172
7056
1125
5120
9294
4336
10201
3041
1817
6923
8943
1843
2407
2074
1552
5735
10096
8352
6945
313
7637
2423
10505
2785
7776
7571
4410
9255
8323
7784
9942
8124
5357
1458
8780
1217
10595
3137
3274
6343
9626
8518
3855
7461
1616
9391
5626
1393
8412
3766
1365
22
3552
7744
10686
603
6683
8608
1259
4841
6164
2470
8938
10435
6516
1229
3769
2970
4961
1741
9727
10481
10563
7178
9330
5208
8209
6778
6357
1945
7139
2900
4887
9581
7235
9402
10276
5262
1294
9829
5534
7805
9162
3511
6552
3901
7918
3632
1885
8309
6176
6740
5597
5546
2378
9091
188
658
10644
1420
4699
3474
4468
7120
2227
9005
9193
5873
6316
4168
9018
9569
1894
4754
3865
4921
1159
857
2370
4611
8395
10474
5404
6951
4749
1617
7779
9208
3976
2567
3376
6981
5353
10614
4826
8745
3254
9292
17
376
1188
5421
6643
4445
10225
9691
2565
8886
6281
2903
617
5663
9443
7228
5806
15
5608
5017
2652
9661
5249
8225
7446
4547
334
2394
9773
9523
463
259
8967
349
512
7371
383
1665
10608
9764
3383
5170
10377
5655
2905
4760
6092
550
427
1276
7617
9310
9189
8773
10732
6456
9638
8910
8713
9318
5152
6319
2817
63
6146
10065
9640
10587
4271
7817
5548
8109
3683
9086
5769
10001
2682
7651
5421
2410
1272
1662
9411
10549
892
7350
10543
935
8159
5812
3878
4819
7708
10113
10138
10503
3642
8469
8917
4120
6274
1292
8713
10264
3783
9599
2787
4858
1383
6002
4829
6027
1915
9687
3949
6721
3021
1551
10380
6672
2212
2803
7912
5863
238
1554
4155
4583
7038
8651
4497
8960
1617
2020
10114
5276
9691
7435
2648
10164
9174
8367
6018
94
3671
523
6597
6042
9576
6892
2639
3795
5480
5822
271
265
1648
4323
10665
7995
4225
8439
10050
4375
9818
5981
1270
4800
2997
7038
7331
3999
7509
1977
3106
9760
3872
4959
183
1314
9179
1035
787
2114
3013
9431
1529
31
1748
3063
5633
3423
9591
7400
7994
911
374
9936
5768
3158
8423
10014
10752
8029
782
8028
4524
5515
2367
7871
141
3927
2998
10734
5713
5494
3790
6492
2007
445
5138
6551
27
2109
2340
8823
7360
7816
7771
8270
10484
9057
2553
9726
7054
3893
5876
7077
9343
8142
5627
2750
5880
1003
9331
6968
380
4850
5564
9817
4265
165
7921
3347
5931
4554
5113
5691
10109
8386
3919
902
2865
6890
2115
4518
2573
9072
7958
8874
730
2341
10755
8059
8737
8541
5250
3474
2257
1287
1784
3666
2003
10381
9408
8434
4605
6519
4675
1605
10606
8806
8171
10127
3407
10438
6816
1248
653
6231
7521
2122
1913
2711
724
1087
344
5577
4118
4324
8394
9876
8155
427
8301
4872
3295
7053
5967
2739
4751
6260
264
3203
6529
7212
985
8404
3897
1441
1119
2523
6104
4051
10411
1490
6934
6133
8335
4427
5324
6580
6946
10014
5625
3419
5573
10052
197
4780
6922
6643
175
2053
9483
648
9891
712
7615
10434
1839
4649
5887
877
7755
2413
9788
7604
3097
6739
302
6285
548
3022
4415
6812
6585
2338
1957
2451
4206
255
2627
7487
1345
10383
10260
5656
5368
8569
1675
8635
4347
4264
718
1863
9147
4873
8873
5631
7090
708
8677
9638
939
5634
8942
7645
10664
4235
8281
4079
3854
706
2787
9413
6937
9579
8695
8861
3158
1671
1772
3563
3005
10335
9459
7357
7447
2790
2277
8751
4913
4665
5498
8162
6
10120
1416
2373
5936
1166
2651
190
8988
8552
5711
4530
10501
5214
1915
8090
10652
2601
7530
8432
4667
1712
2209
4806
6737
1632
7870
10290
7377
74
3858
483
1162
1754
4118
9928
2654
8505
9704
935
8318
1106
8936
9294
6758
9364
1785
6219
7253
8627
1709
3446
8346
1840
2625
8757
2268
743
2171
9142
10392
7756
5449
8552
1637
1455
6590
8655
4757
1716
5975
1981
8745
7683
3817
8854
10563
8926
2490
2424
8386
1200
6588
8286
9815
3879
5291
1279
9409
3547
9194
2537
338
3222
7065
9641
5605
945
98
1834
7270
10084
5040
8821
4209
6165
107
6287
4341
2432
2694
7836
2912
518
8516
1802
5585
6611
4378
652
4389
4471
2451
3388
3785
8238
7958
10013
5060
1301
6389
2030
5721
10789
2849
8630
4771
3421
97
6694
5854
1129
8629
7121
3778
7663
10257
7507
1625
10251
5920
10033
10691
1942
3560
1165
7428
6840
4782
5918
6055
2701
7616
2482
6909
6463
2653
3528
704
5852
3089
4430
1960
7699
7195
7353
5887
5591
5097
9870
3488
6988
6628
9204
8432
2142
1623
8749
9544
8702
5292
2733
3657
4254
7595
2076
7747
7940
1161
7405
4378
1126
5755
1780
3389
9227
9473
4562
3013
7906
4477
2093
10410
1517
3224
7558
6533
5356
2358
8610
4119
4436
10336
10409
6375
10166
3281
6165
3089
3349
2019
7551
155
906
3708
5773
10134
3608
5137
6157
6540
6527
5831
1679
2447
9674
1550
1707
5565
7581
8566
4089
10207
9954
8332
7620
5617
1505
1676
4780
7153
399
5129
10212
4450
5440
5260
10581
9067
3741
4781
4428
3005
8879
3191
731
6771
9988
6541
3520
562
3323
10453
2784
2431
7580
6696
4509
8322
10728
4224
1008
6554
3227
4132
7712
1539
7041
383
7747
5553
4157
9166
6387
4637
570
7444
9753
1727
10118
7897
1499
4869
530
10193
10476
6050
8747
3343
3567
253
9885
4136
9979
6586
196
7397
6995
1478
537
1131
6067
7434
2993
9767
1351
8543
5246
1674
7982
6523
3583
7259
8169
4754
6312
1026
10010
141
8811
117
4848
7927
5827
838
10404
5825
5228
5008
5847
9360
9483
2883
1124
10134
3230
5221
4171
3030
4092
5931
3055
7203
8081
2864
7750
407
2665
1298
3230
7757
239
6651
4882
5089
2967
8253
7155
3010
2550
1017
1712
5180
1413
6776
4237
2185
4030
10272
684
9123
9806
1466
6232
870
8068
624
5205
5575
10791
5330
10222
1239
361
6129
2015
9713
9365
9758
4941
61
7773
7957
2076
5406
6053
7411
9766
1750
2287
5581
2958
1404
7329
2522
4011
7901
4076
6018
7183
5771
2230
5019
5433
6310
9875
2846
8264
5329
1824
3626
9779
8567
3243
7654
4597
599
4157
3711
7026
6449
3273
3198
3560
3873
7192
2466
8036
6244
10252
10641
3660
1667
8137
2293
8227
7579
7400
9509
8153
6777
9710
6328
5028
2400
6542
7849
7341
2379
9524
2361
10035
541
3722
5639
256
8183
10022
4191
4956
2440
10431
8387
8881
7939
9316
3612
2586
6106
5192
4896
2132
8667
8383
1333
6340
10624
7097
4958
5278
4856
1136
1363
9028
3546
4683
5305
4860
4618
1970
10523
1850
7231
9270
3210
2301
2293
3274
4679
1020
2046
6021
7394
2910
2678
9387
4945
5153
4836
6250
7390
7878
3100
10080
2070
8933
7010
8676
7542
6854
6943
64
4540
5246
2663
1428
942
8252
3724
2127
9127
657
3749
2860
6337
6193
8188
3047
8258
1481
8077
2486
599
1362
9739
8670
4479
1808
10220
2218
3042
4729
9231
1282
4145
1997
2645
4842
9829
2087
1688
6982
6707
3724
10594
6148
3752
3136
2952
10030
178
7425
9003
472
10772
7540
439
2844
1287
4749
10264
5824
6978
4444
5962
8666
1761
10387
6168
2287
119
6961
5270
4963
1735
10410
964
3482
7293
8744
4777
10349
2748
820
10124
5355
4160
19
4403
3245
644
9948
307
2479
3788
6029
2767
199
10279
5400
1175
10326
2059
8819
8218
554
1045
9753
4163
7436
4194
7420
3663
5149
6225
3504
6903
9730
10181
1563
6822
8083
5620
2263
2224
3492
8033
8594
3831
2317
5115
4657
592
2053
5542
742
5621
5799
6228
5193
9851
1482
9278
7632
10284
6854
3447
105
5454
1318
2832
619
4314
6769
3703
9881
4220
3990
7862
7643
10543
7914
2786
3404
9905
7117
3607
6465
6902
2815
3154
5310
8427
4850
9562
3314
7565
2584
6481
1094
8938
7788
2870
1211
3309
3300
6914
5590
2302
4058
10080
10477
9030
10662
9114
9741
2616
6907
1031
9601
10204
4058
6215
10558
9025
8863
250
2769
4667
3863
7632
8230
10432
4412
3511
508
6945
1588
2514
1502
10678
1354
2074
2670
10362
6822
9644
7021
2760
6599
9611
5764
3709
6082
9849
8287
7084
9324
3876
8429
7646
2394
186
7707
3704
4784
6325
2031
8787
80
6714
8281
1872
7271
3495
3451
1393
827
1956
6734
396
2204
10686
3240
10584
6687
2523
6638
7140
7394
7825
3114
2625
386
1229
2297
2587
3554
1885
9626
10199
7740
2993
562
8212
10293
6093
7976
4912
8739
9716
7863
8678
2414
7407
5025
2384
8767
7686
634
8320
2267
7452
418
7490
4353
2639
201
3377
10367
10210
8723
8776
9680
2599
10276
3779
10088
5345
1736
6235
6884
8434
1770
8119
4720
6671
8028
1677
9801
5363
10042
4754
5989
2863
9289
7684
3998
719
1513
2960
10247
1041
6205
10107
10219
3648
6978
9816
2068
1569
8492
3507
2482
1529
5210
8866
10626
662
9164
1041
6674
5852
4915
2036
4037
4761
5429
3224
7674
10663
1244
335
7765
7604
9581
8924
6635
7719
9436
935
5275
8018
4327
5442
2328
1020
3689
947
2196
9434
10497
3029
3727
940
8741
2803
6771
6414
2078
10330
9877
294
3932
9090
6816
4094
4236
1083
1964
4400
8654
681
7016
115
10451
10277
10102
7463
1312
5257
9781
5597
8491
527
5868
2773
9055
10687
5514
1057
7812
7621
4888
1241
1249
7905
8559
1824
7287
9395
8371
8913
2389
7525
6624
9295
7939
7998
7605
3820
4702
9727
6693
6852
10723
9532
7713
4861
2555
4711
4910
3996
6337
6194
3851
6278
5407
8082
7052
1729
6756
9653
3602
7140
846
10064
6694
9906
4854
4483
8455
2901
10196
1997
3455
2859
3621
7664
9093
6009
972
6594
5981
9571
5347
3114
4973
6752
6432
2934
4196
5399
3324
2808
10139
5911
9391
2059
3943
5097
8237
7521
5897
8626
8235
8961
4735
3179
9838
6072
3771
10662
3229
8944
9946
8353
6437
3563
2151
3954
3299
5817
1440
67
1526
2016
10368
2115
384
7848
1289
5167
8497
1246
3171
6010
7708
6663
9738
5002
7869
9753
4894
965
3232
5964
7759
9175
10570
10451
583
8237
7945
2781
6006
8860
2967
918
814
6377
3947
10248
1978
7971
7097
3829
1643
1234
3618
4646
2887
7174
7012
10513
10176
7517
650
6926
8540
9091
8204
9043
5366
4373
8606
6829
4248
7956
10435
4152
6451
5204
2413
3787
6719
10089
635
8444
7805
5197
8273
5917
4840
3523
7932
6934
6913
4292
3696
5496
6321
29
3993
4501
165
8569
9004
5419
8017
8104
7283
999
2641
9041
6776
587
8044
1949
8080
4310
732
1496
7332
3387
4523
9186
106
2006
3544
2236
5148
7500
7818
1200
757
1670
10391
5770
4438
7675
10726
3922
7546
1222
6088
8796
1762
6554
1421
2783
7130
2667
1146
5439
8367
6232
9411
2579
2937
980
1647
1359
10018
7320
10162
3055
10395
3105
1636
7643
4682
1424
9630
2625
6749
601
1968
9736
4786
2730
2696
927
9817
1293
10737
4971
121
8607
3131
9921
10244
2283
9066
7277
8699
10657
6025
2203
218
7860
1448
8669
2533
1001
6970
7123
3172
4437
6640
6124
114
8180
2798
10467
6792
6683
10431
9412
7077
5880
8521
7150
3751
468
5049
7421
172
6107
4698
3057
1446
2107
4876
10050
5534
2822
5781
9815
6423
7043
8724
10662
10583
6222
7609
8694
5856
729
5792
7372
926
4291
8554
5254
5496
3423
5541
6548
7404
4229
8649
10205
650
10475
5721
9451
7738
9936
1892
10610
6863
4677
5813
4020
1650
3940
8111
5070
5440
10524
6566
6138
63
5591
3285
1855
2717
7034
10672
6681
7142
7400
3395
9917
578
10036
8856
6409
2412
2093
4276
7995
7033
7055
4086
6778
9064
2283
842
7444
8884
479
5997
8573
9671
8051
8438
9336
9483
9076
8670
9713
8589
6156
3489
2695
7031
1127
2408
9510
2758
3695
574
3979
3329
5414
1290
4663
6357
8331
5724
5681
10656
724
6257
8937
734
4356
5153
3437
9727
1180
8824
8770
860
8052
7535
3877
10075
1490
239
5214
350
5272
9922
1183
6667
646
5227
10685
5227
8055
7694
3896
1565
9851
7057
249
3345
4343
9521
6125
2179
7476
317
5227
6915
1910
5052
7363
9999
9272
6455
6259
3849
4998
9085
4503
6504
2920
9147
8509
2771
6660
1152
3278
8536
5757
10017
4786
5140
1191
5489
9951
6447
2456
3459
8691
4761
3511
5350
636
10329
5098
6545
8457
8329
7457
10211
10569
3632
4025
5343
7266
6344
797
8379
4138
107
3043
6231
3474
1925
701
247
8145
7694
10174
1427
10211
7841
817
10466
2112
926
9294
6292
5066
7563
60
5305
5744
8157
7002
3415
4958
7248
2468
5539
2041
984
2412
9047
3548
6165
1353
8690
84
3340
10596
6387
1436
9048
5980
50
9969
10159
2705
8680
3155
9618
6322
2809
2020
5204
10508
8466
8036
2995
5482
1104
4922
6056
10281
8480
8565
7611
4366
7294
9050
3491
1310
10528
1093
9188
1324
6971
3566
5968
4164
2730
4354
3619
3445
4521
6130
402
10309
8918
1377
7654
9508
10525
2916
1926
6492
6147
7349
1966
3457
5373
983
8112
623
7235
7431
9283
7839
2976
660
4567
1350
5353
8887
1139
219
10699
1130
523
870
6908
7946
7240
2977
2642
9679
3348
846
9049
8053
9558
4123
8200
5630
9058
3419
3747
3134
6317
4796
5220
7053
4462
5249
539
529
1431
10693
4242
1948
2987
6590
7382
9287
7226
1847
4004
5374
6803
5299
3153
5069
772
4584
2193
1144
2946
6205
8249
8738
1748
2948
4317
8429
3561
10080
975
3717
7248
8899
8335
48
2070
9908
6271
7453
1873
749
6070
5145
157
1483
8229
9219
9324
10651
2794
7881
3716
10292
8414
4273
10454
4553
3213
4781
8384
8048
8815
2274
7488
9235
2387
36
6437
1312
4868
9758
6692
6689
9952
9165
697
9699
106
10532
5904
10570
5406
7634
4317
4373
2066
4916
2746
9350
4454
2021
1497
3325
5509
10635
7478
9867
5196
1456
614
273
5741
4062
9778
7271
5026
8130
1126
1055
4869
7916
8568
10771
3971
860
10323
4499
3024
6423
7099
4578
4425
6027
6077
3926
5074
7376
8535
5737
8543
198
7681
10067
5533
3077
275
4169
7247
6534
9131
7411
6826
4694
4545
9698
5524
1656
7066
96
941
8968
6960
3783
8162
1911
10266
5502
1788
657
4721
3366
8123
8638
2871
2287
10778
7276
2730
6195
10329
950
849
1703
7480
9890
5330
6491
5703
2297
2262
6209
8059
10245
4631
8608
10166
956
10504
8876
3525
9563
10146
9344
9791
4524
6850
8490
979
6167
2592
7795
6259
7929
10404
3164
3711
1080
9300
4050
10390
9873
2948
3279
682
1595
763
8680
1040
3084
91
10105
9489
1828
5485
8631
10781
1492
34
3363
2793
9232
5667
2566
5762
8702
50
5786
1345
4752
2758
9071
7105
6986
4407
7204
2121
8562
5375
7835
10497
2644
9696
10791
4970
1207
9448
4872
5979
8888
2377
6680
4950
6250
4889
10582
1492
530
5119
8954
4351
3127
1893
6878
4050
5153
5718
3074
6709
6129
986
9957
5243
1816
9437
424
829
5844
6021
3851
3642
9901
9384
8612
1275
7053
10591
1113
10666
7503
5534
7756
7183
3876
7675
6377
8056
4038
3140
1239
10387
166
1674
3981
5866
5260
1260
33
61
9813
1480
393
6767
6694
1881
3618
4101
8859
5237
9140
3525
4848
6321
6646
5567
1347
10269
3821
3189
5571
6518
10381
3485
10013
1962
5091
6746
3492
8313
809
2161
5126
8864
7810
121
7043
2020
10762
10681
4576
824
7822
8509
5539
1953
2194
4926
7684
6866
883
10675
5884
2092
9880
898
2574
9690
8811
4245
9245
7185
1995
2316
3597
7148
8192
9394
8843
356
3570
2794
4374
3011
1585
6579
5697
6918
9487
2537
177
8090
10639
3511
3030
3201
5205
3945
62
7924
2934
3922
837
2675
718
10743
4017
9034
3343
6011
10793
695
7732
2623
10443
6086
2747
2420
3402
9810
8940
3911
4649
8037
7321
5183
3602
8148
9410
2353
2251
4602
2806
726
6724
10416
669
3332
1006
10682
593
9425
368
3777
2767
5925
1273
7353
3460
2668
6107
5943
2458
664
7449
2513
2856
7855
2645
3796
4772
7277
5665
3802
5336
6679
7060
7636
4910
762
5321
199
7622
10453
8892
5964
1749
10704
1390
1706
3217
420
10774
7868
9909
1013
7729
651
1856
3477
7393
1976
6668
3896
7222
1574
5400
9176
1855
9048
3379
1522
7948
8069
10038
5546
10062
1913
5145
6684
744
4636
8253
2086
3239
2281
9150
7694
2563
7455
6001
10679
3921
3359
9861
3826
7766
10562
2134
8655
3728
8030
9736
2745
1133
9382
7873
4633
5611
9403
10205
5267
1748
8356
6918
7403
8455
4298
5784
7321
1893
6785
5210
5917
3398
6437
1550
5441
9068
435
6110
8606
2593
10196
1711
2182
1159
7376
10508
7022
5460
9668
1764
6934
10571
1387
6365
5576
8606
2708
1821
5372
10620
2068
2826
4248
3035
10180
4523
4262
10772
3290
902
7424
10481
1873
7027
6434
3878
4385
10717
3805
382
1505
4874
5272
7484
9634
3537
1061
5183
2250
4564
4204
1332
2742
2620
4334
8033
8125
2076
7201
4605
9796
859
6309
9808
2613
2625
5545
5041
6608
7052
34
6124
6000
10121
612
2679
9191
6145
77
2422
6268
2846
8262
7548
4095
236
2998
8988
792
6682
8659
3778
3170
7110
1197
6126
6799
78
6881
3846
388
3961
9282
2658
10186
9821
9697
2777
989
8906
5521
10414
3891
5540
1269
8089
3625
10689
773
1400
7917
7624
8376
915
9487
3308
4613
8315
4738
4330
4468
5541
5208
7846
1106
6437
5077
21
4034
10525
6966
10578
4736
3248
10720
4053
5440
8294
2862
5347
204
5747
7679
8850
9033
4622
4436
5673
3389
9647
10678
10247
5691
2889
3386
9390
10053
1506
5092
6326
2121
197
3033
4413
2701
10037
6627
4174
3997
1972
1907
6176
5374
6501
8437
3275
3649
4110
10700
5100
2841
4150
1545
431
4819
4068
7421
2466
1597
4867
526
3974
10439
484
3150
6209
8405
7749
9985
5722
3454
3934
7775
1823
10271
1139
2390
4987
1566
7397
777
10674
9207
6505
10574
1156
662
1785
846
4003
6823
9454
357
510
6764
8367
6702
7809
1784
6453
8727
5403
4718
3516
3494
4598
4963
3326
3294
9443
6457
3028
1640
10268
9869
9995
7128
9815
4438
2230
1922
6352
4256
9220
886
385
7713
9370
1779
5259
2280
1522
3369
7451
5822
3481
7488
8335
3836
5253
6013
7387
3818
9160
5594
8042
6436
5019
2279
285
6000
1342
3700
8070
7770
809
6441
8758
8595
355
7021
10021
10262
186
5619
5330
1830
8084
6806
4756
8956
8663
3208
7114
3826
217
8135
1818
4696
8373
5359
1747
5471
6527
1459
812
9251
10050
2302
5240
1519
8202
4608
4970
1654
8528
1125
5533
4508
9525
6766
3311
8664
5293
6362
7817
3619
4334
9106
8849
1977
1953
9556
7828
2305
8037
10710
3457
2150
4651
8308
3986
7834
4901
8689
2096
9978
5810
423
492
8597
8530
3851
8509
3828
6864
5148
8497
1206
10280
2444
2893
10338
7576
6064
7209
4540
8155
8501
1612
2744
5296
8513
10776
4832
5230
166
4662
10007
3943
2046
5072
5339
1418
2941
1373
3911
1946
3439
8489
215
1164
1961
2029
2179
6794
3398
2220
10245
120
2674
5159
6263
3653
3181
6947
6024
1300
9611
8817
3731
5234
5881
7958
9387
6942
3399
7910
2230
282
8573
8499
10675
161
3967
8323
137
9581
5596
9131
4474
3355
6637
3356
7394
9552
2681
2002
2255
7046
1408
7283
4875
6857
2760
7797
9251
843
9176
6253
9507
7360
6761
944
8913
7673
5534
9911
783
3403
7023
9479
8770
3715
1684
4633
70
2657
10673
6572
7199
4108
10193
3283
4407
6699
4826
2927
3460
7316
4771
3998
489
3066
4793
7886
354
7221
9955
252
3286
1148
3323
10461
6255
6413
365
8122
9563
1836
8732
1313
1085
3966
3020
433
3000
9269
5588
6360
8483
8874
7765
4197
6727
9925
3632
6776
7896
7871
4498
2252
3467
7555
8380
10344
5937
8923
9695
10402
2119
10459
8546
1767
3239
8688
5849
10084
10463
1928
1771
8535
6814
4847
5763
2003
6208
232
4042
4107
3361
747
548
3432
10566
9134
1151
4275
1293
6321
1882
10266
10618
4193
9179
2177
891
8494
6535
9220
223
2210
5179
6407
2510
6103
10269
5422
8397
136
211
315
6129
9008
1438
2846
9025
7361
10433
8490
2287
1387
5815
2340
7659
2925
7291
10670
606
7390
4604
6207
5072
10269
4518
1146
919
3685
165
4594
9262
7935
9384
4417
6434
2790
4185
3655
9866
5845
1294
5315
1659
4232
5534
4331
6329
8137
3245
211
5392
3962
6577
5015
2206
1348
9980
7048
1831
4758
516
9551
7107
1680
2832
723
3628
963
3521
4196
3688
1334
7962
7378
2649
6742
7824
6211
1809
3796
9144
3319
2973
6527
10340
6692
7810
1104
609
8239
3320
10230
1448
554
3146
3793
6725
3579
8138
7502
7778
133
800
1540
4727
2531
8988
9923
8502
1990
4624
4162
5172
8372
6956
5255
8102
8369
1985
711
1776
7560
5649
518
10087
5023
3836
5716
8119
5808
10797
692
2379
6232
4976
7635
9851
5351
2758
4940
10620
1426
8188
2966
4796
6221
6796
7102
8832
4786
10697
2127
10425
7114
5045
5160
8819
792
9420
375
8232
2785
5893
10114
5420
8995
1871
6544
9471
10361
7012
10037
3825
8424
9889
5308
750
9970
869
6279
2170
3538
3416
375
5369
757
4822
3925
1881
802
6342
8908
7214
4500
7718
2863
7569
3588
3672
8188
8172
9569
2923
5682
8702
2253
9234
8911
4077
6052
8141
7092
8066
1389
5322
6810
3482
7481
1065
7445
6969
7941
770
5136
5835
3926
9807
891
6793
1246
6684
4648
4460
6662
7397
4966
2361
321
2818
188
1318
6205
3987
3271
3913
1011
4268
1890
5330
6523
10271
9963
3455
7955
6745
1627
1728
10069
7829
6620
6850
2628
4273
3875
6861
2887
10761
6067
6754
3764
8075
3024
7852
9328
354
9206
9135
8658
4456
1809
1008
4914
7982
9339
4171
2811
8946
9446
2736
1108
8977
9674
5438
7439
10081
818
9308
10792
4498
9558
8724
1944
2240
6924
5747
7539
10144
5187
1657
5067
2120
1991
9863
591
4008
899
4998
2463
1707
8032
5191
1428
7405
4992
2596
2301
4604
5727
740
3992
9087
3862
7235
1824
3887
3701
935
631
7170
1781
2669
2292
535
623
4088
10203
3830
3769
1225
72
10579
8622
9775
3914
8496
5372
1387
2294
5794
10335
6665
6067
4490
9009
3224
2468
10185
10285
9351
2659
2515
1447
1648
10312
959
327
10656
7317
1741
7503
7396
1887
8329
7987
3011
5334
1236
2655
7430
8274
2320
2083
7839
9444
5176
1332
8622
5921
7439
8452
4091
3357
7069
7036
5480
8566
9116
3036
6730
10786
8181
7964
3500
10449
9229
6250
6553
8280
10004
9234
1253
4009
1206
1689
198
6909
10035
3603
7097
9472
6939
5657
9470
3580
7666
9973
920
1289
9684
4246
625
2605
6146
5991
1972
5181
3603
9748
1941
5742
5535
7334
1039
2649
9833
2709
8026
1046
5806
6146
3043
5651
3467
989
5592
431
584
4160
8633
5242
10573
8139
5094
1567
10557
9478
104
7613
3342
783
777
2612
8080
619
8830
667
4409
7946
9297
1230
6179
5230
6796
5135
5528
5319
6879
3567
5223
9869
5772
6004
4756
2344
4623
2325
463
7034
7093
8954
2271
7811
5013
4210
7715
6057
3340
9739
1817
173
6193
734
9061
943
7003
4751
4446
7680
2575
1569
4365
2255
4165
9167
241
6771
9384
4611
9972
764
957
2907
1942
10058
4487
2004
6306
8223
9164
10503
9310
6374
1972
3320
4105
5537
10695
8336
4532
10770
9527
6733
1134
6695
8379
1072
8306
5597
8877
1288
423
2343
5651
4535
10002
130
2392
9531
2714
6945
4119
3194
2072
4379
1373
7642
10480
1118
2838
7164
3883
7844
717
8814
4711
9608
10306
2424
9492
6999
921
1697
1548
6253
9809
5090
5658
268
10340
9893
9988
7294
9845
9080
6155
4650
10653
4220
3793
940
6938
6275
5522
6261
3554
7959
780
845
5940
81
1962
1841
726
6487
1178
8103
4446
6270
4090
5773
1315
9279
1775
2886
8212
5360
5167
9489
7299
7562
9197
5458
6685
9861
701
10089
7551
9368
1163
9649
5220
1619
10428
2145
1618
1266
2841
2674
3886
359
10371
3648
3717
4802
9383
3952
8394
6125
742
3961
4056
8420
1529
5187
4018
5884
443
7055
839
8260
3231
5633
1942
10481
601
1303
7341
639
3226
6099
10361
8163
2821
3677
8721
1540
2992
9955
9280
5765
6388
8320
4981
4289
4760
5076
4629
7798
8393
9852
1597
10448
7150
10222
4092
2785
3305
5876
3382
8056
6544
7340
7611
1064
4973
2046
9069
6971
3862
5984
10631
6550
8481
7724
8928
3137
9075
2444
3770
825
2568
2070
10769
3776
10149
10240
4931
2954
2146
4540
8999
957
8948
2260
2273
6815
9307
2999
1792
1867
6721
4402
1610
5558
3924
2691
8045
506
9708
9777
6547
6335
958
8711
9033
4417
8569
3261
9369
4128
1332
834
1301
7264
8883
6698
5885
736
7645
3316
8804
3488
10052
7104
3016
650
3732
4109
3695
10544
3241
9216
7393
7430
98
478
6332
2303
504
8642
8283
4752
8393
4556
3034
5835
6536
8990
948
166
7464
4845
8769
2596
1757
1907
5392
2767
2442
7669
1456
9992
3213
9667
2964
4132
3032
7316
4171
218
429
1199
10436
2003
2967
3434
2493
9978
4718
1864
9373
623
5104
10221
2467
7373
9086
3215
10646
9175
6155
3685
1146
3093
66
10509
6345
9524
4390
9638
9400
1590
3122
10693
83
2115
1402
6787
913
10177
4295
801
7531
3280
2509
8046
6500
10570
6428
662
4493
5172
9745
9391
8966
1656
2886
5749
5181
6322
2587
2988
1896
2548
2084
42
6308
696
2146
4479
4093
550
10403
7164
3083
440
10108
707
5558
7241
3190
6546
2839
6070
1345
7709
7335
9736
7746
8774
9339
9266
4048
2995
5445
5552
428
1381
2999
3648
3784
8889
4114
1601
7282
2903
8499
5765
3422
10536
1494
9824
9189
4208
2563
3973
8055
4176
3263
1726
10656
6454
8305
3602
3840
4225
9582
717
5114
852
3076
1709
9849
265
1057
5516
2195
8801
534
10603
2824
4086
3068
4209
9588
3654
735
9040
3879
4693
6089
10152
6760
3523
3613
2109
7309
171
6011
7397
6251
6426
9246
1537
5768
2327
10394
7507
3821
8252
4030
2094
3835
2441
2906
5674
3502
10727
5662
2683
2191
6599
10455
6981
3367
7725
9699
6207
4095
3425
3841
8948
2422
576
127
5472
9129
3615
1414
7260
10095
5628
10297
2274
1071
7754
3878
10047
3190
661
1257
3598
10564
2539
6001
3067
2386
3605
6424
7089
7886
6263
5121
8098
61
8157
9896
5915
3072
2731
9637
3839
3526
8847
5251
2849
5442
57
489
1135
8384
6148
192
5462
3879
10309
7884
10144
8892
6692
5546
1849
10381
7500
10672
1459
994
2529
292
5931
9734
574
8700
9003
3791
10680
7934
670
2668
563
2413
8789
1344
999
10097
9201
1059
2939
2801
4996
6303
2301
3801
4169
5708
2333
1490
180
8732
5844
2428
289
8461
2699
2025
3238
5900
8064
1479
4099
1742
8399
7811
477
8360
5792
7976
2401
9587
2503
3523
10458
8730
6139
4927
8611
8453
7457
3846
7044
9300
1842
6865
751
8372
7321
373
2316
4619
554
7177
9400
4473
8651
4105
4979
8258
9359
2830
4667
5593
7249
8620
3737
6378
9180
8863
1080
4093
6736
2511
7798
2770
4008
1628
257
5359
6454
1431
10596
2338
564
5445
2961
4852
8825
7888
3823
8768
5364
10342
889
5173
931
10318
1452
10085
697
10753
2404
4154
8768
9438
7426
7838
9205
1059
1212
6782
4223
2713
1034
3658
7252
5652
6857
3637
7289
4827
10244
8631
4261
7078
10342
10549
6336
5671
123
3788
10535
7314
5774
8498
2572
4023
8249
703
2294
6218
10324
8780
8764
7878
1543
9198
5607
10614
8579
5708
1700
5368
3708
10081
10566
8718
6005
8968
5620
9273
7226
9436
2640
2608
5614
6438
5022
7558
6038
1713
2001
3903
4304
10773
6183
5316
8615
10290
43
6186
2718
9671
5699
8091
5216
5674
6492
7381
409
6980
797
6464
7251
3345
4984
3873
1509
6482
8440
6997
8610
142
9747
6181
9305
7040
8702
9774
2059
8474
4931
6072
5710
7605
7524
9596
3740
2280
8395
7348
8344
515
808
7712
71
6217
8993
7690
9163
2331
7005
10427
3654
5923
3685
7763
7567
1021
3532
7272
1155
740
2663
2733
1627
5582
2238
4863
10067
609
6827
8233
5043
4615
9613
5056
2570
7153
25
7257
6943
2112
4769
1018
7146
2198
10577
1141
8780
8824
6354
5445
1586
4821
5293
6849
6186
10101
8479
2536
8277
1717
8388
8449
2627
6707
9663
4762
7444
138
8214
8646
2583
1352
9762
10595
492
3946
10742
2285
4695
8237
9565
7818
8611
3350
1121
2500
7350
8713
5620
8416
1880
2028
4500
7779
8710
8447
4343
3578
9814
1535
6455
5361
2844
9108
518
6340
4149
73
5521
4592
6842
6900
4580
7428
2266
3666
9952
5792
2615
9226
6406
9230
10325
7008
4434
8256
5942
3383
2595
7979
5363
9984
6472
2904
5845
5516
6635
7476
8270
7012
8229
1818
12
9740
3202
9323
6448
2454
8649
5063
3888
6989
10252
10122
4375
7120
10004
9055
4195
3809
3317
5643
8776
6368
6481
453
3977
1398
8512
2584
8121
1850
2889
10553
1821
386
8308
7766
5473
359
9837
3948
5689
4687
1640
6221
4338
2517
8450
7744
4623
7643
1460
2429
496
6476
7410
1872
3793
5666
1195
6187
5078
7162
5306
5411
2702
2378
1543
1535
6034
2924
6797
2034
392
3210
10488
3739
9572
6730
7770
8228
8128
4940
3773
4674
3058
6810
6994
2932
9318
1325
8530
9122
6492
6861
8773
10180
300
4523
4400
6507
8823
2237
5689
2669
1337
9418
2757
59
8170
9896
4675
3921
2635
7507
5391
5227
7405
3367
9849
6293
8552
4243
5404
5522
344
1640
7846
6804
6164
6846
3062
1257
232
6879
284
535
7374
2953
1206
5853
5660
11
5870
1716
1977
4308
1417
5281
10629
3370
4962
10706
4670
688
5287
1472
6542
5745
5923
7645
4034
1774
4689
2083
4171
2027
3139
1242
2457
8358
10258
5294
3896
5826
6946
856
2491
1390
6777
10078
9782
9696
1742
1357
10757
7454
1604
4840
9368
10267
6198
6610
9858
1998
6918
3138
6352
7539
9520
6387
8819
369
9056
7450
482
1110
1619
8529
10044
7579
10724
1191
247
8564
2242
855
8292
9422
2936
1364
5977
931
3241
1043
6570
2612
6441
2556
1868
10597
10797
795
3476
4332
456
4267
7606
10650
6103
5030
6013
8884
1914
10270
2096
6222
4941
4031
10662
7035
9674
8551
3423
1610
9874
5058
7909
4915
3689
5443
3982
856
4741
2560
2750
679
8232
6025
6386
4463
5281
10213
4658
5104
6479
7896
5761
10777
4248
705
3506
5732
7207
6241
1626
3246
6032
5126
2344
2536
457
978
8244
5807
10439
10284
1605
2061
4032
152
6982
2296
8884
1856
10342
10265
10396
4651
7265
8956
3939
2384
2186
1780
6008
1773
7374
6569
4623
3400
7987
8292
2119
1768
4547
9698
553
7448
9496
4649
2840
8375
4898
7502
7227
16
1128
2695
9627
5790
8090
10487
8008
3527
5375
7944
7139
491
3080
3954
3154
7817
10104
4962
7076
968
9397
4098
5845
9393
3332
2138
8057
6442
7934
5944
6913
2583
617
5151
8075
3537
6334
2773
3479
4843
4987
8605
8065
10395
3093
8564
8912
1224
10089
6602
3785
4261
1072
8452
8856
3583
2824
5449
8548
9028
3185
5843
4342
4902
3375
7118
7537
2795
9595
1439
6573
2840
1585
10332
8609
5392
6080
7248
1835
8275
6568
539
10723
8072
7211
2759
4678
609
9668
8301
4090
10797
420
8009
7224
3206
9238
3723
4822
363
2810
8495
4553
5860
4808
5281
640
7165
7591
5087
2176
5441
667
1596
3727
645
6485
1256
9604
866
6693
991
4022
3884
3571
877
1583
1386
5818
871
9716
2307
8611
6005
5856
4380
6986
2122
4751
7125
189
9188
7334
5248
368
5294
909
2031
21
8439
3322
1827
8240
4408
3544
1910
4444
9338
6407
916
5508
8513
7604
6922
10168
9154
2970
3340
1100
8248
1193
538
3705
1579
10725
4761
4914
6032
7749
961
2995
6167
6941
6099
2064
8636
4825
2521
9195
10418
520
658
4120
5636
5023
10620
5622
3933
406
4349
10060
6290
8035
1904
4843
679
471
10785
2706
1328
8508
9972
8228
3448
10492
10374
144
588
4021
10009
7453
5947
104
9078
1714
9645
10780
8707
3460
2548
8623
8919
6276
2042
3566
3760
1158
9297
403
7157
4931
5907
5750
748
9057
4209
5263
8668
2760
544
7627
9337
3222
8236
10736
4039
8965
5424
3572
8210
5610
8801
4582
8470
8991
3952
4194
2185
4259
306
2152
3334
7807
6609
7551
3520
442
4434
8471
5326
9351
6651
9741
8921
371
9025
7059
33
3000
5141
4534
1126
4796
4953
8397
7403
6819
9582
10124
3485
7462
8287
2780
7744
2587
8274
3444
3517
8626
1978
4257
5198
2317
3180
3530
10234
2602
4628
2108
3112
900
5269
7222
1789
3448
2137
7978
4488
8355
3008
6055
7117
3259
8657
5737
8124
8918
2309
563
8170
4702
9681
1640
7931
1755
10520
7416
10229
9582
1684
3528
8157
1671
5643
4540
1598
5259
10251
437
7403
7731
4619
7194
3923
7731
5875
10294
148
8635
818
861
4433
7530
9653
8715
9519
6245
9817
9118
7779
6993
6088
7324
10670
5497
10521
3516
5932
8430
5162
9524
3100
6853
1351
2383
4391
1527
3349
10066
2211
2938
8405
3993
6010
566
5419
5154
1982
9345
2216
6583
9634
2970
3231
5407
8416
884
1910
4169
5368
3650
7507
5408
5967
3981
10676
10751
385
1777
6591
2667
6771
6081
5004
863
9381
5781
182
3752
1145
2511
1804
6687
3949
6484
5679
5862
8557
7678
9598
8291
5023
8574
3865
1580
5588
390
8332
8971
10342
739
9958
5941
2420
2266
10221
6352
1076
826
2633
6545
1771
7507
4656
6557
8957
5051
10689
10065
9603
3739
6859
10430
2110
5674
5718
3114
5904
10406
8076
4283
10139
5989
9578
3598
8019
10388
3498
3664
4272
5279
9685
5606
9198
9453
7467
10342
6300
421
5052
10768
6238
5538
1745
8127
6474
4942
6959
1331
2098
7554
9055
10646
7056
10308
7869
101
1792
10198
5276
6718
9941
6525
7885
8335
10559
6001
1722
1103
665
1156
3886
7985
2377
535
519
8858
3728
9371
4077
4171
3293
5626
4048
1662
218
8692
9907
5627
6935
7876
6218
8116
3500
10472
6680
1827
7849
5345
334
3403
8945
10513
7126
1116
1108
477
9524
8963
539
4725
9704
1970
9311
9419
267
4781
3530
1545
10226
6577
3358
9634
8831
10211
4110
2488
9101
5339
1022
7280
5840
7388
4228
6594
166
3743
9759
4659
9846
6248
7222
4674
2237
7333
2187
3255
8996
8165
3532
4412
10727
503
2887
10253
914
10308
7532
8995
1253
4025
6510
4465
5682
4625
6657
757
4321
5831
4430
2786
7403
3355
1945
8229
5790
4395
8984
801
2628
1207
3682
4252
7930
7658
10671
7206
10774
2930
7500
8613
3713
10504
5396
8449
10487
9850
5243
4873
6484
6039
8840
3758
653
9605
7045
6027
1336
1210
2000
9733
6687
8393
450
1145
3212
75
6000
4582
5948
5764
9569
8383
5748
7270
2384
6953
70
3089
6619
4067
1273
10002
8936
670
8519
3383
8641
5021
2535
8107
10647
3996
1937
549
9380
7953
6782
8942
3237
9040
503
3393
5403
10049
351
6843
2073
2585
6223
10241
4974
3276
8748
7401
6130
1097
3788
9723
8535
593
10521
1748
7933
416
4305
4313
4375
7954
4403
5367
3304
5504
5363
9063
3381
615
3254
5653
7589
5269
2970
1347
5525
10099
3898
6822
9024
9498
1881
8381
7427
2888
9553
8437
3997
6159
7220
9460
9147
6002
7046
3899
1431
5761
5465
10050
6287
8683
4239
2483
6923
8801
839
7554
2497
5371
10433
8088
10223
10684
1037
2135
9388
2814
10432
4992
7772
527
1093
8935
4430
9555
4504
948
5304
2850
1941
2402
877
7964
6532
6606
7353
7915
2189
752
1323
1854
4354
9099
10737
7647
9224
6835
4515
8869
392
603
10686
8245
6600
6041
3449
415
7784
4051
158
307
1743
2431
10102
6624
6851
8105
3950
6498
2700
104
10327
7563
9165
5122
6561
1537
3269
9200
9197
1061
5786
10226
6965
9828
8639
2681
2046
4738
8604
1597
3159
413
9983
9762
2720
5868
7096
9217
52
7544
4397
7358
2384
2518
862
5407
73
5549
4098
2816
108
3160
327
1044
10714
2118
10031
1563
7863
4495
5489
6090
2773
4657
4658
3324
6796
2118
9870
8036
10509
6590
9310
6460
9433
9625
10614
6681
9550
290
5557
3937
5763
3279
3529
10520
703
10413
7328
3294
3838
1668
5704
8779
1822
10305
3881
4358
10545
3979
9923
6098
10099
1941
7260
2587
5974
5439
1812
9154
4405
184
4661
7606
492
2903
4461
1256
2673
9497
6230
5347
8072
7685
4584
2443
10285
3372
5719
7161
7533
2087
8404
7073
2680
3893
3589
89
99
4730
8672
6689
4589
1915
2619
6186
6716
10001
10491
6166
9677
5830
1401
6659
7232
4481
9222
5832
5171
1388
5418
1690
9579
10481
972
6515
5149
1719
10354
1319
3496
3134
1534
10500
8367
10204
10369
2836
5173
941
6368
3865
2798
9886
7496
5519
9411
3674
3124
6018
5014
3534
7103
4935
9409
3714
9601
9599
2141
4516
9380
3111
9705
8797
5935
2243
262
437
10519
1978
6053
981
4413
5638
1013
3017
9667
817
10221
2173
4771
10082
7974
4610
6630
4027
5766
4419
3789
6485
306
5043
3890
9586
2538
5941
2795
2102
2256
6052
72
8164
6724
6070
177
2320
859
9682
1468
475
3289
10739
4885
10365
10754
342
2409
2354
5728
10123
7111
2340
3773
10405
8138
5602
9054
7959
5154
10163
5511
10718
5695
4853
7346
2698
10129
6723
4088
5702
2700
3385
8498
1059
8315
7663
3912
6288
7549
43
8528
10084
6862
3245
339
4906
1970
1147
8521
7473
10436
3
3779
2366
6057
4669
2049
5291
3469
6118
7636
527
98
10533
3988
10014
6330
4807
8556
8908
3886
4100
7689
2543
1561
4296
2952
3243
3860
3202
9938
2898
7007
1796
3719
823
4647
35
2411
6845
3802
8619
1144
1912
3062
5679
2950
9216
5180
9817
4142
4156
8630
7826
1176
6460
7714
7546
67
6998
6692
4004
6081
6717
1210
6805
7793
6787
2337
1841
6814
712
4861
3810
7658
2826
7213
3718
3464
4498
9535
2139
84
8268
8740
1981
2396
9676
540
6856
954
8609
738
7194
517
4011
7759
9654
9603
5425
2237
2225
7123
2656
4605
3290
4713
2893
9363
9469
8974
5924
5485
6888
792
3877
1453
9519
113
3729
7603
3079
6440
3584
2752
5723
9551
10188
6444
6695
9721
8713
3503
5109
6106
7635
9176
8530
8455
10178
8689
8221
2047
2537
3279
3869
2439
7092
1808
3318
1997
7927
9625
3105
10751
1864
10110
10729
6979
5628
1769
142
7787
3768
1176
4412
4437
5778
1103
762
8559
10680
2175
5083
9743
10374
10177
1201
9664
6857
4535
7262
2299
10056
7425
251
4619
4236
10547
6724
3966
9952
3314
5743
9291
1155
3855
7511
10063
3288
3961
1526
10588
1126
1619
3194
2653
4728
6824
4569
117
6370
4029
9279
9637
6382
845
9742
8607
7662
4032
3752
4167
1392
6619
7762
1120
6390
2895
3547
2696
1233
6420
2996
3103
1729
9558
10527
9899
4420
3848
8728
10493
9777
8732
5808
1201
3130
763
3985
363
10074
2216
4178
952
6259
5313
7959
5693
8201
8099
2045
10694
2970
4879
6119
153
2177
7502
7375
6288
3610
8324
259
4188
5362
10562
4591
9689
3084
8557
579
9280
596
3581
8409
10734
3086
6437
8524
2879
6777
2396
2649
1209
7228
6027
5589
5024
10524
5543
3763
289
1094
5609
1198
8576
641
6709
1155
6238
4782
5778
8066
1500
10182
7000
6640
6820
8054
2543
8210
2964
3214
509
450
624
2599
6526
5140
5932
8588
6301
8350
9088
2617
5280
7512
4448
4929
831
685
3639
7438
5083
10759
8867
3887
991
5390
10425
9519
10070
109
1260
41
4380
384
4137
1859
4030
659
10392
4342
4218
6616
98
2631
9371
9753
10694
2463
10731
9313
6550
10191
7723
4116
1309
4646
4742
8745
4367
5210
6655
6065
7370
9635
5387
3007
8589
6094
10394
2174
7134
5707
3710
6143
4026
9584
9541
4174
5608
2429
291
676
7970
4358
8800
2607
4106
5290
6139
10188
5509
5822
10110
4418
611
9115
5492
5458
2697
5594
2342
3063
1653
352
1862
5620
3773
5774
297
8032
1757
8320
1599
294
333
6974
7751
6651
3802
543
5486
3207
7464
3933
3388
2430
2367
2296
10350
8364
1914
1633
6009
1037
824
3757
7511
366
6202
1038
7712
5087
3705
998
2991
10530
184
7173
3818
2040
6219
2096
2771
10493
5935
2292
3632
10503
4085
2410
8446
1066
7647
8242
1406
2336
3792
9508
6021
4532
1082
5327
8801
2575
8234
6257
5296
6047
546
1063
1850
3485
920
6015
8704
6900
4891
10694
5043
9201
4404
8326
8344
6660
4952
4013
2245
1533
4360
9546
4801
1545
6044
1037
7923
5174
4432
3213
1061
6146
4038
5010
5873
8111
10242
9105
1773
9587
9403
2405
10441
4750
4679
7209
9596
3367
2894
10555
8014
4258
4672
1886
3396
9249
4816
8508
2588
6051
5152
10036
3168
1834
10441
8199
6864
868
3755
8960
2597
7756
102
9624
1235
9365
6931
4975
5960
6578
4345
4985
838
3887
6036
8287
1510
7615
5866
5339
542
3897
8602
4049
1576
7953
5281
3547
9968
974
9138
3561
8025
7977
578
9707
7379
6775
4331
10359
4666
8132
8446
3275
4711
10571
332
7386
2762
6060
5956
8844
6700
5388
9107
5724
9943
453
7927
283
2438
7349
3369
4437
8379
1932
5115
1353
3550
2923
7797
1997
2347
1890
4478
5151
6470
5579
4699
7237
7425
4887
9880
10274
6923
6854
6542
10675
242
3750
1058
1567
3145
2884
269
116
8777
5141
8090
2925
2043
1332
6193
472
8029
1492
4414
8061
3960
1905
9919
9433
6063
1552
5623
9714
5049
3954
9126
4725
4724
1866
10731
2290
1475
3129
8623
2922
1044
10540
2291
6576
9066
2995
2206
10774
7637
9251
10663
2250
2888
5955
6833
8298
7671
5060
3094
3696
8030
5138
6623
9652
10215
7538
1275
10591
7726
9975
5196
5452
10555
1076
4142
1831
858
4100
7986
5896
1382
9104
1133
9268
7900
131
8936
1140
6952
8514
7591
4802
1672
505
5713
2107
3503
7363
8386
6338
4522
8773
774
4617
4605
9334
197
2595
6021
2734
9474
5616
7367
10655
7388
7557
4609
4123
5822
8748
7833
1527
1167
801
1689
5128
3261
10593
7755
2573
3386
6480
8786
1901
1168
3420
4928
1024
7050
9180
10564
1579
8782
8974
3828
7747
2361
10053
8041
7679
8002
2694
3120
9980
954
6588
10721
9042
9242
6494
6927
7316
5568
7479
6108
1825
328
6320
6172
647
8566
4906
3104
7357
9832
10075
6897
9594
3333
2390
5730
407
5148
10253
7792
1416
5813
137
300
5784
4044
4136
7635
2570
1488
7978
7640
1616
7826
4890
1407
1217
7167
4048
1167
5216
319
4972
482
478
5187
5651
5718
4362
4733
4572
4580
1592
2920
1693
3164
7775
3087
6735
6917
10341
5481
2993
9457
3633
9451
8544
2360
2932
8523
1696
8116
625
887
2366
344
10476
5475
2406
426
8602
4814
1489
5589
6210
2818
5175
4439
1802
652
10223
6116
6854
9251
9728
7118
6358
3489
21
2796
5478
2074
7625
781
10330
9383
3583
4029
5336
1412
2212
7327
3385
8903
8549
8368
8117
5313
7641
7260
9075
4180
5145
10497
8028
6751
9951
6784
6651
8300
432
5516
3035
2513
9750
9596
7068
519
3592
7206
4025
3965
4366
3379
8327
3905
704
10343
5404
8287
6297
6189
9949
1771
8836
9263
9864
2789
6901
4404
3762
6774
5862
6941
9707
2518
8384
8489
7836
6496
9054
503
3052
1162
4467
7171
2514
5253
4867
5889
28
3621
700
2907
4683
2447
2112
3670
835
10034
7415
9054
9055
2084
5567
10234
6657
7639
3242
4219
403
9051
4911
2297
7737
8861
8486
3227
4982
1575
679
5478
8981
8578
9725
8856
5125
10620
6636
2779
6397
7953
3617
6005
6222
6867
1912
8492
1984
6947
9445
9007
586
4243
4510
6974
8278
5713
9868
9282
4170
5386
2685
3817
4546
3105
3866
8763
4401
9621
4493
3698
10346
3192
4272
120
9584
5019
8100
2885
2951
6280
6473
6876
10431
9211
5413
474
7355
3809
10606
7262
7694
10380
6919
5121
9066
9736
3038
5612
5748
3782
3514
7165
1452
9221
6353
400
10610
1187
9979
9511
8136
6923
7247
5991
1471
8164
3481
4735
3769
9973
9025
6397
5725
4043
7578
5174
10364
5907
7061
1103
5128
4181
4085
1562
7546
7875
2237
9740
3247
3549
1704
2824
10744
659
890
5897
9273
2642
6948
9319
3259
6779
5567
1906
10777
7693
10105
8198
8169
841
3419
7762
6283
10283
9733
9699
8358
6807
7253
8229
7486
367
6500
6468
6409
1819
2489