752
1669
1002
1195
1907
167
562
1118
2402
1801
2597
2439
573
125
265
760
651
1317
1538
2017
1738
809
388
1312
1720
1729
1660
1264
282
595
2592
261
1484
1704
1826
208
406
387
2409
1729
240
1385
2323
900
836
1910
183
230
2669
423
924
608
1528
649
1529
759
1803
2375
2192
2131
823
1633
2640
759
400
1881
701
2055
1711
2525
865
1863
2684
1155
440
1760
1642
660
1235
1501
694
485
2102
1745
2655
1579
2081
2485
1932
1981
495
1722
1688
100
2560
1325
868
1681
487
597
900
1701
324
473
968
1330
397
1988
1059
1796
532
332
603
329
288
1636
2357
2487
733
482
2508
2359
365
525
2127
842
2397
2164
546
949
67
388
1277
759
235
1153
974
1354
723
856
2244
336
594
95
204
62
2188
698
1087
241
2272
135
1324
1729
594
1420
975
2473
167
1609
2158
1368
2148
2325
504
1755
2458
2150
1171
2632
713
865
2436
131
1839
2264
405
836
2452
1279
1173
2683
707
1127
2674
252
1765
2346
1748
462
1841
425
2472
1355
636
776
1650
233
166
1090
1600
1723
234
990
2132
2694
445
1744
1753
2091
2399
1308
1167
826
980
1679
2516
1323
518
1620
1151
120
374
325
2089
1288
1289
2544
2294
293
111
28
2264
2447
101
720
1041
828
2361
279
1505
2461
2281
603
1120
693
1551
526
1187
125
423
1838
1950
803
295
289
2265
1063
1706
2045
2248
729
1749
1826
1531
2411
2248
412
392
1885
754
299
1506
2491
1643
317
1459
1604
2223
2059
1002
1927
2017
2509
503
1456
148
2246
1549
1894
918
2155
1098
2140
858
996
8
1748
290
1544
1970
2363
1268
1508
609
993
2462
2317
2020
796
1100
1659
1597
2524
2130
1579
1843
2478
839
2536
2573
1558
432
127
1572
652
252
1756
1995
13
1761
201
898
1972
1446
1812
1161
2496
2001
2297
1236
2434
1809
1896
484
1083
1546
2519
479
1490
2164
1598
975
373
80
1915
770
2330
1509
2288
2281
1009
1599
2644
101
821
1305
62
1942
2160
2222
1540
856
1071
1736
1095
1383
2314
1463
235
2645
568
148
1390
331
761
2059
563
1250
1612
297
828
580
752
598
600
399
706
1358
1893
84
291
1671
2166
2300
388
5
1219
28
582
990
1904
407
2538
2392
1383
2144
308
968
1159
420
2471
92
2597
579
1758
490
1766
835
2051
1471
2684
164
1578
777
790
1606
1855
1524
2085
490
1119
1589
658
871
2685
164
2179
1275
462
1107
1977
1643
1516
990
1570
2644
2098
2672
1477
2022
1885
2698
1839
47
87
491
1764
972
171
1644
848
2646
2631
1948
1879
2470
2599
1363
1121
1988
473
1086
1927
363
2661
1315
921
306
359
1458
1620
970
562
2185
1164
2110
1366
2643
2655
757
803
1090
1376
1016
2405
1862
872
2010
221
290
431
2345
295
1288
525
2308
515
847
1501
1725
2014
795
2534
1971
1277
217
2579
2531
819
1633
2414
887
2180
2444
1245
1739
1230
1935
1352
401
2183
891
2372
1821
2583
416
660
1217
2354
1920
1002
319
2347
443
1298
1122
1504
23
1674
465
758
875
2374
1798
2024
2222
228
866
365
682
1957
1215
926
1509
1879
2661
1054
1207
1094
1715
1181
1016
2001
498
1567
2412
457
431
400
1147
880
1870
1161
838
1395
1232
2327
1472
952
247
1085
2528
899
1012
800
2415
1799
760
564
977
1827
1564
1649
2047
1774
194
1207
2679
1277
983
292
567
27
797
333
1595
2113
2408
1107
1925
1941
1297
152
707
1384
1281
1294
307
196
284
797
742
2290
1789
2304
132
712
1700
1354
426
1462
1627
713
1095
627
2387
1224
1603
1089
1235
2411
1181
720
2341
1589
979
1220
236
2519
1088
1103
1006
1631
2037
539
524
1527
2420
370
220
1512
1773
1966
1202
2070
280
1480
2585
1932
253
2349
2692
1885
325
368
1758
1388
1162
2410
280
554
1737
2200
1215
1500
131
940
2464
2060
701
241
1901
923
857
2106
1985
366
1638
1742
2233
752
1433
2494
158
1183
148
1956
1440
1612
1233
1745
1688
1483
1587
2459
1669
2057
1243
1358
135
492
1109
1775
2519
1176
224
221
913
2404
785
2564
30
945
1185
1277
1171
809
1241
2354
2283
1404
738
2328
1054
580
2010
62
2597
596
2313
880
260
2388
2029
1333
871
160
1231
1199
588
469
296
2500
647
2264
283
181
1258
2386
2331
497
1950
354
2381
1310
2284
273
631
158
1172
963
1142
1506
1013
1940
1542
2451
628
2479
788
1171
1402
464
2288
2222
498
1828
1573
2021
1983
895
861
1770
1851
697
1208
1204
1479
1486
521
215
1422
1230
458
1411
71
848
715
1672
1227
8
2535
2457
2196
334
1209
1991
353
1456
137
1558
2688
500
1018
103
2375
1494
1344
2077
902
484
2580
239
132
1870
140
614
1492
683
2096
1574
1251
1667
1611
2533
2308
1103
1077
2115
741
1644
2357
2551
1371
572
1882
1977
143
1264
2254
923
2318
2420
541
757
1798
475
2349
1378
1279
2133
837
878
1878
92
2005
2196
2014
478
2551
1796
834
1086
1307
40
1054
2333
2318
2498
869
2316
1637
1875
1826
2207
1235
2089
1950
438
998
2295
858
1101
245
377
2244
2390
2479
781
1417
1468
2503
263
2495
1020
789
751
1542
2265
1516
419
1769
1268
748
626
2601
630
2630
1679
1721
293
139
1780
1426
976
2323
1770
805
1445
680
1686
390
1625
1577
2497
1468
1464
2581
932
1196
2516
207
1222
1061
1098
2107
2634
2197
1676
2147
1216
768
1888
2118
1849
1381
815
2150
1840
1061
1626
678
1838
473
2260
1529
2686
288
569
278
401
2688
167
2095
1527
1045
378
1918
62
1030
635
1602
2670
1030
2056
1880
2550
1446
260
2234
1361
1837
221
485
592
241
2004
1542
1157
2652
2477
2393
1395
1138
2540
1145
2286
1021
1511
33
329
1919
633
695
818
1497
57
555
1304
1950
1186
1677
1691
2158
766
2155
1785
551
2287
1149
144
2033
469
541
1594
16
1031
2648
1375
215
2231
1291
852
1603
1354
1646
2565
503
1500
1323
679
246
1327
1298
415
2151
1847
1864
2485
1338
1729
1905
1957
1636
920
443
695
1628
2147
1544
152
173
494
2090
1612
1269
630
1658
118
1417
1785
1926
2490
2183
68
250
277
2371
8
1723
2005
444
2190
418
2120
2523
443
1427
1268
2674
2146
2554
138
2190
2515
2115
824
837
759
1750
154
1008
269
2477
362
1992
2101
1099
658
2239
1417
1134
1105
2314
1934
493
1238
1644
2515
1234
1366
1274
126
86
916
1259
871
631
464
1708
2374
1857
2067
315
653
873
1832
1679
2038
191
390
404
2163
2040
1848
31
1912
2405
317
297
1168
2084
1993
1928
1588
1177
2442
743
696
1696
1384
270
1677
830
2660
37
2093
2600
2146
2372
1963
1206
1341
870
864
1022
1071
2391
631
755
2263
276
1535
2293
2004
419
916
592
2388
873
583
623
1640
1797
1489
1322
2046
2251
2246
1847
1870
1720
2362
2211
638
1956
2583
2353
1098
2317
1135
783
1287
2287
2050
699
1134
2189
627
1539
849
21
1215
687
411
1309
1447
186
1040
1644
1203
461
231
700
1405
2032
786
1497
2301
1700
2470
25
2442
363
6
236
1189
1596
747
1962
815
533
1357
715
987
1772
141
790
1918
2374
2558
2595
522
580
1508
454
2015
1460
212
1812
1443
673
571
1241
439
1510
2619
1236
1959
2080
2134
1769
1524
448
1794
1400
1918
1817
1101
9
2585
149
264
613
1134
1675
1000
1734
1182
2463
118
2367
666
2066
644
1225
1547
1125
1765
2676
1560
1532
1685
939
1666
394
2087
2318
1946
927
2243
1229
1223
2589
2470
2326
1767
2634
2054
1803
2156
2071
269
1751
2607
976
911
1485
1916
2236
1929
2461
2417
1413
1667
2262
1198
511
179
975
924
2029
1194
250
2317
1106
2229
2127
1746
388
2474
1224
2231
596
1319
640
1526
1647
1534
390
1789
171
1711
1095
1110
1326
415
365
1564
251
52
2333
879
1792
2489
127
1080
190
535
1683
2081
177
1331
2279
1526
370
113
1821
2549
2585
1417
2643
2335
71
1830
2335
2657
1217
88
1464
934
720
640
1823
2682
1554
1773
1947
642
1732
2390
1133
366
895
535
887
119
2072
2351
212
754
510
2573
1686
2683
204
1927
1670
818
1721
701
1740
414
713
2285
1052
2396
1068
1899
253
2491
104
1234
453
1864
641
1744
2390
2679
1117
1587
1064
769
1643
1172
1166
1492
1732
1401
1982
1044
2596
51
827
2649
560
1859
1054
418
1411
536
768
352
2042
252
1240
2366
2377
1011
1107
950
1385
740
2605
2085
775
1358
559
2253
1525
1162
1066
113
642
300
148
196
900
1459
1875
2019
246
1427
2490
2363
621
1467
1709
1456
2228
1383
840
1710
1894
2684
1791
2684
1930
1695
2296
95
2099
2002
1427
94
2388
1236
453
1261
1979
1915
2293
1442
1148
2628
1808
2077
1384
416
207
513
1512
2618
1719
2300
1034
2234
2199
1441
2427
1267
1912
540
2029
2140
1850
1971
1798
290
840
1562
2320
2677
2016
793
302
1161
571
1694
1058
396
18
1535
418
2345
968
2565
514
99
443
2646
2107
1826
1586
1940
1049
1645
2354
2360
2045
745
2274
969
1547
1306
1306
2105
845
1686
593
322
340
2082
1101
69
894
960
1811
1866
554
1214
91
725
1404
1978
455
1750
1749
1482
1677
730
2419
772
2204
409
269
1434
1062
2175
1312
140
251
1744
2251
1124
2612
377
982
700
1328
1251
2348
1968
410
43
983
2299
799
676
69
2055
1768
1487
404
1360
348
1018
2217
429
1618
1038
1134
831
28
1588
236
1033
1418
875
2547
1656
231
1376
790
1280
765
2522
540
293
2316
202
328
1277
2065
1122
1091
115
1787
1024
1412
1775
237
855
2122
526
2208
1400
1260
2529
2172
1835
706
1137
682
890
2653
1890
1277
76
1290
728
1034
847
1435
2403
2008
1923
1163
2257
2044
1471
222
960
2346
2374
167
2214
951
940
419
686
2104
274
1481
1941
448
104
978
1080
118
625
360
2025
1494
568
680
832
1784
552
200
654
1585
881
2259
2649
237
1848
341
1457
2648
564
1219
1590
380
473
2605
1360
1192
2371
1867
1042
1041
1985
2312
2675
2596
1870
1328
722
1342
1347
1465
2661
1100
1696
240
306
2276
1564
1728
1492
1210
139
635
1247
669
439
1457
738
11
2182
1709
2017
1887
448
696
1653
835
436
1891
1882
2017
1135
946
2135
1628
186
1473
1188
1593
269
1575
1763
1306
1046
849
1752
616
120
2651
118
2516
1665
2228
1613
97
1588
1676
1533
1579
1746
721
505
1226
623
412
679
1228
122
1512
1953
2436
60
211
2633
1977
515
762
1483
1824
2278
1794
1057
850
1924
46
482
105
16
1226
1431
256
167
407
2181
793
161
1347
1455
1605
911
358
2110
2579
1961
2645
1238
949
155
1626
2244
459
2621
1128
563
1933
1220
1913
832
336
660
398
2319
116
1419
1191
1917
525
2661
2389
1206
2027
1409
1017
338
1573
2319
1008
407
1218
949
653
1557
262
1724
1450
2220
113
1765
189
578
129
1425
596
600
1537
2421
1902
2185
1850
2158
1733
717
1432
651
925
592
1490
268
2383
2353
1889
78
1419
720
184
1872
43
1760
539
2346
1488
1195
2600
2552
2670
2666
2295
2074
1427
2550
134
825
2368
988
152
698
1133
112
2186
2306
2182
539
81
2109
1518
2645
715
70
1881
2290
2657
662
956
2148
1648
827
2081
1872
382
1456
2179
1273
1023
367
910
874
2477
2636
269
866
470
730
1338
1183
2209
1652
1580
517
2682
1775
1077
1201
559
321
1515
1166
1500
2082
190
1722
2165
1119
698
826
1214
57
163
358
237
458
727
1956
2395
1237
478
2214
1410
2311
670
840
1675
1701
2328
829
2436
673
444
1889
1167
872
2504
1486
399
419
755
797
931
2406
755
1594
1702
2592
1627
994
677
890
1293
1394
1414
494
1410
453
1463
928
741
2003
2023
761
774
2145
2327
2266
1266
1106
967
2686
1603
534
454
2431
579
2137
727
1294
2257
867
1986
424
2687
1837
616
423
771
808
1577
1257
981
985
2685
640
1970
1012
2031
258
2627
828
330
2686
428
2484
209
358
2500
746
2340
1634
978
2573
233
1114
951
220
945
1085
2223
1732
2693
7
404
1285
1723
458
460
1058
2389
2216
326
385
686
2666
779
1890
1834
2173
1210
1174
2559
1908
642
2622
1931
1939
1862
1083
1178
1752
611
796
2024
155
794
1733
675
2547
2063
802
1272
2699
2409
1216
2568
1798
557
712
959
999
772
421
1270
426
97
1663
147
1304
764
33
1754
2417
1737
693
2501
2338
267
2410
140
519
263
1621
2168
1962
338
65
621
1278
2271
1309
1888
2166
742
890
1817
260
1886
2338
2202
706
2055
472
762
1819
2633
951
942
902
2376
2211
1076
874
492
2048
250
416
784
2172
797
1982
1511
704
549
1348
1398
1757
392
575
327
1423
2475
1382
2425
2382
2125
2345
167
38
2597
1328
639
2300
9
2511
1604
1348
1382
1714
81
1923
1020
293
501
1933
8
1438
1485
43
868
1488
953
2322
402
1403
362
2048
478
2330
1837
2217
499
2560
400
758
1365
2012
1624
1158
64
1478
804
2227
2450
2668
1478
2144
654
204
440
2092
2145
65
1758
749
2220
428
1733
98
788
697
719
1010
233
2181
2011
1947
1024
1506
154
1256
1215
158
92
214
2330
2105
1517
793
2176
1007
1566
864
1345
196
1186
1468
2230
2453
728
672
178
923
644
1271
555
1315
731
2511
1285
1815
2038
2501
2522
1235
595
2389
2241
908
1758
562
1549
2642
2337
600
80
1465
620
1642
2009
941
1581
2366
2575
1032
472
971
368
1196
549
1876
643
1208
1856
158
469
2112
116
976
162
902
749
551
1673
1369
1674
2126
2198
1327
1343
1441
1530
1100
1486
444
1351
1135
2335
2190
1348
404
890
1674
237
2433
2656
1139
2657
663
327
2560
592
659
932
641
2009
1052
1844
21
2687
819
1075
559
1833
1117
1307
2204
1610
1536
2252
2054
148
374
2419
699
2328
621
2682
464
1182
1867
1143
358
2152
2680
1262
1113
921
2077
2000
1642
1897
2074
2680
2346
2284
702
1872
1403
736
368
2636
1419
1624
1514
1164
173
2434
262
2530
435
927
371
717
570
1024
1637
950
2688
603
2484
1056
129
2524
1712
1377
1113
2006
2585
1955
2458
356
2437
476
2058
583
2365
446
2028
2143
889
1091
2223
1336
2484
360
2084
1281
526
870
2061
2661
1839
437
2321
1695
1490
1427
173
345
2368
2683
1114
2178
1905
470
816
2273
402
924
2509
1303
2543
1662
927
143
1718
1986
1998
1405
1772
192
2623
500
384
1348
492
2510
2207
1086
343
1529
1709
785
2584
960
1349
697
605
1609
2279
2350
717
819
2613
2409
1177
366
1902
1112
2683
2086
243
243
1386
515
1421
1356
1078
182
2676
561
2593
1769
1964
219
1013
1398
692
359
810
2678
742
1793
538
1946
1495
1706
1792
1961
34
865
870