12972
1063
15629
12473
14559
13316
16112
17281
14963
6715
5119
14594
1507
8401
12418
16743
9209
13758
3979
13212
6522
6754
3855
12776
7964
3634
4431
858
7771
5528
14977
13542
1342
1890
9160
16624
12285
7993
418
3669
2762
5032
15669
5006
8038
1481
15289
2651
13524
9843
11577
1511
16212
10182
10799
14598
1688
8407
4396
13744
13094
7156
8462
16353
14557
6732
13349
4078
14850
4254
16917
1484
1586
14743
4266
13181
4769
15699
1038
3115
6323
5113
15165
7436
5581
11527
4155
8600
8327
4469
12965
7238
12548
15823
12144
12556
15663
7040
595
7738
7089
5519
8114
15638
15510
12323
8253
14135
8841
2347
485
14106
3835
11516
7048
4717
16686
3816
7585
7045
14982
15061
4661
11868
16238
16880
14230
12252
15385
7188
13994
583
11205
7594
1080
2160
1442
12734
2273
88
12633
4604
7258
11488
17037
1189
6512
16009
16320
1760
9651
1016
14372
15064
5399
385
1081
12899
1038
1655
15320
15103
221
16843
14947
7976
13265
12327
16981
7795
5722
6302
6745
14930
15791
2193
16807
12558
11767
7409
14536
10791
12309
5628
16397
7104
16120
5074
7426
16388
15585
7668
13098
17061
3402
8594
5500
6534
15390
7057
9671
15598
1545
9288
14983
10991
16733
15195
5743
12169
12613
1698
16017
9431
3637
3270
13946
14065
2188
6864
5509
4155
13925
10452
11820
6442
14936
2868
4255
6690
13398
9858
13461
14751
2210
7532
9852
9463
9970
12334
12820
10901
10148
16349
1236
10152
12690
16311
4329
16660
13307
15728
5588
17145
3777
700
2110
9961
6043
16506
1123
13920
5207
4714
3421
120
6283
6358
1325
2740
11780
14442
4124
2274
1373
6762
16081
7995
14672
7526
8436
13063
9306
8164
11984
10723
11756
1666
15087
16766
6471
6595
14981
7761
11777
3133
6123
6427
159
5072
14111
11821
15159
7473
9966
7952
5004
16535
3134
2193
2934
14866
9353
3788
10036
12148
16474
9292
10293
3245
3323
2634
5839
9032
7471
6992
3186
200
15396
1562
9221
1625
9982
10707
7962
7934
1627
15305
675
9075
3499
14721
8836
13476
2051
10968
15385
16733
2815
13979
2706
10743
16270
5741
8543
5365
416
9359
12033
12164
5522
3356
12940
12422
631
12535
6774
7412
4805
5560
3374
8547
8670
1553
14671
324
3538
10511
1141
7476
14659
13093
6695
1335
6329
1414
11745
10434
2119
10740
5111
1887
12179
9823
13168
12024
9269
3894
16155
11437
9165
8564
6659
5987
1278
7425
3075
4733
2175
17044
1279
1835
14989
3920
15375
4806
14348
6975
15868
15444
17291
5661
10533
12512
7257
16621
3505
15168
3509
2627
14044
7451
7573
8321
4095
6680
100
12119
16057
10382
4623
2404
4608
13964
10973
1626
14821
2459
16178
13984
7316
9435
3427
2524
14085
11180
724
16203
2200
3871
14379
1629
14893
14958
13315
14495
13233
2327
2699
16757
8885
9608
1884
11588
16951
6434
3886
2335
8586
5548
152
1426
3592
16081
12967
14167
2479
15059
5892
739
4341
3366
5715
9066
10958
15094
12167
11077
9275
9184
6404
3709
17057
7605
14177
10382
7992
11993
3317
1080
13632
7325
3838
12437
1365
4301
6670
8164
15683
1776
1731
3733
13148
3349
67
3086
3154
17277
15604
13507
1831
4227
13760
1730
7677
3686
10939
1834
17086
5459
6668
6437
15496
6924
5820
2178
1203
14937
8285
12314
14899
15647
14780
12997
10845
9494
14256
5229
7203
17163
16308
4216
13235
9057
15002
1009
10794
1033
15451
3527
2531
8703
7969
336
9001
1182
17157
13496
4436
10468
6806
700
7259
15695
3892
9240
1412
15851
4066
4173
15425
2373
6204
35
10783
10612
8478
11115
14413
9158
14512
1582
15336
9814
8683
3136
10938
3699
14130
10635
4882
1700
12238
1308
7958
13875
6082
12376
13446
12963
8944
9105
13435
770
13490
15540
5785
12367
4916
2222
6340
7722
4322
16502
60
2254
14435
7403
5292
3341
13918
16433
2675
11256
16149
10654
16994
2404
16481
13305
14829
5934
15971
5466
14199
8505
2458
2037
2016
13390
6477
9910
1113
17053
2435
7986
11417
11387
13509
1203
16960
8768
11664
10009
4211
6418
6045
3862
4610
6338
6574
13857
15527
16472
12929
2157
6837
894
16792
13688
15293
16855
15935
13145
6096
12858
3383
13475
13265
9889
5528
6005
1921
2546
5622
16991
9974
14520
835
350
14242
7064
16185
8303
8798
11046
2332
5636
8729
6085
16475
11658
3926
9577
16365
9798
7016
2028
15782
9412
288
17252
2356
3796
2398
5858
1314
5450
1775
13003
7459
3922
7767
8599
1543
6396
7834
7518
12202
15707
5344
8001
2663
3903
739
363
687
6237
8324
1814
14591
17270
16046
9189
12844
1586
6303
3169
2047
8483
3702
1862
1280
1596
5851
6423
13146
14851
3087
2361
15180
1596
6808
15531
4783
15247
6313
12940
2350
12473
1896
9645
11273
6490
13543
9891
3736
9324
4527
16012
11940
10908
14107
7224
15588
4989
5643
9670
6636
4844
2158
9462
7886
2289
13472
10587
13202
10107
7748
10130
15534
6617
12055
14848
6919
7341
11689
4247
15454
16245
10631
15525
12331
2597
15577
16010
3893
10614
13224
12270
12418
12591
2378
7445
8668
12528
15611
3514
11973
12921
313
3398
593
4444
8104
301
11328
383
13973
3627
10178
1436
5131
9993
11593
6206
4971
3988
11810
5668
13897
774
12732
11827
4823
14407
11496
15986
5633
11858
8024
4653
11771
11302
15049
1025
11665
16712
10421
7612
13233
1676
2098
10841
14160
9799
8452
9236
14060
12096
3981
6732
4580
12052
194
14331
8046
5166
526
5189
11202
745
1118
11126
12458
10298
3921
6022
1703
10633
7830
93
181
11968
6371
10524
7012
6390
9409
2058
7189
3602
2055
1998
2720
2970
2729
11506
16237
9898
15583
4967
4985
9391
3932
3727
7449
6980
17235
5073
1013
6051
6672
15361
16093
2145
15809
4893
11876
14586
6408
7588
1806
4150
3890
10816
11890
9313
16538
16738
1317
16777
8052
2904
6173
2536
15654
4748
7270
7661
8348
14351
12235
12913
1855
15416
4889
2618
1411
14546
6179
6914
6493
5867
14461
8003
5390
4468
1080
8288
7289
404
14083
3441
2414
3511
2428
8537
4034
13264
9425
13891
3367
12546
1984
1979
2143
15414
4361
3120
9185
17251
15373
14379
6566
7070
5396
14970
13469
7784
3113
6547
9069
2445
15176
837
3817
1102
15620
10476
12541
2198
3434
17174
15675
17266
15763
5048
2154
9785
3047
15087
6922
7299
1475
7464
5062
3390
12994
11980
16308
14325
608
3989
15599
3056
5856
3282
5849
8068
3544
4329
2228
12725
16038
5096
2011
2379
5024
332
3025
9967
7779
2756
5147
1046
14635
14361
10090
14201
15111
4940
12897
8120
14421
4260
4199
377
16288
15922
10102
13786
1814
6554
15101
14332
5089
5941
6170
12724
13215
4204
2061
1543
10857
13462
9715
2731
316
14927
4964
8341
381
6337
16444
16019
147
5224
15723
12918
13390
2030
8443
281
15439
13813
7074
9805
16440
3667
1043
11455
10156
6011
7383
14996
5239
13134
2909
8038
6751
8443
9002
7096
4306
734
16026
5593
7065
4747
16338
4907
338
14751
2267
15729
6991
4991
5597
13671
9125
8164
683
10592
14217
9836
14818
10494
3394
10302
10111
7432
15387
5146
6510
10938
14011
10198
1402
1158
5326
6995
9864
9105
11165
7338
297
1638
7854
16268
11331
1124
2638
13331
13070
15441
17123
13881
5555
16697
15263
8044
10897
5267
8516
5735
16383
9110
13586
1191
120
16585
10587
6344
2440
6533
12423
5176
2701
12733
16260
2808
4901
3646
6440
9998
16501
2054
11027
3460
148
16708
10470
8165
563
7411
7333
11842
13802
10577
819
8294
7813
2124
13129
1346
8535
2847
2548
15684
14066
9313
6664
672
11382
13015
7433
8769
14389
7437
10150
17185
34
8233
14544
12576
9823
11958
18
8492
3092
9258
4667
4030
6706
11693
11174
10248
15348
16183
14968
14401
14349
8478
9001
15322
2014
7228
5920
9522
15275
5182
1218
7651
5013
16039
6306
6647
15759
9376
15110
10124
9476
12655
995
14936
13307
1009
12284
15894
4884
1043
7885
505
8473
6775
10703
11918
12695
9649
1997
12938
16370
15766
309
3720
17240
1264
14874
5910
16900
15740
4486
6655
8677
4991
9621
851
6472
5597
11124
14455
6798
12049
16794
7001
8768
10876
5693
10914
340
13043
14063
770
12140
11821
4002
11435
7546
9588
8518
16162
13951
7448
10064
6540
2543
12875
474
2357
5693
4210
14218
9107
7895
16761
11142
15815
15586
2646
88
16141
8433
16257
15886
10655
16774
15961
16136
12939
2526
13650
5068
10438
5377
7039
6631
7899
11742
15888
7802
4065
7308
13289
15017
15065
10505
15573
7746
16520
4993
9772
15734
15502
17017
7787
14511
8911
2654
1212
15208
10847
268
14018
375
9036
5188
10690
5556
15957
11072
5029
10879
5573
1438
13451
14558
11442
2029
2958
6853
8716
3716
9908
10809
16523
3352
15545
16939
11463
3503
1074
1577
4800
8751
2890
13484
12850
7109
16454
16575
8458
6350
2004
14890
1813
3595
5246
7396
8261
4974
4964
309
6635
2830
10203
2280
12569
6564
7916
3063
8860
2631
12024
5856
9100
5800
4346
15525
14186
13869
4184
7387
13876
832
5895
4097
3773
811
2350
12816
8353
15689
2931
5619
5464
8085
12340
1908
13168
14415
597
8071
10747
9945
13469
14144
10900
3183
10320
151
8311
2685
4051
2078
3216
14827
4322
5634
15722
6830
1882
3192
95
16872
7421
1893
7458
2503
6554
15350
2734
1640
14247
3109
16632
4516
3390
8867
4269
5065
13990
9562
11140
10951
16268
12136
11417
4761
467
3482
11720
2387
7128
13910
6287
16777
10353
5961
12146
1999
15521
9219
2261
694
8623
14964
3614
15088
15431
7438
6005
3754
16980
11772
12226
16003
14463
2161
3955
16484
9235
8948
7163
8622
4674
6531
8709
10922
10745
14560
7922
2297
10613
13624
4094
6012
5695
1231
951
1773
2804
14783
13325
13104
4794
14417
7692
2003
867
9622
16745
15079
16181
2089
10022
1822
12091
10821
6231
7056
4455
12170
14201
9961
10164
12753
3633
2343
14501
7069
1789
15633
9296
1364
3139
9663
4173
6385
15292
5698
13745
745
9395
13612
8771
14072
2043
3887
554
13392
4143
4148
11495
4572
16004
11570
15062
16129
2022
5574
9307
16980
1914
7322
3588
5372
10675
11428
291
1189
17283
17152
3856
13586
16731
6994
12819
13335
8247
2639
1481
11289
3056
7714
17190
15260
15063
7008
12668
8126
15316
8135
12223
15253
15835
7110
8176
8734
840
11486
15323
9984
7570
5960
3943
664
9864
5871
2484
1404
12118
1962
6917
14088
4391
7344
2473
5553
15733
15823
7075
10910
6856
12157
7124
11470
5106
3467
16105
13251
2108
5988
12927
16504
382
7089
6543
1492
16586
598
7973
9010
8075
4194
2873
4741
1576
15480
15177
6454
2189
314
5949
14306
14039
6492
11346
10446
16042
4945
8872
3648
15518
171
3012
3989
16163
12976
2158
2007
12878
10738
92
14060
8056
26
34
1092
9089
12606
8781
17117
15176
5913
14720
13317
9159
2485
1429
12223
11819
14414
13900
4920
11464
2074
2121
8992
10675
16865
14987
11185
8962
9057
6
11289
4083
8062
1082
16604
13392
4795
11180
673
7614
961
6525
9110
11103
1246
5683
16621
9157
7963
4257
8625
10560
5423
6250
11104
10037
9127
6486
10986
6266
16149
878
13744
10609
48
4906
7069
15352
17278
9003
5948
5245
3205
4430
11993
13739
2490
16112
14376
14257
9281
9412
2898
13862
5773
7489
739
7746
7287
8012
3451
6862
15946
4647
12217
12454
9295
11138
10421
14514
5
11558
4959
5606
14149
12085
10463
7672
6916
16884
882
10876
15449
15371
3082
3038
7111
6840
7477
14835
1003
66
7504
14507
16766
10173
4278
5853
9415
9802
4454
7316
32
7307
12762
9165
15498
15261
15996
3042
8229
1564
9188
1634
14817
10947
6577
2228
13036
3401
3380
51
4444
14691
6132
11850
1002
12485
6644
12207
10637
11909
15315
16961
921
7573
6606
8724
1120
702
10369
13562
4518
5060
13162
12053
3212
783
14527
1336
14592
1089
14585
4805
14197
13738
6433
11479
3732
3960
10038
7600
11618
5422
13631
9393
7403
7427
7903
10150
10850
16238
14084
2875
10545
9523
3236
15501
12050
2594
11041
7271
1510
13246
16304
16259
16088
5466
3781
8772
6230
1948
14371
6044
15369
15212
2909
11649
13187
3776
11144
3929
14664
5866
13082
2660
6794
1165
11417
3372
1108
2104
13487
1897
7400
15931
2021
10593
7203
13649
16877
12341
8845
6933
11536
5848
6665
11355
14781
15425
12752
7241
9274
4430
14968
14479
15985
14316
763
7295
6826
16635
41
16697
16527
4750
14285
6566
2858
12296
3639
11731
5293
15432
10748
1949
7081
10730
438
13172
12597
3780
7768
5284
3173
27
3673
2019
14059
7518
10315
9925
14917
8824
11975
3971
8195
2777
16190
6358
8043
3537
910
10270
8292
15849
14130
12682
10977
3041
13432
10614
11527
6840
6447
10921
13099
13553
504
11962
16542
16519
959
1978
9669
12997
15507
6957
3086
10276
13884
14054
2966
10586
8076
17098
11278
15424
6326
13014
17246
15961
5308
14352
8326
4631
11414
9418
15631
1722
10532
3621
10582
950
12605
9603
10321
7338
2318
11813
8307
9031
8129
9932
11485
6460
2285
7002
7180
4829
10051
2437
3303
11195
9617
1898
107
10245
10997
7521
16386
4218
1731
8582
3638
9497
14391
6039
2823
5786
1448
11279
13577
375
394
9383
2357
8739
9621
14190
9566
2033
7434
11285
9900
10680
9838
8713
6881
9326
16104
4921
12813
16662
5654
16112
15773
16947
13531
3754
17230
1669
17175
6045
12138
4600
11105
7109
13993
12714
6141
17034
5516
2946
10395
6683
11175
9258
2195
12600
12724
16635
11447
1435
8829
1427
14058
11837
8667
848
11636
3729
6243
11804
563
5700
9700
4163
15008
7275
8748
15795
9364
903
1976
10347
29
5384
10228
702
10992
1754
10369
15634
7527
8224
3502
13852
7678
11576
7951
12134
8186
2701
13741
15727
7204
17153
11761
13751
16337
6038
9857
8417
14649
6889
14379
837
6246
911
16929
5398
80
15127
16776
7258
12864
2185
11207
16797
14323
776
13193
5710
2401
1003
15968
9987
8057
4873
13307
4209
5763
1746
167
15882
15104
4159
15281
452
9883
10728
3986
6351
1553
12501
550
10595
7843
16139
9238
7642
2145
16733
3885
3191
16144
3761
2101
11803
9419
1329
15197
7655
11113
13307
11907
10337
2621
2308
5306
16976
11428
17096
7202
8083
6070
4221
14706
11574
8978
14008
3897
4761
15000
16262
11205
4959
7757
2639
1285
8618
15228
14566
14151
8089
16789
2018
8733
7460
5719
15731
5112
15114
17272
912
9461
14554
2798
5437
4942
8347
4416
8334
262
4450
6226
14091
8940
2268
16684
14978
11479
7426
14753
2391
5644
16730
7705
7298
12796
8942
1827
12037
15357
9822
508
13596
4943
1849
4928
4429
5110
6596
3268
6560
6143
8247
11298
5046
14952
3602
801
11915
14906
16962
13749
17177
3524
9406
12034
14985
12667
12688
5018
927
2974
4824
14673
871
4710
16439
14211
7088
12734
8354
5204
10244
12210
11498
14864
12134
14495
4634
15646
17105
6832
13369
5435
1056
15617
16272
15507
12898
6132
1461
6697
12435
1756
12472
9912
5314
7054
1067
3791
13545
16809
12518
11050
8339
6762
8392
1850
6258
14326
9569
8392
11610
894
486
5374
6202
6542
8566
5851
244
8176
14040
14755
14498
5621
16479
10756
2622
6200
9933
15965
12829
12535
10585
942
15410
5166
7870
511
13568
2259
13387
13405
7018
15783
7251
81
4149
11677
11579
9944
15573
10463
2590
1073
1836
1970
7383
9702
9919
14146
2502
7926
247
14067
14837
391
3399
1589
3893
10965
4712
9491
1411
2293
16100
6368
3044
15240
6037
13449
16008
16844
8883
9663
2875
4163
12369
14007
10966
9969
7164
10812
16237
16925
6416
8250
16140
17021
14415
9610
6105
5523
6996
2355
12437
8647
15756
12284
6970
11709
14129
15052
805
8464
12161
13816
3472
14813
13491
17053
15630
220
13601
6151
11074
12560
5420
16742
7577
7315
2427
16269
7212
4847
5314
13674
12218
7850
1669
4675
14740
2651
12367
4489
9328
4937
13433
7667
639
542
6618
7863
900
7345
5670
2482
10143
14751
4132
1685
10148
9448
2578
4057
16384
6146
14934
12721
2755
1050
5694
3100
12358
7413
2975
1276
329
8638
5572
14290
13434
6856
6323
1289
9499
14240
4429
12380
12071
9233
14247
16513
12819
16812
10352
7068
15157
2592
15179
7015
5810
5338
171
6999
12866
8488
14979
6149
14067
4545
9
12247
812
13999
12344
6051
688
6833
1484
9956
10392
6572
14829
2152
5702
11261
14637
6265
11686
16955
5062
1872
6833
7948
10010
13411
14085
15691
10949
5522
9451
5015
13880
7486
6965
10864
10015
10050
8399
909
3052
9681
11572
6457
10787
11386
13643
5291
13238
12448
14776
4309
12107
8525
1875
6311
15503
14368
2241
12607
6521
9519
15906
12650
12889
679
11258
12451
13718
4647
3793
14112
4223
3229
15891
14711
5931
3638
2711
10259
13141
12162
14347
7456
1173
6298
15845
8989
9182
8982
6421
12326
8265
3732
10306
4517
748
13670
13899
15788
15165
23
3786
3080
465
12137
11568
6872
4617
15006
14180
43
15984
16082
15483
10278
2687
2520
11633
360
16173
16129
11697
10165
8482
16115
13869
10533
8968
6787
868
17048
14930
10199
13264
2540
776
11093
8479
14208
13754
13081
13552
3237
11901
1613
12474
4606
13216
11542
14570
9113
13663
14816
13367
2676
8677
5005
4411
7727
1985
8202
10220
8118
10899
10520
6063
14643
3313
7339
15167
9273
12283
14538
14356
6280
14266
12788
9028
14210
9213
9803
6017
2536
17190
14664
16817
8852
6513
3798
4946
4720
16606
16268
1360
16519
16116
6896
16426
14776
2653
6667
2421
13488
3321
2161
14957
14651
6578
1311
17110
5282
9092
1934
13689
3333
940
12247
15828
166
13043
17034
3860
14112
13749
2997
7197
16311
9353
4314
6838
8566
7210
9487
1309
647
14269
6160
11963
14823
14869
15323
4034
13604
7516
6302
15537
13775
10123
3887
4012
15075
12510
2435
13406
3507
4202
10705
3590
8043
7354
13505
11876
16437
6398
14878
1031
9882
6627
13239
1882
4323
13980
6702
161
5568
2457
1914
12018
2960
3685
10988
7996
7948
2397
721
1507
5964
8014
8062
2567
6206
298
9230
14511
6304
15357
769
4610
11694
12573
15666
4337
12254
3963
8738
11722
906
4001
5993
15170
5363
13378
1068
5034
15833
3343
6172
7798
2131
14898
16937
4863
10762
9822
12503
5109
10698
7281
5532
1454
4240
10620
3657
7835
9872
10266
14705
12327
16958
14299
2608
2893
5497
11384
2639
14948
16171
11780
13623
9567
2643
4822
7600
841
10255
9558
4525
1984
7527
13628
15967
10163
16033
4150
16545
5908
4139
1980
602
9251
493
16010
13739
3649
11071
9541
5089
2364
12083
2414
11871
103
9022
1719
15796
11594
8230
9744
14959
956
13265
13739
1228
1465
1539
625
17245
3462
16781
4344
12486
11717
10125
2860
14015
234
12456
11006
4046
8121
17167
6106
3353
16788
13030
1469
3358
157
17124
12969
7002
12717
1343
12254
16041
1494
1918
6422
17199
16065
4317
1330
12874
8634
1631
7587
12199
2126
13204
5699
16528
15153
141
13250
9147
10860
15787
13272
1896
12155
7696
11389
7962
4909
7358
7455
10830
6918
9859
2418
9657
10011
9728
7438
1261
10713
2085
7290
4203
15351
8839
16319
1295
12305
14614
8336
14207
11125
2116
2309
3592
12744
9091
994
70
16646
2730
7382
9995
17240
15130
16198
4077
9750
14709
7181
15115
15559
6225
3982
9472
12888
16161
1463
13359
10511
9672
8136
7004
3604
4669
12793
1568
9200
11931
15362
15854
6951
8231
2933
4803
11493
8537
8557
8017
6999
14160
9040
3426
6855
9221
11730
4959
2807
10022
6728
7194
12994
9981
7458
14483
13207
11248
549
4629
16345
16329
11637
7173
2048
8710
6829
8017
4701
17022
7466
4176
15866
7627
13944
8011
15835
3356
6903
7380
16969
10870
7268
7358
17035
13922
10518
15720
6354
864
3134
11293
14461
16315
13417
8075
14155
15601
12197
4483
8612
254
8209
9609
6319
7772
9728
2195
12431
9904
3961
563
10350
14806
1760
14759
172
9327
13496
9113
8168
1966
11671
5073
15439
2481
12469
15531
12060
4267
5696
7012
8796
14444
3219
6031
9638
7409
9131
14359
13817
11484
6440
7286
15279
13126
2434
15062
9984
16584
8920
13580
6083
11999
10362
308
10600
12306
2199
127
6835
16847
3102
13974
12868
10111
13471
2418
15326
4105
7021
7162
12845
10642
6398
8589
12247
6447
12116
352
9811
4857
16111
1599
15277
12027
10384
15569
1525
4797
47
7581
4357
9154
15059
16782
5330
14570
2414
8231
16310
3880
11296
13022
693
2612
10831
5522
12505
337
1624
9755
9327
13532
501
36
942
9836
4321
7177
5345
11266
6014
1895
1357
1214
3213
17027
11457
2878
2155
17083
4688
8415
3863
4404
16514
5250
5892
4813
5232
3662
11193
15391
2439
254
14634
15069
14124
2797
421
17070
16353
1968
10832
1898
14787
6648
14986
4793
1287
6640
5648
9451
9545
1259
13847
9285
15273
12617
12969
1359
16934
5940
2429
5900
6440
3916
2502
12422
11518
9704
16446
12461
2177
483
11502
13991
5761
17067
2962
1667
6304
9625
10860
10128
1811
10119
17043
16014
14502
8323
16395
13764
12381
14377
10987
18
9848
2546
6516
6339
2038
91
4183
402
925
2611
5863
6213
1282
1829
12622
10852
11451
16031
12769
12153
7203
11048
12442
10539
14002
13642
1680
5635
2660
2662
16915
4810
16433
14695
9326
8056
3760
13793
12987
1617
4926
12163
3508
4575
10629
14268
12484
12616
11236
16183
16925
14366
16397
10725
6299
9877
10153
16292
16304
10640
11538
5456
14999
11140
1461
11234
3368
6843
2323
3341
3446
15887
14351
11976
12075
13413
1205
13186
12774
2046
12470
16821
3354
14337
3717
2357
15135
16757
14259
13147
14616
7029
2280
7714
8671
3251
5304
15874
11299
14843
8144
13387
683
12829
16256
14732
11510
366
4002
12673
15985
16761
8201
15812
2179
9358
11655
3273
8322
7321
2386
12597
193
530
3553
3993
4800
14644
14151
4666
4837
16752
3770
7156
6434
13763
5116
13628
4742
10477
12703
3377
5102
11516
1090
12808
9932
13949
11491
17053
12016
14110
14618
16721
4476
4161
2083
12387
2394
3082
632
3310
12046
6989
3361
964
10041
5455
15678
7812
1181
4650
7398
357
3580
1697
4170
15123
9608
15560
711
11292
11493
13505
12340
12590
846
10783
15200
85
7847
4585
11569
12318
8428
1913
5887
8168
14530
6938
9305
1327
12621
15451
16941
4611
7016
663
15327
4738
3974
8498
17144
12016
11595
10440
3064
3524
1667
7659
12431
4945
15623
9289
3165
17036
9552
15148
13597
9808
10504
14663
16729
7346
3620
14093
4820
9616
13942
2690
14450
6126
488
9089
14398
2363
17248
3386
4412
30
2904
9146
16424
252
12506
12402
16793
14435
557
3910
1367
4330
5644
17121
3672
10567
9772
3192
2665
13052
5568
4397
1471
3116
10295
9322
2826
1896
8479
16450
5116
13958
7372
13098
5140
1871
2083
7601
13388
5612
1964
5529
11949
12702
16547
5131
3954
13263
2448
7284
2927
9792
8355
11246
205
16120
5940
3484
16386
11152
8517
9716
12875
13625
2679
62
3835
16776
1442
15811
14795
7020
13394
3456
15414
13334
16633
15909
8560
5366
6901
10214
7322
14593
9213
8006
3490
330
13771
1396
5210
5238
8113
12775
4741
5535
13882
3466
3510
4854
14941
13703
6978
7187
233
10923
7466
7688
13764
15075
14774
5380
7758
7233
2371
11854
4526
5770
13111
11264
16192
12288
3682
5060
7396
2267
1726
2385
3074
1205
9917
1903
16393
15042
16533
2844
3376
10001
17086
10261
15353
5063
2349
8772
9940
9197
9226
7330
12736
8690
2233
9532
15461
17262
4881
9934
2495
17298
12539
9771
12047
1782
14917
64
12648
6462
14350
340
2051
1516
6222
10708
3050
14061
5820
13675
9708
16925
270
1948
13058
3983
5180
13574
7896
15885
1122
9560
2431
9794
6951
8784
3248
7710
10366
10267
9392
2085
4163
16414
6263
7191
15332
15642
10475
244
3149
11820
11787
344
14302
6986
11016
14789
6523
8121
14802
7977
13786
4318
3136
16869
8719
6278
4831
13337
1775
5148
1849
13332
12996
5734
13823
5202
1247
13281
15947
13931
1600
7811
7490
8629
7467
6958
7104
775
7850
6330
9399
7096
12540
5439
4726
11322
16752
7712
1379
7166
16583
15463
15366
1349
2940
6565
12097
15990
11856
12103
12849
1318
13612
12945
6812
7248
16418
13711
13927
15334
8520
11526
12277
12639
1490
9622
7635
1940
713
5024
3701
7825
16553
12434
14012
1140
14638
6329
5539
4684
3361
54
12758
4226
8147
12455
108
3618
12583
2843
11956
10951
13291
14702
3447
6202
12549
3837
16949
7127
15577
13392
13925
14992
3247
5667
11448
12824
991
11394
7456
3762
16173
13915
9507
2248
7760
10832
3112
7415
13096
975
1114
6779
4709
3813
7315
16456
13318
7499
16851
13303
15909
10033
6482
13673
1368
4982
5363
15716
10550
1557
17051
1692
11108
12401
706
4077
6262
15949
9258
12853
274
4795
11066
7458
6180
10339
14567
4036
16074
1277
9542
13559
675
2988
668
11290
2969
3925
11432
17135
5999
1236
2346
6861
4651
12696
5212
2555
12814
3355
4567
15593
4118
9996
6217
12788
11518
7615
11888
11173
16561
10255
5320
6481
5068
3898
12503
9282
1022
7609
9539
5342
8931
16908
11678
8333
6767
14044
11965
10494
13555
6887
3071
6527
131
12775
224
377
15156
9598
8749
13372
13082
8012
8090
12555
3134
15009
13554
12039
5581
16684
10767
9944
8954
2488
7046
15538
16233
16963
11737
13452
9951
16638
11974
6079
8020
1285
14735
10690
15692
14758
14006
1368
12970
10767
3655
9409
2089
6935
4283
9724
7922
440
16117
17136
9214
16800
7059
17170
10672
9795
4494
14786
2225
1091
14821
3117
4031
4138
15590
5871
726
3668
15264
5899
16786
10624
15510
14160
16509
11678
6931
3263
6384
294
1538
9338
13298
15860
9803
12777
8443
3053
14959
15188
4941
3050
3152
13667
11422
16803
9424
1050
17248
1397
15637
180
4485
13292
2555
10499
14449
13618
2925
7931
12110
8711
1776
3693
3040
9185
494
16561
15584
18
12324
10144
10477
14476
15271
4274
3969
15883
1653
315
14554
14581
4448
9834
7145
12090
6465
2112
16804
16494
380
11824
14857
5003
8346
7131
12700
1123
4375
9866
17155
12191
7235
10256
1384
9603
8451
6146
11252
3931
11934
7867
10068
17078
7965
325
6581
7074
11264
779
12417
3797
9101
2134
8652
8378
4071
925
6673
14392
9709
6935
1108
3932
13860
14854
5299
3983
6379
1268
6936
10732
9023
14514
15133
2306
6864
7968
4496
14881
6290
15059
9019
2415
3535
13888
4826
539
1553
10560
8890
11981
11481
15613
3503
15580
11740
10990
13812
15549
15935
11956
1471
16435
13552
868
15690
9334
15812
15637
14710
12611
3719
10678
9
15471
1239
3073
10213
12598
16190
5566
12151
8639
15500
6078
4235
5309
8452
5759
1414
227
7551
8457
11818
15692
13653
13128
4811
15647
12138
6772
3241
17106
11619
3537
9649
4053
13589
12147
12164
16112
9299
14312
5312
716
13203
15947
16282
5462
10182
5406
2050
1075
2983
16085
15105
13834
2230
6630
14135
16669
9946
8342
5875
5681
11159
14746
4427
12418
16978
6492
12616
12352
6494
6803
9153
13692
14818
5122
13306
12268
5634
5611
9296
10156
7954
15671
11854
2182
13858
2872
5796
7210
5807
6203
1308
3030
9129
7352
14452
14579
1711
4760
8376
4559
370
3633
7895
11392
2329
8212
16230
13154
6712
14657
7339
6138
83
1792
1004
181
1235
8728
1273
10719
12469
13399
13116
8761
7975
17102
11528
5544
7379
12462
1623
16670
17238
918
3995
9512
14310
10989
14245
15120
8238
3637
6669
11573
1317
628
5580
11355
3192
14394
12125
758
2697
4441
13144
14735
2924
8491
15131
14371
13839
1249
7050
11529
1641
3015
16603
16178
7827
13174
10165
7604
16213
8852
9843
16884
10649
4572
3897
11071
375
284
2877
17024
6470
10894
2113
9007
4226
10034
6551
9300
4637
8752
6332
10892
10731
8091
7352
9782
5429
14575
15963
9078
3091
9783
13161
3641
9770
6657
13538
3049
16290
10611
12319
7791
13647
15538
6524
3777
60
16428
12941
54
2271
15609
1139
11182
14849
5245
9071
11457
16361
5624
16861
14125
6634
6372
258
887
15904
10974
14346
9864
12400
5730
7361
3846
4508
6824
4379
5571
5841
15194
6907
16767
6093
11126
7507
16051
13165
7614
1280
12598
9565
1153
6957
13365
16456
11811
6002
118
11183
14037
958
5396
9656
3179
5960
10868
10101
6759
718
5960
16889
12132
1800
13935
15003
3825
3811
1629
2439
2155
495
10729
16907
5668
2000
13256
666
6595
10056
5596
11104
10843
15134
4800
12263
16635
15796
9727
5562
14324
4545
6334
7741
4173
3567
12435
13285
2049
1560
313
4843
2254
4056
15144
4846
11361
7989
3521
14237
13684
2274
4544
11176
9498
3877
2293
12089
10885
3895
10726
4125
4612
10802
17186
2938
3121
14099
12588
5693
3919
12134
7002
871
11541
7998
13313
12398
11448
2998
396
5357
16045
12138
16255
11360
5
2536
16481
13968
1690
4729
12636
10778
11935
2700
4400
12711
15382
5163
15338
2776
11145
1235
6234
3406
2542
4897
5540
12372
8697
653
3380
13808
6819
11837
17184
11077
14851
11209
2863
14037
12697
12747
1550
816
17213
10258
10769
16272
9579
7974
6127
1850
7694
5999
15822
13197
7408
5262
12958
1736
10974
7042
5083
14941
9525
3543
2898
14696
5756
3551
5826
14846
17123
12482
14574
15069
13146
16006
3283
6511
9789
5872
2505
11472
12737
4011
16259
9030
12794
5789
13350
14721
1009
466
14662
11360
1104
10212
14091
9335
7396
8396
7700
6573
9028
3021
15725
15181
9322
1734
9241
13350
2818
1027
7972
10495
11306
9605
8400
11709
15386
11061
235
7123
15168
15730
9812
1287
3741
5041
7325
5222
2621
6335
15142
3160
10681
16422
10609
16967
3054
2050
1318
1571
11647
2296
15173
7312
11265
5261
2854
10869
3358
12173
4822
9799
1392
10612
4246
12190
10018
982
4677
16829
755
11806
16160
7028
4944
73
12802
11276
17101
8718
9376
14407
8646
16800
1123
7731
10537
13889
3388
10315
13825
14261
16158
11132
3475
3997
8363
11974
16573
5612
139
1148
16689
10900
15702
9892
3307
7524
3793
6528
14068
5509
17200
15662
4361
13553
2919
4078
10730
8524
4354
5954
11809
9238
7520
8417
6750
1494
11286
16460
7390
4774
3925
17056
9762
4702
14157
11763
15107
17056
17057
15168
10908
3844
12806
5678
7741
15232
12678
12450
138
6759
8840
17002
6528
11816
13330
17233
14805
6050
10725
12628
6077
16677
12437
9742
2258
16957
13192
5351
13596
8265
5474
16021
2829
177
7046
832
8849
11883
5431
14754
2569
5470
13497
11357
7228
8050
12132
16311
3857
6292
11646
3762
13723
1559
13607
13369
16341
2967
3425
13131
11302
5246
8936
12904
9596
2433
15758
13723
999
487
330
13928
9348
9278
13127
6491
5949
13555
505
1321
14083
4257
3093
11315
9633
6530
6764
2254
1719
17053
12693
7980
5833
15240
11615
4149
11512
5001
9314
6263
8580
8755
13282
6552
4490
6124
7397
2243
1537
16758
7342
14259
12644
13654
6933
5131
12313
2348
11349
2573
12040
14558
4457
2418
10723
4555
14739
10469
3676
15399
2025
15714
16540
4503
14969
10139
2241
9419
3751
5194
10991
2509
14062
6421
7338
12151
2006
645
9481
8604
442
11735
8766
8326
5717
3795
1497
13129
14918
16502
2615
812
7509
4583
14127
6582
7921
8320
10480
15870
8641
6498
15149
7764
8346
11226
2996
10346
5140
10687
11006
17297
4558
16163
7696
15294
13974
4001
1375
11599
7155
11169
4032
17232
2679
13508
16094
6049
5774
9603
14802
2596
16893
16446
1972
16458
15873
3970
11926
10445
6764
1154
12429
6046
11241
11313
12247
3168
1568
5057
11462
4089
14366
9290
14997
1690
567
12832
10313
6180
4293
10148
7234
2286
12414
13073
3094
7837
6559
12813
12903
10642
11920
12177
10279
6225
1058
8488
15760
4551
1392
11703
9209
16640
10824
998
3278
12191
6142
3335
535
17163
2261
13241
13843
5755
8489
13058
14104
16985
11534
49
15265
869
15631
16588
6333
13963
6910
1124
8036
6287
4588
7631
10918
14193
12184
10806
532
5454
4731
1090
9208
7324
9209
3225
4372
11740
9876
11976
593
17040
9551
2092
6441
9056
9517
16165
16169
11165
15444
6813
12568
12779
115
11968
508
14146
516
12819
16035
12379
6034
11272
13451
11700
8091
5337
544
13811
14641
686
3826
16958
4300
9445
15433
5202
11882
6971
11049
9491
14250
4905
6996
421
8775
415
17182
9336
15836
14877
7719
12433
5597
10580
1765
12957
13560
3056
2608
7917
16636
8984
10520
5817
7030
2858
1278
16399
6723
15238
15400
6426
10654
4504
9922
15630
12304
2033
2541
13086
7052
15589
12818
13226
1232
17133
12361
870
12484
7479
1810
8698
3580
9833
3284
8750
10952
15849
995
2929
105
6673
9573
8156
11810
15701
3367
516
5340
10892
14857
13650
8432
4080
13057
4605
2180
10775
13494
14469
17289
7183
834
6882
13436
10848
7222
11565
7440
13167
13970
3873
6249
6559
13560
2371
12928
3690
965
422
818
1377
3712
13728
11929
5823
5431
15194
8627
1550
2673
5084
16064
6339
15292
707
12172
13509
3458
3085
1868
14267
11023
3090
8957
10670
3803
3288
13281
10782
1572
2160
3331
14286
5761
4706
10319
1049
6711
7147
4885
8847
15828
8969
1520
8402
10583
1577
16664
8549
1540
2893
1014
7466
6361
911
5920
4522
1679
2183
14548
9788
12926
7289
7166
11475
4393
8935
8687
5893
7704
9067
15325
2512
1103
11306
9037
13960
13462
2656
14529
8036
3878
4158
11763
13456
6770
115
12542
8226
1630
6306
13451
14744
6503
9018
7349
14528
2698
13587
5025
14411
4522
13922
12477
7767
12779
5050
11157
2198
7567
8457
6474
1238
8388
1684
12918
11659
5434
3454
14836
7551
7867
15820
13858
14178
7108
12867
4945
17289
12196
13294
10419
15690
704
16155
8872
5102
4908
912
1819
3183
12964
15112
4687
16084
5109
5606
4836
14178
9298
6640
2222
8922
10461
10954
13835
14968
9163
12998
14856
620
6718
2402
7801
16359
6635
6554
14435
12894
666
10393
8161
13197
13800
1994
10443
6525
10857
12089
2489
978
4894
2447
1547
3486
9132
16250
16177
9034
11949
2599
3484
4349
4786
12535
16828
3971
3031
4615
8047
8304
16072
11425
13708
13684
6738
766
1404
17051
11962
14840
11935
5944
13077
6585
3882
8275
3606
806
12140
8674
16384
6168
5809
2121
3440
12683
10727
12093
11658
6294
8969
3059
16903
3507
12509
15149
7798
6522
1687
2994
10099
13352
2628
12140
6809
89
2665
12858
3985
2793
11357
6950
4673
14252
13121
17092
14351
5846
11460
10769
1553
1377
9079
16332
6296
10123
73
14404
2589
6678
22
13853
3442
5090
11040
5399
17051
4557
10923
6027
3135
7001
15717
16423
6042
3887
14913
1154
6356
11966
10585
3407
1942
12064
3230
9231
13176
7506
7689
8990
3618
16008
11435
14463
12993
11607
10173
6466
14846
710
12959
240
5757
1805
6865
6011
14001
14473
9842
6693
3536
6631
16407
5808
14962
17131
10426
3680
7605
11621
13138
3262
13212
16181
4376
10789
1922
5784
10930
857
11141
191
3046
10349
519
9089
5563
15482
8358
4571
7516
15439
12697
6288
9399
4603
3095
15603
6897
2973
5182
3046
2942
6510
5734
68
13551
13193
1224
9832
15154
2362
12393
13088
1553
8679
6714
14101
11257
15084
7313
4053
16662
14345
453
695
2382
13203
3794
12407
249
15591
13786
7364
11687
13757
3545
11380
3259
38
16650
5592
1798
546
14154
594
11298
2106
15258
5719
2158
3069
14057
2146
17100
4506
2662
2908
8410
11257
6591
1593
5808
3956
12197
6881
7150
11989
14013
9460
11387
107
14294
8003
7307
16359
15731
16783
16007
3042
1425
16472
471
4833
8011
15029
10948
3928
5318
10029
8284
6158
11895
4489
1645
5903
13594
15866
2611
10711
6243
1322
13011
16271
11444
5696
582
6099
5369
8738
12994
12605
10942
14609
14042
15841
16233
7850
16738
15772
4814
9436
14259
15870
9640
5347
16386
698
12142
16541
9822
2818
4469
2709
7531
6965
12712
8541
4572
586
10325
6360
13454
16530
13032
3115
5884
13240
16158
7496
16598
13712
10220
8562
2969
2772
12071
11795
6738
2018
17161
14723
6196
3069
2517
10217
14829
3510
10718
13581
1275
9012
6759
16143
10437
14116
14422
7284
14846
1839
13060
880
13547
11719
2728
17014
8418
10186
9944
6766
16222
3943
14111
12790
7032
9415
16846
2689
5568
12138
10277
1811
11067
6901
12208
14274
2061
13434
16446
17175
14705
12291
4990
13721
13667
11777
14023
13478
12105
7287
2210
3063
9960
10913
7040
7525
5933
17057
11240
10228
14989
16710
13682
5557
14083
8525
16306
17284
7160
9463
8237
15336
7734
3810
12307
15534
7782
13384
9329
3996
16309
12718
8819
9098
15461
14217
10679
12783
3620
5974
7696
16359
13275
8732
9166
12035
1193
17287
15889
3814
3048
1392
9752
11263
17299
7970
9265
15631
1840
15427
14311
9013
2675
3
3310
5028
4392
10229
3486
13326
9472
10202
6456
6924
1742
17254
2191
9602
2141
4267
12504
2498
9288
188
2042
15635
14678
12725
11609
13620
4039
3803
5763
3388
6576
2235
13865
16283
13302
9831
4470
14668
12272
5456
6915
14031
4982
7430
2807
9956
207
9190
11155
3667
2973
14515
5965
849
12471
2367
7612
10239
14388
13469
6937
13668
9933
4758
4701
4360
12471
5580
16132
2844
7844
6212
8253
1950
9629
9365
306
16604
15372
10345
10318
9099
5884
7736
3337
1248
4591
3030
1546
4025
16763
9312
2404
16122
13704
1003
11307
6534
7064
7810
10876
10155
7016
330
5782
4904
15607
14265
14199
14818
13931
10985
11424
10928
13884
3712
7908
8883
9342
8403
10736
2290
16013
10089
10073
801
4519
13080
13672
3774
1953
3817
4540
7591
11117
15018
5521
9068
4010
2553
7534
5805
12022
3446
7426
13565
416
11527
446
1786
4841
14190
344
10660
8864
13475
8661
3456
5061
5150
6397
6847
9430
6266
15732
308
11817
12542
10271
1888
12254
7807
12153
10238
16822
14980
16851
14986
11236
16459
9887
10864
11804
12080
14011
1367
6493
6092
6294
9735
7138
6547
569
262
17236
12660
4923
19
12993
733
15553
1361
2982
2793
14099
16652
4942
6391
4499
2463
5337
1389
6542
1097
10622
5614
17041
13749
1012
9390
2912
13325
360
3328
9509
6570
12669
8904
9018
2667
6473
14912
5916
15617
7493
133
15120
5346
8598
15903
16565
11258
7628
10481
12003
13849
8627
15960
16202
9772
2704
9373
3282
4765
17104
14808
2394
16724
2331
9035
14748
801
7283
9282
10896
7769
14899
14049
11552
5929
16946
10701
5145
13025
10032
7180
11446
7008
8886
5072
5111
2853
1516
13730
12402
13911
13295
16424
12440
4209
11963
15614
2566
12321
2473
12415
11351
13147
4728
7824
4245
9137
3902
9101
5592
10823
10098
5238
15651
10461
12191
843
16556
315
10227
11502
13991
4233
3066
13848
4932
9057
10994
8368
8371
16385
5280
89
13964
1474
11264
11414
1728
1453
5086
13524
633
4651
16697
16491
9344
2948
14617
7748
7388
5876
12085
3941
6536
7297
10004
1426
7370
3933
8977
10315
9310
16058
5869
12271
3547
11555
14302
10431
14144
4191
16515
2697
15940
1176
11482
2730
6339
7942
3808
13779
1465
3849
7147
7134
1099
13782
8534
9681
16585
11506
2489
12815
4463
17142
10947
12755
9709
15270
16153
2638
14482
536
2758
13442
13791
2698
6010
6651
14109
7760
10602
14641
3093
17117
10472
14031
9402
13694
5592
8843
15997
11196
13133
7101
1729
7013
10011
3300
7489
12228
6549
1742
10642
12246
16610
13495
7637
16207
11328
5923
1661
5202
16794
14962
13611
754
5819
16201
17216
2332
16777
3764
7572
11750
6338
1889
9111
10466
10506
13356
7053
2985
4704
7738
6623
17053
2730
9078
1929
14794
3310
13488
5216
11741
3514
13078
12554
16472
2971
543
1594
11307
15025
1882
8586
14001
15946
3665
10520
3861
7189
7730
2299
1395
16685
11327
2323
11395
770
8936
3982
4301
2620
953
9716
3212
5859
1961
822
10498
4850
5732
1177
14812
2519
4356
14830
3506
14920
13406
17255
6544
15258
8190
3031
3556
11860
10799
10223
12506
3675
1553
12686
15457
743
3509
50
12650
917
14809
13601
7569
8734
200
15328
13854
6853
15418
2983
4917
15287
7415
4476
12215
6826
7045
7821
14011
10328
1521
1084
313
10973
4222
11740
14688
9622
1852
9547
4058
5670
14183
3007
3724
11411
8198
11124
4075
13155
2687
7021
5658
13299
3898
215
15778
11174
8130
16184
2878
2389
10120
6068
6481
11198
260
10376
15432
1072
11981
14512
7310
988
13001
12424
8927
16634
9054
11315
6588
2168
13088
6089
8171
12808
11013
6956
12984
15339
12642
2864
16513
7192
16673
2986
16955
3693
14023
16726
1202
15660
16424
7889
10579
8884
1486
2974
11651
16934
8919
1851
13984
9435
7307
2045
14061
15821
7491
14491
1219
9569
13484
4123
4339
11218
8812
15421
575
2233
3434
8595
2223
5261
1018
14421
15684
160
16894
15275
12692
14467
3238
5811
12851
5560
7215
5105
7119
7275
546
607
15704
8389
5422
2153
1859
5406
11395
4374
1579
439
6106
16041
229
2271
3668
13367
11150
2084
12974
4097
11899
666
1817
5032
776
13454
8182
1621
15995
13979
16018
12698
5936
200
15502
3913
7898
1896
16561
616
15886
11068
5562
11451
1237
14480
5008
10090
1789
13721
2972
4071
16634
3126
2533
9295
3281
12727
17288
15333
6900
459
10746
10807
16523
1644
1230
5380
11815
5397
1268
16131
7840
13930
5051
12658
1853
6995
7708
8325
2727
15887
12940
24
952
9479
6041
1357
8910
4646
16195
14682
14280
1570
13112
9516
4730
4951
15719
16179
14414
4724
5061
5600
13189
14232
1120
8644
6862
15977
5109
10261
3767
17251
12711
11314
3182
6526
3214
5932
6742
2000
5463
3978
15696
10230
8865
4129
15392
4164
4863
7024
9391
16032
6984
2591
7518
5572
15845
16063
14304
15166
13794
9858
2013
16475
9127
7644
11079
1931
6273
8437
13231
8845
10741
11477
16436
16709
12133
17156
1955
1409
1137
11633
2035
2787
8964
7551
7201
12668
4067
10830
3519
8330
14677
13408
2967
14582
13784
5035
8939
1584
2318
3426
8281
769
8184
7251
13765
11599
16179
9516
8316
16869
7281
8113
14755
11103
2989
8337
13833
3250
2411
6192
15148
14252
2598
11330
5069
9902
8523
5445
4209
10531
11599
5997
8742
6903
7084
12158
7069
7230
11699
11651
15467
13185
7398
6555
10123
1672
2223
1932
2727
4837
16555
11710
14470
5197
16278
12996
11892
2156
14660
1966
8783
6456
1994
5846
5308
5432
5744
11257
10862
14785
14565
4069
8971
7345
16199
3558
14495
9786
4065
8567
1755
17005
16377
1286
10844
13004
7208
7213
9833
2134
11335
1505
1655
4037
16124
12896
9752
17223
11915
13614
16095
2501
13807
15252
11097
10399
7593
16456
10991
9656
1247
12396
12591
1500
11687
10664
8497
10319
3690
3843
1637
11661
15378
3959
2932
11376
6127
2740
8032
12675
12775
6917
4404
13629
12934
14102
628
8556
2436
13293
6770
11625
2488
5013
1101
11791
12402
3884
14202
12125
8530
6486
1998
5809
11523
3845
10205
1435
6740
9073
7855
4853
8139
4448
5717
10143
11774
294
16126
6545
8246
12462
13054
5617
5571
9498
16596
4642
3605
2906
1437
6465
6741
5919
5689
9537
6326
5501
4790
8098
7909
235
700
13960
6067
13858
4266
14518
4796
8248
16473
14866
3050
10235
13065
16703
7701
12259
5026
14338
513
3641
803
3610
12330
5980
5020
9747
2456
13993
11585
4243
15850
13287
2658
3937
16943
10275
11163
5492
9965
4632
114
13126
14167
781
11718
3551
15467
6532
16954
11988
6615
12084
9079
13241
12412
1304
13070
10249
990
7338
13278
12505
14098
10267
8263
4809
12705
14654
6328
9241
6785
17163
99
1867
6676
16703
8048
3526
16009
9405
8613
11484
7454
14460
11883
17067
6080
17299
13706
11968
10704
16032
4728
5492
1273
4247
11406
13008
15684
10902
3468
3873
11974
3615
14418
11943
2099
12097
16594
8535
14005
6779
16495
5769
9121
6430
14136
9853
6710
15744
13598
16136
14123
15123
12726
14642
2875
10077
7924
8126
9322
9019
9891
11117
8992
5978
16158
15519
1352
7656
167
10688
246
3857
1968
11139
7795
15235
6174
11313
2757
13409
9852
16911
14731
16108
13104
8972
13068
12857
12672
5294
1607
8035
17048
11930
2979
10515
4232
14324
12363
14087
5269
229
15498
15637
4310
1311
4052
5286
13562
5784
3516
16940
15258
2417
5456
1840
1087
10497
787
6884
5329
9028
2504
3560
1414
3179
3148
6519
11057
1098
8415
6194
3869
9171
13749
4631
11045
14684
11018
12826
3320
12210
521
114
14624
331
6579
4332
10201
362
16509
2752
16658
5876
10751
15657
16827
13214
16221
14042
8088
9884
10060
16276
4037
8818
13995
9818
14622
3198
4231
15086
4467
5425
3723
5232
5225
17294
10748
10653
447
8422
7322
13916
2173
5565
15889
12726
8053
12540
17158
15334
15766
12743
13262
10651
3465
5148
8593
12772
11860
6357
15110
14514
3532
9237
15442
11725
1230
6546
9688
12848
1488
5535
1257
5652
16442
5707
12140
2108
950
13396
9858
9403
5820
4062
5536
13665
10160
15980
2910
6775
10145
2944
959
3959
7371
5853
14272
16847
15140
8292
5656
3376
1650
13351
1533
12906
3108
14193
1663
7789
2111
14606
13505
4722
1630
12284
1154
7872
8313
781
1476
14587
7719
2347
7108
4677
15061
16381
375
5132
3436
9876
13217
4135
5723
16308
13991
16081
11906
3425
294
9001
1422
9920
1285
14692
2649
9761
13647
8021
13936
12235
15698
17262
11215
5358
13116
7201
1801
15941
227
4641
6246
9918
8354
12700
3072
3605
749
7868
14820
9691
15262
13596
1437
3720
14322
6372
11712
17068
4062
9526
2082
13631
7260
258
716
6743
2444
13432
15235
13782
2569
4104
2624
8601
11357
5023
3203
15432
10153
10106
7571
5126
3033
12444
521
14232
5883
11047
7085
3927
6942
14509
1977
14777
6870
6614
7679
15125
10284
10566
6898
17203
2733
2323
3846
6354
4030
703
15891
3043
16636
5431
13099
13152
13615
8516
370
3680
17047
12530
9184
4144
1573
2348
1405
4723
463
11766
7842
4268
10562
8851
599
6006
7460
15554
4212
940
6946
6065
6869
2827
10750
1530
5310
9858
11454
15201
5149
13041
2529
11472
12796
11782
2979
2168
4573
5753
8134
10001
9221
11999
15906
4853
8071
12375
10935
10868
175
6853
16411
15534
8553
3730
10780
11536
16295
10496
8388
10950
11207
2819
16008
4805
11493
2418
7640
11631
6039
16179
1513
12082
13899
9652
3675
101
12411
4840
15763
692
12859
14988
1912
4217
7338
34
11867
5808
13843
15874
15702
1805
9679
13627
12617
7997
6654
14181
4643
14246
17286
4098
14877
3041
5467
16065
5483
1343
12155
5896
11669
8463
3966
14962
2032
2702
9965
15834
7486
11722
13489
5948
10607
6294
14
4133
561
12038
2742
10846
16035
3662
5308
7586
4787
8688
4525
14548
10695
6533
16130
1593
5046
8679
2462
1403
12212
3251
10190
2988
4061
9351
5845
1574
11531
17088
6457
458
4295
15135
9166
15072
10653
3301
11034
3807
11110
10747
7190
8828
10734
14632
7434
7880
5677
12590
2103
9665
8447
10193
14177
152
9002
9873
2323
9251
7499
6312
7464
4606
5312
12556
4253
968
16261
16904
13088
6769
15926
3354
10847
623
13530
9098
1606
119
12099
12173
10823
1836
423
16875
8010
9067
4815
16637
12149
10146
14782
12522
6556
7981
1459
16373
3050
4043
9769
14285
9826
2403
10231
10141
994
17171
8650
10259
8836
2850
3806
16065
7127
10900
4210
3034
14338
8335
12638
4390
3528
16793
9420
12428
10658
1704
12439
10962
1346
5645
2313
6544
11979
4545
16254
6459
15051
14752
2564
4014
7086
10825
11761
518
11295
9075
15165
5915
11618
1790
3009
11266
11139
13274
3221
236
5267
10131
9041
6366
1714
202
4108
9846
9461
7284
6356
11761
12566
516
10259
14920
1458
4825
13005
15299
3331
6720
9582
10072
1994
1231
15989
2125
8135
13467
7771
10408
2251
2593
9658
9866
7863
14280
13465
11931
3185
7207
15668
16569
13185
14791
555
2604
4702
5654
13414
8507
2976
4669
8839
6667
16606
5523
12374
13505
7280
2536
138
13335
15446
1440
15016
16442
13252
5785
6653
11701
3839
9205
11930
16802
1998
2950
12174
8180
796
5165
7756
8204
15566
2560
13122
13928
9149
6460
16501
15744
9492
3683
9669
15058
11763
14004
1439
4098
10727
2168
16902
4057
9082
7173
4395
14630
4707
4810
15379
2280
3477
3083
11699
12659
514
7077
8236
3178
16185
11795
13235
7046
16658
16485
8347
17050
1809
6000
8480
10276
6973
10064
10007
10288
4831
7361
7960
2407
10679
15738
10411
6110
6260
8429
13846
16620
14827
15396
13079
15095
12682
15730
15487
68
17106
9828
9185
7812
9607
3310
772
10377
16412
16938
10925
16913
12603
9520
12486
9686
15532
8555
15655
1190
13724
14289
3310
9219
15857
1785
15990
6473
16983
3524
15179
7235
6167
2746
14267
4100
1772
3010
5068
655
15642
16941
9272
8185
12833
685
2088
12054
3354
2696
3121
5098
9584
3733
1457
5585
3824
10079
10562
1515
10238
9155
14351
15870
8643
13033
4426
2997
8198
14274
6630
8568
15802
12758
3665
3135
8384
8286
3582
8456
10563
9213
6870
7028
14241
6630
15044
15400
1633
8123
4278
1249
13196
13264
11342
1236
5646
7266
5367
13734
317
6042
3192
11212
518
2825
10144
16997
16132
1528
5188
1011
11700
6613
2492
16174
3152
415
16942
5927
6991
991
10040
4186
14193
2336
6353
11042
9826
9813
7152
10527
13935
16350
15016
7854
12034
632
15395
6972
14126
12247
14402
14518
8181
30
3299
16333
16795
11754
4752
14937
2873
14894
11431
12542
1220
11766
11638
8208
16035
9107
9584
3636
6822
15970
10003
16171
4108
6769
7852
711
14393
15286
10962
4912
2427
14226
703
17260
3418
2334
1790
15366
11618
2564
297
2354
9762
11625
12584
16448
581
2881
6654
2002
15795
10866
3321
11037
9599
15772
16042
13379
2575
3457
8181
15195
16309
2616
14970
15640
10065
12499
2333
8950
5278
16209
13992
3766
39
14487
14414
13793
11292
15521
5769
12548
9490
11935
1620
12464
12451
10997
1916
9363
437
15047
15478
12062
12208
7326
13478
10846
1458
9393
15288
13657
13550
16800
13608
13264
13918
8466
10526
4026
1868
14179
11711
3294
17085
4922
17258
11906
13310
1888
10136
8525
229
8733
8324
16284
5011
16662
7750
4623
7060
6133
2695
9990
15009
3998
14817
10988
1490
12065
12433
6127
6010
15345
3239
17205
13408
10328
12189
9020
7853
7647
3114
12983
12541
8414
2790
9744
16937
14174
14371
6370
10576
9056
14185
9084
419
12695
5641
3297
13640
10574
15907
11556
10757
4546
832
10227
505
12061
15990
5250
11536
5911
15504
11498
14110
5670
1165
15679
11879
14537
16320
5720
2681
1239
821
3699
12838
16493
4329
11401
9965
1917
7686
3996
15801
5726
7259
10486
16731
7677
8422
1077
5764
8003
559
9948
14107
15328
2366
6424
17253
4672
16551
569
17042
1460
945
5226
6190
14682
411
5430
11073
7568
4690
4844
11262
12374
7909
14800
1204
1695
463
1451
6389
9669
3774
10580
14788
10660
2658
14512
2171
16127
1564
12293
1475
10612
12391
12320
1696
6699
14490
15311
5302
7962
16225
15629
1503
16244
9463
9801
7857
16250
8832
9115
583
7773
10242
6483
16658
13002
7539
7656
10578
4472
12042
12316
210
16720
1847
14674
4833
10714
561
6235
9940
7543
9427
3959
12756
6273
16321
10543
8656
13338
10715
7256
15797
8509
6953
14682
4204
3817
8720
11850
11061
3893
14461
11975
7344
10222
15876
13345
10376
9132
10792
2047
9822
6782
13236
14506
8301
3829
6529
16494
1172
7172
16162
6711
7979
15775
14911
8475
239
1125
16466
3215
8358
15378
12002
774
14381
4639
12694
7173
6918
7350
12152
89
2694
1383
332
2682
4831
10971
13116
14899
2661
8533
15890
6572
16434
8961
13700
17246
10245
6304
15252
16870
17058
12746
5844
6033
12674
16333
3536
5521
1580
9304
545
4076
14014
17271
16270
14798
7237
6231
7300
5376
6962
11512
7114
10420
13213
5502
7326
2656
1078
8905
9280
15565
1480
2883
14461
5186
7100
7755
12506
16096
14436
395
3022
795
13084
13973
10972
8568
15829
4485
1462
6214
10482
5674
1178
5098
13224
12943
7286
15624
5617
13098
16184
2440
555
6767
1849
653
6145
15399
7307
2647
1915
1869
9040
7460
11038
1368
11351
3016
1611
12652
5402
13710
4963
14492
12979
5719
6728
14918
4912
6672
16316
13347
16257
4040
15902
9075
13296
2876
7433
4757
13994
349
14063
12985
9187
9230
10982
10472
15254
3808
3120
16981
7399
6378
15037
15379
15159
3106
3712
9453
5973
9512
1528
9609
13131
4251
8357
8910
6971
10273
1078
716
2312
13848
12429
11615
7067
12107
3732
9446
3196
7764
1752
15484
14003
11649
7305
3391
13005
5569
606
11564
2610
8607
1074
8615
5218
9382
8516
12821
2495
5538
7240
6985
11983
6350
999
2591
8214
7866
16253
9246
11204
10851
10653
7359
3942
16681
14868
4482
1042
8346
16332
6188
5168
16853
15997
4420
11447
13028
4021
7546
15552
315
9100
4412
13652
10190
5274
2012
7451
2290
10882
14580
12292
3602
15793
12771
12129
411
9957
922
930
11982
12313
116
5144
13799
6887
1348
10445
14337
12979
17024
16942
11389
15179
13824
14216
6679
120
15129
9152
13128
16788
614
12286
7833
3509
3988
9546
5306
18
4344
15777
447
12874
14054
15916
14287
5742
6924
1302
16745
12199
5332
13202
13060
2341
15937
6153
14212
8259
8352
1785
6498
3541
15846
2231
14188
8050
13575
12405
4594
7367
14538
14622
1680
15558
9382
6217
13755
13177
16802
7243
9819
8690
9664
5422
1002
5038
951
7170
463
10365
15650
7085
9760
8291
13980
11792
14936
9529
16006
711
9585
13765
9060
8918
9028
12068
3399
1138
10940
11185
4983
10570
4476
3724
3709
6962
6388
1208
2014
13206
11614
12741
11382
2649
9838
11778
17268
8359
10479
2932
13646
2724
7117
1725
4613
15854
9761
1797
12653
3234
3673
14119
14417
10288
10082
6544
5161
12397
9931
16117
7683
6037
16754
14405
7761
4509
10732
10813
11518
15292
9286
107
4656
10555
12660
15388
11123
1036
6551
7544
7020
16416
11425
3054
2355
8705
14739
1545
5563
8788
5188
4385
17275
2960
3494
12139
16416
4854
14962
16413
13341
13715
601
1607
9598
10317
138
60
9756
8976
4318
17125
12013
2299
2889
4126
4092
5912
13959
5413
4207
7214
12845
4387
11692
13255
7247
11568
14557
14277
14451
4901
13904
8457
5451
16328
3684
5757
13444
7079
7358
12310
2217
3603
2605
7698
16791
15218
9923
10068
699
7396
14774
5990
159
17133
12911
15866
5903
6916
2611
8757
17154
4398
7953
2497
1430
4588
14654
14684
8344
7075
3314
7907
44
5601
10974
14623
1808
4232
14958
4451
16058
690
16651
375
9150
2038
7271
4100
7687
7415
16784
8409
6184
2870
9454
15020
15361
12350
14623
14975
8004
6555
10023
6497
9293
5917
6967
7883
4356
6873
11250
16787
12169
4804
2715
3166
9160
14658
13699
12709
9251
1505
7199
15438
684
1040
3132
1835
7637
9903
13458
4121
3960
11401
4510
6760
9247
9001
14968
4425
9305
6202
17062
8797
15202
3317
12675
4728
6813
16749
2604
7669
15731
10956
7136
12434
12347
3650
11549
11152
3755
7504
7946
2900
64
12577
2077
8137
877
3105
7005
12084
14790
16718
8703
6913
16253
13699
14181
6303
16993
15842
11103
2937
5420
13772
10000
14227
9098
1565
5480
16914
14512
7678
3035
961
6307
9294
5948
13832
5672
16533
16015
13880
11849
1753
7499
8921
15760
10590
12998
10583
14590
13286
2174
8287
4848
1892
8668
9092
13860
4771
14118
14928
2917
6141
9612
5155
4711
4138
918
16321
13263
2278
10078
16286
3739
12449
15935
2463
10948
1065
1349
12713
15341
554
16614
16734
7300
12844
7561
10765
7795
14447
12498
12458
3168
12290
10709
17031
8373
10742
10906
10470
3500
14671
6366
4144
656
16335
14682
6262
8651
8754
15181
11850
1627
12380
14309
15485
5553
7890
1578
6507
558
6868
222
6442
14033
2313
14224
7347
15285
6013
9271
5961
13725
4532
5806
2791
9898
2539
4780
10636
7771
13046
8521
1004
14099
1946
8819
5382
7120
4253
10145
15959
16786
10754
6472
15281
15658
8602
3071
15573
12685
14212
650
2072
2049
15103
16332
15639
13734
7441
13382
8454
10156
3327
2367
13448
9730
13931
16179
8553
10300
13526
12445
10047
2527
15090
9377
15577
3130
734
10777
13804
1349
9202
5902
13613
16451
1685
14926
8522
16775
10287
13475
1040
7992
17084
13083
13129
14366
1455
1405
11597
3449
8884
162
13192
11734
6945
3351
3450
13101
13429
16909
9502
14334
4134
17241
11562
11276
17063
7871
2641
649
9637
14926
4771
12712
2677
6540
8029
3966
310
9036
4993
11391
16142
11443
8551
14915
8748
5493
13606
13669
16627
3117
2300
12302
9929
14095
5323
4721
1212
12317
15253
14951
9609
7163
6476
6745
3336
13789
16127
3087
11635
9839
17251
7454
11153
16146
10662
3723
7738
7289
5840
12002
10663
16130
2282
505
13152
175
14592
15747
8015
10131
12433
4226
8241
8754
14368
2726
11634
9539
7247
2670
13523
4957
4298
17116
2439
4571
10443
5474
564
11716
6106
3195
10764
9079
1669
2055
7208
7766
10684
2913
2871
15148
8668
5514
3278
3189
14484
12910
3603
1976
610
14908
3701
10223
288
14401
11529
6827
4322
7846
10967
13210
7508
9968
1050
5350
10487
10690
3474
3101
1696
16805
11204
1489
13841
5334
3881
14438
6618
11525
9419
4713
9035
10149
2261
5965
15337
16724
14979
17093
12070
8132
17088
2596
13320
4552
4150
17270
6847
3425
8529
1878
16605
7725
16162
8988
998
11572
14090
12804
17105
4284
826
75
7797
2732
6920
5972
4999
8061
2611
11071
9406
2722
3464
6713
5242
5465
1049
11753
4171
7593
2109
3458
5933
2317
3676
7782
4342
16786
307
10843
16041
12111
2352
16957
13830
12740
1312
1523
7910
16590
2494
7260
13839
6489
13989
6521
735
196
7041
1864
7696
12392
4571
7776
14661
12759
5512
7455
4509
827
3932
15936
10642
12469
7953
14057
4444
6953
12452
9358
1990
5977
16550
6236
9503
15730
9816
2758
11674
10592
11266
15952
874
1106
1224
12748
7347
9232
8592
11935
14262
13469
3310
7021
4758
8243
9573
11896
3929
6425
16915
16066
14279
11149
14790
16962
11422
6466
13964
14208
13113
6359
10731
13227
16236
1726
10440
12305
17099
15713
6791
9922
12194
10804
12688
4933
10288
1807
12009
2460
1351
8432
3631
8703
14532
4613
16555
15405
5964
16556
9309
12444
7642
16460
17173
2056
14468
463
12428
263
3391
5836
4916
14114
15868
13819
9004
9859
1018
10120
13117
11837
1701
4963
11278
513
4595
16314
13428
3469
9692
5875
5656
8719
5619
15545
16357
11005
12341
15695
6448
3398
9903
3507
2678
8673
5582
7128
16054
11955
12638
3789
10468
15020
15089
12448
15831
2248
6724
9530
17295
4262
929
1335
6076
16695
6553
3811
6723
4883
4333
8802
4084
2648
10858
15115
5589
4691
14135
5665
9104
15389
12818
16011
2928
586
3338
4128
9541
11755
1625
3357
9779
5626
2505
13066
7517
13669
11227
16996
13756
16106
12512
5137
11866
8263
14545
1807
485
7113
11182
12344
1149
5573
5918
15172
9928
10693
13219
6389
10573
4389
12544
6709
8747
12601
11287
793
11812
9579
14120
7711
6530
6946
11911
11271
3688
9616
6650
16439
8596
9696
17046
10177
13340
11642
8659
12475
4894
13045
7363
15263
2714
11818
7938
4815
6495
15865
8005
197
7240
12967
2608
3841
15581
12893
16787
183
15267
8237
9858
17133
5406
10890
3711
2908
12850
9792
4792
692
16433
10983
7621
15218
14238
7994
8180
947
3116
14375
5566
3037
6543
11084
285
3026
6557
9845
12961
4922
10311
13103
12250
11537
8413
7134
13793
3925
4815
15629
772
17000
9899
16431
11340
8875
15752
6350
9669
5002
6361
2410
13415
9864
13960
451
9452
16022
16062
5727
16257
13673
628
11462
14671
14202
14816
1270
14032
392
3447
2027
8443
10641
6063
10608
6082
8099
9684
13080
13024
6755
12414
1650
15908
232
2118
16063
11089
14232
2898
8514
9973
15837
14050
9695
7817
6984
13811
4805
16093
4313
14586
3361
16584
6660
7199
5087
11096
14403
1605
9378
16375
9012
8503
6089
4100
2413
14463
16847
7306
16142
1802
11394
6787
15270
8670
17158
6012
9067
6139
14203
11579
11936
4816
4382
13929
15489
13212
10681
13705
13629
1038
1763
9043
14759
13505
11340
10352
8569
12435
17083
12483
4908
14404
5279
6310
9358
5550
4333
17275
16341
1780
8448
10436
10547
2602
7309
1046
9690
6202
15658
8943
11610
11664
5470
8735
2688
8260
14226
1743
2342
4981
2319
5193
12200
813
15680
6637
14991
9203
16679
5110
2455
7572
124
12052
12389
9652
10937
4561
8980
7822
10026
702
6288
812
6002
11707
16444
14879
12998
7258
5003
14305
8866
2112
8821
3264
248
15923
14730
2829
4467
3220
11102
2338
3741
16488
2288
12339
12342
2753
8201
11615
8914
5118
10747
7337
8846
146
3298
4047
11027
17251
7427
12037
13477
12465
14013
6812
1968
7988
706
6409
15856
11576
9155
4129
5997
4044
11815
16555
10080
469
14358
6326
5979
14855
3063
8409
8308
8811
10125
12219
11279
10370
2262
127
15489
1782
6179
8833
5643
1942
13294
8954
16766
9782
11510
5227
10278
2701
14766
12778
14746
7391
1490
4739
9021
12095
6811
1718
11768
15414
948
7406
11828
4938
10946
1804
16921
5435
14249
229
12932
1869
9885
360
4709
10391
4997
2524
12936
1238
8430
10901
15965
11889
689
4229
14397
2591
10212
6814
16150
15592
962
7563
1605
12133
2195
4842
366
7318
16114
13858
8550
11189
15813
3459
8856
6362
11378
13215
10402
17186
3774
11571
8132
16400
16198
5979
15524
540
310
1398
2733
7124
13659
10463
400
15759
608
10500
11334
8990
2464
1866
2461
10720
4164
3682
14941
1145
9198
7009
16630
13379
7359
4345
4992
10295
16511
13655
8847
2131
11762
4989
8065
7618
14008
17222
9285
5463
15676
9711
10911
13672
16143
11572
13436
14835
9496
12477
3502
13611
4278
5605
14504
13453
7142
11495
7635
10426
6644
15944
9837
14736
6748
2688
1230
9208
17001
1751
9356
2881
8505
7505
10317
716
1130
7859
11233
13363
8244
7002
16139
5831
2567
13270
17222
6624
16900
13972
9475
1613
5158
6703
11036
12698
13618
8529
3059
2393
4686
9460
848
12638
992
2533
4916
10663
16631
5942
4
16491
9528
14967
649
4177
15573
3337
12126
16868
8191
429
12572
16263
14299
7967
16878
3208
17015
7120
17095
4476
8004
14440
2981
7893
9134
6495
8636
9710
13940
1504
10192
10624
1622
11697
254
11082
15016
13114
6381
11825
17063
17192
8503
2176
12098
14139
14492
1296
16794
8851
14959
6698
4858
16038
195
5655
11096
16303
10052
9200
923
13432
7269
1666
8538
920
16291
5198
4614
16438
13288
8345
9616
16407
1218
16352
3984
4692
4695
15610
2023
10280
613
7
6387
15589
8773
572
1616
10029
16696
13702
225
3383
16356
3919
8319
11112
15379
14654
4169
15896
8011
705
5218
496
499
14473
16147
9421
14049
5574
7834
3343
12684
499
13311
12706
15996
1424
5807
9852
595
9249
15522
3843
833
3444
11945
11294
9993
15293
7493
373
9551
14891
6128
12632
11965
1577
6560
3762
7700
9084
10187
12138
1854
7346
14993
11853
8778
9848
4064
17069
3320
4908
11918
919
14686
12365
4953
12627
12333
11561
1073
565
3621
16236
10517
8865
13876
3831
15751
8898
2444
12836
6182
7223
11546
17169
9989
14343
5750
1056
7316
7808
3250
6188
12082
6132
10264
14517
8889
15983
8275
4717
11623
11604
1630
5640
618
13782
9043
13748
784
7575
4970
975
7075
5366
12764
13158
12708
12339
7846
16806
12876
10015
2277
2543
6941
13843
14704
8703
16565
4895
8079
7763
5083
16329
8767
4365
16445
10876
4601
740
13405
9385
951
9538
12345
7726
13732
6888
14422
8388
3714
5003
15817
6073
12997
10737
3343
8364
13723
5378
9503
1701
7342
5460
2792
12953
2140
2204
4866
13978
12164
7406
4838
10655
1356
1692
13123
15257
6972
8011
6592
789
7234
1255
8382
2227
5166
3775
3674
3400
15679
4485
16493
1504
14731
5753
15676
7064
14519
11350
11494
4828
1286
2242
388
14430
9442
6581
8603
9988
5837
16552
2120
16892
15018
4770
5561
7463
5283
7231
14943
2107
2030
7714
4410
2262
5590
6273
4964
15585
10436
5618
14288
11456
5650
14769
6332
10306
1149
8432
13729
2755
9639
2396
860
15966
16712
1372
6651
13611
2571
1706
17096
9781
141
2025
11496
7121
13736
8454
2038
2746
12419
16848
2892
12085
10399
12768
2130
9880
2970
16952
4909
6534
9995
3713
5814
17032
272
16664
12114
4494
9126
10749
4861
4600
8135
7984
12590
14893
10398
8655
349
7463
16053
11290
12167
13683
6636
14214
2240
11277
5673
5073
16185
5548
11639
4664
2068
5872
12246
12111
3462
14610
5827
5322
3882
14073
6299
1970
16452
10447
5062
989
13694
6152
6545
8330
9129
23
1571
13235
659
3232
1240
1231
2059
4780
4612
6307
973
15767
10506
8725
15251
6729
11582
502
3211
3757
15339
14410
10767
3474
11110
1306
2947
12713
14339
9274
3199
16568
12519
2292
10669
12009
5016
3458
3173
10397
10738
16212
9140
5217
1873
3884
16503
9232
16960
4812
14543
16231
2015
671
10909
2481
10655
3986
1891
2795
478
17212
13819
10759
11115
16012
2211
3138
13160
15783
8230
16833
8606
3317
12047
10272
2134
2891
8291
1081
5192
2126
15211
6037
6996
8107
1343
14309
10298
6756
14861
7223
9403
9438
11686
4844
12459
13646
9489
9402
6361
7553
10435
9769
5124
6939
1963
12252
12046
10
3640
5996
6656
7414
7479
1604
16506
10085
15161
10471
15033
9523
14307
15205
10691
13146
18
1854
13102
1093
6991
5597
11729
11277
9035
15597
2355
16747
13880
8284
11562
16541
4835
4340
3883
3722
15767
5430
3310
8159
2615
12807
16070
14237
8798
9810
1830
11256
11225
10066
510
5316
992
7642
12902
7125
15530
16113
912
16440
4050
7884
12714
8542
13245
10562
8207
6807
4974
17154
7845
4395
12564
16499
14060
14938
5464
5414
11205
8875
369
13412
16144
17099
14095
12427
16016
10291
17263
16002
12034
10391
1461
16876
3846
13344
15924
1132
6128
6347
11381
5788
7271
320
5108
482
4889
12069
5454
13188
7665
9861
17278
8535
12005
15111
13956
5892
7601
10266
2887
11140
9900
14794
12243
14905
15814
14496
4299
11587
1363
9682
10403
16868
10889
9346
7404
16469
14904
15422
11381
13572
6933
5992
10045
17003
13993
6729
15291
13224
643
4845
5325
3597
2892
3948
1097
4965
5250
4809
7124
4359
16889
2186
8023
16611
3619
7801
14609
1445
16933
12702
5357
12345
2353
3437
15844
6570
1993
15031
9432
11645
9901
16594
15739
4430
15002
12058
14111
15953
4654
4759
13044
2875
15793
895
12982
1167
11638
14092
15741
4671
13935
3425
8004
8975
16480
16789
11685
13428
4743
1886
8854
4887
2200
8155
9112
13539
14242
5506
4372
13032
3000
7511
13384
16713
5472
9051
10113
2475
299
11250
11951
13347
12516
9207
8967
10788
565
3714
15042
4715
9062
2842
14244
3446
16713
10097
8783
14535
3828
2007
10760
5652
9516
3816
13155
8553
8408
6108
1218
6399
8070
7089
16089
124
5174
8174
14194
6098
11383
5061
6087
4551
15005
16637
16863
5374
13439
11572
6341
1159
12246
5463
11723
2597
13647
3954
8078
4666
15450
11756
7922
15196
3466
5576
7172
10225
5129
10323
9065
14858
4952
12784
14050
2094
13295
6226
970
4761
5880
16485
6529
13492
611
5423
2076
6671
13660
5268
4316
14439
1116
12259
1189
10044
3631
15964
14799
16817
1764
3669
7715
5282
2882
15919
8215
12001
14535
5900
4529
8013
13469
3733
15824
1863
156
5916
3386
6138
14771
7567
11022
11226
2426
16346
6504
4019
7774
7295
6708
5018
14722
6014
10196
6264
12397
1585
7737
10451
11213
16592
1657
539
9428
4485
12635
12111
125
11781
3612
6276
240
6787
5412
3251
13883
11123
15505
1897
9619
11885
14735
9389
2013
13678
13424
10176
5266
10295
297
12065
16452
12060
855
2200
11544
43
7207
9589
8730
10916
12686
8925
14011
3344
607
5661
2467
3282
3661
8868
1553
11599
6262
324
2090
10736
415
13451
16992
4389
5328
6637
5837
16306
14175
1232
4481
12374
11417
8155
6261
9035
4907
4225
1584
11994
14758
1343
7585
161
2437
4476
4036
2479
9748
10385
13438
15996
2020
15472
17212
1347
14473
15049
15781
9314
8513
1878
2826
2825
14497
14439
13845
16173
8144
6993
5279
3458
2969
3835
1923
9059
16493
3382
15551
7253
7498
16397
2392
2824
1853
12609
9401
8921
2248
3978
1259
6668
3682
6256
16492
15201
6746
14472
15015
11368
53
8555
10166
9746
8992
16371
8953
3444
9756
11727
5102
10677
11600
16939
5738
1951
1314
16647
3902
3861
6149
1070
17260
13414
14376
10625
7756
15181
4808
12374
6274
4776
5286
3293
17087
4156
12966
7488
4834
11833
2087
6648
7129
16561
4720
9255
13347
9095
12592
10709
2117
4175
12348
13714
15050
2424
9023
4143
5356
993
1521
4920
6391
13646
9912
7198
9823
1183
14163
14559
156
7500
9509
9641
4029
4812
4842
16321
283
12115
2614
13863
7264
10043
13248
5264
8262
11471
10722
13694
16820
6796
959
14481
3869
2683
6457
12507
10655
15294
3137
12254
11512
8182
15828
4141
5225
16512
1276
16586
14390
4030
10025
15246
7170
11792
4075
1458
2410
1335
11957
14510
6873
1069
15001
13495
7995
3063
4410
156
11657
3816
15249
16617
13856
11798
14333
3377
12789
2201
2345
3199
7618
1736
2736
3492
484
4509
3703
11152
8519
12997
323
2768
6993
1613
2502
3825
15294
7375
16461
11232
13051
6755
11547
8140
11326
11440
13748
5277
2261
1223
4102
520
5477
13614
9495
920
9941
16743
11449
3808
10952
4896
9096
8317
6795
851
8964
1911
16897
6063
11469
3731
12850
8550
7359
9711
10629
16670
10585
15515
7308
15056
14632
5178
5131
3516
12629
16902
16333
9028
16841
6726
4325
8921
1982
14558
12130
15974
12740
14447
9172
2997
5426
7751
14902
4452
13925
11400
1703
3348
13083
12461
15431
14511
163
1090
5698
14190
5974
16538
7663
15126
11234
13422
5733
11758
4671
13056
13685
3632
14924
12357
2423
38
4298
7076
9769
2564
4410
12200
7508
3750
8985
9618
4944
12790
6876
1407
12180
9478
2692
2905
10683
15412
14177
11667
1992
30
16944
14191
8647
4085
15517
15894
4677
1498
15264
11801
12787
12809
1853
10482
4527
12001
15305
17289
2494
5835
9718
1824
11389
15049
9339
11699
15859
13047
11423
15803
10781
8136
9452
6978
5759
10989
15860
14396
14585
7419
10589
471
7766
8783
808
1520
6294
4576
2744
3979
2679
7888
11133
9349
1227
165
7625
6750
1943
140
11521
1880
4306
5150
4978
15065
12579
15870
6670
10149
12460
7893
12123
1480
8933
3196
12107
14361
6254
8467
2377
3626
12097
434
10018
10335
1274
2921
11598
13196
16092
2427
10172
12382
14174
10886
12489
8184
938
9666
7633
1740
15478
6431
11353
14967
10923
17066
10260
10677
10345
12073
14827
4593
5396
8597
10908
9168
2720
12347
14855
14676
3777
4028
4832
2904
8954
3161
4457
10596
5942
11013
5360
16430
4968
11560
9162
6755
13274
3607
16581
4896
9135
12793
15275
11405
11520
3399
12993
12190
7327
13862
15903
3106
6252
17148
10216
4612
1676
16334
605
15963
2042
4810
10815
478
13378
7361
16415
8235
12044
13086
15720
16485
4396
14502
3249
9943
10036
7546
322
10100
4809
14587
14572
15857
96
15924
15344
4413
7167
7172
15245
11615
1402
16267
10577
806
14162
13328
9044
5456
4156
11138
15310
2315
15033
13095
929
12100
824
16134
10289
11182
13764
12194
3115
6717
4647
3824
16178
3611
3375
16807
13353
2983
4185
266
7520
5245
10984
1041
4681
17144
13355
13238
13358
5981
14472
9604
1145
17262
2005
12059
16444
7690
10287
11525
15011
4150
12107
14136
269
2077
3516
14316
4328
5276
17244
3245
16967
3259
12992
3929
7987
6145
13761
15561
4665
10552
6506
15968
6280
3146
17248
7404
342
1716
17270
5574
7102
4004
10148
1744
7725
433
16142
1793
2489
10302
13367
3348
1377
6820
7799
7614
2864
16856
12372
16616
14736
3407
11623
12310
11063
13222
7552
1320
314
13364
7185
1611
2177
1319
10550
5503
8957
7912
17205
16675
9853
234
7952
3531
704
11619
13955
11633
6888
9395
5669
2093
12736
3471
12546
14304
6680
10125
12075
7042
1266
13511
13413
4757
7078
10277
15843
4996
12192
5176
10872
7235
8576
8328
2716
15267
2055
9596
15129
6575
794
3524
10685
11188
5404
3209
1975
12078
4975
7251
13481
3053
4364
39
10462
12175
6996
9822
6839
2390
6686
13662
2028
12291
1813
16273
8539
8742
16402
830
12070
12474
2169
5745
9426
14537
9866
6414
10881
2293
16990
272
7048
7710
6764
14697
9902
11327
964
8660
8123
3968
8888
10772
562
14655
13436
2575
829
1042
15795
7425
14111
1211
17138
9954
15562
8590
3712
5355
15498
3114
6417
10100
2093
5597
14418
15310
13883
14352
3216
16605
16666
17258
3522
16770
9080
1576
12393
15028
9333
6266
1274
16714
3227
14664
14660
3492
5316
1241
4923
12828
11927
1203
8536
16371
6290
11622
11758
8427
6553
7009
11183
3263
520
1813
12904
581
10446
7275
14878
5968
49
16265
12800
9152
12375
736
4986
4253
11358
1786
13712
9065
11208
16374
1216
14831
11866
12072
1152
3640
5134
12824
11496
10056
9840
9935
12069
13960
15166
152
3179
17191
12335
9849
8623
12865
2248
14106
15362
9964
16032
6693
8
9798
6862
9410
11716
9594
4724
12333
9466
5230
7994
8212
6768
3022
8302
14069
14801
13735
8314
16979
7254
815
1450
5227
6518
8833
6232
12692
4105
2624
17167
11921
9811
17155
7014
5075
16766
4418
5646
15764
15256
13832
9316
4041
5813
14216
13246
11801
15238
10795
6574
10375
3594
8036
7096
17058
2883
12502
13240
9253
3556
14023
13344
4697
13986
4237
1897
7287
4096
7319
279
4048
9003
8066
6432
2682
13371
6204
7384
4481
758
1989
9019
10571
4709
15862
1705
2470
14378
14067
2449
6511
15287
4291
12659
6610
433
7939
3467
7981
5041
1729
4353
8706
4814
4785
2884
11281
14354
13792
7910
3927
5815
9693
6298
12596
7618
6592
16450
2930
9743
5076
7230
800
13477
6529
1860
9454
3425
12347
8425
9571
4747
9456
14620
1828
17103
1273
13899
12430
11326
6824
1638
9604
5225
16595
6491
9375
14549
9645
17277
7868
9758
1500
4523
10018
17013
2482
11658
10005
3111
9998
1228
11422
13369
6340
4809
11443
15003
12225
2480
12295
8310
16126
15984
2066
5705
13565
13375
7469
3620
12028
5442
7690
16924
3622
7784
6536
15520
15740
2737
14048
6757
15340
9046
1813
13333
3849
9024
6638
11835
1811
6916
10022
4884
12965
6177
9556
13531
12103
517
149
806
13142
9410
6144
10930
3458
5874
14270
3439
9305
11898
14645
10268
8141
14116
6055
8008
1055
14905
13916
13548
4926
7480
9898
17224
16106
753
7543
1047
3419
364
8985
4284
14972
16224
16967
16907
3389
6872
13305
13914
16003
906
9399
11713
7696
7117
6509
7134
5111
9266
660
8741
4691
12844
984
12166
1965
7863
4394
16984
16248
8631
15447
7255
5107
17078
4968
11885
7003
8053
3434
12853
5839
1836
13526
37
7559
11690
7469
8396
12081
5296
16405
834
1002
10949
5763
4550
9430
13198
12341
744
15728
3525
12769
16466
4546
1331
7894
8477
16052
6293
479
8420
761
8866
6901
815
13267
2266
9750
8383
6663
4028
4277
10810
9114
13391
11912
8766
13250
9346
15912
7214
5075
10882
425
9232
4531
8216
8631
2445
14878
14146
8818
10207
9248
14468
7314
11635
16480
12337
1283
3703
14330
6677
3404
2021
2166
10829
5969
6146
9467
7186
1623
8309
13175
2419
12023
5629
7292
556
6132
2882
16333
13359
13367
16757
8068
12356
11161
9406
16407
5092
15545
15286
16498
15581
14286
579
14081
1758
12168
6195
9229
1433
12307
12698
12896
4982
373
8693
8329
3736
3211
1767
4091
2879
15501
3632
14873
8846
11736
10583
12551
9811
3283
16096
14762
4017
11348
15185
4312
6966
6444
3054
5413
9475
13808
5323
12708
11080
349
5237
13572
9224
6031
13679
7974
15551
9364
14994
17016
8534
14567
2607
7013
15745
17204
432
17289
9855
9593
15068
4782
8754
2752
1396
8700
11226
9615
52
12137
11930
7577
10922
11173
4818
15150
15165
10429
6587
12521
6694
15328
16190
13417
12713
13909
12740
11304
9765
15089
9474
16647
3361
9426
8727
6010
7393
11421
4610
11531
2255
10400
5764
8189
1711
1586
16662
15499
14341
16285
14045
11110
14104
3818
10224
11368
3101
8590
5618
3997
5903
4545
16492
2534
244
14955
727
4323
2041
11755
1229
2672
16885
17189
10128
10813
1421
13955
15535
10458
914
12235
2025
6214
8714
8705
13123
9919
15575
15208
3569
13276
7429
8745
13377
1895
634
12043
15392
5414
491
16699
6547
5582
5657
16796
750
13489
372
3195
16743
3772
15035
16005
12208
9042
12038
7708
16307
1179
12896
8524
9322
13020
14441
56
7622
1529
13339
624
3699
8282
10788
9923
14917
14746
8172
8497
8210
277
2436
8121
2477
16683
4113
1511
10577
14612
5878
5527
12667
2917
10351
10450
8089
4730
4898
4016
4306
13772
16610
7666
1505
11305
2079
9008
16817
16619
8385
14137
12766
6050
14067
3980
7885
3700
5610
10915
114
8585
17271
11312
4722
2521
2266
15996
15630
16533
16667
4333
2355
14468
1601
5631
11893
17005
13018
364
6962
8480
11969
4130
11576
14487
10130
2473
2950
14576
12781
8483
13723
9000
15082
1263
6281
1903
2227
9487
4273
3558
2077
5249
7437
6235
6836
198
6377
13147
7224
8497
10954
14226
482
13614
13103
11471
5247
13626
5130
9455
8535
17288
7721
583
2023
15072
10985
15631
467
14041
1892
13474
4231
5771
1363
10233
11107
11495
10855
7743
2603
10880
5588
751
11360
15152
7026
4572
17218
2551
308
8013
11609
9713
5661
13895
14868
10135
5303
14994
6088
5912
4988
2635
7592
8225
4136
5180
15472
3086
5208
8737
14187
3870
15202
4429
7284
8580
16796
7716
16521
12319
6091
1396
12021
3954
7070
8337
1923
13808
13635
12086
16786
4220
8838
8700
11655
3245
8272
6591
10933
10489
12628
3678
9302
15796
1426
13460
17196
3515
1502
1409
10079
7021
14160
7285
7451
1598
2906
16168
9846
6165
7632
3327
24
5153
67
16626
15621
2635
7978
5852
2630
5580
8154
9919
1616
4621
4514
16244
7046
10429
7028
11878
9937
3565
16514
12067
10221
8204
12985
14354
9115
3220
2251
7158
272
8650
14467
12840
2398
11696
6099
15770
12670
17164
3091
14073
2387
15791
4922
3545
3734
3417
6804
13173
12880
13388
4957
8973
16655
15444
11339
8063
7539
1740
4716
16547
12109
4895
205
7699
15303
16969
7074
10148
16413
266
16563
14218
996
4887
9074
16679
7073
13145
13520
16012
14182
2079
13758
16148
15635
10001
11157
14969
675
4077
13841
14688
6355
5063
356
11363
10097
11832
17080
1188
16311
17144
247
8844
3764
10439
16518
7907
16560
6226
7569
12788
194
15481
1987
11679
10783
12459
13325
7035
1598
5128
1396
9126
4114
7828
279
12363
497
13402
7821
8928
2175
16521
9824
16145
15261
140
11675
10835
3362
13583
8077
9295
4990
16893
15503
9604
10114
7423
13559
9612
693
15932
1532
7020
12907
16554
5429
14001
16861
12854
12952
16988
16399
8936
4051
7024
900
5905
8280
91
9767
15459
435
13880
3761
2024
3960
11723
12891
396
15977
6559
8616
9355
7953
1771
4379
10429
6309
5348
5709
13479
5190
15088
9006
16876
11542
7927
10055
10504
2245
15471
8774
6982
6239
9202
11400
9415
1565
455
9028
9480
14646
17218
14992
4875
9771
10811
16023
1600
2219
11058
11638
1424
13578
15385
6768
498
351
12275
9168
4660
11889
16072
10850
6609
6143
7602
13758
11915
7258
12577
5287
4028
12345
13324
307
6691
5728
7089
4680
8111
10840
16784
14167
2001
15850
9084
13453
11313
5654
12093
9544
5444
6998
10122
9663
15739
8689
9018
14429
3887
7162
10795
5947
3821
16471
16560
12176
12661
15859
8710
6628
10695
12961
2429
4815
10874
3604
5313
10966
7289
13275
2162
10175
14021
9714
7393
9132
5533
5412
17271
11347
9494
14334
3643
8046
412
14849
17011
6831
13005
6853
8811
1942
11337
9190
14848
5368
8513
9268
4296
2537
6353
9023
14017
24
4257
6148
16519
5990
10920
10856
14792
16881
13062
10154
8187
1862
1427
14685
15862
4697
2587
6995
9938
2900
16490
16492
16281
11887
16934
1036
5806
3871
13874
8820
6139
15761
16986
15172
3155
13222
7821
2667
13525
3346
16674
7805
72
12208
2637
11506
4672
2718
4994
8908
11248
6390
15598
8905
1626
8163
15326
5972
6067
8234
125
495
10738
12931
16204
7269
3249
11593
12294
14689
16092
1793
8221
12801
16744
4929
3463
9118
6045
13428
3659
11642
1639
5199
6580
13270
6358
5106
478
14013
9935
6117
15555
13208
14334
9520
15780
10221
12997
12668
12997
4095
12907
1519
11510
4311
9432
9187
3478
13572
9709
11417
13250
4490
8951
5656
9971
13052
11965
16413
675
1360
7956
5479
400
399
189
9730
11618
15878
12383
9328
12466
17237
2337
16113
10239
7039
8068
7080
12711
16551
6525
6210
10786
4725
1044
12988
8593
9288
10671
9082
4509
14328
7983
1661
4606
16446
13675
2797
11019
10493
1387
9038
15564
3385
17106
1324
731
7726
7965
9801
475
1155
14326
5878
7274
16847
6768
2159
11861
11598
12010
14095
2289
2816
56
15413
4736
7717
17230
7043
8624
8793
9117
13918
9097
1801
7546
15743
9687
10611
10740
11034
3502
8287
10282
7687
7865
2031
15606
5367
10816
438
7268
9040
3265
5759
10545
3358
13608
11934
14701
15989
4538
13243
5490
16239
17212
6625
6140
15309
14729
11437
996
1321
11923
159
6942
15832
5051
11929
11601
14094
4191
10726
4698
3307
6934
4244
2373
4203
5873
10397
9922
10424
1313
530
5745
13119
7347
9851
2164
16653
10766
10812
8630
5083
7533
3467
13771
384
8412
10295
3859
3715
12653
125
611
3091
3501
13093
5291
4049
2499
424
2689
8080
15989
7999
5922
3729
12617
1159
17195
5200
5872
2080
15501
6482
4006
4699
9385
13137
7598
2620
15076
14013
4245
2745
33
10000
9028
16917
1001
3367
9440
10898
119
9434
15296
7685
1469
10034
3582
11519
2604
15971
16536
1400
6363
12175
1956
5916
4574
10861
2674
762
961
11612
9921
8279
11093
5583
2052
1750
17272
1269
4220
16222
13148
14178
16639
9916
13549
2066
7595
3358
3223
3189
6989
3699
5193
1178
1176
13226
11428
11574
17033
2720
8102
9765
12628
6681
10320
2848
4919
13415
12940
3741
15518
9365
3178
9943
1108
15484
14878
14277
12595
4454
3182
10487
6968
4795
908
2893
5223
5230
5240
16134
6394
5728
4929
1825
2840
6768
16674
3234
11077
4904
6132
1861
16094
5187
1043
2190
17123
8988
13156
9859
7977
8480
11927
770
14597
12474
98
9411
4168
16282
3701
4676
4632
5492
3450
2616
11177
14731
4959
2004
8929
3400
14992
13681
16753
4146
6338
15635
5577
11990
91
11228
15158
16822
9276
4821
9317
13802
16637
6144
17203
5102
2081
6395
6795
15292
10828
15403
12791
2391
11672
3849
12995
6049
1633
14687
14606
1379
12164
10170
12447
1048
8606
14161
12738
5716
13657
3566
14801
6459
15096
6451
15528
10535
5864
3802
434
14987
2134
3712
16017
16487
428
14733
12137
14232
1639
14274
1074
4374
13860
7211
13941
3860
5019
277
4224
4439
14603
9376
4032
16929
2255
14929
13065
12390
9274
5646
1535
773
17052
16281
15012
2866
7924
11861
9618
5717
3291
17168
4434
2571
13558
16403
5285
7778
16764
9934
16618
984
7452
6149
2936
4848
12131
11969
17015
3907
10655
211
10774
7997
255
5038
17279
9112
6275
7593
12656
6251
7858
8400
1382
17290
13375
792
4858
8410
11715
16582
9510
5828
5270
3239
16119
8282
1555
14205
14887
4975
17244
11739
1750
12959
910
4655
13285
15122
11854
13974
958
4725
10964
6343
2146
97
6366
12148
1425
11022
14077
9454
9003
9466
11747
16355
12197
16945
16246
8286
5953
6798
6113
2487
2067
15892
6141
7734
489
7054
2890
13157
11328
15210
1900
16778
2948
14403
12573
11272
3710
5385
381
11900
263
7495
11883
13678
14266
2637
9363
10158
4483
12570
9558
10892
291
10191
6756
6390
6586
197
586
15522
7075
13549
16504
1654
15070
4069
4359
11489
7518
5543
5777
7910
6738
14460
15328
1357
10888
4840
6425
8620
4324
8643
16078
4810
8152
9553
10279
7562
3802
384
9692
2878
1688
16599
16227
16058
3533
16021
8634
6999
13026
6229
1556
13056
2278
17264
8627
4046
1188
9183
14884
16093
13414
9667
7033
9980
16592
86
7
7806
3557
4677
5505
14182
13634
3211
8740
1236
10589
621
16710
2550
3064
3099
8131
7479
9100
8798
2560
2306
10311
13018
12275
10634
8548
16164
1797
7334
4428
509
1232
14849
8840
10191
15453
12735
15176
5753
16474
3567
10187
7514
9650
7326
14980
17182
6143
16674
14250
5002
12647
16420
17169
6184
11208
8856
9805
17175
619
7762
5255
16625
13518
2350
199
507
15721
6300
13373
8651
317
10537
12160
7459
13142
8536
10533
8161
9847
10765
3552
10703
2674
2420
1135
9530
7420
7499
1305
13352
12705
991
3863
3048
8323
5662
12381
7066
13966
1227
15599
14082
14025
10557
1926
1881
4673
13707
783
13965
7598
13206
12388
1854
10446
13365
11317
3471
6944
16735
10938
9073
11994
16165
10823
14869
16497
5385
4818
1567
16720
16015
14687
1613
14710
7255
3617
13574
2705
5742
410
16914
15822
3576
10881
16664
11539
9948
10756
4463
13635
14697
1136
1543
15658
13162
12452
8694
2510
4054
9475
12946
15116
12816
17009
9847
1889
3613
3717
7292
16531
5732
11071
15850
3631
11606
1241
7371
5254
11144
6901
4697
4610
11691
8975
8184
15739
12394
3276
8442
1957
4820
551
15782
3190
15642
3033
6891
15720
6265
12000
11342
16496
2335
7741
2071
4149
2246
13851
11720
2535
7895
13888
5183
11379
5592
3890
8004
12732
8683
878
6724
3328
17220
801
5999
1273
7016
2477
12958
2581
567
14711
4486
4368
4959
12301
1641
7369
5526
6779
6120
3164
17036
11814
3042
4470
6108
10891
11572
5712
8039
5112
15374
13489
4352
3011
7114
7511
13437
14794
7733
14566
8631
15143
14376
16821
13773
782
11422
9223
12302
12056
3180
4978
10532
10818
15865
6359
4420
9811
11837
6538
7452
2369
2148
13958
14206
5888
2630
4205
6455
6406
3159
5772
6584
6358
2070
4844
15337
8862
15621
1687
15549
3912
17159
5664
13080
17229
15412
11486
2538
11046
9508
3541
12257
4144
15256
8698
11697
4599
15894
6769
3005
13244
12040
56
2987
10810
13068
14738
296
2829
7344
11860
15775
16055
2383
3257
407
3676
3449
16142
6846
11645
787
6275
13985
12586
9958
12398
3826
14174
6549
3376
8403
16877
4537
14637
2278
3968
2234
3162
8016
1331
5146
7794
12253
1835
4074
12806
6228
1933
2077
15821
3728
845
15859
10955
14431
14468
14671
12894
15791
7345
15586
10129
13572
16432
1906
4015
3092
7640
16443
8072
3142
143
9523
8570
1979
12040
2260
5017
566
7236
1316
11508
11271
15575
8487
12534
17049
610
15216
4015
16297
9109
2490
7268
6630
12985
10293
13125
11011
365
3830
17042
11017
15485
10641
14208
6121
8002
715
7114
9136
7489
1810
4130
12324
9873
6929
15651
12033
8750
10405
1248
16294
8536
12488
882
9639
5837
17250
2528
447
811
14271
8657
11719
9149
556
1515
15524
15230
12955
12005
7789
1162
8687
14088
13680
12037
4282
4808
267
1260
1523
4691
11
11090
2888
11586
15099
12385
415
7533
9713
16194
4855
17156
15020
1177
401
4422
11405
16424
11026
7878
16372
15171
10339
866
3841
15693
15522
389
8538
496
7721
249
11111
12584
3825
3045
2610
12522
9200
17235
14716
12575
15775
7959
7193
3546
12280
6205
10987
11057
1545
8616
786
10690
13633
13015
16917
16743
5353
1868
10084
3238
11952
16362
870
10074
10012
15281
17272
14933
13862
5163
6837
13089
5213
8523
14835
2838
15638
12377
15686
11786
8879
4535
10167
2860
15797
12598
3989
14063
2556
2221
15889
12713
711
9547
6087
2784
14012
2512
15474
8737
5015
13070
8912
11082
6348
10153
16861
2822
339
16821
12375
14979
4
14694
15457
11079
5197
9772
15946
16533
4271
17013
11321
14940
3251
4254
8706
15108
3178
10097
8311
10941
15829
4451
5324
4407
4647
7031
2082
5925
1047
11159
8321
2559
3607
3867
15148
8330
3397
7029
3785
1437
11556
11100
6947
9657
11968
12072
1446
4840
9692
14868
4273
1081
17229
7073
3780
5703
7689
2689
8484
5736
11713
16624
6344
13892
13215
3087
1019
14776
8109
9514
1743
10236
8621
5281
6777
15041
6988
3915
6068
16344
6532
10832
1261
5542
8762
3501
13526
3274
5832
4677
2776
1200
7023
8098
7330
16699
7544
14099
1622
6830
10555
6563
2540
11294
8382
5765
9679
14407
6579
10797
8538
3563
811
16961
9688
15840
12126
166
4123
11958
12568
11756
14785
12749
3391
16864
10659
2903
7765
5445
10300
16608
1216
10139
10073
9299
15137
813
8058
11988
13484
7877
13046
3978
11200
7360
4411
5438
7759
1046
9781
1565
10427
6327
17243
3827
7598
15643
2201
4505
7673
15965
3950
14712
876
10834
1580
628
14647
8361
12720
3887
331
12380
10315
7765
1152
11968
10270
8821
11728
17100
14287
1016
5401
1270
10518
3238
2167
8515
14125
14048
5609
1644
10222
16242
10351
16394
9880
803
1811
15760
14598
12400
10702
16615
15698
14716
11624
13230
10645
2424
8005
13425
9742
980
17191
6255
12573
14111
7901
721
13927
13388
15587
8609
8866
10439
14761
9251
9843
13792
13576
2154
14459
11083
4242
2133
6519
2028
11335
5983
12581
7431
4826
15080
15428
9265
7132
6243
409
2280
15197
12479
15087
13004
7858
4156
534
11061
3905
1852
7604
7433
10003
5937
14574
6321
10863
14291
12176
11800
6502
1727
7655
5993
365
14321
8707
10744
6666
15093
7887
13338
5917
1854
8768
16727
2025
7512
4910
16640
3546
10245
15518
55
17180
10900
8899
14489
1468
12386
12881
3520
5253
16825
3763
16357
96
14615
6508
3751
12946
11568
824
769
15562
5943
13795
16208
556
1083
3791
11187
12930
8813
5051
6934
15014
11216
14835
5313
10209
8169
15557
5092
2822
6134
13468
4275
10039
8609
2287
10069
945
7462
5464
2957
13457
1700
8995
17253
7017
15926
8683
7730
12931
10010
8765
12429
7048
247
4374
10934
5194
13189
11502
11664
13918
12464
1857
3229
13344
4739
9120
5589
11309
4389
12026
14389
16880
7971
14947
3902
11572
3611
7070
5276
5959
15268
7997
16352
1792
2607
15422
6243
896
9063
1397
2205
5127
15344
8495
9437
4667
8676
16655
4539
6382
11997
16533
16707
3505
4146
2016
4754
2960
13424
7141
16353
5717
11506
701
17092
10105
9276
11939
2139
8167
11363
5373
10166
9639
12804
14871
13105
7457
8719
4496
3796
16869
9414
13379
15847
16280
8365
5385
2088
6788
7422
12274
4354
12199
5950
15373
1239
4005
9597
10797
14101
6599
7210
12370
9612
11174
13809
15989
15941
1961
14998
7014
14690
14940
2199
10604
11492
10299
4749
5666
10740
14013
14567
9431
16537
13619
11798
8890
9683
13764
16374
3129
7062
93
2810
10949
6827
15037
14235
6984
13962
10832
10550
5679
12738
6610
10465
7155
17214
7849
9210
6554
10033
13462
930
10695
15242
2528
11863
9757
8724
2271
14080
9511
14222
3279
7664
6293
1516
13073
10527
3127
4878
8907
3319
9011
4
5361
16645
2248
9111
11762
5334
1922
8888
4559
262
12049
14654
17219
16491
409
15996
4308
3577
8338
11513
3679
3390
1149
11186
5412
16507
8565
9494
14397
2740
6299
3489
4814
16689
12902
10994
14956
14433
6114
4474
3950
16731
9012
15158
8816
6225
16031
4594
15970
7589
17119
12640
5642
7528
1939
7331
355
15682
11957
7068
5494
7155
10632
9311
3084
8934
8194
1593
2175
2129
2978
10576
833
9873
2977
6193
1281
942
9781
12483
12014
10044
12149
17034
15684
10365
108
6142
11419
13347
1334
8442
3453
11942
7562
10163
13321
3835
2564
3181
7813
10316
8175
11994
14672
12580
8342
6623
1451
8091
2419
3665
1195
14069
9418
16786
9786
109
15556
7054
1640
10301
5102
14405
7703
2424
14506
16301
16501
11437
9315
3060
2495
16582
1959
7615
17237
12797
14604
7415
8725
16197
13242
7292
4149
10963
16034
9955
14560
633
7710
6993
17270
16393
2215
1762
10694
7587
5435
10331
5369
8254
15286
14275
7343
14506
3048
14938
5708
897
125
5029
4488
7929
14245
13034
8019
10602
7192
9637
7460
16831
15184
8149
6057
508
507
13442
4746
14878
9169
11056
2246
11941
15237
14285
15470
12104
4578
2272
8228
7724
11897
13907
12467
15049
12357
1240
1389
5454
1064
17210
8155
6603
2441
17250
14193
11777
1325
6510
9549
9709
525
7184
12750
4589
14022
12773
7417
8276
11131
5753
3485
15403
15346
7929
6899
4244
1056
10822
17066
3180
13235
2188
14519
4325
7390
15033
15263
16740
3261
12188
3291
11840
1947
13819
11861
6963
8255
10618
925
1988
7922
4148
2376
4331
1496
15169
11625
11499
6475
2814
16558
8519
15617
16464
10771
7343
14188
8279
14251
3532
1530
8399
13237
11488
3687
1484
8293
14019
4141
4217
14383
1826
14812
15046
6860
6625
979
6652
12035
9441
8877
2819
8413
490
5788
15758
4916
14829
17243
4140
1376
3592
7266
14228
373
6665
15210
3691
262
11481
2767
8120
17056
15815
12116
1559
14013
4431
2630
5274
4831
3503
2557
7160
15374
996
1830
15895
11088
12797
11364
15017
14293
8874
16175
5895
5706
9417
11481
15011
16693
14636
4500
14161
5347
14385
36
11754
17122
4465
15338
16328
8541
17102
13814
11605
11288
113
12262
16541
13840
7521
11044
12882
10752
4743
4908
4088
16053
3823
4044
13867
12366
14187
4603
8032
8518
15983
3200
874
2493
16947
2241
2318
7083
14799
760
13367
9144
14359
6382
3245
11928
16837
2464
12987
1997
12367
4927
1860
6058
7873
9210
8319
12311
10656
10312
2607
8992
10472
5913
12839
16415
12530
3553
12290
14270
9672
8704
13418
14104
1507
1366
8609
9268
3393
2264
14853
4053
4657
12696
2007
17212
11546
15986
4383
10687
6784
7146
5189
1651
7768
17057
5618
14234
3027
7074
11144
1131
15968
13780
15644
1174
14100
13902
16113
12787
832
12180
5553
11407
11117
11311
5571
1622
10951
1065
4175
542
11384
14797
1870
13083
9292
9044
2806
15376
2382
1860
4708
5250
6947
4045
6830
15463
3558
178
17272
4879
8731
9575
14893
945
6576
5737
5844
16690
12745
4047
11287
10556
16625
10370
1544
13608
734
1745
14462
6473
8565
16530
12280
12892
11777
12044
6115
1471
10259
14300
7542
6018
11745
12697
11503
11214
6658
3258
4182
3941
5772
16337
16484
7056
10274
4889
268
9797
2267
7310
19
9283
6634
12871
7395
3454
16704
8514
7314
4402
4241
11594
16621
3738
14537
5387
7439
12488
6461
2612
8404
6951
5905
7838
3183
6076
3484
17124
13196
15254
6028
9195
3648
13955
11581
9954
16395
1317
10058
15357
15518
1999
10488
3850
12977
9014
13760
16974
16896
11197
1360
934
10325
14660
14418
5296
14185
89
552
5851
11278
3776
9327
16596
8313
14993
7416
13752
6026
14822
297
2690
15643
1383
1023
6944
1842
12582
9528
14008
9552
14484
4117
6754
78
12257
16670
11600
7059
1036
13575
11755
13072
4643
6780
16845
16944
9704
15310
7834
3706
8117
1022
7109
150
11882
8484
11036
15031
5618
8777
6091
9578
4403
1609
6544
14845
6290
8567
7136
15923
13913
3192
5215
4773
9297
5497
13966
8658
5210
13771
13182
15281
4219
7426
13909
10978
13355
3777
2768
7201
7286
12510
2654
4149
2251
3810
12216
9277
12590
11681
9290
2604
13661
8471
5672
10053
12725
5312
15823
4245
13130
10217
15514
15851
9496
1367
7476
8966
7585
14954
9283
8873
6408
14639
13972
64
4809
11844
8105
4894
13002
7070
1083
2077
3675
1504
6501
5976
10394
10875
7758
15950
10308
8327
9535
15665
77
8460
738
7386
759
4606
16861
15855
8263
14436
14533
8203
15013
10021
12622
8872
9192
8875
843
4329
12346
8407
8036
13156
14789
15251
16925
3912
869
5658
1617
8835
4714
3843
7125
11039
10232
7806
11110
14258
12850
2136
12577
15399
7633
12581
14555
3311
11367
7485
12326
14607
17021
727
2261
4074
1815
5741
7051
2627
13659
14229
4436
5074
8906
15170
8601
8433
4524
4618
16649
258
7329
2478
17047
10037
14703
3730
5763
16099
6828
13497
14090
7104
12877
11381
10485
7071
4257
6046
678
12813
11085
1433
6645
12429
1022
12976
13743
15614
4750
9425
11869
10364
9343
11989
10743
10095
575
7976
9095
8646
10111
9768
3376
15504
2580
7866
1969
15571
280
915
6407
6009
8897
15925
4437
8182
17072
9111
12236
1913
7140
16008
768
12700
15247
12048
16150
14213
6572
13571
4562
16128
2916
5843
4142
5044
17209
15186
5425
15662
9751
17208
11740
13435
10485
4529
4564
7968
419
17253
9073
12269
2437
2486
7196
16852
3759
3707
13693
2528
12411
7762
11801
1473
31
12469
2169
16493
13031
5490
2963
8090
4495
3627
11955
3982
14215
7752
6839
1416
6988
14796
823
8446
14342
4050
16343
9735
10973
12108
11845
11806
15493
3177
16377
16979
9731
5457
15945
15779
14057
5328
7188
12288
824
16607
9143
1817
15699
13388
8039
9101
17277
17234
3031
10245
7510
13730
6428
14155
4725
13201
12490
3491
517
708
16554
590
10331
8733
6903
2535
2038
1707
12982
12930
13425
897
9225
14909
10348
15633
3161
12021
14200
2540
15493
1278
1409
12595
16914
15297
2864
13618
9863
3931
16103
138
16151
9195
5638
1040
764
13314
6887
10552
13096
7749
15577
13766
6091
7268
14468
15297
8999
4476
15165
5119
16745
6605
9587
11017
2066
820
1288
7459
10869
8533
12566
9575
3354
7947
9556
12180
2455
2266
11038
12173
3236
1949
9320
9135
11507
7321
6045
5615
8385
2200
17296
491
14099
1246
12792
2176
4340
10461
10043
7506
15686
13559
4998
13418
8111
1084
2151
15103
5509
7769
5048
14579
7677
6404
9236
17003
5199
16435
14331
9045
9065
8035
3747
10163
903
1312
10774
17171
3388
7802
16253
5855
11647
6667
1131
1414
10211
14694
4779
7328
3115
17066
7834
10057
12589
16570
11079
11665
676
16469
15606
14101
12205
12366
14721
16468
9913
3769
6927
1101
9571
11722
8391
8275
16799
8808
12708
1547
13548
4438
1426
8129
15590
12806
7237
10745
2634
1029
3795
8708
6348
88
4088
4732
15742
3052
6121
2156
3650
5312
1564
5817
6490
256
12517
16130
14260
7291
108
9504
7778
4001
17246
11314
14031
4276
8538
11097
2584
16574
14582
11186
12510
928
6167
7703
16158
7513
16675
1941
633
8462
10320
1094
2325
2276
10926
3400
10816
656
1852
12750
2978
4023
5689
16597
7497
1780
4333
10696
16656
7206
11211
13141
4443
9405
1176
4503
7738
13897
14599
10010
2394
14329
9398
7352
2788
9788
5594
16264
4171
7398
15760
3966
641
279
3635
700
9122
9415
5779
5924
2542
10561
4995
17046
8375
5315
13152
7532
16190
6713
10976
3492
3229
3809
7540
2418
1186
1981
10711
1407
7675
5370
893
5745
881
5802
5481
1178
7350
5218
2250
12823
4741
2126
6994
12518
14866
4829
10655
11844
948
14275
2762
3146
4809
10809
2295
8989
790
4982
2177
6363
15386
10628
3269
13904
7154
15115
2688
15438
13749
2199
7562
3827
7647
9179
6724
10849
4018
7968
9884
8175
1905
11174
11989
7971
5156
823
6177
6326
4607
14753
7066
11907
8198
1304
15837
5729
15654
11611
9327
463
8027
1269
5212
2212
13289
5767
7591
14159
1673
5991
2318
6478
1500
17047
7070
16331
4367
15134
6707
4267
3974
14036
13258
15383
7352
9132
6840
6034
10676
11067
12572
9073
843
5014
725
8204
621
12725
6275
5824
694
10879
10113
12292
16258
17010
13023
14187
15440
2739
1304
2344
6437
6715
12492
14034
8920
2357
1817
12651
4212
1564
4314
6824
3680
16286
12916
12449
10544
10274
4111
9811
12344
8931
6748
11452
7609
6717
13044
12827
7498
13864
15424
6886
1115
15522
5385
9443
10865
15421
11291
10900
15385
6800
10210
10738
7264
14594
12184
14996
548
16038
11126
1917
7719
16370
1110
12899
8318
4508
2497
14596
3790
15752
5120
14171
15269
8054
14563
8039
14340
4841
9
13086
3162
281
6491
2090
5550
14944
3988
11848
913
15980
5594
2893
1616
7869
6912
16366
2981
4340
1091
4508
6625
16393
14314
1285
3983
9074
8028
16519
3198
17097
5197
14636
13903
15624
6798
757
7329
7163
11585
9414
3206
4125
15327
2931
17025
1376
7258
3296
1380
13833
2243
388
4414
1523
11683
12948
836
11640
12409
15187
6516
11343
11010
9867
9248
1702
14664
363
11548
4770
12672
6615
886
15620
10277
2305
4475
14079
663
17103
12808
15662
7970
3294
10319
949
13163
9876
3219
8963
3495
6964
10934
2097
16080
11031
16811
5073
11378
11680
5631
7786
5631
7754
952
2501
6873
10881
6181
12713
4762
16810
11147
15323
2538
3861
8472
9644
9186
16020
8772
12216
416
1796
13413
16058
2469
14670
5143
7869
15991
9734
2335
7505
814
11747
13000
12817
186
11326
13248
6063
6928
1811
1287
6405
14242
751
8905
9845
4827
5670
17224
10365
1782
14230
15211
8471
4710
14277
9594
9230
8185
13528
13479
8339
9305
9547
12261
17098
16230
16828
14193
15233
15888
15778
4042
10098
8456
66
9168
10879
16525
15637
1646
15790
11002
8971
16964
15755
9487
16514
9329
14271
6295
15157
2963
15198
1880
15822
9455
4022
15746
15625
4101
12267
10745
11943
1843
13437
7240
10038
16402
8958
3961
9689
4347
828
6077
10462
10517
426
8310
16905
11837
14164
16661
3695
16201
5900
12064
11589
4913
992
6722
5733
5441
50
6273
15390
11912
6203
11658
10886
12302
8085
16531
16214
2787
16713
2333
16244
9021
4645
223
5683
6641
12307
7000
15120
16599
2918
12746
9091
5362
11855
4704
509
5350
1661
319
16064
5781
14417
9767
7171
11712
3896
10783
2895
13259
4861
11192
3819
7047
12382
7606
10313
10489
2873
12523
16503
1380
15019
3996
6823
3160
15487
10610
10775
5353
7938
3531
3101
12443
606
1257
9301
821
7848
9147
6054
12576
5918
522
15663
7855
2523
6602
11536
2465
16175
2784
16733
12770
14270
8197
12151
16539
11378
4129
7416
14573
4604
4234
2214
4808
2261
14678
564
689
1118
11846
7458
480
5538
2490
12199
7140
12375
5333
17209
347
5682
16441
10634
4014
13482
13813
10160
7739
9974
7569
4425
8326
12177
9962
5044
4781
9262
5613
8714
659
6935
2325
9543
6940
3462
5638
1340
7455
3482
14131
3551
2855
12770
2762
3295
4522
14917
416
10290
6963
763
5158
3138
4369
15560
9752
2871
14842
8827
6940
11177
1944
2440
7309
6603
5692
6332
3285
4013
8651
9959
1019
784
3607
7582
4384
3912
4681
6499
13066
6854
16051
14974
15661
14908
14327
16007
2778
4542
6825
6205
8250
2334
5027
16430
10981
1556
13537
14966
11971
5083
15477
10060
4095
622
8444
9905
2829
3753
16913
495
16227
2336
15859
16109
2678
13986
5996
12142
2356
17183
1753
13177
16088
17114
6324
14156
17145
4317
87
8598
164
11486
16340
6701
5674
531
16048
15685
13945
11360
6316
6211
3313
5838
17
4014
14649
271
2892
8558
2980
8238
9308
10510
15434
2216
1631
6751
12374
13256
4558
162
14208
14149
1099
5425
424
10651
8259
7514
13679
15590
8551
9756
3703
13309
6492
7485
13918
15587
16437
15558
10531
9892
4048
2912
592
15626
16680
1537
13605
9719
17230
9267
14039
14151
13973
13116
6843
15264
14580
11033
12132
4954
11975
4228
15463
2911
5585
753
11716
14771
14210
6079
3151
13297
9568
9137
4018
1016
4417
409
14019
9966
8341
1011
8919
4536
12874
16412
8732
13115
13534
14056
6327
1064
9971
4806
1588
6181
9763
11512
4426
16341
5077
3490
13763
13299
10847
13649
10380
11966
8364
8792
3487
3793
6290
3672
2232
10193
14446
2726
15920
14193
12047
5567
6692
3722
13226
1866
7059
2514
15938
10353
16290
7397
12166
11494
5351
16497
1236
6372
6117
6822
1422
6271
10877
16339
4672
7464
591
12943
7110
14309
5104
7606
12997
4403
14830
7612
16090
15296
744
11820
14793
2360
14675
11692
14078
9903
258
13738
5082
35