10581
3163
6750
1114
4023
4517
4803
10199
2470
6577
1747
1144
5786
6852
8955
3530
9780
1979
3793
9648
4203
1039
10013
7055
42
2651
7682
3295
394
8997
205
6729
4771
6929
90
317
937
4809
6255
1501
6292
366
8277
1172
5582
8229
4407
9572
877
4550
4125
6380
7010
4933
8309
4724
8006
6770
2438
1131
6759
211
7463
8173
7922
2308
5009
2521
10869
9838
6918
10402
6300
5565
3474
4850
9470
3791
2289
3205
3858
196
710
4727
2718
484
116
10934
1322
7625
2730
2252
3266
5129
1227
2286
1931
8964
5569
518
68
4786
2271
7645
7505
10923
504
672
1414
5467
2244
1329
1596
6030
809
6969
10239
7347
7261
9505
272
1940
7201
2742
540
4288
7797
771
4448
9741
1040
7215
3033
1617
2373
296
9462
5981
9156
7936
9876
8171
4387
4062
8971
9101
4539
3060
6609
1468
10293
4826
2751
7607
8286
9270
7342
6252
1705
10084
7908
10783
4442
7473
8873
1940
3069
896
6770
10236
8333
10344
4333
5825
1661
3098
6972
6190
10637
10776
593
190
2842
5150
1200
811
7531
8057
8111
10819
425
6758
7722
3869
7180
5204
7307
4528
6192
165
10855
3288
10133
8747
2428
9926
9148
3224
11038
6006
253
5466
3466
3030
9506
4947
199
1602
5391
3373
9488
7533
10995
4746
6650
9376
2156
3297
4482
4729
5692
9779
4967
7503
5732
5665
10801
10132
5216
10721
960
1944
1402
10589
1759
7413
7186
6822
5312
3832
9627
10304
5447
2539
10448
1897
10501
7764
3839
351
3761
9551
10704
9331
4976
10842
6593
3162
4123
3174
7633
722
5443
3378
9211
1628
2718
5145
2756
4257
4168
3720
10291
10714
4102
3472
6458
10390
8598
7938
4877
10055
6043
6860
7814
9520
433
1743
72
6943
10119
1043
1511
10993
5370
3942
7357
2371
10853
1063
4698
3034
8673
5749
2509
9078
7393
7038
10079
4762
4806
901
2058
9578
1483
1808
5
934
2654
3670
3328
4731
10721
11051
4470
9885
6151
6269
10269
7517
6577
7775
4997
4269
1415
2995
6191
6213
5673
8989
6828
4216
9327
3000
7709
7061
8081
6853
9350
7676
464
3452
7693
3942
7261
6716
2970
9051
8060
8972
5753
730
7055
1958
9776
5308
2629
2511
4037
5817
2817
5841
11037
9105
3031
7506
2578
1865
6618
4755
6135
7295
4502
5715
7858
652
10439
1356
9657
2275
5477
9532
1048
4520
3303
5656
4238
9555
4085
2456
4143
4309
9056
5594
136
5662
899
144
3520
10592
6311
4210
3133
4217
3063
3108
10610
127
459
88
8561
8913
304
6431
10355
7735
5543
701
3790
1247
4982
1695
994
5492
7835
96
3850
5117
233
9271
2447
3576
5527
3562
6388
337
10319
9515
6543
5009
6407
2596
2707
6949
2257
5642
1432
2039
554
4278
8729
7281
7813
4838
4722
359
10673
6022
2768
10352
2140
5377
7571
2861
8317
6321
4554
6253
1185
1399
6395
6920
7355
9276
2513
5195
10693
9814
3141
5468
1999
5895
10525
6934
1728
10092
4083
7031
9965
10308
8874
5198
9489
2321
9713
8553
3970
10867
8314
3036
10746
502
8587
8866
398
1924
6484
751
6252
8017
1174
5174
1837
498
5665
457
7843
3695
8980
2737
9362
2507
9883
7693
3902
2175
6866
4899
4494
3927
4625
5923
4650
3519
9677
10005
7247
4906
1305
121
6245
2282
4444
1781
9179
4464
10336
6640
3716
10391
3214
4026
10148
4216
6825
8473
3938
10754
4931
8269
7694
5373
10161
228
2012
5675
3971
7338
5750
7014
2822
376
1170
194
3851
6433
8063
10911
3019
7522
9758
9217
10256
6762
9480
7419
6165
4923
9515
4002
7558
9994
3298
9907
2230
9218
4462
4853
6522
5307
540
2068
7053
9933
6133
9192
1790
4044
8012
8082
4485
6848
8668
8111
8905
5516
8318
4408
9467
5406
3341
7162
3831
5492
2781
2560
9467
7001
6170
8502
5554
4651
8844
9980
6862
9562
2960
434
9882
9953
2413
4534
4752
9907
8213
9198
9443
6861
1365
3423
8358
6498
8380
7535
4365
3307
8417
3170
3764
4123
7059
2109
7943
5660
9740
1786
9053
191
3482
6598
1532
5054
7928
3577
67
3957
1237
4597
9368
4612
1076
10473
2625
11027
867
7932
9193
3441
2957
6079
8995
6180
3351
2574
9984
10092
9972
557
7364
5859
473
1066
6591
4544
4106
7170
2871
573
1563
1992
10646
7740
5973
5277
4144
2301
3525
2409
9050
926
8584
5350
1068
6561
10660
684
10905
9626
246
10763
8937
7606
10791
393
615
5634
7920
5274
1100
4906
4894
2464
6970
2396
5799
10651
7279
1976
9960
3779
7461
10589
903
8703
10360
2769
4926
9983
6178
8779
4520
10915
1147
6137
10896
3896
3086
3817
6860
895
681
2656
9420
9272
7911
3638
241
7955
2252
686
3341
1396
1055
4215
2492
10618
9286
10230
5553
1476
4765
5808
2307
10749
10982
9744
4915
1996
8894
4635
8253
5238
72
10007
11045
9503
5452
7665
7618
4043
6256
8848
433
6412
6760
1597
3955
10725
6904
8589
3459
1320
5544
243
9219
2894
3206
7369
8238
6953
5384
10093
8383
4711
10053
8452
10109
2108
3865
6111
6666
940
10362
9471
9584
937
891
5861
1464
8068
3103
8103
3295
10871
947
10175
3980
5287
5225
5168
1174
8550
6331
1931
7996
817
9017
10511
7102
7272
9996
7403
10393
6647
7621
4359
1181
10070
1610
10681
4638
4319
5530
5839
1330
1695
7282
7838
10436
2785
4300
3191
9432
5647
4990
2240
8418
198
6405
7255
9064
657
7846
10371
9089
550
10713
10399
66
4374
1047
5808
3759
1362
4441
5772
7841
2148
6868
6163
5911
3165
6001
2170
7048
8120
9845
5311
9160
8575
6640
3377
10215
4500
5193
5145
5980
1790
5852
3565
9602
10609
1990
7859
5087
6987
10734
11016
10131
9399
2825
5511
9215
3898
7570
6438
568
1815
10768
5116
7973
10514
1818
10287
5456
10906
875
3471
10364
5293
7393
5349
9464
10415
11020
799
9657
6405
5485
9310
10016
10971
6849
10840
2037
6102
10292
1629
7513
9419
2703
875
1128
3336
2008
1549
7434
671
2076
1045
8506
7774
3003
7660
2020
7749
2776
1013
8739
1782
571
6098
5591
9717
4551
8186
3990
2916
5220
4323
10851
393
2830
2707
495
420
10885
9253
7984
460
3192
1566
5917
8418
2379
1527
10860
6543
9085
4367
9647
10653
3080
5971
2673
5178
9406
4905
446
2705
6168
539
5239
7365
10510
5784
1961
586
4971
6010
823
9092
9466
482
560
1162
8874
1325
404
7528
2845
5314
10848
558
8754
3618
7905
7103
9579
6027
2395
4524
8077
9297
8557
3217
4195
10368
7360
2212
4108
10176
5965
2089
7423
9712
8406
3533
7235
6999
2094
4943
7221
10931
357
8996
10061
7626
5144
2066
4785
8847
4524
2931
1505
9053
3806
6696
5512
1904
6027
8940
2991
1118
3997
4509
5352
1467
249
8073
1476
4706
4478
8368
5610
7868
2194
9296
1145
6425
346
1791
167
6906
1210
804
3982
5924
7342
4247
9310
9823
5989
5256
10924
8112
4681
4063
5259
8149
3725
1348
5657
2064
1721
10906
9492
9879
2974
4234
4415
44
7083
8813
10825
10311
642
2460
1205
7436
3278
2725
9107
821
7951
10143
102
1041
6244
5841
8882
6403
5740
9499
10883
527
5230
3045
6872
4124
3107
5628
8651
2047
9604
6701
1910
5724
8010
2260
2113
3002
1697
9140
7723
5867
2919
4014
3164
1586
1011
5835
9029
5307
7658
5810
5917
10580
8254
3537
9776
5675
2362
7919
5143
3690
6808
8039
1541
3018
8177
889
4746
1219
1956
6214
9387
5621
11027
2184
6246
3940
5086
4760
5875
2078
5986
7359
7643
6226
9840
865
4686
7405
523
2136
3023
6033
8620
5349
159
11014
8674
9235
6570
7309
643
4399
6415
4368
2241
2223
7236
4041
9882
5088
8579
5015
2702
2939
5291
9772
1538
890
2618
6091
4561
4124
3512
6661
9690
4002
5456
4099
604
8219
6533
8592
6748
10082
253
10270
2112
4592
5215
2180
8587
1413
9742
10237
9355
8205
4769
1360
3999
4422
2672
1693
10042
6404
1378
3059
2435
189
9296
7265
10592
9002
2159
261
11053
7476
10295
617
998
9042
6521
744
493
8828
7163
4220
459
2445
1
7308
9809
3522
3346
1832
8138
1127
3933
10464
586
5004
2026
7467
418
8947
8907
3802
310
5142
1102
9550
7748
5494
8687
3578
5964
2993
2083
2303
11030
4232
7471
8602
6426
6211
10157
9082
7915
4654
5116
915
3640
9933
3983
3631
7307
3781
2263
2804
1106
990
8487
4350
3122
4274
10535
10315
592
5772
1822
6300
2083
1750
432
3510
8076
4938
4218
5692
6684
2161
869
10969
1222
8502
6058
8668
5223
2875
1089
9709
6120
1131
123
1260
10680
2691
9957
1281
9529
10545
5015
837
3242
8113
5823
2318
5552
8355
8756
6664
1445
11093
10453
10228
5088
2472
9994
9127
3429
6217
7461
5115
552
9545
10397
4317
1084
5522
532
6301
4869
3321
404
431
189
3487
6698
6383
1416
8992
10498
1864
4316
9863
10052
1819
1405
5214
4612
3993
10527
1314
2113
2015
10852
8295
1875
8639
10905
569
8884
150
4145
8999
10224
8001
128
1176
8716
9250
6703
5730
6934
6472
10595
4857
10275
6562
9888
6573
4258
1187
9231
10801
1989
6573
9610
2070
7853
4081
4037
6942
3004
10902
8308
3391
499
7401
5135
8481
7946
5346
3321
9168
873
3826
7168
8388
1272
5058
3480
4740
1122
1360
10152
3016
10676
10164
4540
10093
10645
9821
6114
8823
7725
3438
9925
293
2135
1360
9070
4574
6545
10776
10317
9046
5769
2627
252
225
10736
7286
4425
7998
7400
718
10042
57
10508
2632
4981
1913
2142
3871
7596
225
6852
9650
7945
1213
10424
7526
10999
4891
10228
4574
160
3947
4870
2789
4838
2886
1988
918
1486
6552
10575
4200
1040
4184
5584
7751
7235
6620
8513
5008
9280
4567
8274
3570
6403
10274
6244
9296
1202
2921
1168
9173
3489
8869
761
4449
1672
6263
3061
1896
1763
7948
10307
4303
10784
7006
474
6497
10727
1424
9513
1244
311
3956
9554
5573
291
10802
9390
1655
9499
4026
5141
9036
7048
754
10098
3642
4764
4136
1922
4187
865
8025
5731
10088
7891
4200
997
10909
2418
9487
2444
940
9143
5975
2436
890
5658
8850
544
5936
4703
10279
5810
7647
446
2794
4852
2862
8492
3184
8258
7187
6888
1929
3122
866
7814
6309
3764
10001
7412
7243
2998
10314
5261
7104
9902
4206
4561
7030
8385
3764
5146
8095
9970
2163
7953
5200
2244
4197
6765
10456
736
2577
8966
7184
3009
4152
8618
1095
6215
1283
7100
3043
7216
2948
9238
2389
4631
957
10146
5663
10963
88
1231
8345
8347
5249
3216
782
7650
2842
5162
870
5238
7928
5099
8717
7021
1777
3086
4128
2827
2154
6072
9553
308
9397
9328
9392
9608
7494
9796
10061
6974
2679
10512
6793
809
10571
10652
10005
6131
6717
5349
1747
11091
8256
8603
1955
5108
2156
7173
8933
1798
4765
1182
256
4834
4114
9573
2780
4596
7695
10434
6547
9657
5700
61
1572
8906
5170
7558
3147
2841
9425
10200
3328
8892
5938
9817
10800
4107
3425
3042
10074
4828
3504
4760
4372
10211
5142
7968
3417
9081
1926
8818
10219
10585
1059
9983
5504
9042
6860
1278
6706
6081
2430
3203
2873
2778
10887
2677
10526
9950
2264
1923
2779
7603
7513
10340
136
5762
2050
10719
8013
5064
466
1236
6795
10991
4009
2505
5727
5390
807
6383
2707
2125
4192
10901
7740
3678
7314
2714
4519
2135
6674
7902
615
4095
4563
2323
7738
10909
2235
5325
7298
3581
10432
3148
8664
3104
7727
6711
10725
5309
5164
9371
7133
10047
4130
6776
3703
10182
274
1107
123
9512
5605
1648
8544
6550
10980
10250
10753
2191
270
10323
3306
10927
7944
6084
6393
6562
8326
6634
7995
2774
5217
4266
464
5635
9489
1490
6323
9943
8767
3433
8088
7287
5806
3857
7031
1088
505
2772
3712
5698
5913
7322
7061
4923
7272
2755
371
8183
10095
5589
1989
9527
1107
8807
3111
6110
3064
6756
2802
3399
9366
10800
6737
6074
3957
5721
9278
3642
9859
1938
5361
3950
3162
11022
2525
4804
4661
7917
3575
13
7942
2042
799
6553
1736
628
8946
3768
713
6797
3600
4443
5202
7816
2250
3602
10574
10938
6443
1889
2252
7952
7930
7088
9055
5495
8803
2842
1313
6050
3038
1380
9400
293
8686
10804
2710
5827
8359
6988
7980
8449
6058
10005
5672
5778
3853
5689
2043
10966
7077
7279
3969
836
6119
314
7264
5700
3014
9388
8518
9067
10195
8256
1341
9528
4906
5744
6239
4159
9198
6087
1596
661
6423
2218
7810
3635
7647
8932
6060
4479
5542
9698
10735
9983
3342
4140
7650
10050
8338
5596
1037
59
4850
2252
4928
7804
4150
2862
132
8800
6341
4508
10369
4129
7208
10808
9671
1664
3160
8238
1646
8801
8222
11050
4544
7759
10310
10975
9001
9004
8082
9865
79
7857
270
1681
5459
4128
7368
8461
8297
4
8239
733
4197
4370
7009
5852
7365
7
3332
8893
9354
5730
5188
143
884
9894
3424
5350
3274
99
3128
1593
3904
8103
2276
2331
5743
10776
2232
3986
7296
2478
9292
3101
6408
5681
7610
3768
2191
9114
1528
1739
119
4509
9828
6914
5839
10931
2144
9572
5116
8090
3003
5023
8296
5512
2802
2872
5669
4579
8094
4112
5129
5662
6974
6902
6269
1480
4146
8035
4590
8201
10798
2863
4662
6804
149
8228
6887
2452
8838
1616
3390
9572
5411
9503
9414
5043
6278
7944
3298
2118
6969
6957
2235
2391
187
905
8930
1508
169
9837
1054
9676
315
7076
9149
690
1124
3237
4396
8499
2087
3771
9100
1790
5317
8773
5755
1340
4481
9545
7164
3439
238
3063
10156
509
11031
4849
3119
4651
3539
6533
9390
6296
6173
7745
3533
2697
523
6169
7377
1103
6167
5475
4703
2891
4999
5362
9453
10870
2233
6119
5865
3279
9754
8973
3772
7733
1223
10269
5746
5933
9941
1774
1470
6963
4821
6895
8758
3651
2649
2150
9625
5231
8465
8323
8929
8482
1325
8786
1200
7809
1948
9636
1946
8272
1397
3049
1090
1032
1904
10826
1847
7110
3674
3827
297
1767
4550
7753
5942
505
2179
9919
970
5423
7829
7123
933
7384
8424
4486
7781
5410
1353
3527
5053
3600
9498
3405
7496
8245
9260
5676
1249
9181
8339
1818
6464
10306
3553
2366
5108
8889
2169
561
203
2566
8637
1496
1906
2757
3402
7699
899
2378
2434
7778
4610
5755
1955
9236
1395
630
3050
8833
5892
1679
4162
4673
5729
11091
2737
2443
6421
9812
6581
9159
492
3816
9432
7247
2395
8159
4036
6227
5686
2917
755
1240
757
1440
6703
1342
7069
6177
4443
1949
8207
7173
4260
2264
3974
5484
7994
571
5186
5734
4946
7010
304
5356
4912
8214
4636
7877
8069
1140
7434
9870
5831
888
4603
4181
9461
5095
5855
310
9196
4644
1406
6522
6897
2729
601
3141
8737
6528
363
1723
8369
4086
814
2428
4803
4650
3635
724
3754
5711
1434
7390
9384
2571
332
1500
7973
8740
2341
4287
4534
6689
10320
5308
9590
889
4306
5379
2195
1041
10475
5640
1679
10441
7392
4335
1305
10615
6404
7590
8412
10220
5832
6956
6359
348
2458
4408
4650
8261
9408
9668
5360
616
8675
1599
9576
3639
7273
7277
253
5329
3971
5388
10336
7066
9959
7409
5448
1737
8293
684
7384
2210
5388
3579
2287
3393
4701
1585
11076
4109
992
10410
9152
6865
1359
3108
8041
2693
587
11069
835
1871
1806
4571
10077
8786
5496
8897
8250
5790
2971
6519
7934
1140
3919
3236
5612
133
6590
772
1808
1532
6500
9839
9350
1484
4590
268
1123
4544
45
6032
4722
540
5847
4769
9947
9958
6090
3498
4229
5790
5315
625
5359
2890
4162
1126
4577
2234
10240
9557
6707
6584
11055
8537
7863
205
8399
6638
3141
8854
7589
4972
5120
1626
4587
7883
7823
2103
5864
8938
9292
10934
9978
864
4352
2056
4942
7865
7395
3886
2925
139
4819
2083
8518
8871
375
3768
8308
615
4588
4975
2637
9934
488
5954
8028
8002
6204
7197
9413
9440
4099
2611
3662
2073
10310
3093
10035
8829
1836
462
8048
10189
7828
6003
5762
1914
10915
3674
5310
3883
2955
8211
7459
4199
4889
3774
7072
1960
1016
10167
602
2831
44
2446
3833
9149
5611
6907
617
5253
9701
3984
4683
9952
10109
775
4713
565
1525
3374
1512
5547
1578
6645
9396
2883
5073
10351
10402
7278
2268
2772
7362
4002
1263
5937
7260
9826
2392
6971
10849
8956
8535
2639
4438
7961
4572
232
8198
136
3269
1737
5381
2800
9587
1583
375
5381
6591
8795
5618
5088
2245
1270
1775
5335
8813
3640
1850
6814
173
1583
4335
3432
8740
7094
82
7927
4883
5104
10711
3318
4994
7575
3493
384
5498
7103
496
4891
6837
9828
1875
7468
307
1471
8765
9666
10732
5514
9433
9990
2249
10114
7007
7194
8248
1225
5595
5765
2707
2232
1288
2584
9104
2832
5401
10618
3829
583
10500
2357
1807
9767
2974
892
6116
2477
143
9071
10533
9402
5367
1392
9076
850
7877
2064
2557
1984
1035
5681
912
6881
7919
2244
4619
345
5455
1910
5159
3840
4590
8319
8467
10839
9341
9918
4183
2463
8341
1517
3023
4147
10168
7329
8455
1425
75
7413
4367
7968
290
1187
4618
3578
2127
1324
1657
3286
9912
6693
10859
1131
4006
4182
64
1242
6617
6831
10725
6220
3315
2061
7712
7402
7904
7263
5026
303
3
10900
4377
8570
7547
445
6338
4691
5742
10687
1590
69
5647
2300
5792
6588
3524
4858
8944
2628
7306
201
7098
2031
5485
5426
3948
5142
6443
4198
4029
3004
5259
11060
3177
8957
10587
1259
10955
2881
10728
10650
369
1072
4253
1618
9123
6336
6876
5190
3160
3633
1014
8184
7684
505
4369
7449
2887
7068
10685
8651
10162
216
6027
6507
4711
939
5922
7484
4374
4859
5999
8739
2644
395
3223
3829
6520
2269
343
1251
7283
9948
7530
4260
499
916
7535
8137
2344
10655
7225
84
9482
9140
10538
7238
4913
8658
3576
8963
9139
8365
2999
3152
204
2525
2522
10952
5974
1223
108
8703
2142
10794
7269
9558
2660
11083
7728
5293
1956
5880
1772
10001
5767
10667
4965
984
10094
5667
1392
644
7872
3402
6190
8190
59
6456
10974
6694
3716
9860
2016
8123
8537
10156
4565
8429
7182
1046
6981
5221
3645
7080
7491
10246
6286
775
2359
905
7957
982
3236
2620
4211
4465
4867
9980
1939
6800
7589
5712
519
2148
115
6867
7117
9300
530
10663
1845
3855
8038
8204
5162
4870
733
3370
9719
5899
3942
8689
9484
10236
7916
1854
1587
1907
3986
8409
6270
6362
2207
9405
9512
6829
5424
4252
8565
3017
7093
9254
2896
7086
5765
6752
2452
2877
3647
2211
9018
3962
1541
1764
237
1015
10039
6614
7459
7342
3192
6042
7512
8150
8117
4486
1087
8071
6786
2705
7243
5946
8951
4328
9556
1655
740
9301
1939
4780
4685
9303
1844
4876
6440
2830
9158
551
6041
8316
5939
4550
3091
9125
6249
3240
10302
3163
6251
5788
1299
7979
3210
2612
1190
1019
794
2539
4069
7267
6234
1102
3983
5699
2990
3786
1491
4532
3937
466
5757
5934
10974
7714
863
2918
7322
6506
2876
4741
5500
9604
4759
7629
3507
10279
1273
2560
5210
391
5210
1813
1837
381
7282
858
3284
4000
544
10484
3673
8045
66
1894
6215
3648
10337
9938
1358
8326
2382
168
1630
6510
10165
2698
1772
1401
5887
2679
9421
9601
10697
2506
82
9376
1499
7973
1078
4925
5391
10712
2363
7703
5159
10440
4843
2372
2911
2671
3467
8831
5850
6530
10867
8698
6941
5207
1495
3704
5263
8982
2670
3838
10014
6702
4933
6514
4592
1321
6917
7405
470
8369
2913
3571
9447
2723
630
7915
1289
794
6944
10944
6116
9873
8845
10212
2753
8391
4502
6777
10515
3413
1231
5215
3263
6022
4687
10845
9195
7578
7385
9686
3789
3573
207
9161
6052
1120
651
6002
3794
5426
5771
9167
3106
3623
5765
1251
788
5696
7327
1474
2214
8378
7756
11
4032
3471
6157
611
9584
4663
2053
4640
274
9167
1671
9598
10393
6353
2494
10612
4888
6205
5992
4261
2195
1918
1352
10222
6606
6203
2518
10824
3773
938
6966
2250
2292
6318
10862
5018
1508
3220
9913
3293
1469
8470
11016
1369
8842
2773
6226
7957
1831
8817
835
6862
2509
6302
4770
1462
1835
7208
9835
3530
3376
5264
10208
1210
8419
8692
465
8146
8700
2895
10917
1340
7453
8940
8722
6170
575
10858
8825
3998
6973
6755
7171
10176
338
9676
9688
2140
1526
2787
1509
5707
2096
5267
10499
10089
7587
10457
3154
2767
2924
8816
5304
10164
117
2941
9726
2121
9095
9882
11062
4911
9982
8100
9236
4283
1159
989
9568
4520
9635
3361
1005
4665
4200
6760
3541
9504
4800
7862
9677
2365
3970
9351
6329
8266
6408
9167
8654
2536
9334
1174
6632
2512
8126
7043
8266
9435
7500
9377
206
3540
4078
4435
1894
7769
5297
738
8294
5868
10172
8391
4723
9751
1921
773
7429
4243
1886
9485
6150
8865
7430
9516
1334
188
7911
3906
2424
9341
9096
4643
7152
4631
9351
5766
3480
1347
9129
1391
7124
633
613
7197
4018
7329
5444
4934
7865
1337
902
6796
6872
2558
6422
9720
2048
3660
3275
6832
70
7181
2894
5342
9886
7540
7818
7645
10483
2027
491
3245
7936
195
1232
7764
2512
3990
3233
300
10025
1696
9825
9048
3685
10353
10606
1537
8387
10021
4489
9207
5884
321
9922
991
5904
1936
8963
1703
398
441
9225
7982
3630
7901
6581
5179
8849
8979
4153
6548
2101
3793
9135
9323
7225
4850
5020
3706
10165
1703
5592
3930
3285
4226
5446
3260
10148
7830
7999
3961
4916
7116
9288
2268
3361
5483
2323
10157
5330
4819
205
5069
3357
364
3546
5976
6308
6284
3856
559
4613
2852
5257
1636
7189
6295
5923
6727
1297
9986
6892
7469
7867
7423
195
280
8264
4032
9686
9570
7602
3439
10317
7198
7439
7568
1604
8860
10139
1284
5464
8145
10232
366
9277
7464
11048
5559
9909
9683
966
10018
8794
6952
5984
1342
4144
8731
4156
4073
589
1370
1037
9011
3948
326
5316
7481
5558
6663
4587
3744
6453
9191
11037
1882
3494
1976
4826
3134
2904
1461
4319
5795
3892
2304
1134
10233
4568
4049
8528
8935
4176
8757
899
11060
3584
10819
4690
5718
5464
8255
6649
2515
5132
1076
1820
5539
8017
10238
7620
7042
4646
8523
3985
7194
3279
2703
9146
6581
363
6416
1778
2698
8060
8735
4920
10931
1193
10672
64
639
4289
9039
3047
9241
10081
6743
3213
5941
5753
5621
7505
8725
278
6251
6441
8091
2741
7538
8660
1561
10619
9297
3453
7960
7502
3030
8963
5621
5986
8523
1440
4375
876
6901
4438
3796
1780
9095
10623
2523
6551
6672
5003
9476
8941
2008
8162
2001
8228
641
4160
7776
4000
9650
8427
6361
10189
4452
4363
5964
8941
10476
8230
4420
119
1368
4344
2545
4099
1632
8181
3610
4804
7684
5003
8614
9940
10116
4029
1
7289
3491
10291
8526
129
10792
8297
2571
7075
4224
490
3800
4585
3658
8507
5593
4884
8097
4478
4823
3985
11066
918
9345
7698
1895
9118
3270
6565
166
4950
6545
3477
1098
7846
5170
10256
4366
9378
4432
8641
6416
6673
2627
1991
10363
53
854
10654
8860
8601
10558
5657
3816
656
671
2515
5025
8362
7950
10178
458
3075
1463
862
7874
576
3790
6101
1878
692
7450
10552
6712
4247
527
9297
3758
3609
5731
1271
3812
5452
5885
2831
9452
8528
1124
4275
4474
642
7279
4277
7152
7675
8461
1945
3696
5556
7023
6530
3579
4098
1293
5954
1
1260
108
3197
10351
4979
4512
9973
9051
4113
4293
5325
5077
7903
10614
2551
5617
9623
4612
5348
10158
10653
1352
2666
8100
4829
6559
5985
2172
8749
1144
9227
6249
2917
3070
7851
2918
5404
10379
9114
4169
6513
6334
9935
3966
3612
670
6572
9450
5338
6972
715
7089
4334
7778
8631
8684
7278
2570
5647
4613
10593
10774
6473
4696
1086
10626
10768
4733
8980
7351
8190
3124
10804
2930
64
9287
1703
7025
3354
7334
5621
1441
10788
3870
6543
3874
524
9671
2431
4131
4832
2544
5635
616
621
7263
3711
9416
2623
6176
9405
10374
3680
1654
1150
5901
3717
9761
9581
9501
5466
1417
686
4378
10451
9094
4021
8589
5652
4388
3676
5262
4842
237
7123
2373
10115
6363
353
11085
4882
4501
4194
9518
3021
3977
7894
2415
3537
4292
8226
10907
7465
3973
9238
9955
1191
9127
1632
582
9285
9228
1756
2418
10530
1585
5009
1235
5569
5837
10366
5366
813
3135
9659
5681
4250
11046
4317
7521
8635
4252
6351
10399
3567
5336
4378
9785
30
7292
8737
5586
5285
7889
10962
5390
6598
10951
840
10786
2697
9592
1731
9788
1204
3007
3311
837
367
3040
6240
3064
786
10545
7703
10095
7459
5921
2088
3712
9661
5124
6619
4862
10403
44
1089
9885
8022
1039
830
860
3468
4187
6798
4892
522
4350
2947
1782
8311
6428
10173
9100
2431
1334
2418
942
4418
9860
5933
8760
6391
3449
1041
8901
8162
2165
8435
10273
3201
8991
3692
5698
4632
1457
2095
1376
1978
10486
3088
5012
1613
1137
316
9149
5101
4923
644
6995
5190
10908
10925
5498
8366
2115
531
5572
7378
5989
5260
3912
8105
4060
1351
8691
414
5300
10992
2909
8403
9411
9611
2570
9852
4363
582
6131
10203
474
20
3395
8476
1163
41
8292
10808
8336
10989
6430
8950
682
1939
9266
6723
10286
6827
50
335
1564
319
2722
7616
7315
4209
10006
3866
3113
2310
7133
6367
6986
5523
2720
481
9278
2279
9601
2648
5068
3782
553
7872
8042
9959
6045
1982
3557
3199
9778
3443
8800
6038
10477
4595
7500
3017
8774
5733
3202
6574
2944
7297
1456
8642
1143
8734
6800
8139
9644
3364
1653
1347
2381
9878
3025
10344
8385
2864
5228
7653
8209
3852
1460
6897
4450
498
6392
6498
46
1573
1829
5241
8423
10421
5206
9847
8994
4900
9676
3966
784
3367
10169
5498
8527
5315
8622
3499
5394
3066
2900
4262
4562
1277
3796
3296
622
7525
882
9058
1829
8698
7434
8638
7892
745
5336
1239
9231
7239
3085
6775
4456
9373
7023
1495
1918
2860
183
9151
6471
4963
2984
7477
10851
4105
9444
7311
8624
356
5770
4752
7404
8882
7809
6443
8675
6800
3722
10564
5780
7915
2492
559
6552
6751
2503
3496
623
10756
3034
1100
958
4847
10731
1429
8126
6454
5566
4665
1049
1453
9725
3572
1483
5017
5337
9917
9206
715
9182
7318
2680
10815
578
904
5903
5474
2416
6226
1118
1098
7449
10870
3997
8812
182
4515
2643
7089
7671
9380
146
2291
3590
3093
9023
8108
9029
5116
2238
2315
9390
5869
3459
527
126
7235
1721
9482
1702
8788
6205
8308
7788
348
1017
5726
1728
4159
3688
6311
6550
8885
2567
781
3002
849
3409
2670
8473
874
9094
6235
884
6884
7745
2211
6428
6061
6027
7594
3245
7484
5429
7283
8368
9409
4689
4778
7474
5902
9879
451
4086
2538
10461
10512
966
258
6633
2054
6306
10284
804
8238
610
2835
539
1525
6752
8512
73
3509
10272
11022
7202
7827
5284
2611
857
7487
2546
4824
5128
7387
9460
1397
1653
2502
2542
3330
8664
8013
4065
6153
7775
8089
7476
7876
9931
6037
10591
3568
5696
9322
2026
6975
4233
374
9228
764
6255
1347
3699
2000
2758
7389
3890
5087
3439
2503
6132
6704
8881
7751
7062
3420
5115
8436
4770
1815
1003
8384
10622
8371
10687
5261
5845
6392
586
6340
4820
8931
2525
8729
1177
8864
8142
4414
10160
10141
3024
4494
6563
436
8488
9186
10111
5386
7662
9901
2721
131
6443
10943
9234
383
8997
9823
8764
1576
2952
5160
1332
9405
5116
61
9922
27
3086
5807
11033
10290
7856
5699
3018
2151
8725
2759
6842
8824
1267
9514
6293
5030
1768
4494
1307
4905
5299
10304
3555
6669
10871
5926
6167
2701
2965
3833
1885
5352
5937
1083
6837
10059
4981
2151
4725
20
2235
671
2540
370
2321
3526
2287
1369
9511
267
9933
267
4444
4732
1622
4178
6217
3538
2048
1580
1511
3871
2193
9384
210
6378
1242
4904
2189
4925
10689
10553
2778
9336
3731
6522
2720
613
2696
2069
1442
5778
2920
3165
1919
1819
370
7157
5542
8429
1334
8766
9714
6057
3418
9453
1471
9508
8813
5099
7670
6393
10146
1436
7671
7931
9495
10023
4939
778
2145
1813
4077
3195
8495
1284
9603
5797
10435
7248
1101
9491
5780
9614
6511
572
2000
8826
10064
10103
6219
8864
9792
6085
6098
3428
1474
6484
1986
2478
4293
1873
9222
3992
2357
23
7527
6362
3525
6629
2160
4326
9985
6671
4401
2885
2917
2318
4321
4356
2501
6392
3130
6726
143
6788
2032
984
1312
9154
6154
1433
8154
7217
6186
10361
6161
5632
8763
325
2095
2788
995
1740
355
7708
10990
10269
10440
67
9843
10880
2943
10688
3182
5235
9096
10820
3090
7970
7751
8615
5173
5004
5217
5661
3624
9836
286
7530
2046
3466
4861
10285
2911
8527
9693
4346
3418
581
7484
10604
3472
6020
7922
4122
2071
4290
1787
4641
7785
3715
298
6879
9611
8750
8160
8579
2532
6199
3866
1044
7048
3694
10836
10020
7836
10420
3063
5889
6067
518
10658
2450
5710
2696
9336
4246
6026
1073
9324
6666
7145
6113
1903
5753
5227
2214
3230
5633
10746
8180
8235
5988
7209
9623
6331
1318
4580
1951
7531
5565
7245
9066
4547
758
4805
8881
6920
1068
3850
2073
9049
5754
3880
4292
9458
1283
4037
3506
3635
10513
2096
225
6372
4583
2082
7981
7085
2362
1226
570
5007
8688
9649
2582
4291
8892
6595
5131
595
3096
981
1982
9639
71
2985
9185
7083
3398
9302
8402
2581
10904
10726
6136
8189
4427
10030
6708
7101
496
6780
7893
6717
8009
4432
2881
2245
1191
7224
482
9702
1200
4677
1133
1416
8588
3858
7144
10698
6695
2729
9325
2912
9482
8134
1725
6197
5721
5376
8153
1877
52
5958
11
6866
6177
5814
8173
7148
10319
3149
3306
775
2590
8765
7540
7666
2633
5703
260
10779
6922
10978
900
6907
7520
2150
4595
10657
8957
4136
1749
10022
2837
8572
8494
5500
5894
2091
4195
7151
5559
7160
9095
7919
5481
345
11038
7144
1337
7249
2783
7470
8429
2152
7685
4379
4626
3105
9645
3764
4403
3051
7096
636
10296
530
4592
8784
2734
2189
6916
10762
5699
9905
6416
2454
1850
6588
3518
7203
5979
5763
8185
840
1037
2880
702
9862
4755
3763
6523
7878
6030
2906
3407
10670
1430
9163
5846
5476
1961
3728
8811
9353
6227
2982
3875
8679
10457
1223
10032
7133
4376
5636
2640
5498
548
11067
6840
9548
1798
10104
9048
9083
2351
4230
3253
2287
7946
954
9408
7365
4216
1025
5844
2301
1395
3627
5262
8749
7169
3465
4179
6366
4436
6825
1572
7992
9718
7966
454
1127
10811
6243
1337
2241
2572
1348
10327
3341
10617
8455
7566
6598
690
2971
897
2366
10376
7768
8504
8691
7937
1942
9082
6208
6329
2164
3967
10972
171
7278
1683
65
3180
1124
9207
6189
3049
4008
1124
8538
909
10073
5774
3505
7422
4054
324
10247
3401
6977
5047
4322
3102
5575
5373
8512
10990
8547
2259
10279
702
2895
8869
10376
3149
4832
124
8446
8268
3995
5645
1181
4622
570
2251
6418
5082
2213
3730
3241
1219
3847
6991
5010
6089
5832
54
3351
10741
5632
9570
1993
2898
8023
8903
8168
10309
8090
8470
6895
7551
7487
5727
8092
20
9360
5512
10002
2238
6348
5109
9953
6919
2757
7808
585
972
8356
6236
9834
2388
9247
396
9999
2400
8690
2437
5725
3351
8278
3299
5760
9370
4966
10890
1056
1887
2507
1609
9971
126
8180
3524
11078
9089
6022
7236
4522
1498
1666
9574
3431
4666
8975
1032
10291
8040
4254
718
644
10872
1750
4931
1257
5892
2135
7072
4819
2331
2498
1386
6622
6353
2432
2583
549
6448
10176
2749
10992
2268
3256
4184
7429
9188
6744
2598
462
9679
2492
4534
3589
8902
4607
4904
3751
4244
2768
1083
910
4016
10532
7561
3850
6704
9756
3432
4311
1394
2300
3615
5766
5926
2379
6257
7944
181
10020
5794
3665
131
2788
3321
60
983
5541
6781
2762
2110
378
2179
53
2657
4910
10288
846
10039
7224
3096
6260
6827
68
7802
3183
3943
4663
11038
1692
256
5233
1078
10468
9815
6936
8468
9832
1269
1940
6317
783
7647
8419
7923
2293
10408
9742
1602
3075
2307
1984
1793
11079
5024
5312
9535
4430
6033
3006
2583
7384
6433
3511
10893
8942
350
10143
3649
2282
8427
10944
1776
8962
3127
889
2776
8446
4007
4630
8603
8949
279
4557
8076
2610
1752
6634
8670
1015
1445
5678
10769
2620
9394
9139
228
1548
6969
9343
8149
7107
965
10101
8171
6733
9029
1030
7140
1275
3996
4168
5184
6158
9189
7250
6941
4085
4653
10446
14
4970
746
6478
1983
5061
4112
9862
375
7982
6610
8721
1890
9464
4838
2502
6545
2150
5049
8571
146
1462
1893
5244
4921
4231
4612
7121
3388
9939
2516
8992
3472
7823
6319
4659
7140
7006
1701
11052
8177
2421
6030
11026
5866
10250
8636
10155
312
4370
8355
2240
2814
4869
5301
8381
8683
3431
3890
3287
2894
7592
6612
6125
4430
10587
459
3373
550
10381
1453
7126
2568
7928
2145
9707
7783
704
10958
477
5589
10187
3639
2973
2927
7979
6324
5140
6294
9922
9322
10123
8918
7118
9704
464
7109
10276
3480
7886
9712
9236
157
197
10322
8288
3961
7293
2697
9321
916
3944
10985
5387
1775
664
9957
6058
9594
431
2964
7856
8541
7215
1522
8594
8139
8444
2529
1400
8545
3872
1040
2517
6340
4407
4882
9233
2678
175
8610
7995
9323
2112
4630
4266
9742
10527
8353
10031
9721
8366
10019
9084
2965
9873
2349
8508
4956
4774
5005
8721
1689
567
10193
1816
6175
6972
8783
8618
9814
8660
7609
6915
9786
10884
4494
507
5953
10985
3531
1487
8924
2820
1781
8236
3007
10380
5748
1572
7531
10269
3426
3734
10723
4238
6848
5211
4220
10457
6075
5280
5228
9203
5746
10304
4915
7651
3095
643
1176
4270
4294
1307
7080
5060
8517
5876
2222
8168
2059
4683
1421
10605
4069
6240
8844
4536
1095
2347
10579
9600
4434
5254
1681
898
454
6565
3115
7625
9405
3452
1625
4307
10995
8991
4717
508
3745
10890
3726
10036
9800
3063
10493
8216
3691
4404
9047
5573
8828
1741
9673
4327
8161
7278
905
4265
8331
5125
5971
9742
285
6304
2370
7117
3431
10933
9338
3287
4799
1117
35
1700
3681
8442
5560
6048
6170
4746
7367
7638
5943
2380
5117
9556
74
10467
2388
4868
1873
5446
7055
4347
10215
5553
10003
611
5148
5581
4680
2661
7768
1739
3253
5972
6526
4685
67
1315
10345
8718
8511
8629
10450
1417
7705
10050
5773
5169
3476
4290
9931
9399
8769
3860
2535
5500
3374
9266
8124
7217
3810
720
9397
1236
8396
6142
7801
6881
4773
5717
5742
3871
2224
3492
5471
4154
1136
8682
7531
1302
4497
482
10686
6932
3970
7953
282
10824
11096
1249
8786
1958
8924
9160
10231
1321
1249
9036
9398
7305
4172
2873
9686
2650
8069
5365
5908
3879
8081
6557
7632
6237
8838
5212
9432
5142
9724
2427
8987
2431
7651
7815
10161
4953
7762
8913
805
4154
1381
8270
9181
4552
9039
2222
7065
9877
9158
3867
8834
8371
9818
6400
801
8505
2217
6295
9352
303
9763
177
8996
1742
10947
5122
8756
182
10844
7044
9989
7702
4990
609
3868
10962
5645
10842
3528
6921
448
10733
2343
9141
6058
1763
284
11046
5721
1718
1169
5384
5690
4310
7727
1411
2048
3004
3163
5677
2249
6913
3061
10932
6833
4332
1725
2518
7937
1571
5521
8221
8788
5963
966
5526
10410
10904
4729
8407
10591
1015
8385
4190
5937
2371
9444
6423
5965
9048
3232
7367
2597
6521
10608
3906
6901
2559
5675
4417
4050
9473
2665
3125
3807
2150
9870
184
6087
7433
3565
758
6945
1372
9554
1119
8319
3301
2875
99
3794
8969
10689
4543
7767
10800
2323
10552
3212
2805
6587
5263
5005
5792
7143
8020
6436
4761
4567
2398
5850
10823
9225
10603
7970
6511
8431
9297
7208
7687
7783
1419
1376
8728
4798
1225
1249
10323
1518
4499
1104
10730
2252
3670
7283
6778
8237
2966
5421
9081
1464
2266
1050
746
697
7109
9281
9510
2605
9833
6497
10152
619
4949
6427
5603
11085
9720
4860
18
4884
3882
6963
8327
397
5505
40
7743
4967
8167
4888
10526
2175
1155
9879
4233
316
4346
10811
10623
1987
5446
10591
9539
5779
6033
6660
367
1651
8071
6589
6964
1611
8569
9477
637
3129
1401
1690
5277
7442
9724
5912
5102
1697
6576
8250
342
7692
2708
8713
270
8519
2661
305
9810
3589
9566
3061
5795
833
202
3526
10211
6689
9949
3073
5496
2163
6622
2395
9051
3398
9225
1930
5974
3990
6785
671
9445
9594
7888
9175
2327
6151
10101
10710
6004
7564
10983
1072
699
5511
7956
8808
8588
9458
5851
6281
7938
1024
1257
479
5790
4979
4378
6983
5448
5426
34
9151
176
814
3134
8892
2116
9496
2869
8228
9793
5470
9591
10154
1590
6632
3197
5267
4193
8711
9398
9629
10553
7164
4687
4236
3948
3359
2100
4839
1212
2149
8163
6531
4895
4576
460
4226
10266
4883
1896
7761
6166
6520
10737
3608
4435
7993
3931
8299
3396
453
5927
8772
7607
1267
8961
5536
1410
7554
3365
8265
1997
4265
69
7311
4007
8684
4217
8908
731
9192
6682
6655
4454
782
2232
3789
6857
1160
7433
7393
283
3616
719
8102
321
9060
896
1106
3606
2129
173
6490
9680
5927
5434
7723
9065
5345
1957
947
10569
7879
1697
616
3829
10216
1531
6566
8238
4104
336
4247
3584
9815
9682
4079
7705
5428
4952
9954
9729
1325
5033
1680
541
9215
1886
6380
8290
2554
6886
5320
6460
556
8371
3528
4370
6479
4372
2296
540
10529
1794
4343
1607
3881
1620
1832
6069
3629
2495
10112
4334
7270
4833
4403
5343
4400
8984
4657
7189
1640
1223
5991
9101
10693
10943
1739
486
2223
6920
6429
3040
7682
334
9747
902
3452
5263
4835
7625
1210
7066
1786
8025
7263
7223
9884
5541
5815
5837
8685
2699
6601
3550
2643
6738
6835
8226
2750
9276
3726
2003
8304
10037
3334
4226
8644
261
1724
3333
9593
4367
7828
9742
9145
7743
10066
10764
5581
10655
5453
4180
1331
9337
6349
3957
7390
2960
3084
9091
9861
10203
8921
9361
731
717
5707
5517
9242
1485
638
2243
3703
1248
9059
93
8450
1559
2248
5478
4116
1998
2697
6902
1468
5665
2631
7559
5440
268
4453
4197
7796
1034
4629
103
1141
4415
6158
3513
5767
9438
2768
870
4232
3207
1491
1093
8917
1961
8306
4632
1307
3111
6685
1560
9439
4949
3748
10926
1406
7035
10916
4425
66
2681
5951
1971
667
11003
26
7168
1371
7740
8699
5341
2391
7774
5546
1327
7103
240
876
5081
8717
6081
9435
2891
4188
5590
5920
1475
2980
2280
7766
10575
11020
4807
560
5997
2814
4173
1571
6316
4557
2386
8251
2713
10381
6013
4594
4878
677
8214
3530
10151
9403
1397
3687
10725
544
7268
3654
4256
6936
877
9903
10632
3998
2900
7901
5062
3982
10294
10122
9451
738
10555
3918
105
6948
3964
7915
9495
1455
5991
9365
2060
2294
1490
7121
9116
5390
5702
4451
7268
7331
823
6399
5448
10569
2409
10704
10465
4853
9726
10726
5949
7061
2610
2855
10986
1603
7641
5697
6654
4281
5840
3335
1774
10080
1391
8723
836
9124
3675
8811
1787
1668
6358
8250
2635
8146
2471
3299
5109
8879
2295
3501
748
3828
8402
3087
9441
5623
10272
7295
6475
1778
3171
222
9154
2827
2477
6409
4727
10270
7745
9050
5769
6271
11093
1041
3692
3696
6043
1610
10608
9613
5652
2153
6202
891
2819
3688
704
9384
8099
7564
7184
3911
8711
7928
3333
8437
489
10593
4098
10042
1797
5475
5599
6766
370
723
5080
10817
7259
317
5048
2916
6493
1106
9414
7346
8072
8083
3681
10492
7390
7875
2245
7369
2297
4940
8747
7875
3432
6488
6794
9863
3033
6666
1262
1707
3151
7482
1581
4952
5979
2740
7102
4689
7092
6480
4977
4037
7709
8535
2209
4800
5607
6948
6403
9345
2319
10291
1608
9962
2172
6194
9504
298
10154
1082
8448
1217
4051
6548
985
9294
5069
5615
4884
5300
10337
6177
8889
9194
2
251
10936
8327
6870
10199
3200
7898
9852
9265
6061
6392
7829
4885
3725
7213
6451
7092
5351
975
335
8691
10399
8815
10285
9120
6496
8958
10675
6867
6015
437
6583
6669
6242
3076
148
2550
10380
5575
9872
2098
3656
4426
8115
1412
10246
2454
7138
10661
7767
3096
887
10949
3316
8645
10476
318
3341
10923
7903
1510
2329
345
9282
3448
8987
131
1009
6039
741
2155
4012
958
5229
3902
6763
8022
7061
8946
982
10201
5939
7555
10935
3742
2737
10933
9857
6897
7680
8399
1520
1953
2252
6075
4984
11036
18
9153
2631
9018
10289
7795
2608
4710
3387
272
3382
1132
6792
6367
9263
9357
6611
7397
7967
5396
7153
10997
1000
2702
1369
2907
8849
9067
9432
2988
3837
3422
9022
4656
4051
621
795
2381
2799
5872
8355
9415
10615
10821
5166
2578
4846
1205
3589
1063
2759
830
10198
7356
4385
1278
4211
2708
1328
3067
10857
9137
7819
10414
10263
8606
3205
8364
4273
1561
9692
5555
2325
8365
7192
2447
7599
2834
1354
1352
7278
6940
8684
6177
9547
8073
8051
7146
10609
9880
2369
35
5446
7728
10156
9942
3234
8573
8008
1832
1419
2983
4735
7215
4720
6561
895
9403
9846
2754
1055
7322
2845
10903
9585
1801
7013
5722
2076
2533
4004
3918
9041
6030
6014
8406
685
5798
1024
5427
5961
10126
9353
9705
6858
10650
541
8227
1044
10798
1480
9612
632
556
9940
3853
757
4434
879
7898
7191
1792
2320
1531
6445
8810
6258
7332
5409
6666
10548
6996
7584
6629
4229
724
3160
7952
2718
4702
4013
7253
7629
10746
10791
7899
7574
544
958
5011
8443
9225
3789
8422
2757
5328
5610
2727
734
3024
2834
4501
2178
3627
4969
4685
738
10087
4325
7819
63
871
10934
240
6315
9837
5727
4214
1009
9991
11037
1805
1867
311
2717
10730
9796
4504
9364
293
3843
8985
1455
431
3753
3927
6051
1916
3952
3984
8238
10
10900
5728
7740
1716
2555
6487
8532
2966
5834
10977
9947
5224
6458
1590
9531
1418
6685
7127
9704
9309
6109
1615
10051
2464
10111
7117
7431
5813
4402
2607
10180
6627
1181
9378
6701
11085
6640
3968
9498
1511
8533
5972
889
10222
1992
2132
3273
2972
6711
10688
7648
7420
2677
6298
525
2986
4881
7904
6468
683
2520
10375
9542
7586
8357
5496
10699
1225
4783
6465
4848
7894
2779
5508
6803
10607
5969
5111
4328
6539
205
4376
6317
5781
5346
6497
1915
8517
7786
7747
7827
5195
9926
16
6074
9790
8551
9184
7822
5592
10155
11027
8284
1491
6108
8958
8929
2786
9302
2103
5341
10418
1747
3615
835
10868
10039
4602
6209
7270
5032
7808
10291
6391
10576
8167
10358
10876
7725
2051
5945
4104
2799
7702
4869
4036
668
8328
10576
11017
1699
5094
843
7265
83
10055
7787
2824
4467
2888
8612
6384
9784
8588
252
5663
8713
1699
7001
6091
9049
5973
1142
10747
10153
9364
8959
2676
5549
6263
2321
5047
8128
10222
9645
6252
3064
10974
8911
7403
8273
23
2703
2346
9584
6021
2648
8994
3757
9428
6698
8959
8587
5995
1119
11007
5414
10884
3133
1760
2580
775
6154
2377
10482
6345
6626
1826
6131
7001
10903
6425
1701
5836
9756
6658
185
8491
8913
8732
9886
9356
2912
917
8389
5668
6402
8233
3964
2747
1059
6110
2834
1179
9934
10361
1616
2840
9580
5009
2931
7267
2111
4529
3005
6310
3840
9807
10704
8868
4869
539
1229
143
10587
10549
7351
1296
9698
4800
8512
7974
800
2734
7512
5367
8842
1102
2234
9030
1419
4010
2457
10672
9749
7701
10590
5455
10271
316
1061
7521
8311
5046
2476
10643
7880
7698
3453
1521
8154
7561
10306
10003
6643
9652
9448
4263
2704
10668
9017
3959
6265
9736
4537
2181
7101
8496
8471
10521
7484
4302
6110
7305
5710
1368
5952
5526
3847
4270
8390
1129
212
10928
3168
6944
3466
5656
11074
9306
3983
5382
2974
4021
4208
4514
3040
2850
8274
7850
1172
8975
8893
9725
5345
8694
5050
6359
756
3485
1544
75
10495
8997
1880
10533
9315
311
1939
4953
8859
6089
366
615
1975
3951
10944
429
9343
7268
6341
61
5494
10864
7393
9842
6628
5253
10177
10039
9814
7980
9090
10290
8191
5085
9830
6994
6404
749
7380
7333
2054
4526
3372
8645
3722
4741
10227
8740
7500
7872
207
9324
9400
5074
1363
1234
1222
33
954
4886
3881
5035
7477
5045
7604
3930
6247
3555
6078
1650
4785
4820
10826
6262
5793
3954
204
5578
9556
6385
8811
308
10886
10721
9030
8136
2751
10367
5679
10001
1861
4385
6355
876
4002
9238
7123
5618
9158
9103
7287
6896
4801
9940
2767
3625
265
5903
2802
8122
6751
6636
4498
7854
3679
2716
1451
627
73
9487
8911
6266
8040
3732
9485
6125
5767
1876
1222
11048
7934
337
2931
10593
5822
105
9755
7017
8490
2922
7274
11062
9033
1691
6050
4582
7261
9008
5430
9115
4432
8409
2645
2382
6600
5631
2971
7309
7761
3661
8145
10119
8604
340
8863
8801
4842
1496
8531
6208
6626
9838
3326
9825
5898
6402
8747
6128
2478
9859
6542
3532
4033
7705
10640
7174
2000
4533
9411
6390
6519
4965
8714
9906
2384
10352
3850
6156
9404
2874
2327
1776
4114
8664
3722
5215
5279
9117
405
2011
7215
10277
5727
568
8919
4867
8064
8981
6231
4939
5130
9493
346
66
795
8523
810
10191
4055
6846
7686
4995
10891
6631
5523
774
1826
8907
3064
1922
1670
6614
877
10534
7967
6100
1298
6070
4135
7668
3623
3677
10120
7869
4089
10382
11086
8633
10822
2607
501
5289
6296
2686
7222
1236
8612
1453
7667
5688
3027
110
9394
4548
2630
9068
5616
682
1977
5203
1960
1709
10141
6697
1451
5946
4022
30
10116
7264
7070
1998
1661
3586
1016
5791
8384
2474
7607
5600
5340
5104
1837
6330
9490
8205
6807
8522
6534
6602
8802
8130
9916
7224
9226
2629
8736
3934
10683
2783
5671
1390
7942
219
3822
3968
11026
9899
514
3440
5657
3113
7877
9046
6610
7980
825
3398
3762
9742
8643
9379
328
547
4330
6751
8993
5646
2197
2671
2660
10947
6774
9734
6799
8038
584
4181
8460
7951
10743
1754
3539
9594
2542
525
7469
10338
3371
3349
72
7767
3465
744
5618
5297
8748
2195
5333
1727
8677
7781
4563
4423
9960
5004
9062
3821
4742
2154
833
2926
3274
5064
6219
10736
5911
5355
1782
5205
9508
1918
6282
9351
8168
5477
1854
1411
10961
10586
4327
6089
10063
8582
6101
922
5832
2948
6803
2253
8796
731
2133
3910
3308
7214
9343
2214
7635
5098
2237
8197
117
10443
6419
757
2895
9527
2012
6938
6003
11038
1758
5062
10637
10175
10348
3430
1950
10587
7208
8421
4907
8162
9769
9825
8516
7798
931
991
4680
4159
10361
6013
10402
1772
3580
1435
5937
1516
4937
2396
4065
3385
5719
5654
7447
1636
4318
8592
9682
3150
968
10138
4461
10307
9948
811
10186
2564
1754
2993
5720
3191
10978
3884
2284
5071
5857
5181
9093
10654
4554
4068
10825
9090
5897
6778
3717
1609
3635
536
1275
1952
1085
3851
6584
10867
6126
7543
5039
391
4447
10651
4532
1801
4648
8423
5441
9257
9477
10828
6189
6983
3384
10097
7140
9579
9650
1439
881
42
4156
3229
1798
4450
1002
2065
8204
2280
9722
10656
3816
5821
5843
9007
8103
1640
8040
7057
3203
9862
39
10439
6985
9281
10036
9346
2196
3570
2955
7962
5231
3344
8516
4917
6924
8928
5445
8464
9835
3054
9323
10327
2945
7014
1814
10962
5537
8523
4954
1546
4111
903
6019
4311
466
8560
4626
8228
7904
2266
2661
2883
3989
4823
3322
2661
5187
4253
5373
1479
5319
7077
8461
10850
6058
3177
4784
2456
565
3567
9630
8847
7888
3436
1968
6147
2141
780
3073
10653
6339
4302
1292
6666
5660
4659
3840
806
8899
9138
59
2009
6627
6625
6247
2240
3573
9035
5417
7182
10939
8194
1426
1849
7988
7000
2075
1302
11084
4721
8924
3890
10171
4966
9525
8210
3845
7042
10179
459
2516
4823
9306
2780
4806
3052
1715
5087
6935
7468
9127
3315
838
296
8935
8164
10930
410
9680
2660
1745
2120
1814
542
5025
1161
9792
10546
9492
6761
7993
2574
4960
7040
8765
8594
1965
1353
6150
3214
152
1021
9598
1649
2221
8769
4195
500
7383
1557
9022
1471
5564
9922
5543
6095
321
10974
8260
8246
7077
10555
3440
7035
8727
4227
1126
10124
1368
7725
9971
225
2543
4599
6316
8411
324
3184
5301
11003
6319
7667
8289
5691
1728
10120
7532
869
385
8837
1776
3986
2402
8798
4959
7413
3443
3660
9378
8669
7638
8393
7523
4909
1296
6433
4133
9050
8294
7842
10114
1249
307
1415
9447
7502
1098
5811
2221
8197
8564
4308
75
4790
6749
4211
9973
10037
8957
561
9212
8275
896
8416
217
7624
2932
2164
5489
9997
953
7829
10748
9964
8182
9993
2752
5819
8535
9210
3944
276
6347
7978
10180
10552
4400
7476
1332
10688
1069
6736
10032
9496
6267
6549
5040
4403
4742
8679
9563
3411
10111
4503
1227
7542
3419
5141
9940
8850
6522
1793
4858
10408
9854
1412
7609
1709
7597
10131
8960
9318
6979
9084
3284
8984
1220
523
363
7252
539
310
4795
10005
6615
2618
7547
2717
3528
8634
5278
6025
1699
3445
2144
5175
7912
2884
3362
2694
1416
9222
6026
5844
8592
6158
167
8875
3607
2160
2667
2761
1262
8170
9034
8119
9283
1223
6427
1180
3398
5311
9146
8136
9918
4937
4141
8417
1541
9843
5199
5424
827
2851
3879
9418
10119
10264
2874
2602
848
5445
4172
463
7394
1147
499
1575
156
2832
5124
7091
5665
10167
5951
288
6289
9094
6227
9422
768
8532
4140
10103
7510
8769
10735
9474
2348
3822
5255
6225
9474
2934
1419
3095
6969
5058
6440
4201
2820
8007
1034
3072
6865
8550
9921
3117
4851
10332
5946
2575
7695
9864
9661
5278
9862
946
9290
2597
6601
11070
4591
8901
3459
6360
9423
5362
2842
8003
1197
10509
2545
8570
1242
833
9636
1087
5668
5250
6879
2918
3173
2952
4222
8655
2527
10403
3824
1860
7509
5622
649
2591
2525
3051
6195
2692
3093
6129
3015
7196
4456
10512
6889
4778
10109
771
999
7928
2878
6814
7813
5785
793
7626
5543
2736
331
7687
2276
1484
304
10713
9877
2347
4021
7890
8283
6343
3215
5303
2266
5794
5059
4515
5456
7705
585
10776
8298
5936
10214
10262
607
7275
3831
602
7900
262
8529
1173
3944
799
893
9514
9447
791
3368
10459
7960
7593
504
6398
10539
2732
9877
2832
7125
3517
9468
8584
8172
4910
2743
11005
5259
9823
3928
5668
1418
1121
2647
10045
4992
10663
4926
10430
7335
10323
7852
186
1541
4275
5394
4810
4241
211
67
85
8001
5100
399
4301
2791
7269
10058
8574
9942
1081
3366
256
3317
7534
1050
6938
710
2379
55
10737
4247
5392
825
1613
9907
5453
1885
4641
8266
254
1710
10206
4194
10356
1540
7546
6332
6090
7322
1928
3382
4125
2307
2367
8689
7794
7209
5441
10978
4647
4394
8386
4366
10148
4011
4753
116
2998
4451
7931
5244
9623
1309
1226
9233
4385
1988
8628
8101
11001
9926
7042
8146
7939
9189
10438
925
2271
874
9974
939
9080
3830
4201
3605
9603
5964
3468
1595
2191
4030
5637
9817
6587
6241
8884
3050
7198
7493
3821
6633
7755
8805
10227
2831
9400
7883
7171
2800
5743
10895
10262
10773
5613
2903
1545
8263
4387
10527
8270
5336
4357
6689
639
9919
8813
8405
7436
2777
7644
5860
2394
3196
7649
7238
3865
6862
7616
10359
6823
650
3356
777
10901
4943
9894
8095
3684
5479
9350
788
5633
417
1708
342
7065
150
9279
7832
730
7514
6616
10990
10546
4078
7789
9366
10193
6213
628
909
5331
470
481
7194
5468
5881
2514
8464
10829
5667
3447
9794
2561
10578
6076
2389
493
7866
3028
3322
10536
6841
5626
2617
4112
10340
1070
9488
1331
3244
6749
5144
7174
8596
1758
6576
7579
7279
3682
4472
6517
6629
1154
7345
3396
5394
3857
4407
4536
7651
9032
3506
9372
6517
11084
5765
2398
8205
6422
8807
9009
1335
9329
9030
8638
1642
9872
4168
3192
8712
5271
11081
4818
2532
10692
5961
1388
3166
4469
5369
8106
3187
9643
3107
3877
7319
2363
6874
9324
10120
1263
9597
1942
3123
2424
4835
440
565
9454
2948
7465
112
7129
5067
309
9310
3573
8781
9202
5157
9973
8530
8461
1753
1282
6318
2529
4399
580
10489
5297
2480
7990
1588
1846
927
2415
9747
8140
4380
2922
3707
10999
3865
5171
6046
1703
6379
2392
203
2241
4197
7231
2989
6959
4739
177
9791
7172
4723
10618
8360
9423
1758
7968
2783
1663
7924
7420
9312
6842
161
9806
6250
68
6770
1015
10032
9445
5687
5092
7694
695
6227
5949
608
5559
10478
1798
2972
10827
695
7967
8279
8031
7631
10222
7646
8128
4595
11025
8536
10945
10257
8524
6626
2258
8171
8979
4437
10830
8248
1540
9098
8642
2994
8040
3152
5582
10017
10385
2968
7825
598
7199
5774
7303
10751
8974
9440
5163
9010
4405
3974
1858
10813
5211
2644
10493
2955
2077
588
2300
8941
3406
1328
7497
8159
10016
9000
1723
8212
5295
3709
4548
4224
140
1886
1287
4612
8146
2768
616
5464
1451
9997
4795
4167
5044
3433
5523
7129
10463
10750
2006
1644
3617
1535
10823
4813
4786
8368
7455
10141
10116
9805
8563
11040
6666
7796
1163
7147
9900
6072
9575
8962
3770
3533
9154
3003
2206
4198
1343
71
10275
9319
10755
3931
6993
7923
3080
8884
399
761
2890
6026
875
6453
5191
412
1906
9855
6491
1744
7023
7232
6621
7576
3621
10624
6797
1049
6401
3900
2748
10766
9993
7377
7394
10129
1906
9008
2598
4491
7787
3893
10792
3373
2626
5559
3019
9052
209
3513
7524
8014
10134
2701
1162
317
1201
6833
7020
2249
3895
8674
7117
4986
4071
10144
1871
1110
8945
459
9607
3753
4331
2082
351
1463
9270
35
10901
2181
568
2536
6345
4845
2188
5726
3753
2211
3424
1792
1301
8525
5219
9710
916
6938
6300
6488
2127
6302
10568
10710
7317
4773
5355
10878
2374
3928
5323
5974
8063
10472
5803
996
9588
9487
7504
10564
2860
9543
10615
10672
5592
591
7382
5663
3665
5661
3554
3601
5856
10086
1416
2264
54
9660
9048
10972
4096
484
8649
8624
8274
5830
10464
1613
1711
11071
5446
10728
4013
6684
10566
9321
10003
5174
6734
8242
770
1933
11057
9078
718
6727
9680
3601
5902
7714
4025
10884
3725
175
1057
4182
4888
5173
10356
5613
52
3722
1992
3302
4386
2347
7249
2508
2710
2244
2934
8944
9422
8497
8530
9854
3835
763
4177
3490
3364
10924
4303
1356
6291
3584
2916
7008
244
4453
5388
9780
10947
214
4611
3791
619
6647
4561
10659
740
7660
7544
7327
4131
9999
5136
8758
7269
3046
10014
4487
4374
4656
3373
2532
8024
5916
217
9118
10083
119
8555
3177
4511
10939
3766
10069
3286
9736
2302
1308
3842
6799
8780
3590
4303
1906
8080
3676
2040
8708
2374
6068
1991
2811
7068
9592
1182
1146
10190
2552
10527
2897
4511
6665
9559
5993
4045
9150
1355
8722
5345
1913
8248
7428
4750
6123
6833
10755
6121
5622
10276
9006
6545
7985
8818
11086
1847
8591
6208
4132
8972
8396
3608
9934
6770
6416
658
1636
5790
7190
9083
3846
1108
3270
10278
3044
2401
3423
4595
5818
9049
3547
10309
872
4678
4119
8585
1823
8383
7649
2200
1005
1461
7340
9219
1023
3930
8982
1361
10693
1543
7585
2619
929
5420
4967
4619
3325
5606
4091
10570
749
7386
11089
6918
6009
3963
1937
2603
5315
8542
8408
5878
6573
4573
7376
1013
3821
7965
4486
1918
7822
8062
6761
979
1288
9140
4430
2535
5304
9871
4783
8389
5298
7879
2252
7265
8585
9191
4253
4494
7751
9995
1061
3460
3364
5395
2636
10494
6551
1962
3919
7480
1388
300
1730
9652
130
5412
7579
6493
5579
2775
9529
7802
1840
1005
9160
2972
9194
10336
3933
8847
10280
2527
10013
5460
9048
6063
6669
8286
4710
1373
8315
10018
7383
46
4567
4369
2802
8558
3897
10839
175
6219
2026
2609
10587
9974
1421
6126
5549
8041
2776
11095
2093
6968
1866
3500
3114
455
8319
1062
5556
593
1872
7093
3904
9757
3963
2315
5903
5816
1626
5753
1087
5847
8949
3358
7284
2235
7206
8045
781
4033
1440
11090
4234
3517
8548
9067
6505
1342
7258
5828
4237
10620
9647
5093
863
9668
4157
5197
8727
2950
2824
7072
7931
9277
4073
1843
8537
10414
6996
4017
2573
6123
789
2451
400
7087
9830
2484
9361
2150
3520
7100
8627
5110
8607
8863
5900
566
2184
3189
1428
7057
6996
1984
2987
7001
7985
10988
7296
1533
4666
5366
1807
3050
8772
3270
67
7355
5902
909
194
3088
9224
5663
4885
2194
1717
1948
7930
9213
1459
352
1000
4988
8949
5378
103
10156
7625
10497
7668
4555
7519
3216
4111
9113
7449
953
6722
9625
10524
4227
9111
5994
750
9139
2521
3963
6319
1854
3097
1209
344
18
8662
2115
4802
1548
8744
1244
10438
1817
2579
7407
2431
2145
9510
7361
2790
950
2596
8947
10048
10664
685
1925
8937
7370
3903
11034
5431
8187
595
2180
4698
933
1297
984
5212
3966
304
751
1199
3422
5810
9582
7418
6694
9431
10617
393
10887
7663
6964
7997
2528
4482
10609
9036
9286
3634
6939
6407
4341
7357
7450
7591
192
1141
4214
6373
654
6137
6200
4418
2397
7728
6256
1069
6566
9835
1285
9945
7940
567
7109
8638
5436
4585
7463
1090
6712
5128
4653
238
3148
6703
840
10928
2760
6744
5855
7503
6810
10909
5564
6453
3375
97
9127
558
8774
4450
6265
833
9756
10490
8121
1607
4546
7890
1285
2687
4784
10692
1587
2190
7757
233
4330
10977
732
1879
9778
2286
10657
3343
1400
4390
10393
10535
11002
6233
4875
5976
10299
6275
8051
7215
3121
7838
1004
1805
3803
7522
10410
2015
8504
9068
469
7755
8345
3294
5217
9635
30
9456
820
4978
5447
9402
2318
4283
894
3624
2818
10647
6346
4228
4408
5980
3687
6404
2516
7188
9618
10154
7577
7238
7226
10603
8986
7109
10386
7262
358
9888
7780
7204
1747
7008
2868
3146
9260
9506
1680
2252
4070
8713
6737
4059
6535
1566
8275
6716
872
2890
2467
6903
361
48
8698
8903
8205
8962
6230
6624
1722
4578
8616
613
3446
1551
4236
1645
4563
9131
396
4292
734
10178
1867
1684
4361
1952
6240
11089
4573
1744
7337
6927
8746
9944
5865
5288
1476
44
7083
8432
1474
8282
5505
7857
1528
1908
10921
2465
7822
2472
5072
178
6591
5992
1531
907
10717
264
7349
10233
11081
5637
10687
3647
1351
6272
1103
939
1277
4884
8536
8539
3734
248
856
624
1182
9320
5150
861
2791
3420
2489
9865
383
6681
5332
1808
4103
1156
9164
5977
3241
4797
7633
5338
5524
3720
5358
7975
6688
5862
4859
5740
7679
3361
3408
9141
10008
1704
8716
8698
9870
10294
7830
6529
820
1097
561
8994
9861
5250
10977
3102
10506
7030
6630
18
7906
4643
2969
9098
1400
1089
8089
2214
2765
1868
5076
3413
4921
5677
4370
7715
4446
9362
10139
6299
379
4803
3058
10572
3313
7256
7177
7102
5871
8640
2203
2325
10605
3820
8826
4755
1188
421
2615
8532
10479
2350
8694
1703
4322
9334
3280
5690
2522
4144
125
403
7631
4877
1640
5013
8392
9597
1060
5180
7130
8268
3037
8423
5748
6881
5180
2742
1117
2943
11027
1810
6144
2658
3984
8390
9859
8220
1153
11034
949
2588
4518
1201
8799
8455
1570
9939
785
6334
9874
9617
65
3866
6885
9241
1577
1594
429
750
4170
9025
6433
840
9494
5099
2073
5357
4030
3777
7288
6229
8938
470
4391
9856
6607
659
9473
2478
3427
7340
3458
4309
9508
6663
4961
3509
5199
8766
9842
7873
8568
10526
274
2615
1189
8705
7367
6710
9208
915
5919
9266
5341
7123
2751
4947
10546
3678
5580
9723
6275
6835
6592
9665
9274
53
7472
509
7692
8875
752
1183
10558
10802
2997
7722
2603
7027
7342
5082
5344
3998
5262
9879
10473
754
4864
6968
5917
9569
8772
6663
4225
10495
10422
6060
2008
8844
9140
1865
6885
6603
6285
4113
7130
5539
6657
1636
1727
8407
3320
761
1084
1141
2408
6786
4863
4087
4746
4456
7874
7726
10528
10393
4670
2643
6387
5656
9705
7089
9979
1048
8408
8037
10644
7525
9246
1947
603
9247
6646
1299
3717
9535
9270
1705
5557
3964
5231
8106
8539
3860
5297
1931
1544
9005
3678
5200
9444
2812
10050
582
7257
4258
374
2309
9244
7196
10952
5878
10410
7413
753
10468
2012
378
8997
5473
6241
2455
5290
6064
10594
8214
9325
10758
285
10958
665
4872
4026
10064
7983
2903
2620
4523
899
10470
9693
3178
10037
392
11095
689
2944
8957
10749
3595
1253
1853
4342
6873
292
9302
7398
9029
9334
6711
9225
7714
9695
3337
6674
5362
9091
10354
6480
4459
7698
10406
9225
4787
10645
691
5079
8369
2333
5589
6778
4819
8306
7015
9764
6049
6457
9844
4376
6568
1641
705
1431
22
5655
10484
1055
7897
10690
4770
767
3918
7867
4075
10287
2411
2125
2267
428
4134
2500
8706
7493
4882
3437
10642
3515
10687
4277
10328
887
2063
7247
2231
5242
2615
2283
5134
10789
1377
8292
6922
8564
1793
10647
7163
4924
1314
1726
8336
4813
5650
9621
4978
7261
6675
5498
6502
11063
6850
5995
3281
9009
10366
3163
2346
1452
10685
5416
10674
5901
9779
7701
5314
8232
2667
5755
1197
5887
2251
3540
11043
2087
2299
6605
2697
3893
1385
5983
949
9562
7332
3592
6799
7498
1249
2113
4668
8133
6338
7007
1773
7523
7618
5210
10162
10210
1601
1159
10004
2685
2181
514
6537
7007
4718
7041
5910
10300
5111
9089
2289
4052
7194
10020
375
1158
5283
10570
7908
4716
9490
7495
1005
10303
5592
8796
6625
3970
8151
1526
6021
6579
5451
10135
6873
3019
1662
2419
10588
1482
6375
7590
3596
7908
5638
7363
1329
10233
303
10969
3903
7687
5285
6271
3105
6615
1530
8540
4235
2757
4363
1442
4953
1355
5472
6425
7008
5102
7476
3945
7966
2412
682
101
4900
3358
2026
4802
1012
143
4059
7351
8870
7465
2919
6243
6656
9878
6063
5165
4123
7118
5929
6152
9722
6693
5622
4619
6890
9090
3958
8893
10248
10634
4670
7133
7000
6396
7257
4468
9426
7694
8580
5442
7511
8259
1949
3425
3546
6066
476
6981
10246
8826
4609
6780
984
8308
7941
2878
9998
2215
7299
1855
8081
2201
6185
3834
7842
4495
4574
944
4691
10037
8710
4068
768
4053
8810
3244
9500
1980
9175
6577
2752
10434
9852
2214
8436
4609
833
10872
6374
10362
8316
774
6947
2930
4169
7006
9136
577
3198
76
6693
2357
1412
4272
2675
9823
5250
4111
7894
4720
8191
2618
4483
3064
7503
938
699
5793
5440
8465
8106
7803
7588
10426
1824
4661
3812
3736
10783
1345
9325
5106
6070
10461
10451
9951
8243
8356
10622
5858
6013
6931
4586
7635
5437
8957
9043
9654
5044
2451
9031
1072
7686
8185
1842
6778
957
6061
4114
4958
1926
6149
3221
8124
6652
10065
378
3125
8006
1676
1947
2909
980
10611
2471
4152
5170
1067
7552
2464
2236
707
3366
9793
6975
9449
2331
8342
6207
8199
10594
2339
2484
1999
49
6843
2766
9990
4814
718
3842
5219
9350
10648
9919
3882
1079
1349
1923
493
2133
4702
9863
3303
11034
1877
8924
2897
9426
11030
217
2022
4874
1913
988
2028
4862
10058
5618
4661
575
2862
1163
9533
8225
5673
10811
5434
2826
9006
7085
4808
4901
4300
5649
3550
3955
3740
320
4113
9157
1833
8380
1204
1872
10963
9772
4495
1978
4191
9685
4906
544
2208
1429
5814
3794
5358
3818
10268
7715
151
4266
6465
2782
5336
9838
1206
9208
4166
9677
5139
488
7901
10626
2651
8086
9587
6095
8653
2103
1089
2619
10739
8486
6972
2147
1506
6433
8992
5068
3629
5764
1883
8756
1560
5767
9424
3642
3100
748
7505
6291
10247
10738
10596
4258
4113
8516
2884
10522
9557
4620
1772
5314
9323
810
9024
9025
897
8674
7028
8072
4778
5855
430
1466
6626
7280
5504
7571
6112
2617
11078
9753
10327
9719
8625
5705
5762
9650
10405
6307
1302
4656
3416
5571
4364
4497
2443
11054
5956
2523
4963
5479
2779
5888
9609
993
7119
4285
2789
10452
9725
6345
8556
1494
5386
6729
7926
1283
3506
10821
8183
553
6938
9280
10652
4108
11075
1255
2505
10541
5396
1985
5064
2429
7810
4692
1897
7706
9707
7011
10069
318
1370
373
9334
6093
3142
7793
3799
3172
10583
4075
8030
2360
7137
6245
4551
9825
181
4403
4826
10096
10527
9039
3102
187
8537
9638
2820
1264
7857
8009
4695
6548
3680
10272
5850
5024
8963
3017
4728
6443
1216
10249
1502
5000
2125
9250
8691
1989
11018
8334
2730
7150
9153
4173
7824
3509
109
9992
10505
2374
8092
6671
4499
3502
5466
2701
196
6357
7321
3367
9555
4612
8838
4917
1693
7039
4085
6198
652
10888
8427
4617
2183
9990
2331
2415
8200
9852
6860
5299
9934
10906
7309
6356
1884
697
1200
5962
4524
1903
9377
6658
7738
7538
5457
5361
4834
9708
4503
2413
8195
8927
8254
10697
2237
3308
8108
10756
2420
2761
1899
8906
10087
10822
6274
2161
2347
1063
6385