4937
3522
1442
6702
2284
2311
5505
2284
897
2414
2833
7672
4372
5490
2714
7632
5547
4774
7438
4553
1701
4053
6870
567
5005
37
500
5567
7676
6517
5911
1720
5698
2549
4366
4182
46
5798
903
6492
2509
8159
2438
6312
2675
6755
4214
5729
2713
5702
4563
5452
5729
205
1038
5521
5410
3013
4742
7117
2355
1036
1040
7840
2973
3931
4231
6457
6168
1728
1701
4540
7062
4086
3561
8056
229
1111
5034
1635
1547
6851
1361
5723
3179
8042
4165
834
4055
2681
2296
1862
7828
2193
1492
2668
1053
7222
441
3453
4456
5086
653
5842
6487
5581
8068
2397
98
539
2958
3281
5680
3656
633
4853
8035
6400
712
4673
1211
1810
105
2789
4916
6906
3507
6443
238
4023
7436
1212
1022
2266
3755
2993
4314
6606
2973
2041
6231
3933
155
2717
5961
7901
4991
323
1377
634
2088
8110
1233
6872
6533
2276
1158
7683
7355
6816
3560
2257
2973
4747
4657
7897
4864
7042
2751
7370
3602
6762
2240
8095
1028
466
6227
2729
3621
1056
4605
4784
1823
7595
3
7518
4815
4709
5989
3307
224
3764
4908
2825
7531
2552
731
1583
3306
3766
3209
5708
6671
5011
3379
4601
3385
545
7000
2221
3420
1335
3651
5978
388
4256
7273
7992
2414
1078
6375
1861
5278
7205
3749
5141
4053
2634
56
2284
2853
6499
5544
5367
890
4322
5289
7337
6846
3117
6235
5627
1370
604
717
6459
1987
3815
2100
7902
7606
2346
4492
4491
7658
6827
3530
7878
2471
6168
6841
2920
3735
4367
7028
5439
993
6321
3927
733
8190
1174
5920
3962
7144
3834
7118
3483
1047
1341
4785
7076
3524
3785
6225
4717
2028
4783
6187
5832
2276
4769
2952
3899
5818
1768
1194
3886
2275
3214
4616
4463
2460
2439
997
6535
5065
5113
2002
6105
8187
3287
6425
1333
2193
4087
3226
2179
7949
350
1883
5550
4379
5351
7766
57
3309
323
1083
6737
6416
7652
6528
3834
7990
5978
2180
4193
4051
1277
6753
18
6331
1964
1579
49
2595
1532
551
5978
919
5767
992
4678
1605
5174
6812
3650
5200
4395
6829
4208
7410
7208
1130
2192
681
2341
5862
3856
6322
605
6149
5468
208
138
7186
1596
4814
1912
249
4288
553
6043
8098
542
6817
3170
4108
3135
7576
2991
2192
166
257
3212
1726
8060
2187
6821
7924
3546
5697
4398
5216
3485
4972
6652
3139
6983
7678
6801
7889
3992
1592
2283
3139
369
5283
649
6311
5341
1832
465
7280
3992
421
2188
5165
1536
7283
7084
3938
7547
6995
579
4293
6653
675
4642
6285
6385
4366
8163
4977
2138
3570
4274
5101
6186
3203
119
8026
3349
1054
1234
3519
4419
6472
352
3953
2728
7573
3142
5166
1794
2765
821
524
3885
2768
5445
1404
5705
682
1482
2010
5565
6841
3585
7075
7360
4275
2133
1739
8040
2815
2963
5121
682
4141
2371
5841
7672
8174
4510
6552
4378
1570
5079
8153
5658
7174
5887
6756
3722
4120
2555
6870
2366
6580
3403
3244
4625
7849
3905
6660
6001
8152
4757
2926
6827
4137
3710
6209
7170
6478
1490
2547
4679
840
3650
3543
825
2639
2309
430
5727
2632
2826
971
2092
1753
3738
4010
6564
6068
8026
4211
2777
1723
575
1503
7758
2164
2182
5131
1988
1081
3123
3481
2234
7162
5793
6891
3559
7920
2618
7744
7617
6473
304
3535
782
6905
571
7551
283
3480
7069
7506
1579
1965
7074
214
4880
6986
821
6531
1623
5853
5767
4773
2007
6002
542
2713
5901
4952
520
6390
5853
7795
7927
3774
4809
4834
2179
6489
7130
5261
1113
1816
7213
926
5095
7586
2490
4658
7595
3975
2768
5830
7065
8131
7314
681
7843
1188
4490
346
5523
1579
2537
1475
489
1325
1410
5591
1283
5056
4391
3372
8090
4321
5535
7853
7322
7748
2518
205
1069
4738
6715
3451
3701
7067
253
7475
2800
912
6559
7960
5109
3723
1926
4678
5772
6366
4145
5887
2470
6100
4347
8138
5110
5734
1566
7920
4979
283
8052
220
3818
1269
2884
6334
7627
7234
7306
5658
3558
3432
791
7181
2474
7227
4167
461
7854
6844
3780
7107
3534
328
2077
2152
6285
5642
3483
2329
711
7997
1978
2953
3538
1700
6718
275
2480
3720
110
5518
818
1234
3546
339
4923
1522
2243
162
1219
4130
1178
6097
1045
3092
1505
5716
4404
4507
4339
4365
3693
4233
1334
3565
1177
5823
7243
3058
736
3584
189
3128
2400
7246
5930
3249
6744
6857
7588
343
3299
8155
654
2660
1112
4190
3748
4499
4912
8036
2537
5232
4686
259
5851
6634
2514
3861
7958
741
116
6946
251
1089
5148
48
800
6624
1936
7955
3087
6393
6681
5559
3094
5939
6216
2093
5137
6179
855
7435
2235
5046
8077
5554
402
1748
5389
3155
1754
3329
2817
4774
4399
2369
2419
1683
4624
1078
4729
2319
7978
1319
4184
376
5077
6441
6199
3687
1238
2823
4799
5875
6220
4367
2568
3282
6869
1155
4213
6744
4668
7312
7061
2650
290
7241
3521
7746
4597
443
7265
3545
1131
7363
543
2235
3010
262
1843
3615
4590
5424
2943
6824
4651
6749
4327
4524
6919
2998
5828
1331
2621
4972
3240
5082
6064
4100
3525
953
7282
7746
7368
4868
1874
7702
82
5469
4706
4067
3588
5465
7210
6405
4925
4431
2394
1907
7746
1408
6015
6742
2260
6705
193
7826
2627
1975
296
4214
36
4621
556
2112
3264
3348
3806
5240
714
3655
1999
956
3631
7227
2512
6069
2452
711
7936
2389
527
4833
7399
444
6549
7192
5477
2566
6105
7182
1428
7756
5921
7554
2131
5264
6697
7555
3926
2642
5648
7619
980
5242
3221
6921
6827
5900
649
4303
3897
4165
1355
2568
2182
1828
1201
7074
5604
1577
3810
3031
880
4248
3931
6966
284
7298
7855
7936
7264
2530
7478
5483
1235
2597
341
670
2076
1975
8063
2423
4303
4328
175
1867
6716
1625
2516
1653
1216
5377
4116
7194
6430
2063
3345
1221
1911
52
6008
4412
2960
3009
7015
6269
5357
4304
528
4355
3117
2379
2021
3525
1166
8051
5321
8032
6485
6642
2459
4642
3974
1502
2308
949
4758
5933
1971
6452
7354
4729
3684
7414
6082
6123
4974
349
7709
3474
6774
5973
2437
1636
3864
1590
4866
7610
1261
124
4355
2310
3402
1543
8165
2559
2949
6421
359
4412
6687
3955
812
7637
1711
294
116
696
7829
6638
84
3393
2612
2917
7631
6333
4933
4618
5464
3224
3893
7306
6626
1168
2461
6775
7163
1432
7094
7273
6108
7689
501
5643
2655
5691
4736
4861
7674
6651
3696
5861
5347
7189
6520
818
520
6064
7556
4816
1416
3609
7361
3278
3459
5048
8005
7019
4180
5031
5353
4895
4291
2207
1409
5057
7587
6819
2902
100
765
5707
8
6176
4643
3219
3417
374
889
3074
4678
6381
7471
1600
2413
7837
6309
4250
3374
1168
3894
7322
1158
5708
5656
1677
8167
6342
5364
1462
4955
5602
4696
2715
4334
3180
8191
3637
3873
4284
6067
3410
5172
4383
6270
749
277
313
7353
7283
803
3655
1166
851
4807
4587
840
6942
6863
3675
8011
659
1030
857
7174
7488
3105
3554
6100
4628
1584
1846
292
1953
1580
2851
8174
4335
8196
3992
3237
3601
141
7869
348
3063
3680
761
6484
2210
5659
5739
4109
3520
431
7224
6933
5304
1702
451
1535
272
3583
1939
4332
3163
7292
4087
2093
4982
7431
5049
2594
6782
3652
6594
147
5024
2390
7379
4202
6886
7720
6020
6808
5394
2843
6422
7469
2900
815
701
893
8081
6487
5232
4336
5974
6599
4181
4475
3879
3251
1296
5729
1591
7320
6856
4550
930
4323
7536
2125
8055
3915
764
1047
6047
4519
734
6825
5621
7271
5122
4616
2142
7258
7730
345
5524
1768
7968
3230
7631
1257
58
199
7486
7332
7504
4820
4276
5687
5688
3205
1888
2696
1599
3563
7360
6475
1070
7304
7529
3154
1164
877
6733
3141
6996
4309
2668
3764
6647
1448
6628
6160
3043
3245
6743
4829
8083
914
3959
5635
6357
4281
6447
787
2946
5410
2718
3557
8098
99
3848
1171
3240
6315
6027
1498
485
3188
5448
3618
2912
4164
2201
5726
3588
6773
4900
5950
3687
5019
1803
7398
3256
1529
2825
6929
6029
2471
5740
6421
3403
4382
8059
2791
7581
1541
3291
7111
3471
5999
3138
4983
237
6522
3105
5049
2527
1978
4516
3822
6110
6824
5787
4998
5117
8009
1390
4938
384
3587
3501
5324
7262
7388
5660
7004
7227
7593
1596
6890
6489
1638
2057
8060
1880
3732
542
3940
7441
3248
2383
3718
1834
4809
7340
2291
7511
1251
722
4910
475
4264
6614
5632
4303
2038
97
199
4692
541
1458
4196
2012
5791
3183
6737
1835
4535
5699
3902
5886
3560
1793
2259
3310
3863
6413
6398
7111
3031
3983
4146
6925
3914
2803
7361
1259
8111
5513
3068
6395
3757
7723
5061
954
4376
4323
226
5910
4097
209
3708
2461
6868
7334
454
4459
4472
475
6994
1383
7256
2619
2253
223
1264
3397
2466
294
5450
7511
5952
2985
4214
4637
7052
1027
2332
928
6632
7840
285
6885
5299
7637
6260
2527
3510
7863
4268
4377
1852
4658
853
6543
7513
4611
3563
2802
4612
4325
1242
2907
6616
3453
7722
1
3323
6228
5733
3620
2250
6873
6252
762
4900
5862
783
6204
6715
1144
5710
7237
461
2039
6092
6832
363
5346
3857
7581
2045
1218
2071
7196
2587
8140
2611
3643
4702
7852
6344
2262
4181
1892
4000
2229
3148
6650
6394
5969
915
5288
3699
2253
972
6648
7048
7218
5195
2100
101
4833
4471
3037
7227
7180
5826
7325
4215
734
108
6943
4294
4528
1933
116
353
5493
5134
5315
5513
7081
1466
2294
110
6643
664
5136
6311
2374
6908
411
5834
1048
3083
858
2545
2672
2351
5631
8066
7290
994
1384
2756
3558
7766
4526
5516
7946
5696
32
1133
112
3649
7849
2994
5524
3087
5524
3919
2551
289
3534
7186
3662
4991
7308
794
6190
4305
7138
3091
511
6825
5809
2936
540
5468
5408
1455
1622
4900
5508
3172
720
4056
5321
6295
7519
1419
1692
1414
2178
1381
4597
7174
1185
3856
5170
3709
1246
1848
1724
877
285
7992
4186
7612
6270
6130
5650
545
892
1166
3201
8190
2548
3452
5517
4996
4031
4149
4979
7731
2892
2031
2859
6912
3767
3640
1879
5691
8135
2345
2956
1930
8034
6880
3631
3488
143
2665
6042
6271
5341
137
4506
2551
514
3809
6840
6760
3224
1114
1579
929
2481
5301
5463
332
7469
3255
1476
4897
713
3989
701
1877
4365
5109
5103
7418
3773
7319
7926
230
6111
4677
7980
4629
6704
3542
7867
8178
2109
4345
4152
7801
895
2366
278
7019
6925
4900
2
4082
3532
3830
7493
3991
4382
2984
5319
7776
2328
4670
3689
61
8054
3679
3754
6167
6711
406
421
676
1250
3413
570
5321
1811
8077
5165
6651
3137
6604
3562
3746
7278
719
7124
1145
3033
5520
7396
7495
7911
1725
5888
8122
4888
4721
126
1976
1462
737
3581
105
1367
5293
1759
189
7821
4955
6847
1200
4806
2494
5508
8040
5091
1098
551
1615
1617
1223
3635
5277
7572
7871
228
747
5268
2291
2359
6488
2975
6230
5554
6706
3748
2020
6693
2553
5774
7729
2205
3736
6974
5322
761
2079
2709
1880
757
6164
7178
3837
2118
2584
2649
4427
5665
6836
5961
1765
5495
1181
5963
7728
3580
6474
5959
1536
4614
6036
8116
6587
618
1967
1786
1805
7010
6768
4903
5235
5964
4849
1669
4234
2610
7884
5025
5913
1504
4299
2684
5582
943
2306
7653
781
1232
5448
1913
6840
5933
8130
6240
7755
4623
6604
6101
6805
663
5626
2406
3810
8130
4432
3430
1991
7165
466
2730
571
6975
6982
6276
8038
3357
5887
2999
598
4174
5031
4844
6919
2678
5558
6599
2914
1935
3985
6731
2220
2149
8186
2366
692
3854
4215
1309
3527
6208
249
244
1359
547
4705
1573
4355
2374
5839
6311
996
2948
4329
4738
214
2455
3522
6993
2917
6822
123
457
2463
339
3711
134
3020
2074
3373
385
444
3865
7023
893
2988
5817
7
1999
1565
4382
7357
7376
6988
2817
3667
2889
4210
1506
1309
478
1109
5503
7418
1411
6411
7584
1398
582
208
3481
5924
7683
7809
4734
783
7864
1819
5555
5681
1087
7674
5957
5215
5520
1131
4302
4055
4149
5928
5229
5600
7805
3763
6236
5451
5647
2002
3008
5759
567
1840
5203
6354
2505
1401
4498
4016
3583
1019
7516
3708
6969
43
3640
4067
4206
5388
2169
2149
3294
3149
4643
3466
569
33
6989
4237
4629
270
4703
3288
2706
6726
3758
1405
615
1793
3283
654
3490
6808
4229
5555
4687
6526
6865
6853
376
2548
8102
7103
5224
1127
2750
5349
5329
1457
221
7284
3013
421
5215
6453
1872
804
7982
4276
2318
3308
288
3165
5701
3147
5373
6668
3654
6951
4475
4543
4987
2493
2037
6030
2358
3542
5666
1069
8173
2701
5378
435
5969
404
2519
1769
3312
4380
7550
452
5774
2332
4236
5427
4238
3298
6804
7102
598
6142
447
236
7149
3122
6585
7055
7960
1848
2784
8165
6265
1222
699
4066
2890
6133
1951
1307
277
6677
6858
3183
2565
3927
4266
5722
2042
1594
4849
5552
84
3032
5383
234
2698
1068
4270
1472
2400
4117
6550
7237
3747
491
5495
5904
6264
124
4901
7290
1483
5616
5808
6313
3625
2934
841
2734
2068
7240
4712
7548
7179
4235
7878
4584
6138
6678
6759
4046
6473
5926
3274
5249
5718
3760
3711
568
5933
5057
4906
1356
4345
5442
5713
6685
361
4559
1414
2148
7025
6459
2050
4415
5188
1452
353
1847
5862
4782
5114
1665
8111
3687
7663
5901
4228
2616
227
6132
2124
3651
5789
4030
2389
1033
3950
648
241
799
726
526
2739
6203
6497
3724
761
3945
2583
4725
5050
5783
28
6575
5851
423
2238
6603
5741
5137
3424
4520
2728
4459
3010
5495
4244
2264
3064
441
7224
2050
6418
2498
3956
5234
3217
1933
7569
712
5699
7257
4687
6102
8058
7599
2638
7091
1108
1453
4571
5521
2011
7342
5086
2405
6396
4571
1840
541
6114
3529
4732
2295
1702
6825
4769
5629
1959
6418
4814
2686
1668
7403
3670
3008
265
7668
1310
2317
4412
386
2844
2691
5991
2627
5275
5812
7637
1776
5453
6208
6791
6983
6521
3053
1100
7162
1449
2810
6
3525
5013
4890
7488
6181
2950
1984
3460
3801
851
6320
5502
2090
6743
4489
7523
4955
4110
3640
3443
5834
684
7970
5164
6326
625
1613
8118
2959
1214
811
4292
3863
6913
6264
6114
1176
2306
2154
4170
6312
5579
1234
1779
84
7428
1272
7720
1121
2296
4647
3280
33
6288
3419
4759
7236
2361
6018
6162
1451
4152
512
5228
5513
7081
5440
259
7387
4783
7533
1525
3625
3281
4963
6197
1174
5646
7490
1049
5268
3602
7630
6892
6524
7423
699
3957
17
4007
856
6147
5863
2700
5742
4459
5684
1196
1746
4928
6716
5543
1690
7551
6674
415
4366
182
7402
3549
7480
3393
607
691
274
3158
814
2532
545
811
2428
2350
7366
5237
7409
7638
7792
5063
4800
8044
3658
2116
2297
5561
4158
7501
6927
5484
1808
6631
5953
3434
3421
2204
357
1723
6399
64
7477
1182
722
2008
3715
3132
5841
627
2458
3448
1388
5532
4995
1810
6399
8166
3279
1155
7508
380
5810
873
5588
1077
6577
1883
661
6062
2880
6659
1383
2254
3303
870
2941
6131
986
3374
5774
7222
125
3643
545
4140
6394
3729
648
8182
7268
2446
6639
3703
3725
5285
3344
3876
7234
2446
335
4445
840
3685
4311
6461
1733
5042
5097
2062
3394
3214
7215
4720
5254
5991
5830
6007
2842
111
7333
2405
93
4106
1773
4661
5274
2390
1268
7980
3583
2655
7681
3838
1482
1099
2800
2482
5808
6310
7318
5276
4154
2347
4413
1866
1509
5436
4139
5283
1968
801
426
7816
7282
1397
7464
4915
5374
5291
370
4747
7130
1333
5110
4478
6264
2711
4997
5972
206
6662
6285
6827
3725
4879
7054
470
903
6173
1832
2002
6602
583
688
4865
177
3512
4035
3123
1107
5791
3042
195
4996
460
693
6879
1440
1554
3321
7755
1086
5387
979
4256
4152
2470
5295
5157
4225
2579
1745
3985
2482
1468
6173
6309
1480
968
7768
1210
7423
3442
5280
3954
3604
4311
2705
7977
4358
6545
942
426
764
4081
1491
4024
7469
4814
4095
3780
7003
7427
5437
2206
8034
96
2517
285
1611
6496
6887
7470
6347
2784
4133
5061
5432
5994
3945
1599
5152
6262
6508
6661
4796
8155
1246
5779
7900
4257
3728
4588
2603
3960
3319
2052
2567
3693
3384
7828
2762
8073
5237
6559
2409
5131
4157
3277
4383
7628
4312
1239
400
6902
4052
36
2810
6368
7710
6431
3287
6839
6468
4496
4077
7598
3353
3848
7847
5378
5218
636
8090
3986
4340
4181
611
8024
3866
429
6835
6113
2799
5550
7045
6861
1894
7256
7926
6438
3548
3251
867
3868
3397
652
5277
7569
8135
5300
2447
4834
7649
6593
7817
2246
2440
5304
2447
6073
1437
1154
5885
1295
5037
2968
77
6827
2656
6541
4880
944
6456
3788
2405
6765
887
5052
2846
1552
2346
5391
1120
1622
2316
4524
1719
5876
7468
1566
7092
6431
2517
8107
4551
5800
3638
5920
6064
411
224
1861
4413
2304
843
1858
2935
1787
8162
3358
4418
5668
7222
6416
1699
1112
1875
581
7022
5465
4478
6616
3491
6168
5632
7118
3133
7118
6755
7877
3587
1880
4234
6944
6464
7036
75
2831
6934
7901
3129
3620
7592
1638
3141
4250
6844
7897
447
4062
4229
6126
1888
7584
59
5447
2000
870
1547
2485
3952
64
6650
4581
7062
2756
4547
1149
5201
6068
1961
1765
3508
3376
2641
4412
3554
7527
5917
6544
4630
7339
7894
5570
860
3976
334
5657
1616
4910
7403
4894
2540
4143
2867
5330
7696
5234
4415
4670
1332
7204
7395
3626
1414
1268
4205
5141
7246
5399
2632
278
3563
1924
7085
5642
747
2698
6523
4424
7232
8055
7007
6841
4746
4636
3362
1941
4986
2420
4063
234
2779
7716
5415
6073
6284
2527
7251
4016
3447
7203
7374
7465
3772
6535
7156
4831
7345
1262
2820
2361
2875
883
5942
5664
2274
889
7476
7604
6292
15
6869
4690
5685
6679
6441
5559
7026
2737
7083
5901
54
2183
7244
1596
1721
3168
1735
6120
7115
3611
7920
3101
4526
315
3064
3285
1953
3933
2717
5582
580
7381
4181
365
6961
8175
5206
2311
439
7781
6990
1823
7751
2105
5058
1608
2734
3196
4716
1741
1589
2426
4697
3497
4282
473
8196
178
3909
4333
5133
4767
1165
4198
5188
5740
6174
7328
2411
6478
7309
4720
6256
6936
7995
2136
1254
1589
2434
5148
2855
4972
7761
3797
6874
106
7284
2328
6112
2194
4286
6716
412
7885
7735
1339
3785
3662
578
1320
7431
3670
7864
3953
6204
2157
5902
5065
5026
4276
3639
5785
3399
6489
5429
6543
3409
4756
3869
4888
6143
7495
4572
7777
4365
7093
6246
2726
5138
1090
3495
8161
250
1679
1364
1184
471
1515
4863
8103
1451
1416
8154
6844
5279
1724
3729
3195
7926
2428
3550
6467
1343
4532
2513
2854
2772
1198
6374
6720
378
1299
4699
7329
2422
56
3459
2228
5956
1141
688
7456
1177
7409
1557
5605
3574
1964
4888
900
6328
4266
3871
3684
7151
2824
3425
5468
7026
3522
2779
639
5846
5279
4057
1794
3232
2889
786
7747
4614
6060
4542
4719
3532
5533
2330
3356
7056
2049
4029
1354
4610
4493
2684
211
2391
3576
1372
5419
3588
2855
5369
1698
4196
5204
5079
5723
1443
7199
5240
7573
3263
754
5898
709
8043
5184
727
5082
4197
8038
6289
4070
2899
3545
1932
3405
2225
7362
1448
5403
3578
2014
794
4117
6686
8082
3362
2496
4875
4335
6014
306
562
8051
2502
1895
263
1026
1598
6968
1696
124
2051
4133
3474
3390
6103
6669
3890
7371
107
1631
5892
7521
2469
3099
7435
7413
4532
7418
7293
920
397
139
635
7619
2623
316
4978
5512
7133
3572
4452
6475
4149
856
3513
2379
2802
677
3338
2937
7354
3060
4154
956
6904
3431
6993
5703
1006
1245
43
5399
5665
7176
2062
7898
3551
3284
3538
3380
638
5824
5576
2567
3836
818
724
6915
8113
6723
8167
5826
4619
7036
2524
4354
8017
5291
4623
1724
5632
7164
7328
7016
1465
1290
3414
6135
5505
4234
4118
1912
8161
7526
7864
4149
7336
915
618
2150
378
3645
487
4753
158
6032
1163
1945
5510
3579
3391
7838
81
4485
6984
6524
4340
6557
7279
7747
559
1971
4944
4580
4876
7608
1977
3666
314
7459
3067
6071
1730
3480
3899
5308
2523
3186
4306
6917
5375
5664
6289
745
1147
6999
5605
7368
4673
3696
7752
408
4849
7843
5115
7543
4360
4029
7490
2898
5239
1812
1490
925
5619
7034
3081
1138
5973
845
7788
6985
272
6935
239
921
8012
363
6135
5697
235
1225
4230
6056
7138
4518
4206
2500
1985
606
2593
5162
49
4927
8066
5764
5573
4906
3332
1679
6411
1857
4764
7937
524
5597
3621
5188
3590
2340
1769
6281
4902
3048
5003
3948
5836
6630
5315
6505
3463
1558
7281
2100
4506
6837
3296
5263
2570
1973
4609
7648
7022
3584
477
5474
5798
1007
5225
7534
4899
3661
8120
6794
5944
5937
5983
7855
3829
6387
7086
2270
950
2994
4259
7287
8004
6064
3027
5893
3660
842
226
7685
6637
7106
2684
1006
7410
1085
1179
1015
891
7128
3453
3478
2074
1122
2410
5252
1612
6375
6997
5954
947
4025
3036
3943
2725
4370
5807
7789
2634
7287
7812
1209
7392
5068
5148
86
950
6997
1107
3997
7484
4197
4352
7407
7294
4296
2331
5355
5442
2969
2223
692
2855
4954
1885
2106
6483
47
4707
5795
6498
1040
6897
2805
2174
6397
1783
4575
6797
5442
4542
6668
6652
1435
867
6675
5153
7266
3744
1768
7568
2935
4299
6599
3465
3250
3389
3128
4713
5599
2430
2696
7155
1566
472
5740
4018
6652
2355
5785
1040
1303
3634
6922
7281
7992
5570
7729
1857
5330
925
5915
3955
3902
1973
1928
4629
7785
3888
3132
3674
412
5343
4539
4714
2795
1475
4644
4404
4653
3703
7267
875
3775
2971
5811
924
1281
6821
5464
1947
3596
4450
1794
5287
2911
2599
298
4269
695
3770
3861
6473
966
7444
4665
4666
3752
4592
3884
7716
6285
6266
3639
5983
7997
3047
4740
7053
3505
813
5350
3228
4186
4384
3200
5070
630
1132
7187
3937
2393
400
3520
2970
4448
2751
1219
1296
3441
3757
4123
6516
3259
7102
3944
674
6049
6025
441
2533
6483
648
5205
5000
2066
1043
261
1993
3927
1263
354
4174
3905
4429
1418
2473
6148
1053
1518
7333
44
5494
3393
3262
7094
3533
4159
157
6388
3339
35
649
3138
3192
2236
5481
3556
292
2493
1154
8007
6450
7567
6965
5950
6481
934
1198
503
5427
5430
2011
6485
3185
3841
7708
4823
919
4432
4557
6704
6430
487
4756
2803
5772
6442
4829
7173
5030
489
63
1174
2435
6103
4095
4444
6764
6805
3342
196
5834
6384
429
3129
4450
1199
5267
5140
5575
6497
1304
7654
7569
692
7158
3223
2463
3212
703
8028
3976
2736
6523
7671
2461
5061
6669
1593
5024
7337
4631
4938
5611
2489
6849
5221
1383
7032
7652
2448
5947
5119
3797
7523
3535
1861
7161
723
216
5727
2597
3951
2212
5487
7870
3054
7917
2106
1975
5254
1544
2487
2864
7306
7489
2935
8043
2090
5450
7957
4533
7876
1270
2418
897
6119
2987
2395
2494
5036
4062
120
7623
6472
6134
7640
6570
2758
599
6409
2017
5379
4796
6188
1330
488
7557
7703
2423
6148
6617
7654
7455
7995
1240
3701
1278
2317
2469
2387
6555
4089
4199
5341
5688
2810
7924
62
6542
2966
3438
3792
6587
5191
7719
2030
2789
6191
7047
626
1099
2587
1522
4766
4770
3355
7261
6776
4441
4186
7276
5797
3734
6583
1141
6215
6087
3137
1640
811
6893
879
4819
54
3980
1000
5561
5647
4171
1337
6264
676
576
6690
5370
285
4762
3972
3065
348
3124
5416
6896
3795
2844
5134
6057
4137
3937
5705
1357
1824
5752
6045
2513
4778
4410
3125
6775
2565
7574
1808
5766
5388
3902
4190
1475
7921
1884
257
6492
2853
3431
2557
2555
7558
7468
6258
5011
6463
5152
752
5708
1606
8056
1752
3547
4612
5208
8192
3159
171
7651
5730
3148
5736
3625
7286
453
3015
5734
820
4545
560
4267
2217
6244
2852
5643
7826
4923
6686
1682
4681
147
1125
5298
5857
6843
409
224
739
912
5820
1454
2238
3588
1303
4330
3811
2649
7864
2813
2593
2879
3046
6429
940
5655
5530
3758
5414
7906
6044
1663
4925
641
2640
5223
5606
7084
724
1601
1009
4233
309
3898
3732
1680
5526
3426
7932
6682
6270
3863
7527
964
1010
859
1935
5243
1179
7487
4494
2355
6960
2664
2062
649
5161
7589
4142
6945
4233
6720
4841
4043
7378
779
7767
2042
3978
1258
3113
4491
2593
5485
7230
3590
77
1234
7583
1238
6470
3224
2160
2652
4084
2855
2313
1314
5758
4018
2884
4686
7618
1271
3355
6712
4863
7867
3498
3354
5289
5377
2538
633
4348
1501
1679
7460
2396
6917
3204
1632
2962
4618
5083
7900
1515
1043
7440
4971
1155
7487
5803
668
1383
6663
6205
306
5549
7873
1874
6407
4388
5811
4924
5937
3068
1790
341
7002
1244
1491
7966
7679
933
3965
7673
2158
651
2319
6494
598
1445
5241
1852
3035
6686
8023
6840
7599
3842
3636
6775
3270
7526
8198
1442
3016
4980
3003
6970
468
4258
20
7331
2847
2077
5634
743
5222
478
3480
5865
4103
3791
3629
2086
1369
7960
5924
6184
4727
7043
7542
655
1584
971
3387
270
3955
1441
4254
7733
5821
4661
7577
6948
7662
4604
4095
2882
4263
2396
2028
17
4597
7673
5498
354
6047
4729
1153
6398
2953
1708
7540
7299
224
7642
2370
3151
2656
7578
6968
323
3924
3957
837
266
4684
4567
3617
4442
5544
7471
6220
2559
1616
241
4569
576
3998
2285
2961
2372
7738
278
4638
6876
5737
4638
4509
6887
5244
2916
6294
4472
2847
455
7839
1928
2254
451
3101
1094
6821
8097
5060
4359
5272
806
7318
3097
6911
1663
3432
1321
7076
5310
1866
7441
7018
5474
6015
2368
5659
2482
5920
6042
7722
5730
2446
4135
6414
7879
908
351
1437
5299
3660
6288
4462
6738
6703
7472
2757
7992
1889
4758
7121
7858
3204
5780
658
3483
6165
6497
4137
4963
463
4273
2443
1886
2515
423
3718
2655
3965
3926
3685
2444
6406
138
1430
1234
5269
6033
5407
6831
5955
7978
6673
2258
7047
4772
4861
7102
1674
1766
3739
7434
4789
5394
385
4287
6689
2151
4992
5560
2753
4081
3245
4003
5533
2566
4572
670
258
412
6226
3508
5047
3218
3722
3557
1054
4980
7016
3957
5392
4704
525
4308
7633
1970
4197
1653
3433
3344
2119
5179
7695
7948
8003
4162
2382
5454
6891
1707
5033
2208
5359
5014
2773
6355
5170
6546
725
2367
2198
89
1667
7048
5630
6073
1474
6056
5502
5985
3356
2924
101
7973
6231
4134
5579
7358
4530
4983
6401
29
4412
7694
4807
4965
3941
4417
2242
7602
4346
1378
3325
7975
5205
3846
1403
7866
6788
1800
6249
3658
5534
5883
170
1926
3842
6580
4699
5492
7051
8139
5404
4374
3641
6378
97
1182
742
256
501
2836
6620
2715
324
5559
7572
5830
4315
7662
2391
381
1079
7164
3140
2266
3273
1481
2537
243
7910
2899
4023
2940
7721
911
3899
5704
4756
3128
3937
1010
3885
2932
6557
3384
2866
972
7098
5314
7755
3366
3959
2672
707
2420
1077
7581
7967
1550
4417
769
3609
6085
6862
3260
5392
5805
4563
2981
6322
2144
6044
2082
6100
969
2863
4665
2018
46
7151
1068
7588
6807
1819
7369
5970
799
5130
4641
7850
3764
6239
5196
4381
1430
1075
2620
7339
2077
1918
1304
2134
5137
6055
1804
4820
3790
7813
2140
3832
5059
1723
4831
1496
5956
1910
4047
7323
7299
5011
2403
3236
7550
2661
3779
7257
7387
6368
7344
3250
7163
2461
3404
4538
2411
377
1315
682
4419
7923
6428
5445
4819
2354
6825
5295
28
5024
1960
3222
108
1394
6166
48
4200
314
4068
194
6881
5636
2853
4632
7955
633
1910
7080
1826
3568
2433
5655
2436
1848
1570
3750
902
540
1125
3443
2935
536
1709
4233
2136
886
6437
7846
1780
668
6116
3160
5036
3689
5572
7800
1460
707
2493
3607
4034
6969
2436
199
1404
6424
7399
628
1652
2670
1841
296
8192
3284
6835
3203
7243
212
555
1317
2452
1132
7810
7504
259
7000
7099
6330
5562
3231
51
4165
1724
3731
2968
1734
5607
6995
4210
554
5966
1128
4255
2751
5600
6447
5501
3927
876
2449
6402
4793
3605
1224
4357
1738
6236
2903
4676
4822
5573
1032
3885
5872
3440
2513
6911
2223
1567
2964
1109
2728
1146
718
1836
7573
6277
1290
7521
5708
5581
3676
1308
6779
2265
6633
6638
4944
6909
7555
3445
2603
7381
4855
175
3009
8087
2533
1188
8037
1317
7443
7655
6523
2837
472
3021
6293
8048
869
3828
760
8130
534
3244
5196
2573
796
2775
3513
3056
4737
975
7683
2824
5319
3080
3581
5291
5268
591
7247
1659
6048
6735
5627
1193
6861
2149
5971
8044
2967
5206
6121
1637
7130
3605
7006
7975
253
676
7184
2515
5830
959
7707
1961
685
4849
76
3525
7850
3942
2477
5675
1665
6924
4288
1451
5322
3888
3249
4628
2683
2275
4114
5517
2201
4445
282
2689
6422
3275
6933
5570
3803
199
3586
2175
2764
869
7172
7426
3216
7087
4711
7923
1828
1243
5071
4386
6499
4348
4292
657
821
7289
3538
4848
6859
1310
867
4380
5243
3374
6870
683
843
5315
4485
1553
1427
7254
5262
6291
4633
2184
1874
5706
1326
6310
1737
5620
3225
5921
4498
5078
6849
3364
7037
1096
3184
4519
7350
6342
1083
6494
6926
5813
612
2691
6626
4681
4500
6499
3900
503
5349
4072
2991
2379
463
6165
5115
5036
6826
6980
4059
8121
4723
460
4143
3935
7012
13
5898
6684
1843
2714
240
7729
6327
3639
3690
7361
7092
2643
4412
3735
7283
262
2465
6517
3559
1993
1139
3602
915
6034
885
2323
7796
7168
7984
4561
363
2585
7902
5687
1554
4922
3148
4193
2285
4764
4488
4093
6730
5439
6624
6786
6751
6224
8194
5063
4888
7610
1387
5269
4646
140
943
2607
3168
5454
1644
4747
7654
5435
4860
4638
142
4555
5196
2082
2230
7582
5716
385
6255
8101
8083
6505
3208
1878
2515
4847
599
5041
4996
5478
1934
2397
5755
4336
7548
6462
3856
6036
1158
1889
5553
2692
5586
3037
1273
4736
1695
4449
5516
2514
2027
6872
5888
3808
1835
7050
3356
4743
2834
7661
7805
4842
2696
3224
1284
6703
1002
4615
5188
2906
4821
1534
10
22
6743
2696
3552
2666
3546
1928
7315
2346
5139
4696
192
1013
5256
2074
233
8075
7635
2516
3272
7058
6405
6385
6707
4899
1986
7807
4452
5854
4765
7641
2529
6637
5263
4900
6968
1252
6155
3344
4956
369
798
7781
5345
6093
6138
5086
5893
5276
5012
2073
5871
1008
4199
5224
3694
4321
4164
6916
1478
3829
8016
2660
3624
551
3326
156
5882
6437
7914
6130
3478
4705
923
5652
4614
4974
4360
3845
2545
7348
8109
3803
6506
8079
3532
5650
8109
2920
4325
4254
251
6133
1984
37
6948
143
2994
6747
1789
572
234
2026
2791
7404
5353
7329
5039
293
3882
7216
1555
706
5060
3118
5787
7081
2787
4878
1887
4770
2123
6214
2980
5404
7980
3138
1660
2291
6576
7847
2851
2141
6094
7349
758
7639
5151
5603
7104
7807
3535
579
2968
4140
2060
3482
3982
6625
6321
6024
4272
1156
2655
6030
3952
6164
6702
7248
5976
2560
2483
7536
5708
3730
2484
2141
374
7854
3701
5732
6487
6635
7190
791
1222
3880
750
5955
668
7583
6002
6358
1454
1395
5154
4545
8103
888
1395
7807
1565
8077
4802
2280
2014
3121
1904
3407
6373
3053
2366
1893
7543
4783
7081
6901
862
4394
1972
7156
5392
5183
4381
2703
8037
4206
2242
3820
4137
702
7194
1254
6675
1736
3868
658
5946
6744
3242
3319
7247
1320
1249
1235
7949
2595
5280
5324
6695
7608
1890
6268
3621
7458
4985
2332
3169
3648
1452
3874
5431
613
2554
7460
5877
6783
6349
607
2541
3646
6739
6907
2863
6695
1090
6747
1502
3657
6704
6824
5651
518
48
4238
7486
6532
5231
3979
7334
5186
5782
1428
4870
3416
5428
5871
6305
6777
5434
3932
124
1680
3386
3237
3537
6448
3009
1696
2043
5628
5093
6848
3656
4345
6983
3409
3793
4269
153
6358
7015
7087
314
3949
6430
1504
2899
1277
578
4684
3307
4703
7405
8006
988
4875
1313
2961
2186
1860
305
1035
7973
2984
6218
6578
4663
1911
130
2556
6865
573
2623
7548
5824
3829
1864
3197
7793
2079
7577
7447
6636
1984
4973
5514
6382
400
416
3436
5445
563
1308
7577
7629
1375
5048
5933
2978
13
4726
6512
2756
6884
2690
5060
6994
3246
6486
5673
8046
2990
5604
3499
6759
3610
917
5210
89
2260
3399
4410
4057
7451
5059
1101
343
4289
3415
7642
3766
337
5953
425
3142
54
5458
678
3627
170
2971
8191
4218
6680
470
578
181
7647
4612
8180
2607
3215
5311
266
4510
3612
6685
7022
3963
51
3014
3746
3910
5445
7428
8154
4742
2768
2047
2261
5216
2638
227
3760
182
6269
5393
7815
909
5162
1813
7100
6534
5404
2750
5024
3607
5261
2706
6249
4204
5011
6952
429
5544
461
1194
940
5147
5112
7281
716
5752
7913
3398
7091
5995
664
2445
563
1719
224
4527
8195
3493
1995
7677
1527
7097
1856
5645
4328
3290
5371
6627
6285
4843
1720
4955
7930
6255
995
2881
5859
5937
934
7811
6082
1105
4478
7395
1458
3701
3661
7779
2984
6890
6995
7214
3075
5954
3043
7411
5900
4605
5224
5144
1026
3338
3571
5070
175
3665
157
1476
3392
3119
5841
4230
6724
2321
7535
6612
4743
1443
4746
7870
2922
439
4991
1931
6259
5166
1653
6123
3632
1814
7701
1686
702
1651
7830
138
7783
3578
689
4675
4456
6846
4885
3263
3303
3724
1316
6845
5720
4415
792
7744
4923
6865
4505
6504
6581
7087
1595
6861
2946
5216
7215
6055
1963
1891
3727
1763
7701
7851
7787
3216
4471
6499
1596
1579
897
4966
2673
2076
3223
5578
3469
7626
2631
3949
8135
4010
3273
1761
4518
6394
6179
3299
6917
7214
3372
5312
3030
859
495
1385
1702
4017
3824
3085
4988
2809
2274
7562
7600
3421
2007
2431
6918
3992
15
7308
7477
2441
473
5697
6366
4526
8040
5338
6418
5311
4460
7360
7246
7792
70
2744
4061
1328
6111
5114
6642
465
3711
1133
7949
4787
7770
3740
4947
3278
433
3355
1014
7308
3296
6526
2430
5483
6814
3013
4851
1134
2700
1180
7848
5696
1485
575
5851
1179
4668
4790
1742
1859
1644
7863
2417
5360
7577
4366
6561
2079
6338
2422
3787
1331
2328
7840
2521
3438
4673
5428
1987
2852
7575
3202
35
3020
3898
6080
3920
1263
500
6902
3486
7367
7751
6708
2623
568
6244
141
6193
927
4180
7644
4833
3998
64
6120
6064
6030
4830
5741
7141
709
8111
6000
7065
4729
6775
445
1381
1490
3004
1611
704
658
2711
5294
2564
683
1588
4746
4917
6561
2607
2882
4633
3911
7645
4517
7848
6937
3955
3182
6683
7417
5225
376
5152
4513
2112
8028
4015
2685
4897
3071
547
3382
4875
6876
6123
7376
2483
3558
3722
2221
2450
6734
8162
2407
5048
8019
7504
4240
3098
1050
1477
7068
6151
4747
23
4780
7577
1190
1359
7913
6380
1920
4660
5447
7376
6212
4028
4375
4978
5331
1956
4286
1941
2340
5539
4086
5925
110
7691
8047
987
6106
3241
7454
2941
1933
273
7600
6514
8099
1499
5886
4745
45
223
6064
7420
6556
4241
3196
2918
2713
7413
2496
5846
6260
6200
3953
2383
1723
6810
7622
7967
1998
8045
1747
1831
2644
6183
5207
364
3604
881
2249
4195
1103
6121
3502
6982
1393
1672
6370
7827
7863
7371
3378
6565
6126
4142
206
165
2688
6643
8026
6076
7583
6949
1651
2762
716
3164
4204
7115
7498
3197
2914
2070
4846
471
7214
750
4103
945
658
647
5578
5353
1550
689
7249
2170
1305
2300
112
1450
3274
6736
622
3542
1606
1309
6293
7523
2276
6798
5027
4079
2588
5189
5443
2539
3965
3503
2309
949
1853
110
4376
2956
3030
4012
7543
7464
4805
6254
8174
2056
738
2581
4544
6452
3836
6088
5655
3053
6019
101
1307
7244
7850
243
6914
8118
6714
1625
6547
2180
3092
7895
6206
8154
7383
1087
1055
1619
3883
5244
2645
8145
2562
5893
1718
1954
2902
872
3600
4473
2991
6492
2804
119
4073
4585
6826
596
3045
2619
3913
8039
2298
4574
4726
2504
7963
2648
7728
5865
416
4491
4560
1401
5331
500
4602
2438
7786
3135
263
3281
346
3568
5464
8012
3286
33
3795
7684
4739
3106
3362
5582
2644
564
2253
3521
7517
3749
1614
7306
2138
3600
6879
7722
204
4011
3432
2402
2863
387
403
636
3509
5806
5219
4681
1618
4622
7794
2481
4143
4632
4308
4527
5371
7630
697
2743
2505
1253
4554
5411
4299
5045
5516
2972
5259
2425
5426
1603
5822
7743
2610
2166
5572
17
2215
3465
5258
3531
993
1522
962
1502
261
588
7865
3593
6825
2949
800
2610
7389
4676
6798
345
3395
6801
8032
319
3554
7113
5703
5019
3206
4603
1688
3852
6776
2435
1923
2528
6498
5120
6004
1299
4665
3812
7476
2466
2526
288
2552
7931
7245
4945
7049
3028
138
7625
919
6378
4835
584
4296
4433
4100
7625
6338
7901
547
894
5055
3744
2894
6486
1536
7936
6040
1735
7426
92
124
7204
7238
1088
5734
3075
2140
3678
7468
3459
748
544
7524
5151
3874
7006
7172
4571
1002
916
2958
4646
4428
6638
574
8118
4390
6504
1726
1837
633
7674
1515
7454
908
7508
2849
4508
2859
670
7169
1777
3062
5878
1733
3162
3599
7120
6936
3857
3856
7451
1642
781
383
8080
7792
575
2399
2708
1849
7422
8060
405
772
5632
6911
5190
8127
7156
4098
332
520
5152
4146
6100
8055
7248
7283
3290
1516
4444
5256
1108
7849
1091
327
1193
3108
3356
296
1650
6166
2615
5777
7988
6964
2444
141
3490
739
3967
4712
7620
1860
2741
7741
8167
333
6037
6318
1666
6413
969
5903
7048
6040
5447
52
503
3390
3107
5725
2038
6868
3235
2623
6824
4741
6707
7441
7493
3922
27
2140
245
7318
6542
4636
5705
5430
1413
2264
3978
581
6698
815
5679
292
5858
8114
1409
7802
6702
1482
2865
4515
2846
1877
3695
7995
3999
5180
3840
333
4947
2310
3368
735
3131
302
1234
6494
1245
8022
6843
3049
33
6544
6959
1245
4734
48
6644
1638
3163
7721
5027
285
2236
3421
658
1428
8056
3602
4233
4369
3344
3691
3633
6530
4720
5022
4647
222
3713
1524
7290
5558
7638
5578
2361
3557
1619
1693
2787
3247
929
2736
1174
7670
3773
211
3419
3839
2969
676
5501
1711
3841
1446
4186
2003
8082
1738
3041
2618
5246
124
7273
3081
129
2102
833
5888
6813
2615
1980
3833
614
7904
2006
1397
1743
4777
2459
7749
7139
3457
6502
838
1622
5089
1517
2480
6517
1935
3676
1830
7373
303
4211
7247
4618
6234
1478
3291
2306
6477
1300
4294
5064
8030
484
3582
6018
2244
2795
5700
3516
3798
7092
360
1917
6746
3005
3790
3133
2633
241
432
1495
3476
5470
7098
3903
3854
1934
6845
1296
4583
6631
3630
7301
7293
7570
5366
2271
4823
5506
6790
7833
8187
2880
7013
6330
2885
7986
7070
4779
6085
2028
3202
3152
7075
7022
1507
1020
2291
5535
7601
3491
2657
1123
4483
538
6724
1376
2978
611
1052
5078
6176
7403
7982
1807
4988
805
3103
5323
4339
4667
4105
7521
4394
6352
5125
1117
6810
7830
6069
4831
5149
4570
5340
1476
2432
1983
4525
8111
4282
2718
7920
5721
2506
6784
4658
5272
2438
6480
58
5059
2553
5888
5983
3271
2282
4602
5466
3718
1691
7355
1775
6756
1747
5516
2533
8003
1077
7775
2739
3027
1914
5041
4864
1290
5617
803
4938
5184
2516
4434
3076
5954
5576
4437
323
4137
2429
234
4480
186
2551
5350
2725
3741
3330
7386
5148
7404
4123
5365
4681
7934
844
6042
6691
7947
5598
3637
7699
6697
2178
1546
8084
4154
4093
6514
4288
2955
7205
4961
2356
127
2849
7380
5528
3268
123
5191
2166
5850
2254
1419
6482
252
6495
5137
2401
4755
337
4516
5998
2360
5990
7417
5095
5443
5466
888
4308
1410
1310
1131
1230
2319
3266
5710
521
654
539
1079
3949
7986
3338
1862
4383
5965
3133
5667
977
996
5965
6122
7921
5471
7182
550
4349
48
3093
8123
1688
796
7085
7026
1612
1839
4225
2622
2218
6381
1321
4983
7142
6833
4406
7826
5721
2989
4731
1469
3220
3289
1139
8197
2202
3263
3368
440
582
2296
4660
1473
5874
7504
1894
4749
2453
5869
7790
2839
2858
627
1611
3611
3775
7429
7179
2313
2299
5746
5098
2803
6582
6656
4348
7911
7874
4532
752
1316
6176
7548
5780
4963
5859
2680
1668
800
3513
4984
3336
5429
4213
2413
1880
2855
3032
756
2038
6119
560
181
2621
4746
4119
128
3895
3511
1250
6846
4429
4521
2544
6336
7529
1863
1000
5399
1476
5262
808
1234
3750
5917
4674
6362
6264
2511
2173
4521
6336
132
3717
6611
459
3239
2858
3976
1916
3153
280
7713
4907
2547
6886
6024
4805
2443
3105
4024
1043
217
3669
1620
6223
609
5489
612
7374
3504
1790
4071
4272
3932
888
93
7309
1535
1382
5850
6377
757
5262
8191
6815
5662
3179
4742
6451
1687
613
4692
6630
1326
4451
1434
1651
1903
5142
4266
1950
2422
4882
168
6214
2376
3510
6561
99
7029
7967
5995
6736
6263
1717
4178
190
5078
147
5466
1085
498
7988
6440
627
2884
2592
627
6029
8194
2184
2196
3952
3906
3357
2443
2135
1458
5785
4229
5621
2168
8100
3473
1403
2294
3890
321
2577
5570
1986
590
6982
1485
4345
4984
1525
7668
4561
558
6137
5083
7626
2645
5090
4061
7976
2686
7861
1371
4496
4990
163
4816
1545
30
6651
1531
6582
3604
590
3544
7945
4019
1363
4345
5973
1946
4000
2180
3808
2476
7685
682
6335
5126
2303
6851
5698
2242
3920
683
8037
5446
2404
4015
1336
2755
4544
7071
7778
7062
5902
7417
3907
3955
6806
2136
7087
2460
3323
2948
5864
5449
7897
946
5607
4781
1302
7726
3862
4826
6157
5245
5616
5513
8167
4945
7954
3479
1098
6711
1018
1638
367
4411
2609
5879
8127
3501
8153
5340
6284
189
1087
7106
6763
527
6407
1720
7235
1100
739
4450
1220
3490
4863
6095
3780
3205
6021
1355
3234
6512
5959
1826
8188
6620
6607
6350
4457
5962
6740
7826
4461
7476
2137
5696
3800
6262
3942
4098
3062
2362
6768
5833
6323
1338
3407
1053
7549
6389
5127
1690
846
5448
1341
5640
3963
6667
3555
6459
290
3636
395
5254
4630
2852
776
5245
5474
5047
7030
2634
92
7998
4395
1825
1421
1269
7612
8044
1736
6807
1972
996
3364
6173
4458
5343
6299
3611
5484
2724
6267
2353
6240
5374
2345
2396
1745
2404
1653
6786
4557
1650
5389
6638
2643
320
2238
7249
425
3749
5254
7828
6011
4601
2056
3741
4225
7719
1708
6232
1730
1972
2366
6055
4745
304
3484
3091
4035
2843
710
3017
6527
7628
1055
2694
8145
4208
3959
483
708
7002
5224
5459
3549
4375
4508
2439
8064
7422
518
6629
681
4358
5760
4495
3185
1935
444
7900
2577
6500
6602
6560
7710
2269
977
174
6668
6915
1099
7766
7604
699
2327
882
6793
3192
5022
7667
7106
7522
1219
6507
1795
948
1703
8196
5585
5941
426
546
7855
6174
3225
4527
2820
2299
3562
1110
4200
2673
3395
8066
6353
4941
1111
4187
5273
5711
8141
3853
2720
1158
4662
3171
6592
1599
7722
3270
7713
5900
1988
3889
2333
1850
5451
1951
6598
1027
5152
7957
6879
5996
6665
2030
6486
4974
298
3441
1987
3165
4727
6629
1657
6955
789
7533
2319
244
6851
2463
4926
1818
6974
5649
2348
3761
6309
1683
7214
8176
1102
4127
3752
4638
7272
6754
37
5750
3312
7459
4346
7965
5225
6670
3608
3070
5122
6854
7404
6403
6422
3350
1439
4046
3526
2735
4150
5981
907
7059
7542
1749
1732
19
6653
6812
920
3049
2859
8146
3877
2354
5939
5524
7924
6233
6173
3935
2387
1923
7993
4525
2317
5196
3669
134
1642
2211
6504
1217
3766
842
5660
6667
7414
745
4291
2301
1163
1534
2047
6122
5763
1002
1511
4714
3731
579
5111
2466
7634
7626
875
6242
6367
4018
5487
3673
4435
5331
3018
3734
8121
725
1301
6440
6048
3032
3428
1652
6355
2258
1377
1497
6481
2771
255
8171
3122
6118
6877
650
7708
3651
3199
1420
2195
2449
7936
6061
4823
7298
4043
2384
4429
5867
3512
757
832
1240
3164
7113
756
3579
3615
7194
730
8037
1043
7266
6833
214
3314
5440
6703
3754
5766
7251
1955
1831
7887
719
3535
7983
2966
427
5387
3083
2600
2232
1261
5508
2264
2614
124
2445
4994
4052
3755
4493
435
7496
2573
3101
597
3024
6185
7639
2852
7374
4840
4564
296
3895
8122
4800
441
2593
1583
7526
57
2494
31
7715
6351
6671
888
4326
2281
6111
813
3111
1147
5172
1880
5239
1891
4053
4683
7806
4637
7391
2434
7974
5973
4804
7708
3054
5438
7497
5901
1761
2754
7455
2792
7548
5329
2725
7221
4916
6861
7325
7649
2709
759
2213
7957
3226
3269
1635
4710
5712
6773
4840
231
7204
5556
5562
1086
6210
6129
2442
5083
7139
7623
319
1216
1377
748
2991
5026
7649
3852
164
5139
3243
6779
702
3711
6163
2696
4658
7151
6618
4550
4953
3465
7638
291
339
1428
5961
609
3158
1559
5403
7852
1288
4216
711
8060
7019
2943
6446
5424
5539
2362
7304
7141
7454
7592
1850
6551
5936
5778
2612
4310
1804
6251
758
7735
3979
6598
3769
1662
5501
4930
4533
6950
649
1211
7631
520
7878
7460
6383
1668
3070
2964
1216
1604
2884
7148
3253
1281
3083
4747
1239
2554
3791
6654
6026
3639
4443
5454
380
8188
2838
2263
7269
6860
2235
4994
6493
731
4174
5502
5191
1175
2050
4900
2585
366
3498
4445
6405
3232
2159
7808
7839
6393
1307
6770
8198
6363
5270
4930
3216
2564
1711
7174
1835
4442
4220
1096
7135
3656
3104
6277
3421
1394
7537
5020
6071
7678
4528
2135
8193
4315
3415
1066
9
5960
881
1023
4154
6855
2506
5982
2447
7845
6576
3654
3273
1174
4278
1330
2298
1976
7651
5168
7308
1487
5468
8022
3962
2062
1661
6051
1155
7558
2675
6648
5511
5870
7655
4503
652
2034
7523
4391
2214
1412
5754
4081
35
3551
5232
3678
284
4551
6897
4055
4901
1928
6874
5373
7851
1961
2352
2478
1244
479
7484
553
1761
421
4324
4537
2568
4762
2940
7630
496
3780
98
7708
6996
4273
7611
1236
5350
453
5863
1520
5648
4928
440
3211
438
4585
2037
5772
631
3895
4454
888
5954
5813
2939
6410
607
7791
5905
2574
1961
4311
2045
3627
4647
113
2043
6221
7072
5396
6105
8087
7557
4605
849
3490
553
3170
4484
1760
4108
3417
4075
4974
6583
5975
7604
4584
752
4863
5640
2827
3984
4881
5062
4673
5965
2668
2321
3769
1501
554
162
5584
3581
6440
71
2031
5672
5530
6992
4950
3914
7178
2121
2555
4949
2519
2411
4055
3497
6383
2526
2870
2470
3967
5789
7990
2178
6124
952
2893
1653
1092
1707
2059
3271
729
2110
7903
4196
6168
1395
3030
5714
5877
1647
8079
3755
2848
727
4964
1928
4371
1610
6562
7567
5775
5607
6271
5765
4247
1555
2725
2488
7427
3406
7799
1358
3906
2119
8098
770
330
4779
36
1487
1960
4742
5533
2321
5911
729
5300
604
3926
1308
5861
1321
6749
3650
5183
2333
429
8017
5036
5035
3976
1381
8132
5837
5872
3775
835
311
5339
6852
5673
1391
1633
5553
73
1645
6753
115
2831
6588
5264
6794
3581