2007
10477
4877
8758
2369
5850
10039
10362
499
13553
11125
9288
13485
9817
8853
4114
10644
4794
943
9813
6238
13293
5565
11892
12930
8478
8256
1628
9208
11734
3124
9989
9619
6911
4058
4807
3197
5741
966
6660
9258
12253
4782
13250
3138
10876
11549
3892
3459
5805
10560
11299
2472
12679
107
12312
2821
10075
13179
9449
8978
3184
1401
6757
12577
2025
9255
5472
9736
13315
6871
9048
611
8192
11460
12546
9714
5670
13035
5715
11543
7392
5831
8394
12702
2783
11269
5505
9929
9016
12261
8604
1447
13513
3031
1872
12978
9445
3240
356
5566
8009
1397
10170
4025
512
5176
4924
9012
7724
1905
7527
12930
4213
7560
8696
3416
1907
2621
6625
3704
11664
1016
1664
8979
11685
3148
181
945
5541
4878
1320
11815
720
10804
2440
4421
12012
5927
193
13225
12245
2358
7676
3664
7727
11496
813
12015
8118
340
12037
9715
6086
6947
12422
5412
2630
2430
2138
4247
9462
7008
661
2748
4287
3025
5661
4803
7764
7769
817
2744
9255
12700
4824
173
5232
9129
1865
8172
3054
6326
3272
4922
8728
3944
578
6314
10820
546
8173
7140
2811
6960
1574
12035
3202
5448
6115
6352
6184
5384
11617
7544
7006
6494
12080
5164
1966
9770
8881
8306
2358
7825
2224
20
8214
5490
1507
2288
10539
169
4979
8812
13100
11199
9949
2479
10008
5754
3309
7852
12195
8258
13247
376
12439
6815
7086
3001
906
4127
11578
329
3933
8993
3051
5427
1204
10814
4831
1654
2008
6752
1630
3231
10777
9511
12970
2803
13361
2012
12290
9787
8870
3364
2169
2427
2297
11057
10963
7269
8562
1354
9600
7119
4156
2777
8895
11363
3871
7974
11125
6857
13350
13063
10630
5793
9381
5111
9048
13296
6461
8678
7109
13179
847
11496
2165
383
810
5241
11908
220
9432
4420
12020
8469
11342
5553
6600
3975
1834
12886
815
8128
350
66
357
4398
7482
7891
9575
1305
6011
13335
2089
9271
904
2989
11812
1446
1094
6232
10407
8183
6569
11138
9646
11877
1381
9491
3884
1552
5892
562
4166
11
8301
7286
5031
5026
9399
11654
12301
4973
3531
11219
3685
3934
2192
9458
6629
10514
2544
7598
6563
174
1619
7863
8749
4687
1089
5727
985
7371
4119
10579
5474
11574
11721
3260
10081
4305
2746
7710
1419
9616
11664
11107
5849
7062
11764
10189
8251
12360
11872
61
5184
11475
7960
6223
12093
11118
8185
6692
7884
8310
8501
12566
9745
2142
8564
3970
561
5686
13495
3680
11808
13051
9079
2853
11441
6079
3306
9194
8013
4996
9444
3095
3253
5388
12276
13479
499
1487
9551
9226
5961
10664
3193
267
12928
5521
9362
5171
8476
6366
7769
10218
5579
9907
8768
7266
1376
3746
3754
7762
395
8592
5626
5773
12701
411
1451
9323
4199
7450
9460
13333
4126
4312
10057
10364
1939
1784
8221
11342
10397
6517
174
603
2036
12524
9962
1200
11479
11832
4772
8331
6398
3894
3144
13297
478
3210
4093
10021
12653
1894
2678
282
7332
3010
4678
2784
11109
9503
1018
12763
1489
6653
4571
2577
54
11566
10923
3629
1695
5689
12213
12741
8331
5377
9907
3302
10893
3983
8970
6914
10059
3387
13386
7847
3622
13508
2434
12614
4997
4040
8332
12760
4731
7546
3397
8228
10544
11953
11542
8117
6274
7678
11998
12368
3148
4345
10636
12843
6737
9615
12989
13150
3762
6049
7121
7504
12936
13332
8884
4244
2856
2288
8444
9791
2271
3607
6910
619
1090
2085
8712
6102
10172
3407
9716
9143
5019
4414
5413
11809
7325
3202
12380
208
8
11330
7152
6410
11456
361
10089
1731
2751
6386
2244
10461
6102
797
12011
2271
52
4195
9929
8322
3168
5587
4271
2049
11316
9
12581
7671
1911
12072
13048
6238
7269
5167
6899
6749
4685
4481
7704
13461
10567
8303
4682
13016
11232
9041
5101
8023
8970
4619
6646
1907
1850
1956
5885
9017
196
12933
1420
8778
712
96
6698
4953
8055
7597
3183
6854
4572
9339
5022
2716
1834
7848
645
2326
4501
9094
5549
1933
10353
11246
555
10110
3229
9002
6709
12847
9940
8201
8911
13229
4512
2971
10185
11559
4845
12477
10209
1541
11987
5536
5911
4162
8729
6026
6079
10767
1421
1650
5815
1171
9875
11037
9049
12977
8446
11549
11623
10557
8400
738
4096
11613
10770
13078
4975
5892
8755
9564
11826
3948
5360
401
8709
3379
8434
10621
1933
9668
2998
4920
3134
9394
4962
665
10695
7846
11625
13003
7361
7678
6922
1027
3532
8760
2004
3937
4070
11790
9296
11589
5374
8129
6034
11606
11958
2126
6968
13114
4654
2725
8257
11536
13317
5833
5543
8150
2133
7525
5659
12877
1098
5098
477
11407
12058
6148
10548
12324
10071
7814
10643
7605
11734
11432
5247
975
3259
5184
520
4223
364
3422
9347
10770
1952
4736
4500
3319
1248
6268
11990
12650
13535
11775
13201
10277
12914
9989
9515
13169
13206
7214
8213
5101
12643
4082
5015
8779
4920
129
6580
10860
10449
4313
10551
10466
9629
9197
5621
7504
9550
7356
465
10507
8635
5038
233
8680
6566
3349
11557
10278
3524
7426
296
3616
1993
7260
2284
251
9715
545
13294
4045
12609
9992
4347
9934
8988
1292
13468
10560
4227
3938
7933
10148
11342
7658
1229
5207
462
6854
2162
10112
11028
8035
5584
10601
11764
6470
12210
13398
7685
2317
2815
12036
2724
750
10901
7237
11163
3883
2748
2583
9120
4791
8775
3374
3953
9401
4259
12720
9662
10460
2127
7302
7178
6717
13038
11155
7253
418
2015
2453
11236
10558
7404
12571
8518
4856
10340
11802
4664
1374
11038
7340
10968
1015
1550
5497
7874
4698
6131
7359
27
3620
2648
11142
4005
8887
9663
12520
12376
4632
8338
7777
3851
13572
8762
2483
6425
1543
8305
10195
9941
3517
10696
2905
381
1148
5453
10633
13083
2831
12353
10292
13463
5545
1638
4370
5877
1530
1293
1758
3385
1427
6985
12222
8511
6366
11963
2487
11564
8862
3801
3512
2292
7082
12889
3532
5212
7538
1178
6493
4800
9283
3280
2681
3142
4554
6847
8180
1591
12136
11985
128
13183
7958
3686
1416
78
8596
1548
5889
8990
2000
11759
13087
8998
558
6531
12664
4918
1511
10357
4413
11282
514
9595
1050
3572
5068
4167
2779
1435
4002
406
4768
11240
1704
13393
8941
3962
685
11197
6299
852
5627
7494
12927
4129
10144
13123
3775
12636
12109
9165
5330
3990
11839
13096
5900
322
5294
7303
163
5414
9924
12006
306
9250
6983
8947
11051
3383
5690
4771
10064
3750
3407
9901
10111
3385
8568
5607
4307
1740
4479
3432
1192
12633
11790
9096
3121
4074
714
2490
4618
1980
11886
3836
12988
2695
12265
9539
6720
5628
12266
1425
9774
11607
11233
4255
10907
9452
12468
4929
8764
13156
7505
5141
4405
8687
8466
2911
4135
2289
3934
9642
13584
8421
9287
8034
7595
4487
3610
6548
11100
2527
6909
1084
11104
611
12664
10846
11964
9150
1303
603
4400
4320
7643
9693
520
6079
6290
11932
12758
2901
11175
4191
3830
9714
862
4831
9896
1455
9284
1460
5111
2310
13391
1396
10475
506
824
2690
6649
9383
11311
9111
10180
9422
8347
13065
2246
9676
3984
11718
13032
7733
6908
4470
10618
6923
9601
12664
3897
5498
6773
9296
13508
3360
6449
8047
4928
8665
5295
13572
12099
5598
10598
10792
9886
850
9751
4110
6426
7646
4792
8707
10275
9971
6312
3438
3173
2705
9187
10083
3072
5348
771
13055
5016
5003
10505
7295
8642
3853
7597
9592
8366
11919
3019
11951
2712
8142
4545
1296
251
8875
5141
10979
12545
8339
8966
6760
3867
223
5869
4373
2218
8817
10893
12867
8373
10708
8900
13128
354
4213
1485
9877
2260
8227
5352
9048
725
11831
1801
4575
7056
5693
6687
10442
12087
4325
2110
48
1538
4545
9273
9191
9182
10513
9637
4512
2625
10139
6658
5335
13167
13493
519
3108
7352
3580
8764
3278
3608
5374
3872
1836
5619
7525
1003
11811
4723
11208
222
9787
4151
9398
469
11772
10693
12131
4545
10198
2174
3478
3234
3906
10762
4656
4244
11188
4359
7422
646
7602
6990
4098
72
6948
1068
13318
12455
4328
3357
6456
1521
7725
12639
11919
5193
5076
12795
4103
7803
12381
3499
12672
8224
6098
2199
6596
9227
2313
8651
3902
3230
11064
5646
11313
9466
12744
5643
4882
6299
12032
11008
8018
3678
6368
4292
3136
3594
1698
8385
3234
3843
10397
2888
8188
3785
13558
7888
8562
11496
1980
7010
10426
7318
346
11652
11489
4183
11000
1427
431
906
5092
7219
5058
3109
7716
11890
8018
136
8610
13114
8237
6963
4877
12433
4361
640
710
13591
8958
5458
7266
5375
2582
701
9677
12043
6680
7764
10842
3326
3014
2763
3709
10307
10814
3447
7442
12326
2747
1831
8212
7036
5865
806
12317
12582
11162
10847
9406
11249
8665
12687
8669
11331
13087
9311
510
810
12342
995
6319
1095
2375
9023
3999
2096
8330
12383
7385
10782
13484
10356
12367
328
7796
10772
12923
242
8601
8886
5670
12825
10930
10388
10468
6351
1201
5641
11974
12114
2216
8691
11889
6221
6260
10906
6744
9913
13446
1212
9271
6052
9037
4824
7577
1988
13547
1324
541
1701
3442
9836
11427
10144
10020
11550
11127
9751
7167
8229
6736
6769
12128
10539
10216
13172
8983
8843
8705
3429
960
11229
10120
10912
11879
1711
7739
6780
6893
5139
10837
7801
11507
4477
10826
5627
13309
6290
176
11080
13490
4564
8129
9290
12139
2333
6748
1535
5502
1262
4219
1207
1730
3917
8402
12942
3601
457
9630
13064
12157
3060
13328
957
8699
9165
2332
6875
3834
13143
4747
2445
7421
13263
9050
12930
1920
2136
9566
9630
2811
4800
10050
11711
4032
4348
11061
1242
1964
8877
10090
9025
11022
2494
8907
7348
11998
838
12
12359
4813
3601
3403
9433
4842
8167
9748
7901
9911
12297
4230
12825
13418
2103
4509
8304
1842
11249
9221
9931
6144
9038
8656
7144
11386
10482
4770
10290
1254
11772
5226
2405
2023
299
9935
9590
4719
5652
8804
3024
12686
6731
9168
640
11003
10019
4330
1825
539
556
5027
1449
1290
6936
7148
1003
7375
11972
9166
10690
9998
3610
1643
5765
11903
5432
7204
4453
6097
2171
4590
12268
823
5041
12004
5696
3367
1890
2426
4129
12844
3609
9622
3146
8592
11594
8714
11358
4825
8609
3521
12584
11477
11411
5480
9682
2257
9842
12464
8399
2783
1133
8298
1485
8739
6640
8704
8811
10063
7930
1688
10056
4953
12864
7942
5813
11488
5413
8658
497
254
2414
1302
1720
8415
2615
5086
2478
7854
2582
6291
8003
657
1144
7229
2200
2456
2204
5955
3230
6210
6190
10745
12426
12925
10871
7805
7882
10924
10673
3463
4498
3453
9998
7725
6746
3686
7994
150
3771
5378
1672
10112
289
2902
3868
7121
10108
6121
2131
1971
7356
11938
5282
9775
11296
3220
2596
12533
13479
889
10273
5282
8721
9803
3595
934
768
2644
8988
275
6813
3006
1866
5277
4895
12984
5562
9877
4581
4115
5835
4737
10338
2170
2005
8384
4148
8603
1245
4329
10071
4745
11167
84
3527
1287
13461
9717
2325
2413
5182
7926
10299
12531
11294
10582
10207
13234
8255
5509
458
11172
4109
6154
8258
2059
11761
9539
10643
6310
5904
7694
7667
1995
970
269
9499
1502
13058
10441
5661
7524
9852
11626
4682
5749
1216
8375
6460
449
7859
3891
9785
9598
5907
3970
63
1557
9104
72
9544
7355
8274
5683
7059
12368
4231
2079
3063
11074
10113
7087
12440
265
8006
2960
13266
7981
1021
2890
3358
4226
10006
8410
5866
3707
2043
5472
8332
2889
3676
4797
2263
6030
4988
6329
10352
10267
11874
13207
7042
1736
11777
9634
5606
4704
13311
13534
8671
13293
8450
3244
803
7017
8004
5778
5577
5190
11617
10168
5818
9965
10939
11685
9840
149
6826
934
162
9998
5597
6491
3322
12834
7447
1370
13431
9818
13077
11036
9590
27
12893
7644
5583
4927
3917
8103
2498
5097
2759
170
5553
10546
2558
4237
4993
6536
2714
3164
8323
636
8615
4948
4060
223
11888
10553
5287
7903
7848
253
13032
10769
7577
13410
4002
1442
12936
10161
3036
11241
3798
1220
7795
12193
3103
6797
9043
8481
3907
3849
7338
2213
3384
8046
2754
13146
11945
1367
7296
1007
4887
4972
4920
621
3925
12824
7929
12687
12311
8574
10185
8531
6761
6174
5754
12395
6730
6009
2691
12372
5260
11963
12025
4493
8072
11608
7138
1601
8051
11907
6411
8929
11585
9543
3619
13248
1493
13516
12690
6880
6768
11695
11719
5462
4034
5649
8547
7985
8873
6767
596
5703
893
5178
8967
6363
5074
1870
11291
7630
6373
10829
2280
9582
10175
10198
12401
1216
3168
3370
11364
11240
12369
9137
10468
10159
52
11308
6718
12744
2037
5030
6600
9381
1110
5179
6025
5350
9579
12218
581
2558
7363
9330
10077
7527
6371
3728
12083
9664
2453
8008
6983
7764
13251
9607
1105
9432
5317
9000
4461
11007
2244
8524
2580
4437
1096
51
11972
162
9233
2452
11199
7296
5842
10753
9202
1361
10516
3197
11529
5413
13141
7666
5874
4244
10647
5832
3644
12631
3034
3972
11567
6941
5133
4264
4248
5138
6159
2475
9935
3566
11896
4372
10373
11381
4114
10124
6809
2537
236
12221
3387
80
8794
9392
1875
6766
12383
897
1040
7298
12554
12829
4164
499
1430
8971
2236
673
1337
9117
1427
11137
163
590
10614
7089
13195
5708
11015
13561
584
13304
8215
9526
1876
3103
5770
3727
12755
4835
12529
3609
1548
453
4213
3233
7158
11969
2771
8252
6272
6988
2905
11056
5118
11646
7969
6759
7663
11802
4768
12193
2260
7230
11653
5373
200
1843
3994
5341
3155
1194
9126
9958
8283
579
5464
8702
4364
1655
9240
4992
2064
6982
192
9113
326
790
8193
10346
3022
295
12780
5253
10335
11905
7462
9055
3573
414
11309
93
91
10616
9175
10111
952
12666
6881
12450
7489
2889
9211
1865
6186
820
6377
3056
1292
6493
5336
3034
7608
8333
6597
7472
7505
10716
13469
13533
3800
2386
5769
12051
4569
3021
5804
10530
379
6124
6670
5147
5877
11201
6999
12792
9889
6136
8300
10992
8388
13459
10069
13242
4897
5951
6686
6092
1345
2490
2037
12998
5904
1900
8660
12273
12499
1125
2120
7881
2691
833
3926
10850
1346
9025
9843
6073
9650
9524
496
4809
7693
8010
10138
408
10158
7810
11879
12802
6905
7990
6664
9465
13169
5514
2361
6379
1037
13164
1282
9683
12754
6886
6545
10615
3239
1002
5413
11265
12346
12137
2270
2961
9980
11346
3043
11448
887
11925
1858
11576
11264
7210
10568
860
1304
2175
3871
7103
1733
2567
12090
12617
10489
5116
12529
10261
1062
8038
8482
13435
10898
8655
9642
10657
10941
5084
7713
9979
7335
6501
12735
6333
2518
2140
7966
7038
2425
6699
4665
2909
7975
13181
1314
9182
4974
9052
2735
8477
126
3492
3294
1843
12397
4079
8608
7502
5211
7601
7631
3688
3572
6723
12863
2131
2247
615
11523
8921
5885
6541
2024
9892
13383
2209
10355
11501
6764
8435
8427
5885
11773
1520
12661
7263
10794
4806
12692
2882
6467
1523
11877
132
8153
2124
10398
3241
814
3908
1316
4965
505
9436
7475
321
5451
1282
6814
8233
9099
1166
8153
3937
10567
9252
4890
3257
8053
2853
4546
3404
5810
6573
8291
7257
5735
4654
6641
5174
2104
1002
7262
6982
6041
10076
6626
3103
12571
12822
9685
2451
8693
8602
12179
4419
5042
9531
9239
2704
10396
7060
593
8904
2025
3844
11278
10990
4662
6341
419
4540
7589
10885
7739
9295
3782
2192
10417
1020
12174
10328
10659
4887
9244
7656
728
1660
4472
10949
981
10941
13185
11013
9227
4780
12584
11359
3726
5975
5186
1375
5639
12779
12477
7254
13159
1920
3601
13155
4952
12128
6381
6065
11750
7432
1623
4836
8600
3444
9122
3403
1107
899
10234
8072
11308
5555
6892
2691
9744
10307
6469
10689
3250
3101
8044
8522
6483
10878
5100
13472
13059
5045
9180
751
636
452
4087
5907
8580
2376
3038
8424
10072
3670
12272
10147
719
10690
10803
1031
6545
1615
12235
2559
1811
9808
13279
12731
12487
13137
10935
8098
11747
11477
4658
3747
3052
9153
4703
5152
6177
8010
1928
8084
613
11846
1262
12255
3648
10543
11583
11644
11360
1715
6056
6627
4991
4586
219
9723
11802
327
10898
6979
11782
100
10199
9247
4492
3313
7927
10539
3336
8152
11034
7549
4756
10893
10095
12378
5859
4541
7462
8186
5227
1526
5190
10129
4248
12027
496
3569
5745
9868
8283
9867
3709
5750
6194
4879
5275
2126
11423
3352
3877
6879
1709
7641
9393
8173
2117
7439
9422
8869
673
4034
2899
6084
7375
3390
6182
7518
10844
11306
10066
1143
6958
4140
1077
7183
3922
6847
13431
11784
7884
13230
3257
2021
323
3260
2428
11562
7329
12429
1206
4432
7969
7768
2554
2087
1936
10146
2435
12389
4126
6129
12131
684
7145
5620
11865
1930
8495
11499
2336
1569
2968
11169
3878
9739
10932
13330
13375
4238
2937
6733
5370
453
1475
5474
3261
3254
2679
6139
8909
2105
12424
12336
12164
12194
3815
7115
429
5475
3090
4521
1094
163
5476
4669
8231
4564
4947
6620
4775
10990
9933
12130
44
12328
3135
4663
8297
10147
8743
1716
7528
5431
8918
10859
1431
2238
1075
7949
5161
561
307
5905
1440
13319
11011
4163
1756
9620
6514
13027
9023
13174
3938
10641
1496
7733
13322
2097
8986
9713
7342
4131
13278
13101
8850
12592
4873
11253
2220
8876
142
1523
4894
2770
5893
4058
10620
13237
10900
7447
12938
9970
1946
11681
1119
6795
11896
9636
3701
12981
4673
2347
8762
5342
11459
4597
3805
7394
12873
7709
6382
2334
10036
5388
13236
4514
6850
2445
11231
2544
8323
9043
11842
8086
555
10208
6777
8945
2732
8871
5108
7578
12681
5161
2329
8952
12793
6062
2175
9438
5927
2601
13435
12442
1026
2273
4856
6428
7586
13358
6694
1896
11860
1266
12762
4081
4757
1610
11268
4415
2894
9177
10430
4676
9282
6711
8868
2251
10692
11419
1965
2008
11453
9194
9704
10477
3937
808
11034
3949
6361
7968
5570
5007
11808
9716
13517
9400
3292
9316
6141
8411
1972
5922
2535
9380
7865
2525
5476
3568
13584
10983
4656
11894
9715
9527
9376
9550
10455
13227
1416
8667
11321
2379
9969
5942
631
797
9622
7895
8512
10819
1897
7103
13510
2063
11539
9618
9995
12505
9463
9485
9664
4443
390
1741
6257
13053
8666
620
7908
4731
13021
2715
6057
3675
6742
3072
4694
12332
401
1684
3377
10158
3882
6443
9423
12258
2246
12078
643
11352
4258
2026
2451
8418
13369
2019
8319
533
2035
2593
11435
10400
11803
1981
11620
9138
12698
12595
7293
5997
1485
8848
5134
12413
7514
5276
9954
6093
11991
1972
7406
2022
10579
10131
169
7315
2585
1481
11904
3581
2235
195
1883
1963
7838
1559
6910
7549
2268
1869
12857
2610
3424
5057
12751
11757
10994
11298
13590
7498
2978
9598
4272
11268
8465
7678
11042
10687
2495
7964
3109
4596
6051
9938
5388
8245
8741
2670
386
8960
10911
522
577
10928
8535
13406
1715
11138
448
12090
12160
3398
6941
10267
5163
8878
12397
12859
1797
12607
5789
1697
3136
1654
1372
4783
3097
4989
11822
6068
9611
6893
5527
7378
5122
11228
11900
3338
3124
7078
11717
11462
3646
12860
7080
436
7830
5506
12968
3725
10066
12223
6670
13271
8590
12026
5589
2585
1739
3383
5119
8217
11351
1559
5996
892
12933
10956
4500
5775
13400
12697
3730
10098
9052
4096
7271
7708
12011
9594
3760
7951
7991
8843
7161
6037
7076
13251
807
11860
2645
13004
55
2652
11991
9384
8764
7734
6952
12804
7200
9138
4275
2091
6047
10203
4424
8997
11811
5388
2854
2438
4593
3073
1571
12014
7632
6970
12445
12617
1689
4358
10548
4004
1731
9860
10614
4525
5043
4887
10622
4253
6127
7896
6865
7776
10096
6815
2226
3339
3431
2771
8915
357
5871
8169
1002
3019
11799
7039
8488
2469
5882
12648
10672
7022
5973
10937
1564
3122
9070
4741
3166
7250
288
7122
4696
13355
4142
3731
2110
1446
5241
9503
9067
6625
9957
3973
2210
9122
6515
11099
12373
12163
3878
11148
2799
4339
2665
1217
3378
2962
5945
4485
3803
12984
7784
1557
4113
6238
6031
11117
171
6299
9983
11965
3424
8852
13359
12689
3484
12431
8828
8070
8172
3105
12056
13548
2443
13120
5802
11722
8829
2724
11094
7169
12783
1466
7712
7351
3566
8442
4322
6636
6880
4692
4717
5413
407
11107
775
6209
9597
5020
10335
1927
8862
11160
944
12482
7221
8335
6918
7547
13523
7349
2737
10792
10024
12985
5486
1187
637
6516
12389
5989
6804
1194
11938
1097
9179
4320
11594
6875
4842
3406
9879
6943
12990
2899
9151
3759
1469
12060
1565
1298
3522
3037
8981
4094
4126
4325
6219
3745
3446
12174
5912
2934
747
10933
212
5927
10235
2607
8146
5572
9725
11929
8449
6522
10269
13372
606
1386
12480
8537
2890
4786
3969
10268
3016
4786
776
6892
2449
9545
319
2756
3463
337
10121
9265
6098
4757
4482
8315
2328
828
13576
781
6854
6915
3816
10084
13549
1416
3432
321
545
2781
11454
10682
8552
4663
4174
9525
13318
11485
2949
6562
8085
1437
9465
1924
6258
12503
7516
10778
8816
6359
3660
7191
12214
9439
7828
12043
12036
6835
973
4516
10207
13209
8272
1314
9244
7163
4180
3628
5087
10366
11332
6848
9820
1900
9082
1540
7888
5123
9922
8352
8057
11137
3057
12040
4809
540
3516
2977
1418
5918
4391
5924
11901
12697
3434
11160
612
8327
10108
4461
10471
2460
10863
9404
4518
5258
1554
6612
5726
1978
1144
4755
4979
2650
13443
5970
7548
9308
1736
7712
10986
3251
2008
10500
2066
5116
3208
8243
8408
3156
1884
6171
6787
10465
776
6121
1625
4510
5881
11747
2119
3963
8500
3038
13557
6009
2795
10093
7858
10430
1213
13225
4031
8982
9746
5438
10661
12091
8844
3258
12339
3774
1152
3826
4112
3463
2114
6894
12576
3996
13403
10212
12751
3733
8516
1366
4006
2032
11663
9759
12860
5352
3622
767
12168
1605
10603
12138
1018
6197
8713
9823
13083
12521
12668
13036
12689
12804
888
5854
1175
10881
3373
13505
12820
7334
5552
10068
4119
6089
7769
2095
3768
7773
13415
1336
9153
1633
4523
2393
6487
4039
12699
672
8140
9084
11142
12746
11777
8341
9582
8258
11372
6484
12846
513
7139
7426
2816
8246
12017
2500
6995
10350
6150
10888
8326
10793
8191
11597
12260
9032
6601
2762
10928
3076
7
5732
13483
5306
3090
13483
6259
3068
6246
12531
8240
2947
7567
181
4620
619
7186
6029
3668
1364
5768
6852
2456
4259
10464
6039
13060
1565
7403
8308
10392
5782
11287
2356
116
5676
7983
1530
4135
306
12416
5203
1903
8907
2476
12572
7967
3845
9862
6309
7600
6967
7679
5598
12
5524
9801
6706
9800
11548
10852
4115
7168
1117
4582
5824
12045
9441
883
5981
8474
2289
10815
12057
4806
5561
12644
11962
7881
5563
5211
13061
12023
2839
625
974
2409
4723
12902
253
813
60
13015
5773
13299
3352
395
1655
2854
6731
13050
6816
11933
589
8751
8172
7930
9884
6256
1867
7621
1392
5594
4275
7917
3692
5443
7424
287
7516
9231
1609
3623
7678
9466
8300
3212
6116
5418
7585
12469
5558
12194
10526
5232
2714
10057
8845
12015
9199
155
9727
6839
10123
11685
3544
10873
3820
13209
10667
5664
11188
9932
7868
6883
8219
4261
7320
8606
9197
13166
4283
3170
9282
11751
98
10145
927
12906
9614
3241
10235
2615
620
12197
1812
2101
10797
6603
12951
2195
1781
8214
11792
9959
510
5463
349
7111
11033
1206
4070
7541
10985
8449
1897
6330
2551
3196
8309
13067
9894
6913
6575
10707
4978
9616
10163
1433
1403
7744
3175
4178
4963
1271
1795
7809
10451
7076
2003
5409
11468
2336
10600
3159
2941
4671
7289
358
8788
9205
3224
9460
7618
13264
9453
1508
5306
5171
3923
12256
3955
10696
5097
10253
12610
12871
9895
8247
12412
9176
12007
1389
10450
947
1779
196
9141
387
9369
12168
4392
7962
5550
9233
1415
799
13252
2503
403
10815
3610
5848
9173
8649
8939
6508
9034
245
609
10814
7079
7663
6435
12296
6865
4231
7028
5885
9073
2575
2548
5871
306
1703
1435
12836
2399
414
12433
5813
3636
7266
8027
9584
4035
475
8662
7746
4000
7263
10609
1148
2484
12349
5502
5786
2114
1436
8696
11166
4354
5120
1287
8751
5001
10731
4420
1562
10713
12625
9695
635
8269
1993
2493
11045
5483
9204
6267
4285
1708
7896
3283
8064
1126
11701
3644
7772
4860
6641
12947
10475
5463
9015
12973
9110
4597
5161
5809
5431
11151
12683
5940
9632
2888
12864
4345
7359
1581
6481
6497
5538
7717
1092
10245
4843
12297
9680
126
9891
7848
4030
344
9346
10941
5442
10998
4044
11823
4616
4357
4935
2669
13076
166
2814
9825
11277
8120
9092
12865
10686
4664
9830
5666
1177
12672
13373
6707
4118
3126
6048
2708
13141
12684
8929
6959
11438
12041
1466
8866
2524
11088
13011
11636
7539
7781
10440
6959
1612
3228
9470
3719
1987
3618
4191
5951
7927
7485
5091
610
12564
7765
12690
2813
6727
13540
1741
2742
12601
8209
2595
3398
12381
2836
1946
13202
12808
6639
5428
13468
8377
4996
6727
8216
13353
7048
1782
1305
7514
3753
1044
10176
1748
4548
11719
12701
2783
399
9423
12282
7450
3656
9891
10023
2457
9417
4776
4553
5071
10589
11132
6214
11205
2871
1466
6747
2525
5428
178
6034
11625
466
12487
8656
13143
1232
941
6727
5075
6301
7015
6505
6706
5066
5512
6712
10899
13395
12869
10913
9291
926
4246
9938
13576
4870
2166
263
860
972
880
9437
10620
12383
11607
12112
9262
2108
8879
6079
10763
12946
8904
5074
6422
7700
12464
2385
11976
11272
12566
2614
8002
9533
7951
9555
2746
13518
4727
352
8136
6155
11017
6013
5011
10301
10079
9957
7425
12741
12652
693
11853
11449
9989
2268
3306
3772
12980
2130
11026
13596
12499
6304
6231
3650
10360
5555
4074
617
1089
6805
11502
10104
8028
9820
4497
1256
2606
201
8827
4682
6133
7241
12154
2501
10372
7610
11289
11972
3148
13229
7133
10458
3039
3021
4381
4830
3559
7503
3438
9241
5290
9560
5839
12501
5966
6861
13283
1191
484
12493
7644
9624
4297
6153
4932
12292
5058
5521
1561
11926
13256
202
9752
13422
2604
3283
5271
11016
3484
5210
605
11234
8100
2994
822
11460
5919
5307
2659
6728
3601
816
3009
10254
4934
7773
2767
2884
8869
12887
12106
5281
723
9089
3322
2031
5620
4033
12126
3157
2144
10750
12895
11029
3680
6059
11921
3431
11702
2342
8442
2696
5326
6661
1107
9272
9231
4786
2484
6770
4795
5955
7309
12711
10096
7032
13589
8231
7191
9830
8274
2289
9340
4018
879
11536
744
13110
13165
11714
11080
3034
10072
8253
112
4146
3923
4264
741
5152
3307
5049
5240
8492
9557
5395
13584
4823
6548
2379
12723
11639
9626
2533
8677
6033
2817
4473
7896
197
5365
10024
11688
5098
9375
9020
3589
2013
13404
7847
5644
4217
8553
3038
12700
3053
2696
124
1511
5292
10000
12550
9464
1638
6689
2492
6281
12978
10007
3477
12849
10010
12086
8046
11327
1174
1977
11946
9575
3237
10117
11546
12983
6065
591
965
9079
2405
12068
12065
2727
11624
6178
2190
6489
9819
6929
11970
2857
10457
6389
10874
5512
264
4278
8060
13537
1106
10854
1805
11666
8932
11376
3990
4200
7922
7555
12515
13523
8735
5362
9126
9888
9957
10086
1195
417
7543
2676
3608
9875
402
1004
7087
10060
5495
5473
1181
6844
11716
3093
8164
3781
6306
3501
5198
11728
7107
5056
12377
9208
3504
4400
1678
9249
13258
1463
9415
320
8343
11527
9657
1602
4752
5367
6904
893
12801
3502
2912
134
4051
1414
8633
4848
8607
6304
12266
11243
5210
5967
13144
6450
10319
8723
7931
6705
7009
309
1166
9912
4925
6807
7588
12643
824
5795
6350
5911
5564
13291
875
3723
12321
6517
2042
2483
1434
7970
2404
799
2195
8696
4043
12912
11330
6128
10769
11900
5668
7935
9035
3392
13202
3655
4377
6032
656
8384
7450
11950
4959
9518
6938
9302
9627
998
12587
9780
8903
2130
5398
12195
10834
6073
12570
2026
2802
5598
11354
6801
4345
13005
4272
7899
10063
6478
5858
2605
4974
7105
5098
10774
11080
9323
2090
3480
6574
4578
8881
9945
1391
7840
11019
3688
12422
4217
4186
5844
7785
12874
11343
5122
2020
4254
5848
8180
8741
947
4091
7822
252
8155
11736
13577
9401
2841
5638
2184
9129
7513
6779
9522
10241
141
11979
1862
9488
5836
8156
9960
6610
3187
1720
7502
7131
13015
13221
2669
10296
3026
9207
5330
5452
12578
1261
372
12984
6310
9064
12723
4150
11754
4362
6489
11897
4699
12280
11818
9871
3821
2676
9309
11605
7123
1438
10544
9464
9724
6275
4043
13511
4362
4869
12487
1060
2846
9224
8962
12349
12982
10014
647
7074
179
13596
1413
6540
12421
10704
12798
2943
4646
12291
13003
11077
12309
1637
8005
9477
5781
11357
879
10806
1222
12788
1103
12745
9536
12477
9506
4843
185
9971
5976
6025
11980
6580
8137
4505
5644
6661
9566
2100
11828
233
1322
13429
1757
8115
9706
2118
769
1415
5906
3046
13439
4869
6500
6882
6058
8665
2680
2198
7542
5950
5002
6130
2845
13295
10040
6050
867
13300
210
11566
7379
8824
5707
4812
7684
9057
8565
5768
1853
5705
4808
13560
2661
2167
12275
8617
7377
9829
9606
6604
6663
8687
3298
5172
8273
10521
2460
6631
4116
4762
2897
12682
2289
3506
4256
2064
4444
11701
5006
6396
5487
12934
1835
4949
1099
8762
1291
13029
10443
12832
4282
10688
9842
6837
10296
4119
8882
7569
6190
12187
4723
11763
6997
11236
54
10322
8931
800
6231
2607
2272
9428
6392
8071
13
5257
11455
4772
8895
13163
11231
12246
8201
6857
459
1968
5718
11393
12369
11556
531
1306
11190
1586
11367
11378
3507
1050
1282
12740
13177
6090
4133
6924
3345
5177
7164
8397
8886
6416
3919
7248
5324
6295
10170
8697
12655
584
6400
9029
133
2991
5365
3421
2946
10322
8543
3871
8870
9353
12083
8858
9942
10390
1814
11119
1013
2691
7012
9325
7352
7867
6675
7723
8685
13183
12012
2047
6972
12104
661
5280
4747
6131
7387
8395
7309
7070
10593
12718
1728
98
10997
9421
493
12001
3630
4890
541
10582
921
4194
13075
1951
8654
2564
6900
4831
8753
11736
12130
7799
9864
7827
9503
13267
3736
8246
324
10697
916
3907
12465
11055
3114
3699
11838
1424
3541
4833
9641
10878
3272
7915
5342
11306
10264
4165
11216
12365
10159
5916
3381
5076
13460
1367
1571
4860
10911
6801
8666
4732
11605
10008
6320
2234
12400
1089
9478
4598
681
13188
2390
13434
10208
10699
5106
10126
7729
10988
8155
7166
8404
6163
5675
11198
6893
7777
10355
11129
8438
6671
7123
3990
3884
1425
11615
4051
4742
13389
2824
3189
13108
8208
12013
10645
12104
760
9859
12969
9082
7759
1536
1208
9668
13103
6073
7309
2120
9974
6005
7128
12865
879
12640
4532
237
12009
3239
12342
4542
7576
11811
9627
13288
4603
6946
9347
9538
7012
9461
8458
9468
6193
11208
11101
6349
3349
8671
4065
1301
6360
2939
2904
9111
8824
6778
12276
363
1468
10828
4924
12459
12983
13214
57
8341
10424
13217
4126
9045
3039
10614
4415
7274
2042
6999
5605
7654
8233
6824
8674
4385
6154
2228
12608
2100
12106
10280
788
6073
9452
8572
849
8707
10242
7632
7563
13094
4894
1091
13180
2435
4037
7262
10890
4640
3218
9890
4828
6807
4583
3483
3141
5080
13230
8082
13390
10223
13152
11694
8279
3288
1586
6329
7373
10652
7587
5172
6830
8300
11069
9499
11274
7970
7334
128
5065
54
11465
9320
10032
12480
1920
6866
5408
6211
533
347
3189
11122
8615
8722
5663
5932
9427
10730
4368
1259
652
1420
11771
2309
2704
4427
13432
13449
13318
11244
5168
9956
1798
11413
3633
7880
12124
8383
12909
11086
12102
8707
4881
10410
8926
3207
4003
3059
3694
4531
469
8661
4132
12344
13468
10317
10856
1395
1258
2111
6196
7457
4917
9781
8357
7753
7516
900
9919
10641
13539
3596
377
2475
6935
12570
11718
2776
9765
4484
700
1636
10559
13233
2283
12953
5781
10331
10220
12024
8238
5092
4885
7286
5658
328
503
12275
11504
11016
5085
166
10453
3939
9465
9247
2120
1132
8645
2945
4451
10682
13226
5848
5940
9293
12627
4996
3965
1885
8594
4710
8078
5816
2498
6779
9095
530
9010
12894
3115
11297
10004
7680
2429
9708
10540
11874
10690
9760
3931
411
1471
6089
11058
884
428
9471
13484
12012
11135
13136
9979
7469
1580
4074
3196
13245
8394
9127
9709
12269
64
5027
1427
9385
8505
1095
8644
2569
11808
5244
1312
12903
11191
3062
10732
6634
10400
5813
12294
12388
4855
4551
5717
12960
11210
4135
7142
5254
5609
3057
5311
7904
6999
2736
2310
12792
8536
11270
5772
10092
2568
11722
3855
7228
9702
10911
10171
131
7531
3295
810
10856
7942
10316
4007
7394
11781
3636
1660
8198
10202
2668
1764
5069
7116
8536
10857
12244
12193
11741
2730
12067
5351
11892
9044
4214
9017
506
12244
13496
12052
8124
3607
2397
10001
10600
11779
12642
2262
1728
9288
2581
7923
7547
5867
11868
1926
847
9045
2373
12817
13057
8374
4018
10099
4506
10477
11349
755
7529
4966
11757
9104
10003
11626
1810
5396
9741
5292
7160
12545
3920
7417
1742
13060
6002
1473
1147
11734
4024
8898
10341
13315
2611
6756
6202
5533
991
5062
3083
9032
4504
10480
7131
4174
11620
789
4032
10750
7510
1341
12398
1627
2688
4121
1462
274
12391
6537
4746
8296
10343
8212
8779
7996
8
3640
2063
9446
13588
1571
1128
3908
10286
3056
2518
7246
9162
6395
10307
5528
8600
10318
10608
4543
12850
2464
8681
2696
562
8782
2776
5485
3767
12927
1684
9819
1862
1178
8470
474
9029
9852
10376
1920
9318
2143
10122
7022
7647
7768
4712
7336
3865
7279
13324
4947
7391
1499
3424
8607
583
6869
962
1208
3524
8418
11050
6778
3333
6125
872
10599
5019
11249
11444
663
3448
5636
8807
5230
4710
1355
10985
8250
96
3162
4907
9924
2524
2965
8732
10234
5798
9580
13139
10601
12848
12516
2823
6693
7840
13321
9223
11582
7766
11608
6113
3454
13403
13299
7123
12631
11655
8125
7745
12323
9871
194
11863
5204
3580
8843
154
13125
5877
1318
5740
8068
3698
4144
10173
6126
9778
2410
53
10244
6860
9099
2040
6871
11575
3744
2688
10598
10467
6152
5080
256
8184
8766
6834
11548
6638
4023
6579
12525
9899
10880
2020
12316
5085
9897
10238
9614
5105
3395
9160
4499
11039
6443
7353
13085
4991
6747
3187
991
7471
11593
7994
4201
9984
641
12283
4341
11160
121
7714
1209
71
2403
11666
9818
2430
2560
7965
5095
767
13
6568
3635
9047
5221
6489
10015
975
7057
1327
4493
457
13418
1635
11289
10387
6964
13365
3767
4424
2606
2251
10347
1457
903
9662
9347
7596
10179
8908
7300
3741
5760
3346
7518
4008
8750
4289
8594
7873
3597
10175
4763
6149
12968
5562
1613
4430
5178
8157
4274
9939
11317
6529
4464
12381
1279
1105
8412
10248
11420
3741
9406
12254
872
11375
9314
8468
10497
107
11142
10671
3041
1324
1603
2640
12815
3905
8109
6113
10540
1470
10830
5355
2706
2010
7237
11664
5279
9870
4187
4356
12570
1903
5393
10844
11012
4388
7535
6169
5317
12689
5197
3504
10044
7451
9157
3888
4917
9309
2379
7618
8885
3122
7169
10272
6394
12861
11406
2903
10234
8955
10283
6106
7538
6125
13281
5256
13072
13381
9595
7942
7778
10138
10851
3561
1730
6065
6433
12892
2063
2293
5748
13009
1766
13263
13399
3817
9257
5795
3716
1441
4346
13365
211
4410
9677
1944
1672
12288
11520
5364
7603
6858
5049
10565
5138
7426
5112
7100
6044
7370
5978
1704
8427
9219
1059
540
9622
8007
2411
3837
7776
291
4492
3588
10117
429
2158
12332
11286
4015
5185
13245
4664
8852
11687
4809
7288
2517
7609
176
10619
7471
6017
10602
10994
6598
7229
10599
7492
5175
6790
11411
12722
5206
8265
5589
6348
12042
384
6539
6163
8844
390
3556
6886
12723
1581
672
1556
3720
10142
3933
9925
15
12264
9539
2309
11223
9273
13467
2355
12864
1114
10357
4874
2910
9947
9955
5514
12950
8462
11599
4867
8872
3387
5959
4122
8246
8626
6207
743
10162
1498
4043
9147
12117
12481
7175
9212
12968
4868
10218
5853
495
6655
3025
5757
5597
6943
4478
5129
4994
8666
7511
3172
10890
2200
98
13045
4500
13149
496
5375
12317
5116
3533
9984
12614
10234
6842
406
10890
4653
5822
3692
12776
3424
13133
348
3343
12451
7119
139
719
8514
10750
4115
10482
12347
2114
3680
8986
10679
5608
6936
7335
8746
9666
5296
2902
4392
3051
8543
12792
9703
1725
2453
4860
10431
8846
7326
10749
8324
3920
4700
3409
3476
8385
2751
13216
7984
5651
7055
171
7653
3451
4610
2319
7521
2858
9373
5768
13470
8860
974
8796
10677
13010
13221
13444
4219
6060
3554
2445
3125
5519
3942
4842
5547
1570
8617
6577
10504
13042
3237
9476
6827
5954
3666
7726
201
3193
10561
11043
10700
3226
7418
8056
10521
10716
3717
8043
9268
9535
12447
947
4859
10351
8735
2056
2139
10407
9304
6011
13565
9808
10873
5697
7908
5524
10444
3340
8906
7518
5923
8211
2520
953
4856
7083
2938
5969
10273
215
2644
2912
810
7078
8256
10206
5200
7080
5271
1106
4863
13556
11961
10826
12092
13448
661
13424
8941
8693
9072
11933
10989
1322
10313
4282
7813
2507
6308
4074
6117
8560
8304
11696
12370
4027
10031
2444
3973
2186
7296
455
4574
12362
7228
13222
8320
4350
6625
1039
295
10440
10272
6941
2431
2150
13386
8905
10131
6421
749
6255
11916
12367
7494
11607
206
9778
6369
129
7643
487
11178
1401
8740
692
9586
5605
6703
10743
3594
2892
9565
5784
8418
6389
233
11201
5826
3756
3398
7456
329
6953
5072
10535
3023
5684
11696
2219
5987
769
1535
206
395
12848
10820
12672
2912
5678
10821
4645
1951
11060
8792
8022
6007
6191
3877
13501
8978
1270
841
3342
3160
60
6994
3106
13321
2723
2118
3786
9403
2563
494
12711
5407
5285
12241
11781
5054
7747
464
8186
2888
11960
245
4091
11044
10800
6096
8313
200
11212
9457
7521
9530
2098
1015
4752
2344
7822
1358
6011
1499
5541
10219
3888
1285
5191
2946
5129
1074
7029
8356
1903
3107
1327
9346
12790
7550
1832
7123
4984
4172
5838
7672
1583
796
8378
6368
13432
12524
11710
11676
10423
11769
3561
10372
12205
12680
5514
2385
1217
9532
9200
12249
10030
11054
12303
2123
7786
1073
12989
12031
251
6034
11121
3840
9906
5356
12184
4443
4411
7080
2804
6289
11460
5796
4970
11253
3966
11741
8648
1937
1809
1171
570
7998
2834
6871
9672
9228
4109
6502
4347
11341
1845
12639
8188
12680
10134
6735
10082
1437
13597
12211
1292
3918
8397
3300
12893
8924
5035
8166
2812
8253
9196
3644
7729
2759
11252
2615
7055
10150
10057
7326
6098
2583
4327
5748
9874
4990
3047
8467
8918
4041
8719
12941
9480
341
10978
1202
1524
6271
11858
11463
6798
5981
5757
2269
7265
12869
5166
10298
6377
8298
11623
4585
2926
1025
8873
6664
11110
9907
12299
9440
1134
8382
9305
6493
4855
8027
10305
10652
3450
9099
465
11317
10935
11735
7731
4940
11350
1169
9249
1400
8530
477
11425
4106
3676
4996
7516
696
4336
320
12858
4799
2811
614
7853
13152
4908
11115
2349
1646
1650
11271
12427
2690
2059
13453
3826
2958
1714
3658
22
11376
4800
7112
4308
6642
1257
6133
1011
3141
8814
5034
11260
3398
7160
10431
4306
6887
590
7471
3789
5401
11565
8663
3389
2585
12470
9970
7371
11002
8774
4491
10109
630
2897
2881
9210
13130
7165
2910
3452
8926
3151
2386
13518
6077
3082
10727
8670
8922
5978
13594
6849
3200
11710
3164
3279
12861
8933
9599
7173
327
3981
1742
6806
6011
12674
1965
4171
4955
13284
7699
12865
5619
2947
5245
3888
10674
1503
10639
238
5624
9564
8867
10453
13109
8002
4385
13537
7389
6679
11104
4511
2358
2798
1030
8941
11788
13186
4840
9565
3585
9897
11877
9851
8731
9902
1362
6565
2624
9774
8109
12687
6151
8545
7706
8339
4020
4392
8236
6038
3125
4582
10065
9148
8275
8170
11548
2769
7026
4550
10902
8347
5081
12363
11319
11801
370
12448
7684
7795
13453
8631
7263
11461
10505
8362
4264
165
485
7608
8291
12564
5336
2037
1246
8711
2191
3683
4351
9189
2928
7625
7262
12111
2345
3974
3831
7557
2447
5463
8183
402
4085
985
5136
4145
3392
8407
9596
8855
3843
5546
12579
12279
3526
5554
11815
2540
6184
6566
427
1002
21
10457
1165
7459
13366
4610
2729
13337
2970
13573
12225
13271
7207
12538
2885
8641
4357
6474
12666
11604
2233
8089
4638
9359
7601
1699
5068
3110
4061
9464
10669
6564
5926
2958
6941
3611
3632
10207
3977
5382
1797
9832
1038
7363
7310
64
10475
2531
12433
3467
12066
9766
372
9536
2683
10055
761
1756
2554
11582
8734
4236
11382
4812
10990
6442
315
11908
9684
7037
3728
1582
2939
7694
2792
11712
7920
10370
5461
13471
182
119
8868
1411
5281
8201
13138
5214
3462
5992
13464
10490
8499
13087
9585
11252
5458
1310
11111
7343
12321
274
6479
11973
12695
7830
4234
13421
2510
3525
3974
12573
6618
11086
11405
11104
6631
10159
10349
4963
9817
7679
11772
3953
897
10132
6857
2762
9706
5795
8075
2096
3182
13547
1144
412
11454
34
1976
7219
4520
1936
7373
9321
3907
10724
864
2040
7581
687
9130
7662
487
4993
7210
10923
3624
1175
1998
3235
1813
11128
11119
2833
2261
13512
3859
3488
9741
7951
8880
5775
8219
9701
10593
13260
2867
5088
7562
5121
8283
6356
7738
7966
13502
3662
5906
1231
12325
1887
11080
2852
13278
13379
13154
9842
5863
8245
2004
12095
11089
6266
12502
8106
12003
7318
1133
8830
12011
5949
4991
1952
10710
8788
11806
10981
8926
1988
9148
13437
8731
730
556
9302
31
7448
6742
11527
5087
7047
2244
6460
9084
5848
11807
2761
4236
11020
10266
9551
8389
4492
13276
9791
3871
10378
91
3494
8373
7894
6899
4082
10373
7071
3789
7549
9715
2461
13163
18
8426
3099
4231
8476
1125
6900
7761
12984
3458
10357
11989
1470
1571
9685
2586
4686
11762
8163
7863
2789
13048
1099
1553
8304
1323
6051
9842
8544
3201
11714
11080
7179
9519
610
264
4834
3608
10424
7925
5088
10526
2319
5563
6661
11798
2926
4397
6958
7955
9075
4086
7044
3027
2085
6519
12134
1417
8767
10383
8761
12635
5099
9025
3950
2697
5256
3950
9792
404
10274
11953
6737
2379
6666
4419
640
1710
5446
6376
9854
10034
7512
5645
3777
8962
8651
3864
11398
5973
13444
9782
13313
13282
3987
2579
8365
5293
12270
8477
2526
9456
8526
5340
5135
12953
12423
6645
2857
11483
980
3154
4699
4011
3881
6244
9488
12913
4073
8503
2357
4837
965
9758
1900
5565
4300
713
5537
13299
2751
10555
8241
9497
8383
4279
7059
373
3844
9923
3302
11714
3475
10142
6985
1574
12385
11304
695
5946
12427
11793
9826
4387
12976
11810
11257
12100
7864
3765
11005
188
1029
3816
4073
9179
1242
7513
8615
8846
12870
10261
10614
8587
13347
11971
9896
11070
360
7440
11313
7480
10336
3508
12324
927
2872
12354
11849
13556
1256
9635
5655
5236
7763
12436
9008
5335
367
2531
4674
5317
13352
2126
3688
11319
11760
13501
7355
9906
9687
6459
5369
12622
425
11989
3948
4145
8016
7743
6484
825
5664
1815
13464
12508
5094
10639
10049
10065
3498
4668
13282
5572
8054
2591
13086
7187
6488
986
10895
9713
10090
1422
10461
11238
5698
10627
12292
7041
5535
4072
5049
7412
3625
12459
3412
6927
11655
5136
3360
2240
4181
10893
9845
10656
10735
4649
9909
5728
1209
4972
7184
7508
4955
6399
1588
7394
6926
7078
3907
11363
10092
6883
6068
1908
6662
12389
861
7647
3242
3878
7643
9498
10238
6533
2831
4512
13286
10471
8334
3267
3045
5078
5984
10898
5613
11081
4219
11151
11923
6551
8375
5368
2422
6950
9374
6834
5632
13368
8795
2614
3262
12460
2573
198
8214
5945
982
13478
5180
1745
3988
4108
3060
5302
2382
7861
13077
3602
2522
10223
10239
7683
1967
10787
9937
753
2615
8266
10342
5180
9224
6862
10515
12900
7156
9230
8082
8712
7915
3365
788
8158
10305
10927
11310
4526
3482
2528
5280
3273
12531
9633
13112
5189
6154
12067
4995
6479
7982
4927
7650
12488
10999
8382
5039
2086
7070
783
2108
6892
4800
9745
2218
7975
13478
6555
2965
8289
10100
3931
1499
10452
2504
8452
11353
11026
10903
8859
7505
10457
10340
8780
6372
11414
11117
10874
5915
3625
13433
7577
4432
3514
9671
10757
4718
12068
7142
301
12148
3847
5829
9010
4934
1891
9422
1645
4254
12186
6934
11302
4045
2707
2899
3989
7246
6887
6307
9249
1057
6628
8977
6038
11563
13254
9596
3216
12744
9604
1460
6332
6786
7435
2727
1157
8545
891
7630
5835
12760
10949
13107
10093
564
3009
2725
12618
3821
10865
8849
10577
3063
11618
8133
2139
3784
10262
3992
667
8412
6621
1676
2125
293
6427
12131
7399
9964
7921
11707
4297
3549
7588
2329
5291
10259
8713
439
6225
8790
5834
10112
11093
13507
8041
5072
10738
10042
9087
313
499
1592
1845
337
4619
9634
11919
7421
11447
8019
9687
1575
1089
8770
4962
434
2495
7105
9941
8541
6267
11385
9486
7040
10120
8672
4105
9078
3196
3114
6721
4657
9865
5796
9560
854
11417
4278
3430
4846
9814
1251
3574
400
8962
7021
10148
6704
9809
1702
820
4350
12375
2632
5801
2384
11237
9853
9186
738
6659
7594
7937
4818
13423
11285
1259
6102
7446
7378
3019
6295
4534
169
174
9754
12112
9528
8893
819
3133
13250
559
12539
7317
4860
9625
1167
4608
13399
2652
9967
5414
8735
3601
5632
8868
13503
10530
9871
5841
6383
12503
10982
8647
9820
3448
1052
7196
1274
1744
4120
13389
11321
12266
12833
13133
10185
10482
1201
5651
4037
5124
3285
4758
465
8733
12918
603
9480
9574
3869
9305
2913
5002
7776
5268
9223
12974
8151
607
11439
11768
9901
8632
12458
6665
10037
435
12512
13023
12671
2011
4605
3719
6558
37
3570
33
7257
9518
6431
12337
6392
938
3328
7199
4272
11138
221
5433
8289
6182
5736
3248
9301
1032
9937
2459
12543
544
9299
930
2861
1566
8321
9535
7533
11857
1324
4681
1416
11667
415
197
11660
6199
23
5882
1705
536
10678
8931
1307
986
8258
4973
1927
13065
6797
4956
11136
3215
3149
3746
13104
1654
10243
765
3346
10664
7155
4186
3605
2366
3674
9835
11924
12621
6266
1426
6546
12678
12676
961
7996
7989
7877
999
7450
2893
7512
6345
4137
10690
2859
11133
6631
4838
10973
5787
3635
11087
7409
5499
1790
8434
9031
10196
10983
9706
8092
3837
2653
6788
4831
12445
2309
746
9577
2516
8936
9885
11522
6744
770
2485
11152
12056
1999
4661
3588
8907
7245
9842
11322
2699
3014
9872
10714
8299
12571
9496
8921
9339
2427
1581
11977
1895
3826
3166
9182
6581
9893
4532
4907
8314
610
10238
4113
5606
7490
46
13229
12126
2498
9176
5263
6211
3825
6098
12774
9269
932
13067
8897
11177
9490
1419
4092
10296
10730
6034
11042
1220
4918
7242
10370
7151
7395
8791
5471
3046
11024
10406
893
893
787
3253
497
13025
10741
65
967
1174
9859
11253
12056
5052
3467
3942
8263
1750
9480
269
12111
11100
11261
10951
6108
11677
11147
10378
10485
10900
9624
10956
9780
3356
12578
12185
670
812
9906
3742
12510
1572
4518
12005
271
8466
7647
3884
8538
2408
9714
4653
4331
38
9647
4624
11608
12722
2923
11245
5228
9378
5000
9015
11419
12015
510
5152
10093
12292
56
5185
8222
12847
2058
10330
13078
9994
12322
2225
12024
11295
2716
6998
7581
9081
7941
1153
1817
4646
4808
2492
10016
4497
3840
1527
9303
4646
6177
3526
12467
8122
11822
8869
7388
7982
12020
6265
536
1432
6420
12347
13485
8744
2369
11550
10164
4538
1670
9957
1956
141
4353
1260
7924
8847
6728
8430
12513
9056
9540
5999
7445
3952
13296
12644
7671
3315
6645
9881
10614
910
13080
5197
5126
2217
11617
2704
8412
12067
8691
11082
5211
536
5547
10664
950
4020
10937
4037
2129
8896
3205
10563
1366
846
12146
6414
11862
6114
8229
11014
5794
10118
7012
10875
10112
12020
10073
7274
2886
3595
3175
1321
230
9828
13408
9059
12465
12885
1216
13295
9524
12496
5651
10587
10711
1989
8122
1783
3477
1798
6433
3785
2727
5318
7837
3344
5400
11038
6140
4685
9591
13006
2227
11786
7369
10034
10830
8580
12773
7732
9224
12674
8225
5442
2789
10906
7302
4855
13510
5997
12852
5639
8988
1989
13028
1972
2814
2421
2116
6589
6981
9766
464
1093
5812
2278
12366
9608
3724
8420
10954
12945
12729
4678
11522
9877
12175
4212
10955
12348
1322
10417
8970
3232
9530
11403
9860
2554
8469
4687
5744
11474
5425
7006
1443
1893
7328
12197
3040
6495
7443
8252
4971
382
11052
9146
11605
2534
1095
5472
9753
1123
5697
13392
7936
7580
9401
3806
9606
7046
7941
10586
3965
3995
1528
1834
8299
11708
3175
10860
9509
7669
397
7721
3509
13290
8655
3222
7036
2734
10182
12010
9556
11678
362
2368
2380
4114
571
127
12958
5083
6513
4289
3221
2327
5774
13335
8606
1343
6551
521
10502
419
5422
11718
8523
7591
2205
11778
2248
2474
4202
8756
3447
5778
10302
1013
8098
3395
3198
6189
6225
4832
12663
10179
9981
13381
11182
535
5467
5824
2056
8284
12156
5712
5271
7368
12679
1121
3108
6586
10628
1266
13106
13197
9965
12529
6568
4594
7996
10758
12581
10076
6284
3886
11346
3322
393
8003
5760
3790
9557
12183
5434
2479
3178
9926
2332
12641
9950
11720
9285
113
3824
9509
12481
3533
12290
4008
8572
10448
13104
9381
6478
12249
10516
3953
2829
7600
12678
8875
10331
3465
3413
9063
7544
12218
11519
1265
1649
2556
12321
10383
10712
4491
571
5781
11800
6104
5519
13591
12940
9486
7851
6239
12743
11530
4904
6311
9512
402
3305
4542
10182
4287
10641
10179
4194
9345
12780
6653
6515
6073
1741
4125
3066
2005
7381
12637
2636
7518
8524
9186
1174
9693
9173
12771
4299
1899
8683
10615
11215
5467
5622
10141
3683
5866
11491
2572
519
3954
7892
4996
10494
6053
2209
2246
10422
9880
10136
12828
1317
8715
912
9698
2524
12616
4473
6521
235
11870
6894
6567
1741
3088
10529
8280
2278
2411
10323
11250
5740
12851
10255
11359
670
11489
8150
2079
5543
322
9186
3086
3248
12201
12217
9536
9826
7237
5678
1684
1106
9412
12303
857
2978
991
12413
6809
3190
7624
8420
11738
1992
2840
9450
2177
13238
12022
5709
9754
5166
2312
6960
1959
501
4584
6701
12307
5898
13043
11970
10553
12500
8061
8767
5244
11906
12169
10642
11843
12893
11186
8452
12103
6675
1019
6290
11611
5895
9445
12082
4690
3673
2458
11127
8855
10725
8599
1524
8647
6357
2701
2928
1238
6475
2962
7933
6718
12653
9727
4910
5027
9392
12862
4248
2925
12388
720
5013
7339
12203
714
3768
3610
9679
3477
9005
904
8391
6295
10671
4764
12159
10073
4683
2241
174
6890
10046
11831
9502
2859
1160
3073
12979
12203
2424
12038
9275
11827
6154
10056
5237
930
10014
13513
8755
7908
8058
7765
1137
1206
333
5185
3886
1809
9006
8370
10151
156
7763
9449
3922
13344
6634
6510
3500
3444
1420
9927
1994
13283
11375
8981
10335
10015
2209
3744
10091
7176
6157
12364
5973
6279
10562
2182
2504
6417
8359
10880
84
662
8236
11948
3109
12310
10996
1037
4170
140
4221
6833
2326
13188
6195
7745
11629
7489
12184
5204
1294
219
2665
7584
12628
2396
4882
3292
13221
9654
4738
1902
8962
2959
1726
2160
3924
5980
66
12479
3949
1247
1660
2662
11116
2187
8159
2828
12795
9389
10841
9590
10666
3082
6287
7592
322
9373
6392
5855
2250
12894
12485
13368
3509
279
1678
9994
756
11230
8054
2452
9417
8791
8081
248
6941
388
4426
3878
2956
4179
12708
6850
10193
11962
8015
9673
372
1629
10365
12685
10425
5751
4606
11572
12588
6310
7840
9030
13045
2465
2877
11486
12494
525
12375
8332
13374
5259
3346
4341
10121
3652
5080
2470
6244
6137
5065
5371
6774
12883
3622
8856
7438
2430
3911
12953
7168
5974
3448
8158
4284
4962
2429
8729
12591
7420
1547
3305
12586
4719
13287
5038
13247
10036
2547
12678
7394
7743
11668
11526
1485
6627
11256
9315
3881
5509
713
4963
12328
6488
7449
1604
8359
5086
2682
12608
1619
5237
2666
11900
4027
1478
6109
9172
11535
2390
7715
7212
6750
10298
12636
5711
6781
10457
852
2995
3943
12289
502
10357
62
1171
12763
13593
7912
7537
13410
2005
4949
2319
10643
13436
8960
424
1649
293
2265
8497
5095
10104
11615
11728
10419
7961
10702
2
6560
4308
11224
9994
10758
9295
1680
8438
9796
1464
10989
10109
3424
8170
10931
4956
9288
3048
6330
13142
6540
6665
948
1078
6079
6100
6043
6873
6884
8667
4108
4025
298
5749
3263
6925
13380
11869
10448
11722
11593
10306
8542
13207
2136
5237
1772
12213
6706
6896
6747
4128
9084
109
6425
2242
3695
211
12923
2478
9735
11640
10069
9352
12313
12113
10111
5806
11071
7928
13006
3611
4537
6626
3836
2223
9007
10327
9773
7211
483
6787
2976
8014
11802
12472
196
9844
4200
8480
117
3434
44
7774
5144
6704
7006
13533
3146
6612
7007
12634
11601
3591
9203
8137
6046
7196
10211
10082
8627
4985
5550
917
11133
10401
9702
10693
4619
268
6241
6393
1078
9507
5100
5084
1319
9558
1438
13274
11384
2076
5586
4895
2287
202
2399
10820
10467
2629
12786
2477
74
11834
5852
6554
2704
10622
1494
9791
12592
12495
3416
10235
11020
10585
10409
11638
11448
11
687
12225
6970
10735
5478
4123
12142
4842
10067
6570
6487
11081
4031
11807
5858
10989
12546
12151
10898
1703
10520
4557
5311
12872
734
11777
1627
2981
13533
8764
10788
4638
10989
4962
12418
4326
8099
13220
4312
9472
13598
1503
280
9549
12259
401
12434
13578
4439
664
12252
4818
3313
584
5388
12860
6397
8136
9344
6660
6075
2104
6164
6421
6533
6043
8549
6838
1138
9977
10145
3213
10579
13113
12812
12066
801
785
4013
10335
4108
538
4481
1933
7334
10892
6460
10930
41
1655
5878
10005
49
9023
3661
12385
6433
1557
3791
6547
6703
9458
5219
8854
12926
9067
10114
2223
11600
4120
9050
8886
5640
11642
3324
1653
6710
2939
11966
9018
13043
12447
706
4454
10439
6611
7882
3671
7033
188
1906
10531
12984
1630
13321
1725
2804
6210
12608
1094
1803
7964
3492
6123
921
1204
12426
4211
40
8015
13552
8315
1889
8363
7268
2216
12230
4450
220
530
6182
6105
809
5915
7288
718
4593
8772
4148
13525
10921
3366
8581
12940
6903
1253
3369
12865
11393
7967
10894
3289
3664
2669
11355
12383
7943
8256
131
10328
5185
8835
10350
10683
10547
9164
11617
5129
2959
9068
10158
9063
3596
3534
1429
11876
6235
4411
5294
5790
1979
10413
13556
8195
10081
11250
2328
10666
11565
10083
4387
8878
2495
109
5199
10951
3712
2362
1179
5732
94
2307
3609
10594
2508
12345
10632
11950
10700
8889
8940
6724
9904
8984
4715
1060
1984
4405
9857
3139
11524
13041
11640
9612
791
8684
558
9637
13356
4950
13206
11983
12301
13127
11614
4433
11350
1751
4208
1990
10517
2360
2055
10007
3427
7906
9858
8646
9456
5435
248
11872
12609
7744
3954
6989
1009
3141
9374
12293
3764
550
4076
13325
408
2449
8311
5665
3695
3345
10319
12702
6671
13422
1306
153
2323
4041
5254
2608
8507
6439
10485
11
9861
9133
1577
7069
4294
6716
4864
11505
5785
3274
9698
3911
953
4600
1569
3183
4414
1955
4107
6708
10361
6231
3355
12496
7531
2061
5229
3074
13564
4140
2009
1466
9926
9265
1487
3525
3300
12055
3889
11243
13275
12552
13090
11747
12190
4540
1206
10163
8864
9163
3235
11072
10147
11988
1538
4454
12331
168
8486
8360
8574
4397
12030
2857
10511
10125
1201
11887
2091
509
6405
1937
2939
12279
8727
5148
9118
11986
7473
709
2998
1066
9734
9377
3885
1124
3688
4097
204
4454
12955
11790
4535
1354
5324
12923
12581
13510
7740
8779
3090
7455
1491
3086
1116
10866
1629
6076
10273
9400
2467
13360
9274
12855
13151
10157
12628
11733
10430
9987
13248
9526
10155
12806
8416
9636
12013
12437
13305
12319
8879
10329
1748
5024
13058
7829
12920
7324
8702
4356
11804
11037
11197
1449
2549
10564
9886
7977
7082
11920
11371
5337
4491
4428
40
6658
5961
7047
8006
3399
4113
3471
6324
418
7854
7657
706
3334
12085
3005
6961
2600
1713
989
11708
5827
10157
13188
6204
7232
12865
10472
7805
8923
10641
4536
10013
8063
7243
9827
8881
3804
5193
10950
10916
9302
13524
1738
3142
11562
3717
4064
1725
68
861
5063
13483
13358
8272
10775
4148
11104
6358
13089
563
3587
9154
10337
13189
8646
4779
5760
7571
6178
7018
730
10390
4399
12158
1000
3132
2730
7313
12222
6448
4576
1125
8692
10125
2697
253
3529
6160
5600
11876
12129
8346
1452
4564
5297
513
9025
7680
4434
8227
10958
9457
12321
3543
13529
12861
9835
8368
1002
487
9134
5585
6906
8613
11779
3790
2171
9543
1961
12255
7423
6973
11688
10000
8669
11636
9492
6732
2027
4942
4976
681
8634
248
12696
10322
5691
2403
2742
8676
2144
1012
7034
11776
11960
100
10078
5830
7718
2350
3428
1733
2018
5621
73
833
1695
10484
1952
11185
8206
6842
7722
8468
2008
2146
6890
4491
2671
9348
11851
7870
11516
9068
1276
7971
12119
11220
3628
3035
6144
10655
9257
4737
12498
12775
3735
5451
10780
2496
13264
3844
12216
712
8476
2791
2076
2712
5195
7863
5926
8987
139
5617
2136
860
11511
8846
10607
5792
9467
2027
3910
300
11593
2622
9484
3046
92
9210
13547
9706
2530
4551
8137
13035
3034
5242
7435
11713
7387
1212
7357
8576
3004
8963
9789
11226
10015
9567
13598
11544
13349
12708
7000
6425
12822
12682
4887
5808
2015
10847
8905
303
1967
8646
10483
13024
10395
4536
2295
1273
3543
11156
8284
1738
2228
12759
4736
12856
45
4343
5999
7286
1096
12412
7692
9679
3288
3647
12954
8196
12433
10775
9027
5262
12346
9874
5465
90
2206
11040
6233
10826
6727
1485
5496
5482
5636
343
4239
1243
6788
370
13537
9301
6497
10301
2895
12293
11032
2789
7574
2650
1827
12148
1834
3794
9893
8021
12538
3117
7592
3027
8343
1008
2521
6480
8309
12378
6267
8419
3289
10377
6916
2804
812
9391
5028
8337
9411
10506
26
2336
3241
6310
8745
2963
12414
6132
4539
795
10613
4667
6265
1079
11569
3891
2655
10014
9031
12454
6653
9520
6886
6742
12250
9432
3703
1046
7273
7250
8883
2866
7555
3204
3884
7658
89
1996
11205
7817
9475
2148
3846
8228
767
10632
2653
8800
9072
8236
1780
11111
338
10715
13216
4014
7877
12936
7756
1656
2643
11632
3587
10879
5607
10445
1070
11441
4788
3945
7527
10048
1393
9909
4773
3383
8648
10023
2082
10037
10175
2432
11600
8183
2625
2462
11331
1629
1234
13427
822
4530
8503
2309
12962
13231
833
6445
8608
3827
10342
11814
7590
1219
7718
6864
10173
6875
12974
1201
6398
8463
7305
7954
3804
1045
4885
10595
717
11039
13353
4969
2676
4977
12020
1706
11292
7428
8151
6645
11887
8334
13519
4430
171
7344
932
14
4634
6173
1964
10975
3759
4059
9377
202
9770
13040
9296
10766
136
12988
8131
3996
11808
4539
3979
9828
10684
13284
12551
13180
1446
13469
7032
9718
3713
7080
11649
10426
3058
13224
11639
10387
4748
12516
12842
10958
9630
6347
6436
1559
7366
8705
61
5277
5045
13226
10060
871
13259
6375
13224
11631
10053
12975
4562
7559
6639
12288
12566
3435
1411
12184
175
9385
12928
5618
8312
11467
13541
47
12721
13018
13402
13529
8268
9427
6132
12111
145
4815
11826
1764
6005
9651
4635
1595
1537
8762
2266
12235
8623
12696
5339
1778
10477
3311
6211
7891
7026
9066
12139
2892
4600
4126
12326
8636
5129
11204
11607
953
11967
413
167
1234
9640
7092
3476
13318
5625
12893
8824
4624
8608
1930
5548
1894
7399
10575
5676
13011
10853
1929
4257
9541
3850
12202
9955
2322
1128
6421
10442
12401
4197
10923
7050
7658
5145
7320
9742
2965
2754
670
6837
7378
12583
5665
3249
9396
9118
2498
1309
10752
870
3585
12156
4740
12242
1086
87
5056
5534
4056
11646
6816
13160
10055
5453
6014
11173
3187
3804
9725
3631
3373
10927
10511
7241
12245
12550
10884
1967
1208
5616
12183
12292
5592
10428
6613
8758
3348
2318
1712
5165
9207
9390
3783
3606
9084
2870
12930
5703
7645
12788
5327
13075
2640
12658
6022
8625
3468
10674
2010
10448
7556
3592
13199
13188
10167
9917
5667
13211
3650
13548
2295
3363
11506
6306
707
10814
12123
2513
11941
7753
1777
9352
11472
8403
2636
4864
1002
10503
930
9822
683
12961
10767
6424
6293
12907
13002
4600
479
3758
2462
12831
8887
2143
11052
7835
3201
2185
3991
7888
3774
12820
8167
11158
7182
13486
8853
3781
4352
13081
4501
5675
9628
2439
2287
12303
7859
10688
9900
6407
590
2210
11108
4332
11449
10343
659
1717
4114
8871
8304
1180
4500
12324
10314
3787
4593
2751
12604
7790
2071
4932
3867
10699
4276
673
9994
6296
5278
4170
82
10543
13599
12542
7277
645
39
6002
9347
4991
7311
6924
12079
5448
9179
10487
4065
7972
707
8459
5452
7723
1337
1967
1497
7422
10849
662
704
532
11643
3111
3857
12401
6147
10822
173
8385
523
3026
1184
12993
11474
5229
8198
4369
327
3467
2686
6098
13263
1381
800
6378
9459
8975
7039
8054
92
949
10089
11137
12989
2535
3909
381
269
11815
12494
10891
1538
5909
6654
3717
3424
7165
11167
986
10133
2953
12365
2619
11540
12457
11049
6347
1827
10612
5247
5093
10744
2561
903
11003
1618
3761
5688
4682
11563
12632
6166
201
2100
8290
13277
2218
4279
9725
7193
4022
8304
12779
1562
12058
3432
9643
786
4410
7356
5889
13458
652
10563
7444
992
12284
1905
476
2365
9361
11689
4126
12252
2354
6316
9748
4475
2768
773
8596
9058
7417
11737
3427
4017
2055
12404
1573
410
11354
1635
4588
3049
11582
11114
1131
11141
10691
8320
10680
13434
8338
6477
12039
5725
4949
10125
6214
3436
9416
8234
3392
9671
6015
4080
8732
3021
2954
6731
602
9420
2747
6633
3799
697
11672
10725
12023
2483
9646
4355
7611
11692
7695
3747
3481
9550
880
3993
104
12482
8906
1317
2959
3010
12938
7392
955
10134
3584
6550
12368
3654
13338
12131
4215
6302
5918
3169
8152
3356
2711
2929
13309
8393
11246
138
4031
3704
9242
8323
5589
11894
514
2694
13582
7196
2795
9475
9763
2837
6855
8621
1210
5742
9555
9501
10862
13134
2891
10678
3333
6649
13087
10923
12907
6282
5176
13240
12141
1310
10077
4525
5424
837
3703
2072
7745
9075
2032
6031
7057
4862
3926
2788
2751
565
2335
11060
11174
6148
12376
7702
5956
6618
1052
10354
8891
6887
13378
6646
11413
7130
5133
9483
376
7581
1510
7259
3409
10169
1644
7204
9876
7763
2212
7473
3195
11965
11791
2992
1132
7748
2596
10778
1692
1628
299
8349
1754
7003
3200
4318
7475
10597
9351
5770
4993
6527
10344
5640
12145
11116
2445
2876
9578
838
405
3819
13266
11874
10623
2342
8155
8769
1033
10433
3141
3538
4768
4568
4690
1262
4846
13450
12101
9598
5883
3828
10810
3931
9796
10549
13542
10391
4002
11345
11816
9460
12901
1232
9487
13132
618
4302
13090
5410
6304
8257
3221
5379
10610
2929
7725
2275
7675
4421
4843
210
6765
10051
8713
10334
8541
12312
8390
6650
5984
11633
8332
7394
11649
9221
2924
3220
342
7273
5227
7872
13059
5699
3449
1360
3630
166
1346
3676
10193
2326
3361
1474
6847
8437
9656
7489
809
9523
5537
10067
2693
4005
7563
433
10219
3070
8943
11677
8799
8608
6305
2961
8097
11477
7827
4348
120
13564
2466
11914
12130
4110
6762
1713
11388
2432
11175
459
11901
3012
11235
4755
11655
4784
11838
6064
3126
2073
1795
7669
12398
5491
6364
858
3922
6355
9575
8018
10005
4271
12905
6719
4405
10073
11069
2793
4971
8236
1085
10313
1333
1343
5261
11134
290
941
9116
10404
2073
10140
991
4557
8397
1798
9395
13565
4605
4649
6844
4229
8443
10101
5358
19
10914
11829
9868
6522
1168
13440
11047
5033
12263
7033
10087
12515
282
4207
1030
9420
5006
6295
8910
1606
2354
529
5331
5308
902
5478
10462
13349
1217
11695
5934
2125
7837
5474
4943
4174
12679
4991
13157
1423
3735
9304
10739
6570
214
4845
2360
13128
10622
7611
9386
5735
3057
11245
9511
10114
5942
3244
6186
10672
5018
10749
5672
3436
3283
10605
4996
2179
8161
313
11030
6649
558
9460
5964
2196
8324
8921
2225
10579
10243
6275
1378
8444
12085
8479
13244
4379
7254
1502
7415
11161
7445
7447
4598
5770
5361
9622
8570
2058
10526
13368
6945
7477
11939
13592
12159
12711
1516
7118
4753
3339
10954
5398
5954
1172
6131
3137
6377
5990
12163
4330
4466
9104
11450
4343
6547
12551
1750
12766
9947
9012
9246
5147
2469
1528
5172
2327
13102
1613
9606
1381
10850
8204
221
7972
11597
9334
3746
7035
2054
6023
6388
7656
12420
12942
13581
6623
11448
6195
4698
1041
1475
6747
12028
1973
5804
12782
7660
5337
4316
6750
3134
7123
13517
2642
8349
2662
3724
2837
1148
9564
7080
6814
4412
10148
13524
6446
10107
6201
507
12374
10787
5570
9709
6894
12268
5157
11543
12378
5439
3693
11862
2650
3598
12847
6426
2386
13449
3324
4951
5649
9139
7263
11543
12187
3414
9303
3379
10947
12066
5889
10501
10898
11054
3281
3390
7618
4095
2323
893
7056
9734
4697
140
12051
219
5183
10201
8321
293
256
8563
9240
1587
352
3271
8179
10613
11320
9044
518
3231
5860
9681
6529
1496
8142
10190
648
90
8103
6716
4306
1253
476
11889
3910
8703
10152
6223
2435
12189
1637
11132
915
1302
4978
2451
12993
12786
5817
7737
9550
10790
7282
13024
2192
8130
1685
5788
1731
10868
6196
11324
10853
9457
4070
3840
5149
1081
4529
6327
7364
593
3743
6850
11710
7249
9444
6536
1807
6274
9125
1328
6260
4713
156
1083
9145
389
11390
5142
5734
819
6742
9737
6359
6960
7524
775
3047
11313
1454
11067
13561
7155
8096
11261
6211
427
2310
938
8373
13079
12007
2024
6218
12560
7695
11858
5552
12964
6059
10185
1720
8509
5070
1968
3737
12364
8109
8451
8623
6894
9524
1647
3446
2420
6607
7119
4568
3985
4491
8149
3758
12167
367
5809
533
5945
5354
5746
7376
388
9102
12173
11057
7594
5316
100
8377
782
2403
5575
4170
6865
2671
9991
5824
7862
6597
2687
4067
10637
7363
1595
3527
3669
1681
7413
7659
4373
10362
11607
3199
9528
12294
13196
2759
9318
526
11644
10546
8133
2989
5908
12559
6512
4698
12068
2170
5786
7811
5407
9442
2722
10306
3743
5562
9732
7690
5611
10005
12770
12261
9282
5493
139
11409
9690
2803
2252
11431
10937
11090
13532
6939
7485
13553
1196
8572
5741
3177
6094
2644
7417
11269
5584
1751
10860
9839
3152
10654
422
10777
5930
6674
8174
8042
13531
4335
1204
10529
12229
11524
1461
5790
11420
3851
13259
8536
12317
11589
7426
7395
11813
593
5498
10433
2797
2042
6470
13191
9795
270
7114
11122
11790
480
7991
351
12485
12988
1006
1790
4053
12224
5990
1736
3186
2032
8868
2064
6179
9884
2791
6656
4941
2720
1375
3280
5594
2855
6358
12846
12810
4830
9478
12071
11674
8915
5467
13021
2076
346
6553
9829
10927
13507
9514
359
6542
4284
7686
7362
833
7637
5943
6851
10339
6902
4283
7494
9067
8471
12187
4487
6444
11543
1490
9754
6764
12341
2799
7698
1986
9659
3015
8634
12824
9716
6562
12837
9933
8286
4255
6525
3473
1019
6531
10530
5973
8272
10368
2636
5712
10706
9099
12716
4627
1261
12991
7332
13321
9423
13371
6132
4576
2372
7674
8698
1084
4696
2378
1241
2781
8702
10641
9703
2929
9495
10059
3479
2939
4880
8948
5529
9320
9580
11590
3964
3315
3270
11640
3585
7636
8535
4730
6515
2317
7166
4183
8280
9731
5178
13388
4742
904
8985
7995
924
4795
7311
11607
467
7277
1197
6787
11030
3516
8427
8298
11596
2236
2876
12294
4546
5387
2393
4483
3584
5412
10419
449
8855
4998
9269
7569
10323
8556
5139
10504
12479
6310
4145
3972
5435
1612
4865
5768
12315
63
10903
8892
7627
5788
13567
1039
9471
5032
3708
8028
6521
2015
10512
1175
1312
1237
1113
7273
2513
11712
5200
5676
10369
8829
3938
2840
12304
4605
6964
5052
3537
11242
9346
1781
11956
5832
4573
5317
2624
10000
11214
1699
10991
8959
9187
7632
7062
11897
5057
2644
6221
11893
8534
3104
4235
9914
2750
9475
9965
3991
11512
4024
10153
1212
11865
2084
1075
1406
7806
8517
1963
1341
5912
6226
4130
9450
9900
13168
8528
9690
1807
5503
6317
8669
11633
1870
8335
2744
2416
11143
7481
12058
11249
13277
7595
100
5211
10202
2766
3426
12488
9844
4631
9798
639
1240
6120
8864
3976
11860
6400
3813
13167
5683
6636
3434
2365
12460
6234
9595
4099
11635
533
4872
4015
461
8926
9881
13230
4912
3618
12498
8109
9890
9550
4398
4568
9696
6610
10234
3982
12936
6799
2139
3353
666
2325
3247
2359
539
5017
2600
11859
3554
9483
8234
2057
9034
6738
7284
6121
2489
697
3857
1807
11923
6840
12686
11920
5784
12958
3144
8495
6926
10599
12227
1040
9218
8114
13550
2057
11094
11426
1491
3189
9310
6957
8545
1249
7101
3482
9546
13053
8019
12275
12560
823
1758
1745
12035
1607
11258
10895
2626
4097
1094
9768
5815
9049
13197
11535
2559
8083
6417
3399
10318
12120
10221
4937
2798
12595
527
10732
8327
1397
1233
324
12857
6377
219
11809
6093
12946
6258
11236
9502
152
2994
10125
1439
10119
10305
10332
3307
11931
3944
3351
5994
6933
9405
5842
11968
4058
2128
11919
4927
8123
13331
2626
8924
3640
2156
844
4444
1758
5211
13251
4201
6008
3082
4912
2154
6158
4483
10271
3260
10594
12213
9056
8471
447
6782
10473
8524
1916
1392
6523
340
4981
10526
8363
1211
10660
11000
2178
12796
9526
12408
5435
10995
1998
10199
936
11739
9421
3625
7704
1678
1213
7606
13528
1686
6519
10154
7697
9936
10061
13329
9347
11785
4543
3287
7313
11723
6027
12140
8164
11072
1241
6102
1781
2127
4724
4647
2921
8165
7348
6779
83
3764
4617
1839
1225
11333
6305
855
894
10532
1406
3486
822
6886
13440
7451
2418
1090
8977
9665
4553
12356
1306
8753
1757
12706
10522
5650
11666
9809
6172
1518
9538
6485
11765
2871
614
7156
2832
3668
11038
9275
12244
11105
3365
2076
11107
5512
8940
12352
9602
11762
12749
12070
2160
1799
4999
2356
13064
10461
10434
2571
8134
4518
5134
13168
8228
943
7715
291
885
11308
2860
1991
2721
9200
13047
13168
4973
964
12095
11324
7478
8305
3634
9474
12043
11039
12610
10334
12235
2839
7692
6404
5876
7245
12540
2403
6203
5302
12992
5606
3997
12190
13173
1883
1283
7779
6335
8616
893
8051
5716
8449
7081
9700
8852
5563
3251
5878
85
627
12929
3798
9443
13185
13551
13409
13458
805
5902
12084
13016
11380
576
5217
13088
1554
10740
5780
4886
1177
6239
1336
11443
2732
7734
12765
7571
2516
6137
12302
7172
13534
7405
12483
538
12207
1815
10899
1685
11560
4253
506
7783
9328
3045
3329
7800
895
9810
6613
9427
5771
11518
10905
6728
494
5332
78
9132
6604
772
404
10834
7518
5417
8663
1588
8658
8563
9966
604
5073
5828
5869
6238
7543
4658
645
422
4534
4516
12159
5836
7039
1795
7552
3236
10001
1313
12102
12836
13287
7699
8606
10664
8759
1291
5777
5816
11734
1012
7874
7164
12683
13574
10984
2478
477
7697
8338
2733
7737
4535
8226
3244
10598
3965
549
4368
5736
219
6185
8485
3962
1789
12740
12575
3904
8207
2134
13223
9711
5634
12710
7706
13343
5944
9173
13037
1357
428
6453
10229
1765
1450
2763
7892
10600
4152
4841
10063
4519
9523
7344
8115
242
11643
7823
4805
10160
6577
8983
10714
9394
11451
12377
593
224
2844
12069
6183
8755
641
1053
10136
1306
1679
133
11390
3795
1670
1772
10857
7867
10172
6252
322
6345
8730
4181
11336
12108
11924
648
4423
5391
11118
11071
5440
4594
5718
7289
8398
10031
13222
6951
2456
825
9715
3958
12601
2938
2273
11515
13192
13445
11531
10055
10349
10185
2692
177
13193
6275
10001
8679
1900
292
10249
3385
5712
11640
4115
10654
7549
6180
2108
11252
7226
12131
106
9082
5212
5803
4549
2654
5456
3414
4330
12531
10881
771
2117
6191
4914
12148
11667
8869
8754
1946
307
4222
10448
10858
11762
2868
3591
10932
4094
7118
9673
194
528
2200
10450
4722
6974
8762
2758
5425
1023
11074
11305
10238
8475
7499
11729
8230
7152
7657
8840
5610
606
116
7847
3516
1681
12095
6293
2606
5613
11391
13091
6384
5510
8378
7754
2255
10905
5274
6290
3661
2386
6391
6187
6389
2775
8181
13233
7530
12679
2370
9629
9211
4573
1534
3663
2619
5850
9906
9114
6210
2450
3710
11130
8749
10271
2308
11067
12779
2947
387
4267
11604
8168
4191
5889
6136
12658
7502
11266
8545
6100
1392
937
5530
11335
5639
7139
9028
3404
4252
917
9565
1741
9375
1075
13484
2995
1518
12348
10003
9913
13090
10647
2693
10600
9027
3654
4217
11967
2801
10164
13098
11412
9088
2316
12144
6668
2020
504
12724
13047
293
12334
1650
7734
13060
2033
8960
10695
8374
9641
6177
13485
2991
5202
2996
5832
896
8679
5082
11527
11916
1020
2443
9785
5428
11920
8743
2777
4732
795
3173
12900
6736
2129
7383
4602
9643
3743
5358
11502
8911
5112
13144
2675
6296
1365
607
12662
12530
3346
8745
9126
8498
736
7858
2431
5184
6570
10935
7481
4153
2175
10872
10752
9693
440
1666
12634
5307
10198
12277
11107
6411
1242
2993
2952
5590
11238
3896
360
9296
1281
10117
7478
6461
568
3404
3333
3729
5444
11309
2601
9534
13567
1061
2757
10827
5499
13320
10649
6876
4367
31
143
10119
156
5747
3141
4501
5608
5943
13541
11894
2737
6132
13156
2604
10258
13347
13431
1493
7278
4081
2555
3908
11843
8663
6815
4406
1960
5706
9926
8793
12843
5326
8471
2535
12889
13465
13485
1162
1750
11046
3190
8997
7500
7518
9749
890
794
7968
9804
11702
1281
2689
10482
13261
5290
9126
92
6698
11090
9621
10932
6802
12498
10376
9385
922
12175
7052
5399
11328
6178
37
7426
8074
8320
342
6938
2692
54
3940
10090
12917
3431
6578
8267
11166
11680
4639
10846
581
3626
7781
3841
4268
13025
13506
423
2570
9159
4665
8906
4604
8814
11493
4942
365
12194
5431
9343
2132
2980
2349
7865
9597
2777
5807
6664
11588
3690
9255
6654
6530
3661
12797
6918
8081
12507
12374
7786
6863
5658
10516
10405
11251
10422
3539
6089
10575
9324
6727
11488
1933
6814
3783
579
5304
6581
11973
6163
10055
12882
3800
8855
5229
6055
6725
2459
2946
4817
6967
7223
8506
6966
4355
2405
6733
1190
7576
9057
3707
2823
8925
2063
4540
111
9914
8735
8478
7453
3456
9930
2594
4451
5110
11600
4842
7804
12422
11682
10424
1085
2585
8595
3211
11450
11305
6357
2537
11616
11500
6091
6988
9163
13152
8873
475
3349
1694
8223
13477
3045
5101
10606
5923
10157
13223
9927
9875
13065
7877
5958
12837
5242
5906
12590
2891
9659
10161
8345
8369
13372
3957
13423
1737
10444
3275
10226
11634
4665
7560
5900
10624
9303
12493
755
9774
2321
8577
7559
9223
11346
12984
9751
3534
3819
10297
9904
13209
5760
2738
13584
7097
2170
2116
6061
7145
13327
4949
12262
3922
6199
1468
8918
5923
6821
10122
9170
1100
8807
927
12489
13119
5877
1744
8036
1070
6793
1303
1441
4828
6952
1255
4216
4124
10370
12067
3874
5652
3463
10821
6224
12792
5181
1031
5894
2827
5704
11230
7170
11312
13520
4244
5155
11280
10358
6160
3168
801
12702
1745
10441
3162
6155
1836
1118
6289
11310
8433
8486
10009
10341
13434
2177
7257
13035
13250
5032
10897
10882
7813
2170
10542
9624
7765
11681
610
4670
3107
12289
12255
5113
6622
12770
3550
1298
4976
8379
2631
13358
12386
6811
4109
5907
12213
1010
29
6125
2810
10131
5744
6712
2543
6091
8850
3798
11118
486
13074
13493
3113
3527
7170
12054
4223
7059
6209
297
12992
12363
9830
10076
8956
7472
9725
8996
1484
8057
12124
13028
4624
1342
4029
10661
6939
6701
373
5432
6391
10342
1079
9196
998
5183
1610
11356
12504
10727
3081
5371
8238
3446
12047
1362
13068
11406
9904
876
12690
12543
1051
11132
1569
11161
9407
5774
2333
5813
11874
4540
3050
10227
5340
13098
6170
687
12592
11806
3993
3958
7876
2912
13527
5583
4688
8024
10638
4464
3570
1361
10293
7341
13553
5306
12676
6075
6488
2242
8551
10491
8846
11551
4897
3695
741
1817
11344
12261
12003
5193
12507
4050
7042
2213
7819
3165
10356
8116
4899
1927
3587
6914
5459
10637
10957
1915
8467
486
4965
9930
4128
1961
12990
11373
2156
13393
5375
9091
11811
5890
6782
2594
7806
9429
2013
106
8601
6377
7121
10459
9968
11759
615
9684
12463
8857
8978
13265
5670
11780
862
4672
9069
10174
975
8400
2534
3801
3416
1106
11278
2313
983
2680
2743
3461
9601
10404
5289
414
2557
7431
11769
8461
762
7542
13199
2442
7254
8280
12344
12514
13082
317
12185
1956
3475
4581
10673
11285
7552
8307
13087
5050
852
2654
2381
8504
7814
7993
859
13273
8002
11225
103
108
7144
8322
3511
7888
6346
651
2931
3956
10910
2607
7809
9022
5387
8184
13187
11845
7820
1917
8424
7446
9254
12240
10713
8724
2424
13226
3081
6312
7921
3271
8057
1004
3059
9966
4237
2095
8000
7927
6597
9186
1222
3493
2994
2571
10991
9506
4841
2515
7051
297
3806
2780
243
8572
9212
8326
93
417
855
3095
11558
6547
8391
8767
4497
2244
3955
1653
6273
8552
8607
13033
5086
8009
4765
1378
11080
7925
6393
5678
9247
5480
10096
5235
12605
11535
11569
9428
10606
8965
11294
1254
1525
3712
4977
9747
11440
8637
11354
10407
4939
12611
8024
2618
10985
8511
3797
12556
13179
12723
8115
799
12987
11763
522
11594
6549
2561
7690
1519
4180
4339
7755
10392
9054
965
4586
2513
36
10463
2150
10895
10807
5865
12054
680
4444
12222
5326
11595
7922
2948
6558
8906
11637
3198
3070
1003
13173
5430
3317
3857
12110
7922
8818
606
10750
8376
3806
2881
11469
3019
11848
1277
12715
12176
2563
5538
5952
10938
274
2764
5990
1653
13296
9056
1312
2680
2567
270
2838
3556
9045
2952
5943
11270
5010
6893
5954
13416
3694
3402
5240
11624
11285
9222
9201
5536
3239
12223
4542
1349
12047
2790
1401
1154
1837
5494
10339
11274
5980
4124
9469
11170
7224
2646
9894
8198
4662
12219
4723
2740
1035
3081
6333
6835
182
7331
4081
32
4801
9873
13223
6184
3112
7588
10121
5939
2276
11606
11116
10894
10108
3368
9148
3158
11886
7776
3910
11819
4695
4720
11658
2058
2406
6983
9739
4738
12310
13003
10425
8531
6193
10934
7780
4229
11832
9932
1236
6282
7041
213
9257
8111
10419
7552
3778
5977
6959
8682
8689
11141
1626
3288
8456
12942
6267
6067
8666
10667
8545
8151
8054
5478
2164
1267
10934
3898
6969
12295
7052
9151
10080
4389
5062
10669
9136
9806
3174
8675
10099
8808
2147
12683
10278
5293
4133
1101
9553
3745
6369
3981
381
4861
11860
9962
1368
3047
12678
11693
4708
3343
4638
2689
1162
3381
964
6176
3978
12812
3018
10825
3048
2114
2038
1106
10758
4840
12331
11417
1196
9248
1690
1399
1026
2011
6312
8131
7573
5923
3065
11814
10954
2514
10879
10302
2272
3545
10618
13539
3261
9856
5232
13358
1877
6046
349
10594
1408
5259
3798
8230
3053
6033
11839
7204
4446
7544
7733
13549
2668
144
12212
877
3438
1359
9364
3562
9288
1099
11782
9259
6516
1772
561
1768
9639
12391
10590
779
10579
11284
7148
8117
9150
9626
8624
10445
7069
9694
5764
10853
2688
7383
6026
222
7035
2401
7669
3888
3938
8996
3815
10051
6060
5116
4762
11891
9086
8469
5259
2883
1319
4297
7682
9338
8948
7692
3486
2251
4409
2037
5141
1804
11137
3874
2975
2811
9397
7553
1223
11266
1339
1793
11756
9514
9154
5995
4920
2676
4093
3831
5834
6229
10090
1149
6522
8761
3089
5223
7282
5211
12494
4738
429
8146
12692
7571
7277
13247
9473
5265
9826
8728
12385
925
9202
7392
11185
3717
10044
10363
8876
4761
7914
6457
7014
5484
12530
8333
7173
12325
942
9798
12521
2
7925
7266
9105
46
7672
8946
9061
13149
12512
5508
4687
11975
9221
6084
6885
2628
10728
11217
10542
12215
7271
11774
2425
1008
11532
12798
1790
8793
9981