12599
6201
11315
9680
1322
2968
8659
3081
11496
9914
1953
1507
1992
8965
7208
5729
4662
3386
4898
5162
5018
1210
2665
4459
2012
5771
2828
10778
1620
3250
11439
1247
12059
4787
5972
4267
2080
370
1239
7278
2938
1113
5679
10333
3857
4921
11841
301
13063
4365
3036
8668
12216
2325
6239
12081
1187
3003
7410
5355
12517
7728
1072
6031
2712
7202
1152
4654
10630
6514
10806
1898
2566
6091
11525
6146
7826
7436
8872
3181
2494
5172
899
2755
12620
10244
12373
6215
4452
7128
2822
6231
8170
2200
2913
2079
7169
1491
3270
12605
1462
12690
11523
9624
3779
1673
10331
9792
7684
13026
3962
2615
1076
5230
9682
11965
1263
4359
7246
2541
715
1227
1223
5451
1752
11292
59
9153
1285
5939
2393
10216
307
4382
1833
9514
1471
3592
7208
2494
9706
1386
604
6776
5122
6402
9658
9234
9390
4509
10654
6508
6539
66
10367
6004
8694
2580
3549
6464
3805
10526
9175
6956
8532
6278
6048
12031
7171
10997
9088
8537
8801
207
9998
4935
12596
11546
12121
10046
916
5036
1373
13029
1246
10267
6310
10433
9654
9339
11994
7389
11935
9669
4684
8033
1827
2088
1983
1282
4360
3304
6534
3772
3208
3499
4561
4507
9024
6552
12089
7738
7331
7063
692
1618
11175
4211
659
3722
9808
5997
3651
8853
4114
9568
5166
12382
9999
2465
170
10565
4488
8126
12838
9218
9019
6974
5010
13004
10678
12720
9405
1074
4664
9499
3978
6220
7448
10100
3473
6004
1848
8592
6078
662
6569
1509
7962
11113
3713
2535
11927
5880
902
6876
5195
9540
1718
980
2636
4656
8486
11945
10448
3040
2846
4942
6748
1359
4591
3276
319
3039
2016
7947
6763
6975
12517
2873
9029
8201
5685
5849
12370
4445
5042
1767
4987
11723
3035
4185
4125
11967
10938
6808
8630
6633
8185
8919
4654
4675
976
10339
3355
2485
12327
2401
11395
9665
6803
5060
7997
1868
4168
5403
8735
9735
437
5687
4609
6592
8880
1359
1650
2672
5977
11194
8339
5997
10342
7786
3061
12172
10451
12035
9244
7421
2860
11429
12097
11089
9600
6594
7600
2310
1366
5083
9244
6099
11099
3084
6271
4680
5044
7605
7168
1615
3915
2947
7901
2340
10173
8213
6369
10916
1884
11142
8702
4907
1534
1722
5147
3656
3642
8145
12343
12034
2206
10322
6301
12355
7091
1718
148
4875
4148
412
7214
1523
3306
12827
1355
6802
3504
5300
4507
5665
8253
5993
2512
10036
3155
1500
615
946
7552
4060
1687
9343
7863
5998
2706
10126
3221
5853
3996
2462
4653
2798
12403
6806
10300
2801
7259
5698
1062
3499
5476
5553
41
2737
6868
11977
6446
11763
12670
4299
8291
9952
5899
5318
8077
10622
577
10108
1427
7753
395
10767
7828
4396
10655
3088
7638
4672
5047
9538
11837
2989
3910
8194
5764
12990
12545
50
1310
39
2197
9447
11181
11037
80
586
5163
4010
4670
7119
12449
9178
1949
11651
10876
7926
6721
10376
2631
6102
4990
10820
7312
9898
5819
8159
7411
2057
10455
4832
1780
11506
3057
12092
356
11121
10666
935
11786
4446
1420
8565
3122
10953
10032
5743
11140
10524
3832
10495
1190
11335
12919
7203
12652
7234
2146
1294
1684
10982
12900
7777
7069
53
5330
1703
12082
12437
10799
11680
4575
11376
2744
2975
141
5391
8679
572
613
7553
8140
2472
7233
12391
2467
2897
6374
10893
6856
104
9260
12787
12319
9405
81
11378
10736
1278
2974
12247
8156
12848
9539
22
13088
4816
8896
3102
7822
11518
2083
2637
6029
9092
2251
6676
6057
10675
5123
1815
10326
10231
6535
3454
3005
3914
10698
898
12557
3154
4381
2678
1941
976
2754
9289
807
7933
2731
5741
9294
9249
10585
3211
7360
8381
7537
150
3218
5264
1005
8810
2104
12500
4638
6784
2687
12568
3005
10635
850
2181
12329
4364
5439
9314
9582
8441
5306
461
3269
11700
6407
9246
11256
3117
3685
3075
4460
3837
7630
6962
6791
10300
7808
1964
2661
1675
5642
12421
12144
11112
9130
9518
11290
12492
11021
3587
11247
7238
8362
11428
1143
499
12948
517
8412
6027
180
12877
3594
11526
10647
2134
851
7600
1644
7697
7235
3722
10071
1174
6609
1442
7577
3033
10702
958
3827
11505
10571
7681
6491
10133
11895
6939
11810
7158
6316
9378
2178
7858
3544
3064
3864
5140
8366
4116
6527
7969
2377
9878
6760
8819
12479
700
12754
13093
911
2794
8561
10268
4023
1256
9784
2853
13083
11205
588
1913
1435
5890
2267
10239
8443
4867
12738
4235
2094
588
10156
6175
2693
7325
10701
2230
6763
11296
12103
7877
4390
2450
62
7440
5269
4304
720
7953
1542
7182
5527
3831
12008
12105
8494
4573
4077
2757
5895
2621
12139
9596
871
4677
8143
9756
2642
1860
7807
1965
1434
6540
2740
6720
10007
2549
7512
12349
7790
11491
9602
10806
10474
5220
7549
8666
4535
2807
3128
4462
3341
12618
1282
2320
5397
4474
5567
9174
2474
7778
10572
11387
1326
11596
6857
4305
11829
2532
9353
8889
6903
6034
13001
5151
3049
3800
9321
8204
10451
280
11655
1076
3103
3428
12507
9892
1704
1414
1488
1749
6392
10379
1060
11319
10095
7100
845
12631
3478
11214
318
1895
10276
11427
11840
3260
13044
4376
12008
1982
2001
5718
3383
11355
4904
10335
9585
8254
7826
9537
8420
3555
12746
1426
12666
6305
1144
7662
9773
5890
2190
121
12207
3914
10729
7238
5845
6330
12156
6259
10784
2944
7991
10080
7626
2780
11869
6463
8433
10362
9710
9553
444
846
10296
1819
10914
1315
11305
223
6603
5310
4386
4184
8085
10388
11356
3232
722
10028
9521
12153
10748
2341
12000
4245
9114
1492
4160
5076
1129
8878
5377
12310
5683
12784
519
1173
8222
6650
4925
2522
11961
4590
11777
2687
10783
10813
8327
3498
2181
1747
2707
6857
10663
12528
5199
4761
7112
3771
6760
4549
12564
10500
12640
2242
5725
5385
336
11955
3356
3303
10242
7492
3654
10455
5501
6184
5269
6770
10552
1165
10813
5745
10154
3772
7528
7099
6408
4749
632
7920
12356
9083
5174
2073
177
9262
9272
147
9608
496
6522
360
5585
2341
8422
10202
8023
9266
12409
7098
8922
5145
548
2801
11886
7744
3138
11585
3330
8298
3766
2926
10640
3874
11137
12933
8469
12716
4646
4793
3133
2276
12537
1657
9333
8721
7412
27
9931
4170
4157
2302
8234
6334
2889
11297
6140
7539
1526
8331
7351
9852
4476
11362
8437
2676
3
2535
5643
2581
2805
12977
5177
8043
4236
1979
11227
6494
984
942
3142
2147
12864
8492
2720
12910
10851
11685
3766
768
457
567
2822
8796
9350
4066
12274
9953
10934
12039
7990
4336
5882
2409
11224
8610
1355
12830
6876
12624
5099
7520
3407
1083
4945
4317
1973
3465
8102
2671
12928
12168
4367
92
11350
12094
3295
3377
779
12463
8129
4675
10014
3480
231
408
6473
2518
8554
5212
4901
1459
8696
4270
5967
4529
12230
1648
5748
5627
4016
1440
9449
2385
9259
6132
6184
8426
1039
2621
2846
10904
8000
8416
3559
1432
7270
12655
8785
6213
11809
10841
6798
3266
8524
8961
2168
3327
4770
11841
4379
11474
11348
13069
1471
2504
9204
4298
11954
4223
5231
8502
3567
11574
4455
3111
975
1510
841
8964
7070
7978
3896
8455
2365
2660
7313
5405
5518
933
12395
6451
10622
8636
8113
3156
7107
2380
5883
11310
418
2120
6504
6412
280
2133
5738
11977
5886
3009
2165
4931
97
422
7251
13085
158
9508
11085
11178
9958
4218
2970
9658
7713
2815
9771
8388
3265
9637
6995
617
2146
10341
5879
5398
8018
9373
3018
7027
10219
4645
7344
5207
3980
10128
8989
1802
10045
6719
8363
2164
4314
10679
12884
6529
7705
1143
12464
1118
8212
2033
1367
3733
7482
3639
3804
1415
3801
11904
2815
1171
7425
11310
11636
7343
8430
5134
12220
4522
483
9789
1490
5160
6284
12822
9960
10881
5541
7102
13086
7562
6795
1734
3149
3870
11696
3399
976
1370
417
12831
3369
3996
4809
4838
2428
4579
8684
13061
6933
3484
4640
8413
3549
2772
6936
7633
11562
3284
4770
2486
6703
4664
2421
4815
1817
5208
10279
8603
9224
3645
1067
2727
9552
5848
4387
11573
11908
4298
11108
6517
11
12661
8242
3258
11502
1617
11880
1138
12088
11220
9821
10064
5998
11451
5526
11587
11417
8799
2049
10523
6249
1382
7081
8437
4790
11825
1407
6213
45
4737
9223
11657
7550
10870
6655
10761
11568
11292
5049
1443
9435
12001
6193
11533
10044
3261
367
11237
1433
10014
292
1959
9631
9596
1175
850
784
1402
2269
9517
12937
5935
2419
6660
1672
4109
8626
7516
10344
7862
8946
950
10110
6802
4391
5289
10049
7366
4577
2437
5220
8614
969
615
897
9470
3555
9159
6473
5633
8671
4742
1909
4385
4828
10203
8181
9223
11637
10405
8542
610
2141
11627
9509
1012
5604
11613
10978
5052
12073
4478
12615
8081
8731
427
8648
779
10895
8565
1275
11286
7847
5690
2387
4403
158
12422
2163
12053
2525
1925
1070
1921
10274
10547
3982
9801
250
7047
9793
4973
5164
12313
160
8562
4933
7432
11805
11630
478
6266
2462
2434
5415
9795
3289
8861
8144
310
797
6615
10624
4762
159
11461
9619
9809
4065
9694
3669
10055
12738
9104
9654
3834
6958
5996
1210
11805
2273
11206
3684
1799
672
6817
2918
12291
540
2378
895
9760
6359
9334
4722
3369
9758
3377
12152
6919
1197
12263
2786
2503
4191
8586
10636
5175
2116
1000
368
12980
1954
12895
6071
5024
6020
309
12326
9832
11643
3431
12291
9114
861
11534
3431
1329
5198
4201
8605
1595
789
8430
11009
6241
11602
9179
6756
9325
5431
10218
7497
767
5288
5118
1933
4232
2640
11129
6901
8135
11253
319
1054
4189
329
3098
3815
2
12864
8911
11989
12233
10478
2075
1855
5832
10100
6972
8802
6316
1780
12370
488
3505
5360
951
5661
7301
499
3499
5873
2618
5723
12296
6799
3327
5970
3777
2950
4233
9578
3311
2174
5688
9137
9294
10396
6216
11839
10306
1181
3288
11033
7760
10758
8709
189
9627
4326
6055
12930
10024
11785
11543
483
4445
13078
3824
6955
12440
8461
5057
10596
3888
12009
9515
5343
9484
1041
12732
5518
5644
10096
6406
11551
1558
6674
1177
12119
7604
859
9885
5417
12359
365
383
2907
10609
5709
11399
295
2268
12063
5196
10765
11929
6345
10970
6363
11946
4925
5605
12507
2478
6021
2121
903
9456
4634
6781
10079
9584
7643
10790
707
7106
2558
835
12446
1030
2275
6308
6306
600
11972
7177
4454
5396
7056
10733
3158
7224
8652
2175
910
10535
6578
3182
12389
13035
2511
11392
10668
8560
8483
8049
11261
3003
11494
4082
10139
10211
8063
10555
9855
8754
4535
63
3679
3101
9898
12071
11
1483
5778
950
3649
5841
4335
10003
10384
2234
4107
4172
10636
5207
4353
12944
8173
7770
2656
3438
3509
4076
133
11522
10566
10896
2507
5193
2395
9527
7019
13023
11892
5109
8408
8612
5267
2064
10953
8282
10075
4095
7728
2892
3393
9980
13064
1237
750
5259
9386
1537
12469
5861
4002
6843
5724
12047
4609
1069
12016
8426
9632
7785
220
3995
7081
8722
7616
5233
1807
6804
10142
5323
1694
4924
7165
7444
11552
3011
2101
6472
5462
5372
6057
4792
2247
8653
12116
5407
6466
6154
3107
700
9638
3927
737
3608
8366
12709
11940
11058
3132
12929
6240
5082
6891
10937
7681
2293
2045
6047
7049
10892
4206
4336
7747
1558
7884
4318
11213
5312
4349
6583
5501
748
10077
11463
5448
3354
11902
11094
888
198
7563
5247
9816
10494
1350
6725
9367
12581
7294
1734
9326
9914
12722
1503
4896
3670
2109
8605
9806
4528
10145
1143
10097
12792
3147
1744
9492
3629
11622
7076
12817
5177
1232
3464
6441
1887
7321
10623
4439
3426
4019
2270
10306
8261
7625
5482
3949
5192
4194
1126
10383
10939
3082
10068
12266
9499
11772
1105
1346
9523
11958
7996
6478
3437
10280
4172
5651
2448
2426
7258
4520
1590
5522
12325
6627
11499
5842
560
10665
11138
10694
1109
12037
8243
5774
3643
8507
9790
12027
9040
1370
8225
10710
4483
7163
10703
8752
12420
8315
8272
3981
6542
9269
8191
5890
8275
5001
9305
3024
11581
7438
13001
5666
12551
7089
186
1269
2155
10075
10971
7541
418
10129
3946
9420
905
478
10937
217
3585
6406
7180
9276
2534
1441
9428
1609
9393
724
3003
9965
3882
8736
10526
6032
10382
2679
8297
11683
11904
4445
1471
7791
11365
5784
5064
8823
2822
8345
909
4469
11551
11625
6449
7415
6025
6492
10256
12474
778
5638
9622
1865
873
44
1662
8975
5061
11683
7789
11253
8450
2214
710
3078
5501
7544
694
6485
5301
8379
8786
6702
11840
316
12766
6157
2919
10000
5037
12804
6992
4453
7953
224
9176
12228
10324
6962
4468
6384
10957
12380
4302
11909
10521
12630
6259
70
2639
788
7725
10650
7989
5221
5469
11875
680
270
3865
9717
4052
8469
6748
9219
1908
379
5364
5924
9699
12928
8947
2774
4922
652
7219
9750
12885
2238
3492
8406
1720
5228
2606
10445
6463
5794
11309
1047
12888
5190
10777
1464
2479
6090
6574
3013
9966
869
34
8537
12019
9693
4855
4976
12651
9757
5010
7522
9081
1135
9523
4718
9967
5378
2871
5353
7609
6123
10248
5417
11376
3672
12569
2597
2007
8125
2108
12858
8292
4434
3636
6855
6942
1789
7760
6860
4985
2624
12906
9765
6111
11220
4178
3307
6387
2670
9482
4762
389
11767
1562
7499
7498
9434
3024
4455
6082
4080
8649
8640
12541
7464
11048
4467
11743
10313
4760
1656
8616
8548
12052
3321
10099
5724
9454
7045
5220
1682
12343
4564
9460
2633
2019
6105
4878
5006
6614
7540
11035
12612
9582
7885
4620
4331
11251
7740
12568
10282
11009
12087
1517
11284
11456
9351
3212
196
5198
860
4881
7924
1564
1129
6456
10034
12431
10906
8796
3945
6255
12873
11538
11209
11826
12516
1406
13014
6841
8039
3025
11454
2595
3646
10885
7646
2685
4723
3277
7471
2124
7177
2940
5615
6853
4105
9346
10776
8798
8585
6279
8467
1567
1439
6658
8398
7896
5645
2115
6843
8900
4147
12022
9444
11948
10541
1526
864
2028
5248
1505
7572
5730
4046
8941
8652
2906
7671
2312
3340
5484
12044
5422
4161
5690
11267
13082
9797
12627
1080
391
11342
7713
11500
6332
7179
1260
7136
8505
6101
5826
7552
2424
6227
11245
1002
6039
2661
12360
4191
6896
12965
3876
12129
1897
452
4221
5314
12285
12810
7176
9243
12222
2559
9912
3883
5943
3887
4477
3586
239
6776
12732
2301
8563
3540
10616
5544
2681
8205
2789
5570
2025
1596
3787
2468
892
11243
2507
5059
7692
3468
6626
268
3995
12449
12001
7691
1056
12848
12003
11798
8563
12987
3460
12754
10120
9468
12380
2953
1151
8209
4860
7501
3582
9239
8455
5785
12452
10595
12905
12102
5983
6252
8922
2358
7728
3098
4527
8073
6433
3241
10509
181
8630
7811
11378
1179
1578
1484
6084
2871
3308
9560
7174
2933
8918
8749
8714
74
9691
10044
3053
10012
3160
3390
8786
5228
7192
9339
8750
5749
11129
1964
12152
11361
8685
1448
2633
528
1146
6829
230
1076
8243
7083
3128
826
2153
10814
9130
163
8815
11474
3304
6867
634
1470
6020
11081
1911
7890
9432
12723
5642
6665
12817
8039
2868
8560
11101
12324
3728
2010
12361
679
684
1072
2377
5426
5574
11931
2870
8257
2654
8519
6649
2839
8490
13024
10869
1649
10352
7050
1526
2128
3395
3260
1016
5918
10096
5338
4830
5963
3998
9796
7436
1226
114
5751
6727
11912
3272
6935
318
8148
9086
11624
3902
7983
2897
12261
8175
11295
5174
7979
3073
1485
12701
6006
12985
10820
8074
9934
6684
155
4275
4168
821
1582
10216
7877
6085
3984
9525
7586
11117
2008
10731
5711
6371
3161
11752
5089
550
7653
9682
8865
5250
12536
5730
1172
9796
11224
6284
2549
611
49
1364
1843
5257
8637
11459
308
12244
9164
9110
3124
12769
5748
2593
11643
11116
5426
11755
4769
1750
4550
9838
881
5381
7963
7047
6151
1062
7398
2698
11036
1892
6972
688
10919
12092
9391
12270
9248
4649
8725
5945
1876
10115
9114
11561
1411
8831
12843
2425
4878
448
8766
2144
10303
8675
5864
10261
9097
7648
9581
9098
1296
9925
6247
5217
3673
9332
6999
8024
5460
7360
9974
9242
5749
2872
9618
2373
365
3294
1776
9043
1020
6297
7515
1646
386
10224
5526
2552
5802
4892
11748
4343
8241
11283
10459
918
10185
4823
12742
2683
4100
10301
9941
123
3512
4996
1895
1984
10222
3349
12600
4415
9182
1435
1266
7283
6194
12325
224
2403
10410
5596
5453
2905
1272
1364
3539
10124
3004
7795
12367
3968
12107
11360
5446
3839
4718
2391
760
185
9251
3445
3692
3806
10609
2603
831
8368
3230
3118
12901
985
58
3351
12544
5762
624
11315
12835
5770
736
9587
9259
5485
8485
4670
5117
2218
740
10045
4884
927
1129
10242
3514
6090
3514
1840
3117
1717
11463
6497
3676
1220
7528
4081
11773
3557
2986
274
5768
8775
1462
12124
11380
5151
11735
6132
7012
7832
10600
10103
11786
2928
8403
11631
6476
7229
6778
6791
10311
11902
78
2239
1972
9391
11437
4141
6452
8860
1869
587
8630
2725
3487
1583
3468
13086
2170
7164
11743
4301
2825
11868
2468
4540
2417
6623
2998
10408
13042
3836
6211
3576
1388
5574
2645
10139
336
9976
8113
10879
5058
2473
1569
4822
1178
3853
7309
8151
4485
1317
9025
7269
11119
11705
10970
10532
4171
9520
392
3083
1288
6847
226
11118
1109
2633
3838
5676
11747
3894
8677
12422
8146
8677
6010
3380
12430
3805
1012
1490
10756
3463
3027
2869
11028
12776
10877
3743
10910
5941
5810
2152
21
12238
7934
11612
12778
3177
10006
12030
3116
2117
2406
2246
1008
518
2745
12411
11638
11158
27
1728
7391
12358
1943
2585
228
738
10981
3905
10426
2964
1370
6968
12230
6407
11751
5429
4663
4472
9316
12583
2771
7623
11661
1777
6962
4374
6338
3478
2684
1490
11327
2638
9153
1736
6367
10670
10518
1912
10583
6403
4150
10941
11864
8979
10538
7788
1532
481
11285
4930
1854
7409
339
11658
5433
10797
6189
3769
8652
6372
403
1655
1199
11794
7632
12621
9991
4072
12965
6366
8085
7098
4894
10632
6236
6036
6884
2596
362
4232
1930
527
5817
9299
5216
5661
5236
11250
9157
10883
3477
12384
4865
3241
12876
6913
8106
8231
1992
7400
9073
5255
1103
3207
4640
3210
2289
11719
6841
8309
8941
4000
7658
4218
2625
10623
12532
6751
6732
3862
5119
1755
4582
12030
7853
9156
10735
9414
4826
2155
7769
8022
6068
1948
12354
74
1167
10070
3258
5770
1960
12729
8949
10153
8245
6975
2557
5675
2961
657
11442
1239
6071
4727
5334
7029
11331
1661
10241
7899
441
1924
11576
9612
9273
11369
5541
12518
10718
4194
5788
4013
4869
1780
102
9138
6331
11921
1946
12190
4311
3882
8355
735
2990
10543
1067
7186
11682
8926
11156
12326
12804
2096
3603
12194
2327
6849
12731
2058
9569
6210
4504
7516
5164
7643
8365
4214
4575
1120
816
10927
6100
6421
8077
5233
6245
10103
12061
11244
5336
1981
4708
5651
5259
7455
8415
9028
7984
4405
3518
11162
12033
2509
6043
8041
11983
2653
10602
5298
8385
3088
12300
10850
3898
6387
11362
10651
3542
13014
3094
12678
7238
10288
12707
1172
1193
669
2154
9067
2834
11506
11660
12248
1974
6967
425
1890
4592
12747
12969
2809
6184
11027
1591
4765
11267
3790
8192
10538
12187
8620
2671
7836
10376
7007
11671
295
6736
6555
4890
640
3621
7096
11087
10393
9743
11921
4651
8315
5196
1500
9723
4039
11082
11953
4942
2043
4451
5967
3827
12856
8696
6712
4286
8015
1974
1460
8425
1267
3663
6048
1416
2722
4479
7085
11539
10812
2211
8905
4771
10195
2747
3997
10659
6126
11240
2789
9487
10269
10876
11710
4136
415
8690
11557
11999
4863
1960
12435
3850
6470
4232
2121
5180
6870
9683
6772
3385
1715
6165
6464
3905
2863
10161
846
9641
5112
375
11178
3657
10919
4205
12836
4433
2008
12430
8994
9471
11221
12081
1411
4153
12336
4556
3644
8047
12539
4693
4639
12492
11800
3178
2038
4392
3491
6745
3115
4730
6758
10279
4
3476
4911
4696
6814
5273
11740
4028
651
10750
8219
7282
5108
10247
899
6630
3248
11901
569
326
7602
8164
12300
7989
566
697
10817
3684
10636
7232
6620
3662
5772
2947
12630
2601
2041
2175
10594
12064
11004
4328
5393
10053
12441
455
12364
6106
12157
576
8997
4698
11859
11841
6630
11591
2251
12272
1051
1520
12633
4067
2384
6652
7770
5444
4977
139
1817
11531
3731
5974
1051
933
2037
3469
4892
11521
7355
4761
11133
12942
258
8807
10514
6780
5287
9357
5137
11281
5661
2542
11037
9402
3878
3837
6921
13043
1465
8414
3020
6033
12000
5161
3808
4108
1133
3706
8104
2061
12318
371
3048
4003
11523
2142
7007
5122
11105
12119
4778
2762
10033
1466
5475
12971
7401
8465
32
12668
3774
8498
5766
9048
3370
3562
10488
6214
5438
2300
10798
6394
3213
12860
4172
5210
8037
5055
2260
10141
2965
5241
929
8159
12993
4532
8132
10285
10355
519
12384
10156
3196
4771
4186
12881
10154
6630
11857
11442
9145
503
4480
8237
11436
5477
11177
11176
7285
8279
3432
3965
11810
6104
4037
6255
9830
2971
6093
2225
3383
1107
6400
12293
3869
8768
6721
12405
6719
4188
7575
8843
1877
3071
564
10689
3463
12950
4215
1767
10259
11382
1896
920
5408
4441
5099
4738
4594
2232
2208
3298
5401
8932
2513
9500
3408
9648
840
12456
5175
5412
6219
9592
4222
5022
4245
5946
5711
5288
5589
1064
5171
3586
3662
5123
11727
5182
5414
4324
1155
4554
12300
3561
5838
2103
2592
5038
3571
12396
2557
11199
10199
4038
11293
8969
8207
6850
6735
5053
6241
10644
11805
8155
13028
1242
2439
8485
5274
2535
11278
4989
6135
8149
11187
6824
8830
3098
8864
585
54
953
5354
7072
586
2373
12434
11357
9568
1117
12844
4567
4869
9683
4572
4234
11892
12812
10843
4742
7077
6279
4359
9520
3957
8445
7973
5145
7849
10998
7055
7049
668
6841
2371
9903
9349
8198
7412
8871
5300
6360
5690
8671
9721
1345
3817
4400
163
7000
2807
2538
8405
12372
9643
4303
1760
4170
2027
1498
5194
9408
7518
1240
6374
9044
5979
7642
12799
12651
8380
8012
1348
4953
1296
2944
10977
7819
8877
7618
4844
1912
4042
8530
1817
3347
5935
8309
9929
5995
3990
7193
8290
8684
12414
4126
5880
6565
1408
11790
12136
6675
9538
8116
6109
2840
11129
10742
11341
7278
3567
6798
7465
8903
2457
8081
7344
7539
5801
2843
8555
5925
258
6363
10299
10753
9165
6854
8579
767
3672
3071
4608
5344
8946
11565
8014
1124
6173
7377
579
5243
808
12252
9355
2591
10440
12854
5886
4106
3956
5116
10280
3761
11334
11604
12905
7999
367
9036
1640
8501
6816
8659
11544
3519
9429
5956
9964
2289
12394
3219
8678
9363
5910
2095
5987
12646
11829
3839
8402
3650
11905
12050
4105
11657
9076
2723
2567
12016
12729
7658
7892
1865
7129
9155
1692
12173
12237
9726
10762
8456
3968
11369
9175
7573
5356
3095
9457
9508
8342
10305
12161
11644
9002
11322
4061
8653
4707
2477
866
11801
5876
543
10338
1514
10321
665
1717
5672
11804
11438
12276
293
4430
4934
6960
5594
11873
8553
6121
2490
600
3882
3763
7331
1845
11928
6851
6798
12009
1049
438
6505
7033
3316
8795
8289
2936
9776
2714
12418
1082
2549
6147
7624
5195
3740
11176
2645
10647
10091
7254
11690
9952
5450
11383
10844
12211
10720
7685
7141
10132
7549
1802
10570
2727
11654
9708
3934
12904
7620
9391
4681
3208
7760
1734
10549
7495
9695
10643
1669
12405
4979
11792
11580
7313
2100
1022
12569
4112
3295
6334
9251
1367
1430
1914
12309
3142
2998
8382
1290
6718
11008
278
12150
6646
5366
12308
12995
6290
555
8299
9997
2674
11174
9168
11502
1917
10624
7233
2087
7334
9832
99
9260
755
11331
8241
3829
8873
2074
7406
4628
6346
5793
6826
10641
9872
10740
6405
2362
8255
7389
12772
8595
311
12346
10395
5978
10862
8858
12371
2881
10327
8605
12978
1723
7323
6728
7563
4386
2924
1398
12103
9578
10455
8333
9286
10876
6338
4919
9008
6258
12782
4757
3123
8949
1123
9393
1487
6197
12298
12204
10930
10169
9674
7646
10453
5958
11500
8690
10035
8068
9335
1120
253
1230
11476
1060
13063
2578
5694
8711
10102
10384
8593
1396
3965
1748
6682
11403
11041
5919
2780
8348
11539
406
3698
7516
11334
12911
9212
944
4291
3649
754
2439
8813
6704
10493
4324
12502
9137
3861
5692
304
463
12693
2734
3995
1317
10691
5691
6460
7226
12534
7186
8225
10897
6439
11732
7828
6806
2026
9493
7059
7000
8282
11548
1181
11209
2584
25
9872
11463
9893
3927
3800
7769
3800
5653
1514
10622
10728
458
5976
1818
12781
199
10634
8486
5649
9041
8135
6952
6924
4282
7600
7489
463
9001
6678
4106
6720
1295
8448
7430
358
8561
1267
10377
2585
8562
9184
11111
3954
770
9505
11752
9652
1687
6194
10692
4920
11230
843
12104
8035
377
5349
12807
4885
154
424
12587
301
10152
1847
2032
4407
5461
9310
8688
12000
3658
2379
10652
11478
3373
8204
3427
9588
12854
9128
12407
1136
7587
8985
7341
1496
9373
4764
6211
3030
5454
8144
5366
9428
8840
4100
5769
4286
6842
1425
2929
204
11304
7962
4809
6105
6655
9975
3205
6412
5199
13039
2041
5584
12583
8366
4936
9504
6259
6361
2216
1554
11169
10676
1248
8995
1564
6963
12363
2062
9833
10672
11901
79
5022
2825
1259
9669
4578
5875
8831
10310
9918
7264
9241
12305
2718
8243
7076
1878
6637
1726
2997
5812
7232
3084
4606
6278
1916
5412
12868
3039
8161
6958
10318
3329
3518
650
4921
4601
11587
7574
6189
9459
5768
11934
11702
1561
11952
2877
6666
562
13064
8055
8373
2748
12103
10731
7452
10587
8911
3719
12172
5077
2994
12520
7980
4422
332
2651
3449
1295
5907
7551
10436
12152
466
4032
11565
12496
709
6273
12612
10378
10838
2183
6716
10025
7939
7994
2565
9384
6156
5673
9067
9341
6389
12239
9523
1132
8357
4663
6572
8611
8800
4041
7818
2295
6342
12797
9329
2255
381
6470
6409
10125
4223
5001
10075
7302
4145
9812
11903
3165
293
1357
8905
8952
10510
2266
8307
7471
12348
7103
4647
6318
8311
5150
1606
8689
4225
6239
10407
555
12131
2356
11593
6272
1280
2282
6768
8680
8345
5403
12004
12141
1391
9064
12363
5953
2609
11461
969
9769
10087
7556
11981
411
1834
216
11672
5144
3643
4689
12547
8636
11173
242
1340
10537
7154
7359
3859
11547
495
3873
10256
6506
4450
5186
3553
3763
8730
11476
3745
3950
5708
4866
6443
5617
10423
6504
11398
6020
9461
12330
7588
3330
4941
2548
952
951
4827
948
1618
880
7302
12931
6555
13058
5980
10205
3814
10565
6630
12052
11263
5384
6512
12933
8988
11046
12508
10235
427
894
8273
3967
5100
3521
1287
10305
11922
6261
2309
12331
5842
10052
12129
3843
1418
13048
1598
6708
11668
3942
2852
7444
6103
5480
12287
8774
10017
7159
4775
7950
6038
1053
345
11281
10049
11983
8525
7401
7465
5467
5664
1660
4302
4786
7066
10802
6901
10598
12236
12653
3300
1835
5936
10283
9401
1958
3358
10560
8101
6947
8652
12241
12984
1225
3796
8879
8177
11593
4996
12911
12672
2100
11143
4021
10580
10344
10525
8382
637
376
9306
8473
5999
1727
10759
2824
4359
2472
1242
13017
258
6169
1090
7065
6887
3494
9828
1533
8467
10420
3360
3006
3042
1958
554
10525
4914
8364
3241
6026
5638
5824
1012
6116
11437
5744
10411
9002
7539
6423
412
10490
1550
7486
4780
8828
10641
2349
2769
5022
407
2935
10189
6785
4555
2048
2604
12464
3697
9645
1352
4222
1093
10823
11560
1150
12565
10088
1035
7699
6006
715
1342
9989
6101
5024
9084
2782
5069
2437
2488
2721
6523
9978
11275
3330
12830
2223
3193
5345
2234
7335
1323
11095
10833
2961
7274
5150
1073
6923
11388
8278
7046
1297
8413
1303
6126
7359
6090
7030
12655
5298
5501
2173
11145
9627
2020
7542
5774
4446
4891
196
4961
13017
1312
8667
1674
4718
8179
6480
11350
9014
101
4088
4325
5489
9979
12097
9583
1599
10226
3656
9206
2245
5208
5007
11401
8453
5814
11196
316
3859
11510
2513
4571
1464
7815
11637
3873
7869
2845
2481
4261
12284
10255
1660
1847
10832
5897
10095
9067
6723
6836
70
9139
4689
3052
985
4777
7736
5918
3316
2411
10966
10839
10268
12263
2517
7330
8278
463
8828
11388
12112
8265
403
1874
9963
416
12773
159
12448
2851
11672
4029
1304
13043
8660
3241
10752
989
3844
6140
3734
5268
1729
4839
3501
343
4235
1448
13037
10759
2578
8076
3868
10518
1691
7984
8712
972
4402
10071
8323
2268
10674
12629
1370
2100
12071
9604
7808
890
12780
6139
8832
3746
11011
12809
2956
1350
7337
9780
104
3629
5282
7295
4628
5859
9331
8224
5523
4057
522
7445
11297
7159
949
9165
6973
139
9761
8179
1646
4919
878
8111
465
6062
5972
1388
2851
11101
10902
1998
9784
9346
283
6103
7583
10190
5396
9729
4525
11690
12345
6981
12043
10352
9847
12345
3814
7080
5767
10202
9000
724
9159
12539
8351
12810
9028
6265
2388
5101
7361
11165
8436
8811
11856
2652
7814
2816
5648
12988
1713
6356
116
3487
5865
2971
10069
9686
8528
1627
6893
818
5112
10529
3917
3733
836
720
9338
3839
2922
6988
1292
2880
565
6155
12537
6323
9639
11451
3739
4579
9755
819
9713
1502
9967
3363
10903
9728
4885
10961
6948
7011
12907
5735
3394
7121
2078
3830
1693
4252
4597
5475
7090
11951
1178
1417
4285
6291
1105
827
9372
5332
8151
12611
1907
6862
5609
10990
5425
7190
11070
519
3176
11361
2889
1372
12811
8796
1179
6421
957
9958
11167
6457
8077
11466
6549
12316
10893
8306
11826
1041
6854
6688
13058
12753
4830
8653
11633
11527
2483
2298
11771
11345
5757
4724
3218
10830
8835
8651
6027
10971
10480
5515
4466
8537
13025
3667
9625
10372
2222
4925
10019
875
10778
12937
3093
3014
6378
10851
2223
8089
13023
9208
12716
12077
9853
9461
4231
5746
3612
8775
5376
8143
8327
7579
5461
10204
517
12218
3943
3896
5249
4615
6800
9368
4634
5333
5113
11369
10949
2410
12878
1103
10821
9104
8734
5066
3056
3567
11591
10621
6713
10289
4651
3310
3432
772
2402
11450
2706
5346
10655
1629
5678
12711
10839
1657
3745
3131
7473
6726
918
11307
6264
4795
10301
2384
320
427
2024
10146
7993
3032
4560
10175
11893
11264
5282
1117
2053
12991
1356
10397
6462
5654
5061
4734
2329
11560
479
9243
8573
8346
660
6273
11521
9805
8598
5168
10913
154
2968
11991
1825
1466
4705
10158
9019
4894
10961
11139
7109
140
10675
6692
4632
3554
10761
9307
9839
5084
6458
9108
2324
2970
7657
10276
4458
5075
3011
3247
7336
630
646
8459
8416
3143
4977
6566
99
7025
3195
12618
12629
6366
8687
6983
7869
7577
1102
5127
5696
2502
7861
4452
7711
1037
9105
6509
3006
436
2218
1372
11165
2661
366
3598
1984
2174
10620
4314
5387
8412
9956
782
12646
11857
3542
1510
2712
1129
13038
7058
6626
6561
1867
11295
2354
10570
4381
10572
5905
1926
11737
7514
6243
11623
2247
4928
9567
3796
9714
5454
10136
13043
2070
7891
3309
12913
7957
12208
10006
431
4781
1098
8504
110
6917
4131
2412
701
5956
8998
8257
5820
2132
1201
2628
266
5774
2408
2217
716
5469
9481
1475
5204
9255
4898
7179
6384
9333
6708
11314
6412
8307
6249
11689
8578
9964
5327
489
10241
11774
6270
771
6616
9281
230
6727
1297
3626
1723
8916
2376
7562
10401
5064
5835
576
12379
6586
10544
8019
9726
10864
7507
50
906
3825
12070
9687
4930
6111
5043
11678
6705
10304
1665
513
9864
11073
61
3181
9951
409
10249
7013
6527
11016
7636
2758
11786
1384
6112
1646
9563
6994
3360
12714
9339
7388
8296
5516
2081
7673
1158
2313
3963
2537
1544
5868
11746
3907
1913
6165
3047
4061
4816
11291
10306
5614
7424
12582
8708
5616
227
10556
7871
9506
5636
6677
11743
6720
1950
9552
5298
1787
248
8662
10762
12573
1085
5698
11030
12293
5712
4469
4777
270
11620
4184
8720
8942
6773
11353
8410
7883
11947
249
1915
2009
7406
8990
8195
5554
3547
63
3079
3625
10182
6672
8040
11815
1271
11990
9131
4757
5185
8464
11351
10124
5656
6832
6659
2364
2561
11766
8952
60
1470
2408
5393
3999
4574
387
12481
1652
6382
692
3324
7195
11374
5086
8643
1507
2475
8753
4126
162
7635
10381
574
12744
8505
4210
12110
9378
5150
4466
7476
3141
5132
4795
3535
8892
6501
11552
12070
5167
10840
5238
12033
6065
2056
11453
3454
1878
10498
8909
9934
2149
10155
9922
6397
1170
7817
280
6956
4980
4519
8138
1277
8256
11608
3018
12918
1432
12231
5806
6900
1674
5509
416
1864
914
6444
107
12267
2672
11424
92
3951
2206
6904
9138
10822
3190
4991
9599
4633
1751
1494
9882
10251
4837
5526
12243
560
3457
9667
10329
1838
10272
6451
763
9315
6281
10574
12025
5542
7496
868
7670
11881
7848
2881
9765
390
10431
6780
9491
11847
13093
6532
10942
1495
12298
12172
1655
10360
9963
4868
2723
3815
7818
9102
4767
8465
1047
7498
10687
4479
2020
7520
1084
7714
12333
10415
8503
8861
7176
11065
9189
2408
89
8202
5518
11129
8311
3169
7776
7234
4243
7405
5499
11505
12401
5913
7389
4965
8338
6357
10475
11739
7482
10640
2472
8817
7214
12932
3319
1920
4659
9139
6066
1591
3002
2839
6769
1657
12482
9467
832
12556
5162
1409
1058
1955
4531
7885
2922
9205
10113
6152
8427
2666
12475
1753
967
3710
8972
9839
5165
4456
5417
6631
9037
10546
12259
9956
3622
2583
12697
5317
9343
2687
9041
9784
6040
9873
2543
2708
942
830
4416
3884
9829
4634
6713
7868
2420
4361
748
8282
7211
12443
9791
3728
6022
5546
12348
12259
10644
1976
260
3129
3248
9329
4413
6102
10567
10197
899
10537
9103
1533
8436
5068
4958
5292
6194
10056
5673
1265
9309
6721
1094
7580
9390
2908
6974
6280
8688
5067
10005
9870
8826
4007
12736
8967
3682
8760
2306
3423
10857
8126
7081
5297
6524
2438
3765
4109
11997
11976
2991
826
8604
6455
10440
10056
6969
7446
10
912
431
8506
6055
8075
6677
1625
9539
4153
12117
6479
1335
8233
6629
5642
2104
5804
1645
9558
10570
2807
5260
6354
12442
4591
18
13061
12930
2488
5763
6258
5877
11908
11548
9794
29
689
3745
3260
4879
2015
11762
8334
2517
8842
2048
13043
7110
10578
4549
11268
4027
3959
5302
11023
9071
5463
4867
8551
9912
4436
12721
9230
8513
370
6716
6430
7422
5909
2297
12276
4982
3801
4359
379
8429
12975
12884
4555
3290
3512
11797
10585
4816
717
7922
778
8504
4137
3097
2348
1421
8887
1003
5079
1261
9697
12159
11150
10173
1057
7637
7209
927
7188
11082
10323
12799
1316
9564
3122
3715
3046
2730
5690
9705
12972
11249
12643
5131
12531
10888
7940
5150
1649
1742
11943
7494
11924
8964
5039
1963
10199
12029
10279
11569
9883
4410
1572
7969
2873
8440
5982
5301
6387
11494
8190
12843
11561
3739
12252
12771
177
9284
12493
10292
9976
8867
4127
5767
9873
11101
7910
10590
4731
12816
8967
2002
12419
9594
6350
5056
1165
3603
4282
7255
6850
8534
2694
11546
9723
9439
988
11204
8598
11061
2163
9142
3437
1138
9255
2724
12100
9131
12057
10148
12938
8936
5184
10831
10589
9297
12040
3352
4134
8109
11742
9895
7181
6955
12785
7578
8254
5500
2637
7671
5650
9824
1485
1529
11227
1844
11342
475
973
2464
7874
856
11735
11196
12845
7375
5280
4722
12933
5123
7389
5722
7795
7178
52
6334
6233
11982
7576
9388
5134
9428
6843
7097
11641
1571
10583
1188
5231
8734
10296
1973
3270
7254
2341
11785
9014
10059
7921
12093
6201
3878
3018
5815
7356
9385
6794
7088
4867
4370
5027
12061
12289
4816
6424
3285
10141
177
7852
13065
5808
12813
7432
1562
6845
11516
8031
6913
12273
8465
2213
2367
12198
5334
3651
9641
11357
11449
10861
1202
818
3560
12351
9789
12955
6798
9436
9635
8943
7379
1612
9529
12788
9273
4617
1557
1633
573
3195
8570
8724
13055
6490
5636
4082
3620
10438
5647
1017
6596
12471
3913
2723
11768
579
12353
9906
11584
1829
10769
6748
1657
2069
10528
4218
3339
1418
8190
8131
1673
1196
3769
11287
3386
9010
1394
9775
4758
8464
12357
3592
4315
3049
3242
3986
1068
11516
9203
1016
5994
9742
10587
12843
8175
886
2830
10192
12550
3058
366
4550
53
11057
8127
9272
12849
4907
5220
1385
4694
12896
2562
4688
11111
5822
12056
8251
3482
4815
11485
8917
12651
6726
7019
9736
12511
2471
3333
5037
4730
7356
3297
11535
8698
4165
9769
7232
6156
11830
641
884
11502
6259
4631
11250
156
9344
841
7132
12188
2092
5929
12851
70
842
5696
11464
12782
5253
11348
11092
3828
1771
8379
6683
4883
11772
11155
9318
12244
3195
9729
8168
3373
3332
10705
8271
5977
469
8820
4144
3583
10847
55
9826
1388
12122
5274
3563
3418
9588
12532
6496
1955
9377
525
10864
5067
7070
195
7182
8460
4383
10667
6753
6117
10277
4721
12795
8968
11540
7731
11694
2005
907
8279
8548
6774
5297
10505
12864
10842
11424
7966
10453
12103
11616
9426
3410
2006
7119
8186
875
9824
10151
2495
3941
3763
1881
9223
12239
9120
10804
11313
192
6357
6679
10184
6726
1783
12926
1903
3025
2882
11862
4731
12185
9878
2717
10300
1012
1719
1333
10006
7072
4860
10387
12673
7621
5151
3388
9349
3138
12495
11837
10580
12619
9854
11040
35
7011
3469
3492
3359
3024
11632
946
1529
3182
2770
9674
3088
7967
1107
7045
11449
10584
2187
11336
12073
9489
2104
436
8171
10718
11217
7367
122
2583
4782
2489
480
12636
5451
936
2197
6432
11257
10865
10723
10923
4464
20
2042
8598
1194
2712
5868
6900
8173
9223
13045
10744
11631
11985
10608
1627
7062
12895
7900
11256
11628
11229
12396
2183
7746
12930
12759
6124
11400
5775
9967
7501
8266
328
8637
711
12205
81
11016
7722
5419
2634
6219
6351
5659
5317
8498
1109
12654
5041
1387
1269
3030
5435
10364
1425
9930
8881
12069
5228
66
3658
1408
6056
11867
9544
3226
174
5652
1806
10239
7445
8554
1248
499
3300
11943
1158
10348
12191
225
7836
8129
11464
11476
1269
9718
1675
6914
9112
2428
1979
3028
4732
12860
7868
1563
10863
10092
12956
4586
1531
188
5896
6596
5707
6180
2613
7687
2486
3948
2127
7272
4822
4405
5967
1308
3527
5737
2559
4547
3299
588
9582
2674
1984
12425
11267
3519
5619
973
8741
10126
3992
8354
6212
7284
174
4423
5713
11019
12723
8087
12342
12454
7313
3452
5720
12366
4957
4576
612
3043
9016
6720
5137
4060
2563
11202
4415
219
5411
626
5726
2485
958
4545
9683
219
10744
11229
12576
7074
12856
805
7693
6330
8482
3173
12658
5277
374
3100
7120
1208
4387
12351
839
3408
5052
3253
10494
7840
5936
12748
12141
2486
5836
4818
10720
2667
11288
1244
625
11322
5574
1001
10746
262
2810
2775
8015
4933
3140
3422
10181
3563
5752
3983
2355
11102
7234
3246
12704
3651
6759
10959
4976
7719
12052
4725
374
9875
1380
10433
4790
7360
8507
4071
7062
12877
13026
160
12315
11370
6988
2575
9182
9515
8876
1167
7430
2852
4570
11085
2570
8865
6660
6363
994
6237
9868
11942
3712
8829
2450
12578
10241
6443
4936
7095
6457
917
2024
4128
2008
11144
10982
10268
8961
8699
11147
4939
11655
3846
4187
3285
11411
7183
659
5749
4614
12203
4112
12616
6454
713
2153
244
1659
2548
7550
3713
4845
6579
10231
11330
8278
9264
9537
12538
1006
2325
4288
8312
6529
8846
3210
5800
3759
12681
5671
3247
8289
2328
9662
11402
12339
6839
7849
12136
6544
4383
4949
2393
6888
4241
5391
4711
11743
1826
11918
9246
1395
2511
3113
8930
5480
10565
11737
2422
8872
11559
11999
7097
5350
4088
2469
11906
6263
3241
3625
12715
7346
325
11012
11268
7313
9252
531
12611
959
3231
2774
9146
12670
8843
12863
1712
3358
3588
3246
11703
11517
6331
12885
11259
11960
8078
3847
4313
10377
11194
4055
8726
2499
3807
7922
8369
2480
9362
4175
1492
3700
8224
12801
4093
11572
11139
12476
8335
728
8866
9747
7256
10395
12980
6927
3619
10823
3937
11680
3566
11783
11921
10052
8171
3809
8516
1903
9076
7381
8974
6669
9794
11725
9479
1821
4603
12470
8666
1713
7483
657
5320
2251
378
10845
6891
12260
5032
6533
717
2817
5842
10105
1784
3863
2059
10809
6844
12221
3594
6267
10945
5332
6631
5407
8231
4965
77
6464
3805
6989
2000
2797
9195
2452
5267
702
8912
70
2039
290
7802
11878
10774
5943
11479
8585
2866
2616
909
346
3765
4110
7297
6544
6098
5654
10203
9937
3583
10946
9203
2863
9252
7064
5909
1992
3185
11131
1074
6658
218
10049
997
5166
2284
1317
4070
587
4561
2050
991
6786
12543
11248
6429
1272
11631
51
7118
3769
5466
5191
2120
4187
6114
460
3697
146
12388
9189
7052
12266
3449
10459
8085
6434
8110
6373
8413
983
2903
3256
6888
8359
12439
11294
8226
6604
6720
12378
6266
6305
6849
7918
1907
4739
8156
1221
2855
1246
5501
8094
8012
12840
8377
3800
11330
8587
12023
3377
9354
6111
426
5515
3937
3654
11412
1614
3203
1482
8808
633
5564
11318
12867
5876
3330
3055
5812
738
4421
12758
9988
3249
2422
11717
12142
5174
10618
7703
186
5335
6503
5227
3294
11616
12713
1683
3590
8654
3064
6044
11770
8285
6351
8008
31
3732
10710
2721
2838
6883
6207
10085
939
7906
11208
11552
1828
10450
2465
4566
6991
2107
9412
779
6760
10108
948
12209
7436
3614
10297
12376
8395
7200
6897
12962
8937
7372
3492
10834
225
833
9754
6802
7557
1087
9021
1122
7197
12155
3546
11483
473
5829
2197
7510
2771
12646
2797
9510
6849
6538
2771
5402
2081
3917
6737
2960
11716
4604
2028
5246
7113
7439
684
2008
7169
2900
4562
5050
1630
2825
159
12568
6409
8560
2796
11564
12303
8272
4742
4861
2926
12650
10254
12256
21
2066
1817
8311
3560
5620
6755
72
1500
9096
10527
628
1171
4823
12990
12938
8155
5780
12540
9631
9539
11470
2616
2896
9780
4953
10492
10848
1599
10388
2628
2711
4366
7605
2571
2262
3171
8157
2690
972
11422
954
6189
8887
11862
5545
7717
975
2530
2424
1510
10367
2774
12556
1033
2831
3716
8947
5832
8325
6534
1486
6237
2661
8778
7998
11660
7306
936
11790
145
11102
11159
287
292
11973
3127
7418
12400
12572
1546
490
1988
7616
5485
10262
8311
12162
12098
12541
12658
12645
10186
8994
478
6769
7648
4246
7574
10333
2740
12543
9439
9755
9858
1090
11089
6565
6058
2640
2725
2716
3932
5680
6641
4468
8335
6032
12111
6539
11341
12780
12374
7620
8747
6122
5918
2837
11199
8310
7056
12547
2008
11330
9935
13067
11546
13064
6162
11142
2582
11484
11785
12909
2247
11377
7765
4426
5446
573
2609
9573
5818
6622
4463
2487
10979
4738
11809
5781
2078
11575
2161
9908
6661
10624
692
7436
488
6810
496
8355
3463
571
2631
3815
12889
10383
4749
4164
1141
2936
4449
5147
3593
6036
4225
12855
11080
405
385
10515
8229
6581
3241
1473
10722
4829
6165
12587
3012
2001
12503
6321
185
6046
7073
11425
4374
2754
13052
10164
7683
8683
5713
8199
6344
9606
706
3224
4179
8271
6921
10078
10463
8659
12882
317
12842
2102
12105
1498
5781
6582
13051
11545
3512
13065
5403
8447
7718
7124
12261
10526
2061
3894
5789
9389
4635
5817
6683
7710
12177
7480
11635
7888
5646
3913
11748
3946
9646
12232
7155
5918
908
3112
12307
330
1723
1432
3576
7354
247
9452
11221
2233
7393
1264
8255
12534
1903
5168
2587
10184
1374
9820
11934
1845
3811
2066
3316
9031
3031
11582
5922
2687
8197
11701
761
4546
3089
6232
7796
1531
9739
10827
11357
590
11262
733
5595
9767
2916
5246
2396
1343
8730
12243
10078
9674
8126
8891
3365
2847
10834
8527
4288
3365
11875
6823
2186
12872
12842
7748
6164
10038
1313
5239
9288
10319
2910
5096
6197
2574
1115
6173
3566
598
11123
8110
2612
9479
2361
9440
10707
7614
4218
932
4305
1973
2243
5502
2531
6962
4105
361
6980
10588
1886
7233
2286
8284
9791
4653
5442
9977
8776
10956
7838
12481
4660
2663
1277
4641
9754
7627
2298
8099
8730
205
12592
3982
2822
116
4381
12623
3231
10
3845
6788
3970
5789
6989
12182
5135
8852
12983
878
4046
4427
6431
7972
307
8462
611
5305
12142
5350
4036
11500
12168
11368
7380
3346
12818
5860
3754
11430
2021
12275
2757
6481
2156
8675
2715
6154
1805
10979
6725
375
7752
831
3404
12760
3068
12050
1044
5187
1537
4786
6965
9182
1548
3695
10000
2640
9751
9618
7331
2769
15
2173
3664
12838
5100
11289
10200
1449
4101
9670
456
1852
5401
4653
8083
6029
11380
9204
5115
8762
11375
10512
9993
6157
7900
7229
669
9237
7664
10283
9315
8894
1874
1859
10333
8418
6003
10731
12189
3457
653
217
4619
8268
12447
7335
4422
9227
1051
7719
3034
4214
8779
6557
8340
8675
3700
6762
8984
11670
414
11933
7887
3249
2093
9704
9984
9158
1556
3107
2584
1041
12379
12689
2812
7546
2052
5675
8726
2063
7973
1837
2878
236
7513
4834
10700
5510
13084
11949
8523
13036
3838
1
4392
6886
7736
8015
3187
1731
637
7251
5861
11039
6697
1137
11591
6687
10643
9062
4427
11893
4028
1415
2106
7836
423
5429
4655
10687
4809
9034
6250
8593
3651
8259
1633
2497
11448
891
7354
8181
6715
5005
7295
6601
12319
8425
7831
7363
6680
11407
10290
9973
5027
5295
4189
7994
2401
4699
5076
11039
5658
3554
7442
832
8826
3078
1589
4188
9884
12878
4771
2684
12749
6134
3430
2676
8520
9134
2901
129
7565
7892
9407
1426
6551
9506
7399
5639
5207
1359
3886
12268
8047
3905
5264
4528
6994
2098
6054
1552
10269
12052
12892
9082
9087
6428
10401
8602
57
57
3747
10999
2414
8846
3402
7112
1244
10042
6670
10746
4202
9896
1602
12305
1913
7907
10115
8149
11398
4030
6602
544
7073
4042
4433
6830
4334
5017
5318
12222
714
1332
8590
9263
1514
10131
11606
7114
5242
3832
3387
275
11192
5014
3457
4316
6025
2187
4322
9391
11565
4086
3028
3187
1220
8940
12851
2370
2605
3324
11108
1727
7456
1070
9850
8956
10031
393
4608
4456
470
8503
12166
12131
795
5113
352
5339
8173
6925
7509
3466
5237
6069
10824
6537
9813
1706
8531
3799
11173
13021
7932
7010
8777
12141
2526
6211
5510
1222
7061
5019
9775
9435
8883
3604
3820
7715
12321
8141
1911
1443
5506
12792
7185
2937
7472
4403
12130
2175
11488
2666
8654
9483
6552
8329
12388
9838
10623
2370
3044
7733
10957
7258
2572
7498
11422
12886
2996
11037
2765
3428
3554
11542
11893
2182
7084
1297
12823
5178
2408
12152
11715
5501
12912
2558
2737
3071
2833
3328
8419
12440
8575
6423
4470
568
12229
13068
10780
6736
8511
2629
11864
4661
2486
12374
1421
6462
327
6131
4749
12355
9762
7849
6187
8254
10849
7964
5996
6534
4544
3855
7470
2951
104
7464
10077
4321
922
5420
11035
10113
7696
10855
7868
2962
1107
11362
8833
7803
11637
9415
3685
615
10783
11424
5822
7794
7518
10814
7180
6444
5825
5139
885
12649
9669
12791
6929
10363
2381
8979
5353
2079
9366
4371
1405
8059
566
2045
7441
7468
6693
1512
2922
12306
11027
9675
8615
6115
13027
2149
2277
1923
3720
8885
9554
771
8802
6665
3029
1553
7253
2110
3741
1993
8096
12471
4908
8723
10619
1139
1350
11254
6718
11780
2072
3573
2346
5767
2508
3564
11561
3947
12541
2935
845
6625
10686
8718
10694
2227
9808
2908
6513
9133
1768
4451
10563
4498
5907
4131
12349
5426
12919
4459
11304
3748
2448
9434
4475
10714
11422
898
6437
4689
1695
1726
2677
315
3616
11885
11986
9996
8469
8343
8885
5804
158
6233
7235
7669
12977
1324
2847
10470
6268
9366
772
8595
2082
2606
459
8583
8860
11337
4611
970
6684
7630
2722
3938
5998
7692
8673
10487
11830
3063
1305
4970
314
7194
11421
8704
12669
12014
10741
3625
12777
3003
4603
11646
10285
3622
7935
8435
9340
6036
7235
88
4907
10169
5827
1414
5883
855
5475
7996
4772
8587
11482
8257
7460
665
11195
4372
6172
6737
2885
2446
2012
4987
8485
2163
4298
9088
4251
11257
10531
12363
10769
6693
10268
5592
2695
1747
6201
1113
6575
12624
8511
9797
5631
8609
10143
9336
9341
3572
6579
7728
8790
10297
1485
2997
329
7564
2666
10146
12223
6448
2076
9187
3267
8178
8129
6829
489
11414
12120
10413
89
3810
3365
10283
6178
6957
4174
5511
10527
10432
2158
11355
7490
426
7840
2085
6793
5855
2220
12896
12404
4476
5359
6660
8932
10451
7349
5576
7300
9098
7213
96
11497
10191
5448
11146
10582
4599
12923
2935
12113
7093
12642
10276
868
4683
6909
11982
7298
5401
1238
8469
8373
12479
3725
23
10086
9279
5702
925
10097
1948
7327
11368
8585
11254
3797
1093
6925
2972
1850
11730
3412
5537
12938
4885
8427
1523
998
5433
12125
7388
8952
10611
10421
6148
9496
12002
480
9213
8671
6429
7461
1565
1577
9834
2583
3343
12771
9608
9933
5253
4845
7016
2842
2123
10537
6098
10100
11936
8975
3644
3383
1108
7731
6074
9480
12929
9781
9837
2601
1920
293
11841
6005
2523
839
4637
11454
1276
9932
11582
4360
8457
9057
9848
9224
3137
7121
68
5045
9959
10729
1114
8387
6262
11525
6959
7027
11750
4911
1887
11054
479
2569
7300
1215
12351
1182
3902
1779
411
3197
8027
12160
2815
190
1311
12148
1777
12909
11464
1588
12060
12092
7414
10050
9548
4760
5207
2630
7393
11640
8602
5748
9675
3787
3194
5759
10076
7943
12946
7866
1962
13024
1646
11646
6570
3691
13015
5816
7729
3238
11880
7439
5718
7168
5537
9466
9179
7587
3775
3802
12010
4424
7039
6663
7143
5999
3374
3249
4479
4558
1930
11520
12627
7775
12894
4877
2731
8352
9541
6
8802
11200
10286
3133
10606
6173
6102
3905
4812
10176
8284
5421
11397
24
11905
2774
1360
3230
4051
11102
10317
7033
7795
2883
9096
10733
1289
6788
6108
10495
3424
2716
1607
1220
8337
11371
12063
520
3395
1349
6693
548
1001
6182
5962
6126
6942
10246
9160
2768
4537
11006
4609
12150
3286
4739
8591
3339
4814
6803
9126
7423
5889
10371
5848
3512
1124
12336
131
4441
8543
680
4462
6482
4691
5991
4639
9787
611
3826
4227
3469
5679
12268
2761
306
11245
5328
8744
12531
1203
4673
9381
8706
11467
3166
10004
5470
4444
5786
12010
7601
7468
4536
1635
4240
13084
3750
4544
6727
10432
6249
12826
3935
6471
921
12323
12073
143
4390
12545
12523
2774
4897
2260
12664
3743
11660
8817
5154
11829
11110
7095
4707
7993
8212
2390
5750
10510
8505
4381
8482
13052
6367
10691
6039
4436
1968
4791
5312
1763
7735
9422
6913
479
8668
7514
3590
2579
13047
3748
9940
3449
9595
3490
5409
826
7726
6248
1558
5382
11113
10061
5182
7341
6508
12502
3154
6611
4551
3148
2448
698
180
8373
3279
741
2951
11606
6527
1257
7623
226
5429
4484
4870
4282
2908
12530
3396
12077
10632
7613
5809
8762
11171
7751
4384
2236
7010
4165
2432
5900
2061
12134
8372
8644
5657
6332
8558
286
10585
4178
7154
10869
8021
6570
4501
9547
438
7189
11057
12183
8404
7552
5636
1465
374
8603
5889
10483
9914
12379
785
1842
7738
520
10195
6289
11048
8849
3577
1995
236
13026
9779
7540
10538
10641
8264
1888
5124
3637
2137
12230
5013
10692
12310
1779
7226
2597
9941
4282
1622
7109
3831
2739
12814
10580
10711
12159
4430
5686
3986
12111
5150
4769
856
1382
9876
7078
3517
2453
2288
12010
11522
1975
141
8038
6012
7641
12252
1657
12620
5852
9875
5686
9264
5301
6968
4236
7965
6986
12512
2756
9317
5327
5160
2199
6695
6190
5039
3275
8958
2164
8495
2899
7655
3731
6734
2886
6076
1743
6808
10698
8327
12216
3243
3816
7968
8711
5150
5130
8957
8670
9812
12204
6714
10915
12907
11318
8250
1804
372
9737
7355
616
9905
7
3236
7244
9342
8455
9019
2194
3180
4559
7800
9292
7324
497
11861
6823
7551
10668
9710
984
3928
7355
9584
8898
7263
7316
9727
1322
2255
11946
4547
3005
7399
5451
7056
11027
10264
2017
6248
11590
8788
3331
9347
11334
1914
72
2553
11840
9196
12091
3802
706
12850
6473
7617
10291
8049
12615
12478
4384
5307
7673
6218
9412
6372
2063
1909
806
1743
8783
11523
6456
2789
3662
8445
7371
4325
6027
7201
6219
59
1666
7951
11081
8656
11499
4852
648
10527
5880
3782
11321
12043
1816
4623
4057
3374
12905
716
10254
2345
5077
1583
218
12008
7492
5605
3515
9701
214
5787
8577
7888
503
1927
8274
159
2578
82
1319
10200
5669
7649
10222
12368
11322
1933
12241
1881
11789
5447
1307
3593
6226
7492
7970
9821
10074
2475
1849
2809
3109
5015
3181
8174
4291
12265
7358
12057
12619
2154
8612
1772
3200
12395
1473
3648
9905
3645
5453
6558
30
8525
9968
2473
12803
2303
1691
10848
2071
8269
11202
1999
1246
9731
3587
5907
4317
8162
1159
11958
2381
11641
12812
6895
1314
12853
1455
10535
448
228
10474
8518
9683
9908
5117
3510
12101
11733
11949
1969
810
5011
7504
5491
1078
984
7336
636
11258
4382
6647
12214
8507
7494
7572
6307
440
4132
12795
5832
4434
11025
12087
11605
7797
12918
1425
1737
12876
11009
10111
2569
6162
12075
7097
12045
8786
2864
10290
5281
12233
1095
4221
3580
12948
10888
2066
4261
9473
12717
2844
748
5410
5947
8089
4237
5368
10348
7289
1925
5881
9816
2711
6144
6078
5617
6194
2680
4785
8850
5460
639
1434
8466
9277
8323
9047
6405
11736
6846
115
12321
5911
6779
12601
7233
1615
5448
11852
5239
5879
9754
5052
5526
7298
6998
1814
4022
9368
1727
4006
4572
11238
7871
2924
6328
11122
1300
1770
3895
7070
4557
11504
3788
4611
11972
3912
10142
7647
7408
3097
580
920
11370
1537
1337
11446
1825
2509
8524
4257
80
2798
10884
147
2027
9936
12723
2541
9973
9894
4425
9031
7135
6453
1908
12267
1353
693
2871
7706
7339
3177
4487
11801
10041
4075
7538
8386
10681
10980
3588
2595
6034
438
9207
11007
11408
7018
6605
1741
9543
10546
3411
4056
4889
10431
8652
11997
3172
1834
498
12421
4281
2221
10332
4514
1970
2519
12941
5055
6217
1021
3789
8266
1742
5271
3024
5590
3465
4946
12166
5522
12385
10509
1524
7296
12693
432
10454
5405
12886
5039
10767
2284
1912
8603
1814
2001
4478
962
13092
8084
4309
11779
9895
8190
7433
12203
2517
9445
9993
6626
11441
11861
12153
10257
5630
4615
5040
9404
4795
284
8848
5506
11965
11399
9896
10052
10593
10355
11228
11037
818
8829
11493
2295
10003
3288
1515
5386
6678
9148
8433
9451
3603
10742
922
9173
5941
5484
3469
11710
2976
1662
3262
6058
8986
8197
3101
6263
7605
3142
2140
10775
1580
10911
1633
11687
10789
11669
3412
12333
3382
10631
5176
2417
6966
9996
2219
8659
1943
12155
18
2327
11949
6520
8763
1419
1878
5457
10542
2857
2258
10511
7712
11553
8050
12893
13085
8462
10528
743
1776
5955
2220
1936
1133
964
693
4165
7732
7415
9755
8149
2379
7067
8387
11
2037
4500
1438
3669
6384
8836
6847
7646
10948
8539
3646
4520
9812
9341
10608
4812
7127
7999
3546
10852
6495
9895
9527
965
2202
10469
3371
2071
4945
2863
10207
345
6589
7510
4935
10963
8065
7623
11875
5954
801
10312
10385
12675
7456
3836
1885
6316
11334
5162
5560
5411
6914
12631
1618
36
10522
12232
2259
717
8577
4761
12838
3340
8040
8056
3519
6457
9928
4643
913
9912
7543
9794
12648
34
5947
750
7975
11486
11560
8335
12670
9047
8094
11514
12569
8414
12548
6402
12923
5242
3609
11392
10426
6570
9788
6617
12448
8522
9035
8936
12687
3
11616
5938
10167
5755
12246
6398
6578
12281
8000
228
4187
7395
10030
4565
12722
7469
2344
8449
4357
10284
5557
11166
11093
9784
5053
5362
10432
1974
5051
3126
905
10352
13097
592
12987
10669
1848
5620
12579
11549
4217
12364
729
5110
2741
10860
10948
10513
7304
11506
754
10421
2557
4780
3594
1306
7146
8967
5884
1161
4999
4517
8505
7440
7974
6148
6917
4466
3612
8424
8650
11179
11057
279
6305
4072
2043
2756
12315
10722
12078
8408
3956
11189
9647
11366
11620
3825
3084
4990
1893
4629
8233
7539
1539
7274
6908
12946
8634
10031
9341
3751
2029
8387
4053
8062
10577
5485
4745
9601
1533
8915
4308
7800
5156
9875
9635
10090
5051
5172
9428
1785
2765
2778
1621
4700
4347
2908
224
5587
7424
5061
12964
825
10211
7705
8011
3670
8232
6370
471
1600
12072
185
646
8371
1629
7526
8943
2038
7367
4104
6063
10731
8874
12646
8198
608
6779
3131
5150
12871
119
9265
10302
10616
8915
2266
6042
8059
11881
10307
4341
11989
7188
1255
506
8095
8561
8804
10326
4789
3711
12273
83
12083
10944
2963
3391
4318
2833
4805
2302
6983
1278
6628
9606
10054
3189
11067
2695
6972
11465
6629
4951
11338
4975
4902
13060
9434
6134
12843
728
8538
13000
12209
7516
1984
10395
2119
975
7397
3192
5929
12521
12896
3800
9228
12052
11613
8479
10033
9169
2702
1125
3357
10429
4260
1039
10116
1351
11239
8366
10436
837
5743
6725
10118
9161
1741
7107
8735
3328
11681
4733
11717
4700
12983
2549
131
1979
11137
9647
1611
7366
9121
9449
9335
7180
7602
4581
2983
1879
10303
5414
7685
12501
1089
11753
2858
986
8510
11074
389
18
2718
9800
4847
6662
4599
757
10788
3339
575
12358
884
609
11274
2198
7797
6548
8424
221
12123
9823
4541
5841
7576
322
12851
1210
9821
9183
8341
10146
10579
3569
5487
4584
3494
4164
3564
1981
5291
272
738
8540
7558
2240
12302
5884
5636
11160
13073
7959
1078
7943
263
12803
9638
11051
8351
1575
9883
6809
7361
8133
8326
10721
9908
5659
8140
11231
7086
7430
5930
10
11779
12791
7231
8488
8411
6395
12015
3511
7976
5484
12111
12402
6466
7460
10114
9428
2051
3815
8189
12389
3372
10859
6983
12303
8388
5167
10265
7260
2119
8662
1850
1648
12232
3733
8561
2376
1754
2622
3445
5082
7099
70
8722
4286
5469
11512
5877
3590
3131
9716
3337
6423
12281
6430
5648
6821
7415
7824
1917
1046
1574
6346
8682
3037
1835
3622
7727
1661
9278
2927
9696
4464
5691
4083
4557
2741
6802
12813
5346
9786
11058
11135
6527
10051
3213
11315
5718
10606
583
12574
1250
3745
1726
9589
6460
11738
4790
1226
5809
2258
11830
4332
5566
6017
825
4174
9360
6273
8256
1820
9515
10000
7967
10177
4415
3961
5232
8318
11916
798
1148
11094
702
1815
7203
3585
4093
256
9233
12376
4820
2934
9468
3675
3344
3351
10732
6132
7803
7483
3265
3339
9547
10053
3031
9094
10042
9522
10952
6107
11836
10768
2210
6497
11549
1767
2843
6672
9018
749
2259
9194
9968
264
1580
4393
3590
4206
10629
10507
9063
3614
1198
13011
8345
8292
1560
11560
5237
626
3724
10907
11408
9781
12495
11548
3891
7090
9622
2243
8002
6791
4349
6071
9726
12925
7304
2549
9408
4596
7764
1846
7175
10748
4646
5414
12246
12748
12730
10874
2264
9014
1480
9794
2700
141
8468
7473
4446
3498
2239
3275
3175
5061
7368
2182
11804
7308
11559
3783
1791
119
10036
7558
2511
4046
976
12268
12931
12904
12507
5705
9708
10678
4606
7784
314
8740
10190
7739
4040
1857
4707
8255
3263
1874
3807
8129
12904
3465
12303
12207
10863
8222
4442
1844
10818
3111
7388
3875
11238
3428
11652
11732
4613
11994
12437
11818
4099
12460
5164
12434
6577
6248
12209
3460
3621
830
5971
3225
11577
8443
4887
10144
9037
8844
10142
9007
5713
2781
9218
3557
12194
263
6366
1612
1933
10747
6213
7128
7389
11085
4644
10372
8572
11928
3764
2554
11713
8719
3677
12935
12327
6642
12447
6068
5693
6106
11367
11116
3611
1453
3750
1905
12961
7140
7201
3594
5002
8181
7466
12233
8330
11144
3368
7845
9441
8879
2599
134
10295
1634
3336
854
9095
4677
5457
7859
9690
10723
6520
10754
593
2950
5043
2853
11186
9201
6021
8391
9533
12249
9221
8943
2114
8362
8401
10251
12457
9646
3485
9434
3630
2915
3104
4560
6660
12623
10883
443
12037
1869
4265
5240
3998
8215
2540
7996
12105
9800
9511
7952
6833
6613
8568
1949
9612
9141
7190
12479
6145
2114
8794
9509
9099
1660
7305
7256
4510
7649
3222
2167
8287
13031
11903
6485
4230
2740
9036
7066
526
9448
1503
12397
958
4068
4072
4619
10533
5795
1901
12992
2386
10734
3586
9856
2767
7640
4753
12696
10352
2782
6444
4411
1544
10643
7927
13002
10109
10819
12660
4670
10758
1387
9007
9910
9983
10208
4706
11899
8155
2221
7623
4224
11043
7792
3726
11812
12297
10228
221
5630
9916
1805
13012
10461
329
4141
1617
4546
5717
904
3107
10391
12052
6518
5321
10329
2797
1853
8664
5936
12830
7190
5862
8589
6942
12436
12284
10630
2152
11823
6641
11198
12869
6546
12137
2364
6191
591
6990
10511
11619
3813
5126
3083
11711
4874
7943
11915
7675
1537
2526
11698
11835
12441
6801
12020
6116
10739
6813
5814
8845
10633
3536
7502
2931
5108
12367
9756
1863
7712
1848
6463
11364
8097
11328
2618
8060
4091
8204
9977
8172
8113
1801
4444
9685
12403
10438
8994
10660
4929
1065
10987
3927
6353
8549
11404
468
12146
12893
6587
8312
1418
7659
10943
3383
10883
10186
10882
1566
4884
4697
7044
6696
2564
6377
8761
10873
9377
3762
3869
2582
4726
3535
8490
7971
4448
11496
7544
3143
10805
10986
7609
9749
12111
4674
8237
5661
8390
9691
265
12060
5213
11023
6375
5141
10960
6993
6515
6260
9452
9330
11449
5115
5761
5231
10428
5672
9605
5728
9995
5930
10290
4199
11834
6849
10548
593
8924
225
10894
1765
7923
12443
322
5406
11821
4590
6472
9071
8697
10883
8184
4943
12964
2054
1597
1246
5639
7237
4331
2963
3897
6936
867
2263
1523
3420
8414
8755
854
4077
3104
12047
9215
6220
10053
2747
9595
4211
3077
7265
4839
11517
11182
1206
1729
4147
5102
591
1208
8938
1468
9362
5143
8416
7420
658
2835
9606
2403
448
1704
618
11681
8223
4660
1989
9998
4067
3073
6761
9412
1836
2110
3858
10292
12085
11196
703
4422
6256
1753
3525
2980
4133
11209
417
8688
10604
1550
3426
2705
2316
7706
6077
7703
11416
2904
1419
3158
7497
9537
10341
11679
120
3686
6071
3837
7838
8481
725
8862
4626
3153
7620
5201
2870
2396
11764
4746
7416
827
8096
4203
12143
831
3958
11868
12213
982
2030
9947
11741
3434
7750
5817
12138
10650
7008
5317
2408
1176
12413
10045
4766
680
2480
1612
4739
7486
11888
117
8012
11697
2495
7838
12547
7226
4661
1560
1838
3956
11692
9572
5519
3684
3964
3511
5590
8993
9348
7850
5393
8075
7050
357
9157
2396
1644
1324
4320
1164
2012
1735
11878
4061
7597
2278
7525
7954
6639
201
8354
5855
1030
2399
11093
4239
1691
1354
8924
4889
8185
6464
786
11505
10577
6567
11983
183
9854
5302
7901
13085
11339
5977
6791
12609
4919
12672
4484
6235
5590
1310
5792
10552
1265
5847
12624
12620
4795
10478
10738
12019
7972
10933
6532
9108
5114
12939
3582
13012
11050
7762
10210
10599
10457
7258
8254
2241
7390
6253
6607
356
2128
5441
2680
1595
6547
11069
2966
7130
6234
12533
516
5717
2788
5304
4279
12491
9326
470
624
4343
11208
10213
11246
11939
2745
12578
9360
11101
3974
6947
4912
490
3178
9710
6919
130
739
7017
3769
9023
10027
8665
1836
860
12122
11300
4896
11850
8538
5328
3991
4574
5540
223
10152
11797
12150
5157
8794
13032
7693
5177
11662
8575
1473
11831
2906
872
1542
8786
12142
3165
8438
8992
4361
5967
7138
6700
776
1421
195
11912
7359
8419
8087
8777
2584
2736
8370
2580
11616
4454
10370
1741
12936
1168
5186
10935
10587
12378
4033
1046
2969
7735
9990
7162
4930
8807
2919
1130
8701
5924
7382
6020
10783
10262
6913
10271
4710
4645
7228
8582
5448
1086
998
7987
12749
9106
2741
806
5178
10199
5370
5614
5803
7833
10563
1730
5346
2194
12923
10192
8791
11357
6799
3454
9603
6151
4621
7482
5857
8138
10884
6774
5399
6347
8514
175
1530
10250
6802
3535
8733
4258
3063
3310
4001
1764
9921
7820
9322
6826
6704
615
8051
11657
7431
1718
8969
8638
6132
12794
12266
11174
11195
7362
13004
11191
2832
2900
2355
2297
4548
5808
6901
8375
5479
12574
11681
7434
8243
1137
733
3151
6751
2502
1784
4839
1546
50
4487
9993
10064
12793
11817
9498
10755
3408
3814
7658
10639
6433
8102
55
9285
489
5599
4897
1870
4868
10541
12754
5626
5489
3129
2555
2738
8563
10043
11049
2131
5853
12247
5573
3569
12936
3690
10098
1159
5272
999
5215
1515
4907
9990
164
1292
12460
9903
10969
330
81
10644
1458
843
1898
8999
5583
305
106
3390
5811
9122
4850
8965
6253
9273
458
7343
3572
4327
2561
6065
732
5841
12216
8345
9748
5128
11847
11681
1631
12129
5681
1951
176
10663
9867
7675
9944
6425
2033
10674
10861
11103
1535
3946
5726
9325
10400
1110
11421
2709
8
9301
9479
12452
13058
7283
5868
4385
3032
9065
7127
7556
8922
6899
8713
12575
6300
2624
6977
11995
12397
198
11773
5851
3488
10898
4855
665
8634
12844
8300
9952
2129
571
12089
13019
734
10034
12371
12114
9635
6377
11845
12993
6359
2123
1455
11804
7904
5978
3866
2922
11343
2580
1231
3411
5072
10035
11209
4119
7652
12950
5398
3419
7734
13043
267
481
12726
9009
10370
11252
3406
3666
11725
8099
7777
356
4929
6535
254
3353
8033
4115
5104
8597
4944
1872
10335
5306
7916
10931
4634
8425
6753
9253
11462
7146
2399
3489
10583
7455
8597
3297
11143
3195
6399
4987
7755
4347
3013
11522
12116
7098
9099
8711
4233
6173
636
2355
11549
1329
4431
324
5432
9385
7032
8490
11597
12537
2967
1364
5257
5167
12968
2804
10823
7362
3503
9200
7253
4629
3704
71
1841
12014
8095
5537
8163
5335
10800
5168
5452
5613
9933
427
7225
8016
6630
10430
7999
5030
7268
6908
2047
12732
1149
9567
4095
5688
8927
12498
1004
11999
1264
3679
1911
2613
7647
1863
5704
4589
5885
5527
4185
2189
6641
2479
1276
3361
10283
12423
4129
11109
7262
11423
7293
2558
3077
702
5078
11923
234
707
11398
2410
3312
2439
5984
10890
3485
8163
2164
2023
3494
6977
5701
3674
9856
2934
9129
12231
349
269
3112
5439
20
4488
11259
6251
12355
5290
11140
6294
1065
12023
4929
1337
1505
4667
126
9217
7542
6912
4592
11767
5312
1633
4526
411
3948
3101
156
2878
5647
9119
11830
1528
11594
3175
212
10152
12835
6066
11085
3948
7201
10911
1852
7733
9707
835
2316
6908
6517
4598
11603
2422
9754
3997
7491
4808
10674
3425
9388
12089
3328
9554
2677
9977
103
11571
7411
9292
8426
6671
641
272
9041
1553
3118
4694
5211
348
7705
3851
5343
3510
8328
6061
7541
9514
10193
118
10857
6969
5226
8389
6125
850
12329
6946
12537
12709
10314
9325
7441
7808
11009
461
10114
7606
12163
9367
3307
9418
12596
3360
12175
12918
1916
10983
335
10798
5394
1957
11104
1987
195
9059
11750
6309
10238
6251
8333
6855
2451
12333
290
12279
4205
1234
10022
3928
4642
6684
3744
2441
7863
10773
12470
2473
10673
10197
12741
5057
11798
1937
8208
6131
10629
4016
12710
7177
12273
12429
2457
2488
11389
12320
12892
10161
9808
8220
6733
8560
7314
655
11859
13039
9485
11413
12719
10766
2956
4855
408
5453
3243
9845
5175
10125
6699
1564
12969
1334
587
8645
9775
1317
10054
535
7751
6035
6415
9111
3428
5581
6949
4895
8909
1176
8508
5877
7508
2842
11633
7483
936
5050
4997
10436
12374
4464
10777
12714
1534
4650
551
1214
2390
11217
11706
8341
874
1642
6694
12562
5365
9000
6164
6274
10744
8537
5194
8481
1187
8238
7568
1431
4972
8522
478
10832
11243
12556
533
5410
8425
5863
8474
10331
3446
9322
10036
8196
6404
5868
5791
10059
9324
5513
2620
4696
12893
11079
7215
11344
1604
5211
82
5431
3339
7552
2636
10702
12637
9644
3101
11098
8549
9088
2901
6065
12181
827
3734
8583
5173
4408
12797
5362
5757
9041
12250
2112
7427
11435
461
30
5409
4319
8713
1985
10976
11137
8969
3410
7008
1713
1966
10615
6194
5847
3504
4107
5540
11617
7715
5249
5680
10866
9986
9801
7223
8714
6098
6486
1269
3444
2541
2005
12534
2805
7301
308
5811
3039
10384
11241
5984
1921
10046
8110
10898
12109
9021
4206
731
6953
12372
943
4365
13045
4818
12455
1617
2957
11087
2040
3953
8350
8700
12607
7842
4080
10942
12372
6402
8863
12957
3312
1063
5505
7047
6642
4179
406
1432
5810
11814
1669
11259
7295
12160
4907
312
10488
2601
7293
2813
12170
66
1207
1778
497
3709
11291
7728
6851
892
6401
12442
3898
1403
6488
8787
7018
6601
3749
9387
3340
4233
11605
12298
2816
9214
6161
3060
221
90
5946
1544
4740
3330
2622
2297
4187
4999
5697
5126
7708
6176
4877
1608
8037
7178
4130
5364
12825
1003
10126
6254
9388
5024
2693
2210
7163
5050
2194
5999
2052
9577
524
7439
830
12526
9416
5231
418
10597
11922
10623
11549
8793
2404
11837
3345
7654
10453
2011
11320
10721
925
9697
3056
2599
4431
1934
5241
13090
7996
2207
9030
11416
11334
9543
12741
4892
3775
11439
8607
2386
6387
7342
9788
8078
3752
12146
7480
11636
3034
8093
207
4654
9236
8272
2767
12487
7859
9051
12898
12893
7250
441
1775
1242
216
11122
2864
12903
11903
3045
10947
2574
3966
1352
8427
3201
11323
7066
907
8645
7424
5539
1450
1528
7983
3565
4997
2795
9392
6455
6547
4437
9849
4096
5837
8396
11784
11850
4305
1768
12083
7806
2147
10310
8579
7293
8908
653
3144
7005
1310
10725
6719
2545
2521
6897
12484
6877
1096
8260
420
5224
1529
4782
5306
5442
1950
776
8349
11562
6956
150
4289
7011
4959
8280
2223
10318
8434
7854
9812
5542
2361
758
7311
10916
8402
10063
8418
7899
3805
11316
10170
12381
4161
10061
4198
12793
12399
10901
3957
8111
12765
12505
9726
1036
991
3966
9836
711
9813
7732
4403
4884
1142
5454
6657
3049
6945
9390
3467
6321
5405
208
9878
8855
1455
972
12392
11222
8568
9984
10557
9598
1829
8196
12383
4594
11904
3359
5503
11924
6868
12824
7323
6413
1497
8713
2214
9154
8317
11620
1117
1587
9920
9064
5248
5394
12244
6323
10541
9924
9424
10197
7482
13023
232
12796
4197
6524
4942
4316
2904
8905
13087
12488
7371
3628
4291
1345
10165
13098
686
2774
5095
4068
3539
2898
11912
11539
11779
7248
8280
9243
7106
7779
4046
9496
6504
7800
11299
6275
12233
8017
8871
11604
5980
10407
3849
2271
2692
11009
3943
9251
5475
9688
6860
8383
43
3665
7486
10348
2994
5478
1750
10917
5815
2704
4754
1051
8026
11682
12266
9508
8723
11746
11078
10154
842
8163
12078
11058
11705
6122
2615
7221
6920
6585
12914
7914
2994
5933
12405
3215
2917
12835
6543
2269
7075
1949
11420
1399
7327
10731
11954
514
5124
8010
2057
5125
1565
5369
2071
9160
1959
1079
7595
2721
4469
8533
1441
8841
9907
11416
4329
12842
7904
1542
7655
9733
8394
11623
3798
2090
1448
11666
7134
3648
5742
10893
1911
11043
4605
5858
10944
9601
471
11274
12636
2211
648
12996
110
4528
11804
6853
1448
13067
4518
6253
2464
7496
7243
5877
10618
6022
10786
218
11008
447
2198
2024
9302
12654
1100
8029
431
9188
7096
3172
10988
8860
10752
1700
4485
8894
8334
11793
837
8641
10692
2743
1023
1071
1789
3718
6244
573
3605
3649
756
11214
2792
11718
11220
10210
4690
4927
2970
8211
12742
262
12987
2298
2420
8949
588
8868
628
4075
12968
1081
12256
12351
12315
2243
7821
11639
1775
4053
479
869
11208
7783
449
438
5340
4577
1506
10827
8988
11500
2410
13001
317
10646
8302
8456
9883
3900
6542
11020
9034
714
8025
8654
5482
9505
12533
7443
11077
8442
1250
6381
2763
5251
6533
3481
1485
5914
6951
11564
2846
11018
1966
3307
1829
10410
3192
9581
6559
2393
7147
880
3053
13059
775
12718
544
12891
3345
10418
3956
2312
5607
666
7908
8998
45
9417
5296
1385
4295
3175
10951
4871
6047
983
12333
6677
9808
8314
7527
1378
12068
9818
5656
6717
5074
9421
1154
11187
4
866
1493
7123
5727
8572
601
870
677
9610
2788
9105
6802
3740
1628
946
5476
5144
2463
9
9957
3537
7908
4661
98
5760
875
11273
3430
2897
778
7973
10059
6876
3964
1898
8983
7981
11430
6702
5794
2997
1347
5331
5953
5980
1553
3052
12890
73
6964
11346
2646
8478
7730
6917
11462
308
4654
44
7962
13031
8362
11401
1667
53
4163
818
8507
8856
1456
10817
11263
11457
7305
4710
4448
10113
6343
7640
3909
5148
6713
4257
3166
6801
2729
212
8467
5549
5702
3740
6654
542
5737
8840
9269
11859
2750
10487
10733
10048
8906
1495
12451
3741
6523
9896
1822
7669
11737
6555
8465
9876
2115
4947
534
5036
11545
2169
9801
10784
6496
8312
5813
5859
3977
12024
1193
12592
11821
2545
5082
8707
931
1073
4235
6300
2686
497
2144
9714
7710
7427
11906
6478
1676
689
11596
7488
4744
10565
2367
1594
5661
2221
12896
8403
5875
8300
6613
11656
7606
12155
9283
3976
3274
1005
12765
6011
9662
8234
422
2742
1735
11088
11319
6769
4933
1205
806
2690
224
12875
6059
3168
7857
2561
11544
9382
3143
295
8738
438
4059
7563
3873
121
6674
4295
9938
10299
6500
12279
2625
12728
3360
6474
6679
6871
4166
966
4432
3207
1694
10701
4809
545
1059
12736
890
12686
1365
9342
9954
953
10363
5661
3683
5631
5077
6409
4231
7112
8957
4137
7503
9574
2109
9088
12597
1467
12568
7163
9986
2363
4129
871
2202
8827
6851
1122
6311
9406
659
3528
10253
3612
8685
12039
5372
5299
1226
3215
3649
1436
12992
12289
12356
4952
290
2880
6486
11168
4940
12806
8886
7566
11799
8345
883
3048
326
11365
8238
5188
9248
11463
4843
12795
7278
9785
12316
11614
3265
10121
12695
10403
274
1785
3341
7283
10498
5642
725
9734
6174
7514
6392
7628
6653
11963
5419
2116
2844
10585
6288
11868
2836
7850
3492
9056
4174
6124
7973
2856
11962
9267
9631
9941
2253
8546
10880
3629
7593
9645
11836
8889
2819
8904
11487
5452
9405
5304
11505
8382
3199
9235
11118
5824
8066
692
6135
697
2698
5261
12611
10314
2848
4499
1565
7007
4788
8156
688
1965
11328
2180
6353
6339
11871
10726
135
5973
1794
11359
11204
11336
3500
6412
8773
8326
9291
8668
7009
9570
5488
2845
5158
9254
11549
8398
2559
2501
2660
2152
11373
8852
12524
635
6593
5299
11330
8407
1222
1834
2599
10334
1183
600
6062
4682
8373
2008
7564
5150
3353
12408
4093
9481
5239
8878
850
12484
10034
6993
6087
3665
9560
565
10025
8185
12575
757
10467
3174
2179
887
9606
4317
4823
2831
4463
10254
11779
10347
4004
3177
12957
1186
4231
8466
2893
7658
1118
5501
11332
12302
7582
3470
6216
6298
3590
9596
12778
1355
156
9638
8484
10350
3233
7350
10043
5944
4662
12702
8966
10583
7557
6276
12394
8396
3147
9112
7514
8566
2507
9317
7122
2752
8299
4137
12557
1800
1984
12819
10161
3673
6053
9566
5801
11945
6438
12670
346
1211
5755
1987
12637
3674
4990
4732
2054
5261
1512
4744
3247
7299
10833
5319
1822
7292
5205
2812
1845
9185
10101
3759
3782
9560
4918
10961
10118
357
2447
516
8206
4756
4977
9667
9299
8348
4066
720
8552
10466
8165
2448
9300
7487
7606
4426
12178
7258
7402
3361
9662
2338
6299
9010
308
2096
736
4554
763
1989
8087
5891
9880
3079
5971
2816
6933
8446
60
4647
9600
1255
12498
4375
5272
1695
10348
9244
11497
7423
5021
7173
11681
3452
697
4555
3481
11168
7543
6703
11877
10288
10195
11600
12468
6060
12354
7065
10594
6888
1391
1101
7032
3764
3331
4105
2850
7906
2949
10098
3286
2732
973
4312
4423
6837
5808
7952
10756
12320
4126
925
11553
10255
8683
11307
20
7688
1481
12769
9918
12155
6234
8434
5908
7953
1193
2744
8405
10750
7483
10383
8716
9796
9790
4373
6622
8405
10543
9530
5728
10839
8115
2620
7438
1796
2800
11056
6140
6290
7279
6897
511
1222
1340
9989
10349
695
726
10175
1199
2751
10632
10939
9326
2423
351
3267
2986
3028
4579
12080
5491
3233
11907
3519
8718
5438
1926
12935
9004
8688
12460
845
2893
6233
2672
7786
8890
9553
3158
5150
6959
2750
9747
5836
1249
9658
6136
13020
9382
864
1458
448
6357
6571
3595
5489
7311
9519
222
11939
11910
10013
9298
7649
12867
4193
830
8847
338
3399
6499
4734
8442
9543
10027
3002
12787
367
9945
9689
10183
3362
9163
10665
10734
3787
7213
3238
12221
8841
12849
3393
3284
3168
5384
10354
4563
10626
3039
11509
10017
11974
10100
4124
10547
11824
1543
4251
11641
725
10882
2829
1942
7031
13042
11630
756
12375
3501
2913
714
12745
5652
5408
1797
3412
10509
10031
9583
11037
6075
10676
5163
9701
5275
9587
4387
11699
6157
3809
411
8751
12445
2283
1607
8176
4175
1208
7233
10919
11022
11275
9408
8719
12504
11930
10635
3390
10680
6671
12712
7290
8977
1774
3252
4422
10800
3895
1738
2897
6170
2003
1038
6392
4868
9900
1731
5332
10956
11814