3726
13251
8275
802
2627
3653
1388
4360
6609
6197
4046
7552
13524
4638
11835
6579
10058
12261
8046
10820
2634
729
6428
1589
139
6606
4735
2184
9483
8529
6676
11385
5056
7891
10050
10676
1564
6123
11244
1884
7622
7439
11293
2079
2857
2889
10059
11469
1009
1391
8456
13342
12951
7524
2017
13505
14827
7495
13239
7277
5116
9937
8072
3846
3367
8568
5166
8367
8390
1110
14216
2623
14360
12784
11725
3613
13039
13491
1584
4687
7003
11309
11605
5200
10579
11993
3120
6934
12288
2013
3864
11988
6062
3235
206
8367
10222
5614
14634
3656
7764
11542
13780
6692
4699
6692
13663
5230
11888
6710
2350
12086
11525
3619
343
3715
3801
9261
14024
14622
10786
13646
2543
11561
4624
3716
9295
11074
8554
13404
9296
3471
3986
10582
12145
6474
9447
2530
5075
7239
12308
5170
8601
9564
2929
11155
3626
12957
384
8664
5681
7309
7682
1653
12189
7977
7822
1634
2619
1768
285
10053
11312
4522
312
10694
9145
7881
9367
8979
4089
1362
6750
12681
11531
8966
8315
8654
14345
6294
6983
14749
14398
1074
1399
10028
3514
10538
7524
12423
1824
12308
5262
556
13844
391
3315
5039
322
4245
5062
13475
9770
6490
7639
1978
6649
1251
2030
9653
725
12760
14150
11121
12532
4276
7965
166
12898
6667
2630
13248
10281
9293
3274
8300
10511
6924
4079
14111
5900
11505
12554
14593
7100
1201
11218
7610
6263
3866
6688
13628
3186
9791
8230
11737
3244
105
4567
3549
5724
3985
10049
7083
739
3525
1411
7380
3573
1651
706
3850
11897
13565
10467
12511
4329
10784
4765
13346
735
3996
10490
5354
5943
2468
3330
8042
315
367
3537
1756
146
132
14304
8711
10307
13872
8887
6401
4211
1873
13173
2716
10792
6333
11969
342
5743
6700
1357
261
12445
5744
14805
13639
14092
5538
4589
3971
14407
12907
195
3131
12872
3750
5802
224
3475
12244
7797
7452
7442
4702
11669
5186
36
13240
9860
6597
8820
6112
7802
14741
2605
11672
103
13374
10246
10635
3955
9589
3075
12922
8624
3998
9215
11397
13632
2037
8367
6456
9707
7010
7522
4370
3073
3993
46
13972
4932
5722
11201
11757
8487
4743
5081
11130
13468
12093
5029
9237
8015
8055
2944
2394
579
9475
1151
11304
12996
2282
4259
7489
14864
614
6810
4081
2669
9811
5259
7643
10098
5973
9561
11654
8970
8340
8090
1272
5626
3991
14776
1241
12507
2980
6083
10314
6748
7210
6528
14305
5296
9031
14239
10456
5813
8372
9000
5077
11157
5477
3894
1760
6923
8489
388
3032
3454
12498
4445
8857
11552
6319
9083
5071
3692
3316
13909
8188
9721
4027
9343
1085
5562
561
12560
1604
3756
10972
6868
10871
7132
4481
9470
3542
6714
544
4423
9520
1938
12631
5335
6124
10385
685
14829
14793
1313
2421
5035
125
12698
13635
2075
6437
14538
2701
9751
14528
680
9524
9216
3721
9808
6218
4073
10301
2386
12546
8039
3817
1281
2184
10554
194
11681
12633
2538
11099
14235
14226
14679
8668
7322
13601
14551
1851
780
7384
5403
3105
14605
14429
14017
11367
3021
12426
3142
12392
2249
12094
1755
238
11812
13034
8882
7493
3091
12286
5897
11917
9300
2313
13864
6247
14055
11190
13097
984
5444
13476
5261
3205
12923
11727
2403
8333
12246
13940
12625
13297
13118
2052
10178
5844
7644
10917
12031
4720
13408
6552
1020
8506
4584
994
3161
10917
1799
12202
6713
8953
2637
4853
13598
7430
46
3541
9444
4256
11851
8130
3219
11921
13455
1778
3520
3730
13614
14471
7781
7918
9059
8575
13265
12539
10784
5941
6066
13825
7410
7437
8001
11323
11652
6392
7715
10397
8462
9867
5935
686
13309
7173
3371
2786
54
6301
3967
9283
16
7380
2342
11948
2532
3476
8776
12274
10789
7303
13509
5183
10045
11646
9230
12247
14752
12711
4088
14102
10925
8990
8584
5184
5093
13090
867
9937
9292
5709
12759
11036
54
939
12801
8020
14092
12737
3278
1667
14652
4917
8931
2907
12535
2271
8930
9583
565
2722
8438
6733
1393
11101
11098
11868
11121
6646
6132
4661
13092
13705
7781
3357
7069
4360
12310
10813
13625
10682
3937
106
3223
12762
2506
6266
1215
8085
8527
12340
4857
8247
2011
2738
1075
5329
5598
12728
2558
6139
1315
3046
10947
6995
11049
883
10259
13963
10160
13646
11058
2180
5611
7928
12818
9882
11695
11203
7786
12702
14564
10128
2283
11363
12037
443
5419
2385
14590
12766
13223
2008
4085
10551
5023
5216
11760
7609
709
8996
2254
2244
4522
11210
11083
11903
11318
7250
8317
347
7441
1278
1164
922
6126
14185
7210
4459
1439
2753
12216
868
9496
8992
12480
3772
2669
9362
13218
1414
13590
8514
8462
7275
807
13051
12693
1845
14780
3122
616
11868
13002
9950
10932
10020
1428
3073
316
11948
13133
179
1880
7056
8909
9322
1766
2040
1557
3362
9202
5104
742
4012
2419
14831
1760
12523
14660
6737
1858
11144
3272
4074
4891
7652
14732
12445
1315
13575
8734
1673
7964
10421
10628
442
12293
5620
11413
2983
14878
11810
2371
5743
10137
6884
9591
10843
4519
8710
7996
8667
277
2328
9162
6322
14726
11999
11332
9243
9971
7076
8044
1799
14007
293
2580
3397
8991
2214
9454
5961
7885
9009
5711
5010
4820
9620
2935
11170
1230
9457
6628
3205
8386
890
6809
11851
7645
6650
12642
487
4601
9309
121
14510
14218
1500
11859
4853
13196
5312
11688
4557
6087
4031
2103
2242
1830
14616
6559
14073
1628
2817
9369
7942
6748
9394
12956
5080
12205
12093
12806
2586
4486
1351
11617
8320
8313
10342
11361
9767
4227
7510
4492
11245
1332
739
2221
10057
1679
2244
11939
8050
10076
1698
13352
11396
5715
14750
14767
12426
13946
4975
2363
9047
4588
11728
10072
3219
12578
6467
14512
8809
13477
2834
10321
9243
14481
4224
486
776
8184
529
3145
13969
10379
12927
14605
5694
9340
9841
13399
7742
12622
8221
9800
9274
11901
293
1792
6137
6584
4343
10489
7697
4174
3477
6872
1325
9695
5651
13907
4789
3019
7394
4981
1708
9000
10437
11083
4402
113
13538
11081
14310
10811
12414
9695
5002
11236
12441
7231
11311
402
5570
5956
2695
648
2989
4178
5525
14007
8221
6633
7518
7826
11213
14664
13458
813
12561
11872
9079
163
14594
10353
14820
12321
10297
9521
9965
11545
7613
7492
8011
11718
148
4575
6531
9386
11463
4088
13889
8944
13233
5973
11506
2174
1090
267
6397
14857
5923
14143
8408
4644
5518
1320
7624
4422
11083
6463
1945
7865
8355
2201
9288
9987
666
1327
10661
10023
650
2635
7206
10416
1954
6522
9451
4376
7373
3421
11399
1379
3010
5188
13272
9675
10337
1997
13702
5332
4962
3783
9139
12137
243
3690
12262
6664
5064
6179
805
9806
387
13859
3504
2655
6691
8335
1740
4623
7297
612
7388
4511
11520
11640
881
4073
9928
1185
4319
14804
8718
12166
4782
7618
6138
2373
14414
3634
10995
5521
12329
1404
10864
14224
3603
13204
4837
5427
11482
13394
10778
14707
35
749
6543
4311
2525
12274
4492
9347
4981
7853
12888
6866
12177
2767
598
3396
9266
5794
13089
1492
1522
14447
205
10723
7636
8833
12818
1765
13684
14034
8235
9012
1595
5231
10224
1245
3908
6358
4666
700
5755
13560
394
2310
13623
12676
14891
11135
9064
12070
4874
8339
11774
2222
1736
12887
11991
13922
1783
9296
1509
13288
10327
4212
9992
14130
11534
1182
14684
9013
6501
11042
6003
8572
6853
8572
6552
3076
5854
4614
6870
12781
11781
1379
7656
325
2212
11719
14529
7494
14102
12411
11228
5068
10378
1397
5218
6028
11030
7688
12912
9538
12149
9616
7481
10889
6157
50
9451
13563
4576
10204
6738
7824
2010
6567
13844
5801
12302
9213
5171
12933
7712
7902
6770
8341
13590
9059
7200
11399
6008
8233
11251
8228
4443
13150
2248
13709
942
728
13935
12539
1008
3618
7420
8369
1966
3046
13250
2996
4078
14707
14791
13105
7412
6153
14417
5195
13454
5229
9918
14315
7151
14726
6239
12282
4218
4284
13139
7110
5186
8164
10517
7674
8479
6161
7655
11329
3007
2570
11077
5075
581
5060
2886
8527
909
63
9496
11702
6023
5963
738
12090
12642
5232
6436
8177
2205
13284
4644
3296
10908
10645
12543
10156
6125
302
6572
8015
14106
12309
11408
8673
10601
4084
9812
13533
1767
6436
686
13902
13486
12783
3459
2433
4069
1777
5836
14351
4482
13567
11987
1837
6762
5059
5711
13010
7671
6535
9229
11446
7808
8924
9013
13138
4298
1287
6431
2803
63
5959
4383
4718
6730
13862
1915
10040
10059
13701
13297
6550
10199
4900
13438
12412
1015
12593
10250
1488
6457
2801
7158
11958
4338
8514
11455
8219
4756
12738
5535
349
8585
11399
12566
9859
6781
13882
7611
10657
1318
2551
10504
14858
1920
1268
12599
11827
10172
1338
9503
11057
7797
1459
8949
1857
7387
14837
9901
938
13432
14565
14038
7133
2456
61
10807
3510
4737
12062
3294
8000
10559
2026
8874
4404
7971
1408
5512
14057
13225
8087
2794
11265
14374
1886
5665
14227
12594
2773
8954
1343
7748
920
1506
3633
2122
8484
7411
5202
7804
8864
3802
8036
515
3425
7594
9090
11199
13588
9678
2358
6489
12460
7302
1297
6056
9455
3697
1856
12598
14235
7174
2108
394
2069
9468
8174
12971
14590
12711
14872
1225
4499
1818
66
6505
7118
11783
11356
12015
9590
12217
1762
3640
3976
14228
11830
13979
1615
14639
5664
11505
7646
4215
8245
2537
12346
9526
12693
10696
7579
14063
709
8025
10419
11574
12207
3756
4816
13897
8030
11692
13685
13080
12539
338
3546
11071
14469
1369
5848
9707
1222
13621
7375
5598
3371
4979
13634
8401
6396
5657
13025
8795
9763
6801
7459
6972
12189
5126
1941
10667
4090
2730
13561
11486
11151
5590
10876
9197
5490
7612
5666
12539
777
4698
4239
9229
424
5289
622
1572
4725
8838
13810
9564
3254
6392
9381
10970
1384
1440
12875
778
14544
13237
9391
1686
3101
12770
10859
1397
120
1668
10695
3889
1604
913
10973
11505
1607
6930
11005
2497
5998
2229
10911
7213
11978
2926
8205
9839
10673
4151
13988
12749
9654
6416
7134
2736
10156
2689
25
2308
4555
1348
8673
10335
13399
2546
7897
12708
5569
7520
4688
8347
5329
1606
12205
7144
11453
9752
4890
585
3038
8636
12483
5868
4545
13858
6560
12546
10843
3741
13079
6718
5163
1641
10676
499
6904
1568
4528
1606
5760
5665
11337
13568
4918
12047
9146
7921
13631
1971
2410
11425
9679
1339
10493
11564
12676
6381
14774
11539
13945
4921
1109
7047
12201
2466
754
10086
5400
14686
2014
11540
8453
6035
10412
7627
8049
9006
7764
9912
4442
1476
14314
4227
10825
1833
4665
10366
348
11001
980
12740
13321
12683
7607
10259
1537
8843
8846
1446
9211
6459
1000
9211
7667
14229
7921
9734
41
1840
4219
13189
13249
10282
5338
12878
5459
4691
2873
3819
8930
12458
14531
1718
4518
2262
6785
354
10797
847
8968
3158
5948
13928
6348
4404
3627
11884
3307
11975
10226
8303
7888
6396
737
13778
13541
9651
5884
1555
8517
11888
3335
11705
7215
10658
3150
13308
8292
14104
14493
10144
6532
8469
7846
13249
5100
1395
3709
10094
11190
11740
7737
14398
11437
4672
13828
5899
9495
12020
3373
14898
11428
1948
10027
8037
11984
5359
10876
13433
2099
2011
5548
10553
10658
13558
9265
9344
3602
5816
9280
2723
6560
10187
11927
5355
8537
9108
7149
10315
11712
14868
1562
6250
10740
2200
218
11834
3589
2755
13227
12132
4041
6957
1211
1081
10458
14442
12867
2681
637
14558
3115
3049
11472
10306
10527
1591
6079
8598
8041
8925
527
7707
5376
6806
548
13593
2956
8038
6783
12555
200
7802
7672
6848
2286
12894
1230
3668
11646
4083
5477
9132
8542
3021
7539
2723
11468
12551
12115
13298
8135
9616
1608
12907
13098
10430
5625
577
4507
4677
2773
14417
3914
428
11641
14230
793
13192
5661
2466
11976
8258
2491
10173
10363
7502
3632
6555
13877
10176
10903
7305
12745
14432
2604
5660
10089
2892
14285
13708
2136
11321
4855
14284
3629
11403
5039
1488
13771
6594
14595
1537
2143
10934
337
3103
6464
4904
1367
7348
9843
9083
7140
10755
7923
2224
177
4948
7694
2752
3416
2752
9186
1687
7924
11263
8276
12961
73
7812
1161
6654
11535
2801
9192
5442
2871
8013
13371
5025
10081
6172
1634
14695
6128
13100
763
4971
9856
5108
7553
14705
7446
13494
12610
9603
11439
10019
12413
10428
2141
12537
6334
821
4978
175
5646
7513
10347
2468
6363
6799
8516
14620
12586
14023
5520
5966
3964
5066
3558
13864
12296
2034
11856
9500
8769
11263
6034
10797
3430
13224
8272
12063
3574
6521
8522
12016
14296
5410
12101
9725
1682
7756
7952
8778
13720
9665
12410
11633
9463
12519
8678
12048
5782
11153
10530
6032
9869
12270
11896
4234
7797
11503
754
2073
1761
6659
9511
13857
3838
2608
7688
2227
1159
8694
10628
12026
2829
14535
13665
9684
14655
1193
12615
6826
10539
8654
9438
843
304
13195
7014
4225
1119
7987
5904
4986
11151
6779
11509
3297
12819
9417
7134
2065
327
4065
8833
7936
4342
8962
11793
14824
11390
14498
3086
10291
9929
9293
4454
13323
468
5599
14824
8217
13948
704
11449
9544
10992
13104
10017
10328
11098
2428
11500
6711
11665
4184
3857
6587
12458
3316
7202
5680
3214
472
1966
8327
4388
13418
10365
9627
10425
2025
3111
7278
537
9225
5717
8334
14463
11655
2098
2589
13938
2076
7776
3119
140
10305
14763
6622
3523
6555
9465
40
10298
10964
12870
12481
12966
6827
14178
3031
3549
13732
13516
10157
6368
6904
5978
3408
9605
5096
3776
4495
156
3078
2978
1483
6507
8674
5328
4736
4441
9605
11291
12326
12105
4155
11464
2690
8828
1259
7544
4881
14091
3325
10302
1498
6617
14728
14709
2885
3121
3039
1481
9388
6045
13681
11870
11518
10826
10937
1388
1935
3722
6777
8314
846
6967
6866
8224
6821
5960
11819
2464
13353
9503
13660
135
12791
3732
7265
10713
202
2235
7499
385
8432
8633
8288
14848
1500
11646
13192
1597
12284
14318
7660
8070
14058
577
6285
10423
6487
11515
7936
7965
4088
12761
11528
9926
9550
5659
6555
7431
4447
9800
11530
12522
3464
3300
14521
2634
3457
9884
9690
11455
1494
6562
14695
14549
11641
4302
11213
2055
13844
1852
11010
4205
11280
4907
1301
314
12937
14454
8311
6223
7381
7679
12240
9035
6942
11173
202
11724
4270
1534
3400
12012
7055
4308
13558
815
11
5814
5851
711
726
9927
14346
6061
1663
503
7123
8357
3538
7599
10400
12190
10508
3834
2471
2904
10746
13445
1238
12396
6467
4878
7644
5420
311
12059
5786
186
9991
9885
11950
3181
6988
924
10416
4977
14855
3565
13377
11733
13033
2120
14434
7584
3621
11256
1292
6480
8038
10642
7930
13876
1064
11943
6457
5267
12620
2613
1229
8927
12886
3177
6968
1401
856
687
1826
11163
10705
2314
6215
10107
4251
12135
7481
4179
8181
4224
10715
12449
10032
4715
6764
6724
11766
7704
1622
210
10384
7255
10763
4788
1924
66
14322
6326
7628
586
1458
6118
1085
7370
4508
13136
13077
921
10816
3654
11621
7923
10158
4507
5047
2777
8507
7000
7084
10378
8205
7680
5193
8113
1296
13597
5946
13422
7935
10317
4819
4060
9365
9650
4333
12761
9657
10775
11941
2621
4939
11203
622
1711
4640
5732
2743
11843
12560
14352
7918
1470
7006
13424
6514
8357
7971
11625
9696
5296
2362
11662
1175
8754
8340
2748
3405
6813
13878
4924
1097
10352
14493
5219
9624
5566
12390
12659
13516
8853
5118
1757
7709
4178
2065
1542
9940
12342
8427
1115
11511
11152
12368
955
13653
162
7072
917
5565
3259
7384
8599
14785
3358
11296
9535
7257
4244
137
6794
14204
6090
14472
12346
6967
13217
12215
749
3732
7484
6133
9977
6135
13582
4863
6744
7991
13885
9683
2241
1019
11231
6193
5438
12197
2385
6917
14542
5321
14461
3505
1379
5697
14265
14307
10105
11244
7066
6466
3915
9355
1966
12719
553
5206
5824
8145
9180
5558
7627
13118
5446
14413
11776
4434
2302
8924
14005
6052
11836
11133
13931
3668
11427
2858
6537
9111
729
11499
8038
9181
14149
9765
1218
3708
11619
3840
5176
4821
12520
9666
5438
2191
1614
5448
14296
12197
1098
7491
3055
2404
8156
14323
10041
11978
6929
8342
12652
12669
8221
13464
13229
2261
7519
12245
10165
9882
6864
11856
13101
448
12064
8811
10860
1635
2036
2065
4374
9227
12731
12246
4089
13848
12010
1620
14671
11754
3233
653
12897
5803
11092
13470
2334
7005
2634
429
12633
8771
1203
9323
12821
10039
12673
864
6345
2181
6249
11989
9383
7833
7411
2549
382
1720
11232
12026
9421
9077
1872
779
2984
5326
7548
4804
1067
7804
6377
10112
14107
7454
3347
1050
2262
1711
1257
14400
7147
13387
12062
10399
10334
11102
14579
2023
8187
12831
7377
7173
902
8219
232
3113
8917
14243
13294
11229
1621
3492
659
661
9039
5495
6917
14650
1205
10018
9351
9054
5092
12986
9399
12683
13382
7420
7155
13781
14781
7197
12975
14515
7561
7225
7610
14613
9810
9259
2554
10450
2712
2560
10399
7213
1072
6308
4168
12192
9312
12450
2032
2420
14639
4509
2114
6496
13293
6709
6131
5643
8533
9148
7526
14546
3653
7355
11217
4815
13859
4118
2007
3102
11930
14234
3494
11920
624
2351
13971
5714
4861
13150
4770
6695
1997
3095
5281
8109
13759
12514
8351
11186
1202
219
864
11875
8519
11926
7133
14106
7719
9909
9977
13625
14317
1907
12861
13506
1040
10058
11304
8497
7947
68
2037
7935
13030
1013
1764
2588
4203
10805
9850
1548
8286
9400
6859
13191
10566
10440
237
5936
14145
1783
557
7428
2087
287
5968
4375
5325
9601
4052
11065
3796
12304
5303
5523
4436
9312
8131
14333
6247
9635
9747
13813
7419
8740
1171
11707
5455
5808
11747
13682
1247
8276
1591
13404
10236
4369
10029
6974
8392
794
11528
8098
1973
7870
774
6452
6482
12188
4182
5399
2272
6697
5146
9688
1034
6153
11605
12360
6785
6180
14474
7480
9430
7775
11520
13711
14088
13747
9545
12134
3255
4282
14551
5660
8811
7088
14560
3558
7169
7545
1693
8228
3160
7414
14539
9014
5861
13686
5036
12206
8793
3931
4181
531
5141
960
10513
3254
6118
10623
13730
9922
13917
6142
10357
1738
7149
12180
13949
14777
11541
1700
2689
11148
1056
14645
7783
2294
5463
4131
11211
3322
6043
10803
13674
5318
10936
4240
8531
12391
12212
9788
165
7550
11740
13952
9416
9553
12297
1959
13590
1832
7060
13988
13658
14503
4997
2105
13500
12256
13324
4917
13089
14805
554
13365
5016
11765
14290
10395
10868
1405
7235
11793
7069
11185
2668
4299
5673
14520
9461
461
12596
4655
1362
13058
14
12113
9618
1034
438
7910
12351
4382
8517
7921
4055
2079
6165
9011
13056
3239
9518
3694
7964
4042
9785
1742
566
5126
6768
12925
8518
723
6156
13509
3668
10623
13414
4823
1812
6637
14344
10265
9997
2888
6106
7851
2536
2762
9220
10612
12706
3949
9850
1369
1692
8595
106
9420
6815
4638
5251
14626
1938
2154
2862
6915
3779
5505
13174
10873
14187
7509
6410
3785
5042
9339
9928
9822
2052
5464
11819
13205
2541
4673
10466
9909
6811
10774
13692
10315
11291
6915
12367
10969
5736
2873
8474
124
1378
776
1967
13039
6372
2100
3595
1479
2581
8638
14096
7176
1159
3302
4780
11643
11504
7276
10686
11399
4627
2415
10465
4271
10272
3635
12689
10373
12713
9197
12563
14212
9017
4832
11107
3041
1158
13073
7346
7049
5879
7596
3080
8324
11744
11629
9022
10345
10344
477
10305
8741
14320
14651
3711
6739
5483
13532
6396
13297
7359
2661
7621
12800
5436
14387
4785
13191
804
3755
5007
3169
12230
490
14110
660
11969
2547
1967
9442
4148
12643
1235
8737
7006
12360
5764
14041
8690
7089
1657
5841
2825
11042
6172
7414
14509
7233
5845
4808
14869
9993
5278
8112
10454
8644
3754
9160
6975
4914
11822
2033
9773
311
7657
6653
12815
8425
9699
3709
6962
13815
13313
9269
8444
5035
6734
1255
12759
7984
7471
3451
6210
12598
5334
2032
10062
1563
2621
4793
9635
12317
13501
2195
4704
119
6432
3283
5040
3352
8545
991
104
7947
2368
14493
6164
2295
3575
10117
3815
13852
8389
487
11939
13534
13622
12777
10228
136
7908
14818
10430
7998
8790
8983
8003
5897
4924
7457
7446
216
7614
5743
4774
5143
7349
12281
8257
13609
6375
12582
11586
2903
12998
7778
6364
148
5418
12128
9348
11384
6024
10715
2791
10364
1602
12186
7906
12372
3755
4259
10960
10763
8257
13648
2779
12972
9076
2602
121
8373
7210
3455
6943
9986
1129
9701
2248
1003
224
8444
11911
10455
4473
11000
4157
6322
7111
14677
12959
7565
10014
12957
14507
6455
7407
10888
13514
13879
14791
2946
8770
1017
6445
13941
10301
7879
11864
7964
10823
6083
5669
8141
382
5301
3229
13251
13311
11196
6026
8509
12800
11103
13280
4579
809
2058
12328
6108
9514
11799
3495
13951
4926
2728
10440
7873
7888
58
470
1341
6108
7448
4605
12785
8871
720
10766
2969
4753
4879
9404
3862
11918
4833
454
1524
4428
8100
11498
9312
2549
9975
9725
10449
8753
762
341
6772
14445
3381
6833
5377
10053
6554
12055
12154
6415
7386
9854
3391
6752
14598
11332
2706
13697
7305
11047
10550
8938
3459
5557
7641
6237
14386
2869
349
766
3277
11080
5765
10549
10702
10452
3338
4904
7836
7736
8445
6270
12770
9223
2457
7260
3914
8003
14639
7626
5050
431
4080
13720
7867
4104
11974
4522
6501
5814
10101
9388
4211
12597
4283
1233
7768
10024
12198
12019
4460
10926
11902
2631
756
755
1651
8255
2136
10767
1410
9137
30
12721
3657
12404
9564
6420
8555
2804
13032
4587
13569
9684
8073
9865
9147
7236
9803
2133
13631
107
2156
2339
10257
14016
10495
4391
9744
3334
2120
8970
7864
14289
2113
1495
7649
14745
7187
8023
11893
7841
2039
2564
14736
14016
10312
13327
3588
3646
5994
4938
13525
13054
13381
1647
11818
9286
125
14688
7050
1746
320
9783
14349
10677
10602
4149
10209
11998
14831
952
4318
12636
12857
2781
9389
6222
3727
10587
2931
6531
13059
7845
6033
12986
14316
821
1969
4098
1636
11390
6766
8995
1382
617
13480
10940
12806
11609
13635
13634
1533
12025
5836
6067
14356
4453
373
12592
8437
2865
12405
39
11289
2597
10149
14387
14836
13680
1288
14780
10738
14274
12839
10845
911
3140
1058
9336
6221
7520
9484
12046
4966
2156
6855
5678
4279
13514
10440
381
8291
7442
2711
622
5669
14703
12978
2449
13710
2402
10653
1589
4640
6974
12102
14455
1493
5533
4887
10192
7178
1616
5013
2567
13871
14605
5337
10388
2146
3901
10287
11604
1924
3945
3127
11408
14653
7816
6339
7477
23
14188
445
296
12179
7333
6799
3990
5334
10024
466
5404
8224
3636
12483
5739
7557
14552
8187
7927
538
12763
10906
244
4135
13533
5723
12616
7649
8325
1516
7813
7885
3545
7056
12198
10510
9917
1888
1241
7094
14162
11937
14063
3476
5450
549
8277
2123
8056
1373
3089
9051
14568
1727
5999
3301
7721
48
2089
7488
1934
6061
6778
9483
3482
5359
2748
5250
11541
5733
11986
11508
179
4134
7284
5567
7056
5959
6184
7590
14054
9881
14040
2910
10485
10663
7966
7453
5376
3922
7173
6681
2122
7473
12685
7210
12924
10561
13290
8808
4245
4606
10278
6134
4462
2648
10748
939
384
10469
12680
9777
1016
1605
14692
4481
3289
9100
12026
3789
10873
13322
9849
1557
4766
7365
7177
2987
5285
7344
4247
1884
2850
9975
1512
1330
2642
5020
6039
12379
9551
6742
8460
10404
4006
12909
8896
7131
3774
13524
12589
5216
1666
2024
2548
6060
2108
3603
13817
14004
561
7695
8146
12608
14358
7634
6958
10206
7575
13304
6623
8228
9195
11934
2998
1579
12072
3970
3201
2983
11164
6273
9182
8034
4766
9358
391
10419
6324
10444
4432
1771
7776
1275
2414
1310
11310
14496
2564
10003
841
11547
7525
6706
2819
2426
4024
7116
11678
13001
14121
1169
6868
1600
10361
48
8360
1813
4070
7738
11315
6117
9706
14012
8454
8094
9575
2495
450
12428
13306
7387
3905
11870
8184
1765
12350
7998
8682
12033
11511
12981
2293
7271
6263
5448
13208
8388
11751
13954
10054
8228
12431
3080
4621
11169
5251
4802
8284
14721
11380
12938
3256
12863
12603
14184
8241
179
2490
12096
2717
8222
7314
11408
10208
9562
7846
1982
6732
6271
6767
3237
5798
11495
10338
9931
9210
13057
10908
10135
10785
3809
6150
4184
9243
13424
652
11166
8398
7552
11297
12108
8776
9503
9433
2921
8169
8560
8749
13370
13247
8782
13558
366
6920
7623
8498
12717
4370
8615
14743
5761
6234
12875
5230
4791
2098
409
14819
11374
4622
9868
3108
10319
358
668
14125
10647
9136
2155
1056
8985
1471
9563
13117
5957
4010
10659
7664
12160
6370
3816
9729
8693
12574
771
14666
11938
1808
1266
3119
12132
1469
12328
14677
10202
11267
14011
2916
4890
6603
940
10308
14677
14225
9846
12739
6661
13944
9355
9266
12441
12233
9489
3691
13201
9264
8106
1926
991
7688
2827
11408
9059
12780
10587
6505
4578
10502
7982
3080
7354
11161
13736
13729
13585
8355
8075
14160
4515
13412
13308
13832
4905
12998
13862
2429
12718
3207
9224
6569
1465
5387
13805
7556
4138
2959
4986
13417
2960
12598
5657
8475
6434
3977
259
577
4993
10809
3266
12321
2661
11776
13882
2382
13820
5995
1004
6275
12420
1833
1863
10439
8342
12960
3677
3390
774
8023
5703
4703
12776
12792
6260
8838
10701
7688
5988
8187
7622
13589
14171
12908
5868
2108
6483
8210
14308
3698
8857
11281
12609
8882
4784
11679
9838
14004
4090
9717
14842
10136
10158
9428
8721
10583
10455
9219
1687
12724
13603
4531
11186
12026
2636
1660
13472
3225
1339
1089
7097
9657
11648
8435
13823
5222
3721
316
14064
1584
12849
2017
9358
3332
14687
4085
4241
11729
2770
3458
220
7478
4110
7702
4191
8025
12157
9475
12623
11996
7823
13598
13406
12800
429
14531
617
10776
6880
13771
11812
8067
506
7495
871
11630
5818
12937
3152
7207
14883
9251
9484
10954
14725
14222
1161
8374
4107
5833
12142
10617
2171
3052
8959
10436
6993
11589
14714
14314
6912
11530
11488
237
5891
9401
7388
4988
2016
8550
9859
10228
9950
12886
2277
481
753
10303
14622
8206
12476
4161
14639
8332
12142
13247
1526
2663
1149
3656
6276
14275
267
13151
904
8161
3178
7482
7972
4394
6
11448
12805
9501
8258
8755
11142
12576
2724
13813
569
1265
12342
6899
12061
13360
11959
14777
4524
4168
4289
9047
8188
521
5755
2306
23
13730
1410
1593
5290
9824
726
11228
2848
9269
7843
4092
9799
1478
12719
9732
11259
7158
9433
13886
5089
3415
11983
5523
4016
13699
7504
11469
4440
7186
12406
39
14742
6281
12108
766
5722
11664
483
12863
2680
11977
9544
4416
5747
10185
2517
43
1218
3639
1372
609
2839
11964
12579
898
13747
4542
2068
6366
5579
1923
5099
10922
7567
10513
11767
1107
3327
213
10617
7444
5660
12545
7851
13448
8991
11888
3530
3606
9482
7022
9589
8486
6958
6145
11140
12072
1128
10384
11806
14470
9344
151
6819
2130
12949
7486
12919
9464
8096
9847
13178
5661
4409
6549
2065
9034
8724
7369
11771
1953
1487
4613
7145
13060
8835
5389
1023
8694
10230
7343
10289
4882
5797
10577
4378
11260
10841
2500
686
640
5461
2631
12023
11374
8251
4455
8618
1085
1769
793
1073
9849
2583
6312
5317
14309
3737
366
12252
4323
11773
11469
11767
4602
12967
5161
4738
6350
14020
3294
11893
5183
12814
41
1649
4825
10988
7075
4172
9029
5853
1758
14886
12262
14761
13224
2312
1133
6476
3407
9479
7884
1312
396
9214
8091
4857
13763
13177
10845
7455
694
6366
5789
600
6782
10223
1449
11342
2667
6053
7322
13215
6041
14525
6206
5325
12703
14090
14587
10170
10768
13133
4203
1251
13122
10052
6957
13459
4704
10951
12899
8568
13595
7334
2780
11794
7309
14806
10055
9514
3731
2891
8245
14530
10971
14032
2013
1845
10214
12517
14869
2036
14705
13576
11895
3227
10215
2537
6527
5667
5664
9500
11779
3698
12198
14755
13186
9416
5733
2577
4013
5597
1687
7199
868
8169
4050
945
1810
2240
8227
1391
13987
10396
9471
7753
14052
123
10091
10059
8687
10629
1317
820
4987
951
13854
9892
2351
6316
8160
10575
8259
2382
1252
9724
10770
12681
10446
3331
8944
4468
14791
8096
6508
12087
6577
7569
9143
3740
11320
1930
10663
9648
8761
7176
474
9133
3434
7915
1840
13183
5221
1585
13074
3484
8951
4424
2939
9001
5640
2408
7194
5799
4398
9511
3386
4326
7990
11413
8155
2777
8954
8982
1577
14298
3675
12244
1802
8284
7767
8716
787
11107
7924
11944
2544
11717
3708
65
13806
9045
11497
7289
5882
211
13064
4543
6945
14024
1936
590
8463
11063
4508
5224
11421
6686
9540
5482
13878
11819
2830
1961
3321
10934
1152
8948
1163
7189
11268
13869
2974
13102
7970
5833
14147
10262
7853
9502
9497
1275
4545
10882
5457
9201
2097
14830
5430
4920
10827
8475
12150
7320
5224
14664
13813
14115
1513
8764
6480
9848
5947
1688
4323
1944
9308
3680
14215
8012
14164
9653
452
9645
14864
3174
9984
401
12545
3981
8858
10602
3436
45
1155
13462
9451
12779
8241
14667
6112
7889
4911
509
7468
2971
270
4787
11162
3818
11086
2563
2085
2516
970
5594
3157
5178
13781
14425
3254
1343
9209
739
3996
5808
2408
6281
4111
1523
3509
10980
11401
706
14516
9467
4572
6835
2770
1009
14188
7299
4110
12418
12074
14820
4471
11836
7393
8051
3146
141
2526
13225
1073
7890
8558
6951
9345
6098
10162
4140
5204
2608
273
4825
11298
9055
10331
10291
12372
4797
2817
5990
1118
8917
14254
13759
2810
12503
8342
800
9861
12970
7471
14165
10666
6205
13410
8499
7391
10304
8135
14239
8468
10679
10419
1828
8489
6593
5156
540
7509
2279
13224
3160
285
1643
5040
6088
13819
11287
14121
292
8794
7009
5928
3979
2737
7885
7890
9087
10305
4164
7941
12547
5836
1861
9662
10269
8592
11026
8126
14456
3508
10653
11292
13449
13598
5051
14073
1411
13242
5316
9677
5737
8765
4439
5410
11954
14009
12749
2762
9311
5597
4089
646
1647
1748
6740
2615
2588
8713
2778
722
11444
7773
8250
2626
13389
5189
12761
7849
14283
2896
1700
3141
14860
2980
5286
1926
14327
1240
9745
7249
8832
8915
9686
12913
5235
6969
12578
2568
3646
8934
11643
5786
1993
6453
11766
6295
14095
10437
10641
7820
6190
12152
7335
9297
12161
8857
7029
7651
13581
14303
8763
2968
887
7846
8175
11704
13104
1711
9884
14049
12443
7316
2498
3479
6686
8609
13099
4291
436
14383
13943
14042
1170
11160
10499
4771
6001
6800
12471
793
6253
550
12847
8681
12399
8873
10668
14674
6037
5421
12844
316
5631
4546
5652
13202
3785
44
13790
1458
4846
4130
13661
13103
12389
12119
11859
444
7184
536
11392
9196
875
3413
3003
12859
3716
12841
1955
9264
26
8945
6468
11103
11894
1099
3285
4247
14298
3379
8772
9233
12707
10361
7923
12253
13977
11911
5513
7328
10169
1930
7208
5171
11370
8709
14716
13767
2555
13267
1019
9159
11175
2905
10735
3409
13788
11670
11341
11600
6319
10020
11750
9127
13990
14310
796
12569
7507
10882
8556
12205
12302
4019
3497
12952
2083
1571
7815
9373
11140
7550
14797
13687
1632
9803
10464
4682
1025
12329
10190
367
12713
2238
538
3152
11312
13398
14450
9976
3815
10535
14386
11908
5348
53
989
6581
5338
5898
13567
1114
10242
3683
4468
873
6192
1502
4011
9152
1050
13145
20
9739
8649
1016
3428
8152
666
7146
4380
12518
12676
9736
1870
3356
939
2172
1416
12618
14559
3048
11197
7560
9045
10357
6296
10777
3901
11307
1257
769
9274
4434
639
5840
14093
3254
3251
3206
1763
1103
5618
3249
12376
6117
9998
1477
570
11317
14460
8386
10184
11392
9286
152
2562
7080
9132
258
10416
3444
5600
6032
185
801
5594
5196
327
8625
10604
6786
7056
13452
12632
8116
12583
12582
65
4376
11656
2663
6213
10955
11125
14037
339
13020
5690
4735
8943
2005
5752
13771
3301
3508
6688
14024
13577
2278
8922
13221
12211
4926
5663
11760
5568
806
12270
5635
13048
2389
3280
994
117
7001
10892
13475
10380
920
4022
9136
11923
10634
14635
5682
9186
4933
9899
11762
1343
2741
3070
13528
5169
12347
11075
5085
8879
14771
8672
5962
1053
11366
14527
10538
11748
2904
11940
8318
1853
1673
295
11051
9917
5671
711
6881
295
6955
9463
14150
5842
6691
2039
10801
6292
7913
8649
14735
8841
13622
1223
504
11191
13723
3197
7033
4070
10681
14176
13000
14509
3510
3290
2067
2240
14819
14681
11802
2674
5398
3756
5193
5387
8245
9430
8535
12498
12256
2091
4182
13461
11853
12882
4422
6802
7641
13991
5120
4250
9545
733
12333
6056
7514
1826
10655
12221
3627
14299
4012
6195
4458
11965
6643
11811
9994
6987
13858
1243
1288
5900
7227
1373
6722
5687
11189
13909
2323
8801
4224
320
4587
9207
2521
13175
10592
5518
4994
2245
714
8651
3338
14514
4341
4852
9329
8968
330
12639
3217
13210
4723
9705
3719
2519
9790
13865
14641
13290
2557
4816
163
497
6857
13864
1560
1949
14593
8220
1213
10219
13216
14452
14368
9761
10175
2042
10792
6075
6253
2034
14739
12769
11090
10069
5290
310
12684
7874
10736
10351
1617
13262
2419
7261
3034
4133
12764
7686
10674
13523
8332
9463
10002
5772
11932
12944
5445
5539
6275
11050
13390
9174
11099
1993
12155
9465
8188
8404
1315
11367
6918
11805
9148
13887
10180
7058
5389
3208
9874
6875
1713
7534
13870
691
9614
8469
11999
12298
4061
11470
10280
7458
8554
5361
4964
8250
2898
1504
5679
2677
1370
9635
1905
9055
5557
2768
4672
12056
11155
11075
10580
14418
5097
9639
8882
3634
12445
8262
13462
8880
2875
10966
9997
12474
3196
1301
1660
11601
7912
6573
31
9071
2659
1365
12098
3163
6592
10938
6033
9935
13048
784
9655
7538
11647
13780
11442
5629
9234
14723
1693
7441
8830
8052
12884
2395
11523
10987
13088
5548
5416
4108
13602
13171
8501
13277
10993
14304
6632
11417
14378
1239
12101
6808
1170
6932
12190
10257
11199
4348
5880
1050
88
14441
11202
5865
5115
11945
3722
8334
8048
1054
10568
13077
2150
2786
6446
2482
9959
11148
626
9714
7484
8049
4009
7847
311
12482
9444
9818
7356
9379
3735
1974
7943
2136
4753
3748
872
6809
461
7645
12406
9658
2064
4670
1945
2996
8328
14280
7026
7960
5685
1899
4434
1198
3449
264
1877
4441
9774
9321
10135
6900
10120
2581
4261
12549
10443
13792
13308
10896
4575
736
12567
6929
13973
12848
8070
2578
7374
5943
13039
13251
11140
10645
12452
1088
12894
10879
811
13490
2520
6403
6567
3082
3896
14448
4715
10454
10389
12661
1892
9226
7644
13585
3931
11218
1637
1669
9392
6776
10541
9762
4140
13715
5567
3619
8180
4957
10971
12423
10834
3544
4741
9065
6251
13624
10008
3156
5071
3553
13101
13600
12285
2343
3229
3345
4844
9538
4249
12028
27
2646
9725
792
12138
14732
10471
4800
1664
6993
2903
7550
38
13602
1017
10254
5360
11239
8365
6456
2218
14225
14248
12416
5444
4557
14325
12506
9582
2322
6029
13362
3647
14247
8982
13697
2394
839
10552
9039
4836
6771
9478
2139
265
575
14003
3307
389
9638
3611
5250
5315
1722
5135
10291
5075
9938
43
2525
6182
5770
1358
3292
5278
4319
7787
9064
10931
9887
1361
12364
10231
11724
6665
8352
6336
607
12125
525
1984
5315
4797
10111
8157
4809
4602
13316
13352
11620
3597
6070
3477
5689
9416
7644
3811
6706
11533
3223
10816
12378
12657
7560
6942
3646
4584
3373
5515
8721
7243
2342
14106
3420
9310
5761
9903
14849
13428
5333
13134
13218
5075
14856
7355
12004
3356
11229
11304
3143
13213
6443
7394
2748
9735
2792
14589
13832
12527
6637
3982
10223
12943
10781
7480
522
14813
10086
9560
614
6742
6592
10117
5889
11862
13918
5650
2637
10299
6896
2006
13174
8264
2759
818
8219
396
5061
1827
8380
7128
1403
10069
8531
9476
7480
13274
7153
7055
11403
4539
2381
6405
5907
13886
9275
4445
8571
12918
6629
4313
9315
6047
9373
5802
1296
12891
4725
13233
446
13070
12321
9077
9747
7458
10648
4545
12324
3439
8793
7252
5612
2115
7950
11201
9340
12759
5582
10740
6389
12145
10261
12960
2591
1525
3375
14296
3003
4356
10404
2508
3265
6542
12022
8295
3658
2611
11891
14593
4991
2180
4167
9772
3949
13766
12101
1176
13362
309
5381
14762
1026
7619
2289
6260
6444
234
5495
13149
1697
9832
8694
6526
593
1469
7901
8686
8510
6841
9060
6756
6105
12284
13226
6640
5693
2890
4333
14110
5038
14580
2560
11015
12387
13274
2964
3484
11689
1796
7066
9517
12990
4406
10647
1663
9687
6764
9678
2292
13362
13584
13918
629
3085
7860
9242
14376
855
393
1257
10900
6658
1895
13295
9815
13095
8871
10719
5113
5950
6339
170
4376
5032
10094
7188
3639
12937
937
4363
10093
10540
7357
7603
9081
10041
13898
1833
1334
12605
5657
8279
6641
4346
13231
14513
8807
424
883
9119
3345
4871
4558
11071
275
12037
5333
14673
7452
5084
1050
12973
5006
12917
1871
6856
12197
1109
2269
14771
7959
14183
1101
5952
4064
11921
1030
13356
9278
12026
1053
12731
8213
7162
3965
9131
10715
4010
4216
8847
11076
2294
13783
10324
13553
2593
742
12111
13710
3570
622
2704
10827
8596
12816
7529
6694
2813
11400
1607
13951
11311
4579
14465
13129
14274
12327
765
6360
6470
13231
4454
3040
839
8542
5793
545
1631
4349
11625
2291
6567
13304
4547
9073
10308
6914
12564
1681
9783
982
948
3039
8930
7952
1203
14584
2097
5527
2244
10679
13329
5822
11182
12305
5602
1752
9030
11357
13543
3043
5565
12701
14554
6619
6067
9411
4581
7218
4179
9049
12627
3623
13858
15
2923
1006
954
5218
7506
7234
236
12230
11763
14260
7617
9049
5636
12215
3077
14014
12615
159
13026
6661
10791
4941
11118
2491
2587
1820
6743
1087
1537
11789
9956
8771
13407
13726
184
11359
3819
13531
7928
14750
9981
12417
9579
4340
8480
967
4022
10926
7080
8733
2676
8114
4669
5403
1840
4203
13696
8932
1137
14502
13074
7104
10372
7321
12100
11805
1867
1947
10692
10097
1965
3
4923
9248
3656
8635
13567
11643
9904
1130
8945
4899
5997
1109
9929
7021
5544
9668
7799
8481
12536
5203
7935
5896
4170
8352
5062
11654
13986
7460
7393
6963
11896
1060
4481
13231
3345
9220
1500
6232
12566
5036
3180
9142
12439
6533
4930
8089
10227
7726
5160
10625
9253
12127
8102
9482
12154
6374
9684
12002
6600
2854
1555
13442
537
739
9940
1367
12651
4522
8464
1091
4594
8743
8653
2155
9720
10309
12943
5063
2049
1322
9359
13578
972
8648
6237
10175
12607
1620
10120
11849
5800
1807
12048
7437
5084
12434
3499
6250
2434
11383
6103
7327
10172
197
10544
7156
7267
9815
12210
6335
8347
6260
9513
11737
3636
1759
11864
1572
8150
5796
9714
13201
4086
240
9868
12399
1860
14443
2157
5805
6847
12462
5497
7896
12286
12317
1718
1737
13607
7310
7382
4436
12837
9585
12362
12097
14203
12479
534
4003
5192
12026
11230
1183
14574
11365
1769
10033
13596
13103
6812
13026
11493
12918
13926
3114
8748
3306
8376
9803
6707
7329
5040
6475
11213
9231
7137
11325
14652
4446
11391
251
1460
9898
227
8678
11926
4693
1083
916
4705
1561
3673
11096
10869
1846
6409
10216
12870
14486
7292
5976
4453
5360
2049
6629
4002
8799
8483
2823
1655
13388
4946
3448
4268
3048
4889
350
4312
9344
11118
7109
2837
9618
12248
14203
13158
1667
5183
9603
6880
14705
6638
13775
9452
10025
2499
1939
9377
2744
7897
7849
2785
4744
10642
9977
9952
4136
7189
11240
12264
11538
14227
1128
9986
2593
10773
8591
9555
13589
8758
12533
12717
3095
2685
4191
2337
4951
10565
5039
583
2462
2272
5201
8900
11295
12476
5974
13246
14278
7685
3002
11999
10805
12602
14192
3918
12351
8812
13540
1099
1706
5930
13821
9962
7055
1987
3992
5185
5318
11774
11761
14839
4709
8470
11378
7980
3029
4951
8498
1293
6935
9684
5038
2322
1347
2573
2632
8585
4311
14579
14712
1319
2579
11405
13939
5507
5886
4316
7993
5540
6623
163
12169
669
5896
574
2565
2975
6262
13500
11373
11685
11797
7300
4721
6678
4523
4139
11863
1729
13347
14544
11824
6155
8665
6652
4915
972
5039
1827
1905
3863
6481
4141
1760
12003
3858
545
3125
9802
8971
1348
949
3970
10226
4524
5749
12456
12739
5324
2820
11431
12331
12315
2757
3949
3794
9574
13585
9370
7718
302
7256
7309
13123
13978
14639
11433
14192
10041
10698
1386
2792
13256
3326
5577
40
10449
14586
10396
9622
13743
12538
13303
10728
4193
3424
4790
2662
14805
12354
1909
2028
5347
2974
5610
6751
7703
8476
4702
5740
10508
3948
4752
1519
10031
3999
676
1651
785
10040
1266
1304
5979
814
7532
4293
5480
2751
7332
8270
2034
996
2044
14112
4770
10654
12488
8800
10791
6320
7258
12256
13268
12437
9441
9158
7417
6191
3010
14332
9319
7381
5624
1120
13877
6540
7831
2588
10899
10412
9645
14310
11298
12651
13038
7739
4853
2435
4606
9074
8564
4637
12570
11904
3590
760
9373
10026
9335
2979
2423
12730
9694
14211
12478
3964
5856
9604
13708
9953
2563
10209
528
296
6165
10106
14366
12204
5329
1733
13546
10467
10221
5909
9629
1806
6771
2934
9176
11904
1475
8880
14314
7661
10754
9910
13744
5260
2455
10499
12657
8287
10127
1348
9514
3352
734
2349
6333
8740
1578
14004
917
14454
12307
6451
12472
2268
7411
2013
14281
3076
8400
935
14718
9575
13338
11355
11801
168
2560
6349
12952
3817
9374
1881
13060
5375
11696
14620
14661
12859
13646
13074
6948
2039
5162
2055
12539
1983
3653
7541
7267
3010
2679
3543
12149
5330
10708
9458
8627
12908
9974
9125
473
7450
12078
7897
4880
6096
10834
6198
706
2904
14351
10649
7449
4922
2533
6551
13458
4360
2175
6671
9328
14729
9060
596
14136
1973
12242
6252
14363
7244
5122
4235
13623
5537
12857
1132
6600
3499
9602
9561
2374
6751
1137
8694
14312
7515
112
6778
2316
6022
5495
1590
11573
8629
9495
5543
14708
9312
5597
963
2774
5513
10115
1342
7880
3204
874
5416
375
5095
14082
12315
2050
9466
13936
11689
13390
5332
3123
14808
7712
13403
1838
3469
14831
4093
5965
14285
82
10816
9772
3281
9355
5253
7622
461
10953
6664
13238
13390
7692
5483
7773
2967
12833
10148
2325
9773
12383
7233
12792
12922
5268
871
13439
12945
3333
4752
7653
2462
429
11815
10676
6909
12264
7499
519
6065
7836
11475
7606
13707
5640
2655
3466
12468
4172
10685
8533
2114
2290
8473
10961
4354
71
6065
5601
7655
13171
2412
11108
2902
6047
5183
6817
10804
4918
3965
7219
6280
7430
11301
2739
1150
3122
9201
10353
2597
12586
5214
5318
2687
12525
12085
2920
12905
83
3665
11589
14534
2859
5488
10993
6981
7180
12718
6100
8152
4356
1814
5867
4774
10125
3128
1766
3905
8286
10865
8035
9803
12818
11889
7200
5008
664
1165
7279
6903
6752
14306
14010
5932
107
7501
9765
1731
6864
13060
4052
11760
6547
12824
14327
2143
14641
9943
13980
536
13793
8405
461
2026
9968
12832
8539
11509
648
12082
9782
13295
77
11834
6904
11422
14376
12638
6924
5441
1650
14576
10115
14457
14016
2014
14424
9016
776
2300
10958
10685
5639
5369
11324
12954
1585
1051
4387
7275
6475
13555
8279
3651
11654
1330
6763
5702
5577
12365
4930
4052
2552
6444
10958
4262
1512
9320
1970
13388
9321
5232
4257
7835
6151
12871
4497
570
2967
13883
1605
5675
7313
169
6769
4921
13245
7186
8517
7705
7178
2200
6394
10768
2047
799
2477
4641
9446
11922
7304
4571
6440
12791
9315
8733
2191
6788
11420
7253
3572
7657
8622
1931
5141
13478
2447
6492
11653
6864
370
5644
436
6948
7504
12523
8251
5654
5493
3294
7057
9369
11612
7092
11726
14407
12726
12224
7601
4949
1292
8799
12579
6880
7014
14223
6464
2010
8334
4258
7808
4532
14505
13555
11012
7401
10478
3965
13572
13411
7165
1144
8094
5578
12444
3193
7007
298
9782
12476
12708
9769
6069
2670
5072
1389
7195
4656
9514
254
11248
9313
7470
6914
2825
2381
10104
508
11179
7110
5330
8510
8968
12642
8025
10683
4524
824
4897
2432
9760
295
10530
12453
10177
9475
14099
14711
4966
12434
11964
12809
6289
11451
2558
5126
4006
10338
13801
2443
5909
3131
6983
8735
6584
9659
7403
11681
6759
14325
6091
11924
10295
6085
2230
6071
7817
3541
7845
3555
8647
10344
6624
2206
2275
12135
5752
14496
12436
14372
11683
7650
10214
649
7279
13830
1052
4699
10290
9365
6263
9021
10249
13699
1930
14705
101
9033
3398
14443
11526
11942
5595
6291
3103
9644
6874
11235
14840
5448
3572
12268
4558
8903
12422
4410
7004
3689
1689
5078
5269
1983
2253
14562
11460
11826
7793
12425
9728
14268
12438
6272
8520
8926
7313
7061
14460
3049
13022
1305
4795
14602
7688
6538
12555
8431
6426
3620
3314
1123
11156
13127
13062
6530
2829
1347
12228
8787
14169
723
8958
7408
10637
5690
12558
9401
6804
14739
5426
9340
11193
3708
11685
5398
14002
8663
6377
10396
13236
1616
3634
8512
13749
3056
5718
12923
5773
13812
4541
2452
13176
6780
9653
491
5117
13899
4784
4094
1948
12927
13601
272
3910
12589
4985
850
10796
9611
3386
4531
3030
6231
7580
7092
13795
999
14235
5732
7240
14033
10188
13713
11631
9341
5283
11138
2342
5388
6716
10155
6933
8248
1512
10760
8724
8962
12368
7710
11988
5107
1182
3854
13173
8844
4482
9881
13490
7084
4462
11617
12303
2145
12850
7967
8362
9865
14693
10644
4131
10633
5868
3308
845
5110
7310
13403
14550
11538
6489
14797
9821
4697
14682
4136
13338
3370
13639
9158
9927
12131
2564
533
11983
5835
4477
13052
10024
123
1324
6026
7696
6513
5726
8620
3986
8874
10772
13566
7659
12453
8571
1829
11690
1476
2556
11457
6144
9160
5480
8715
10578
7875
773
340
3118
2456
10626
9318
4325
1615
4703
3563
10117
5518
1086
9259
13167
3173
6533
14706
7888
9086
561
3403
11490
4136
5692
7106
14241
3402
13746
8433
3946
3739
5467
3150
12450
1585
9868
13873
5448
5329
3475
1560
13756
3158
12247
7887
10879
3665
13375
6287
1359
12516
2206
503
326
11729
11326
13854
6775
13943
5294
5862
13380
247
11656
5907
3908
517
13804
8016
10367
1387
1447
7559
7046
7208
10403
10240
4205
5304
4152
12108
5056
7979
8725
4461
3036
14471
14414
12638
6830
13595
912
14258
4652
7440
4116
13354
4457
2935
11433
2007
13368
8827
2653
12795
13979
4856
1434
12240
4175
2823
815
4775
1773
14625
10240
5034
964
6697
8920
2090
7780
6900
10785
9571
1587
5314
7021
12757
6594
1662
6801
11009
2113
9923
7953
8621
1053
6830
5755
12773
125
7416
4640
3925
2550
457
513
4972
1342
9174
3011
14229
4602
11155
5656
13101
5103
4478
1745
6635
14308
464
8941
6768
1776
11543
5354
11923
4780
14618
4779
9594
13746
9021
605
9174
12281
11715
613
1291
9213
6609
12038
10170
7578
10560
4109
13928
4968
1900
3699
14661
4197
9276
9434
8429
2749
13669
6919
10757
99
8711
4749
4335
10299
3499
6685
14576
1136
13541
12793
6254
13603
5443
7670
11989
659
1848
4584
4806
9733
11413
1830
3204
10960
522
5230
12242
13631
9618
13907
5862
205
12461
10903
7817
4513
3301
2757
4970
3088
2161
8770
1648
3469
3417
9248
10512
10213
2966
2625
2186
10509
1650
3977
12232
10025
3110
11023
9726
952
14865
3913
1045
11988
8828
9361
8757
1279
1155
13182
12868
4943
12878
7553
13068
12011
3713
3536
8080
6749
12553
13005
4722
11929
9941
14627
9166
14752
3225
7555
12317
9589
13629
6730
264
9619
14782
8715
1379
9203
7238
6234
9541
11525
5204
10867
10096
10582
498
13640
10586
14093
13023
11245
8588
10978
5540
3734
9775
368
5892
9644
10268
12984
3260
9239
803
4521
12321
2520
11384
10302
14357
4653
11722
1614
6722
12841
9825
143
5620
2719
2281
7271
12109
9554
12057
6135
6374
12832
1607
14868
11034
11833
14269
3655
14073
12479
6264
13089
7111
6558
12503
1722
165
5999
1633
11110
2883
2648
6834
14782
13967
7541
1633
7432
9889
2153
1299
4913
4420
2564
12149
8708
9359
11084
2213
5221
6566
6803
2766
13529
3438
1796
7650
10015
7084
10259
1510
591
14699
13369
250
9285
4212
2968
4258
6965
13906
2984
2921
8795
4218
4462
10839
13558
9167
4851
2554
5909
13801
8384
10817
864
10812
1508
10147
923
12217
7794
6862
10545
12906
13861
5914
184
1346
5431
7483
3511
10019
7597
14816
12731
11531
13639
7954
13814
3216
1964
5515
2540
13699
8744
14007
5209
11304
6942
8766
12106
1328
10355
605
10427
13677
4818
13696
14049
13375
10984
9100
3454
10574
11943
13003
2217
8419
860
13392
10855
3841
13935
10052
878
12181
9611
7612
14256
657
13977
2527
6617
905
6964
3510
9254
13508
12218
10014
7462
5487
9198
14305
2526
13749
11288
5888
7274
5873
4100
6209
14398
11252
6372
4345
359
4244
9933
2362
14461
6290
12166
610
9205
10203
3068
993
14664
6681
6776
1391
3163
8214
14134
10865
4283
11137
4881
5945
1417
13858
487
8222
11980
6399
2448
6519
318
7455
777
7200
3971
1054
2317
4737
10864
3011
9336
3837
5140
7193
8189
12706
7926
13681
11931
3657
8
4441
10514
1195
3397
9014
9810
14861
4211
3488
11621
3886
12607
4236
8970
2536
11882
8381
1334
12954
2601
6466
5746
7176
3568
14859
7554
12828
12033
4562
11898
1148
1944
9851
4701
7064
12450
3537
2315
14836
15
14346
3622
4625
14670
13484
1655
2211
2993
5536
7581
14664
11729
12532
6076
4008
4809
14422
4011
859
13854
14292
13369
299
8213
8864
12340
10809
12512
13845
4173
4806
10965
3641
7375
10511
3887
7883
4141
12224
1798
8562
7
2227
7435
4948
14348
10395
9619
12563
5566
8098
13040
11968
3344
13308
1040
13272
9368
12670
12108
11032
14493
3151
6956
3257
956
8190
8809
4612
277
9010
11664
941
7957
200
12048
215
535
2077
11228
3162
4976
1514
8402
13217
8393
11527
13177
367
6909
3023
14152
8107
10097
5391
7481
5185
6156
14285
11842
5398
5878
12224
7966
654
5802
2445
10097
12743
10167
502
14529
14821
7114
8066
13438
7423
1058
767
13048
3271
9584
5021
10573
4068
3211
1813
7387
14831
154
11668
13179
1886
8585
5581
6712
6904
7519
9678
5555
11930
7152
4777
11464
3088
14756
648
12988
8663
3408
7318
1832
10153
6433
8379
13147
2884
819
240
3967
5403
5171
13412
9867
11670
7259
4591
321
520
9798
14575
14646
3390
12488
3536
8664
4096
13347
4657
5043
14642
11598
7067
8767
3587
4465
3163
13356
10706
3340
2809
5584
8012
3466
6133
8217
6988
10472
10334
9822
859
10230
7267
2627
6066
3973
1176
1078
6545
6321
422
11136
11043
12814
1131
6806
2959
13215
10446
9488
1795
9469
3430
1765
7089
14516
6517
5639
6632
11798
4159
11263
14666
5085
2452
2424
6268
10872
8018
14081
13602
2076
4270
12978
10453
566
12122
12572
11494
11287
6862
7734
4721
4704
6605
9372
7718
1790
11126
6103
4322
9070
9631
11295
3659
12234
5298
8640
6355
11182
7466
13880
4627
12157
7608
8363
9385
6090
13978
6519
2582
5262
13965
4231
6255
13766
12133
9850
3451
11587
3082
2537
3914
3382
6610
13667
8454
4654
7544
270
14007
11966
3308
13588
7767
5778
679
4826
2363
8428
12754
4746
12557
12598
7027
10979
7803
12980
14808
7283
1812
10558
10607
4430
10839
9192
13123
1869
14057
11167
7562
403
3081
12996
381
7979
9681
9708
3279
75
11941
7783
13427
11688
8805
2793
6131
8514
6388
5711
6532
2571
3380
10696
7083
11897
10140
2743
7927
4006
3871
14647
8322
12817
280
5338
11157
2417
11528
2479
10244
8128
2836
12815
5869
9956
10209
13125
9216
8036
5127
2125
3331
7608
2142
13982
11085
14096
10818
9286
10798
8427
12994
6590
8917
10248
5125
6439
6912
3423
4778
4681
635
5577
12249
7173
13877
1414
200
114
3997
8996
4121
9491
4881
4300
5939
14566
11074
4410
89
3770
3760
3135
13711
3417
4512
1417
8241
504
2005
3820
9718
13769
8437
11710
7808
3338
13226
14046
12435
8447
12189
4035
2140
11059
12562
6604
8383
1978
12084
12479
6525
14772
2695
5300
6361
4975
240
2609
69
14534
2729
4625
11695
5250
4238
4164
10280
10035
10472
13559
13700
8554
422
6726
14667
10912
4073
4014
3657
9995
373
4614
2977
1433
3039
13891
10316
5487
4689
2726
13124
5855
8403
3662
8211
10101
2031
12906
14341
12587
12486
10276
1100
1775
3877
5989
1550
11867
1793
9282
11977
13990
10565
6561
3290
7650
131
10421
13124
6981
12013
7897
6224
6057
10642
5274
5992
8901
9463
12870
4323
4864
6481
5108
1625
2671
2832
7139
7134
10138
2654
4044
7630
11080
11438
7967
10011
5080
1455
12976
7913
999
10215
12395
8514
852
9768
8860
188
9841
11348
11153
10642
86
7299
9278
2421
11360
1323
2264
7622
12841
1916
1310
4327
7346
6541
14663
11463
7893
10124
6176
9397
2044
11135
5378
7962
1099
356
9298
3772
929
5959
2804
14607
7301
9853
197
12131
8158
14665
579
4655
10168
9743
4562
100
3272
4719
11468
12216
8183
4239
8657
14658
8847
9715
11925
5575
12443
6617
8992
1228
5520
10476
9899
11228
8422
2073
10940
3040
12210
12426
10694
4008
9535
12801
681
5634
6158
12026
6142
138
4178
12288
13801
6373
6833
7971
14322
2022
3934
8903
1013
1920
6681
4766
10659
8220
5854
6043
11486
10595
1755
9334
12685
9617
3518
7473
3541
9725
9484
6112
5986
13916
8059
6367
12565
242
757
9468
4804
7719
10136
1179
9184
4433
12219
3684
7285
12803
12852
1136
5910
7512
10950
6906
10880
4974
5623
3854
8487
8134
2934
1717
3770
5264
12769
1891
10080
10022
9611
10187
6472
6221
961
2960
9455
13853
9084
13239
4546
6544
3784
7240
5114
4442
4741
5807
12693
3937
7785
10433
7255
1921
9093
7828
6469
7750
1528
13732
1757
6760
345
7427
5333
14765
14528
10914
14158
572
8964
481
4468
13029
10098
10435
13219
6588
7312
5659
9290
11415
13230
12910
68
3201
8331
128
10800
2105
14437
12661
1739
12239
12055
10368
14378
2352
12064
11602
7292
5568
8055
2920
557
5920
7295
13403
10712
9619
2860
10989
8391
4947
4499
1682
8045
9202
14517
433
11807
576
11020
10628
4660
4308
5165
8860
11675
7202
1968
3253
10024
8876
3103
14166
9642
3484
8544
3724
7278
10413
7082
10806
7085
9615
2490
10080
7133
7300
13101
2833
12226
10389
2716
2875
7804
14404
14274
8459
14358
5741
8651
9652
1376
7682
10716
8466
10531
8929
10646
3717
5547
2871
2862
5976
12186
9673
8357
12132
4485
13166
7563
1166
10518
4367
498
11401
341
3511
9021
14088
12928
9687
5379
4786
14584
2582
610
11520
13031
4874
1518
10762
2101
14455
2511
13065
9175
7741
10034
11127
3742
1935
6045
9020
11427
5073
10632
10678
12109
900
5078
8515
8607
7024
14346
6670
6068
3107
5509
2013
7525
8603
738
13785
7875
5790
12289
6399
151
10085
5757
10149
9415
12254
14151
12050
13228
8215
3297
14133
13077
7453
2684
5948
4670
10478
2778
11161
13582
14519
11076
2751
10256
7002
2475
14840
7074
9982
7298
14328
9637
4593
4385
2698
9227
10006
10267
1269
7277
1741
475
13056
9862
11029
11823
1120
5109
7478
9179
8271
1107
7462
5711
4364
4708
8937
6245
13401
3376
769
4082
10519
12383
9551
12862
5338
1170
14253
13877
5202
13246
14196
8714
530
13011
1879
8886
2481
6608
1517
1193
415
11790
6205
4979
2090
10528
13408
9320
1902
14726
3916
13316
8646
6586
12914
8243
3962
3970
13703
7017
6498
11345
14088
937
12021
11275
12201
2982
12899
1652
1374
6318
14170
7153
5778
688
14727
9531
12190
11555
126
3766
13705
3339
12943
10231
7159
1789
7886
5074
7599
12015
3385
1384
12056
8658
1431
9521
10107
5195
5259
13997
9431
14782
6195
11881
6065
17
1687
13561
8476
3428
8877
6821
10811
6692
2477
5669
14278
8370
3747
12613
9962
7481
9930
1476
12403
14141
12178
8672
5186
12527
13196
12402
5116
4596
4971
1915
13531
3632
8822
10407
9424
563
3337
13097
5643
5102
8840
6050
1738
8787
11291
13884
14467
14458
13687
6487
13970
10394
1847
4147
14080
3492
4224
7509
7103
2507
9410
11517
14590
2210
11997
3592
3340
13558
1749
8172
5053
1604
6490
5563
3584
6495
13021
8049
13110
10787
3402
12556
7950
6750
5768
2502
3158
4183
10115
8707
6557
11175
7267
11565
14313
11024
13343
1572
5842
7060
5827
67
4517
180
8762
10686
11517
1388
7103
12111
14271
1914
2013
10653
1246
6249
10087
4740
9059
6005
5786
970
10263
8473
14512
13465
2545
8511
11934
7809
5709
4632
1422
5936
11229
14586
120
11499
8586
8094
4453
14748
11809
4651
9039
14760
65
1192
819
11451
10963
5560
3521
1360
2920
7292
5992
13474
3448
12552
3261
12597
526
11203
12688
4244
1944
8401
7213
1161
3384
6804
1274
11419
12500
2072
327
3316
5178
7988
7166
13662
10923
145
7505
11522
4170
12684
8670
2421
3259
10545
11542
8003
10271
6078
13467
9205
4885
14819
9582
9784
8868
1109
12861
14717
5270
2889
11078
10860
837
13049
14894
12937
7897
13849
3428
1922
13456
5558
12171
7501
3258
4633
9744
7337
13414
8954
6589
10107
664
2434
10915
13714
14047
5365
11250
5892
4455
12279
5557
8875
2123
10628
3036
12555
6337
4961
6738
7677
5432
6922
4097
12188
7990
3721
1156
4100
14123
7720
8241
12803
3044
5045
5568
10407
10431
9778
13666
2791
11917
7842
1489
11806
10777
13234
3044
11274
10142
3712
1220
10057
8114
4246
6324
11641
12823
3949
10811
1686
731
8272
2451
14086
9090
7828
8869
8929
5162
12224
13804
10682
11454
7499
9231
8922
7480
12404
3823
13194
13098
9388
498
7817
9744
3875
11218
9730
5834
14613
1269
9464
13745
6529
12678
6478
5095
2250
529
13224
235
2609
10219
4332
4522
13131
12094
4331
14221
14888
11182
7391
3727
2354
9286
9756
2130
3235
10654
10569
13054
12099
1304
938
9042
6092
1535
4251
5814
12029
14029
8426
4630
12487
6389
9519
13645
12165
3976
14375
638
8910
11815
9287
4808
8682
11145
6244
2322
4822
4297
2435
13722
11553
5346
10094
11564
6689
8049
8549
13877
1527
1576
13184
11503
85
7602
2757
4480
5281
10230
13062
5484
11232
5041
13910
9789
12950
13266
3357
6385
12194
5746
4166
6783
2617
7223
8583
13916
7821
5266
3065
10918
9088
14834
444
7815
7668
11725
12373
2271
3418
13594
13626
3062
10900
10373
5686
2332
3264
4111
2044
7281
2306
3488
12702
1765
1498
9106
710
8459
600
651
1218
945
12991
12261
12794
5872
12219
1248
13976
2092
1068
2691
14474
3617
13472
3041
7063
6766
8112
13219
9509
10130
250
9402
976
4718
2245
14279
2569
8543
1183
10355
2110
14789
4436
3476
7532
10198
4589
182
2943
11570
6372
2335
12993
6458
13257
14116
12961
3328
14440
8113
4804
13697
1457
6503
8278
8572
11050
6086
2599
4890
11127
13926
11373
8911
9199
3837
6228
2161
10010
14605
12874
8364
2415
3937
2412
7743
4630
4247
73
13571
170
6186
9913
339
2288
12613
1907
4792
7076
5354
13137
12043
2449
13940
9934
8475
4555
9436
8644
4802
14467
2423
10180
12759
9118
10749
11912
14822
3859
4848
5651
13248
9797
9916
8182
2011
165
6903
11341
3644
9198
10269
14128
2659
6020
4536
510
12828
13300
10951
5342
3949
5536
12482
7777
9211
639
11241
3393
5529
4295
1483
5695
6661
890
5613
11781
4466
12112
1976
5980
5208
406
11988
12013
10925
5513
1132
825
11517
7018
2119
13053
675
1780
11288
5382
9911
502
3322
11890
2595
12981
947
5601
6818
7044
9000
36
6747
11779
4562
12687
6134
12675
1524
10184
13939
3063
10749
5673
5054
4391
6208
14269
1509
2575
3933
12334
13194
943
12855
14497
71
10904
9855
10377
8183
14261
11313
9799
2817
8890
4339
11891
2647
9436
11922
13092
13544
1110
3663
1493
3261
8463
1831
8239
2716
4703
591
13574
2144
8257
12096
9425
10022
5191
6223
2374
4091
13049
6126
1993
106
5007
4428
13007
10941
11934
8218
5978
14244
10068
11173
4009
8863
9631
2154
5864
2795
12619
9867
6834
4684
5926
13969
5726
1452
3450
11138
14178
3312
14560
4502
14299
1537
3790
4681
8166
10275
8777
1107
7096
13421
9472
4883
3773
1472
6252
74
5745
13651
630
10565
10689
8973
7675
4165
12673
9336
789
6191
6526
9502
11297
5077
12901
11447
14798
7989
14886
10170
5741
8001
7304
520
1036
1076
12309
2565
794
10001
14379
7900
1052
8542
10687
4860
11831
8584
8164
7870
8196
1468
395
12140
8729
8409
2869
12811
13684
13612
7503
1779
4247
14292
10500
9249
11318
8007
3581
10059
2177
3530
3574
8477
1982
12227
8229
11083
13845
12818
6491
1997
1275
5264
6486
11777
8328
12778
8510
10109
10810
2212
2328
9638
2473
12169
14414
6285
680
5829
11002
2000
7255
11583
2644
11775
9156
5288
10855
14103
14164
4222
6312
2506
6288
9113
11796
9926
13397
2733
7846
14782
5357
8123
8972
5267
1345
5064
14268
2809
13693
10329
12813
990
12271
29
1281
5463
10986
14861
14832
14227
5453
14290
3995
11191
4478
4927
6828
2903
9447
996
633
722
6942
8866
2454
13207
6065
5996
10295
15
5966
9670
1985
11201
10899
7880
13859
1899
13548
1480
11091
7078
3926
8280
7418
2698
1489
2702
2050
2327
5269
12933
13772
13868
11446
13944
3223
14784
4686
4643
12852
3408
14640
8371
11835
5356
4395
3836
12749
9866
3185
5587
13764
7473
7421
13223
842
399
2169
223
14282
4863
13741
11485
6097
8072
8230
6876
7694
4869
13359
8805
2647
7440
5880
5608
8361
7766
6940
12622
11995
3652
726
4143
13426
2961
4987
1282
11616
3947
12432
5186
12078
779
1489
10171
3781
13751
9741
1999
6724
1489
8770
10657
5728
6286
5764
5507
6757
1949
312
5576
3110
6299
12795
5359
12567
8308
11769
3430
14472
10431
8017
8758
1577
7266
11134
13835
8231
11191
7753
9054
12145
14711
4908
9951
4606
5855
174
7899
12287
8873
5874
14200
11614
12504
12858
2908
2327
8943
6716
12869
6507
11905
10416
9838
9644
48
13200
6432
10756
4111
7589
10041
6901
14704
5753
11871
5066
1219
7973
8931
1310
7285
10062
14174
4716
12284
14390
11405
913
12294
8056
5857
9822
14233
2138
13208
5321
3003
11849
1540
11851
6646
7246
12297
11233
9907
7806
11860
454
3945
6647
8437
884
4368
7341
1163
11648
6455
354
659
13119
4184
3557
7628
12826
6389
5698
13739
10527
14648
6305
6620
7389
5025
12953
3049
14359
9264
1522
11064
13605
11807
985
1230
4096
14175
12394
10474
2823
5536
4459
5423
8874
1292
10472
994
11009
4055
10483
9968
8867
77
10023
5177
14476
1888
5178
2002
9701
2975
9138
10310
11750
1035
5459
3019
12913
9299
11526
12111
816
6601
3310
13546
11888
7181
4458
4685
7264
807
7676
14319
11303
3088
7440
11924
11245
11448
297
9410
9712
4883
12559
758
1757
1769
22
5885
12255
13130
10166
3415
13778
1559
4956
5782
3077
11609
11539
2909
11512
5488
8383
14500
5295
963
4097
53
4986
2860
13663
7624
7530
11244
5801
6613
13264
10822
854
6650
14737
3932
12718
3428
5072
5766
67
485
5322
14343
13385
14596
14581
953
13728
6520
9817
2201
1049
2274
10571
11462
12404
10726
861
2144
6580
11634
12426
14137
6788
2160
8935
12874
4993
3995
804
2253
14264
9065
8536
13522
7873
2072
4289
1913
11334
9692
1977
13991
1083
11046
879
6322
9629
6485
12869
10788
7047
12857
5735
13438
12649
2411
7756
14885
3441
3318
12701
14483
12639
452
8655
12816
3743
2477
3980
14616
7622
3260
5267
4707
2392
1029
3603
3503
10615
281
4594
5919
7928
10306
10650
6732
8974
9417
6586
12968
4297
10908
1507
444
5586
11825
8246
10250
8247
8914
7518
14225
4402
4084
465
8767
7370
14346
10019
12889
9831
13468
2946
2560
11249
7096
31
1404
9103
4837
7908
3160
2518
9316
6590
10051
13523
8065
2947
11758
5867
2259
13787
6819
12279
131
2925
4138
3199
5103
5325
2266
3548
2862
5093
6078
3253
3733
7713
10763
12264
13756
3284
3534
74
14874
1632
10465
4297
4071
13437
14315
12661
12165
4856
13665
1446
4586
8218
6500
8665
9443
5852
10121
9159
2249
9915
14075
6805
11862
7726
399
12620
4877
1775
3443
3033
420
2130
11347
4741
2976
11070
12694
3234
10629
12422
5247
6905
1633
5751
8332
1871
2196
7138
690
8008
11800
2406
880
3429
2048
5715
11030
11323
2991
3416
6874
13750
7696
12180
8090
4362
8726
2528
2822
1396
8575
428
1840
2811
10007
4699
4780
11099
9381
13367
6989
1476
2375
2074
102
6072
4417
10146
12877
8768
10232
8949
8845
9442
1273
990
5991
8516
5552
12498
6286
6901
5648
11226
9367
1436
14173
9007
8141
5731
920
7683
11301
5579
702
1962
4181
7667
2642
11283
8816
4560
4640
7387
6543
13890
113
12019
3669
2980
13315
7205
9997
13626
282
1958
8165
9896
8568
14112
1700
12547
1934
10482
6477
9828
9499
11028
11118
8337
7152
6517
1727
9377
3996
5797
11271
14237
5039
8346
9005
12513
5451
715
8861
11216
10842
13348
5533
823
14861
12224
8171
617
12948
8191
2339
11756
10576
10509
2283
2023
7588
4733
3901
14664
1069
14800
9512
7434
2239
10981
16
11943
7026
12369
656
6850
4700
2544
4332
4082
284
6514
3781
5709
7812
2783
5118
8076
10719
291
13816
9727
5107
12509
1449
13341
5914
3439
489
6350
12934
5610
12224
2034
6186
134
13057
12562
1979
14595
1553
9225
6101
5740
3598
10233
3549
8164
3835
3096
4480
14324
6518
9043
3395
5567
13735
9701
373
11128
2450
11566
4119
3958
13521
7020
6457
769
4281
12599
11858
7037
13283
10846
9692
6231
480
10127
14459
3775
4075
8650
10547
5426
14197
3715
5237
10818
14790
4280
10932
11826
5536
8972
9558
5268
8720
7265
11426
2928
3773
11583
8790
5789
9894
7699
11998
219
7432
12551
7193
8383
402
14124
1950
5189
11496
8928
2886
4142
9021
10297
5133
8480
1456
13136
3769
6775
10672
9942
2400
4995
7898
12042
11478
2553
7855
233
1458
6096
4057
2101
12666
1494
9720
14767
3040
5088
6812
3691
9193
12108
6413
7439
12919
10210
8588
13951
9894
4825
2251
3085
5773
13667
6895
13733
5105
12893
587
7461
2707
14674
7308
14854
1103
11531
12819
7609
13883
7518
4215
9884
14018
6752
9203
13652
2697
14793
8656
11926
39
12787
14438
6265
12538
14716
2581
13171
14371
9292
1428
7151
2346
8185
9870
971
2973
10047
13398
14273
8781
7715
7449
9732
2736
9617
11247
6574
3756
2738
13913
11265
2156
2667
14388
8049
14289
1746
9580
4976
9107
449
12846
13102
157
13591
12540
6899
8791
4813
9316
8862
11074
5142
8073
9886
12606
98
5834
12652
13053
12567
1822
11374
4492
1327
2168
10628
14054
5923
9245
4939
353
3677
4981
5242
5907
8065
3060
3909
14454
9800
9965
1546
6560
14259
6163
2014
8571
10957
12157
14503
4800
14796
3612
11398
8489
9359
11679
11086
13112
1307
596
13472
11068
14071
11824
6134
9468
11431
3546
1730
2581
2232
5591
9131
6840
6310
6113
476
12161
3005
7089
2902
73
3457
4626
8930
14157
10307
6372
7639
12265
14321
4278
11900
2851
7391
5904
10997
10341
13896
14128
11485
4661
6273
9735
3377
11789
14729
14672
10960
6075
6876
7886
5353
12077
13989
4738
8243
3868
7201
9287
7566
789
2537
2877
9329
1183
1432
6008
5450
9831
9215
9002
12890
9401
7755
10138
11105
3973
3592
13190
7313
1805
6882
13439
933
2219
3095
3501
2678
13739
4231
13589
3966
5377
5165
11125
12137
8682
8507
720
5143
4080
4669
2167
4376
7287
4356
1425
2635
4706
5346
9102
2985
1447
2913
7231
2592
3721
1990
11824
12704
6703
454
2924
4659
569
11815
12833
11048
13341
3984
5724
3678
9427
12585
3376
8413
2895
13770
10572
33
3150
12933
13874
14853
6476
9064
397
8706
12442
3662
7592
2674
5470
7898
4862
2558
798
7468
13426
6890
6836
7568
11825
7246
2711
9482
11618
12008
12379
14330
3531
9046
7946
12349
6560
13080
5926
11561
6047
9236
11638
7581
6320
11316
9621
1986
4103
6023
789
11737
1223
1120
6999
8921
8313
6661
8009
6982
3921
6607
6558
9031
14736
12326
9367
4566
4580
13980
294
3816
9385
14090
1441
10251
12885
13040
10584
10287
7675
6039
8203
9085
1793
1696
11084
3681
12887
5870
5853
3293
14455
6843
3858
14631
13657
4666
10753
5433
2813
7694
13627
6042
1799
199
2152
10063
9868
4462
9535
955
8300
742
1791
5933
10740
3083
9028
8459
3518
3637
7917
8471
12792
2650
3202
6288
3589
5905
128
11814
5010
8201
8611
7081
11487
10552
8595
258
789
919
10132
10302
2392
2606
12415
5793
8385
8323
11314
5590
6134
8950
1773
6795
11143
10364
1509
13456
456
7048
11269
13902
5259
14304
10603
9065
9195
10947
515
772
9212
9515
13817
9191
11818
9393
6463
11092
6631
9911
6216
1883
6156
12384
14094
1183
8875
4809
798
366
6959
14733
5276
675
5275
6124
4751
5912
5844
12694
11483
9299
10226
9438
11515
14158
3091
12177
1730
6157
7698
8369
2371
9213
6592
4395
6407
11211
13090
8688
12620
9036
3449
8503
5854
14740
13642
1145
12696
1265
7371
7121
416
11468
11955
8810
5622
116
2149
14551
1301
1086
9914
12105
7675
3818
13775
6169
1027
5601
5267
13451
11808
1919
11104
10556
5202
6563
7774
13658
11901
5919
2036
4889
14761
12700
4641
10758
1106
7395
6267
8027
283
12073
4056
6181
10892
7507
8479
7225
7765
9380
3194
5913
10628
14684
6714
8975
5119
5800
3477
1551
4503
10894
1893
14213
8320
9967
8288
12031
8629
6152
13342
7772
7804
5927
898
398
9477
11667
10558
7454
569
7203
13324
8210
7562
6019
6535
7558
664
3940
3173
9131
8480
12140
10130
5059
2714
7856
5482
10097
6022
13684
6980
7420
10794
12373
3424
14673
2155
10773
8258
11129
14842
3304
8357
10639
3882
5247
3087
6016
2733
2658
11029
6370
12622
4060
8087
1072
12393
11503
6734
12907
926
3693
7507
9693
444
3994
5799
4315
8300
10272
4048
9574
6600
13236
14298
13157
10226
1645
786
1382
2174
12241
9881
1820
421
12427
13268
11594
6888
2068
11424
6854
3920
9492
10526
10823
12384
782
6259
8958
1513
662
2087
14351
6614
3795
9413
2598
2218
8456
8050
12310
152
1789
4873
13438
4641
8333
11159
5226
9448
9347
3171
13592
9486
499
2794
11005
9349
14138
3514
6480
7290
11166
9028
11855
5579
6565
4604
1556
11011
5535
4746
3271
8004
14436
7680
1102
4932
7019
2107
14858
3643
792
2134
233
7664
11410
3714
10929
9128
10385
12237
5864
14049
12195
3573
1363
3664
8968
1367
4260
14360
8264
1016
13412
6001
10819
9941
8921
1099
8003
7933
2309
11663
6297
2606
11569
12258
4705
7471
8547
4251
4046
14594
1678
14247
10315
3102
7123
9051
4738
6069
1431
38
7453
1393
3855
2206
8068
3837
8426
6792
2111
5041
778
12217
12744
4806
14108
6465
14346
14821
13100
14029
6305
6875
2456
4740
12642
3260
14308
2856
1983
5946
5418
12927
12032
9271
10115
11645
7189
8108
1857
11800
14137
14807
10879
11225
3185
4754
10100
4600
3520
6468
4910
4080
12130
1971
12037
4137
5836
14346
4892
6776
1703
3407
14508
2733
5960
11270
14528
969
4599
1883
12821
665
3711
2143
6597
13051
6953
4929
14857
668
5820
2608
2332
9727
6035
4211
3875
7878
3070
13679
10261
1108
9650
7041
6640
10467
95
5747
2703
933
10051
10122
1100
7297
11968
13845
5745
6862
9408
1197
13768
937
8823
9956
7327
809
4029
12445
7306
5074
13854
13773
6664
14767
6480
12334
812
7900
13360
8824
3305
7814
3428
10783
444
6077
11517
1678
13240
14789
11171
7639
12029
13406
11954
6169
6430
10689
8512
12520
2619
970
3521
372
5709
14787
6247
1481
14548
11755
10542
9453
12922
2693
8774
1626
6263
1802
9247
2972
961
12292
260
14872
11694
11210
7205
376
1650
1870
8344
4922
5739
4118
12470
8784
8176
149
2234
10485
8265
14314
11960
7057
12211
11872
5485
11313
5450
7988
3519
10691
8256
5656
12597
9357
1646
9342
9413
4394
9550
9318
13860
8179
8391
1940
12326
14108
8708
14488
6680
13696
13872
2305
11987
14263
10092
4691
8345
653
4497
3145
8284
9615
3758
5146
9381
990
10071
10283
14682
5022
9612
7194
12612
5840
8792
923
11491
4281
8865
13328
8318
12989
3166
7806
13693
318
12499
12865
12801
1422
10529
9044
14752
5795
2383
875
9748
13203
6219
12901
10847
14885
10730
2656
674
10898
148
1281
557
11249
14240
6372
9443
4838
4838
12269
12699
4004
13428
12063
11373
12174
14675
12786
4112
12810
3187
13167
14155
11592
12666
9837
11125
13809
11173
3998
1541
12896
4025
7477
2014
11307
1015
4211
5569
12614
3177
1060
871
3263
2540
193
4186
5802
7107
7575
1695
7679
14469
10046
6781
2481
13654
7655
9414
12480
8102
12277
13774
11205
399
11152
7865
8627
14083
14087
5740
11200
43
6057
3526
7612
7896
8026
9513
10664
2242
3593
11707
5288
9107
11714
278
3410
7595
2410
2102
8505
1057
9132
7736
9690
2091
847
10543
11906
2192
7014
13076
12326
10752
11516
3925
10565
10651
9968
2567
4742
13499
3346
10405
7994
14871
6403
10912
9127
11284
12959
9257
9722
12620
7449
8060
597
3917
832
8609
6674
4163
13733
12073
7002
12158
10373
5694
7813
4724
13709
14894
14490
5452
2704
10332
3264
6440
2524
7166
6140
1833
2060
9386
584
5372
6307
2809
13953
5951
13112
5286
9727
9780
6629
2944
11538
11041
9518
2349
11082
5381
10473
3405
10028
3360
10812
13027
4766
3937
10852
13971
11493
8834
4777
14087
12196
4873
6263
13873
1825
7524
9024
6612
11412
3924
9811
13365
7474
1242
429
9947
9858
4093
11818
11800
8770
233
12180
3449
1404
5804
5240
13190
9396
5436
5363
5654
11720
9306
3004
3007
7523
10273
10505
11203
6224
2711
13059
10569
10532
9915
12046
2545
12202
13155
1784
14651
2679
4404
643
1375
14482
12563
2170
9049
631
5551
3514
12437
1244
3934
7085
12009
5018
3654
3630
3700
7059
12219
2343
4277
4532
9486
1678
9173
11903
215
306
14273
10001
11915
6581
10689
6946
440
8376
1208
1652
5869
9863
11082
2309
10745
10649
786
6243
10156
7486
6582
13017
10535
7961
13412
4575
2372
13174
9613
7429
12770
14122
1688
1044
8375
9902
3286
4430
4374
12689
6607
10736
13749
10079
4936
6972
3389
14866
1233
791
6155
11558
3037
9316
5292
8462
8559
850
1592
2453
3268
8427
13403
10753
5415
3940
12509
9725
12196
8815
1267
12593
136
8103
444
1074
6970
12653
14851
4435
7772
1338
2973
4102
13508
5037
4522
11751
632
12139
14790
2496
13859
4249
3311
11414
12959
11021
7828
126
289
11174
2623
8866
6957
11695
4125
12768
11460
4602
7427
1282
11847
5950
9426
11438
9468
12165
10718
516
4507
233
9841
6805
710
12011
12790
9457
6194
10601
12104
11935
4386
14198
6787
10255
3418
1114
276
9297
9404
727
9171
11166
13378
7246
12596
13333
10034
9261
10638
13364
4752
2395
9067
5592
12585
10287
4270
143
13489
14173
8287
1058
4633
4252
10744
1159
6398
14883
6100
432
11621
11224
2058
10149
2978
9799
10300
11315
5688
1902
10995
10243
505
9436
6016
2905
10794
11910
11905
6571
13221
13646
8175
11469
9774
7165
9739
7971
9953
2692
7253
3395
6021
9244
9705
10863
6006
5937
9531
8171
1514
10778
13459
13631
5648
9879
3223
1084
8506
13391
5958
5542
9267
1725
9423
3692
4754
11855
1271
830
6500
9877
4238
7203
8777
5925
6472
9952
1514
14618
8975
2366
9059
12398
5522
7937
2180
3626
2367
13105
13275
14755
8857
4294
11454
1994
10630
8570
14414
3219
13529
8215
14441
3064
7685
6585
12733
8891
1922
11423
13558
12911
11563
4197
6775
11986
12314
1249
6782
5239
13799
14293
14644
596
5895
6130
8176
9474
4211
2658
7821
6504
11968
9534
12457
6393
13071
13331
9847
3827
2415
11818
11035
5213
12285
13444
17
4773
1996
561
7994
12435
315
4276
5353
7290
4921
12515
8436
4876
5717
13554
653
4206
7299
10698
8011
5116
14821
12612
2495
4444
11624
10159
12133
5542
10030
1482
12959
9237
6398
14631
11085
13128
9624
6204
7694
10514
14444
4938
14610
14749
13051
12089
6657
13773
1789
2164
4770
9082
5724
1535
5816
5745
14466
5928
7130
3879
4841
3608
1530
10690
851
7080
9336
13153
2516
5577
10429
7170
1638
3460
11524
9497
13627
4915
3384
5663
1197
11633
2169
36
6606
4659
8099
1564
2649
12159
9330
12974
2670
13385
12508
6541
2416
1606
2735
9320
6890
9626
2737
7861
14518
7973
8897
1774
13458
5882
7974
3988
14253
14277
8943
5653
10162
8520
11443
14548
2634
60
6477
13864
8143
8369
9590
3101
6524
12464
13433
12781
7235
469
160
1634
7221
13988
9111
14342
4216
9942
9383
6861
14370
14092
13006
11842
12162
11093
14581
9778
545
11342
14779
3589
4642
6109
7918
13236
5497
6371
419
10370
91
2737
10111
1164
14493
8812
9423
11123
560
1592
14168
12739
4652
5834
3480
5106
3274
12936
8769
6423
7566
7753
14497
10641
3016
12886
9913
11701
7951
11330
11654
11296
6422
1179
5296
7687
3085
4482
12167
5960
8922
12990
12299
8417
4330
12263
14839
12479
861
8580
7353
4946
7370
1590
2317
7495
4956
6764
2035
1915
12443
2037
2433
11487
11548
7411
8318
1645
8684
133
9380
4200
13475
1687
6634
1366
6050
165
14029
10912
11914
8515
7782
12285
13882
10597
5958
13289
9724
9160
13830
9531
11387
9422
8562
12839
6223
2069
11607
13443
11972
6240
875
11816
146
3520
6733
4682
10534
13176
6026
759
5387
167
11595
7554
8256
2740
14894
13979
865
11313
6382
9901
8522
4810
14745
10447
4516
5648
13165
81
1980
8003
11651
12833
13019
3035
9409
7417
9557
10949
10691
13156
7155
12663
532
6656
4314
11203
1230
12138
6910
210
3057
4902
5512
2064
13908
5262
14808
9051
12905
1472
8556
12528
10316
4979
281
4173
7392
2882
8695
10812
12384
11756
9145
12285
1800
3780
984
12237
13247
6850
4755
14521
13164
1417
11000
13748
9089
11435
1821
3527
9913
3485
9485
11224
2348
6786
13156
7874
11350
14204
2046
13897
3052
14813
6337
2253
2304
14596
8831
597
8307
4906
13535
12240
7216
1990
13325
317
10263
4036
8588
2451
4402
2962
3391
10406
4716
14080
2620
13833
8999
3384
902
4405
3579
9207
7771
3829
7596
5096
1272
8757
809
14147
3822
11527
1386
6466
4885
2616
3832
5335
9829
13471
9472
1054
12101
3997
5055
11047
7741
650
5703
14294
2436
9374
8088
13795
1124
9927
8547
2969
2691
12827
14341
14112
4995
3898
4934
13394
5718
12403
5323
14321
2073
2080
8651
8201
1268
4276
4242
14164
3722
13542
7412
4082
3893
2272
8167
2874
2171
11959
11919
13282
12957
6661
9473
6837
5430
9285
13767
13164
1156
14873
4957
12723
7133
5766
1008
3712
10765
1798
5948
978
5972
2081
2618
4472
2953
10223
11843
14761
9779
3305
10815
6227
5490
8972
7701
2258
5511
11806
9132
14390
14461
14301
7441
11902
1780
28
7210
6638
1650
931
3951
5904
4247
10914
3942
11909
6502
7513
7539
6714
3306
14070
4483
11016
6126
14477
3491
12360
11747
9268
8465
10528
14522
11132
8208
4400
213
854
702
8647
2371
14476
7481
8063
3857
9041
9001
8126
2217
13845
9042
11550
2310
14013
2925
986
5590
11975
1150
12168
3323
165
2822
6477
5692
7893
3885
223
1015
938
5403
9648
2874
8948
10523
3086
6082
14180
3880
1245
12017
8316
3648
9309
14435
12607
9716
1596
9299
9681
6495
9765
14663
11890
9025
6447
4355
12649
6576
13322
6517
7694
14556
9126
8859
7891
4535
6249
12425
1013
3701
1618
7234
3185
2701
7619
4606
5803
704
13831
12111
5845
7927
7555
12888
12538
13253
11900
7365
4609
726
10740
11371
5067
4519
1342
6641
13236
13832
13419
9677
12256
1157
4128
14632
7192
13512
11295
10315
325
9476
5522
7192
10093
7470
8374
9823
1795
5505
6708
2264
13648
2992
4531
4720
13701
12826
12636
9005
12656
3736
11327
5008
5818
13764
14460
9801
8537
3825
14021
11867
2892
5647
5315
14358
2232
295
9040
7382
12147
7936
873
11502
13607
7162
8701
5656
9460
667
12028
8037
9009
8669
8705
13792
985
4998
5752
5741
13162
12615
6994
6331
5835
10822
4347
13536
7062
1936
4596
9672
1827
7854
11518
10120
7514
12202
13932
528
1374
13948
3158
5358
13699
2913
13419
915
14319
13227
6430
13478
13565
9406
1376
8878
13579
5298
6044
6416
2281
3852
6581
4222
7206
11591
9789
4485
887
881
10179
6686
13018
2432
5512
10643
4437
1437
11489
8896
10863
9526
14354
10940
5737
5119
2633
5692
4838
7892
10546
7823
14722
12732
7424
2453
13880
7154
3137
926
2873
1110
9680
8485
12311
4646
1845
1457
8952
673
3867
14178
9165
5965
9344
13051
7839
12990
892
9793
4859
1107
6460
8109
4159
10089
14039
10987
11725
9512
3102
5927
12061
14563
5272
10479
5480
4596
10874
9891
499
8096
11457
7519
1708
12048
5624
3572
9167
485
9867
2236
7530
8408
7749
9786
5862
13801
6917
3316
596
7066
14718
3249
2621
2572
352
13992
13712
12915
5219
12301
5914
1992
12417
1605
7466
13782
1784
9659
4186
14144
320
5126
11716
154
2854
6342
10392
2962
3008
261
9437
9334
9613
11159
7356
13199
4669
4808
6088
527
13622
10382
10059
1716
14868
3355
1962
5110
7492
6829
12157
11439
6601
13137
4966
11260
1688
7245
4127
12726
6259
3185
10730
6795
13476
4865
8075
14501
5045
11582
10126
14187
5997
10438
10157
6523
6795
6519
1197
7741
4858
13774
7541
13565
6031
7954
10599
12898
3023
3771
7419
2345
5935
2684
12626
7353
10958
1285
8902
10368
11364
14
3687
10235
4492
11640
13600
8525
13261
2237
7325
1537
785
14057
7916
479
8178
8780
12957
11171
14544
2866
11461
10003
12277
3870
11129
2845
9066
3629
8127
5740
1427
6692
1966
13760
7556
14189
4981
7943
8059
6848
765
6249
6147
13890
13121
1227
4462
292
13137
10043
9647
7162
12386
7431
3285
11626
699
13469
353
7924
10994
7203
2400
6409
10230
9703
11834
5238
7474
6939
8283
6246
11652
13931
6250
3345
14341
2156
1371
8832
10168
931
2538
2055
14666
4790
6249
26
7260
1528
11179
2887
12381
14457
6670
3463
7328
8108
1164
1999
975
14882
4082
4290
28
6781
10280
9502
155
8641
130
10526
4371
12990
9331
749
11606
14032
8243
2083
13237
2364
7069
546
3791
4980
13567
5124
292
315
9251
2410
4456
7681
14540
3990
14144
12015
286
14030
6929
12457
10670
64
9226
2045
6810
7257
3414
1878
2288
3234
3013
5337
11615
13901
8676
3519
23
13975
9000
598
9293
5757
4095
14283
1275
725
5942
1535
3675
2605
11026
4133
9349
14395
10353
6613
10975
4436
8166
3122
13959
11721
5911
7960
247
3451
10190
10332
2289
10606
271
481
454
2258
8427
14713
9557
11969
2159
7059
6059
8404
5993
5690
9732
9777
13560
12549
609
7114
12327
10031
12253
6864
13294
3882
8096
11186
6647
10397
10363
10865
3946
6122
13668
6325
14646
4558
8160
8572
953
9770
7344
9997
14523
11791
700
14161
14175
8943
9629
4814
7130
10375
5466
377
1817
11380
6292
8238
5243
3968
4339
4336
3301
566
12156
13694
13207
8082
11030
11390
1969
1972
13523
2920
8732
10111
4926
6529
6603
1973
12911
9667
5728
6392
8874
8533
9767
10730
14021
12905
5444
2260
1306
9928
2293
12448
9903
14449
7112
4357
3539
12780
137
12378
12743
39
1342
4783
6875
2719
1709
7418
6492
6052
2728
8525
9951
9395
1897
12026
24
2713
3699
11914
9295
5066
6136
14125
13416
13732
5836
5436
6509
12265
7358
13352
3848
4152
1024
10942
13894
10928
10601
5708
4972
3455
12848
5157
1680
766
13350
4888
9081
7576
4305
4177
752
3702
5885
6905
14758
1623
2627
9481
5195
7077
13445
9248
8630
1704
3631
11012
10933
2649
7053
2582
9391
7533
6239
283
14882
4603
3553
5200
13739
1912
12566
3414
4715
3470
7635
659
8109
8427
11522
14188
12583
3483
1630
3530
5249
2413
791
1037
7273
11419
10230
11898
1535
14177
10468
8743
13546
1484
740
8319
8835
1315
10866
8860
7360
7881
2780
14838
1613
1949
857
8488
6723
3692
10225
2435
9963
9927
14358
10170
5068
5697
9869
1054
410
11967
6290
8107
10641
5773
2599
1676
6266
11548
403
14765
4481
11616
1482
5921
334
11886
12488
12832
8366
9120
8832
14108
2984
14876
13578
619
6063
212
12948
2154
2304
9584
495
7490
2749
3201
7357
12069
11003
6551
14414
7439
8413
9871
1416
8722
4351
7581
13068
9937
13911
12855
8828
10524
10363
6870
7244
12083
3224
2415
14261
6136
177
10250
12600
14061
11984
13608
12818
786
13730
9661
1083
11037
13622
6274
8326
2852
9970
1004
10296
3892
352
13405
1712
2104
9657
7427
8589
5584
3931
7714
7623
14859
141
3313
12448
5340
1814
5636
8384
13584
5592
12361
6460
1560
4097
1725
11943
7101
6782
11607
9600
76
7359
14812
13978
9520
10752
11939
6881
12121
2193
4941
7869
13316
7696
11188
7779
9116
14565
3594
5892
5355
6341
11745
802
3867
8389
9792
14699
3964
3014
14579
6986
4989
9959
14824
13490
10621
14079
4820
13633
9628
2444
8199
4011
1033
9624
11772
14616
7962
5285
11928
4964
2821
11470
13859
5352
12694
11480
6953
13351
11053
2311
8047
2949
2682
12099
10600
7817
209
504
9354
5530
7244
11439
14142
10206
9281
822
14174
6338
4347
9298
6863
540
13246
12968
2822
1129
7189
7161
11490
6110
6494
10600
8537
12928
10464
128
4444
2834
13397
6126
10258
565
1662
8944
14686
10224
11879
10639
14482
8938
11143
6515
6107
6589
11414
13404
7439
14438
8584
2964
13036
10069
11370
14676
13318
11493
4859
13267
14731
8074
8201
9715
1909
5817
8544
6715
10024
5684
13483
11905
1093
2896
11989
12995
5463
1407
3074
636
5596
14125
610
8140
1964
7612
8428
4980
2702
8548
4052
13151
2835
9797
6521
5566
11659
12311
427
183
12650
5365
7607
9291
3590
1095
14616
4138
10521
14819
8097
10271
10862
768
2097
10198
7099
2249
14368
7239
4857
4872
13731
12821
2469
10832
1893
4353
7002
14118
6094
11315
8458
403
10804
7839
12645
5999
6812
8932
14827
7756
6323
7232
3702
14754
13221
8185
12871
1609
10906
13202
12173
2189
6749
3186
8360
1885
11077
4286
2342
4840
3462
12798
6849
2734
1523
1085
9290
1380
5237
13552
1926
7415
3567
5704
3921
4785
7320
13008
2811
10890
7110
303
4784
11168
3738
12890
10116
7546
11601
14812
10924
9537
11519
716
2141
4425
11201
4718
538
6625
10617
7858
5791
3409
2652
11224
7774
12469
8604
11295
9014
8302
3912
2529
4666
8410
11659
179
1004
13521
13364
9338
13729
14493
13794
11243
267
9874
9029
5370
11766
4119
3974
5773
3033
1591
27
12593
770
1044
265
4474
161
7573
3621
9545
6918
1174
2877
1266
11288
4866
587
7599
12162
9620
10504
5525
4124
2888
2645
10517
3652
10084
6841
5920
12056
4264
13684
12928
8109
13275
1237
651
1122
6576
9361
5443
9178
10384
235
10335
9965
14027
2829
4765
7916
6306
13035
2435
11820
9510
9523
14428
3305
5259
10281
10382
13965
11398
8488
7507
3546
11680
6887
13538
6276
7253
11910
14171
1565
6497
14668
10325
2875
4265
2440
14170
11317
4804
500
9012
2516
4471
3837
1007
13738
5342
9228
8961
8293
11845
6728
13414
11085
1290
14437
3062
6007
4008
4628
10927
2769
11801
13484
11793
7547
9263
256
3206
539
4143
6288
548
3614
5529
2753
140
14848
5680
116
5695
9419
344
5507
6903
9392
13888
8511
7577
7241
8761
5148
14471
12113
614
11884
11067
10921
8715
5353
13016
12485
13430
13644
9251
4445
63
5535
14885
11765
8948
9381
8096
14503
5263
13585
10626
8358
5075
8362
7772
1111
4175
1575
4939
3129
790
9095
549
11625
14885
12371
875
13571
13004
13675
4569
6175
7627
11433
4052
13303
8800
13699
5947
9426
6769
10557
1714
7425
14505
13177
12098
1487
1746
1568
10450
11135
9625
7542
542
9509
1732
6097
8630
12356
11464
12165
4035
12394
5742
5390
575
13396
9724
8622
12551
10478
256
5526
6371
2023
671
12411
2597
2350
3877
292
1222
10402
6198
10383
11984
1609
11286
2233
6979
9326
10794
14512
9123
1176
7024
14737
13466
8667
9218
6035
3877
11479
14358
4639
12805
14534
1820
3051
14529
4888
8386
169
1995
3118
62
10819
3862
6246
5148
10175
304
12353
8848
13855
6909
1262
10370
10578
7304
1589
3608
3288
6537
12485
4871
11767
10079
10942
9407
1533
6556
10928