9354
15391
13842
3463
9111
663
9411
2598
14305
15628
12165
10865
16068
16499
11346
5973
2906
555
6983
1208
11707
3932
17246
17111
12589
326
8298
11118
14534
16688
16404
2351
13444
6608
15377
12083
16090
5387
4516
5924
12141
8261
9330
97
6855
16055
17238
6735
7615
6306
6518
16644
8678
7483
3991
5933
8215
14511
9887
6425
7032
8634
10133
16534
16282
5794
5537
12463
6056
4264
17352
16062
4372
16942
13325
2413
10549
1313
3872
10159
6972
16322
8422
3549
12259
14220
2293
15031
4806
15492
17089
1911
9744
16494
14857
15915
12678
10198
13114
15384
7717
10475
15382
15078
168
10586
6334
11740
2565
14889
10258
11173
10037
8637
15344
1532
2734
1452
16623
7223
9793
11088
16376
532
2876
15736
15941
8653
3392
12928
2588
15816
5091
883
2108
16378
12902
9447
4884
3183
15125
10720
12935
8129
10040
1945
14003
9446
8639
4427
6603
1883
15513
15816
10223
5209
15568
12538
10721
13338
14379
12078
10322
8885
11745
3994
6572
16981
2283
12362
6236
9785
5920
9664
2501
8851
11462
5631
3308
16847
14763
6323
7935
11425
13370
13394
2421
12041
4729
3912
7275
4446
4877
2569
6576
4717
16779
116
4184
5043
17090
15937
2567
15167
12428
16595
5439
9256
2666
3112
16498
327
13284
15655
13236
15817
14653
13811
16533
6944
13153
5670
12221
8955
9364
16789
17163
604
4978
16367
5346
12082
5140
8804
2625
8618
10153
4097
3991
4825
3549
335
12635
10732
15287
10958
320
1342
3794
5311
11465
1398
8997
11641
2723
806
13377
13176
15555
14670
5033
913
14462
7968
6464
2194
12666
3419
8488
5427
9444
7261
10542
8367
13516
14944
16827
39
11738
535
2514
3444
11689
11905
5883
13275
12902
16650
5499
13758
7378
15832
9194
14149
10268
5893
1585
14800
9058
5290
2116
2825
1328
14251
13564
13470
16297
9016
5699
13832
7038
4546
4766
2355
7093
10016
7669
1320
1498
6530
15903
15349
9873
9669
11461
8890
7316
16592
6117
9198
12925
1593
9952
11329
4965
16927
6487
4838
8353
4618
11648
8595
5498
8423
459
2057
13286
1715
5677
8718
10350
9418
7585
5621
7236
314
11984
11653
9445
3149
11983
6405
15065
9812
9143
8914
4174
11888
14096
8264
8548
8710
6722
11110
7844
16966
621
6942
4607
15785
4682
8018
9820
2309
16658
11820
15556
11044
14256
902
12775
10805
7435
14268
11193
13384
14259
6834
4196
11399
11379
1242
6672
1821
8756
13322
977
1533
202
7711
5591
9959
1267
5850
16180
10712
6061
12679
16650
2798
4517
6770
16577
5821
6285
11048
129
13040
5869
12968
7128
2234
13975
10697
4512
11387
15676
3907
12087
6089
1306
8048
8024
13787
8661
12016
10369
1537
943
13626
17373
5258
14144
2336
3243
3920
12873
8869
10993
12459
996
15708
4481
14508
16732
2918
4956
10656
10750
8169
91
15326
249
9055
10052
2838
13178
905
4692
4059
4977
1574
9081
6131
13877
15233
364
10754
9313
11871
13598
7153
9102
1764
15112
6027
1920
9960
1070
16630
13791
17393
13649
10570
8270
6753
14090
7690
16413
15650
6473
10553
2131
7590
757
16837
5450
10220
10692
13244
14958
1681
14997
5492
1052
3538
15447
5028
16485
6921
12815
10087
5706
10155
8415
1345
12335
9921
6398
5142
7085
17255
14178
6366
1068
5616
8722
14604
8099
8840
13032
12934
8031
3569
588
15211
15673
5242
6558
8598
1805
11115
1269
16599
15576
16002
2
12670
1355
585
11646
16384
12034
12936
4164
9973
3706
5177
272
3537
12902
9214
4808
4108
13685
10384
1833
3179
5277
9192
5972
3149
7967
4614
3933
3352
10110
3924
12503
16715
16928
7741
14598
8613
3637
6859
16838
1003
3175
7881
3062
16947
914
1319
773
10170
4463
1384
1495
10304
14188
4658
5070
16760
15390
14574
6531
1062
9006
16418
6262
12854
12433
2527
15591
7457
1843
245
591
14034
10402
2453
14195
10821
9875
13798
7015
11409
1378
6809
11351
16626
13813
5618
172
11373
10787
12716
13184
16127
13836
862
11861
14662
15458
12451
8893
14391
8930
9377
13756
3557
10075
11345
3844
4194
3044
9859
11165
1447
4413
8600
5102
12951
16722
11211
9838
721
15151
8647
10974
9077
11951
3920
5944
6305
7212
1945
10540
7381
1008
1710
9527
13209
2588
15105
12278
6029
15701
779
8504
9566
14761
16119
4164
11461
4157
3406
16374
16703
13630
3195
14581
14076
4854
3892
7976
1220
14049
14080
13115
5845
12276
527
14454
15654
8769
11846
10203
740
6978
10806
6795
6173
14064
14982
15203
8114
906
11912
11821
11206
1510
14553
12497
3948
8765
17216
5476
4084
16422
4981
7132
6423
11746
11613
6241
4314
9251
10796
3036
6901
12875
11327
16019
3554
14504
10302
7064
11417
1296
5302
3348
14409
7312
11353
14558
7608
981
14327
5551
16202
6966
16072
4680
16450
11593
15909
5441
5174
1934
15769
15877
11593
17022
5785
10280
12340
12392
9437
10974
9024
11504
14739
11667
15452
7262
7208
6352
6766
8776
3542
17224
430
15348
9833
2406
13601
206
10404
16874
15902
11385
2140
14722
348
8262
15867
1006
6452
9581
9702
7209
14894
8572
8124
3142
7001
14749
3906
15641
6852
9138
3346
9578
9019
2974
9033
16394
10467
12375
5
16868
17037
3738
7768
1851
12568
11107
14576
5755
11135
4272
10077
12167
15548
7630
8572
2325
1180
15164
5466
7514
2807
776
1397
13872
10776
7542
12739
6367
235
10227
14342
4661
6542
7497
9340
1704
15354
2965
16718
12029
8070
13911
5672
13505
7200
11482
1588
653
11017
1883
1081
6888
6393
16663
17255
14292
2402
15930
4573
9851
2453
15995
2828
4162
11523
11781
9773
15811
4743
10432
9040
13693
7508
4447
12886
6337
10752
4965
8186
7930
10803
5645
1827
1767
3128
2975
1971
10614
7088
1074
11274
1445
8960
6045
1372
6545
10873
659
9133
1885
13245
3716
17235
13016
4728
15055
3048
5664
3110
11752
5231
3146
8207
1931
13612
8266
815
6621
10653
5419
3489
8457
8400
14539
13478
15542
15016
12463
2285
14743
8381
17368
13087
7366
16192
16906
8936
8081
2239
13584
7148
10681
9310
13076
12023
16056
2507
8484
6221
12094
2239
15184
6942
13431
16520
16486
17357
12096
14709
10243
3951
4213
8785
9757
10760
136
7051
13284
3219
10083
6819
16101
9218
6734
10790
15382
9460
5312
13307
4679
11725
5621
1556
842
8094
10090
12948
11099
397
15009
5925
8459
15501
7183
7741
3028
16544
6706
3154
13029
12953
13441
185
11474
14133
5264
11869
13797
16410
13800
12381
10903
7541
9914
12720
9850
4200
8209
7727
7187
2416
14377
15354
17002
10460
1696
8509
14876
15115
16135
11700
5385
5081
13438
4240
2550
14694
1325
7299
321
10502
9223
14955
6390
12487
5727
14957
13105
10351
1512
6491
16572
7571
14405
16434
5568
1642
14693
10873
4380
9466
15211
874
5225
5627
11355
12114
16326
5126
5929
14974
17101
13518
7115
11181
5318
15278
10528
5463
2013
9653
9651
6352
16722
10805
4764
2311
8846
10252
1196
2692
2190
11970
432
12358
4757
2610
12761
15264
4494
6349
2112
1878
10401
8568
11789
15214
16816
2558
847
3076
6823
17301
5122
6203
12668
10075
15174
15836
1156
11296
12548
12108
4864
16321
15734
7825
14943
10187
10128
3545
5944
3011
12868
8988
10808
11773
2138
14132
15008
3628
6614
762
4372
1687
8683
1859
3550
1386
14285
2462
10179
9305
2050
12142
13764
3199
2641
10875
3320
5512
10095
2841
8617
6684
11406
6138
898
16149
6949
7133
16446
8457
9727
6551
1128
10976
11258
4995
12185
4858
3308
13299
11360
7093
14354
13635
8854
8654
16178
5051
16704
5336
16527
1031
13874
8301
16615
11034
9798
12867
7771
15535
17218
4809
9776
2480
3110
11230
11433
700
3956
7746
505
5939
15892
6941
1554
7
9313
4813
2046
9130
11194
611
5458
7534
4978
16944
14064
13914
7605
8597
16205
4536
13341
5089
5821
11284
16120
8731
6645
3348
7855
9308
8455
10555
16107
2556
3892
10153
11895
11517
16394
124
3851
7169
6418
7458
9118
12684
4083
2824
3189
1778
7180
10424
14992
13284
4416
10759
6618
6188
13653
10456
3454
10674
16648
6999
7256
12427
9321
7739
1660
1332
9893
11626
9292
9158
10350
8136
8075
10732
11004
13180
5521
10622
1440
10197
655
11658
206
9620
17325
12801
7853
11732
6810
4735
8276
2049
6693
552
15951
6506
16773
2266
2519
13155
15341
2207
12378
4875
3434
14040
6796
14244
1901
15249
5863
15943
7040
12553
10517
6830
2145
12501
1328
4398
10912
3092
15165
16708
2299
1446
9474
11026
8154
14513
12587
16459
14624
16365
16144
9000
3965
11028
8281
3632
13749
5725
9302
4917
8988
12444
12622
2300
6681
10915
14670
17271
12526
4271
2800
7651
10086
3905
7654
15980
526
12159
1261
10911
9668
3009
8969
808
12101
16178
8754
12920
6440
8525
6646
16992
6224
3929
16989
14086
3542
14165
7027
4320
12617
15148
16025
4807
14944
1604
3635
1448
3284
6525
14346
17270
16831
5442
14746
13828
16701
14131
1405
5996
10963
5135
444
12851
7031
10636
2179
14302
5833
2162
15503
8198
14326
5510
14602
1261
16904
1885
13445
15269
2260
1019
6519
13912
8424
7883
17025
9007
13118
8699
14185
3616
14599
5671
362
10595
5869
8994
12758
8013
6608
1296
16923
6212
15277
2048
9983
10951
10934
9128
6788
15926
14798
7256
12708
13673
3379
17268
13179
16071
2960
15597
9759
2032
264
809
9589
13451
6600
9295
2326
14506
1993
8952
8878
4622
14248
10614
3175
12852
3613
6092
2940
15754
5557
6362
8461
12523
11139
9214
12054
3212
12340
11227
9227
1378
3639
12757
2197
16554
8582
2817
5678
6808
11654
2072
12937
11102
4467
6925
2934
3449
4741
618
7635
16010
2244
9744
1014
14709
13309
7607
224
4534
19
6741
2857
5600
15661
1022
10786
9435
11037
294
8697
4124
9481
16801
14120
1398
7268
8344
2021
12043
13352
15376
3135
12196
13324
3736
7144
11177
8981
1549
15615
11983
9741
17276
8614
12838
11323
15931
12755
8556
8006
7632
1616
477
15495
9863
377
12370
11026
10630
12191
12718
6897
7987
11749
5347
5823
1757
129
12155
11515
12529
8809
4652
15860
3717
8542
14271
6033
15620
5001
17083
8404
9354
13980
9556
1104
5985
2319
5577
544
5832
11784
2744
1464
11318
14216
7141
5832
13071
9763
16910
14459
4116
12885
4753
5357
11075
9118
11114
16808
11241
8442
4520
4231
11165
14761
8689
11881
16380
4149
3055
1101
5986
7476
2592
6818
16058
4837
9936
1905
10832
17179
2877
509
14933
15863
3724
2232
13560
1363
5907
15337
16210
5233
16643
8200
2339
6595
16249
10743
6676
16879
12445
17147
6054
8893
11145
4210
14444
13090
17177
7718
13882
4737
15712
8747
2604
5873
13643
13187
8679
9329
7893
4260
13035
28
10287
5573
13457
800
9459
6797
12541
8325
15679
13850
15571
14587
3435
1833
9042
6489
7794
6942
15423
2496
3315
12917
3457
17345
7015
1401
7272
10380
15307
15704
13618
6946
2356
9552
3269
155
8920
17238
4193
976
5595
13500
7560
14191
4032
9086
14570
5506
16722
15754
4604
3717
14773
13466
12692
17306
8699
11494
15
11925
10395
16085
1885
1867
3431
14457
3864
16164
12473
16779
15241
8151
17095
3142
4998
1521
8578
3676
16773
13555
3939
1025
16947
15670
14915
8281
9892
4805
35
10031
11088
14006
13589
1355
15164
8959
4736
12687
14703
11825
15773
7283
14764
778
11309
5098
9565
8734
13656
5134
13183
8316
16204
7001
14325
10075
16934
1223
13979
17369
16744
1720
6748
2008
4881
427
11139
7598
1364
5136
10485
2912
6782
10333
16462
7327
1108
10497
4429
9777
16157
10530
14059
10871
14742
3551
4892
1869
7104
2007
5060
15358
1477
6060
16052
15875
9161
1146
14695
10349
1057
14202
4712
7640
8449
2625
8326
1268
1684
3494
14104
13908
8707
5192
11511
638
13777
7739
11224
10481
6801
1444
1126
10987
14159
9102
5982
12392
11773
11255
4815
13747
16996
8283
5534
2336
2924
17301
3096
7676
1316
4447
12424
16506
9940
3359
5372
14331
2777
5116
12691
9337
13828
3653
4840
10370
7326
10498
15799
5899
2484
4583
906
15980
11733
1899
9785
4913
10555
15562
1648
10753
11709
9741
6489
15077
9335
10148
13701
3431
181
6313
3351
57
14140
7015
6950
5927
6005
12549
7785
4628
9088
6004
8285
716
4755
9049
14178
10951
13354
13837
5751
4330
8618
11325
15560
17331
14950
7584
15556
3423
653
10379
16784
12078
6486
1609
9363
13031
449
6933
12256
16682
15613
4847
15157
7760
15399
5428
3760
14463
16920
3472
8816
13337
16835
1564
16011
6298
15959
10821
3555
2479
11735
17215
14355
16513
6207
6859
1569
11073
10262
6088
11715
6586
5136
5009
3792
7517
2257
10463
5843
793
9731
13783
11845
6358
523
14837
15466
15318
5867
15684
12561
11424
7171
16835
4948
5867
13963
5341
6931
14865
14670
8173
11159
10866
15181
16286
2756
13321
11234
14718
15204
2388
7873
1863
15006
12832
6972
13236
1789
6707
1640
15319
1373
12798
8309
535
10689
16749
488
4718
2702
2072
5778
9125
1455
4606
13726
17302
15717
6253
8994
1355
1136
7743
6503
11231
1680
10719
1398
7198
6881
2131
2323
16966
15506
7997
2669
1001
11432
1564
2762
8236
3438
15780
17123
13427
4504
12348
10552
10083
3865
11490
8018
6131
15860
17000
1727
16741
5395
9632
1043
6135
10623
14101
9189
1308
11676
15108
1963
14642
3174
16937
8823
9430
6825
11721
12911
16699
4255
5194
7760
17105
11014
178
2887
14918
7906
1189
6972
2029
9377
2000
5345
3615
12273
6714
10530
3205
15923
15987
11494
12890
5837
13510
16168
16427
4077
2299
11199
13381
1089
15618
6054
2038
8527
2918
1383
3191
527
6448
9507
11353
1389
1424
2509
15015
13549
6077
8265
14554
14715
16654
3653
1703
6788
10680
14764
4368
16064
15882
4196
1780
10312
11909
262
16709
7229
10575
1503
10754
3587
12569
11355
14203
381
7310
1328
1891
10960
1141
17033
7983
4380
5270
1201
10775
11317
1145
15118
1691
8913
7599
464
2648
4694
7705
13063
14554
10302
2
1516
15127
5351
7034
17147
4970
15363
14545
8045
13560
15432
17322
15211
2150
15386
7009
12901
7453
17142
8486
10340
9512
9756
14011
8651
13019
9424
2893
8321
10756
13963
1798
10050
1152
2481
7119
6203
1341
8316
1947
12920
1969
8913
4618
10119
7355
9344
16180
5321
6908
11453
2280
8223
9469
16342
95
14224
13798
1735
2446
727
3036
6235
10580
893
6787
2723
3995
16211
12210
16650
13567
6042
4835
6181
16920
7952
3706
620
3260
3793
12297
10117
2613
7061
1066
10356
902
10185
8597
7969
8776
7286
12143
9962
578
5306
4903
3120
16987
16003
12947
12528
3165
5558
1643
1912
3293
6553
8758
286
17281
16833
3976
13190
7902
5836
12299
16513
14601
4081
16229
38
14752
10408
16234
16589
9941
3977
6259
12187
12181
491
7831
13619
958
6616
15875
16422
15403
9276
9945
17305
6708
1641
6430
1207
5206
1782
4039
13149
10217
15864
9741
5231
6828
9073
8376
2517
11452
9178
15399
8831
16009
15331
11830
6998
5186
10162
1166
3794
15713
14583
10082
4849
2412
10241
608
3257
47
16204
3093
10919
3258
13665
13095
14049
14925
11139
11372
17369
8791
1584
11534
14487
12675
7072
4829
15851
3408
10356
4345
10956
3002
10763
14954
5495
8220
8077
16196
12132
2528
16664
14854
3586
10085
3336
14408
5208
7091
2617
1681
9457
4095
15871
7736
13888
13392
8783
9565
15395
16017
6082
7983
3615
16862
6503
2091
6104
14333
6163
13393
5302
438
5311
16465
12732
1650
16303
2807
4788
5058
15050
11802
3972
11126
4195
713
6788
5392
5461
5927
14358
3285
11702
65
7904
4421
10527
11416
6137
4327
8590
173
11786
8045
2588
2512
6977
11598
10418
10185
5798
15715
1919
15336
6929
15071
2158
5623
12708
2615
13609
11615
2510
14783
15420
3507
8722
11580
3004
12572
8577
6106
721
10608
15898
16218
12457
12875
5174
8213
14862
13610
15191
4080
6918
11018
3242
1454
8196
8580
15129
15979
9421
1575
11849
15601
2222
7499
16004
7602
8550
8210
5654
3097
2721
13098
15582
2039
6098
13647
6945
8418
7459
4327
8511
2074
15961
11468
2592
14830
16652
5260
11312
8173
6707
7949
16304
14911
2328
15591
15301
9818
15391
2417
15722
3622
12124
13748
14096
16974
16431
5552
16947
9816
10049
3454
1707
10205
7682
14171
16678
5887
16575
3092
13367
8465
6275
31
9098
2593
8528
4457
10958
8182
3216
8796
13434
1475
12351
12421
8204
11509
2338
12855
5161
8111
2670
9450
7912
7543
6754
15232
13789
749
8987
5205
8737
16332
4921
4528
3615
11742
13810
3547
6145
12827
16810
15936
7271
12461
3786
10548
4694
10753
7477
2801
6718
5126
5584
10930
15076
7103
12415
16213
16404
1637
14937
6459
12411
6472
15664
15122
4225
10260
13928
6092
1974
13685
15945
17068
965
16810
6575
3866
13276
12026
2350
10119
13234
9633
13379
4554
5767
6202
9231
7410
13939
13650
7079
5460
8329
11767
12208
15419
10237
1170
847
3344
7361
6269
10937
12260
6507
8538
13087
13659
16376
2981
6565
15
10321
13309
4655
9694
930
3864
5172
17171
9171
6216
12315
12478
17178
10701
5495
12731
6847
5748
11450
16559
879
13000
1940
14099
4693
15273
12888
6067
13662
6186
3279
15372
6233
211
17041
15191
14357
11447
17273
10799
3182
14321
12120
9291
17071
15525
4414
10369
9173
6503
8060
16073
8394
7598
2434
15363
7951
1261
11000
5797
8955
8835
4566
8778
17323
1175
17301
13352
7756
7263
1398
1136
279
4222
9501
3488
15797
14885
2811
7448
12970
7018
7631
12877
15155
11516
4605
5787
1175
892
4466
96
12951
16054
4264
8473
7853
10152
9017
13576
10797
9478
13616
11404
4330
15001
12898
7296
14738
8535
11353
7234
8372
6654
4944
8264
5191
1987
7789
2719
15761
4744
9881
5318
6212
5801
7025
7834
11901
11058
15213
4454
7432
9389
714
16884
4553
12836
2091
16761
4432
1654
4735
7798
11950
13486
2848
365
11562
3368
8537
12549
10653
15234
1081
8611
12580
2444
11469
11165
16514
1389
10316
11153
12369
6836
15110
17243
16457
17381
17122
14879
2408
5278
3454
10378
3619
9916
10556
2408
164
176
9536
4910
4707
3254
16650
13688
4098
10251
2296
12715
14836
12372
13577
15847
5998
9801
15540
17089
6972
12330
967
11789
14760
9516
11694
28
13423
888
8042
8417
7091
16396
2962
9014
5011
8018
15997
5390
11324
14075
2022
1978
16423
10933
125
13602
3390
9848
15323
4690
11987
12353
2592
1427
4453
13630
478
6525
11518
2533
2237
2300
1148
17227
13739
8195
5113
103
10693
342
2099
5964
4643
16329
8453
14362
2216
6705
11381
8020
4513
15688
16923
6289
4069
10549
16135
1573
8948
1855
3082
16221
15946
11612
9209
2206
14515
5332
9102
4666
10654
13901
10217
15652
11270
9902
13544
8381
1163
8996
15047
4116
5541
9770
9732
3045
15010
10836
13417
6033
5371
16678
5568
7635
11498
11578
13119
15590
5176
15673
15950
16026
12412
3704
247
1351
9710
6886
1254
7419
8482
7655
16051
4339
9367
4193
6035
6845
5459
16407
6072
15112
7891
355
14893
11335
12791
5618
6614
15299
3172
6183
9563
5655
5839
15490
6941
11552
4077
14703
13381
16271
1979
373
11831
15086
7618
8566
3270
9886
14012
4952
14049
6067
2787
6457
1008
11927
5285
14125
4948
3892
14035
9235
15848
4443
3560
12504
370
3330
13730
7123
9598
15815
4741
3064
15369
16229
9305
4755
14630
3431
16407
6038
8546
15279
2626
3792
15725
5055
2111
17253
14239
7766
14426
7449
17315
16678
2595
261
13126
3292
5522
12715
7015
2238
4456
15681
12050
1271
15592
14072
15624
14324
7699
16773
2697
2404
13187
7501
9618
6334
17305
12433
14879
7792
613
1016
12180
1835
5646
15288
5183
15034
814
11307
14203
4863
6339
12830
3720
12396
4973
12312
9561
14706
15809
1019
16253
6009
16308
10894
10006
1111
14614
8218
3786
16968
6687
7340
7145
5454
14881
17262
977
1424
2567
15053
11414
15799
8472
11757
15120
15381
1111
14018
8410
7659
350
14272
7651
12824
9816
10295
9291
10016
14214
7145
13519
8947
4074
1198
14064
5100
237
15262
9796
6695
549
14151
5884
8525
12376
14266
5467
15604
9180
14894
2083
4692
8128
6594
8880
2240
9176
11327
13389
3926
12445
10076
8721
16786
13107
7760
1550
10284
9806
2153
6712
2906
8484
16215
16811
11327
9915
1034
2633
185
3054
14563
14934
11019
1365
5822
2658
9813
4138
7710
3956
10977
4300
13379
3627
4773
1349
10973
8530
14046
5310
250
5919
8264
3563
15857
12327
3459
933
4119
13794
3341
12121
7722
7077
12685
11665
10900
10429
10341
9169
4283
7321
5219
6336
14764
10176
4868
15262
11012
340
2722
9368
10063
8630
13236
11385
7414
6129
13555
5730
11329
8020
15260
4546
3636
4865
17357
6696
6117
1070
11758
15409
9021
14312
9567
13650
9491
16493
7480
7877
12950
1356
3866
7122
12913
9864
11293
14727
14467
16503
10411
6557
15190
14595
14710
2402
11013
14376
11996
10286
11733
7774
6194
9838
5652
11411
6531
14717
6454
8201
16735
5845
9296
6565
14992
11337
15123
9625
2227
6421
7044
2525
13595
16206
8514
4587
15318
15235
16785
13310
12126
12219
17085
12289
15183
16858
1516
17303
9918
2190
7761
3073
14026
2153
16670
6727
2755
16570
7073
10422
7751
1917
12727
7930
11224
12357
3418
9446
10028
6038
14843
13629
2604
14657
17204
1265
12008
7409
9501
12072
14314
6502
11667
6970
6017
3388
9936
6723
14108
5365
3093
12405
6240
14541
2064
3400
82
4686
11539
14837
10521
5992
5393
12981
3102
7315
2178
36
6176
12098
6820
1134
13734
6561
12020
10925
9995
11927
6102
4242
16369
3099
17181
16937
5584
2755
14374
83
5657
7043
16302
17145
15436
596
1895
11049
16278
3310
9394
10271
16886
7777
13085
4141
3702
9500
15115
9999
12457
988
1733
13710
1849
3052
6445
11485
13376
14533
4629
8929
11428
5885
16942
7678
16523
6192
11689
9688
10805
14501
7533
6786
2822
711
16735
5191
3462
5453
3826
543
763
12554
16593
5812
1007
4905
1164
10072
12539
13380
3598
11380
3892
15169
1464
9455
8582
11179
14715
9520
6908
1301
14001
10417
8087
15852
14996
13339
6099
9833
5948
1755
14539
2988
7406
2975
14010
8581
5135
8949
7208
7636
2458
8356
12856
9528
9024
2436
13064
17092
14845
13086
3416
17238
3405
3228
5118
10646
1246
8358
1702
9136
16505
5720
14652
6427
7256
8740
1140
3113
15517
16545
7011
16686
12152
13207
14349
11498
1251
15450
1826
9188
6422
11657
2808
4148
15488
10956
7561
11652
7090
6891
7460
5850
9273
11039
10605
12597
3805
15429
7544
12667
8258
9651
3959
3805
16604
6220
2296
1430
8084
6754
6512
4095
9626
15978
15578
14306
8680
1991
553
12971
6793
9856
7384
2517
4717
17036
6564
13768
8430
5796
5008
2416
13759
11192
13352
14568
10193
9685
2980
12251
15085
1612
4375
7365
7345
7500
15706
13593
2179
16284
12918
15825
1655
639
7547
13046
8074
1918
6057
4024
1195
5638
234
5428
5763
6870
11886
2471
6093
5081
17209
4748
17190
7369
5152
10621
2330
8805
6881
5299
14486
2118
10405
1891
10055
13025
5783
7062
10509
9860
5537
790
14033
14478
16703
11479
7968
458
17245
435
16600
14470
14459
3093
5911
12851
13671
16136
11288
2770
15314
7720
5793
6720
14228
15068
9017
14719
5875
102
2588
13806
13816
12205
15843
10879
2106
739
11926
10191
7071
13272
8321
5516
15811
11795
4755
11182
13501
1359
12820
14241
4568
5837
15713
4917
3203
4730
10326
16785
9775
14150
14840
8319
7618
10286
11096
11616
866
5036
17066
4591
13030
1228
10538
2591
3697
9557
17207
16257
13296
7797
256
262
17042
5889
2457
13325
12690
10710
5506
6731
947
14455
3522
11933
8320
2700
3373
4675
10961
3867
5897
17280
9514
6239
13387
12041
2764
3178
7415
13467
3067
14541
6140
384
10708
4583
15995
13037
4085
3297
8021
3303
4172
3854
539
2714
16723
5938
14493
12067
9510
11003
17379
11012
7298
6853
6941
647
10028
3833
11263
7103
709
5217
5634
8134
16310
17379
11157
15028
13429
11167
7885
12465
7250
8427
1094
13062
10677
12048
9108
3861
9531
7133
5932
6230
2683
7792
11641
5273
9841
67
5278
6028
12291
10821
15525
4622
9105
4607
6768
17267
4279
8416
4578
8443
4955
2780
8728
1649
14135
12965
6236
11973
14276
8239
11288
9994
749
8456
4434
7255
3659
3115
7363
12423
16041
10390
8610
14162
12639
13096
509
15219
17325
6553
13203
14412
16775
5286
11716
3439
12104
3458
94
6447
8068
8294
5569
7028
3436
10335
7320
5172
2688
11887
17125
16900
5554
2345
1179
14324
12855
5770
2249
9718
732
13539
3549
9480
12342
10481
4847
9865
464
15061
1661
5119
12714
11469
18
14321
13880
9108
10344
6231
11442
14785
10437
10040
1045
938
8670
2829
394
8424
4021
6621
15934
4102
14694
5226
10863
13603
60
7483
2483
11900
14004
10898
3418
3584
16849
6556
6815
10751
7348
16638
13424
13543
1319
3906
680
13641
2156
9800
11596
11139
5261
8608
8971
13597
16415
8603
6957
15702
1757
7438
3137
11535
3041
9974
1871
13462
14070
8536
5983
12
13206
14568
10541
7926
14246
12431
14463
7211
3404
1559
3663
1428
8602
9855
327
2681
6785
9773
6347
16945
6896
10078
13361
4592
7079
2784
13806
750
3161
5588
12277
4360
3105
17310
15551
16891
4504
1674
13285
7343
7016
1062
2933
6739
3156
13995
5691
2190
16486
5687
4986
11828
3101
13492
322
12641
12046
13075
12548
6114
11569
15809
4464
11433
8164
2168
15534
5687
6756
1470
13986
11779
3251
9118
16250
8213
5455
3011
9577
4905
11487
9285
8819
12857
12697
7618
9508
12078
15364
4300
7488
17171
1365
7829
8992
16587
16839
10277
17348
1064
1848
10080
9121
5341
985
13455
852
14945
10255
4885
12255
3239
17132
11020
1178
3516
11425
12431
10631
10588
6512
7526
11933
11717
15852
14179
7027
12589
10776
5428
3240
14196
5247
4693
12438
14467
15120
11698
1528
10664
11494
7079
942
9848
8293
4646
5792
6541
4006
8746
14430
12695
14793
15278
14955
12578
8660
16838
1686
14528
9106
3393
8158
13302
9489
4484
2202
5866
16858
10373
16361
9970
13121
6559
4261
9836
16509
14492
9721
8348
13228
10670
10066
3540
131
11906
2985
3844
9194
9825
4307
14153
3629
10940
9406
5439
2511
10523
11289
13513
7185
3372
15051
4140
439
15920
76
8642
3868
5194
14455
4145
16871
8952
3914
4839
5828
234
8421
1649
919
4287
2499
801
13783
1215
11829
7655
13427
10688
13482
8605
2324
1935
11481
6379
16717
7620
7210
13694
5592
16770
3734
5134
8834
93
7753
17043
5409
13439
2957
1546
13789
10696
2567
7175
9246
11364
10466
12845
1025
10261
3241
1470
17039
16526
17128
6295
16739
15106
4384
5993
6290
8715
11441
5373
16914
4791
9769
13092
7096
8871
8672
2616
16475
17249
6539
14785
1383
16490
3265
5743
189
3820
10570
12484
1205
4621
4837
8243
13537
13416
13289
7828
16767
12488
16742
9195
7253
11792
2466
1849
15204
2319
6784
8749
4992
8907
3937
14428
15901
9450
14644
11034
11870
10805
9643
1432
12202
9521
9438
10730
7619
8914
7431
11905
11862
4682
4780
16515
8189
9040
8845
7697
15476
10913
1740
8879
15157
5201
17249
15587
7685
10305
8722
12378
9021
8446
3884
195
8821
16158
5590
17094
14405
2398
15875
15604
10461
3944
12123
9425
1562
7870
2132
2378
12437
10337
11627
14947
3298
6045
1151
4837
14760
12531
11839
4535
5207
13073
759
11844
7550
13871
3261
11571
16654
16407
7391
4764
5380
10278
2808
4958
16888
15579
11790
7854
3074
4246
14814
12397
8111
8074
13030
8537
14093
2317
13168
16924
2545
7905
2573
11433
4570
5639
11698
16529
3696
5623
15464
11178
13554
4543
11232
11074
907
15416
5507
559
3209
2089
15755
812
15627
4009
11922
2895
11390
14952
3372
5818
2014
6136
11891
16932
13390
4863
2044
12516
7444
9598
10353
1333
1014
11727
14642
17366
17201
3044
2166
9485
190
272
3377
17159
5157
7435
10182
13497
3202
3170
6864
11953
16038
13286
2473
12791
11748
9017
9351
2773
10501
13712
3442
12856
12052
14285
3734
4892
4676
5607
12717
14185
12796
6443
10406
1920
6486
14968
5491
15676
2719
8298
7190
2075
4058
3455
14793
10092
6283
6566
8181
5590
6555
12060
3273
13728
14840
13726
8189
6759
120
758
6197
16698
15471
16521
7007
15041
520
17128
2312
16526
4057
3938
10365
16242
15688
13792
15046
8
2555
15076
8038
17313
3329
9900
11051
10081
8152
6882
900
3937
5750
16355
15667
7381
6606
59
540
9218
15399
2704
5310
16503
5265
1282
10136
2921
13827
12196
12871
5401
10326
10886
13459
9687
15218
9796
2222
2306
7160
6946
4409
14594
11179
4191
6833
13909
12174
7717
8396
4337
7826
5933
14537
16510
6638
11525
2059
2378
1600
12923
6996
4278
2058
4023
7740
4781
9852
7852
5613
7447
7530
1621
11412
12508
14872
7967
9542
9611
9235
12345
12790
17196
7833
3890
12760
5156
11195
17265
10506
5754
10447
8697
7212
7187
12225
7209
16604
6138
10154
14088
10606
388
13808
14459
16257
9788
4477
1456
14777
3810
8776
7527
6571
2697
3993
14820
6718
8284
7530
12470
6302
11943
8812
16353
15568
6065
12890
7798
7550
16763
14991
12462
3278
8403
4460
7633
3150
15721
5950
7806
13518
6047
862
6442
16173
8595
15121
9513
12419
5296
16859
14328
12364
15681
14372
2176
2468
3967
10405
1325
8602
15545
8143
16053
5402
8944
6770
14555
13162
6224
3883
5103
2693
15834
12356
3274
5796
9917
2849
48
953
1253
9085
16763
7802
13037
12996
10055
5879
9131
6595
16114
2063
665
12453
497
479
10163
1926
15752
6029
3219
10419
16141
12165
6894
4637
7866
11410
10619
8342
7853
17321
9808
10303
2354
16949
6643
1837
15688
3108
11307
5777
1762
8985
1320
3873
14137
14180
11318
4749
8999
7614
16487
13863
13502
10246
11011
8101
12206
8777
11890
12637
7161
12216
11880
13335
728
6611
10549
6757
4010
2724
7326
14039
3298
16608
4013
2582
12638
269
8292
15542
11764
8367
3754
3403
12188
6773
5569
9756
9918
14548
4791
13608
13342
5673
830
13889
12587
4668
5631
17260
11087
13561
9112
14028
16480
17269
7927
8946
14891
17375
6182
12866
14284
8735
9796
8346
2620
15234
1671
2367
13383
3664
12914
481
4859
3172
11990
9023
10595
3448
8607
14770
5078
14752
629
9670
10548
16085
821
7328
9751
7507
5057
13583
12823
390
11891
10866
4417
14058
14197
8384
5910
631
5885
12787
17389
5357
11873
3908
7414
16798
4303
3286
12953
16851
7694
12185
3946
7120
9268
3992
86
4
8882
16735
10315
1012
10444
14170
12541
10229
3602
10098
11704
6204
1612
15091
16749
5247
7285
9271
12970
16755
11899
5970
11044
8231
5404
5533
7580
4394
12136
15608
6745
16684
7728
5094
4613
11119
10788
1347
5029
6215
5918
11289
17005
10701
6153
4270
9198
10408
4882
3922
2315
7767
4162
2579
16301
13301
7739
14799
15133
3419
3393
16317
7012
15022
11495
8077
8647
8913
15209
9782
10917
12683
4239
2474
10729
11237
8076
3180
14159
7086
2670
2273
9709
16778
11307
3453
10628
6098
5096
6882
15642
5690
16498
7321
847
10802
2488
12823
11599
2307
9985
10729
15819
4822
15795
5415
11960
10077
4762
4955
13164
1966
11626
1432
16887
16025
6007
6210
9691
8839
12635
12560
15464
3723
9745
6118
10856
10873
458
13324
13470
11513
13695
14435
13715
3751
16809
15269
5564
8917
5875
7622
9363
9402
9612
3850
5101
16313
16873
10943
8974
2607
12403
2858
9090
12400
7915
9547
5298
13792
9345
4515
13367
4612
902
7505
5134
2253
8535
9904
14009
13520
1049
17136
1491
7391
1329
4203
10551
5139
17178
11089
2534
2804
9791
3745
13424
1179
8211
14116
10744
16164
9375
9755
3736
13637
9982
12176
13750
12476
9517
11195
13206
5994
2105
2224
16046
14834
15764
11104
5830
10357
15373
533
10109
4284
13944
15738
2732
664
3023
16659
11908
8399
4273
2582
3074
9064
12985
2127
2769
1677
9449
14534
644
10945
6695
11934
1285
12317
5710
11292
7149
556
353
11666
13682
16487
16477
11209
528
7549
15216
13897
2402
10748
15091
1260
2624
2141
17080
7344
8031
119
13866
2828
1777
8274
4425
9635
2252
11951
14583
170
385
15812
5987
15615
2133
5586
8859
11617
13445
2253
11773
15626
14503
13957
16437
7501
12378
14963
9922
6731
1889
13561
16561
1443
12653
7350
6071
6791
963
17195
7301
5628
14733
174
13300
8048
10453
9564
12086
16807
9861
11723
14555
14244
9249
15176
1937
2204
5931
14015
13799
11191
9782
9608
7724
1478
3724
4691
4003
7599
11434
3533
11669
559
3880
9881
13228
3001
2570
11789
3022
13099
15312
12864
6681
2297
14498
7993
4288
10485
3325
3069
11590
14772
15883
9193
7550
11176
2677
9044
11016
11232
16028
11485
10848
5628
4097
11128
14958
7949
88
3235
16470
16357
1684
14691
6078
4407
5898
11530
13588
2525
5518
123
16206
346
13008
12822
7074
12357
10810
798
9021
12102
6875
12624
15251
10988
8642
5449
16384
3326
1841
5957
8109
12709
1345
10462
13485
9718
15302
9614
16215
11556
9144
3152
7367
9626
16617
13578
9104
231
10287
3549
2076
3302
10004
15869
8861
804
4496
4991
815
1687
1845
11380
15988
17330
14844
16215
16404
378
7351
17262
10448
9318
9567
7547
10096
6885
9714
1770
5625
7216
8413
10045
10718
14629
13940
12691
3055
15272
13758
6132
3240
8875
10564
11534
2430
11817
17118
1174
1825
5559
1134
4445
17308
3243
9360
3200
2141
7217
9212
427
7321
1176
6496
10167
5223
4928
16326
10819
7345
11189
5852
3347
15089
7038
14643
16354
792
16702
9960
11044
4073
14760
8893
10390
17107
7893
4184
802
6663
9632
3934
1719
4116
15402
5385
7060
13868
15739
16418
11017
17
4538
3308
11997
1302
9311
10801
10286
8532
2033
17120
15073
15240
804
11252
9523
10547
338
1476
237
4726
17073
7088
569
13236
5024
17270
7001
9406
1390
16970
15291
12368
13605
13901
14136
16859
14253
8131
6214
8058
12515
5075
9888
12228
10356
856
12885
3904
9930
2049
16374
4939
298
1654
11286
12169
12340
14161
15027
7737
16511
11354
3368
7540
13195
15615
12414
5747
14168
12539
13761
13791
1539
3140
6227
17375
17229
11478
15885
16752
8892
2534
1623
3614
10673
6935
15603
8016
6273
3385
185
16203
6442
16930
6948
15165
3004
5123
6512
9824
2355
5992
1573
16647
14534
1987
9583
16201
15391
7449
1338
1221
14374
13325
5718
6688
4446
15402
1282
16108
12914
7982
9074
14577
10303
5726
7776
7034
4836
3187
3520
3915
4714
2866
10894
6602
9449
5754
5161
2327
6940
13597
2752
5765
12918
1515
9320
1736
2034
5173
4502
3875
10024
7090
5442
7132
8719
7651
13817
7001
15444
13812
14828
3699
2030
6822
10353
7625
4115
2965
1888
4222
7160
4338
15978
6956
12470
8129
16406
15003
13716
15793
8064
16048
714
5786
14083
14011
8831
16116
2550
11713
11612
2563
1361
14100
5130
15245
9603
14454
9097
11344
15249
2787
284
9718
16017
2682
13145
13246
9731
12817
13343
2215
632
10809
11256
427
15982
11870
14811
15729
4441
3759
16150
5346
3535
16034
4254
13877
2694
9906
10060
6100
10384
10240
2725
892
13289
2247
16132
5128
12094
12139
15260
5270
16094
3386
14103
14841
4018
6440
1622
14164
3088
9142
8082
7989
10993
8176
3171
8400
6722
13195
8655
8653
6703
4173
13561
5531
14391
798
7971
11244
15987
5332
13542
3015
13379
10117
6989
12084
9420
4745
9657
12171
7511
4574
1952
10903
10447
16613
13044
15149
1534
2955
15077
15251
9168
10862
1147
8932
2996
12584
13348
5207
15284
8268
8043
16797
9738
15400
7531
551
10497
57
14601
10237
8861
9297
17296
13029
10728
13814
14411
14505
12471
110
16453
5508
768
9299
11887
3022
10783
8404
16515
4672
3217
7086
3909
16932
13253
116
11394
13295
2297
17041
9851
3517
14342
5139
10384
17292
15908
11983
12002
12114
14306
8255
7307
17268
16499
16408
12714
11780
7654
3363
11970
13568
5431
11629
14347
7899
17321
1844
2046
8879
2837
10254
6492
8643
15583
9815
2286
2381
3682
8102
11286
9198
8739
16280
11778
13754
10903
10270
1
44
709
5640
17106
5736
13210
1131
3250
17313
5351
4069
5947
5959
13027
9262
13630
13714
9598
14744
11814
6744
6910
6980
13356
4495
3007
11605
3391
13064
5097
2014
12390
2750
7807
14037
4456
15637
15455
14672
13802
2785
16034
16370
7810
4341
3612
17033
3052
11985
14735
63
16419
12552
1475
3527
16847
5307
661
4471
14470
5478
13363
2583
4849
2985
11795
16819
5657
3766
15930
14744
6524
6550
14248
2188
5763
9839
8642
2255
15646
7755
502
15260
9143
5728
4076
11205
17067
6529
4072
1303
14656
652
4452
1074
4507
15743
6073
14627
16877
7765
15063
1392
12527
14856
7996
9450
17341
9317
14851
4319
7930
13147
10409
12186
123
13535
5436
12901
2561
12976
6259
218
8506
1517
15422
871
6162
6917
1293
4522
292
13231
174
10744
6888
5602
11810
13248
13129
15933
13130
15299
3407
17253
11850
13412
8828
8121
5192
15655
15856
13278
13031
10174
7118
2059
16745
9644
10344
2712
12209
17009
14121
2760
8484
10004
14191
14067
9219
7315
4335
10225
7845
12829
14702
15659
2542
11055
10971
5726
5909
13332
8013
1721
11083
5300
2667
13397
6273
1504
12182
5041
4618
9747
12108
5415
4101
2242
3512
8056
7423
6879
12123
14407
17010
10808
2211
5353
2582
797
9248
11826
4253
688
16872
9847
1157
16039
14444
5699
11095
15734
1604
17211
2797
4026
3436
490
14415
4852
4820
1524
15262
10891
2334
9385
4458
10387
10541
12903
14102
10802
14124
5719
4138
1996
4767
6904
10324
5729
10190
12234
7737
12302
16660
9529
5138
9326
3693
5261
16397
3975
6913
258
5379
6823
2899
6429
1628
6406
4531
6760
10758
13184
11362
6702
9952
9467
5412
15771
347
16717
15323
10456
11141
7841
4841
16207
12628
2428
14570
11437
12872
15900
4944
10545
7662
8984
1799
901
13450
4338
675
12783
11249
15790
15440
6340
11290
15530
1044
8890
13354
13504
9549
13957
2401
3294
5481
6421
16202
16786
15064
12272
6292
15721
8045
9064
4474
3965
1268
207
7819
2873
985
9989
13175
8886
217
4988
7127
12152
14263
7965
11795
14602
17004
9752
12885
11623
7842
8239
4739
1768
4761
11911
891
8848
16769
3273
9898
14574
6005
2585
7734
11064
5274
10976
2014
8206
13814
836
8373
16226
14628
1587
15202
16361
14211
2118
11985
15065
1312
12329
2843
16947
17100
590
12738
5119
324
12493
12441
6050
3092
10671
3131
7725
3927
13890
2054
16284
7335
15139
3602
2273
4972
16714
12516
9627
14558
1142
7975
5960
3606
14212
2862
1804
7370
2998
13610
271
1192
6216
4297
17155
6250
5381
16672
13134
11733
1172
7240
12450
10433
14139
15604
8100
12951
12144
1519
6949
920
839
14667
13067
16675
14295
2533
9913
9205
13636
4048
16914
602
13593
6646
11005
4535
1411
46
6631
5998
8896
14642
1285
9350
15099
1017
257
4327
11281
8131
14751
15408
14593
7506
14102
6899
9580
15604
15572
6450
10733
7058
10040
1280
13406
12430
15986
6329
8046
5754
16708
7147
7107
4482
204
14691
4134
3866
7973
4097
11979
13278
10750
109
16190
12085
14254
6809
12781
8708
7194
3449
35
68
6228
11543
5240
2422
1407
9597
9357
6905
8306
3251
2163
15479
10683
7166
17027
10800
16086
3707
17123
1871
12416
9950
3369
7691
15782
13222
3450
7292
15640
6955
2391
7604
10025
7459
9277
9758
6083
13381
11785
10287
3272
2155
11383
12828
10752
3475
3771
5559
16140
15078
11219
12544
563
5571
399
11497
3663
5725
9527
8283
1226
2067
3276
15745
13124
8181
185
9134
8701
4075
16393
4331
4633
9682
15606
11559
12430
6056
2884
15490
12318
11585
702
3705
7178
129
8312
6297
9342
2766
10806
16179
5946
9213
2027
8589
1788
16638
1441
4969
9512
2965
2984
12063
17064
7515
9729
17343
15344
16038
15223
13827
11756
2387
13495
10857
13618
8580
659
8787
11687
2524
780
16107
2953
1091
17159
3628
16688
10371
8258
9603
3447
14757
7807
13072
7476
2170
2460
4248
13892
10409
13842
3143
1378
768
8717
1563
13809
7242
15254
7817
3745
1172
17177
735
14236
1601
2691
11598
10601
15107
2133
16538
13084
5541
16382
8441
8047
11177
960
5862
7498
463
2143
13280
8618
10702
10733
2068
3193
11543
825
6935
16638
13918
14862
948
4220
2722
10920
4593
4250
6900
13194
1532
9816
3901
11762
8918
10453
17040
16429
6701
14775
9490
15629
5121
8129
11299
4752
2303
6984
3689
989
1973
2369
13913
16383
342
15949
17195
801
16407
4056
14342
8967
7864
12568
9712
13152
2898
16376
12360
6026
15409
6752
10073
9544
220
15916
10254
15932
4257
3337
12054
1791
4396
2675
16288
7415
4414
10164
2166
5946
5946
16419
699
10203
4578
13858
4892
539
14503
15781
49
2223
16391
5330
6671
16196
1780
2816
5324
17007
11999
12582
11713
14454
10131
16386
5352
7294
5677
4958
1081
710
10482
16041
3753
2778
15197
9580
5846
13354
6636
16968
1585
298
12971
15710
15142
7452
4344
15043
9346
1731
17157
14316
9374
2363
16473
4735
11550
4218
11525
16166
3550
4800
3534
5140
9366
17011
12286
3313
9600
13301
9282
13843
4041
6500
7915
12062
3386
11104
15510
2262
3398
14102
5042
7809
3316
5620
13943
9565
5617
4752
16068
16249
6734
1618
7066
8407
5408
14903
5962
8145
17091
6889
17001
554
15846
1409
6537
1768
15804
7561
7651
10060
5238
5549
8898
8644
10119
2432
11444
13121
6110
14233
4247
12837
43
15888
2185
1531
6889
16105
1040
4088
16824
16257
10556
2111
3154
17357
11689
7496
16433
4319
9757
11597
15869
12671
8131
3393
12516
15389
3436
7467
2251
10063
8674
12240
15509
5753
9544
8826
5314
13085
14706
17088
15106
3192
4187
8803
15055
16420
14929
13169
11266
14148
14644
8883
17113
7203
987
15405
14639
1837
5804
15003
834
8887
11817
16962
9892
4108
15015
11906
16248
3605
13693
5657
7328
11827
7501
2863
16605
4733
16019
5136
835
2722
12062
6079
2572
10491
12501
1299
4271
17377
3360
1796
768
10305
8930
15575
7138
9037
6015
5261
7056
4926
1096
11670
8814
10853
15846
12506
8673
10782
5609
8960
3528
12890
4359
11022
17138
973
3556
5006
7812
10860
11516
1081
10220
5975
7583
7241
17197
9915
2318
4117
14364
3559
6327
15841
1599
16735
1667
2775
15150
10328
6256
15518
11588
10765
16387
16250
14449
363
7828
9090
4684
1721
7120
7342
635
1932
3612
14816
6186
509
11430
11998
11880
5758
14624
9793
5512
17254
8506
12905
13114
4707
4202
12332
13233
10500
3682
2834
13412
4223
2149
12149
15875
8685
226
15756
4812
10742
3779
2792
17233
16554
10867
11624
2758
8650
4278
4622
10832
9607
12094
5502
16699
13527
8194
11689
5916
7471
10811
4026
4893
17282
12478
11651
11023
15473
12271
3663
13298
6225
13823
8620
9842
2297
14909
7166
4339
7533
4691
12762
6623
15563
6018
9578
3367
934
7391
4509
15949
3048
13992
9278
5799
1038
3616
12046
5950
17311
15866
14790
13373
2414
2628
10365
6724
10212
6018
995
3139
10966
2333
1299
619
14661
4688
15226
13409
5599
8738
7986
10234
3093
15195
12799
7190
11046
10096
12713
6552
1520
5811
493
4220
1740
13086
3171
9229
1552
10723
7000
628
12300
41
2956
3503
10418
8201
16705
1596
12279
16440
10023
7105
15119
15661
15922
11445
6417
3549
5529
303
159
14757
9657
17218
7830
9900
13058
16213
11629
7029
14693
1290
13110
3327
6342
7224
13460
3708
2066
11101
15814
10465
13249
6543
1528
13942
7730
16037
13457
16806
16378
17044
7001
7631
6803
331
6747
11793
2521
16079
13588
16385
1301
17024
8228
16549
4669
4806
14546
444
17116
1309
672
3836
2973
2131
7053
5065
3083
13510
9131
9983
10004
13550
15692
13841
12277
5913
13688
9507
16079
5083
11823
1109
2269
487
15136
11844
2005
1724
3602
4050
724
3498
1233
8554
6100
1807
11742
3893
14330
3066
12372
16993
9637
8002
192
12742
13203
6834
8230
15468
13494
15932
7641
2742
11355
15734
10086
815
7573
14708
12166
2978
5374
7826
15684
13683
2197
15211
1253
6872
9266
14691
2706
5764
10558
3762
13203
510
8969
12610
9889
14907
11534
15844
5340
4695
13522
4606
10966
14265
12605
11792
12114
13670
10746
13533
7120
7215
45
14234
14307
10246
3443
16429
14336
3090
10027
5347
15628
7499
727
10961
9337
8789
15473
2723
14269
8843
7579
10043
11246
9763
10396
13736
10481
15317
10161
6114
13464
4647
7059
15272
2382
10774
8885
7565
323
14177
6020
506
6734
14745
4957
9702
14818
2348
14757
14178
2730
5905
13487
8281
14836
9203
8731
15050
1551
9663
8480
12876
5017
8186
14931
6993
3116
3227
7430
16980
16195
7789
6821
7088
10517
17076
11502
1208
14299
13029
4037
4459
4371
12160
6031
4908
8911
4332
4104
7628
6355
2744
2501
5101
10912
14481
2367
17301
5624
17383
2655
11821
5444
16314
4157
8628
13669
2408
12290
6877
5586
4590
92
3738
1335
15171
11433
1198
8870
4840
5608
9596
10106
15083
14334
9548
11228
10718
15077
8004
12741
4663
14930
874
804
15606
7595
1717
4502
2903
8774
9734
10024
2454
9637
523
14887
8995
850
1739
6574
11566
9224
12345
13388
14191
12162
10802
6872
4461
16135
6455
13990
11326
14002
2163
9230
1808
15956
13412
6293
16679
5640
13122
1579
10037
15746
16280
9418
2060
1079
8481
9040
10853
8233
7740
708
6736
5073
16807
14494
8267
3130
11371
4595
11193
9669
14726
12687
4420
17320
8879
14828
11542
7420
195
10114
2939
11818
17325
4813
276
7061
12126
9160
1588
10399
488
12495
15070
7481
16572
10470
5511
13331
861
5151
115
15801
14231
12743
9899
6145
16259
4123
1432
3187
6490
10660
2451
12374
1669
6569
5196
8067
1440
9440
7015
4401
14225
5570
13972
11099
10249
16358
4026
958
12439
5529
1512
10560
16120
2304
1025
6365
7920
13693
14841
4313
7919
1271
10410
1531
245
10050
5140
11483
15753
10258
9781
4349
14843
3699
5818
10442
7089
4331
1890
17171
8126
9998
432
11900
8066
3965
6262
11577
1778
7315
2440
2158
14387
6866
1013
6827
3494
5813
10393
16624
10373
6903
1602
4489
14750
1922
12932
14017
2000
7679
14000
14172
9216
4118
11023
6678
838
2250
14987
3125
16851
1576
12396
9443
16707
10079
9516
4331
12838
579
17011
778
1945
815
15865
3685
10100
9373
7984
8061
13185
9233
9213
4089
14705
14438
3257
4963
4062
4542
338
1096
6191
5831
1397
2840
6377
4387
2342
6162
10695
7043
14003
11991
6989
9061
5877
8751
10742
14383
833
14261
10474
3930
7654
14483
5553
2181
17270
4957
10239
16155
16270
4354
15475
3711
15335
3488
15873
11594
14133
15888
12218
5166
13030
1177
10233
2956
4785
2545
11440
14432
648
12452
10632
6053
6405
3383
788
14965
14547
9648
16907
8220
11437
13621
14460
7951
8881
13254
16097
12780
451
3848
9160
5375
11240
5826
6618
1292
3396
6328
11381
10199
15489
2225
12358
562
17168
4351
7195
7033
14827
4166
16379
7488
4844
14828
15712
3847
105
6376
14950
13968
13535
5947
11637
14170
1099
1707
15229
12675
4575
9408
14755
11359
17322
9761
10894
1200
5919
11439
2865
10286
14996
6596
15078
5861
14578
14128
9619
5981
7731
9191
7178
14183
2936
13366
12912
3712
9011
2026
17384
8075
15105
5597
11737
10905
8836
13548
997
9819
12432
6923
5553
5153
7260
6107
2195
496
7732
4062
3159
4094
11409
15167
2441
11952
10839
4611
2441
6869
12680
3149
11652
16593
16158
13600
12
6693
2523
3963
8659
6297
17324
14255
13475
13030
8680
16984
4764
16748
3527
8111
7310
4081
14952
6606
9299
16937
11103
10963
4929
1654
6677
8069
6015
10006
6242
10840
3393
8015
12319
13346
15437
12564
2999
14281
6105
17297
12118
9350
11516
11636
10068
2669
14479
5045
9705
11444
11461
10182
9254
12081
16146
12592
166
14164
16773
2021
14282
2832
8190
8090
6179
6464
16554
10589
8966
7467
13390
14014
7367
12082
5825
6284
13065
1634
12053
6406
7341
16678
3562
10632
16458
14185
6336
4453
1306
10012
4929
10827
9750
11876
4087
16304
9939
11857
14681
5008
11048
11792
12000
10529
16529
13058
9050
13629
9276
12112
12590
8339
16668
4559
8759
345
13283
190
1452
8275
14786
6076
7466
10428
12901
7155
11218
3057
7959
14598
14170
17372
8403
10549
17289
6908
470
16740
2901
9250
9613
17278
11953
5293
16478
6195
11082
6419
11269
16447
1617
7497
10046
15336
5615
15689
9602
8399
3056
8982
12768
4579
13927
143
3469
1101
15634
17113
2225
13022
5608
4738
7084
12080
429
10331
355
7575
9786
16905
5567
16643
14142
1947
3030
14276
7972
10839
10083
12592
4317
13687
10658
12556
16869
11039
5199
6037
8297
8396
2572
328
12661
16657
2431
1345
8506
1650
10407
13983
2318
4242
17157
15871
7469
4883
6516
4651
13475
13987
14124
1447
2665
6273
5664
12276
511
14848
9774
4251
16290
5050
6966
10768
15225
8473
6289
9265
10403
11957
3965
9509
1222
7560
8904
11482
5676
4841
1894
371
16867
13653
9760
17117
3651
6274
8506
5200
5259
9828
2207
16744
13441
7357
8870
7263
5480
14025
4031
11670
17107
3235
6937
2464
13628
193
8611
7029
9204
6425
3526
11550
7509
13212
8588
5186
12342
2171
2603
13182
5465
601
4152
12080
11842
5081
6075
15095
16877
16358
15745
476
13905
16785
2475
15924
6800
12888
976
6001
13149
16010
11984
16697
5447
6014
13724
14744
15720
12834
5879
1243
1237
4422
9916
7969
9732
10445
11324
16175
6115
3297
13140
10605
3576
966
9346
3876
13503
15114
10339
12634
4259
9641
16831
11637
12330
10717
4212
10221
7509
8737
14549
11722
8506
8269
16616
9330
7167
13999
4541
16245
14161
3659
2006
16099
2316
10532
2846
7514
11338
4573
4064
12452
3255
10106
13250
7191
13431
1337
9666
2233
1012
13940
3405
3731
15184
8278
14420
8293
7616
15832
3710
15759
66
4354
10176
8194
6196
10057
10867
7340
14140
4352
14011
7217
12371
767
2653
14187
12795
8140
13880
15777
16329
15314
11839
12659
3329
15974
4766
7206
14210
12314
15943
13685
16186
6284
16291
13705
16521
14326
5787
9818
13512
3333
15167
11747
16659
11790
4069
39
2028
13995
465
8509
17222
12632
2154
4099
7774
2457
11269
11811
4982
4353
12771
8981
1907
11206
16898
10732
17023
14003
11360
3734
13887
3396
12470
678
14232
2810
10819
1814
11515
15415
9568
7847
6710
16858
7453
12993
2633
3235
7228
13809
4881
92
4633
9025
3347
15489
4811
2757
1758
10135
14581
921
6823
12852
5896
12841
266
1857
10936
7271
2588
13097
8053
17092
3523
889
3901
4454
1515
1270
12082
14995
15516
14068
11959
5975
15668
15624
13661
2498
3326
13397
5887
1156
8489
5809
2852
14324
1817
2607
13746
6734
8793
15630
15719
16485
15167
8192
6935
16629
2714
4544
9123
10508
15765
6141
2729
15912
3022
1542
11121
13218
493
517
566
10470
5300
1972
2951
7310
16433
12512
5400
16550
9723
11035
1525
5375
16134
15252
16148
6241
16798
9879
8279
10694
6384
16063
13945
17034
12096
1596
12001
1563
5466
4702
6990
13638
9935
1621
8059
12793
1029
5352
6253
2683
7962
7101
9344
1617
5051
4287
13527
13912
14617
4522
9995
15682
12954
11463
8630
4154
603
1635
7919
6283
14431
9333
10072
15133
10929
68
13509
15704
8678
9904
15154
3966
3100
3217
7887
4396
2223
838
7753
12766
14657
13374
15321
13716
479
1752
15501
137
14210
16024
7179
6718
9231
1670
1489
5636
13157
6088
7473
2390
6775
4714
14629
115
13301
3903
16949
13821
11865
3134
10446
11237
8827
12485
16908
7994
3742
13065
15996
4296
6707
8796
16326
11942
11882
3684
9541
12806
11456
12131
12401
15628
11083
8466
7391
11815
1400
10698
388
11801
4511
13078
225
17025
7531
8995
2692
13006
12546
10335
1113
16971
11593
6425
15714
1699
17092
1231
10810
4011
11638
4788
8493
10885
2077
8843
5775
14116
12442
8459
17088
12216
16408
7147
9137
14771
3438
16951
11616
9079
14019
2602
578
7652
9528
903
6380
4159
5689
4920
1607
11091
12011
14860
6737
13058
1567
9682
7101
9290
2392
185
8753
11765
6059
10761
15906
6635
12847
12300
11405
1255
10107
9102
8513
13568
6787
15227
12052
13879
14725
9589
1396
7073
5577
3219
11128
16426
6539
15104
15816
7622
6902
2147
6643
6185
2993
5092
14239
3116
10648
1190
14854
16110
3709
13113
437
8675
13014
9005
2176
13498
8578
7400
16180
13517
10711
11441
7955
7181
2412
1607
1318
1643
13618
9230
6485
2133
440
15526
11053
5542
14517
13592
14924
16497
9063
14882
13727
11702
7611
5696
6130
12911
11747
1867
5129
7382
10447
2251
9257
3425
729
4208
9241
2224
6397
3733
17385
12057
9368
3014
9730
4781
1076
16214
6079
3223
13532
17347
14176
3793
11029
9319
16509
3512
4482
14039
3040
8339
1989
14681
4097
543
4954
11171
2170
10040
2617
4713
14224
2047
7659
12669
15293
6241
3722
14187
10778
15513
7054
15880
12315
16245
17219
16354
14036
11094
16435
16884
10572
6277
4088
13212
9119
7066
2327
2722
8622
8979
6114
16299
10573
2004
7374
8386
8094
2263
4609
1247
9627
789
968
549
6748
2740
2964
6047
12301
6015
10174
3729
8373
16320
5786
6214
16056
424
9413
4419
14341
16690
16594
3259
12598
7366
14418
16584
3541
8197
8911
8813
5246
15437
10918
16725
7175
15735
5411
16193
14421
11026
9586
1776
12955
15005
8081
3099
14304
13034
4044
9530
10757
14430
3240
5984
2994
7534
14407
6551
3189
2118
5408
4187
3442
12016
9103
10963
584
15188
13408
7978
3906
10740
12989
7062
3229
4144
8831
2654
10723
12697
11605
8588
11923
1541
6892
9925
10183
9795
11560
13384
12996
934
7090
7486
17066
11882
17091
3992
6775
13898
6103
16807
522
13578
2640
16656
15486
8
8805
9572
16936
3528
6325
12268
321
16056
16847
3482
9398
12520
3522
2609
7025
11355
12272
10329
2205
6232
7946
11435
4953
6670
6480
16203
449
10784
5534
8239
15768
9631
10300
4166
1752
6223
8833
14016
8020
4859
16252
2500
15069
1398
6403
5116
15260
15684
9576
3400
2730
11555
5662
3546
11313
6172
12339
2371
5895
5599
11195
4268
9653
2313
3597
7409
4671
2557
4343
13764
6321
6047
16867
3699
16659
7184
309
6779
10313
8034
6401
8390
9571
13018
220
10366
13759
11091
11314
13802
15021
7958
4148
2948
6949
9779
4622
7000
11980
1907
16216
14663
10743
11313
13042
15396
4611
5657
4249
15211
1861
15354
2847
6217
3618
3489
5539
13635
14500
5056
6032
1043
12400
7425
3280
3790
2555
3884
6253
12064
11595
4137
11746
10499
8176
11590
11850
3591
11569
10393
14057
7219
16820
4604
2465
14585
11772
5707
16605
11676
3807
12662
6859
7699
16248
534
17325
1367
6050
7578
11606
13723
8575
16080
9035
892
5651
3137
4303
8434
17107
2341
1105
691
9939
9489
9553
16149
14557
4477
10651
3815
7799
14221
12010
343
220
16273
15569
12665
3760
2577
1407
16786
12215
7096
13207
205
14716
12494
9611
1503
9596
3763
17208
11089
10867
12365
555
15412
9141
2007
7677
6320
6672
4048
247
10400
14254
6727
6514
11626
806
11277
670
7597
8707
12751
10288
7373
13269
9229
10275
15112
3708
10146
16944
10524
8269
9356
2808
9594
5862
232
7466
1624
5015
9636
6098
1758
6152
1619
15203
2291
11815
5768
7268
14
2392
8277
12878
14289
15993
6123
9893
564
13813
10873
12665
15817
13136
16455
5257
5216
5287
16647
6027
13637
7517
10047
11034
3543
5890
12333
2651
13681
13434
9886
5293
17103
8668
8920
17149
248
5406
16095
16482
2326
4947
2335
5843
14655
16390
2239
1682
284
4208
2132
14678
17330
16509
16060
6022
5160
12951
10762
1791
6217
15749
13416
3920
7877
797
16092
16973
9755
15659
15529
13461
4602
8531
5416
1930
6163
14944
3736
2878
7689
3005
4196
7486
8523
4536
358
3250
2239
6319
879
1143
16868
16615
9702
973
14532
3285
12662
4
4350
6132
3570
15646
8963
16783
6886
2579
14009
16800
9405
5560
17397
7068
2413
16959
520
5003
11252
9647
10913
1140
11646
11967
13051
10467
341
6738
14138
5803
13882
6028
16521
15939
4263
13000
16962
5165
13512
1951
6768
8378
5777
6359
1875
16225
14996
1718
14832
13256
13866
4914
9333
5487
2579
7023
10668
4170
7383
5186
13845
104
14071
8106
14261
13816
5699
16189
4213
7139
9046
381
15356
11999
6044
3050
16760
5895
8635
17069
4757
10235
7671
14357
8658
9941
2842
16770
1577
7380
9687
10505
15036
16650
11134
1671
6951
1041
1053
8592
5575
14362
15217
10967
7706
15269
7305
2509
3484
7084
10340
6539
15187
904
9286
4107
12432
2964
14610
10145
2558
2152
10460
15557
10785
7561
8387
12938
11421
13468
17202
2797
116
14551
12366
2346
12774
48
10603
13917
1619
12230
8935
13371
10507
9101
14074
7732
2123
17320
9137
11694
1243
14674
14492
3691
13548
17314
3706
4022
1397
5437
5699
13712
7029
4210
4786
3820
6782
14650
12102
13200
17055
12425
12810
10698
1540
9721
388
16290
12213
10461
1940
46
13981
5813
5476
11529
1415
14132
14958
2227
10129
4311
2802
17025
1979
16999
13808
11783
15132
11268
3957
9362
588
17097
12185
785
4136
11104
650
2886
5017
16359
5255
9192
16855
12049
13301
14828
5932
6113
10604
16083
13892
12903
11409
12134
14160
15368
16384
283
11556
5120
6842
15556
10980
11060
10649
2866
14781
15736
7183
11847
427
8575
13755
4593
15141
1948
1289
8460
9854
6215
8732
14859
15396
11645
6430
12079
265
10342
14187
16997
1324
15361
3455
13989
10140
10742
10633
16820
16560
13647
3432
4508
13427
5836
13232
9413
11026
15166
16782
5708
4793
14004
12177
14762
11542
3981
4888
14880
15458
5412
3180
10048
15230
7701
7667
3950
12202
14876
4224
14404
16735
12048
7991
13041
11304
9243
17021
5906
14614
15588
14180
9525
11834
10416
24
10223
3555
9719
2375
15630
13974
4404
16787
12588
2170
5246
9435
8372
14630
5946
9965
5154
4131
9625
14585
10485
9397
3618
11329
10103
12689
6667
6834
7497
1237
13271
14394
2514
4447
17228
3014
495
15579
14477
5360
8286
4508
6487
10118
11273
14142
3459
14600
5330
16728
480
8797
11264
3835
8142
16130
11301
478
14335
8310
7387
12143
17125
3806
13272
7207
1916
16134
10245
11017
13763
8581
8707
660
12179
1241
15501
14873
7031
12265
15580
13733
7773
16450
5956
6505
1711
11018
6152
12132
6916
960
589
4381
4812
1513
1189
14902
8755
914
6836
15257
5439
8319
8457
6921
6633
10048
6387
11973
4463
12360
13017
6921
14487
9525
9715
3064
7278
6169
15659
6814
3584
8185
8912
12364
686
9185
14890
13552
15948
6865
6455
7308
2639
8432
4103
5748
7088
4864
9361
3527
9828
16684
11786
3852
3852
3041
12548
9847
8503
2072
10001
11889
5497
14909
1000
4689
14595
17301
848
1780
9869
8642
9977
9381
8249
2622
10737
881
15788
11367
3315
5039
15371
6
17363
2215
15272
2999
14689
9878
12765
12504
942
2149
13901
2095
14005
7297
6486
10858
11402
2035
1036
16828
4241
3649
1328
14950
1019
3828
10882
7299
16924
16083
11007
12735
4827
17046
12109
11315
11740
17397
8614
8562
15110
4712
15953
4848
1654
2399
12818
9610
12553
6833
10347
14985
14317
240
8281
327
2249
470
10355
1503
2716
12436
10949
6969
15703
5654
1261
13997
1055
10634
7105
10301
14986
4787
6791
3704
7054
5899
5999
10893
10993
13014
10726
7009
1575
8542
3600
6062
12735
12712
10784
6888
12822
15798
13588
1721
565
12246
11887
5846
7875
3983
16670
7539
15006
14089
3567
14671
10730
2935
9961
6958
12692
6839
15851
14605
15052
17316
12070
8634
16531
7707
529
15468
11161
13377
2886
8562
3035
11974
17059
4830
7295
13963
15859
3909
16040
4552
3029
6532
13371
7376
14728
6769
4124
4374
2599
10238
1195
8533
16154
6839
16373
10733
11113
3778
11573
10985
10213
8769
8751
9520
1787
15536
14649
11682
1044
13100
7154
702
9001
14233
16040
9850
2782
3500
11735
15923
6693
991
13359
9038
14524
5180
7251
8642
2123
15691
10356
14541
5126
14995
10227
7949
11720
6280
4946
9892
2443
13919
609
14634
15238
3455
13476
239
5684
16387
12213
13183
3645
6892
15994
223
5133
1238
5246
10003
14574
13071
11783
2327
985
3514
15168
9479
8427
13352
1956
8948
14056
9477
15210
242
1436
9812
9861
1605
11649
7940
3892
6158
6142
5505
2404
14910
9484
9898
13452
16219
4623
7815
8482
6023
1374
14950
5342
13101
16384
16609
6551
14982
9989
9169
7822
15910
14467
12955
7050
2086
13644
3832
7414
9275
2211
2925
14994
6886
12290
1246
11547
8079
15441
3764
11553
10415
15354
310
731
293
7376
12829
3198
3210
718
7583
5817
6938
2692
14090
45
12663
11608
4833
4524
16424
4311
15864
8392
15721
17126
12627
4321
17308
6222
15912
8769
560
207
13605
9848
4531
8060
15658
4112
7624
10520
9408
3116
5742
3184
537
10467
12680
3239
628
14885
11110
4279
5463
5626
16118
2324
2711
10736
7716
5629
12232
5903
8301
1113
14348
8270
4304
486
6504
10295
1598
10986
3866
7478
559
10957
6013
3052
8184
10329
13075
16587
8224
6970
15977
10345
15587
17253
13847
6189
17166
14350
15446
7494
1582
16164
1244
13790
423
6527
15730
7356
11166
4180
8822
1704
3740
15322
6313
13293
4632
16095
6878
13994
8025
13498
4542
15473
9944
10005
14877
2332
14306
7315
3238
5402
4511
12321
9275
17070
15217
1999
4076
16125
11647
9724
933
4007
3458
1672
16922
3511
616
7591
3288
15149
11080
1934
1133
8846
12243
9828
1514
15521
299
13400
8600
16859
13392
6839
387
10653
377
6811
5464
5846
11997
7084
3767
17342
8650
1498
5510
17318
8993
13140
8362
4235
1000
4169
13958
12318
4543
15794
13244
2078
6508
2422
989
15903
6450
10029
4983
3251
11424
4048
8196
7418
8252
1141
15203
4092
11416
9811
204
11221
5881
1573
12463
730
6271
595
14441
8905
5769
13567
6814
10917
13475
1604
12554
5670
748
13895
7496
1273
15311
10927
2339
4549
1897
9785
6963
15739
16269
15355
16968
2969
9131
13406
2067
14188
2018
5391
16384
680
17141
1733
9748
13012
6146
10057
1594
7917
17377
3650
8864
2263
13111
12083
10542
6660
4963
5242
12341
5623
2327
1740
14072
15193
14646
4271
12114
6233
11510
14609
14274
939
16896
8426
14571
7351
4322
4704
15139
897
15176
16222
7085
1145
16902
15566
12820
11198
8495
2431
14393
9502
5555
13952
12565
738
16756
5310
6218
15945
3513
14078
3380
4790
4248
12674
7913
14943
178
12432
1759
11474
14708
13174
13817
8985
1982
6092
3396
16162
17299
8452
9041
7716
12482
12568
273
9971
6234
13259
4811
17152
10968
2310
2306
13703
9705
7619
10419
1792
6353
4001
9531
6213
12235
15379
10300
10177
1134
10288
16390
10900
7189
16716
6590
5467
12125
8293
14101
6701
9230
9403
1545
12044
6959
16204
13209
15544
13392
13092
1691
1822
10063
11688
15370
5995
12102
10347
13570
8174
4235
8133
12970
2698
7250
2550
4518
4357
13660
15675
9012
17393
11277
102
9014
3337
11602
15913
11629
3856
14780
14765
7114
9639
9729
7833
8255
3594
14320
16571
1659
15722
13559
10891
1201
13600
11062
6760
6876
14400
11306
3045
4575
117
5625
7646
7882
12006
14284
1053
16940
13692
6135
10619
2383
13726
16615
14846
15560
10420
12615
3023
16901
7429
15821
10177
9745
7745
9166
17014
9895
505
13602
12733
4257
9298
12299
3173
7993
12941
8069
10994
13638
14610
7927
5857
17397
669
6049
5356
9900
12383
13048
13067
1763
10950
4343
6571
15601
2193
6355
1177
3098
10185
1100
17196
1108
12776
4517
1175
14508
11308
17120
7928
1125
4602
15255
17172
1012
1891
11439
14
11372
15479
7408
14409
14963
16696
16242
9549
6350
7307
14137
2028
11537
13459
10661
5119
8781
9341
16680
5520
17197
1681
11303
996
10895
16945
16491
5182
7826
14774
9210
2391
16243
14444
15410
1640
14955
1076
387
12698
522
14403
4814
15357
4042
11381
1497
13110
10291
3295
9350
9469
14723
2855
9613
3062
1009
4920
6464
7594
10718
6561
6467
13192
14410
3331
16426
15920
2266
6946
14205
5887
1683
5014
13123
9208
9929
13294
14243
11610
12380
11892
17325
9074
15215
6880
16170
1688
10017
13838
9474
3499
11167
8193
5247
15363
3904
16305
934
15265
9271
15657
7355
17163
1471
5626
16871
16630
3137
12799
8428
3355
9312
7198
15506
5375
11854
7555
15520
17348
17055
14489
6672
11512
9341
16330
5169
11890
16244
14799
9998
247
5902
13329
11670
412
2178
13373
15831
8840
14572
4206
12840
16508
10504
7061
9836
6966
6869
4052
4162
7254
8936
12118
3654
12996
1087
4373
16656
5584
4218
7182
9862
7188
7784
16502
1036
488
6017
8169
6803
327
595
4894
15906
16264
3568
3653
11860
12124
14991
9774
2047
7138
16958
10651
5548
480
3761
4746
16761
7735
12401
2728
4519
9270
720
3757
14190
3
7958
6898
11072
16841
8784
17340
6714
9904
16698
1790
16326
7938
2478
13171
11728
15578
8424
14512
12923
2613
13020
3110
10686
6573
5091
1094
14224
4165
4644
5415
7015
14337
15234
6995
5918
25
7190
7571
852
1557
542
16799
13216
9023
10714
10916
2685
11441
14861
6561
11810
11972
1342
7033
4612
2668
12637
14016
12180
5791
5452
4160
29
11626
14735
11319
2462
2778
15524
7104
11773
10303
78
2826
14581
5762
1927
3318
6412
7785
3551
16985
6798
12645
5753
143
418
2711
13582
2187
13942
12607
1219
1765
8252
15654
10733
480
4000
15120
4143
8279
7723
2495
8811
14922
6758
6279
359
8264
12463
3319
7133
4929
559
6314
16537
1895
1466
5435
15027
4728
11979
246
3441
3716
787
9453
10619
7812
8066
11651
13637
11944
15482
3572
14690
7074
1630
16495
11262
1233
15694
8471
10289
4403
4096
2908
17399
3076
17067
6985
11786
725
480
9335
3993
15607
10436
6156
5070
12184
946
11925
17371
5318
14561
73
8403
8139
4525
16506
123
9263
13769
9751
15017
3353
12287
183
10839
10615
4525
8825
10709
4951
3139
12493
2595
7968
10206
1283
11641
1182
12819
1131
5584
1622
2285
6141
6912
5793
991
3155
4076
9310
662
4143
12005
10655
11664
12846
9415
12726
2715
7038
15827
2747
10952
5504
10727
8060
1227
15618
4554
9705
493
6090
12989
5291
6032
8311
1840
2882
7350
3014
10677
4068
619
11008
348
9305
14600
9357
6858
13526
8837
7363
10985
4652
10530
5552
2479
3618
5345
5977
12865
3455
13192
16971
14302
11918
1708
17325
2502
16041
13564
13040
2166
4119
3179
13168
14383
11759
13887
10928
8353
12669
8995
14332
121
8901
15061
15851
1033
869
9800
16320
15662
16419
6802
2557
8496
13963
9066
4040
7956
15692
7619
14797
10885
2533
12558
12004
603
16147
1715
14582
8908
9745
6132
2869
2031
3605
14966
5039
7110
2173
5027
8172
8838
9633
5367
12965
13742
16403
4421
2646
17264
4952
4900
16177
5781
17005
171
6309
2538
12864
10686
15577
14558
11902
16307
16566
10441
7985
1074
2167
11046
84
3652
16051
7754
14906
15806
12463
4983
5114
2456
1164
4301
11143
7914
1010
4643
5402
2086
3977
7492
3682
10064
7081
3568
16244
15479
4715
13908
16094
14533
4240
683
12523
14437
14425
6434
3261
5885
12094
9060
2938
5326
12594
14744
16763
8806
6312
4300
8556
1848
13994
10246
15465
9907
15383
16624
7155
13976
12153
11447
2584
5734
7326
7886
7196
6074
7343
17090
17203
9449
938
16838
1725
7596
16529
15668
4480
9489
7501
14635
9904
11158
941
2667
9663
11482
12701
15744
2538
8428
10688
3083
1081
5336
7485
13813
15883
12965
15988
13381
4293
7658
15923
9757
10169
788
2270
4459
9799
1761
2998
11633
745
7235
9795
13208
14829
1563
5673
12692
15406
7942
14292
12632
4019
10294
8590
2523
12551
15565
17375
17008
13519
3447
2369
2728
17273
13296
1004
8505
11390
156
14418
12454
9321
7197
1269
1100
5606
8106
10044
10620
13716
12484
9858
17201
15529
15234
3795
10880
2687
11726
17161
4047
4054
8696
9306
9139
1350
12365
12121
7955
10046
6594
1561
938
10309
12432
12939
778
16153
9652
11349
9751
1672
8151
4220
407
9524
6556
15715
9553
13206
4463
8277
15830
12748
11241
11701
486
13976
3623
3384
13619
4550
12249
10924
17279
1846
2377
5862
4413
1194
11549
12177
17214
3491
16302
17346
3394
15298
11605
5242
7366
7036
8736
11112
10852
13507
11803
5486
9322
16181
9906
10843
1631
5265
10834
704
9370
1629
14979
2230
12422
4038
15158
1847
960
15821
12520
16908
262
16798
857
3593
11764
14698
439
15502
14453
6078
10755
5954
13879
7008
12849
16505
9249
7565
7977
13004
3112
2666
6491
5932
2108
11434
649
12435
11346
8195
67
11370
452
1693
10616
5534
90
4200
6269
2134
15058
941
1702
13353
9288
11803
5502
13005
727
10329
7478
16443
12569
6639
8496
12200
2842
5861
9633
11040
15303
8017
1249
478
8347
11486
139
13189
7534
8573
4978
16413
5918
2627
15247
16142
1471
4111
15189
1676
2945
2479
17242
5134
6479
5903
15695
4918
14757
7843
6723
14426
2438
6707
12370
4068
107
10945
6923
10020
17230
4730
15094
3828
10845
8029
13749
2289
13709
365
3901
26
16154
291
11956
4729
1550
16196
5339
9390
8034
12326
12075
1895
2372
14541
10769
12059
6022
10869
12376
4198
10175
14107
3650
12507
6843
3845
469
10550
12496
413
8628
16164
17008
8400
11244
12298
7723
12850
2412
10197
13911
10792
11517
8148
13319
7259
10933
1530
9654
533
15226
6411
6877
4436
16250
5072
9400
5443
14461
16148
13173
3908
6659
4845
8701
2034
11261
17273
15902
933
11922
10724
12832
3090
2347
2780
4240
12276
3190
7635
6787
16552
698
8909
3946
14192
1745
10868
4099
8957
3720
9639
8673
9428
2038
9471
6259
3506
1639
8384
14884
12876
17110
15429
7400
13225
250
11760
14683
7572
4199
16006
4288
12318
16377
13339
5650
9387
14045
9130
16091
10377
421
16009
11623
14204
11077
8783
10138
5927
6319
2747
1637
11707
11188
16262
13973
8138
1599
3249
2739
11419
10425
7965
5747
1629
8752
15952
2259
13666
6057
7166
1384
4843
6412
11540
14279
10162
9911
8781
3382
6268
1012
6493
11053
15172
1832
11023
5611
5013
13250
15708
8567
5480
9683
7838
11647
13610
7760
17283
9405
315
15638
11629
6956
8732
5108
9631
7877
11848
16190
6184
3215
5410
1684
11085
14570
3641
14584
8105
4368
2984
7142
5768
8638
7803
17358
3006
1047
5266
3808
11080
6751
4421
724
2684
10173
9128
4882
6507
11887
5499
4027
14271
9956
4673
14850
207
3646
3047
430
4346
5623
12386
7272
2049
10362
10729
13079
15370
1595
591
8202
7121
15541
2174
13846
17231
13340
17212
4905
17218
11113
5808
14339
12670
15175
5256
15438
85
13446
7576
435
10714
1277
11434
13308
4124
9948
8975
16723
11150
16159
13695
16237
16057
13416
7899
994
9917
15437
14725
1810
1172
9677
9070
7653
2411
3105
3602
15819
6860
14346
14770
6154
3260
15671
2165
3337
6916
8090
15941
8182
15079
4137
765
1288
15249
3183
9600
17280
15894
1770
10609
8357
15619
6708
10993
5571
5659
1381
11885
14317
12698
1234
8257
15437
9702
4530
7543
2705
16007
8436
5805
15510
11310
858
5699
8738
15502
2921
4639
12196
15681
13429
2198
6962
13452
5658
9031
4649
5461
10100
3722
5890
9838
10792
4691
14312
648
7691
11769
2719
14421
478
1712
1546
15581
6752
5694
6995
3209
9994
1174
12023
14232
6482
16358
1730
563
9212
3936
9775
6144
2091
7921
9176
9741
3764
2583
8081
13018
12133
8342
12112
10946
4493
241
3957
11041
14644
67
339
13500
14099
3518
6091
7979
1797
2027
13379
16629
6955
68
1935
7986
15162
5067
8147
4046
11263
5321
1936
10585
3868
8235
2687
16487
3865
624
15084
15337
9707
15906
3292
12335
2700
4074
16429
9382
10890
497
11948
16654
15386
6736
6012
13116
1844
11233
8959
15876
4163
2024
2436
692
5930
9056
14224
3192
3338
17385
3740
11439
6091
14358
6212
12686
14246
6416
4630
2027
9319
8985
6128
14121
5202
5094
16306
758
11969
6125
9767
15570
5920
8402
5643
128
12919
11301
12321
4863
3319
7103
7345
7195
9995
15256
554
7742
326
6152
1347
13671
8742
10984
3438
12114
12183
857
5906
12832
13150
1473
16514
15725
5101
4098
8944
9272
17135
5502
6749
4023
16491
12099
7739
12298
3775
6544
6655
14076
1171
382
12010
5537
14458
11102
15551
9558
7337
11416
12743
2809
9457
2204
3218
3514
9529
4310
15955
11946
10853
15619
3012
8392
4825
640
5211
10126
10562
10017
12000
11569
5886
4674
8987
11039
6570
13115
6212
16240
11107
5238
797
13806
4947
1772
2620
9081
9988
6427
10877
3570
7134
584
6873
3614
2424
5825
6942
4776
12298
14823
10056
3069
8262
2047
1748
408
8963
10820
9218
4956
4603
2725
10956
9724
9835
2762
3657
1855
7126
7035
16275
16171
7744
3823
13487
16117
2614
4167
7002
1942
9324
5371
2590
2655
10301
2566
8096
6002
10392
15900
11137
7064
11145
8919
12431
9054
14432
3268
7207
6603
13692
13143
2926
15460
4497
7555
6718
825
3496
12837
2633
702
3374
1379
13532
5297
4063
11606
7129
6624
11919
8476
14900
3090
13812
2550
10398
7021
6636
5030
4298
345
6835
11992
12387
552
16873
12805
4190
5419
12676
13166
13959
17018
3665
16219
8663
15154
2387
6946
9754
1311
11816
1614
16703
15103
16059
16746
1258
861
14898
16628
7362
17254
15800
16544
15908
5843
4006
13799
15104
8263
2636
11799
16725
4247
1247
5272
2242
9936
14161
12987
2737
12298
14915
409
9578
8892
10124
4730
10773
2587
4968
9666
15473
8632
10903
12538
3100
13176
8771
1786
12947
15322
11934
12619
6509
101
10135
15235
12772
14029
13819
5899
3712
11265
8372
13394
12334
13499
10590
10354
411
7838
4406
8539
3461
8574
6763
14933
1699
3163
11856
12309
14622
10074
9214
7453
9700
1044
9130
14964
5690
169
1811
12447
6851
1125
260
513
5463
4302
9736
768
6880
13568
16797
832
1597
17252
8546
760
2612
4750
6923
7802
5381
7203
5483
13503
5431
2969
85
13813
5859
10827
929
10482
2287
749
11669
12062
16767
11183
16441
7989
12403
1365
11301
16947
1598
12958
5699
6297
6677
3873
5450
13218
1144
7260
11859
13493
12589
13500
5039
14191
9604
13421
8645
4829
5794
13905
3429
14515
3248
2704
1658
7712
4089
6790
10919
15794
14207
671
12220
3027
17331
14592
1522
16353
16945
1259
7993
2888
6920
4184
4257
11840
1856
5838
10833
14631
16181
4102
14296
13657
8294
739
14817
3760
8668
15791
6358
13231
6552
3075
9953
15956
15051
7284
5348
707
1608
14910
5495
3154
10775
15640
3191
12805
15729
813
13804
544
3
280
9601
2860
5548
11904
2507
10481
1539
14497
4795
17021
5348
623
15268
4234
13390
9219
5569
10910
4671
12522
1768
263
16423
13377
9180
13134
3864
16147
3070
3915
14018
13291
7097
11995
11334
7380
11218
11047
1025
10699
1712
2395
10917
8765
11371
14515
4222
4755
15723
12742
5721
114
6065
2617
3713
7137
12899
10576
6438
17392
10965
6913
15581
1887
9510
6009
3029
13789
5849
15178
6116
11549
3682
10023
10716
5410
15174
7661
8460
2184
6260
7435
10145
5170
6912
11067
13698
5155
16442
3463
1454
2331
6197
3080
3515
10610
9912
9617
2385
4146
10454
16015
16551
16305
8804
10267
3778
3701
4058
16891
15994
4864
15811
13575
8229
7395
14251
14006
3476
13880
6285
6293
7496
8670
9235
9563
12490
11977
16526
9257
13154
5605
16619
8734
2609
16500
8531
16162
60
13856
16482
3363
8419
4042
16420
151
1951
6765
13054
16156
12029
17065
10778
11508
1732
14975
5325
7299
16171
4622
1240
15162
9546
8847
83
5198
4333
9836
8154
7710
1506
5236
11261
14603
14878
4631
5049
17116
16157
2659
1996
4669
15968
2104
16183
3519
11831
12475
15399
12476
5844
16546
6327
12864
11708
17373
989
5742
2825
4847
4969
16096
16904
1418
14310
3665
5359
12502
10271
13591
3166
8508
2857
15824
6843
5955
5287
9926
11016
2608
14722
5162
10681
12585
8965
15514
11020
13534
12823
4351
3275
8250
3041
5935
8349
10046
14508
15068
3628
4186
6992
14593
17000
5659
3936
10640
8969
9498
12690
17251
15442
7308
12976
1746
11165
16569
104
3079
15286
3727
6586
9915
4823
1089
7474
16825
5287
10077
15245
13338
7050
1316
12014
15398
807
6643
9077
16722
16430
899
10079
3041
2045
13749
17201
12703
3218
6547
3275
6905
17019
8557
9889
15100
10103
410
8484
15735
8801
14703
11004
11808
1580
13300
8226
16493
13831
11891
15941
2458
16655
14813
6658
15309
1409
11552
11303
13548
5255
13146
10545
10453
2647
8565
17015
1371
14672
8819
4144
14554
15353
16901
14984
497
6562
13408
12065
9451
8971
1684
7405
14049
5168
3625
6231
11152
165
8478
8505
17097
10094
9094
10734
6182
16109
14317
10467
3483
13653
15193
17198
11994
7258
15899
11615
13893
5791
4098
2917
1870
4147
16463
16822
15679
8328
11484
15328
16293
1581
1014
14786
14640
10542
13144
5456
7260
6114
15469
12435
17060
4710
9227
10161
8561
6287
9281
11721
8407
4336
6172
2220
13320
10122
14747
5568
2437
10364
11399
14359
9168
8326
6872
12515
15910
3140
9316
12666
5804
7746
15857
9108
11790
16999
9594
10166
9340
16621
4387
13453
3232
16029
11460
14860
10784
17135
8702
17027
14757
15945
9815
2481
1269
1110
3620
8465
10174
7805
9594
3676
8988
11214
16343
3799
4146
2857
10507
13352
8093
13557
1820
12752
10690
15795
12746
7411
15970
3564
163
17334
7576
10489
16784
7934
10515
9531
3085
12277
7824
15623
13732
16467
14703
5847
569
703
17143
12804
238
684
5586
13522
4315
12740
4174
13445
13032
15918
16215
15530
7549
10612
3757
2097
11470
14678
5501
6184
11594
15711
59
995
2967
17266
6919
12340
16794
11675
16861
2423
153
4757
15336
10963
2870
15939
1228
7675
376
6667
12142
2543
14308
5023
16184
11946
8703
6630
3962
17073
2203
16261
8292
11878
3143
17294
8017
13848
15331
10326
5011
14069
277
11084
3903
15686
15343
4231
8178
14156
13466
8870
8268
9167
4397
15604
6009
8622
13526
11931
12306
15800
10523
15485
7148
2948
7449
1193
1554
12882
14448
510
14216
10430
10145
15029
16364
16543
192
7186
17271
13715
12267
97
9261
14995
5507
4265
4659
15394
12395
14338
9673
688
16498
11374
1881
7711
10207
607
2674
15625
6124
7095
15373
7083
10140
16998
14741
4451
15014
7567
1965
306
8271
15179
16584
86
14135
16567
5090
10451
8549
2715
16616
12284
14756
17235
1962
3238
3881
1084
1567
13383
3625
4279
12639
16283
5049
17183
13276
476
15450
4609
8175
7303
15107
16423
15197
5490
11565
10878
7231
13898
10219
10333
9932
14018
6316
512
2232
16163
14266
14709
4179
684
8779
14997
11094
892
926
15397
15247
4147
10639
8189
1168
10043
13222
455
5434
4956
8708
4089
3804
2690
10071
6449
3597
13731
16258
12897
4637
5655
13185
4369
10275
9685
14959
5657
3368
2597
9407
2507
3198
3830
8021
3637
11790
17305
12981
17359
9291
7741
5843
15535
14318
14507
6702
4091
15912
328
8170
3023
4096
11536
10531
2748
14754
2637
13379
3850
4953
8600
9406
1031
14564
16793
15668
8475
8880
10268
4658
8342
3461
13167
14976
7933
10467
12984
17049
6410
14358
10991
6395
11398
538
434
10963
2800
8201
6415
9630
7701
707
11978
6981
7472
2785
6603
11422
15660
15582
16631
6897
15958
3389
5604
642
2722
10124
430
14233
8437
9455
17163
16924
16167
8572
15591
11868
13700
4981
7116
16616
10616
16862
14983
8638
4753
7114
4865
5379
6228
2302
12125
10180
2982
11992
13562
13996
14571
14504
6022
9009
11609
352
13677
12998
2706
2379
6292
16763
924
14240
9943
8717
10136
1766
12476
6616
15076
16155
5150
13341
4155
324
11576
374
9110
1712
8680
4716
14835
6137
9559
2619
16486
17257
8764
10026
4161
16972
8245
15271
15185
8884
1083
1326
9010
12401
13982
857
8355
8998
17098
4278
13402
16489
1778
8560
10837
436
2556
6361
13552
873
6648
14183
12501
12556
15887
9086
5019
15060
7224
13565
14243
9256
10458
4902
10324
16005
13235
15521
11222
5016
13746
15633
3741
1927
14648
3379
7673
345
6134
9140
6152
10704
8579
15915
16361
12835
4665
10037
3527
6365
6217
12924
13421
2709
6370
9799
4068
11319
3675
8585
12384
14944
12127
7344
283
2801
12145
9618
13649
6376
6342
7621
13837
7071
13326
9834
1835
15843
10518
10328
15127
9157
10209
13198
15997
9676
3304
17114
8468
15819
4363
14083
11091
3573
1108
10085
8953
7986
2346
15435
16563
528
5170
5275
5571
7027
11737
10015
6040
3046
11562
11311
9437
7794
6370
4338
1177
7608
7316
4353
16608
13131
11259
3121
6545
12590
10113
13499
2893
4888
6857
4992
6432
10291
12897
3852
5551
17309
8908
4700
12960
14603
5223
16379
14683
15610
2742
12395
2682
4899
16208
9761
14666
7874
11380
11596
6337
14941
1897
7132
3047
4443
17062
15743
16493
8249
10171
16852
3504
8414
9944
3561
7539
14071
13650
11946
2008
6330
6790
998
15463
15385
14177
11563
16026
7145
8025
6587
3526
17113
2756
17262
8066
12844
3828
3782
1198
13416
5967
11385
12115
8296
11017
6955
4736
11653
470
1342
16948
12831
16093
10926
1318
16714
12193
14154
15362
8330
2927
1173
2461
8260
16072
1426
4678
3781
10168
4371
13144
9913
14907
15912
13569
4836
16215
10739
7737
3658
1644
4052
4138
15441
15226
16830
2029
3624
11194
5396
9596
4581
6981
12167
15178
15317
7858
16059
10801
11776
11200
752
6329
595
13267
572
12153
2331
7770
11652
10758
6827
1436
17306
4318
5497
6306
9188
2808
15856
7335
5131
1373
10422
13282
784
6770
2730
15506
3900
2468
17080
4577
1870
1907
1024
10314
10822
1741
16757
7310
3275
13085
384
17007
14713
3448
7714
8368
14766
9966
7175
13040
3600
1283
11820
14065
13238
8915
12100
2516
384
11303
349
560
17204
16155
8398
5850
1614
8050
14876
1219
3995
11416
3782
4636
16334
1997
7574
6195
14528
14062
5792
8808
2484
17201
1092
17263
11717
16535
7599
4494
8455
11839
2131
16646
16818
9525
4216
4578
3952
11753
14769
3862
13666
12837
7
14513
4539
7627
17178
4978
5379
8289
5218
804
9816
6730
680
12432
9182
12512
1018
13775
9651
4108
17180
14866
4509
15217
16958
4794
6337
10187
11405
4902
7730
3274
7965
12554
7869
16955
16892
3817
11566
13534
12241
12449
11133
6683
15254
6536
8291
3208
3526
10602
1513
6308
8780
3381
13484
2094
10187
3535
16038
3200
16126
17047
3265
14804
16464
11189
13611
4118
4358
457
5119
13714
504
17062
4933
9075
7502
230
14054
13933
6709
10138
15381
3396
11525
1657
9313
9002
12348
14418
8874
17276
965
594
14147
7261
7883
15873
6985
15259
3175
13054
232
1601
12846
15047
4109
10670
16005
10619
4457
16206
2327
2930
14801
10043
7105
15738
9673
12650
14365
6695
7731
15695
5040
10970
2300
7156
2046
13638
16780
6761
7799
5584
15253
1146
2832
16246
5400
16022
5669
16715
8611
4914
17150
13774
16399
10268
5007
1436
14752
6656
2310
4150
16788
6694
1648
443
8417
17295
1804
14842
13028
11574
3649
11109
9059
6009
11301
14033
13650
3167
4619
409
3795
11265
2229
3050
2780
2550
343
7796
6030
2273
11597
10103
6145
3780
5381
3095
12845
10092
8618
12377
7603
11777
8184
10131
15617
8814
13406
15518
2395
2512
15952
7375
2013
5654
11439
12918
8131
428
10119
3584
2399
10036
4162
12153
8884
2863
9714
14574
2650
735
897
10835
5472
15607
11727
10786
1939
13199
16385
7989
2441
11164
9110
12779
15301
13287
6909
17274
3899
14136
3380
9343
14048
12071
16655
5869
8067
8407
15779
1787
14804
2620
8524
13208
11091
2721
15300
1907
2617
5037
6241
12126
17237
16250
15865
7395
15771
8889
1154
15110
11566
10928
7377
11246
16856
11720
6015
15426
2809
15065
4107
2874
16549
327
11650
11029
7007
3781
11325
336
12717
11499
4239
832
2521
335
5306
17128
11780
15662
916
9976
14045
2755
6102
16972
726
13347
1779
13791
11229
1270
4647
12690
10415
16333
10086
14168
12785
15204
3888
12356
8822
10073
13996
13768
3253
11909
3525
5031
5615
3826
14144
3432
4701
8163
14749
15643
16311
4001
12499
1459
11352
16620
11551
17192
9415
5014
7614
9437
14828
8394
6701
11388
179
9015
11762
12912
15476
9119
10575
2439
952
2622
10334
13960
11823
8062
2954
10252
16036
17112
8603
11016
3089
4854
11016
12561
7968
4548
14282
16759
15998
8666
7573
1719
6448
3858
4027
5452
4759
8203
6852
17256
12140
5600
8666
6943
16745
6340
14516
1417
1992
7485
6510
14699
1092
7301
5734
7939
3153
10013
15683
15088
8947
8491
8827
13011
5314
1508
1644
16402
4640
15792
12941
6378
9975
12142
1450
4895
10654
15252
7699
15844
8153
12252
11485
13051
16006
3785
4854
10343
4324
968
10184
15322
2940
9444
5564
11418
2802
9378
16993
1480
12593
14919
10506
1259
4746
11741
3131
11103
15941
16734
729
2591
6012
16591
15555
15481
10606
13200
13793
15756
2222
606
14726
6606
4873
2420
7629
16029
6900
12496
7625
4863
9862
13712
4847
13546
696
488
16541
11090
16041
11052
15262
7203
12345
16776
17021
8305
2389
11589
15523
16953
4287
3237
10044
9964
13670
13892
3326
14585
7596
10683
4189
16359
11506
817
1314
10462
10757
8084
14562
8444
956
13344
13171
2456
2290
10989
10567
12669
7777
2953
16537
1904
7683
13997
9746
6004
12047
253
11579
3178
16706
5298
549
12153
12632
548
16057
2231
12099
13404
13292
14129
12380
2498
9343
6785
2682
13051
5441
504
2332
706
5164
3404
8891
5954
11550
5247
14128
5129
9711
2332
13525
7403
15470
2828
15405
16241
11834
14896
5771
5695
16598
1566
1290
9684
15409
17104
4545
12840
12358
17116
5016
6649
15835
8214
4384
1769
5877
3134
6459
17253
13196
15767
17289
15276
3833
12601
5227
10780
7084
5588
16406
14695
6644
15088
13437
8976
3079
9787
8456
15828
4921
16023
10159
10516
9897
16773
9867
4250
9400
17179
12644
12889
1016
4588
14396
7329
12590
10813
2021
3116
11895
562
13920
10273
5749
16162
3400
15008
15193
7274
167
13288
14770
6599
848
6120
3110
16711
5451
5147
3781
7126
4176
1082
920
15612
2010
14155
13686
11477
1238
14841
6431
8825
12755
1023
15448
10100
4056
608
2172
15995
4615
13969
14414
977
9011
4018
11323
16840
16823
14738
7451
11654
8088
3316
13817
329
11405
9967
14603
1177
13933
15285
12313
8584
5106
13842
10077
6914
14435
9705
8787
10748
13831
2936
2609
833
185
1294
11324
2048
11039
15760
12211
16997
15721
436
10195
8514
4669
325
13769
8959
7023
13730
15648
7014
13645
12516
13228
3841
2062
6140
8669
9512
17305
5164
1411
9660
7811
11756
7941
13523
14475
9883
16953
2949
14461
17079
5367
13882
14113
1645
267
15920
13782
7272
15349
5059
165
4085
4836
14088
2249
11157
16946
10710
1434
12396
13359
855
16539
4945
7013
5324
4547
1709
13384
4379
11683
12789
4235
11391
13473
10495
16207
13079
9372
4099
2292
9001
4148
10287
4314
13287
14891
3967
16945
3352
6487
11293
14321
8018
2510
3769
1644
17278
14054
15243
5921
8031
14996
17085
2202
15180
15027
7194
15579
872
1994
13734
10508
17075
5558
5974
16817
12695
13076
6073
11870
6467
11357
5590
5487
14179
6887
10278
12484
14177
16907
1768
11347
16743
8009
5566
6544
15885
5217
14973
8188
9301
12188
8669
12214
8025
5610
11192
6840
402
10667
12837
5934
9854
8707
1816
3430
7204
12175
294
14184
14553
14142
7011
5857
4366
14997
6766
8276
11256
4943
11238
12759
13571
5945
14604
874
16825
6378
5609
11534
10747
5550
14164
12811
1812
577
7777
2870
14341
259
4522
14883
15385
3551
15860
8011
5341
3786
3701
610
15834
9475
326
1707
4234
3762
1234
6600
12350
15890
13108
11697
931
4558
8970
4346
12035
15094
9797
3140
14918
9229
13977
1068
8524
782
3461
15482
9753
14687
2480
11744
4047
3572
8374
10325
10129
17316
5449
7055
15778
13834
8926
6833
674
6097
4185
9275
7907
2941
4127
897
2806
15000
15481
16298
16084
12789
11912
4816
15562
3071
16557
12368
11081
14095
4262
14753
9752
1153
5540
16832
8197
8245
4065
4781
12411
10781
10882
9319
986
1869
5590
8942
2491
482
10321
163
6124
12705
9154
15323
4705
16630
12090
13376
4883
6848
6609
16943
6419
7112
10057
15164
10383
14425
13635
10490
12463
5015
14808
7462
156
10826
9655
11537
1987
6728
1111
620
8936
6376
8950
6313
7550
1752
3702
3996
3671
12365
7089
10994
6151
15664
11724
6037
6619
2822
6832
13192
13654
11851
12467
2852
1900
1628
15473
3493
9882
13562
3197
7389
9213
7056
8723
11011
2416
14268
11041
96
4558
9610
2709
2976
10636
15072
13015
6392
2423
4696
6788
12073
8720
12582
13984
4407
1196
15272
873
11308
1988
16431
5824
12391
9106
11423
430
1150
10903
6320
1910
5330
16756
13514
11513
13461
8407
822
10680
7906
4122
13163
36
2436
12704
1154
385
12039
3098
16796
12959
16859
3890
4844
14138
14054
3391
11463
4010
9189
13492
12291
14236
11141
12478
5549
2389
8176
2030
16818
3624
4390
12477
4861
4269
12175
1545
6485
1155
4034
14644
6316
4185
2879
8721
1038
5369
1552
14936
5612
12479
15290
5319
1401
12803
16908
5999
8303
7409
3746
5971
5769
10730
2122
653
5623
12580
1022
679
17116
8262
3984
13896
803
2900
5069
15108
1590
8937
14111
7203
16979
12363
8324
17242
340
5775
1141
2627
4505
15582
1431
348
13443
11074
15047
13027
8734
5899
1209
14626
10705
1378
14509
12677
3959
6028
16526
4024
2216
14249
953
13569
540
13464
6717
13246
17050
10066
9542
9481
2033
15846
10592
9143
10335
1556
11873
15324
13978
9524
12950
3293
11321
17005
15737
9987
10970
15527
13198
14342
2930
2469
11289
7281
6759
12037
11278
4422
1884
14579
6831
470
5773
1719
6775
1925
5483
16303
14264
16086
309
8264
8165
4411
13113
11749
16864
303
5773
17078
5199
13727
15291
7012
4390
10193
6747
2543
8091
15784
13756
14725
11414
17262
5118
15859
3368
7268
791
8791
6761
6265
7293
7300
8783
15472
13607
3225
4583
14129
4685
3261
16135
16351
13327
1092
9077
3377
10347
11489
11240
1986
14501
7825
10115
5132
7589
3388
13819
3860
2872
980
3518
13913
259
3389
11633
3996
7238
13903
217
2912
13730
5106
3998
2301
1834
15080
2370
2338
9823
16049
16729
7689
10080
5341
9374
1090
3548
2137
15438
6228
7764
14598
9825
5212
3944
605
4550
8995
16209
5802
1231
13467
17040
16307
13484
16322
1872
15044
11410
10668
2270
12334
14189
8914
1004
16685
11424
10639
10017
15995
12800
10477
9471
12718
1367
9723
16978
7144
12320
14517
5027
16648
5618
6587
5563
14567
12493
15657
12786
14432
253
7070
15087
9193
11009
13791
12463
10250
5819
11626
3348
4694
3364
6156
10569
9518
9362
5503
12186
15230
11437
571
1211
12698
8240
12120
7344
3012
6728
15322
10773
13702
12980
1046
2037
9912
9818
13910
16653
17378
16317
3672
8834
7093
9669
7529
5140
10710
16301
195
17198
6511
11316
4259
15321
6186
14389
13930
14767
13125
10811
11320
8517
16022
8862
16113
12579
10784
8581
11832
1459
11156
4354
12400
16970
9664
14120
7033
15093
3878
10333
6150
2226
13795
11220
11763
2445
6436
6843
3645
7208
1059
4663
5143
4746
471
8823
13168
14852
10268
14090
13491
6170
4341
8951
4042
4564
4104
14970
2114
9291
9202
5538
4919
9957
14324
15604
11338
923
15408
9818
1541
16114
8449
17285
4549
1991
10971
7988
11512
16807
2038
4078
9217
10310
10568
6502
10360
10923
12611
10236
523
6321
765
331
11202
2368
1515
15605
2384
12265
3620
10259
10698
5498
979
12321
13805
13449
4522
15020
2707
408
807
15966
16685
10180
5795
10093
15014
6812
1965
3916
13664
16107
10999
11356
15615
12376
11240
3898
15611
3555
6380
10903
6816
8732
8975
1842
7467
2233
17233
2587
15443
11212
8172
15443
14033
5007
12481
8838
16412
6916
1413
11963
3952
10491
3352
3923
14898
2539
6437
10057
3278
2968
6303
9150
14176
7634
3141
16553
2958
9839
12221
716
12275
17327
8223
11762
5232
10644
13976
12080
7669
11428
14095
3660
1313
10052
16439
9050
15223
701
3510
6131
14335
10300
17304
16408
4388
5159
15264
4422
9498
14557
13048
13495
9754
2118
3032
5477
15181
357
10045
13638
15558
10481
9340
15941
11590
8949
12313
16984
5534
17243
3165
14628
11175
2159
15917
7106
2343
15240
10991
8093
462
13051
1153
11056
2781
16235
9184
10298
17112
12930
2201
5987
9448
838
4406
6708
658
15274
13108
3826
7512
2633
5010
3931
3942
10282
2252
5067
16545
8149
10781
13137
8969
3243
4710
2121
10872
3446
16103
3879
16440
15667
11562
7801
15127
8583
8447
12188
10410
1728
2977
2068
7480
8081
17141
16407
5786
6509
16651
13617
15827
9391
264
5956
14093
3078
7356
8680
11075
12348
13617
3585
10242
7726
1432
2096
15299
15397
5751
10552
6603
3617
14941
13414
962
14438
15347
17331
4122
15762
4628
38
12860
2670
15539
9494
12874
15363
13329
9151
13989
3882
962
1316
2513
916
11085
17321
11496
10520
8461
5128
13545
2467
4307
116
6982
461
8480
15291
4269
12805
6246
9037
8386
15620
1618
7691
6315
15813
5411
4532
3832
10709
16554
11968
6790
10181
14255
10170
12836
15219
1323
8251
14698
6684
1149
5046
12358
13726
10636
9947
4331
840
5140
15479
1625
5817
9130
1624
475
10456
10165
13278
917
16330
15307
9344
2893
5674
15952
7587
14595
10609
11207
15616
3625
14448
979
13015
5002
3595
2794
17088
12689
10268
8152
3165
1299
6142
8103
2751
8015
2627
11037
14395
9409
4643
12768
3851
6363
15405
472
4543
7023
8938
3997
13653
12944
10678
13874
16719
15795
765
12770
5971
2737
17306
17084
1967
3116
3323
15496
5989
16629
13419
16871
12346
13382
4122
2635
12200
7869
7098
15693
5338
2528
4987
14046
8967
13600
9361
6987
7523
3512
8817
11513
16905
12147
9300
4316
7769
2616
15346
11284
12748
1105
9814
12063
12106
10178
4300
2203
4301
8500
7528
6511
9163
8933
13922
2293
15178
1813
7412
10129
8119
11358
14662
13912
11167
9979
12192
11847
10483
4944
4490
7710
16853
3548
14624
13620
12203
2450
40
12396
2794
16635
4034
13910
921
3321
16448
798
14549
9379
16813
3392
5979
16111
13680
11158
5431
9264
16602
16103
5921
15827
15498
17076
9704
1569
2105
12740
1807
16021
12626
3799
16511
10338
6025
15355
12087
16982
13559
9475
16380
5089
675
8341
9608
15782
3446
12578
2730
8243
16244
4392
9992
10735
2424
6705
1718
13589
14429
1928
3162
4984
11243
6381
6636
13796
17368
1489
1806
10033
16506
512
7018
1996
2944
1392
13983
6648
3010
4114
13202
14497
8921
8171
283
16475
401
3275
5927
16592
777
10384
14541
121
10011
3468
1490
4877
15709
2122
10594
578
11587
9861
5625
9351
1845
3888
13304
7347
13014
14270
16669
5962
6674
9860
3759
10288
2856
11033
16037
16019
9841
15660
1315
10776
2941
12746
2809
16133
6394
13238
8791
11422
16646
4201
11528
15382
11162
13903
8298
11277
14472
17121
2705
15973
5483
9735
13617
15080
1744
2749
11951
15728
11706
6372
3762
13856
8784
8557
8267
9525
2234
6306
2408
16460
15880
8883
3728
15861
782
11623
7817
13353
17137
16624
16716
11882
5359
1137
14640
12511
14421
7004
2524
12687
6082
1382
1111
4354
4370
12574
6783
16720
12561
4849
5584
5774
6585
9386
5110
5220
14716
14912
1691
6005
12205
12266
4803
1770
7983
1808
1310
11510
16956
15705
4401
4553
13555
16782
6632
10293
3533
13771
8699
12068
14002
3779
4596
13243
7052
14092
4172
8404
9889
11852
6357
2144
12810
7694
7070
9403
6122
13441
10155
12996
10251
5283
6416
12198
5988
13491
707
8641
12525
3211
1233
16618
7228
5504
11420
11091
16761
11652
587
7354
390
12206
17387
7442
8235
10711
6176
8785
4590
8908
8699
11089
2229
4342
10385
13581
2451
2670
10365
13990
16417
11370
9662
7614
1324
11489
10706
10030
8416
405
7022
8488
2506
3151
15003
6385
9613
8331
9653
12844
63
8269
843
5790
12091
6863
6104
3232
15174
818
12855
15858
15683
13780
7957
15698
13060
1490
12668
5638
11605
13090
584
10021
17142
15313
15062
8333
8893
11579
3704
3421
10350
2795
13658
11668
6039
1010
16190
14087
10996
6004
8347
2860
5560
7461
5037
6892
8011
11347
3677
1802
3585
10826
4128
6766
15245
14995
3027
15691
4257
10156
8881
11380
12502
10347
6996
6194
13577
16579
2254
5782
15536
4093
11469
13302
8178
6165
10320
1076
2654
15817
15093
2485
3253
16058
11021
3672
14570
1682
2147
7883
15164
11173
10732
1070
10964
15771
10255
15047
13554
17023
9277
5557
10120
524
11785
12533
9660
11750
2386
15000
10626
15022
12322
641
14659
3438
1584
999
5651
5432
4796
15223
10962
11184
1898
8067
243
3393
6880
3655
7782
5914
16722
5835
15678
13316
17106
5304
1464
15244
4938
5184
7485
3578
11738
5467
11261
5262
16182
1931
3493
2256
1545
16808
15128
5319
14988
3395
15246
3289
616
4104
1665
6028
12714
14235
7923
8513
9030
4836
13031
7646
14388
2438
6610
14089
3613
9726
2015
13330
10360
9400
77
16594
3389
3509
1840
1732
10094
9769
11118
4377
6420
9473
1619
3737
4855
16538
4211
5657
12885
2910
14086
13359
15687
9696
11272
3103
2229
15773
4687
11435
3853
6866
7136
9574
6982
11543
5803
4758
14560
12832
14325
7195
1277
10082
13501
12617
9978
10215
10644
7814
9795
5546
1915
545
9287
13654
16183
8050
3575
10643
17163
1571
7087
11176
8206
8733
10686
4571
16338
16172
16716
7791
15094
746
8248
9526
3663
5194
13122
8615
1349
13705
5655
1870
509
6301
3333
4360
5004
2226
9533
17315
8877
11559
16679
14436
14500
8596
966
7243
2878
7253
8445
5868
13496
1495
8700
13208
14734
375
10432
3438
7634
10413
8580
1750
9860
4607
10697
14211
16248
17376
14446
11687
434
12646
11594
11626
15245
9726
12815
2326
13222
17224
7583
5935
12208
15424
12895
3466
4097
15596
11263
11943
6415
8219
5603
11419
2647
6424
11813
16759
10891
15965
12582
1641
14431
9642
12404
16
15605
11918
16942
8952
15286
6545
1198
15653
2422
4990
16532
9985
6033
6959
11513
9734
10266
2782
4584
1019
12234
16575
11374
7056
4657
11995
13850
11251
6780
4309
11349
9084
8662
7425
208
3169
12485
8845
15943
5926
14335
15542
3453
5304
16760
11497
6230
12115
1354
983
15824
15555
3581
10370
14162
14323
817
14555
13806
16275
11792
11928
8209
5266
11243
935
5108
7492
9140
14717
3391
7263
5749
13572
8828
5953
230
6177
5559
14026
15016
4444
1425
2970
91
9000
7378
10955
10999
10294
3341
2288
4719
13608
5740
8705
13111
15671
9140
12634
8201
7187
7164
15937
8464
16948
2274
9516
15183
6565
10980
1202
9034
14694
13683
9447
6975
10691
8579
15666
1011
12426
4940
3017
14265
7534
16757
3303
4085
16390
16652
4156
5845
7193
5325
836
15855
16598
1245
4143
8177
8653
4805
4846
9463
2933
5763
14766
449
16851
5236
13452
11689
11819
8965
6302
14118
10030
11952
2750
12272
11031
598
3466
12154
14095
1605
8065
9370
1739
6275
13998
14222
12861
16383
11205
1500
3672
605
2069
7159
6897
12409
14705
11162
2793
353
10374
1565
8393
2212
5033
7441
14755
4001
7091
2626
7096
4163
10288
2162
5857
27
2973
4330
10439
4296
362
1485
13925
10428
8069
14025
9932
1460
1402
9694
13323
1334
2943
10686
8378
9005
5473
13329
9519
16527
1654
625
5974
9343
16158
9320
1614
12855
10571
7761
7334
11021
15119
11609
13593
8487
383
510
12804
959
4794
1377
8384
1976
12046
13255
5282
15958
12419
12229
2871
13974
1027
2109
10523
11491
16056
5691
16765
15463
11
6385
12129
10196
11636
1342
14171
14126
3482
9657
4066
14833
4794
3968
13507
2065
16884
16728
3687
2920
8762
14270
52
11023
17149
14293
12909
17000
10135
11623
16995
7028
134
7995
8238
7833
12013
17046
1159
5784
12594
10423
1762
728
13788
12255
17114
718
7002
13581
977
14144
2370
8821
12504
9211
5883
12646
16284
5644
3779
3397
11181
17161
13508
8219
11172
7550
14728
11759
1404
10200
9056
15415
7224
17370
13258
1467
15931
3843
17193
3080
5702
9764
6759
11784
12810
7339
4242
14364
1903
10157
15732
12165
12968
8407
16222
9472
4384
6542
724
12100
16312
6779
14392
3435
14025
3596
2318
16622
7497
7733
5938
12678
224
5717
4482
10559
10656
10391
12913
15474
557
1756
15804
457
2177
14843
10474
4550
3584
14289
864
1556
8789
3927
10292
6730
11286
9793
16642
14245
13851
10758
10140
7567
5673
6490
6562
11826
15726
3453
9131
14387
1117
5014
12961
6790
1297
8455
9587
15151
10953
9656
6512
4739
14530
9209
8768
16952
2097
2534
4222
15912
9966
14890
12900
1643
14791
7986
1859
10764
1018
471
5888
10053
12801
14544
10749
17146
16298
11167
3508
9200
13185
2651
2812
410
3583
12713
16595
14890
1148
7965
16484
4784
7266
6465
15954
4827
7637
7391
9086
10347
9789
507
14336
4821
11231
1334
11059
12071
13686
5278
958
5862
3357
2355
4770
8757
16890
6688
980
10089
2661
4404
13574
13823
14775
10785
11831
11071
7959
1881
11124
13499
5368
14439
17014
13825
15966
5060
12884
12765
5394
9867
15677
2741
5261
2866
13678
5311
4286
5132
4008
5684
1223
13166
16150
17171
10786
9554
16664
794
14952
13414
3177
1674
3416
6309
13255
15509
16719
8278
9085
12391
10411
9660
5230
459
7607
3674
15466
15464
4655
3713
8776
7178
11113
369
17042
9861
10004
8623
10293
8792
13506
6671
12139
12064
7744
10170
15895
12057
9720
751
5020
11833
2762
2901
12832
10541
4087
2149
17239
11305
2597
7515
2652
6834
13970
3812
8979
8348
373
11378
2979
2476
16230
16570
206
6392
9424
11806
2421
7862
13905
1287
16502
4526
9601
9481
9196
13036
11323
12917
16994
6517
15670
6289
6616
17053
10572
605
12705
7213
82
8688
11386
5324
17249
7065
13020
7309
15187
15000
173
726
5568
165
15844
2310
8846
4378
12468
17108
8483
2702
8054
16730
5069
9094
9453
4923
6124
11877
1059
5200
7726
558
9068
1608
15244
7581
1722
3063
10544
6505
13585
1431
12389
12603
4440
3030
10221
8216
12203
13435
9874
6206
11878
12291
10027
2354
5103
1829
15472
4253
3979
6195
4102
14660
2574
13949
8080
8095
9785
10766
1524
4997
13991
5101
5409
2808
647
9369
4626
15237
4042
1619
5455
165
6102
3022
1691
7204
2379
1127
5396
5352
1635
2156
7370
7304
3775
8934
9366
1511
11953
7672
12182
12045
9611
7748
13757
7820
8511
5707
16094
15064
3893
12608
6148
4377
14821
2077
10324
8628
8707
10637
10766
12950
13390
12031
4274
2941
13753
5603
14292
11995
7768
15872
17213
1163
6829
9456
14526
10338
155
1087
12449
1007
9217
12348
3818
10722
15067
6070
11188
15472
5109
844
10291
5651
78
5074
9343
5005
16013
12302
14130
14210
6144
908
1998
8574
1177
4870
6074
15723
9070
3380
9571
14862
16065
6117
1210
15274
6555
7260
14991
14244
8811
13757
7513
11529
10502
3727
12687
1345
8126
4421
1982
11015
8421
4502
6011
8853
13366
13642
12169
16483
5228
12504
8754
14515
2877
1571
4150
8546
314
15062
5146
9336
4369
7358
13332
14631
12700
4514
16661
840
1677
3069
7676
297
7244
17386
9115
10244
6140
10989
9434
2664
12785
6562
8479
10917
12432
14813
2249
1443
16822
6730
5828
5426
13146
10572
11110
401
6063
12263
12689
12786
10385
3638
11248
6005
4845
6255
10972
3335
4637
6828
13163
15741
11985
4832
947
11375
5612
17043
14249
14068
4545
13381
14986
13096
4008
3732
6944
14249
8410
3502
7430
10528
14750
7931
14828
9333
8555
9551
6835
15961
7331
15641
17250
98
9319
3843
8673
15887
1121
17068
12545
2646
2303
12470
1754
13887
12468
5555
16634
12518
6933
16193
16528
6502
3592
4643
9796
10050
1964
4182
16607
3937
15989
13393
3032
1571
9475
10378
6096
10197
11212
4316
6460
17392
8311
15191
13141
10346
16587
5255
12311
264
9056
15802
11492
11392
13290
14583
13410
9644
5206
13180
3752
1633
12803
13253
16873
299
11812
14598
9075
10419
2255
16370
14384
14321
9614
274
14941
3561
8118
16617
11995
1784
12800
10808
16861
5091
8997
16461
2277
11817
5422
9807
11279
2801
227
12017
12434
10416
573
9375
4703
7446
5528
16188
12927
10574
1670
11408
5827
14705
11248
3026
1653
13010
7514
991
16914
15728
13104
5191
15671
3910
5245
4375
8198
5031
8341
14173
10407
10998
8787
17101
1979
7656
1093