1807
81
491
1008
1588
1134
449
2345
2307
451
934
1730
1425
2195
1820
700
2235
1312
1631
986
1809
2283
839
162
1734
1183
875
1113
2072
2005
1143
350
2168
2039
1314
1478
532
1701
1007
74
1654
1144
2304
290
1287
2323
1883
207
2224
833
1702
54
489
1303
1005
1180
1580
1998
731
922
1072
1249
2399
2055
214
871
912
1693
2229
629
1191
336
1743
778
538
230
935
578
949
1791
558
2232
1084
764
1437
508
91
2143
942
632
998
5
1545
200
758
1481
2388
1780
1848
1164
800
2156
1517
502
668
1008
590
1348
303
87
566
2170
880
1707
827
1745
834
781
1564
1037
1214
383
255
1097
980
806
139
1034
2015
2063
931
2131
1915
1547
1177
490
218
1028
147
1424
786
20
2210
1473
246
1560
1803
1580
2145
1444
2103
1370
489
775
885
1555
1008
2304
612
232
846
561
2247
695
60
711
982
2248
1060
1642
1460
698
2179
209
703
370
782
385
340
1774
1918
519
1201
1376
458
518
474
179
218
1820
278
1670
2018
1163
2353
518
727
1187
2193
1688
1396
2310
224
52
433
1666
2190
1114
748
1334
1266
1508
34
2049
420
1252
1352
1827
1537
1488
228
798
1
1182
1301
1828
1026
530
1370
1999
309
142
2362
145
248
76
451
814
2058
2295
1870
1126
217
1332
1038
192
1008
1178
1392
247
1315
1077
1135
1083
2358
331
2136
2390
2057
1784
901
848
1897
375
1142
637
99
1408
616
271
1862
2389
1005
2152
2295
2121
1603
2365
133
1032
2045
144
2366
1838
1320
1779
1795
180
1111
1633
480
2134
532
3
2000
2133
682
1147
1059
19
401
252
1745
1832
773
1513
2309
167
2393
1538
1392
296
1204
1049
18
817
2330
1301
664
1171
1215
1836
2185
971
841
1388
1145
2253
1588
2223
1172
2286
1489
784
864
1470
101
292
290
1557
2308
67
226
347
1117
1975
2011
324
1466
1828
140
193
1794
257
222
432
1211
1098
688
1589
1835
2030
2201
58
2247
2175
153
2128
470
86
504
552
946
1968
1226
1902
998
1886
1303
2061
1662
1465
1279
1368
1686
1457
1319
44
1108
880
1084
2208
66
2251
606
1105
2159
169
1655
685
103
494
854
583
789
2232
744
1720
2164
1788
771
1510
186
2003
1214
1799
2221
335
793
793
175
2296
2142
1432
75
2158
815
1591
277
2055
2387
2349
1446
1297
2064
514
276
1567
1012
547
1321
607
770
1777
1769
71
377
2289
1125
928
2002
1830
1604
339
1630
419
1831
53
1164
2024
133
1763
1782
1835
581
1460
2185
1636
1537
815
841
473
492
267
342
837
1644
1769
716
2125
2262
1206
691
1789
356
1170
2085
2300
1495
1751
1132
28
1124
1909
305
633
244
2167
1001
391
481
270
528
755
645
551
2120
1693
935
2123
597
1481
2186
893
1973
2025
153
1706
971
1330
1773
1927
99
2359
431
14
1867
951
1115
648
614
192
1724
335
1863
925
1633
600
443
317
796
372
816
318
1922
1586
1419
98
2119
678
2355
722
652
795
1054
1532
1956
636
1274
2178
490
498
222
981
1315
2218
266
1171
1427
2234
279
1430
782
1305
1986
2009
1624
612
109
418
1273
1056
2310
846
562
829
586
1141
555
1857
907
1364
1587
693
1291
473
1552
1371
903
1386
1895
436
1104
403
1961
977
1661
181
1897
977
2005
1664
2318
1676
590
1981
426
1474
1267
2287
934
927
614
2341
1315
41
417
2021
1777
355
1494
1516
747
1906
122
802
1022
1717
360
2121
341
1019
1474
796
1642
2240
2166
1122
2333
1404
2290
388
856
117
243
406
156
974
252
1746
2151
2003
730
1827
2373
550
2164
36
1950
1470
1946
1126
91
1874
1336
965
2169
1638
1518
1933
1012
294
148
666
956
64
1507
650
685
23
412
2270
51
29
2198
209
128
1403
297
355
2329
1403
1199
109
558
302
646
2398
2288
1270
810
296
1720
506
2097
361
1028
1706
751
2232
1944
1667
1056
617
1427
1828
2053
1690
1454
1243
2261
1996
213
1565
766
1398
498
1679
1973
898
616
1251
794
1291
2398
1942
278
1035
577
43
680
1835
602
2368
1914
291
1252
733
1115
828
981
126
2345
804
268
2330
1551
221
2031
1344
111
556
442
969
1811
1884
1150
877
1801
90
1132
16
1929
303
1447
787
658
1610
1097
534
952
23
479
2072
1302
1601
317
1657
1394
1927
2159
492
893
1491
1643
1954
1731
1187
1467
372
847
1733
2037
2353
780
789
896
429
102
623
343
925
1483
1180
1188
528
1851
1591
1436
103
1590
1067
797
1704
2328
345
1333
360
1892
794
584
1418
1493
940
2326
2246
2092
288
873
930
2366
922
1980
1226
838
285
1106
1926
1804
1994
578
362
2265
1068
965
2397
998
441
1216
1553
286
1757
2110
2144
257
496
2061
1350
1486
2223
131
192
869
757
2292
179
1112
406
427
108
338
2192
682
1851
2128
1829
55
1310
2101
1238
2279
1804
1038
952
1404
599
616
1652
181
736
1946
390
1775
1041
2167
1087
2177
445
1470
680
2165
2013
2120
605
1568
421
1086
1677
1317
401
661
1819
47
810
1467
2030
1575
1874
577
190
57
456
2235
1938
2025
932
28
2135
1816
2181
392
2016
2278
1213
1432
327
364
2
2271
619
1780
428
786
1636
1453
848
532
2385
752
2189
2142
196
981
1324
1013
1722
1084
1032
892
860
1287
22
1970
1897
2069
258
1412
1068
244
797
507
2116
913
2034
902
198
1911
1382
1499
148
2082
1777
855
1962
592
1654
1822
1030
174
856
1744
702
228
2351
804
85
1766
1630
2300
2076
2193
1277
1057
2209
2229
1981
2187
375
1970
1830
1995
320
1326
1761
15
1172
1788
1662
724
1825
2370
2174
2047
1453
2149
229
2141
1837
864
1010
885
585
769
1810
1378
2316
1652
339
861
358
1731
509
1665
1841
332
2386
149
964
1363
2349
1614
1502
1184
813
237
126
2312
2163
1025
1329
884
2094
2137
193
334
241
1967
196
746
285
1059
275
2020
1533
920
1256
1999
696
1134
2317
143
1685
1038
2061
1046
542
816
891
1335
1612
1997
184
56
3
994
1821
1707
945
580
203
246
932
764
467
2233
1190
1459
1235
839
482
938
1729
1304
2111
151
1722
11
932
379
1822
1212
509
803
1104
2249
420
206
372
620
2360
154
923
1259
462
1015
247
1916
1334
2159
52
2167
608
1804
1870
2397
668
1583
1071
513
442
535
210
1781
1620
718
1072
1854
1197
222
448
109
1673
93
1636
423
226
738
1519
1213
555
1506
1127
1375
133
300
311
472
1859
68
730
404
483
1425
127
1443
1336
1304
1530
612
888
2195
1006
1408
1648
1766
1146
1240
516
1458
2047
1333
2321
877
769
2019
1003
1938
1367
1011
77
1658
1903
1922
1446
1696
2323
1462
598
1873
589
1021
1949
213
1775
2070
2202
1819
2316
2235
1089
1199
475
1386
1194
983
1070
1230
1696
1526
754
940
1018
2324
173
1117
2080
530
817
1834
1718
2391
1375
2118
79
688
183
1927
1719
1894
689
1698
1904
448
1807
112
759
2077
1642
2301
1744
474
1602
417
1959
460
897
2236
355
2384
194
2002
766
657
856
272
1213
2164
467
1070
703
1452
2230
1639
778
2274
442
1569
252
833
1296
1840
956
2149
1705
974
484
1054
1043
2364
971
23
1746
30
255
392
2102
2372
2079
2071
633
1926
585
1321
1757
1076
2186
2207
1867
1475
777
1619
87
1534
488
404
330
38
2347
2231
1749
1943
1366
457
1187
2199
535
2285
1099
849
2308
206
230
2095
571
25
1808
1410
687
779
2264
1702
1369
1558
583
1648
1814
841
171
2085
52
1771
1205
1397
869
1000
291
1061
2075
1806
47
1447
965
1313
1243
1540
1319
548
2236
239
229
1493
614
596
2127
284
1532
1993
213
2101
2338
441
1160
2067
2052
144
1574
2292
2126
350
2391
1633
1637
125
1166
409
407
1830
550
1667
436
1520
303
1753
968
964
1285
59
736
1860
273
1407
1553
838
2177
2236
1842
559
1349
831
995
1703
379
2304
1152
1568
1146
1296
2115
637
1278
248
1831
1268
2082
598
579
1344
112
360
2317
1691
932
2041
18
2296
1342
1723
2391
832
2114
658
1187
634
447
1350
242
1763
253
1341
2267
320
7
1671
1498
636
2383
699
706
395
2132
204
693
630
337
2035
1008
1376
1910
1143
1355
1620
1872
575
2394
968
1341
1480
2021
904
133
503
1060
381
852
1436
1003
428
49
764
2397
496
1625
1556
2024
35
1668
1652
1927
840
2345
555
2094
2358
907
2189
2035
1094
928
88
836
1374
869
816
348
957
1842
962
2212
2372
1973
1015
1064
1484
1531
1724
1100
876
1667
884
1586
1694
953
1178
1190
632
161
1076
1131
641
1434
90
551
2022
1912
946
219
521
2195
905
892
1031
814
841
640
1306
130
651
1345
228
1637
1975
1546
2354
1186
2318
1705
1426
1713
1439
629
497
873
213
289
976
752
2135
461
1169
2010
1214
445
504
321
1355
379
548
956
1705
935
2303
1246
1427
1488
859
1634
687
514
1414
61
206
616
246
1156
33
530
2121
383
1308
363
712
1217
2221
821
1438
557
580
966
2130
1901
1171
1185
1160
567
1510
2362
1521
1454
1764
62
1609
1123
2251
1802
2205
160
184
1042
1923
97
819
1282
1179
2106
997
1071
1171
828
2218
1701
1152
1960
1934
1254
1900
183
650
1784
1451
348
1477
1042
538
1744
27
1374
1212
1698
931
629
2009
469
1334
2181
2028
880
45
1761
977
1719
2255
905
947
916
1179
1092
1333
1248
1136
1434
257
1869
2212
1733
566
190
378
1001
266
243
1740
507
2374
137
561
232
1918
1573
1741
1228
1679
1427
2065
1527
309
498
1397
94
292
550
1813
337
2319
2097
717
2267
1986
2092
2399
863
1891
437
2347
2068
1530
1779
551
1285
2099
893
1874
1887
1664
126
930
324
2333
1237
779
1227
2357
1011
989
1971
1198
1553
193
1390
2151
1822
432
2180
1862
2144
1821
312
168
747
2322
1938
1537
2061
474
872
1839
1149
1465
692
2226
1626
976
1344
2294
2215
1079
1599
843
1125
466
4
303
1259
1835
1106
1486
178
2276
1815
227
527
1764
1989
1726
1149
456
1180
2325
259
1398
516
589
839
2005
1066
605
1477
361
1406
2027
666
1596
2030
130
996
221
1787
426
350
1004
352
742
1192
317
1065
1021
2388
1223
307
1065
62
1109
1973
1747
1865
1453
1114
79
1610
2233
869
1080
1568
1670
1980
54
3
1846
332
1523
448
363
322
449
1533
721
2233
1826
297
231
732
702
392
1684
1573
2263
791
246
2357
280
1302
1847
305
942
402
2307
1683
2384
1849
2207
460
1521
586
439
1434
991
626
490
491
1435
866
1236
269
49
223
927
388
1269
1974
517
329
1925
252
2383
200
523
2081
2385
482
1066
210
272
2280
1140
354
1364
2364
1362
790
401
883
217
1037
192
2179
755
908
1325
1902
2054
2374
2172
62
1740
739
2306
704
288
1691
1111
1015
2326
475
1899
2150
1856
172
1881
760
2207
325
469
1407
320
987
1747
36
1393
2337
293
1905
1727
1190
39
2065
332
1370
964
1043
2099
1617
958
1323
110
1285
1243
73
867
12
861
134
1275
616
1774
893
455
1232
1956
2138
2304
2100
1414
2000
347
912
2143
1415
1118
888
2006
1263
1828
489
709
2335
2319
1335
170
1850
1484
1594
720
598
1165
506
2262
1474
1852
1903
641
564
757
378
1173
1730
2399
667
2278
1128
745
926
401
160
1590
1761
1482
815
80
1904
1775
201
1803
1584
2340
1259
653
2092
2231
1133
1802
963
913
808
944
2180
732
2342
261
781
1406
1277
147
782
1308
619
512
839
31
90
2116
2
1863
1650
556
1350
393
769
33
1034
1087
1035
1378
1827
1657
739
513
1052
1873
329
358
1783
156
987
1782
30
1962
564
1174
1992
1270
191
454
938
1247
386
1771
413
154
802
1780
1758
2131
905
901
116
818
968
496
669
2370
1009
1991
470
1971
1415
1974
738
195
914
499
1618
716
1009
1376
1954
1785
1566
1487
515
1908
345
950
1734
1546
358
2204
574
1895
766
2007
2128
1805
152
1040
2369
750
1223
423
305
327
556
2373
2387
2382
586
2351
858
942
230
1523
85
559
1990
96
34
978
876
258
1095
2372
786
878
2317
967
1506
844
2363
1304
1100
1079
1601
908
1536
849
464
817
905
2095
86
964
1972
1477
1192
887
1403
843
2009
1003
58
2169
248
509
1679
883
905
825
876
2304
2002
1622
1256
469
1570
1055
184
1586
435
684
1184
1004
1297
456
368
2213
1223
1182
2269
1620
101
988
1135
2340
1245
1061
1932
1367
1398
811
2058
559
1075
1398
849
1222
2381
1978
2278
751
1503
981
957
17
2113
2309
1041
453
1244
1792
2137
1673
1603
378
444
342
945
380
821
1425
440
439
707
329
1760
1251
309
773
1001
1579
499
2366
808
938
867
1161
1762
2053
2298
1434
118
426
2208
1107
1857
266
14
3
1776
2173
2076
143
1613
1547
1364
1915
1723
1465
178
1
1660
660
413
782
704
1182
1635
499
1051
1885
755
2029
1276
1592
1931
452
2319
1107
828
1126
877
1180
245