31
851
418
1723
1809
605
559
433
1519
882
1686
180
1204
1627
1849
169
779
620
1979
106
20
194
115
285
1121
692
1427
199
921
557
1083
158
1133
453
653
132
1150
1462
692
1436
1324
1119
593
1635
1592
710
538
38
992
553
1162
1403
765
819
1633
1193
339
117
794
527
587
607
1312
801
1485
1571
1954
1293
270
1461
16
1117
14
1860
1778
861
637
1654
1294
1010
165
1680
530
422
1783
611
1297
739
1607
293
1151
1877
696
1378
948
158
504
789
864
735
74
1240
1665
367
1133
1407
150
120
1532
1760
1204
1413
274
1217
113
837
852
1120
141
797
90
759
671
201
1565
1410
267
518
152
1587
1590
1591
1243
136
1155
305
1512
1374
97
672
784
27
443
1857
1560
404
563
1667
556
526
1277
1664
931
332
1307
1067
1621
1643
771
632
288
1605
252
1609
1640
717
1811
1790
191
1756
660
1474
1544
1502
21
314
580
1412
1124
140
1914
383
620
1854
34
648
335
1358
1354
1059
845
1948
615
1462
1198
1415
190
700
196
1693
498
834
746
491
987
914
634
379
222
982
492
200
1233
571
1344
31
3
775
1405
1512
1607
283
373
1687
435
1259
254
418
228
1520
549
160
745
1455
1598
1458
260
1946
235
1099
1300
891
147
1692
1489
332
390
1373
1132
1722
736
503
1124
22
418
1834
825
1302
373
372
1610
1327
912
882
384
761
1817
919
1008
377
1468
1623
1355
1198
1069
1872
1376
669
1642
738
1889
875
478
921
1690
1185
110
717
531
1373
1573
1187
1031
601
1794
613
651
1261
719
55
229
278
1641
100
136
799
1960
1455
1940
120
1975
1605
1147
679
1194
334
127
1602
146
500
1953
1530
437
645
1291
982
812
1618
858
1459
1630
966
403
196
352
1139
835
1853
650
1084
753
1091
1992
696
490
1972
1831
417
1150
252
152
550
994
890
1357
1055
1832
1461
952
1317
1059
725
1102
636
405
29
838
1221
1081
1525
814
597
340
549
859
1251
1066
548
412
849
444
1148
987
35
1466
1826
1248
1699
61
577
761
843
1100
1418
1084
731
1208
504
144
200
201
1111
545
787
53
273
1563
559
133
404
1067
849
1790
207
123
124
979
1127
989
1253
1000
992
64
1040
1097
1266
1570
81
658
428
692
1008
417
1574
1969
867
1627
1602
124
1593
39
1055
1818
193
1445
489
1921
456
555
1771
1208
921
227
495
893
918
1419
1048
922
540
1877
1942
201
1230
403
277
760
642
880
348
1209
1202
967
1363
1336
177
295
797
1247
1276
1098
1817
856
1019
518
461
1453
1153
630
1805
1649
1604
490
1529
1456
888
432
927
110
458
108
1075
1493
1640
281
1256
300
1471
1996
513
881
809
1324
784
1532
1050
1262
141
1246
1422
386
310
1624
874
1668
1899
1813
391
1252
1504
107
55
1738
276
1074
1179
805
630
547
889
149
1268
620
1819
1722
370
1660
1874
815
67
106
1115
1101
1757
376
1156
415
822
947
1232
988
104
1610
1565
1143
663
56
521
841
1780
730
1717
1115
1692
618
1441
583
398
1095
1114
1193
216
175
497
1221
1697
1317
1673
576
1956
1750
1454
1657
1962
532
987
1972
1325
374
643
1218
1586
1434
124
984
901
845
955
1143
818
1805
1177
309
1598
1036
1747
1903
837
1270
478
981
196
253
1295
1476
1123
1173
1295
343
1652
980
1808
550
225
1289
1384
814
90
570
967
1956
1543
162
802
908
1079
810
111
599
535
1453
508
317
1881
111
595
1811
997
950
1973
409
1018
803
182
726
327
1981
848
768
638
956
1184
98
406
171
1560
1525
775
1517
1912
16
1308
323
226
1740
66
1492
1708
1310
1253
1377
1372
181
1190
1222
23
1269
797
101
1100
957
218
905
746
238
1796
446
182
1556
759
384
1967
43
199
1377
30
745
489
1083
269
1915
1032
1221
19
9
567
1895
479
825
1341
1311
1612
1303
1932
268
257
1730
1152
1257
751
910
1199
171
1616
1854
14
555
266
1835
166
1314
392
1276
62
135
1555
1474
1543
1046
716
919
749
256
1135
615
106
116
1667
320
1816
712
629
1327
1213
1737
908
674
1534
409
924
1664
248
782
896
830
255
1307
750
36
1485
1478
1257
44
23
1050
1231
1589
1121
25
1674
1374
1237
781
229
1916
214
1030
1956
424
1967
1570
1383
187
234
178
1480
1161
847
906
1709
1600
785
1672
828
1634
1043
785
434
293
724
1067
106
827
276
1097
221
1832
626
1893
153
1306
1118
299
1536
1428
1079
1735
504
896
952
174
1808
1814
1734
719
1058
413
1756
1792
1936
326
245
823
1813
1889
634
836
402
21
939
659
716
1687
1793
1643
1604
1423
180
711
1406
1977
1448
660
363
1963
887
69
615
1455
1838
1156
824
875
691
1131
1793
547
172
53
1971
1132
787
1046
1036
864
388
932
1715
1984
1741
103
1859
554
596
1761
1719
52
1386
1204
600
52
675
1693
1624
1144
1937
779
376
12
933
692
1134
624
1575
303
310
1450
904
1958
641
1338
1549
1155
503
1108
1084
538
1109
1326
670
1889
98
534
389
509
1842
1273
33
692
1214
1519
1508
1548
1791
1116
1789
109
1643
731
942
82
1026
384
1296
975
17
701
883
1223
1079
162
1516
619
1332
1597
1993
984
1501
676
1760
433
729
423
1106
886
1613
1643
690
25
1452
112
1833
365
249
522
1108
142
1369
1095
679
534
347
1442
671
1206
866
1839
792
1035
989
1959
925
904
920
546
952
791
911
916
1431
1830
109
295
112
455
1365
1236
218
1175
1698
1565
1596
1994
77
716
1769
1356
360
1762
1829
570
128
1077
474
947
1084
568
903
206
1425
840
987
758
1777
1739
1518
15
1956
1917
18
1051
889
1935
1987
320
533
523
1664
1269
42
1180
1558
1138
1982
412
1036
499
50
1850
1779
178
1150
1486
1830
1546
1476
1213
1821
1522
1127
1964
1904
1164
721
1770
1655
632
1589
183
1154
903
987
467
342
1792
1378
412
1621
443
953
672
1927
197
467
642
498
794
1321
494
1689
1326
1953
1840
749
1388
410
1414
959
184
672
1778
1237
1352
1999
1095
1544
792
1757
222
902
1868
1936
479
1177
548
1992
1755
357
1539
1070
866
1218
1767
1524
616
1457
258
871
1488
1898
87
1263
693
660
1623
953
1204
1850
1592
181
1853
611
1434
1729
852
813
452
407
697
958
1006
1592
822
245
1238
1540
1902
1273
614
376
104
179
1545
1124
1186
536
505
1934
1951
1514
1498
679
1090
776
721
221
515
1031
105
1429
1568
1410
1467
521
989
1477
625
1973
1823
1101
1809
170
464
844
1808
658
502
1815
1921
931
230
1968
1718
1971
1040
975
168
941
1363
506
1533
1776
978
1667
1181
40
1745
1164
602
1244
1123
1466
32
98
1385
1421
976
1328
1608
112
935
1927
1080
1449
976
16
1739
765
1441
1770
693
1348
276
682
923
907
1727
1441
768
1448
236
1578
621
486
1538
280
217
787
105
485
934
1341
1465
283
790
1890
801
479
1774
1156
1349
1339
1222
382
1648
1603
1568
1772
244
352
208
362
202
150
495
1419
1573
1840
1162
1258
1150
1798
386
67
1847
1939
166
1740
1017
1264
588
1222
1460
1280
207
1425
1164
1805
1579
224
932
1826
475
1816
17
435
846
347
1935
957
676
1954
69
1246
5
346
536
1532
1184
859
1950
1961
438
1351
1104
515
605
963
1262
438
691
735
1083
1632
1369
211
811
1789
1427
476
613
814
686
1434
508
613
1026
235
1212
1624
1965
1036
1613
1151
285
1606
1174
276
1668
1576
1291
1957
1660
628
123
921
194
1662
751
19
247
341
743
118
964
1803
276
1731
309
973
22
1893
283
238
20
1490
949
753
204
1377
664
440
33
1125
646
1534
1791
1235
1724
1748
1382
1315
1147
612
715
677
1802
50
217
1618
1572
1837
163
133
562
1724
21
777
711
99
674
633
38
974
300
605
247
356
556
1429
1701
34
282
813
512
356
879
670
217
127
510
1157
1516
472
723
575
803
1156
815
504
584
1202
25
1674
1800
260
1994
1173
1024
1354
1346
960
1825
1469
1277
1828
1372
363
714
1591
642
786
1887
1852
553
177
506
1616
832
1281
502
1906
1531
1508
1326
714
297
1556
1564
717
1427
1423
1985
1280
1216
1343
1989
293
787
1644
888
490
1947
1760
1535
681
777
1633
266
676
866
801
1771
1515
920
11
29
1770
371
1085
364
996
959
1153
685
1859
504
912
45
578
1814
1407
1453
1127
1518
1528
1680
267
824
6
1464
845
200
1394
1740
1632
1347
434
1366
1580
329
1091
1908
852
1465
1107
248
130
817
1267
1995
40
1902
753
726
1677
456
854
907
598
1120
88
1315
196
1990
1105
47
556
1596
787
1256
458
1474
1758
1789
316
915
1951
1629
115
996
1341
1629
176
1972
722
477
891
169
510
1580
1380
1680
1019
454
1712
1329
1593
623
1088
262
1662
1122
58
1354
377
792
67
1253
946
1324
1942
1568
1779
363
730
546
711
1738
1086
1468
66
1883
543
1055
591
1268
92
1455
488
1906
1709
1199
831
1467
126
1022
515
442
798
1357
340
509
1900
1946
1293
979
920
658
842
1821
1790
475
486
1931
783
1004
134
1793
1350
782
1320
1684
1720
30
900
1601
1896
219
106
1432
489
1890
53
871
1248
1670
924
236
765
1424
955
414
977
36
203
1112
1873
983
1003
804
1218
1193
1254
1033
1185
1579
920
1676
422
3
1917
385
786
1034
1645
1705
1200
1324
556
239
1083
1013
346
1674
91
1384
414
408
1666
1165
1802
1725
564
985
937
1774
11
233
1567
1423
1403
760
1064
8
1573
808
170
1740
346
1396
1193
1046
906
1134
1455
1494
717
181
1342
613
769
1129
1907
206
1790
1973
252
659
1964
1097
1640
273
775
340
692
1361
1865
353
1997
537
891
613
1073
1751
510
1249
695
1700
1476
1367
1397
805
164
1840
1997
1980
1897
154
1099
1586
737
511
484
110
1609
527
1615
1041
801
1328
406
940
719
1910
773
572
1529
742
244
1424
206
403
1418
1449
1037
1527
1042
1613
552
1191
512
1580
1278
780
1497
141
1444
1339
1089
580
1612
171
877
1523
918
945
659
1295
1746
703
767
813
932
787
1015
339
1419
361
357
1082
179
117
1303
49
537
1188
1530
532
1584
742
1224
694
1067
1864
1636
1265
19
390
561
303
477
1012
456
372
1026
1058
50
1216
1198
727
1954
230
1904
961
1793
1097
1578
205
162
1240
1623
731
372
920
999
861
289
666
170
942
1338
703
46
1376
1955
1762
1857
1561
1908
262
389
958
1376
161
768
1021
1748
58
807
1821
920
1375
419
133
1244
1882
739
1624
1466
1791
683
655
1530
849
516
910
1250
1463
1159