3214
6960
8258
6154
11509
12032
6943
498
4886
15626
2506
7328
4503
13826
7394
8823
1969
13183
5259
11007
138
5371
23
6451
14702
8035
1388
4524
15402
4338
6695
826
14011
14457
13043
13961
8643
2198
11352
5450
5174
117
15560
14882
11879
12729
4526
11492
7004
4776
5670
2303
5403
4661
7713
14219
3263
9649
2828
9926
15404
7190
8978
7964
15410
1286
2410
12590
12552
2413
11981
15102
9292
11092
6909
7256
4172
5410
8807
1786
4775
9265
14842
11184
3056
2637
1148
15549
5550
1009
9790
14905
10227
10684
926
4891
12046
10847
11187
8781
5664
13396
7818
3010
32
6785
2388
8747
13710
9072
7223
1709
9984
15534
4917
8042
7928
15508
13534
5911
4104
8405
11401
6555
14695
3573
5269
4368
10044
7013
2936
11514
13950
12599
1513
2050
15678
14936
5820
1347
5710
6534
3742
10024
686
5428
9962
662
10133
5487
7547
10897
1132
8308
1201
13343
1045
10047
12006
9011
13283
9333
1711
8930
2306
13140
11120
9853
5716
9060
1594
1510
5082
12548
10006
3527
12078
14720
8325
8429
10820
4800
3087
6149
13032
6487
9241
2112
5542
6020
13213
9836
8478
14973
9878
7562
15658
10654
2072
14235
3453
6642
5880
14617
14558
12536
6775
12674
15369
6809
3114
9389
6461
6085
22
4930
570
9993
11540
12154
9418
5641
5299
7513
11155
13973
4094
2832
1707
5732
12307
15391
6103
11410
11786
227
6198
8685
13993
7210
9561
8187
1381
3353
14004
1237
10583
3232
8863
8801
14675
13838
12682
14838
12036
7781
3541
7935
5510
15333
1251
11792
4475
2148
4758
9003
13655
9462
9947
5977
7101
5423
11533
10856
1574
2435
13702
391
2354
11535
3779
6805
12475
2149
12400
6367
7516
6002
15263
10726
4355
1241
1798
5648
8777
14332
2493
14033
5212
5305
11862
2385
8665
83
6935
13613
13087
11380
4629
14696
3774
2128
12036
770
1111
10209
11204
2104
8412
3023
2680
12398
9527
7670
8335
3241
1644
3935
4993
1137
13322
1437
12062
7852
14196
3605
11536
15065
10775
8395
13108
8297
737
13857
4335
13241
15390
8637
12878
6520
2616
12950
3581
612
2303
5375
14738
9699
861
15694
8533
3072
2942
14544
6752
10629
12447
13136
11968
8853
14778
9550
2162
6029
13652
14800
988
15338
274
6355
10755
14121
7620
14607
10303
8246
3448
3207
9700
5137
2049
5399
10939
9526
9926
8058
8101
15378
8676
13448
13294
9106
11931
9151
6706
10058
1445
10117
3918
8255
14430
10348
11919
9521
2398
773
6929
10064
3527
7591
1263
11906
4206
2499
9128
11462
1207
4628
7580
14649
6632
5403
10746
13874
7987
14943
6898
8938
5343
8958
6112
6301
816
1792
15435
8807
4104
178
5929
1353
2005
13103
14997
14419
8778
8492
10388
2818
4745
170
13490
9724
3289
8273
13116
15154
10557
722
5960
326
1727
2882
629
9791
13162
12435
14612
8530
14915
8960
13419
384
7355
715
367
6474
8987
535
3316
1313
2065
13271
12711
6136
2965
9687
837
14361
10616
10663
1722
15237
5387
8180
9167
15637
10836
10317
8995
8276
5550
6367
10305
10839
8096
10327
1277
8632
13492
4745
12889
11587
48
13395
3904
9464
6578
11952
1318
8507
1064
12369
6665
3733
7009
7431
14839
13624
4612
5548
9792
9552
2908
1970
4491
622
4151
1879
6644
11306
9268
4352
6399
4571
1592
6801
9308
97
2757
10284
584
6836
5968
6201
5268
1615
3984
9275
13204
11221
1963
11985
6266
12033
1456
14556
2086
13401
2956
13323
2662
170
10834
15325
9236
2934
4198
4382
4899
8636
6568
1034
1301
11823
9611
695
5784
11690
12868
12763
5107
3525
4590
303
2168
3358
10407
9636
4031
13510
14709
3443
6457
7756
13996
14588
9387
6029
13673
519
11701
3815
8279
8676
5180
11509
10713
14091
14625
8407
12937
13641
4551
509
4350
3741
12874
3455
7444
10885
1382
12407
1803
7580
6708
12038
14311
1997
11076
4620
4852
13322
10370
3646
9099
7866
6272
2341
11719
4479
9215
2072
8579
12845
138
997
12875
14510
13570
13841
7241
15341
12857
8346
6074
14710
15518
12138
12558
11356
1625
11137
9410
2877
339
7303
13404
4747
11869
1569
6421
8926
12057
3295
6960
8463
1906
8469
4038
9476
8451
8261
4853
11521
15536
9821
11799
132
6818
720
14590
97
2101
11243
12970
12730
3669
8173
7785
5691
11876
10840
2845
10049
14862
9988
4324
8670
5847
10379
8962
11432
6470
5457
13832
5394
5848
10470
1509
10510
12433
10097
1458
6525
7228
2781
4014
13590
295
15524
9958
6078
13510
10405
931
11210
6192
11672
13849
807
11668
8015
13888
13329
5284
14640
6403
15455
7947
13120
9358
8729
5258
14771
11899
642
1890
8893
14812
6140
11351
9640
2654
4526
10881
1923
9974
12549
6686
3309
13332
3568
3654
8081
12045
14404
842
1860
8644
8993
10270
2227
14079
6754
5714
13424
13909
11208
10414
1066
13145
2227
7683
13695
13981
12649
13878
5149
2626
4052
8199
903
15325
1704
11293
7444
11692
14903
11614
1097
6491
817
12505
5935
10919
14188
10168
9297
1116
3595
8966
9988
14313
13322
105
15030
8693
13024
10860
2362
10185
7688
5402
4540
10038
12479
6030
2462
3006
9915
4085
13078
7609
11232
6855
13451
247
3432
12748
5702
14026
10731
3939
14727
6827
13799
7463
4107
3320
4597
11264
10900
13219
6410
5002
5407
13808
5616
6067
1135
15155
8823
13402
15328
9607
10228
10935
7548
8317
3789
8482
1382
7936
2576
5807
15007
13631
1466
14187
2354
5897
2360
3202
5542
10752
12106
4168
13865
4370
1199
13325
13614
13727
2965
13463
6606
14849
11471
14978
1842
13277
9999
1623
1586
8916
15488
3599
1082
7184
11600
2334
11801
4006
12412
6694
12713
7626
1534
11986
4932
13355
2078
4131
12902
8756
7756
5923
9187
5552
8508
3280
6978
10431
8720
3143
5133
3949
9045
4743
13539
6858
6610
2082
15182
1568
6890
6253
7579
11740
15684
9366
3218
3174
14311
11417
10031
3572
3335
10195
12638
1140
14462
11946
11547
10153
7177
6110
9675
11045
3418
11406
12366
2094
3312
8307
3640
13951
11602
3516
4494
3636
10945
7023
9744
4876
7930
6359
11266
4938
2375
10918
11615
6471
11723
14593
7585
12966
14621
8190
5068
922
6222
4099
642
7271
14045
15656
4241
6842
15234
5458
1518
3573
7749
710
12372
7577
3916
4006
5033
13443
9304
9494
4372
5192
1348
2916
3504
7562
7934
1847
2290
1746
10424
11196
9656
9468
9123
10955
10233
3723
8713
3551
12228
15021
7599
11119
12186
7568
4569
8744
7954
2546
13851
2906
10736
5616
12981
5207
14610
3807
5519
9701
1785
10775
3976
4356
319
10697
9172
8843
11653
105
8424
14512
12981
13453
6790
7526
6154
1448
2544
1066
11706
13813
7859
4691
9453
9101
11863
2744
9358
5493
727
13134
1194
7845
7951
1444
10358
14221
4438
13466
9712
2664
5470
11937
5952
7215
5189
7325
8690
3299
3051
10841
685
8027
12046
12516
11046
15597
7174
1572
6082
6420
10271
11774
797
1082
652
14345
4750
5469
11221
10949
9195
10135
8113
9515
5982
12655
1497
1481
3205
504
13157
7624
10732
14933
5576
4517
785
12579
10544
4223
14619
1557
938
11417
1756
8643
1828
46
6663
10477
9493
5740
10454
7157
7978
8189
5464
13276
7564
1539
73
8705
1121
8874
7369
701
14246
795
10088
13798
8636
5319
9783
2790
4583
14588
8051
2251
6461
8032
7855
5580
11262
2213
10536
1287
13517
4914
15352
9926
13532
3099
7691
9628
9309
14582
9198
12493
11782
9214
6681
8029
9357
4863
8290
14281
10632
7357
6384
14474
1535
14258
7084
10162
864
5823
5412
1535
13948
1825
13930
5220
3132
6006
8705
13566
3962
14290
12664
8771
2754
15508
4654
10760
6616
15530
9620
1689
5817
7350
3272
14350
11229
4681
3008
12541
6475
4551
15477
3896
5032
7972
11626
13301
12739
2401
13558
5118
14346
11136
5538
15292
1476
3943
10249
4142
6418
14897
12967
3904
8036
7367
2424
9564
11818
885
5914
8710
661
11392
8431
2242
12200
4389
10644
4887
7589
10505
103
5882
12252
14983
11738
2058
2119
6607
1731
6435
14640
1037
6660
9257
4964
4982
2342
13637
10043
7456
6287
1278
11730
13917
11483
8664
9204
2628
11388
2917
4836
9854
4215
11367
2106
12285
4268
1525
14463
1628
7857
8970
10952
692
3058
2554
14920
1077
6431
5016
2352
12800
5626
12866
4408
8981
5381
1521
15206
9215
13642
12166
44
11184
8487
14583
12941
824
4733
8870
14048
8593
12624
11240
11382
2946
12029
10775
10598
3048
7571
365
12533
5555
8100
11687
3143
2225
12726
14161
7640
8823
503
1944
3723
2601
12910
5900
4652
12636
2853
4761
4967
6126
1447
11516
1411
4955
7569
9010
15474
14544
2747
862
4653
7532
13010
12839
1812
6792
188
14000
7985
5419
2095
11432
4742
12544
12849
12174
10151
11125
12122
12079
29
6475
12597
10751
15697
128
12204
1144
6635
9298
5768
8326
1115
11803
8881
2752
5019
208
11973
8157
13872
13042
7662
9424
6990
3648
635
3409
616
95
582
10740
13234
3144
1175
4349
3039
1224
1344
14725
11812
6426
12420
7840
14818
4253
13833
10745
499
11042
12748
2215
7288
1144
3114
13339
13204
14613
8775
7308
8314
8426
8242
287
7446
13877
7589
470
11068
5285
14724
480
12178
4190
71
11238
6913
1120
13779
3378
14096
7494
7240
6893
1506
1353
2408
106
7216
15158
3483
6651
9073
8155
8789
13672
15180
2883
174
8078
4759
12449
1356
5201
9571
14197
10220
2832
4292
5530
5382
7442
6566
2433
4153
10305
6882
15583
14097
8153
14571
787
13748
6980
10644
14755
200
8612
1271
3150
13292
11999
8006
5937
10883
12245
13847
144
14792
14105
8933
897
11862
7117
13177
7888
8346
10981
8160
1832
15501
13627
2406
4260
12638
120
4685
14380
1517
5144
12343
7707
12063
10371
14208
13267
3138
3847
10131
2473
5983
2457
5199
4006
9504
9466
14980
6784
10975
11112
222
7477
989
5211
15439
1741
8349
1316
10946
9357
554
14321
3235
8229
578
10663
12452
98
8561
6895
221
15232
11298
14309
8814
8959
10459
2449
968
183
14852
14621
3557
14639
7220
9001
6781
13700
3813
8149
1164
3550
1128
5784
14306
4722
2221
10608
13671
7666
2159
3074
11601
2074
7492
6395
8706
4075
15279
1183
3535
361
15433
4070
15122
9592
15202
7623
9779
11558
751
7049
1775
4856
14939
12123
13113
12095
12544
5233
8756
8665
7523
6395
6780
13471
772
2088
4841
5279
956
14447
2246
7170
3538
10145
11902
15675
6051
13491
6309
4562
2110
5505
4793
8733
14178
15643
11116
13525
5381
2740
3474
7474
5137
941
1449
13142
3452
6223
9335
6240
12305
5181
14413
7575
11622
2951
1194
11528
1011
11938
2283
7421
1420
3862
13098
11086
14476
1483
3659
11811
2024
8771
2271
6828
432
1819
2258
2282
1289
6429
3495
14508
948
15674
1746
6736
11681
14486
6805
7519
7074
909
1995
11418
1658
3211
7881
13562
9690
13191
4827
3030
4931
13609
12124
11995
13299
59
504
1393
10253
8655
5049
6146
6852
14385
14401
8790
5110
11334
14808
15623
3024
1102
9940
4496
5539
12933
2087
4819
7062
15146
6158
10822
11240
2335
12726
12626
2014
5822
5114
3245
10939
13916
2083
5338
12080
7890
9105
4267
11801
14075
7091
339
759
5439
14093
11907
8129
2146
11800
7035
7524
4102
10816
5961
12972
14980
2090
672
6718
14126
15223
13876
11654
2110
6649
10986
8555
10460
6059
7302
10967
850
5436
458
2250
5664
4364
1650
10537
8404
14679
15294
15667
15398
15225
14504
14535
10158
8920
15070
9653
9825
14585
1562
10958
13272
15151
1085
5832
9709
2956
6897
1118
9311
6166
14970
10454
7938
9696
14021
9123
13857
5919
2699
6041
10999
4914
12256
667
9833
12642
12203
11403
10068
5253
1134
11070
12909
10012
5301
8050
4123
2507
13385
14355
2522
8955
4156
6495
7373
10592
3537
10086
8617
10581
5769
14981
6217
4955
8560
6949
3528
8570
9625
7245
1880
9216
10812
11962
5383
6646
2922
11261
1364
10061
15058
15338
13581
11144
5929
959
3593
9435
10395
14771
5636
8145
14792
12769
6472
7715
9728
534
6867
5483
2682
10039
7340
9186
4667
8431
7851
4160
14125
6660
5512
404
9321
12726
1026
10525
3043
1849
4648
8782
11307
471
4691
15206
3480
9251
5229
10471
3807
6392
8840
2272
668
13216
13711
8766
4034
12434
15057
7751
15433
9051
7117
11356
13368
6813
3275
11246
5102
184
6889
13620
15130
7614
6204
9914
13654
127
15265
4254
965
2634
7030
12527
2343
1346
6074
13920
9413
2442
4036
12564
2062
11851
1644
13401
10342
14070
4624
5389
4347
3909
7048
14426
12105
5260
7279
14780
162
6209
12552
2137
983
6104
1094
3704
6313
12453
1515
11052
13531
3247
880
12032
12770
9774
6074
6289
8409
12366
8123
115
8390
4115
14928
8326
931
13168
7418
5840
5963
12452
15387
1340
15455
7070
9905
6282
2537
1214
10785
10899
15685
12656
12288
3324
4834
14973
9019
6634
4784
1019
8271
9965
5878
7156
10822
3601
4227
7400
2257
1877
2613
5793
5782
13594
8535
1916
7504
13587
6982
1028
13995
10908
11711
5923
8679
14198
11047
5961
2502
15553
10583
4107
13202
4177
13903
5097
9059
4165
8144
10834
162
13533
5191
2225
15257
5266
5068
7667
13363
14902
6157
5659
6619
1853
8661
11639
4081
13797
9209
10148
6620
11055
515
4483
5632
15072
2733
7227
2069
4907
5084
14639
10744
15453
12421
1286
7205
8089
15492
11072
5894
14160
1182
6012
2566
8090
14485
7909
4872
5022
9143
8158
254
5101
3861
14843
1322
3487
7454
12841
12928
11708
11271
1729
8925
8071
5239
8347
10031
14924
3226
10206
10685
7307
710
3540
5522
11697
2118
5190
12831
5850
13747
8161
12296
2900
9082
4176
2180
7771
63
3699
10161
11028
10863
7860
25
946
8986
14987
1829
10165
7911
15314
12095
576
3888
9918
7900
6858
952
6581
12961
9787
11147
14744
8704
450
853
515
14698
2469
6723
9215
2120
6172
1367
12337
7719
4748
9400
15133
100
2981
10223
1690
12378
10386
6330
11210
3946
5039
6874
3373
11704
3900
10326
10206
5332
6451
3037
8175
9760
14283
6743
15136
3683
12036
11405
1930
8173
417
14455
8401
8260
1632
11445
11368
9057
13155
11532
6964
5245
1281
8022
8209
4579
6583
14929
10911
4395
7002
10877
1139
15284
6400
2601
13884
10643
11228
1118
15215
7638
11145
10003
2286
1784
14191
971
9707
9876
9587
11814
9965
11694
15529
1063
8237
15417
3630
9267
2117
7913
4114
3732
4379
3719
5122
10956
9772
612
10884
4037
14242
7670
12826
2020
13862
11235
7628
5399
3584
5892
13671
12149
3134
7536
4984
6228
10465
5673
2391
3583
10804
1263
9887
11934
7760
2554
9000
7226
7063
8473
6580
10688
3486
15345
4617
4406
6008
4890
13071
7870
1162
5863
106
12859
4137
4947
12911
11444
4950
7430
6889
12732
890
294
7629
1758
4848
1473
1699
8370
1140
10879
7562
14179
13867
12940
1836
14872
5537
6807
4581
5957
9924
6312
13002
9156
1339
658
4738
5861
1615
9890
13526
5410
723
11407
13911
9511
7498
8618
10410
6017
6665
14438
10622
2865
8434
14953
14646
11487
1512
6275
8415
7761
3909
810
4310
621
8071
12587
11995
1978
14233
15314
4272
4050
13274
14387
6915
6064
3945
5955
3548
1196
8438
8785
11570
12914
4670
654
13127
4839
500
5451
11724
7629
12993
9420
11729
14667
6086
1751
4093
10774
10576
4301
8100
7447
6554
1877
14471
1035
11289
11381
135
7855
9941
14295
15382
14871
13602
13100
15549
11203
4350
12690
15409
7470
7844
13187
9035
10706
6492
14768
914
11140
27
8720
9647
1653
1463
9761
6694
12220
1445
4301
7066
3029
4058
14138
10074
2685
12623
126
9357
10397
10003
2959
6771
12368
4443
5494
11561
2702
10127
14022
3050
2566
1513
7975
8630
9693
7775
14157
7302
6908
14193
2039
2560
4402
11383
7
13056
2595
10126
2126
13342
15210
12144
2665
12507
13929
15070
4840
13371
11032
1712
4456
2333
13062
4869
8696
13343
3268
691
10947
3775
7998
13424
6209
7691
9236
11052
12145
14100
6361
11117
1464
3971
7630
8621
4492
12033
14917
13792
2765
4660
8043
9081
6150
2934
5177
2258
15351
12790
11997
13985
5401
10694
11544
3913
2221
1421
5577
5578
1141
10991
13158
12207
14880
15280
6122
13745
12494
13453
9575
8878
12182
6279
9020
3394
3327
9451
9897
9520
14614
1007
11450
14360
9547
8598
3006
14460
1822
3090
2436
14034
15268
5108
1032
15216
4246
10247
13546
208
14050
950
10907
3958
9133
10374
7807
7926
8615
831
11515
3713
13623
15007
12021
4146
536
8434
14942
8083
10468
6577
469
8674
10829
1459
4214
9736
14566
13187
8962
6231
2796
11994
1694
2684
589
14392
12313
9197
5477
9885
6533
13392
14606
9998
10572
6399
4574
1234
5138
13657
4152
3419
8597
3878
737
1921
4523
9840
439
1276
9451
4035
3405
8327
9991
3296
719
15354
8530
5901
11236
169
4395
3916
7181
249
3627
849
4186
10532
7511
7852
3844
3009
5444
11146
12127
2111
309
10974
9513
10316
13139
13646
14663
2817
10959
8419
12758
7430
8518
5134
7361
14762
14703
13563
727
4932
10502
10009
3305
10006
4669
6196
10304
6512
9390
5705
12585
10323
3114
1218
14932
15484
10943
8570
5624
1346
13498
8998
100
8179
14357
10656
3651
3186
4247
8243
10707
13587
14233
1378
2331
12955
8460
13735
15098
4559
5158
10144
5289
6203
11500
3260
896
2213
9735
14601
10256
14834
8116
3510
14783
3754
11524
19
7670
8866
10568
882
8885
400
14499
7591
3667
7564
11548
9433
13543
3896
13190
5051
14616
15020
10226
8452
2464
13101
2539
14665
10649
7038
3171
11625
14046
12302
12484
8614
2847
1369
2613
6608
12264
12629
7862
12850
5963
1857
7292
14809
14212
6414
13068
3836
4261
5208
12240
14225
899
6716
11277
8953
5777
2892
8151
13690
12230
10368
8532
8300
9562
4361
10331
1347
2871
3063
2084
1332
5781
8297
9046
4213
4162
10118
14613
8311
3156
6303
7830
7169
9236
6814
10980
5650
12147
2691
13538
9427
13697
14178
2981
9356
6253
14450
2316
5015
8269
3094
9938
10300
8000
1290
5362
4760
10742
8945
449
8525
159
228
12221
5297
14495
9570
2586
274
11609
7444
14083
10190
11096
14418
13525
14797
4651
7439
8968
8292
13059
10439
13348
15188
1372
1483
5381
7634
14636
9471
3945
9337
895
3560
7549
11456
11191
5401
515
14742
8409
7308
5919
1432
13787
2047
178
2572
13253
2825
12429
2173
11186
1551
6793
9781
3014
2173
3979
15431
3406
13613
2211
1681
9413
1175
10825
6840
3635
13978
15067
14168
12550
714
15318
7782
3989
2421
15147
10648
13700
13188
14864
6144
1291
9324
711
11576
6594
9485
9150
12413
12121
13005
12577
825
13009
6648
14527
9971
12569
10544
7541
7202
3634
14898
4427
14439
10045
9264
196
14155
15346
13227
12425
11775
2718
2539
5081
2925
10616
10714
14654
4629
7659
9143
2665
14904
12298
5281
10495
10974
14929
13471
6376
11491
9987
6779
14075
9083
13483
350
4049
14653
11183
14039
13470
12529
14950
9473
7670
4121
11163
13205
13536
3744
5886
363
5812
15633
8926
7509
14335
14401
13752
5376
8785
6566
3650
14350
11200
14023
1153
9168
5040
13638
380
12313
5084
14405
12431
6304
12673
5083
9253
10356
9362
5174
9130
15044
1562
2918
9699
9379
4854
4770
3983
93
7476
5602
98
9876
7090
10024
11800
6321
7349
12387
1846
397
8284
15679
4572
997
14466
7305
1530
14643
9430
4375
14719
12195
2220
2377
13573
13851
14539
4362
13237
312
3374
12300
14173
8782
196
14127
8122
13465
5210
3958
2000
11298
7089
9244
1583
13469
14474
7392
7247
15391
6667
6859
1687
10970
12188
1693
13692
13896
13486
8061
11377
9175
6089
3340
15549
11631
1348
2175
3636
2399
13102
8410
9445
8883
2412
279
5465
3089
11964
15279
11174
4934
3404
7407
12838
9905
7455
2904
7048
1177
664
10375
11523
8946
4389
11290
4433
8866
5455
3826
578
13139
14832
10871
2503
2024
10976
3305
11252
13646
9721
830
9032
10375
11855
10301
1823
9830
10627
8906
1815
12927
12204
7984
11228
14497
7152
2511
9770
9433
2615
1570
3758
3630
14737
1910
2805
6440
7382
12708
470
7766
8099
10149
2710
15166
292
11168
1468
5233
886
8926
4038
6502
2590
6581
12403
3672
9948
7265
10521
10204
517
4739
10503
2946
12994
10218
1915
7488
7760
4279
652
102
1911
6085
4591
8602
7312
3474
13102
1245
10524
9287
6928
12854
9090
184
13513
9870
2298
11457
3239
5365
14683
11187
3134
948
7323
4072
2970
10504
4790
10253
15194
5807
1562
14451
9087
2315
7801
10401
10291
53
12021
8166
6573
5143
13084
1273
4113
2821
5082
6851
8855
14954
5322
3897
14725
9437
284
10118
1498
14712
10464
3759
6448
4549
8456
7476
8126
13170
11101
13454
6229
132
7222
6943
8104
729
3274
629
3608
15493
10347
4875
9803
11623
101
7603
276
5517
9846
10241
11453
3893
3661
870
1720
2216
5650
3729
2762
4720
13536
2605
6524
7838
1040
4566
2329
6060
12230
9705
15572
3922
6391
14548
5243
2468
5021
10692
3124
8890
2464
4395
13887
3644
3949
3384
9946
11099
12588
13369
1630
2349
8123
11683
3752
7318
3003
4998
3127
10777
11146
14348
2919
4478
5410
15011
6519
7856
9547
7561
12034
12956
6217
3962
5984
12574
14689
1156
2559
11035
7785
2751
9598
3161
13223
10635
14392
10148
8269
12583
14827
7909
456
10280
3802
3044
9868
9590
4394
4681
2035
13228
375
9620
13451
13210
6692
10548
1662
8767
9777
6700
1869
14573
13966
1793
8505
1359
2421
12162
7980
8480
12886
14849
6711
11807
5971
12187
7682
1996
14394
8917
14835
7981
2234
2946
7635
5562
10050
2344
13322
4949
14200
5371
10178
5998
7311
1141
2229
7127
15251
11031
10750
2360
12461
6157
11390
6984
1149
3096
1529
12196
5726
1177
4828
7888
15506
1147
13541
9799
7364
5544
12913
9773
9435
10763
1140
6836
2603
15481
8176
10882
437
7244
6310
15130
14937
6214
8206
7574
11532
14390
2713
14062
5768
9225
15610
6870
6310
6649
13492
2763
6925
7791
8811
4273
11168
12296
13491
5160
14751
3453
8664
19
5693
7056
3578
7130
2702
7612
1082
13213
5944
4361
10401
2624
1291
6846
8580
15097
13748
6385
2346
8279
1160
14880
5310
3525
10745
4621
7775
3972
6478
13124
11894
14437
3194
12595
15262
14862
14751
9895
9979
3825
13578
4577
4323
7382
14864
9766
10144
9875
11118
14474
10104
12855
3845
6020
13662
7917
3274
1712
14976
12330
13575
4374
13122
13956
530
10010
12007
14870
6112
5956
9865
7757
12312
2321
4138
4403
10331
7963
131
5858
13112
9873
2328
803
10023
8612
8418
3134
13911
3644
11052
274
98
7337
3646
12433
1844
11943
4935
11805
8257
5587
10037
9751
10037
15251
1080
9587
7350
6523
9031
8113
885
11556
11619
302
10597
1850
14400
8613
8757
9878
5861
15511
10571
1737
3656
15018
4415
6649
13370
10034
2389
2180
5
6549
1664
1875
1231
13429
9008
4639
12245
6295
14726
4460
5404
12118
9620
9978
3979
184
14266
12812
5578
14388
2716
649
8367
3671
10741
6017
7034
10874
13133
11410
8215
5350
11814
5051
6268
7620
3649
11266
6836
10659
2493
8476
4094
5541
1317
345
12556
8853
782
15379
10082
14291
1315
9172
12578
9503
6979
13054
862
7685
143
1174
11798
10107
12592
12057
11939
6862
13797
12548
10004
13137
2891
3702
5765
9898
1690
3007
15387
6012
11908
10693
8672
120
221
5016
10640
1774
3054
5343
2323
10404
5433
8070
706
6823
12890
9523
6754
11507
15347
15000
12218
13490
13368
9261
7388
6510
5842
8724
15324
13510
11141
1421
2743
13312
11887
603
6330
3841
1078
10648
13482
3514
11081
991
5388
3381
12523
15501
12954
2739
579
12961
12727
12085
6789
9545
2067
10161
13024
9468
1634
13752
9147
7247
11924
1023
7050
8180
4605
4190
10920
2866
5146
8617
4739
1569
12545
268
5452
3554
13077
12411
12139
7565
2328
9783
11180
4748
7646
6029
2789
1492
13749
1457
5174
13820
13488
102
9279
14311
9536
9805
5587
4913
9513
3718
3663
14026
4206
24
12508
6818
3296
9610
14706
6754
8166
8256
4487
12705
6647
2254
10828
14377
13656
83
5986
4845
9690
8211
5367
13748
8172
14380
7071
8340
15374
13575
1493
8216
9355
6448
7978
12071
8423
11733
12767
13506
11165
14439
13259
5891
2783
14033
15597
13151
10823
13515
7824
10072
3072
3079
3975
12502
9187
6767
3748
15531
5568
11688
7745
4616
3268
9017
7101
10147
3052
1848
9960
8428
12479
892
2407
838
13490
12462
6039
7889
8816
33
10202
4837
1158
11876
13961
15637
2814
2578
3495
2110
6264
6452
7877
2524
5250
5147
7355
25
7841
14762
9254
7461
2651
13000
14708
6403
564
9695
8271
15508
9395
10524
7115
5276
11295
11637
86
5364
11573
5909
1480
2550
11401
14057
7592
14524
10844
13099
10415
6912
12063
506
6081
4486
9501
14665
6246
5288
1696
5390
9596
2047
938
10437
3118
8734
11991
2527
1988
15193
3088
10472
5495
5241
3333
1598
2591
10033
13518
8966
9528
6564
4207
13640
3662
10795
394
11361
3021
1563
11252
13291
12359
12921
5209
11321
611
1700
13533
1627
4514
6270
2520
9605
4716
7323
10103
5024
7271
3385
12728
4860
5540
12862
897
12245
10174
6759
739
12724
11209
13480
3375
5199
3664
12354
10195
11718
2630
15342
2840
8903
3222
13965
3976
4227
1062
12553
9284
8710
12090
753
1329
14636
14557
239
3427
13723
3126
9083
11625
4018
2803
1417
10926
6321
3304
1583
11043
4692
13227
8761
3047
5720
13296
9874
7217
10592
13014
3562
3708
29
4425
11099
15000
11890
12597
470
2306
8993
3811
11841
4614
8153
5124
6561
8332
14443
5070
12706
3641
11398
11759
1986
12317
8431
8907
9782
11601
7842
12163
13080
7745
3657
9652
4194
2065
8302
13586
1089
9197
4432
13526
13503
4619
9965
8105
12787
4631
1733
8223
7256
9382
13130
15555
12185
8757
1070
13130
11865
6005
682
4004
9339
15118
15582
13800
2496
9110
542
12775
7910
12108
1127
15698
12377
13934
8268
10120
8002
5101
14296
7973
13221
7734
10246
8936
11832
10755
6296
2567
5680
14153
14109
10846
3204
15006
888
435
8661
12055
3896
8113
2184
15321
4235
2068
6685
6563
4658
3311
12272
14152
2
4024
14185
10131
1773
15260
8331
15513
5074
7941
14630
3955
13197
134
14611
1465
14539
6352
1816
6366
10766
13477
5494
11045
4590
6478
1476
11694
7603
9745
12771
11521
13743
4078
796
360
15150
8231
9269
3391
6412
6968
8523
429
3228
3294
1559
4989
1895
6493
2323
2340
281
13709
1083
4980
1504
13349
846
5273
2243
3285
9343
6307
4685
2936
11716
2990
8208
9828
11189
14262
11728
12606
2336
9378
15539
10
2829
3692
11856
10692
792
4087
12769
14718
12524
9785
4007
7522
5216
2058
4537
868
11423
7948
11162
9509
3387
10109
9101
13144
3245
14188
2662
6249
13441
9897
6783
5972
6833
4630
13068
4605
12594
4399
3957
7567
3811
6504
2371
8559
3014
6709
11621
11207
13530
15307
2329
12998
3445
7511
14421
176
7420
4588
5522
2153
4430
13727
5426
13022
6699
6373
7500
6352
3116
13194
11099
10909
15058
6231
14225
6045
12578
2411
7566
3106
3465
3870
7762
14997
14718
6498
1804
12123
1192
11610
3234
8809
4562
8686
11851
10422
12576
10673
942
4695
1485
2359
707
12673
457
3389
15407
9324
5355
10722
5961
15250
1666
7358
12134
1319
9252
6527
3919
2110
8420
942
11829
6307
140
7957
9400
694
4620
5312
4596
4606
7809
9583
4207
6732
12009
7040
2330
15568
2042
11431
13414
13908
9851
9217
15323
8757
6315
8868
13111
13315
3289
12174
15653
6497
12823
9901
4590
11354
4900
7134
2885
12372
684
1266
9953
14764
14746
5960
10604
5209
12887
12123
15113
5868
12855
9253
3311
7553
1794
4158
7536
9139
13751
14000
11819
15317
6252
14317
7970
7555
602
3677
13565
5582
9250
3439
8650
2377
13827
5342
5120
2158
15273
8401
6707
8757
859
7731
970
8707
14728
12296
12906
1006
4839
851
15469
121
11867
13644
3555
6140
3689
9146
3945
4530
7795
9636
11672
6051
12446
4071
154
10701
13959
11353
4590
6256
10433
3839
1242
8669
6207
11877
11647
7970
4543
2197
13405
13829
5038
10734
4983
9949
6207
9343
15647
395
7338
14071
7208
6819
225
8789
14096
3823
5752
13023
13406
421
1241
7488
11740
4153
13101
15154
4170
6929
7545
12434
5698
302
4906
6010
8394
12599
12904
12156
15319
14314
15029
11294
8051
11529
8580
6649
9054
11114
8128
13935
7908
9239
3671
13881
15610
9946
1289
11668
11648
4665
6182
300
2767
10145
13668
14580
386
10047
13904
8478
5518
1769
2803
12821
3752
8719
4105
5808
2077
1040
2654
10833
14870
15393
13057
14561
14448
7487
9299
5794
11161
8367
1381
13046
4314
5188
7928
1497
2963
13024
12582
12299
200
12577
1000
1875
9251
9854
13071
14161
4179
13884
6160
11964
3391
10127
13934
14894
1630
3419
7353
6960
12614
7029
5120
10051
13568
12929
5734
7654
5874
6396
4314
12756
8514
7747
2945
13620
11533
5565
12721
4675
14649
11730
15152
3533
9109
7680
4595
2785
621
13780
4757
13346
13952
5853
1003
6150
12796
4169
6247
14770
1038
101
5052
10005
13272
3109
3371
14282
75
5661
2492
13720
2314
5892
1800
14709
11983
8753
15648
3755
363
11235
8409
2636
8734
8441
10298
13398
7106
840
121
1331
8863
1710
14100
14894
15537
3470
10621
3860
4774
1458
12914
8536
6256
1230
305
1541
6774
14834
13378
1832
7334
13455
9376
18
199
3206
11763
7863
5797
8221
9981
3710
10867
10479
15631
10221
11952
14915
1362
5101
750
15390
15425
3559
9012
14284
1535
154
13884
13509
3940
240
12139
13399
4382
5997
14025
6470
13104
3690
9909
7938
1232
6114
15049
619
12234
3194
13697
11152
12512
10001
6216
8861
3569
2952
9323
5803
2731
9781
7720
1912
5234
8585
7011
7572
14575
13154
5036
7720
10801
1356
5387
1537
5186
7081
2245
1694
11954
3732
5327
1462
691
12762
6863
12305
2224
6174
14454
4290
15277
15565
10589
1386
2699
13352
10577
13995
5344
1284
11446
9395
9466
1169
2572
13306
9931
12625
2416
15082
866
13784
6140
6892
2868
6598
8155
10604
7464
1805
9247
3496
11455
5127
10599
8483
14551
3253
11089
6945
12236
14815
2669
11867
3837
11709
14879
11929
9007
13611
8969
15400
4426
179
14528
6724
2961
10179
9063
5343
5525
3823
11291
15233
13001
5756
15492
8519
10134
6004
8855
4366
1367
2364
3212
11796
11246
8248
5882
2214
122
8153
6326
15604
1124
12953
9900
8296
957
1335
7603
12041
12179
4198
12614
7531
10813
823
427
69
7385
62
2273
13625
9015
9583
13143
12191
4605
4946
6187
7984
10259
4685
10339
10198
7456
6303
15443
3341
11861
10958
9547
3073
4904
3125
661
9457
7129
11493
4193
9230
593
14536
297
13671
12669
13170
14725
7375
3234
15660
4507
10917
4647
12703
12957
5416
12505
13268
15049
13345
9218
11745
8963
6418
7894
660
338
15013
2628
12701
5416
6685
10318
4652
11245
13252
4620
12169
6916
49
14927
2159
14911
11070
9486
14176
10114
2536
663
10505
5886
8654
3062
11214
11852
10503
1114
6674
3170
10565
9578
11764
166
3722
5797
4772
8211
6362
2394
10359
7919
2998
5803
12204
12179
14796
8221
12358
6881
13256
248
5790
3454
9151
9145
14024
1801
1702
12688
12732
15574
14386
9990
12992
12818
14118
14117
12184
10132
881
6180
15147
2284
10539
13739
9043
15267
548
2376
2848
5738
5983
1874
5193
8082
2472
9278
15143
6586
8819
9134
12893
4661
3793
15047
5542
11396
4236
11737
3731
5280
15205
2631
5483
3036
10852
3103
10381
9930
7975
510
11357
13482
1864
12179
11610
14822
221
1461
2469
8034
7239
6089
10438
14107
8236
13292
266
10860
13551
9379
13322
5981
9584
9920
2082
11859
331
11982
2424
5182
3305
4170
10699
7057
12113
8411
11563
12756
9400
13121
7654
1434
14733
5673
15366
8961
2069
12723
3085
6724
10604
14337
13949
11709
12318
4789
3637
1926
5480
4006
7939
2644
6902
8967
7544
10475
11736
10487
4387
14409
2990
15593
13375
6296
15498
2895
14682
14058
2065
8407
348
5499
14190
7692
2216
10653
14084
5973
4704
8113
3892
925
8975
10117
4251
13953
4715
2351
9262
14114
14447
7099
12525
14383
2516
8265
9841
11476
9143
13382
9555
4170
14089
3770
11707
9969
14850
13341
2166
10163
433
601
8097
11828
4718
8388
1496
1903
13154
24
13718
2818
9787
5166
586
1655
4672
8489
13143
7953
15003
2173
11231
12186
2053
12844
5836
3235
15683
11595
3538
2570
13055
11018
8674
8950
3706
3024
11541
2220
13934
4989
2022
14757
5423
2707
2943
8944
266
918
14510
4159
6937
5030
3889
10337
15171
7618
3264
8820
7762
12403
14479
5033
11552
12658
2017
1531
6387
14710
6182
8121
2239
787
7567
4413
713
13731
10944
12208
1136
11922
9178
2174
7752
201
6988
9254
7358
5647
217
10947
12644
5539
7158
12362
4605
5213
6644
2164
784
4574
15171
15227
10485
11175
6809
3676
13559
12331
1826
7563
4895
13393
4461
13349
15308
8722
1313
9963
2846
290
13146
1155
13418
1473
5320
7637
8234
7799
13080
4781
15337
6445
11752
11090
8339
15516
5545
13501
5241
9100
4419
10630
12761
10828
1818
8151
9615
722
6135
59
4897
8073
6040
6502
10836
8769
1716
6158
11486
8328
2791
8029
8641
4643
5451
15667
1519
6724
6170
15595
3633
4939
6290
12410
3985
5849
10089
9069
14476
12493
1089
14201
8442
5349
13512
4130
7758
8531
10615
2054
9072
14434
3789
8576
3088
1652
9135
10495
11723
2687
124
6210
15340
9589
3935
12509
6573
10995
15127
7317
4287
6486
6630
3470
3911
13816
8844
4197
14725
13586
1389
14103
6848
9158
10060
4511
10207
2513
13808
10554
1551
6496
12743
5492
4270
1482
68
3646
1973
7001
3511
718
10386
10021
13851
5217
12600
6271
3770
9415
6854
6973
5486
14487
13258
5345
1367
7409
6958
12560
288
12720
3692
6337
8733
9177
591
3848
9322
6830
203
3790
7717
4956
12242
2001
15412
12985
10069
4670
9342
12561
12054
11349
3094
8082
4712
6842
608
6352
5627
9924
1801
767
10070
6511
5882
3302
12209
8624
12806
10457
5753
9569
11221
4065
459
624
12152
8934
13505
3461
5702
10578
3733
15024
15169
3880
12349
11130
1904
874
7121
15196
11709
10789
1015
2211
9313
7619
4460
2503
10425
7112
15176
10946
1068
4584
10619
11080
15639
8154
6746
11983
8369
1957
6920
514
5773
10641
10205
11959
15596
3616
15077
2670
1825
3582
14966
10709
13266
10745
14776
906
4501
9371
14530
3816
1580
9721
8964
5994
7417
5814
15131
2444
6624
7403
11040
10671
12477
14477
1213
12827
96
14604
11775
9380
4607
8581
7767
8967
1052
13752
2299
7930
13489
14979
9171
14355
8232
15461
3408
8987
4340
6108
13390
1724
151
3268
7877
13301
4140
3925
11754
1130
3702
4537
11313
14136
10543
2716
10467
14395
7348
5299
7777
4796
10434
7452
9208
4329
4026
1219
922
9250
11965
991
15000
2547
14706
1975
6137
1413
12412
13250
8412
4338
8170
11094
3480
14392
13858
4016
1771
15434
3374
14346
264
4975
5010
10465
4930
6407
11099
8290
8397
4942
1573
3516
307
122
15038
7192
9287
1963
11218
4415
13925
2860
7196
9612
6050
15666
2926
2876
3578
6884
1677
3070
6615
197
4386
1581
13334
1323
6156
11495
9280
505
15097
6191
9935
9594
7465
4292
2306
14807
7265
14881
4213
7178
10768
998
7611
1901
2101
6203
2128
13146
13398
7045
1449
9442
8136
3738
14181
5606
3400
3036
12611
751
11415
4865
1685
7219
10698
10220
4768
5848
7407
3890
3369
10799
7760
15136
11692
9473
1413
8764
8352
9675
8889
792
7102
12715
11144
2029
6612
2174
10250
13568
14541
10814
8380
9439
6101
2628
12884
4858
7582
14621
14997
14625
801
8471
3088
15308
8933
5495
10226
2830
3971
1935
236
2705
13313
14328
7199
8298
5252
3512
14237
2487
13357
8365
2955
3087
1536
13854
11584
10812
622
14262
1149
12169
9378
9347
12542
7567
1051
2774
10722
2415
4733
9723
10405
12151
10632
8940
13937
611
4799
3290
11527
5988
13626
7944
1158
15475
1523
7452
8794
6808
10059
5147
3293
11156
10153
7752
7595
2165
1777
6490
10063
2384
7267
11423
8103
11336
7943
6537
6763
1455
1294
8849
11437
8193
2402
8117
14257
8376
6462
1374
12648
9958
11110
5269
3263
10573
11241
1286
7377
4886
11877
4152
2638
84
15182
11175
2212
15252
14469
6623
4608
948
4758
5366
14043
1077
11475
3458
1977
6327
6673
10443
9838
11992
6260
6029
2757
3269
8490
905
13630
5322
8061
15528
3249
8491
7801
2740
11546
3007
752
6881
2619
2006
13958
4611
5577
11722
13563
15553
12505
12132
2936
15450
15108
5202
7396
14450
13273
14731
7504
11812
11523
381
5327
13503
1483
1457
12912
3143
6120
14985
15271
9583
679
668
254
13575
13441
9666
743
13546
5182
15526
2456
14625
8815
14430
2589
4058
1749
689
15587
9670
11847
5329
8277
9254
6507
4357
28
14428
5513
11240
6507
9380
2053
5087
14651
13833
9693
12434
13990
9609
7001
4925
10484
1654
5638
4883
5421
2790
15263
5379
2666
7738
14914
974
9672
6824
1477
10261
4447
4033
7448
12414
12213
13221
7733
13488
7224
13067
11478
13787
4848
3992
9509
40
10699
272
13943
834
8671
14483
6564
8441
720
6428
1606
11735
12745
7664
5412
12808
4820
3011
5679
4417
15522
11949
9889
13079
363
4597
4617
11004
1843
9622
7698
15121
8536
8624
14794
10688
155
1270
3893
12579
13647
4797
10229
6854
14794
14492
4356
10506
13956
3376
11499
8557
11095
3943
772
9641
14778
12371
5344
630
2687
15057
6488
4229
6171
6229
4738
7778
8260
9372
5572
9358
5602
2476
11653
8612
5962
9896
15484
4378
7989
10698
7125
15218
13672
15189
766
13031
14856
9204
5594
11587
3730
8034
3486
3264
9699
11019
3662
9470
8401
7618
13032
1050
5268
5753
10397
14756
11016
12750
2315
266
6975
10059
4940
7678
8771
7726
9365
8845
5514
10391
8116
2920
3543
1870
2156
14278
14572
4899
7810
312
1431
6931
11388
14430
4125
11583
13277
13694
15499
11072
15319
13951
3894
4999
10772
7678
7278
12067
8916
6525
13671
6326
5771
6292
9210
10805
6809
599
561
14140
2336
10480
3313
3080
14111
6102
8927
12820
6313
10909
14421
2875
11322
5469
11385
7075
296
10092
6337
8043
3954
9172
7697
3381
5323
5061
1300
4111
356
15395
8769
10166
10759
1306
3204
9656
11236
7101
13769
10967
3737
1734
7819
5385
2089
4827
11779
2878
12332
120
79
11613
1991
10325
6120
7745
12068
13237
9204
8650
14153
11855
8380
12065
7218
12027
15111
13876
8989
474
8557
6215
30
304
7857
14731
10444
4523
10589
2253
4144
13915
15420
5444
12844
8369
14337
15133
5939
4549
14526
7360
325
12453
2823
13573
2469
5244
4801
9826
3578
7655
12626
1179
12868
10321
4151
5380
13326
14586
7310
5032
13667
5108
8132
115
15542
14870
15361
13309
2661
4060
5167
987
11049
8675
6374
13359
1795
12151
5978
5264
11812
763
7148
9464
2788
13480
15172
13309
4506
9561
4050
4729
5205
14864
13996
12570
8327
513
2292
6004
10612
7408
12761
87
5979
3470
8927
1069
6280
5916
13646
7483
15464
10365
3245
9172
3638
12574
11805
5303
6843
11265
9983
1938
2479
13712
12766
1101
4669
3108
5399
1803
7616
12179
7321
10633
10540
9152
1222
2166
11166
5265
6101
10634
12177
789
3182
7210
9943
4059
10511
12309
7914
7684
9430
1135
11319
636
12921
5315
8802
3890
5769
7921
15316
14457
5575
13981
7126
6708
4474
15008
6861
10044
12047
14539
3174
4000
13637
8892
1134
14481
13139
12869
12814
5833
9847
12442
3059
10471
13177
3285
15078
5231
14216
348
8153
8498
15221
2890
3066
691
9165
10580
13875
3503
5794
10469
7049
14635
6085
1423
13684
3411
10000
15018
2720
15223
13894
5817
14026
8346
10834
7353
9837
4363
4212
5549
765
1019
729
7680
4244
14203
6879
12425
9608
6993
8324
1744
12357
1730
10222
7790
12924
7529
1657
12949
12631
9565
6105
15567
13927
4354
3805
2848
15646
408
8847
12714
1095
8443
102
4311
1360
9220
11542
10346
4199
10155
6447
639
14810
6713
3239
8168
5506
14739
11187
2444
9835
6802
11092
8811
4982
9180
9662
8415
6185
3319
13820
1936
8010
7498
12649
8276
4008
12105
15255
15499
14736
4211
4682
11211
10745
7307
15172
11696
14005
13888
4391
1425
12695
10509
1265
2589
15017
8228
11131
10921
15633
10456
2230
4627
15336
1428
1930
11913
4706
3063
7781
11787
3988
4089
11746
10513
12444
6246
5507
3716
14231
8249
6918
2880
1442
15146
14556
279
3972
9023
627
3255
14197
14356
12982
6923
13180
4906
13814
9863
5365
15225
15275
2638
1302
179
2185
4767
4273
12759
12166
14748
15419
15020
10116
6329
11156
6251
456
6956
1445
274
2745
1231
640
15040
8920
4702
4179
513
10543
14561
7595
6454
14605
2556
4697
4824
8778
15111
9805
6459
4943
3786
9892
5865
333
13930
3357
10258
14538
659
1706
2244
15513
1665
5325
9694
9043
7363
6313
2132
13157
6393
10800
9656
13456
6379
673
10909
13879
4608
13837
8901
8320
1949
9976
14776
2442
8085
5707
6209
12430
4663
3436
14056
13577
460
15001
14150
9822
6244
4083
13369
8203
457
5007
13693
4208
7348
7712
7610
1785
4246
15303
11705
6300
2203
7865
2178
14812
10758
1894
2131
9941
15240
11854
5734
6057
7909
11755
7838
5215
712
12102
8020
10849
5448
6608
12247
3456
15698
12694
8172
12438
1780
12250
9884
13465
2347
9052
14099
5194
10205
11443
12670
5779
12466
427
4927
934
1567
7026
10867
3639
14037
164
2932
9677
758
2604
9820
13225
9446
11407
6562
8866
4127
8543
4074
11544
265
6762
11467
11788
7114
12233
7287
4658
4929
11305
4166
4873
6852
12751
4158
6785
2802
6179
3899
2931
3490
15055
14819
5714
4277
4003
5073
413
3740
5472
4411
3821
11042
10185
9536
3654
8433
13248
9406
7451
3601
13923
2698
15255
5737
6174
14518
5817
1174
7575
13281
10906
6899
10525
10574
7372
10687
7278
12219
4757
12669
7577
4350
1543
14332
8669
2079
8278
14794
868
14507
2493
15019
15579
2883
2147
6223
11817
11978
4346
2710
14533
5914
3991
13648
1906
7802
13712
10186
813
10792
11556
9677
4362
4049
11112
11031
10407
2623
4938
10164
3218
3617
2021
10176
11315
3226
15393
2540
9838
14863
11182
2940
5102
28
13091
5006
3353
1227
3173
2616
3945
5509
716
8704
5683
5695
13005
3920
13883
2436
6324
5537
4305
2853
14593
478
3418
3083
652
10100
10503
967
2470
7928
12495
5517
12539
4413
2466
12281
10192
14897
13104
12048
6351
13931
14978
4800
13322
11892
4056
14862
1411
14361
5541
3702
7754
11821
3511
11166
14018
11799
9521
1088
13360
12574
6070
7544
2733
8849
13109
13835
6880
3179
13176
6280
15680
6891
5106
4895
13896
12139
4626
57
3396
8345
1352
5899
7288
9213
15025
9416
10304
1068
1948
1846
10670
5724
3962
4682
879
8365
13800
11672
3853
5628
7516
4198
898
2469
5355
11766
866
13293
4126
15011
1898
6009
314
7418
7431
4062
2162
13
15586
5018
12344
1219
3814
14204
6513
14069
5001
10512
13038
8311
6755
3028
3614
15386
202
12303
3270
13999
172
9152
11490
15360
4936
5506
8409
4147
9981
10656
7520
9605
4645
12193
14276
4861
12980
2287
1812
9409
15561
15113
12026
609
5287
11666
11586
8149
7624
7596
9958
2639
14369
279
6981
15071
11992
10686
14657
10885
14670
9440
15519
14638
956
4068
5263
1210
11077
7906
13384
6589
11892
1123
12189
3044
9787
8325
10974
15405
8254
6662
14509
15370
8910
7872
6251
1805
3550
7981
12329
1739
15327
14215
9926
10853
4606
1480
800
14539
12559
3808
13085
2720
1478
5048
2628
4846
2944
2051
9862
11777
8632
10303
8485
10897
2239
8342
720
6293
9631
14256
12493
14501
1337
13522
5149
9655
9942
11533
10926
5308
4903
3593
5356
7936
5130
12753
12753
2728
293
5223
6325
463
9138
368
5551
5248
12423
14477
13879
14209
2320
3996
11979
2103
10600
12670
6927
6003
11830
11513
12766
4104
15402
11627
15598
4500
12505
5446
9676
3869
938
13951
13787
10112
9008
7577
11079
4808
6075
2342
12739
14749
9215
4831
11019
8418
15389
2234
11327
6199
14912
2054
7195
13199
1418
4245
2819
1934
4164
10719
13221
4431
1968
9399
3609
6014
6389
1607
11910
1930
2413
3016
1447
5881
4133
8363
14974
818
13276
1390
8004
2045
8887
13147
7011
1403
11337
11900
7784
1039
11595
487
13898
2375
13983
13837
14396
4248
2032
12460
2184
1545
7393
5818
593
4338
4838
1895
12073
5876
14635
196
3379
6901
3010
2288
13642
9814
8075
3456
9646
1326
76
15679
8168
10814
3564
9015
752
6234
10853
1562
1754
5295
13195
9955
9463
9581
12502
7983
7537
15177
5648
15571
468
6518
9904
13374
753
15628
1606
12594
9933
2909
13250
3974
909
1239
12183
5777
1034
7116
11430
13396
7522
7336
11016
14952
11220
7133
12486
3177
1143
15197
4996
9685
7059
10351
10363
7106
8402
2870
6830
7096
15023
1857
14033
13197
4313
1056
13813
9903
14158
13877
15169
6708
14902
12572
2455
2152
423
15549
326
118
6168
9385
8518
5900
6668
10889
4038
1128
14753
14712
8072
12294
2826
2413
14169
488
7437
14313
15431
10562
9301
3080
815
11478
6331
7747
15465
6240
1585
13797
4661
13167
6731
12691
4744
14335
12383
8400
11628
2891
3773
13167
8710
494
5390
2177
3066
14748
6767
1328
1424
6419
12184
5735
3504
10334
1126
10478
10147
3471
14379
11626
15418
12256
14713
8499
11760
12201
1274
8057
2169
10944
1551
9518
12448
2583
12839
6033
9068
10116
12005
2656
13776
15069
13038
5437
2518
14668
2321
11057
8474
2211
12306
8290
3472
4355
1518
10592
7139
9955
14348
3424
9271
5700
6422
9445
8769
8321
8864
13331
6876
7043
15029
1252
15243
13176
13661
5649
1803
4581
13425
14917
135
11938
11361
9763
249
5960
1705
12474
7301
55
3130
4176
12421
9785
1268
3522
1938
12207
11062
10153
2948
13106
9174
7014
4001
13594
10212
9615
8697
8819
9055
14269
2626
14542
13765
799
245
5758
14390
13490
11463
6251
6717
675
2340
3959
706
5581
1039
907
14021
12751
6249
3381
14603
12620
10707
12341
5426
8561
14118
2568
6542
9755
12759
2376
8610
13052
10262
325
9695
2815
8799
10443
3023
15
3584
14109
9997
4840
9017
8948
12229
15414
12374
8970
6447
2257
13267
1720
13209
1679
4345
5133
165
14804
7384
8314
5554
12113
14523
10658
5499
12568
15674
9287
13595
9400
6701
10100
5201
648
12413
14908
244
2269
7608
7955
9097
5285
3425
13887
15309
13816
7884
7704
15638
886
498
3620
1646
4003
10988
10780
773
6043
8798
5531
11294
12784
219
13891
12061
8492
8210
12763
158
3012
12136
10208
6686
9588
6106
12746
5996
15137
1721
7329
7801
8207
3852
5980
11431
5835
4634
14084
1731
7012
2420
7317
8590
9238
10376
7852
11337
11395
5688
2025
9775
11714
13293
11332
9773
3567
1914
10720
15117
7580
11087
718
11638
15301
257
9108
3832
6191
2360
14881
13000
10348
7390
8787
11028
1649
4849
5772
8122
3974
5895
4930
11219
3379
6788
5515
13732
15517
11750
6222
14048
1719
9932
13503
13957
2196
625
8550
2914
7075
9980
15265
2868
11102
15087
10644
475
8202
314
1740
15391
5787
9784
921
11759
1845
5978
10646
6873
14774
11442
13008
882
3877
13686
7420
12299
15232
7400
8459
5858
10095
11515
4250
12950
12303
13956
2373
2839
9060
620
5096
10428
6496
2391
15525
13180
8820
11319
10476
144
5313
3434
2138
13329
8541
4053
11173
10098
9885
7222
11249
5780
858
2811
13887
14675
9726
222
2856
11549
541
107
2207
12273
6978
8061
8030
2452
10199
1024
9729
15489
8512
3965
13501
6980
6751
363
11786
10256
9375
13728
6646
5937
14216
3599
4403
14451
15256
11077
11992
6862
10188
14203
6000
11086
12358
8778
6010
10609
9620
922
11335
7607
12491
9608
12339
9164
496
12488
7483
938
917
4568
7513
6405
8987
12569
5526
14588
7836
10418
15297
5371
2147
12317
7598
7626
932
13708
5792
8541
8416
2011
2538
47
2294
889
7796
14421
4310
776
10621
5905
5087
9035
9474
3703
4011
10588
10949
6367
1174
4544
12806
4592
11077
819
6709
4805
12661
6562
5582
11408
8816
6537
8403
802
4502
8259
4136
9899
4401
3623
14035
14375
12323
14609
1640
12773
11351
360
12359
10195
10676
8758
9353
11390
1802
7049
13511
15273
14077
5670
15656
4837
13227
13039
13722
2073
413
7851
430
12587
14832
1035
14646
901
7728
8255
6697
2410
5827
1105
9145
6141
10686
3950
12885
2993
1739
9365
4535
2661
13570
12167
5316
3753
10309
5587
5731
12410
9949
6972
11883
3673
4380
3367
342
11353
12853
11361
489
15140
4883
13740
2973
10755
3063
5003
9933
11565
9193
5695
5447
14267
6700
6654
15011
14688
9903
6293
10635
4550
12792
578
12512
14597
6328
8887
12609
3192
11918
6312
2084
5640
10622
1450
12797
4392
9428
555
13424
2545
12087
6951
2225
10574
5110
6317
12852
1012
13
8608
9704
7654
1862
4026
11947
13980
1131
2586
11048
11076
15449
9669
7873
6473
9840
13864
10057
2865
3939
5777
4089
6865
5526
11447
4625
2933
1062
12561
311
1478
9014
3883
5912
13779
13772
3054
1023
4931
11247
4346
13341
6289
36
7934
4966
292
601
15467
4133
1999
3342
3303
716
7513
10043
3802
14470
3579
7890
13164
6100
10449
11393
13594
9863
5557
10739
14758
10993
11191
11608
15677
10928
15074
1169
3432
7739
1727
2310
5007
1396
6347
13046
15670
3820
10766
7845
2312
3758
9273
15314
8184
4858
15609
10194
7930
1825
11254
9690
5592
15418
11220
1667
10303
8118
12241
10655
4971
10489
13888
132
1526
4258
13473
12743
5941
1462
12915
9903
1841
9461
15484
7321
4903
11428
848
6458
6787
10505
6678
14601
4613
2807
14144
9170
12546
3710
14549
3308
8318
14593
13937
12202
5781
11737
3494
15132
13165
1210
8974
3053
4010
12913
4837
11292
8938
3173
10036
14212
12279
5871
11711
1055
5030
13143
1298
14466
3184
14967
88
13781
13188
3761
9673
1806
12479
10172
1515
208
12842
6464
15008
9967
8427
12238
5839
14895
7656
15442
10841
9960
1713
6939
9723
7759
3840
4486
14391
7302
15613
2946
2331
15289
2797
8625
1738
8576
3323
6094
15620
13356
485
13596
14419
13126
4030
4090
2238
13428
2539
14992
10338
5560
14313
3885
6998
14329
11746
3232
9660
3397
2839
6213
9841
10868
8398
13791
11155
10629
3218
5680
1477
10570
11760
5580
9392
1194
6969
5137
3387
3685
9799
2896
15018
14721
3659
6478
12412
2360
4235
2188
8413
7161
12599
13419
11409
13687
6032
469
10617
13603
1192
9226
12674
15096
10275
11722
9714
9103
5007
12559
15102
1041
749
3010
8055
6457
13227
10972
14254
13217
13865
10285
6433
199
2972
7868
9031
1877
2964
5362
8975
12362
6729
4083
8654
4079
15652
975
6233
5999
11649
12397
10151
1078
8574
1508
6554
5508
12861
12598
438
4685
3377
11994
716
9142
8048
14496
8382
7326
8047
11253
14491
5806
3274
2534
14435
6789
7885
5912
15429
7625
5094
14979
2797
11671
2162
13326
592
13490
7133
1065
7201
14276
10161
7773
6803
13565
10211
2056
4674
11988
4477
7158
6411
11245
6969
6565
9223
4491
14529
4267
14529
14512
5926
5227
5875
2273
11546
4464
15464
11932
12723
3353
3279
9196
7815
4129
5052
982
4155
6691
7966
12904
10755
12526
5191
1133
7005
7013
7133
1658
3407
11957
13130
4134
13305
8763
9726
4986
10479
7102
896
7001
15686
5069
12694
5927
13021
12180
13170
2774
10658
9075
68
8315
4106
8486
3795
12551
1780
15173
2937
12582
8567
8844
9351
14301
14479
5745
10795
8686
13932
9306
10177
7153
183
2288
12422
15245
8862
4193
6819
231
8800
3047
12005
4826
12714
15442
3883
14151
13188
6567
13707
5547
9434
14810
5046
5182
1100
264
1154
7851
15239
14090
4378
9012
988
5475
1857
11170
8286
11852
7223
2746
416
10895
14308
6750
4274
10534
10669
11849
5907
7149
11421
2861
5485
6606
5172
10684
7086
3491
12503
9606
10764
11014
11708
15085
13349
782
9239
2323
8865
10302
6991
10561
9896
3562
5471
11403
10529
3061
3997
9541
13372
9283
3854
4944
5602
7273
189
5712
12104
10315
10017
2673
10937
10414
2203
10272
7409
5435
9003
3382
2590
12926
13765
12900
2939
1865
3739
15260
5439
11657
11218
14889
14848
4078
15510
7085
6486
12387
1588
3165
10646
13234
9627
6481
15694
14328
6399
7549
7718
3748
13998
6963
14317
4850
12750
15091
907
10821
12410
13375
1333
2314
13264
15044
8973
3610
4539
10243
9469
15041
2918
15311
7934
15027
11963
2764
4478
10010
9235
3246
7493
14029
3276
2470
11541
6527
7711
5979
13475
13273
10729
14042
3210
8984
10007
3588
10199
9790
6106
7030
14690
8382
8572
1908
6501
5825
11062
10329
14126
15432
9769
7195
10968
15294
7338
13892
4619
1913
7964
3044
15360
11147
7064
5786
783
15238
9456
6269
11330
679
5588
15322
11425
10292
1359
3612
14224
7046
2584
4377
2709
9810
8762
2840
1280
8011
8678
5111
9334
9008
11908
13168
2484
8069
13849
10802
8891
5435
6678
9168
11871
3668
6089
12164
8322
11353
2718
6320
11363
6190
14567
13171
1976
490
10404
9963
14266
13745
8637
13176
13448
312
9890
6025
119
6054
3313
935
3075
15564
11543
12789
1533
13546
11023
5107
1933
10034
4623
3436
2281
9005
11417
11512
2769
14297
6456
9269
523
8606
8307
11933
2761
8351
5868
10035
1290
9356
12591
5948
6897
7528
8179
5435
4339
10972
3576
9969
1286
330
2642
4967
10601
9410
11469
8651
9083
1544
2326
2640
8335
9663
9699
15212
1711
22
1652
3074
10101
2829
12436
15549
14649
13343
142
10644
10874
12901
15233
13359
1675
7198
15037
11064
12986
11570
3443
9108
1709
1639
7273
2318
3422
406
3383
6518
11016
3628
14003
15380
899
15224
2549
3095
6977
9311
778
5648
6550
13289
13231
7733
6551
3682
13895
5594
68
13711
12884
13731
7562
636
7077
709
9304
5947
5325
12000
6215
12612
6197
9306
7385
12522
12456
3799
13612
15048
12500
4143
3754
9972
4171
14166
6096
12713
3553
13985
4649
11653
8688
6665
13961
8862
4058
6081
2107
11081
1864
12891
9788
14555
106
1512
3174
11211
14585
14817
878
5653
4671
15235
2694
15286
13659
15338
15502
4328
9256
7584
15422
6561
14109
14389
1999
2677
13057
7984
8948
11736
9106
4936
12068
2981
9023
10880
15507
12746
9789
2342
9384
7533
2533
8083
6341
14581
13605
7121
623
10492
9537
11610
10483
10452
3738
8971
1809
6815
5099
7027
14183
15068
14220
11157
11334
1568
13965
5326
2111
13607
12808
10273
11161
395
8363
9412
2432
11586
8182
8240
2998
4700
3676
2034
4588
5018
8924
8175
3079
7705
5390
4906
5323
4262
3402
14799
6272
14718
15162
4701
3705
3134
3215
10374
12985
6956
9138
4560
9384
3591
10078
5022
6344
13372
4646
123
2846
13882
1217
2219
6331
6981
10919
14721
252
876
14576
3538
4248
8401
4623
312
3170
14659
173
10249
13765
10996
4746
3450
406
14459
801
4017
14050
4101
585
10134
5263
14628
12456
6246
4008
12623
2997
11700
14755
6409
10790
14922
9773
7520
8971
11933
15320
6602
7823
14924
41
10177
1024
2364
3358
7576
15242
1862
185
14569
15418
11737
11264
9984
11044
11279
15547
10605
10765
7359
257
1165
10298
11633
10509
10971
779
14319
12951
10468
7901
14062
2702
7364
5392
13030
2569
14739
10570
4977
3992
11943
10611
7242
14514
9054
15028
10838
11654
9715
15327
8017
5173
12326
6297
6975
2
7552
1161
788
11877
1050
10620
11025
4850
13511
10176
13912
15013
4529
6514
3665
9557
8477
7985
3579
9057
13568
6099
3415
674
7265
11826
9805
9803
5111
12505
7609
5926
5343
228
7797
4647
2712
5529
15357
493
3774
13116
7625
11346
1085
7544
11270
4963
11878
5095
9736
7519
3194
7351
8159
4830
12052
3679
648
10600
11206
7492
2666
5458
673
3480
5816
2004
13705
4591
13632
9060
3755
15503
7665
14618
9935
1841
7200
8973
2645
10143
4741
3406
15147
4612
9431
5872
8452
9071
14432
14061
9427
10630
4149
12583
9010
523
15627
11782
9124
15414
15394
12141
12378
6748
8409
7810
13856
2861
175
15551
5712
6585
4493
12396
4897
9553
3710
10613
6402
7237
14048
2626
14530
675
6544
10288
10062
7584
14505
2911
1771
12398
14224
1962
2242
9864
987
9557
8338
13652
10408
15553
9237
3128
6798
2823
13350
5831
12755
11239
606
15544
8066
6766
9771
9271
6448
5275
1849
7398
4292
2395
34
13843
11203
1034
8585
7844
5313
5485
7443
6745
11617
14586
15136
6381
6180
5552
15317
14551
1049
3230
1185
9822
11358
15024
5111
10939
15205
12520
15125
6836
11843
12939
4209
13136
7394
14970
2846
4880
13799
255
11074
90
7153
8537
654
4304
11672
6250
2143
6006
3949
4300
11216
15315
13378
3944
15467
8359
15150
14378
7596
1297
1652
2698
8552
15438
6084
1612
1826
8592
15048
4515
13874
13626
13604
6686
10864
3998
6442
12450
8964
6518
5198
10948
11111
2333
13795
15512
15006
8345
11037
4716
10686
5593
9162
660
5965
12724
13212
8011
5276
3742
777
2266
11416
6646
15671
13496
13248
5090
15605
1222
13189
3270
4165
10730
1769
10304
11862
10046
12517
4482
11608
8029
8334
4113
12578
8678
5990
9693
1059
4858
13595
1878
3763
9994
5406
8515
13893
1718
10965
3612
184
10096
8184
11321
4041
5736
15689
12159
11654
10615
873
704
14677
7420
885
11039
1965
3100
10323
10590
5073
5730
8003
13743
11851
3117
9554
9854
3423
10598
9019
9618
12599
14908
12325
9091
7704
4131
4464
14930
3155
5489
13796
4412
5657
7976
4887
4615
14756
7987
494
13990
3406
4633
15311
6689
1482
755
15319
3651
13423
4228
7621
3686
3443
6949
15181
12249
5203
15526
12298
10666
9953
689
4649
941
655
42
5148
2193
2802
2368
13982
10433
10157
10028
14309
8314
7140
12158
14554
645
1821
7216
5903
10767
9585
14514
9311
3902
12633
5968
12129
3017
14119
8973
832
11726
1371
11755
6323
14850
9531
14626
10533
12240
4859
14189
1982
13707
12359
9205
9158
292
13649
2971
6755
445
9446
110
1882
11983
1879
13701
13658
900
4132
8596
3845
8810
12392
4937
5439
2207
14445
6699
10404
1782
7333
3937
2395
13588
4615
2495
202
37
979
15167
2806
4369
779
13316
991
4890
4921
9330
7041
6265
12812
4680
1038
5167
12111
3167
11910
7120
13064
10826
7529
6571
7687
3685
13198
10150
12717
11295
2495
8246
6939
1301
13414
10616
4501
11732
382
1614
14533
5594
141
11242
7715
15535
6448
10234
10476
5489
15381
6122
13207
13452
82
6766
3432
2821
13500
13386
11566
8977
9497
15498
8258
8114
14073
6239
5910
1568
11610
9086
3860
6482
5611
11425
2337
3163
13662
4022
718
13005
6010
9665
8476
11097
7786
8844
15105
8414
5711
11033
4215
3067
14178
6694
1150
14481
10
11617
7039
11125
10831
10772
13359
11777
948
7659
11802
14065
1912
8210
13932
9000
14517
3489
2567
10200
15073
4996
9876
9232
11902
11229
13233
15265
15138
10232
14280
11138
1862
3167
1404
15374
9892
13492
5204
8976
15654
500
14404
948
12915
6974
12209
1538
4923
9264
5549
7582
557
5327
10125
11317
11540
14299
11537
5868
7142
1151
10300
3842
2172
11393
11132
14854
12912
9139
14497
14805
7025
2430
6
8061
8388
10783
8288
8851
3633
2075
15169
14254
5207
11418
10768
12970
6755
14001
2880
5899
7653
9182
10996
986
1359
12554
8578
1630
15259
4329
2418
9888
7000
15135
3203
12892
5271
7926
986
15438
9274
4315
6349
14145
3506
8298
15393
12755
5101
10918
12300
2787
5363
3462
5112
7171
10370
6261
9077
2184
8858
9673
10862
10562
10706
5234
11082
13633
12708
12023
5587
12179
6328
11186
4010
7928
13317
13568
5637
13838
10948
12099
12511
7274
2254
12889
8882
13082
14199
3785
56
3202
14239
10614
1459
14913
5537
10132
12688
1259
11629
11673
7026
7603
9075
7453
7806
12720
4259
4550
6197
2292
4761
9972
12118
11605
15023
971
14813
3831
2090
11220
13999
5353
3925
5197
13865
4386
11055
8000
9243
286
1698
7258
3654
5577
14941
2559
4769
12625
13287
14996
6867
11517
14787
9698
12397
622
15602
881
2347
2345
11289
12886
15032
5245
827
2643
6250
12229
12860
6225
13913
11037
6393
1807
10986
13189
12661
9362
7095
5796
2104
8170
7975
10683
1691
12977
11746
4950
4883
1720
11227
6652
11625
13323
9
12321
18
5139
3406
6926
11811
1359
11215
4823
2173
5862
15485
14105
465
7070
15372
4847
8123
13075
865
9192
11307
13231
13298
4030
3263
9400
11935
3837
942
10314
15122
11294
4275
7524
8153
8798
9197
6155
8067
109
4028
5754
9943
8965
1512
3059
14232
8312
8565
2356
12898
15297
10557
361
3934
6334
4387
4370
2646
9629
5501
7707
9913
10413
13280
9593
14282
9093
12949
2096
2531
14848
1080
9761
2372
10431
6930
14782
11112
4785
2404
2042
15021
14450
10775
4835
15470
3532
6224
6160
6234
3355
4519
1431
11426
8926
4730
13528
9415
3668
1619
7028
12536
4197
8526
14505
8080
9724
13171
13141
320
8567
8531
11470
9598
1775
5818
5774
1480
14227
7673
3289
26
11788
5211
7802
764
11458
15692
2843
2887
13737
13191
10026
5344
2329
14392
11746
11758
11601
2479
5981
7447
7251
10299
8591
5125
5233
4900
2604
346
14876
9845
9406
2127
631
2805
13745
5195
11121
14633
15622
10154
1830
11267
5873
6293
2356
13924
12516
1675
7434
5895
641
4166
2196
9020
6327
2657
9055
14729
8734
1402
13890
12680
8748
11311
12633
6975
1088
671
15137
9938
10388
15280
10802
14059
12020
3666
10129
81
338
4060
15308
2241
10543
15182
9776
7490
12656
11101
9604
3231
5385
11465
10165
64
14377
6567
13358
5829
13003
14351
6586
3812
14737
8473
10993
4521
3042
9770
10523
9557
7177
7646
630
9404
827
3458
14430
3289
6078
5970
14602
1003
9662
4009
10456
966
6383
8025
8691
11854
7508
13662
14326
9837
12999
287
5719
11028
5775
6694
3847
4917
2246
1629
6824
14913
5744
660
11878
2823
9131
11420
15477
14906
8168
4930
12410
7950
9437
4040
7540
8601
8519
1828
4435
5723
5918
1678
1208
10956
14510
7260
12105
2416
13244
2004
4130
15431
2304
5268
2213
7344
6056
8281
11981
13931
6946
14833
9912
15528
6020
7724
6256
3127
8579
12278
10558
10519
10910
659
10731
7792
11586
9333
9723
4490
4008
10001
6920
6885
10277
10358
15306
8299
2886
10795
13205
5739
8096
13802
13940
4087
1777
10928
886
11036
14264
15259
6647
3039
13057
11975
6677
1404
9861
15112
12923
8301
6638
13896
3480
9370
4858
12150
7524
4995
9103
8716
7894
5234
10573
4075
4341
14750
15535
14476
6452
5582
10548
8242
3678
204
4701
3597
3590
4360
10633
534
5522
5466
6954
393
281
3403
15390
9329
2917
1861
15676
2772
14876
4678
6279
9831
10683
2328
4517
9875
8442
10446
14703
7192
533
4153
8445
13474
6254
11273
766
2298
7316
14668
1108
1651
7085
9723
14847
14986
5327
12187
4445
10365
6712
5029
14743
13748
6882
12371
2560
134
2949
3158
4989
10080
8240
5535
15242
13939
12847
12623
4492
4331
8669
3977
11016
4855
2326
13529
9843
8387
6371
13241
2219
1673
8245
8116
9214
1645
14747
9269
12707
4965
1413
3864
9598
5959
12969
5875
4377
8441
2373
5632
2424
5924
6621
263
14236
6230
4897
6729
2686
7071
9435
1988
4077
10231
7112
13081
14588
9764
9077
6060
14206
11240
11621
1000
4407
15469
11297
2715
6391
5805
9320
13393
2219
879
5491
7258
11897
8344
11024
5265
7556
2362
811
14444
2795
12828
7516
15196
13875
12563
360
2194
3939
926
13594
6938
11640
3667
2975
3860
5369
1823
2028
11153
7429
14998
3917
13441
5355
779
1014
3432
5826
2371
8379
8705
3549
10240
4802
10202
13932
1473
1481
4001
11902
15110
1670
13865
6096
10603
9219
4022
4790
10453
13088
827
2233
11450
10784
9650
7496
2501
8143
11832
12070
2798
10626
10333
14429
2488
14566
5509
3011
7457
15079
2858
3135
3948
5319
2265
5103
14451
8121
14933
14722
6508
2196
4334
8212
14023
9456
10252
1511
7096
9536
7444
13500
3111
11928
10975
12796
13455
6639
3048
13827
11218
11094
12657
12328
12832
4892
8313
3861
99
5060
3431
1885
14944
15262
2125
10361
12574
2057
8827
1110
3218
7204
10847
12049
14768
11742
9773
4081
3934
15035
12955
3294
14190
10908
5120
12895
6842
10926
3830
7268
11416
11936
796
4572
2071
6426
9643
6448
10778
9437
12387
9722
4356
15237
9650
4242
5377
230
1076
2543
11845
11940
271
3995
13503
1980
4658
13229
6460
3712
7131
11107
950
3221
14447
8368
10959
7288
11780
14603
1528
11075
5921
4620
5098
848
10362
1490
293
7346
6065
14101
15325
8809
6175
6833
5096
3312
14666
12994
4917
9209
9897
10819
10965
9806
8908
5450
14226
5831
8541
15611
9606
2017
1656
1213
468
7489
12782
12202
12281
7304
14540
3060
22
5907
13563
2452
9333
11513
8363
13565
10665
2270
15521
14554
7079
615
4714
5031
15462
14485
14850
883
6729
11044
7542
12851
14883
11559
11555
7848
4413
7794
2175
11878
2647
13481
9783
1627
4573
1499
5617
525
13941
11816
5509
1555
3932
2143
10024
6148
3157
14392
11473
7221
2424
5191
12596
10030
11503
15552
3336
12451
8421
6274
3466
8334
14060
9154
13977
3574
12902
6852
4995
14270
1998
10200
7988
8878
10041
3411
8097
2898
11034
10602
14762
6086
7544
10318
13416
14288
11959
3828
444
10632
8464
3731
4431
13364
1581
9689
4651
4212
1997
7215
14037
3189
14012
3005
10031
2824
9793
12556
3506
14884
5390
13444
15204
8388
14646
2992
7519
14193
8991
9047
15020
15175
3386
3123
5337
9061
6413
2279
1053
9905
667
1953
10064
6221
13120
6740
11456
12637
13301
13915
6638
10771
892
10736
5101
9685
8423
6487
6476
13345
8611
12351
4753
758
6438
9988
12808
6684
8436
625
6952
15041
4290
1750
7669
1637
5839
4010
13720
10243
13760
10427
7540
6806
3562
8132
10424
14018
968
15284
6282
9099
1922
8525
1869
2668
6461
8712
1461
12290
2666
9812
5102
12268
3731
14662
14106
13228
12465
4818
13048
1408
10449
10447
3046
2833
7457
9622
13579
13
6961
1749
3817
2062
5659
7051
14459
4677
13488
365
5799
10531
8758
9652
11209
657
6099
14471
15181
4546
8273
15110
9276
14509
3967
13359
11283
9299
15538
185
8193
13408
9882
8814
8572
2044
899
7156
2089
9246
5486
9522
12120
5896
3080
14319
11290
8804
6770
1140
7711
14195
10087
11421
4511
13746
9139
4151
9877
3808
14052
15209
2842
15619
13970
11710
8494
4509
8899
15612
10942
1938
8380
10707
11582
6108
9016
12049
4150
1573
5264
11992
4065
12890
5120
6696
5126
8955
6359
12598
14547
13049
9804
8558
10200
13249
7270
9180
5234
9422
1961
1873
3574
11261
943
6262
7189
10724
12182
4883
14418
8978
4203
1656
12400
10038
3747
12610
7674
1021
5013
671
9948
5602
9636
81
14958
13598
809
3065
11891
15341
15540
5664
1889
1679
13312
9077
8064
5259
14506
12423
12401
8562
6834
5115
11396
9483
10490
10234
5824
6966
8114
554
14580
4734
6689
10219
7089
3247
2548
14578
11832
6256
11503
6603
7032
12879
10928
6507
3378
13829
159
15331
7427
7427
10426
3348
5862
2513
8311
4730
8967
10040
13396
7597
15499
12675
6785
1649
6383
7153
3310
9242
12711
1690
12430
9497
12942
15092
4218
15607
15239
10446
9650
10087
5914
15638
10131
14501
12767
3532
1123
6051
6753
12517
934
5441
5674
8480
5593
659
12772
14448
1232
10638
10374
8643
1329
9977
13126
4509
8932
528
15056
4840
7397
9388
7301
14903
1205
9192
10566
9978
14050
7589
3515
3491
14717
4997
13993
8868
8240
1927
8910
2298
8069
3678
5207
1487
4431
1180
6453
6664
7507
7015
5772
7432
6556
13369
8775
8241
51
14774
7009
2244
14806
8582
13780
3978
5778
6409
3994
15259
14587
2822
1669
9284
11696
14658
14631
11577
4232
9803
3656
6822
6885
14985
10783
4145
10189
104
12898
3099
13551
675
2747
14295
4245
13004
3406
14545
9215
14368
12825
5589
15068
2229
12070
10265
12696
5331
3398
11592
14179
14658
2731
7617
5724
13091
1167
4514
14700
770
9826
8842
6766
3883
398
12031
12518
1862
14078
9567
8626
9985
9264
15007
9240
1162
13371
10176
3877
7537
10644
8785
8620
6329
3962
11831
6264
2166
12930
12274
3171
3800
1805
7687
5020
9060
1898
792
14634
8232
13330
3484
5024
10252
9632
4682
3712
12785
8580
4540
7019
4882
486
5788
14568
4245
8372
5465
14910
6271
14956
10313
4263
10737
11016
5938
3086
9964
13880
14765
7997
7176
2055
7280
15381
4881
15673
11271
13514
13962
7706
8674
9843
13422
6171
1947
9868
13952
8054
12613
1623
7528
15450
14910
5209
6474
5766
126
971
4698
10887
11610
8116
2818
6987
3555
1645
2960
10995
3690
2016
3209
11042
3135
10759
3733
10779
14434
1106
181
1425
3988
572
13203
10740
4723
13437
4986
11989
9672
10213
5400
15468
13534
5481
11891
691
4894
9687
4329
1723
9762
12213
11130
9088
2988
7990
10835
7240
4255
8994
2291
6690
3127
1282
5098
7944
6943
1697
15690
10614
14939
9145
1881
14820
11598
10804
8452
13181
10693
1320
6851
5292
7342
10372
4004
14737
15553
3194
8735
3281
8107
10176
10469
13548
3839
6750
11431
5229
3276
8660
11461
8377
13910
1048
2751
5550
3363
12148
6204
1934
13979
1219
5375
12302
10547
2477
6101
7854
973
7298
14073
4438
2269
12660
13001
7015
9700
8344
14016
14308
9215
4628
12423
10624
1587
4991
3155
15686
8853
14021
15063
9289
8650
4317
6072
4883
10856
3885
2370
11132
10386
9523
4922
4973
15541
3933
1791
7641
8821
5291
3093
11938
9871
14796
1987
4999
2263
550
10892
6445
3840
9690
13059
4630
5354
10746
8510
8119
5692
428
6652
7027
4410
2063
9686
11983
6185
5298
5607
8440
7888
13334
11979
2889
11616
14140
3243
9149
9032
12031
7762
1888
7407
9430
2766
4642
12234
13893
9296
5892
15453
7903
6297
7505
10048
203
609
5904
13020
6381
3677
2816
265
5773
482
3868
14883
4332
1469
4538
6353
6863
15065
3557
425
4180
6150
2830
1459
15636
14768
1111
4605
14253
13154
6049
3062
4628
9089
4921
5523
14600
3111
4719
12177
11639
212
913
7973
10824
7680
12699
5025
9260
1340
10517
2935
7287
4329
8182
13860
4193
11850
14438
4955
3784
4216
5648
11844
9854
4991
9546
2425
12411
13124
4567
6499
11768
15535
13516
10140
7817
7944
14661
5530
1827
3470
8015
8741
5086
8339
5085
6527
11579
15624
949
10645
11894
5000
10984
4343
4872
10607
5860
6563
11665
1814
2008
15657
9607
4638
403
13059
8879
7081
2544
9911
1758
4185
15359
3865
10373
1630
2906
9718
6998
8721
14823
7201
6465
197
2224
14671
13559
15036
3573
6400
13005
4416
12176
6135
841
2325
988
10010
8626
5791
2552
7437
2004
8369
4863
14223
294
7981
15126
10500
1988
2441
15225
3512
11274
3911
7134
15466
5901
3131
7369
5212
7330
7533
13050
1499
7598
605
3741
14816
1444
8012
7302
15624
1034
8793
12141
8539
7160
4594
7763
200
6969
3105
7039
10890
12473
11245
12827
4978
14361
8135
89
13439
2533
13390
12638
5839
13625
10619
13716
14178
4348
12989
12518
13486
13476
9290
15501
3316
1170
15312
10995
14220
7639
6151
3850
4506
9369
13420
12519
5950
651
2151
4704
12083
12081
1237
14134
12525
7161
12266
4663
11609
2576
10616
2898
12196
13131
5276
2039
1686
6313
1353
1463
9242
4526
981
7109
3642
5524
10794
2576
1928
4729
2482
3910
897
14088
12200
13921
7658
8764
5918
6707
8827
1934
9681
8386
9384
9125
9204
10607
6360
7823
4585
9058
1790
13337
12967
4851
13375
684
3859
7913
4737
8780
12628
5756
7446
15319
6329
7554
2743
10347
13497
10565
12251
10311
760
10472
10299
13219
1573
4902
10016
669
3980
11016
6370
5807
7171
5402
344
14344
4123
10135
789
4532
11482
12154
8691
11923
14739
4982
7339
2950
11342
11805
5760
7579
14590
5675
5119
10872
12791
13231
12064
13942
6422
11075
5070
7935
13823
14862
15502
13481
10908
14563
2500
3766
1784
9336
10389
14660
6592
5541
8077
14179
629
15015
8993
180
2370
5440
10783
2170
7035
14276
3075
4653
11081
2687
13307
3637
1623
9146
1415
2336
8106
13035
12751
7918
1420
11749
4767
13677
3204
3099
6050
14878
7026
1298
11888
8107
8745
10981
6638
12061
6240
7973
11350
4385
5154
9847
5439
5210
6909
5196
3855
14484
9003
2412
8269
1218
8714
6234
10041
6784
12120
2105
1302
5913
13513
2958
8185
7007
3321
11317
9408
1465
15489
14949
5267
14405
6543
11920
4153
6313
10119
6009
15667
2290
3981
1074
5132
12247
8603
11649
791
12741
11754
8104
11513
10113
14714
4568
6620
7210
991
12640
9403
13645
8760
4762
5204
13448
7274
1599
3205
4868
14315
2189
11438
2997
13327
8258
6424
11467
13324
2805
13199
6148
4453
4726
3883
11473
8784
8248
11958
8211
13129
6509
5555
1128
9146
9944
12258
11651
10090
2195
2715
1219
5971
6711
4375
9257
10746
13732
2858
2225
11681
1562
3503
3463
4768
14554
10122
9927
14963
13985
4390
12254
10384
5769
8823
11714
14453
8104
60
9264
13960
417
204
5249
10274
6235
13986
13293
682
11963
6269
2976
14623
1265
5945
9409
3288
9150
14944
7389
13212
1583
14643
732
5203
10423
11635
5057
11797
6290
10743
3973
14446
209
13476
14744
10352
6812
1957
6695
13141
1161
6672
8536
8227
8016
3960
11614
11159
1168
13974
14957
11926
2610
14246
14942
5836
10676
12999
12514
446
2630
1431
4044
6629
9379
741
12002
8015
7121
13898
2108
11522
6232
11042
12937
9282
12497
5442
14099
441
7843
13103
10019
12093
4155
15012
11403
1434
9831
15022
10518
14691
4726
12328
4853
4549
1859
11303
2214
8079
1698
13411
6806
12011
12435
1304
7158
9673
11195
4779
14235
11140
8360
8994
13620
13844
914
2225
5295
14663
79
13954
6480
3675
11543
9391
14330
7420
6951
4411
4482
8605
4477
6960
4
5259
1997
11518
7078
10972
11003
2390
14316
9718
13417
12301
4300
7004
12780
5189
115
7556
14222
2283
10994
1681
2079
4647
8511
10158
10771
9723
14444
8518
9010
3067
1994
1305
15391
15368
1294
3117
12192
7624
1066
8418
9148
11176
7141
4164
10486
9594
765
15613
2773
3162
8485
2923
13800
2057
481
6353
14091
7888
2296
2998
9849
5187
15289
290
1191
13252
7494
12333
2335
12567
11663
7347
14597
10428
2658
7682
78
1871
8367
7255
7986
14494
9041
12949
1532
5303
4429
7236
10838
8493
3548
3576
2790
7240
529
11292
4751
8221
525
14198
7260
11390
7903
7915
1348
1220
9299
11488
14143
2950
14602
7810
5993
14808
11619
14713
9196
11541
14264
7637
4305
9602
153
8847
5871
2336
1462
9016
2834
5522
11200
13436
2516
11355
10275
15342
10669
9262
3516
15678
4587
6901
13751
15318
9552
15171
7202
15212
8702
14703
7825
10475
3216
4843
4677
8564
8331
4946
2401
7327
8203
3341
8841
4660
8659
337
5473
11010
7145
10118
7062
5672
12250
15678
13986
5137
11952
4532
10218
5844
5921
712
2632
10597
1279
10633
1210
7724
5410
9260
11058
2762
3402
7829
10625
9714
9768
294
5281
5542
116
5415
1131
13066
3137
11116
1714
4103
13151
1189
3335
12759
1458
8575
5036
7735
3243
8007
10880
15115
4939
1554
8587
3668
760
8609
5964
1533
15486
1386
4767
462
6671
11188
13435
9804
580
13260
1347
5958
10898
11618
5103
1129
14719
10482
5196
2311
6570
3913
15622
7242
4802
4940
9144
2451
2139
1784
1154
8145
12208
12534
3726
10212
14625
14975
6021
15391
10118
3927
6089
3063
11928
14856
1780
6233
6079
4726
12855
10616
9388
11381
10026
9745
8168
1387
5240
10182
6894
2854
4618
14660
10944
7107
7080
11609
2103
14674
8201
10606
7861
10227
8892
490
4016
8404
8180
6447
11145
8467
15449
6638
13761
1021
1215
1263
581
5729
7856
4687
8478
8177
2248
12593
15062
9572
8770
9881
5645
14440
11892
6173
6525
10394
12969
3208
3239
12580
8792
7232
4472
11352
10841
5861
8441
8927
9003
6423
13932
8687
7499
12951
809
5382
11263
14081
9422
10635
9494
5993
1543
7270
13106
1079
13153
13857
9913
12524
7003
5412
7183
4000
15594
5968
10200
11191
4596
7172
3193
12987
10476
8391
2721
15600
12994
11010
10285
13318
7126
8503
6826
3389
14976
1933
10154
13856
8597
9330
525
11505
14923
4698
6677
9140
1137
12380
2096
7951
9058
7515
10344
6177
353
11655
14074
5345
13522
13952
14300
2889
4438
679
8969
5483
2598
9048
14980
14737
7400
8705
12313
9178
7256
4337
11118
173
11666
11109
14683
6823
480
3195
3310
9693
4461
12805
2828
12626
4242
7758
10677
8559
5849
6094
12080
14094
906
14729
14720
10388
12770
3699
9606
6489
1696
1579
1899
12127
10071
4672
7716
3872
6144
13661
8590
12510
15290
8524
4997
8402
7142
12430
7813
3906
6585
4181
7256
1556
7215
4330
5889
11143
3002
10947
11721
6870
4604
12475
2630
1890
2993
6996
9920
8828
10109
6834
11221
11397
6592
13993
7233
15090
15526
5011
9165
13710
751
14938
5196
5338
8161
6479
2128
13689
5099
10099
3968
161
11170
14211
2725
123
2725
2833
15003
8149
12766
8968
2307
7970
2443
441
10929
3317
295
6764
12174
4238
6477
6772
9820
8951
2956
9662
5355
13248
6085
5070
6105
6874
6915
9549
13318
10320
1165
7448
14402
15662
3779
6904
1549
15247
12531
12156
8724
9353
2854
11685
11040
3669
10756
10541
8825
10382
10024
3951
14572
15546
11519
13148
5260
10501
12870
12660
6618
14267
7992
8527
11009
6248
4027
2102
5938
15308
12464
1285
1261
13825
14700
134
4807
5674
157
9269
4270
14589
4074
8522
8140
833
12264
1275
6460
7789
1419
15047
4705
8720
4173
6127
13207
10058
9856
11437
3589
8276
9837
8429
6598
9773
2956
11793
14212
8680
4611
11959
12323
2280
15526
4543
10966
3476
4643
4303
4285
12082
4902
12444
4325
11495
3438
14107
9847
14886
9377
9532
13534
4903
10942
2056
12155
6320
8746
14274
5931
1575
3092
13490
12647
1278
9212
11378
3756
6562
7961
1346
6267
8817
14560
6645
7902
4959
12778
9934
7221
684
12683
13018
8888
6602
10432
1329
10726
13094
11187
4886
8005
8587
13689
12275
484
11757
1274
6459
11883
12483
14514
9907
493
6207
10280
2025
14723
78
7890
8596
10890
8340
10997
6821
1505
15282
15247
11333
2010
4146
11955
7562
914
4926
10068
6612
7252
12445
2706
9639
13400
11247
9922
14474
6688
12246
3641
6734
8207
3808
14466
9709
7829
928
9265
7441
4145
5960
13098
12092
13704
8663
2910
119
756
8678
8208
4892
11717
6334
9902
6406
3036
633
4918
4547
15309
11377
6659
9019
948
5385
10221
3073
2166
4711
12646
792
400
7568
1716
3321
3833
12770
7778
15410
4972
7450
880
2993
11822
14704
8657
5435
6798
4111
1342
11154
9217
11930
11089
3350
8575
3702
6203
8091
10611
5474
7119
5162
424
8324
232
4599
6754
4697
12657
11525
3066
1968
11857
10004
14274
8619
483
2752
5663
10907
11073
15577
14575
7405
14724
11019
10414
6075
11823
14232
6935
13302
7762
1237
2842
11001
3602
3961
1385
10792
11373
3730
11883
10499
14967
13712
7056
10501
1773
9579
4141
5860
11030
13247
12573
6571
12264
12063
2019
4908
2234
8214
5322
13199
6336
15400
14873
14236
15018
6447
5932
12000
15408
3217
6847
8555
4505
9019
14771
724
15483
2898
998
15283
13621
5401
8809
2666
4752
4363
9108
9323
5862
3829
13384
13156
5718
8781
4834
12493
6185
5675
252
15085
3843
14040
12168
8047
6694
7350
9069
3391
5170
5397
293
11233
801
10474
10254
10229
8199
13790
5130
13516
5462
3188
2774
13928
14385
5683
8664
2576
6611
10448
3743
4079
8333
2229
7804
14410
9474
8666
8322
8920
7560
8881
7371
9137
14796
1087
11424
13565
998
4314
10654
14811
213
11466
10573
458
3930
4657
4327
12746
9831
864
14038
1381
8573
5766
5996
10268
12849
11948
9252
7060
5983
945
4468
4152
5343
14833
4356
10431
1494
10807
2739
1677
6931
1992
11495
372
10315
9171
5316
3772
11386
10108
2547
10697
14107
7707
6659
15084
10604
485
12137
13923
9631
7252
8765
12819
4000
7291
89
14978
13287
14700
13199
1100
6489
3239
7636
9964
3445
10192
14935
9984
2610
14681
12930
9049
12362
4490
6920
9643
8597
7628
2024
636
5110
9730
2791
12610
5189
10857
3762
14397
6822
2743
3564
7628
1828
3
11480
12017
6151
15498
5740
12176
10197
338
4401
4904
13212
4704
1686
15167
15199
10154
14547
3210
15201
6063
12234
6681
5550
5289
2992
11236
3895
6788
15079
9098
2455
14302
574
6487
13022
3572
5892
2174
7107
13851
6914
13193
10951
2817
7399
5885
641
1808
7691
8911
5718
3793
10379
14628
12788
14113
879
13407
1187
3506
11394
13207
3303
3895
5749
1970
949
8940
1074
617
13199
4413
10073
1992
2502
6170
7578
9915
5051
10312
13012
6226
13569
10355
6160
8952
10526
706
2147
1162
8898
8109
9268
13749
5087
4482
14036
4684
13001
1669
13336
3959
12348
4595
6213
1793
8843
8161
12386
12715
8098
8078
1648
10253
2688
2164
7122
1184
6076
5700
5491
7025
8010
9384
1156
3330
5785
15080
5503
1987
6051
7667
10953
14099
2156
13711
2864
9762
3338
10174
15400
4616
5907
7264
13757
7822
13863
2911
376
11507
9127
3092
14050
10243
9209
5033
3022
1273
10479
10619
7949
15665
14050
9947
6295
2425
4798
10370
5548
5746
2954
12899
4505
10560
13389
9104
14287
11132
9503
7221
12989
12749
8758
12259
10024
8239
8390
15145
508
2354
2565
15444
9446
15410
13058
1436
1744
914
974
5137
11062
10581
4350
8631
1925
4652
15415
2654
10363
7380
4824
512
2800
3448
11251
4346
7734
7957
5413
1438
2553
6791
4307
11227
694
10575
1160
3520
10680
14778
10614
2841
6374
14452
8663
12045
460
9200
12015
4500
15318
929
2635
4704
891
14196
11816
10854
7667
6601
13862
5200
11537
12775
15461
2425
6495
14112
13420
11589
8815
5453
11383
4144
6627
6007
1787
1215
14640
13444
2196
9487
14744
6445
15062
4121
478
1832
3952
11638
1788
3818
8006
1830
1334
13267
13328
3406
10191
6861
13436
1566
4592
6275
8525
15014
14602
12682
3934
5528
3004
11417
9482
11104
10104
12002
7914
8708
12359
14772
6383
1420
7212
5933
15412
8900
5592
7424
13069
3715
14575
9802
10919
14428
8955
2000
10397
9656
11419
6290
4867
10636
467
6415
14564
7887
11444
4708
8654
2095
9591
9043
1301
11091
7446
6040
1316
7842
6309
10580
11726
8407
13998
10680
10015
481
7232
2302
2438
3968
13279
5986
2104
676
12722
14935
7844
13341
4116
13609
12326
12636
6023
8289
4137
836
9601
13840
14491
5916
9443
12210
307
49
10756
11225
5441
10847
6114
9506
7332
4934
13697
14559
1709
7753
7780
3014
8775
10042
1965
7789
1846
4345
6360
8955
1548
2808
724
9277
8308
12358
12270
12482
11747
8684
12222
6985
484
3360
923
6073
3120
7526
4689
9431
14371
4003
4149
734
10559
9371
958
13285
11328
13203
6463
14799
34
6986
4017
931
9940
8572
2950
15313
1300
6920
7353
5436
1655
1088
2222
12088
11258
1668
758
5868
10306
9401
11308
881
501
9868
13392
2599
9169
13797
203
14034
12842
4794
10925
8678
10417
6115
14910
9978
714
5351
11691
4038
4720
744
2085
1707
12050
7316
2569
14814
1111
14687
2830
2847
10811
7972
1942
12481
2542
10776
9742
3877
4782
1146
2837
14370
5794
10077
985
6981
3127
10594
5872
9455
14077
7257
2924
8640
14642
9921
9180
122
6849
3873
4398
4078
13064
12487
1674
15433
10401
12858
10983
3233
10751
5950
15393
6520
11417
9048
4233
3515
12536
5596
4799
14388
13589
12047
11511
5606
367
8945
6086
12348
5182
4482
15416
14784
13336
12719
2424
503
2184
5885
4088
10612
9161
1201
15623
481
9175
2269
9898
3781
5932
5240
3229
12597
14210
1894
3940
5645
6767
6778
1579
6625
1392
4445
1797
10448
7853
2792
6081
12266
7443
5894
7049
1184
4372
1934
9237
12652
13172
11612
9782
4636
4929
14274
5664
4686
9868
12734
15340
11241
4950
5255
8730
9008
3322
11279
10255
671
9777
3493
4343
6038
475
1556
13088
1123
9576
624
1742
13401
8966
5201
8065
9207
1958
3488
823
525
2447
9480
14771
7351
6143
8848
3153
14866
15205
12053
12439
4315
6784
7046
6154
652
11079
15400
4085
1073
2337
2798
6485
2475
11977
7000
10739
3989
808
12891
12853
13868
2893
8122
15218
4934
949
15000
6146
10854
5668
9293
12093
12336
9599
211
5839
1399
5679
3873
13427
6392
12694
3928
9454
4291
10680
4134
9328
7917
7666
14532
8719
2225
9127
9121
12560
192
1574
13331
12699
6683
8976
11263
8203
11633
8479
4658
15339
1214
11098
286
8712
5132
268
12349
5209
1619
2647
10996
3178
4564
6276
6804
4503
5237
8813
874
13226
2486
9302
2520
8888
3899
3514
5682
3053
11642
8412
4360
154
9906
1923
4774
6034
1592
11408
2511
7165
13940
14493
14744
14212
14314
3481
1595
754
14449
397
4518
14339
15491
13938
9654
10294
14337
1143
8017
7246
5367
14225
1548
258
10617
5973
6415
1010
11618
7126
15069
3332
10431
12123
7537
15307
14073
14021
4507
4477
3623
68
2955
14378
11569
181
983
6779
9641
5778
3815
9007
5256
2702
13860
10756
12679
3117
5175
7622
2186
11255
2707
2928
5230
13041
10980
9063
3993
5271
1344
4527
8994
11439
8592
6352
7486
14322
13829
11123
15458
4217
10186
11675
11453
7832
2874
14728
11183
2501
12232
9307
15581
2930
3266
3369
6541
4149
282
13106
8119
4017
10139
11975
4869
3872
15462
958
15251
4808
8994
2910
4331
15179
3639
13253
14488
204
14988
14089
1468
9462
5019
5354
12867
15199
5829
3321
4001
51
15045
5071
12125
6773
6087
3168
640
13685
4077
11729
390
15205
4460
13306
5963
8922
10514
9445
10347
6145
7775
1509
1137
8858
14367
15337
9315
15585
3769
9751
4398
2635
4320
14367
3788
1792
1180
4488
13218
14908
1712
13627
543
2761
3049
1639
14751
13275
4889
15027
10776
7354
13213
9010
13271
8155
1396
6437
5397
14072
8914
15435
214
1519
12010
8469
11267
9006
11424
9227
15366
1336
8800
12515
1835
10255
2854
10987
7629
11807
15125
4918
9717
9060
11559
15368
553
6237
12516
1869
10581
5504
11114
15499
8580
3504
862
6207
2276
10235
11853
5048
9964
4609
14460
11273
3537
5789
12920
10701
5978
13240
5943
11037
1637
5282
14587
4140
298
11794
10681
11055
9977
11689
5043
7172
3602
13937
5600
12035
356
13200
10681
5071
5418
3822
7059
13409
6284
12778
3416
5422
14910
9146
13453
2290
10312
4688
10808
4962
9087
14873
12830
5857
8196
5310
12513
9814
1447
6529
12373
10265
12457
8979
1258
3530
15149
14174
12129
8259
7321
14041
14476
6703
11506
15584
13705
15549
1395
6775
2984
3659
8763
7522
5105
14294
13340
12840
9527
13748
13600
14924
4790
14987
13192
12764
9377
9040
8600
3427
4165
14556
10200
11676
11442
14061
10457
11469
13935
3497
7611
263
6593
9621
7933
7124
10697
10860
13762
15272
1924
12304
7021
14029
14740
12590
9259
8882
10817
13765
659
2592
11921
14262
847
2876
13932
886
6161
11634
12900
7027
11012
13101
6768
14727
250
6617
13883
3807
12892
7042
997
4610
6102
6710
12893
14348
1111
9387
15330
13678
12830
11831
8326
6322
14220
8497
578
457
6825
508
5684
1446
10457
11346
7128
982
12468
15160
15319
6809
5331
10099
4573
13243
9352
10826
8478
11404
11251
13218
15206
6899
3198
15321
4673
14174
122
12049
2283
14062
5033
5024
3345
13722
1304
2273
1543
11059
13796
7552
8095
13843
3453
10238
9163
11996
3615
11100
13730
1819
14868
5998
3244
15041
4611
9008
4475
6793
6922
1373
4501
9664
1196
13721
8242
11685
14537
3241
4784
7520
11302
1465
10462
2784
3936
5725
15041
6725
10833
3723
5168
4193
15517
2471
3086
14737
13495
12730
4891
5731
4858
11115
10929
8277
13331
8534
14271
13150
11908
13671
5830
4642
7506
5057
15383
10130
11211
9785
1432
3134
8877
935
14008
1809
2935
12508
15232
311
9204
10922
12426
951
1951
12204
7342
2873
14817
7707
15212
13765
11562
8454
4907
10505
2348
10018
11592
9039
5270
13564
32
10775
8426
443
10297
10044
12583
1028
5694
7435
13090
6552
10013
8144
7932
12759
14841
15350
8848
4886
13510
13549
6635
9897
4183
9182
7641
11615
6826
13752
15170
10558
3533
9418
5409
1506
2896
9198
7258
15522
1100
6682
6949
998
2776
1882
15258
898
6508
3818
14215
13176
4970
11473
12989
4069
9588
11068
14669
10681
13199
7205
12874
9182
15313
13261
11822
10022
1356
9922
7320
7772
10852
8300
5339
2119
6705
5727
11848
7032
2225
7027
2567
12168
11184
6485
1815
11795
15063
7305
2170
1119
579
461
8845
6013
13287
5064
14075
2757
7106
9966
9131
14624
6236
5685
10943
9700
510
8896
5158
11199
2559
4446
13986
6511
4411
6162
9766
10453
1281
1569
13444
9825
11927
3575
10576
4943
5427
14567
11617
4219
11812
10177
9379
2661
12607
7270
9312
3557
14357
14515
2929
10405
4221
8754
7044
3895
1102
10549
14557
527
9971
856
13584
2369
11598
9806
781
9770
13890
5577
1197
2962
5428
7738
3696
8945
6475
3891
5075
6114
9454
2900
8361
9103
13026
5556
1264
4017
2015
7839
8037
5018
15467
4320
12601
1949
13137
10478
14192
9296
2511
6526
580
2533
5535
8684
12977
1427
5321
12576
13836
10335
6950
5210
15460
14467
5069
7693
13580
1018
6938
440
14271
4699
10341
4428
13810
5974
7261
4203
12062
3175
2058
116
7809
1428
2077
8703
1660
74
3068
3056
8352
5659
13875
5764
5830
9520
13502
10548
10283
13869
12860
10013
5719
9892
9610
10723
4196
11237
617
5185
7442
15600
14905
12429
8362
925
13806
2245
10227
10663
10273
4117
14884
7559
15682
10142
11317
7973
9714
11827
3053
11673
13273
14030
1481
122
3640
3723
9161
3995
11749
14300
230
1905
9191
596
12471
2374
1421
8369
5324
1309
1061
3357
14285
6663
12258
6144
6388
6238
10663
8671
5961
11054
13241
6209
13664
8945
13087
6924
9704
2882
9202
13529
8861
6240
6392
14222
11731
4392
7985
12640
774
5084
9879
12328
685
13383
2366
3010
15085
7933
13787
6984
8419
15002
9622
9517
6837
710
12306
13596
12318
11667
4910
14412
6655
4013
1500
3425
12130
2428
3735
3573
10000
1108
15628
1557
8504
11092
8149
8823
9940
6639
14889
13247
10941
5895
6945
10298
2276
82
6432
11296
2877
493
11550
3131
10715
97
15041
289
4251
5940
2864
3378
8444
9952
4071
8684
8659
345
14833
1742
8515
9729
3007
8174
2801
6129
1018
3845
12020
4516
14781
7652
8987
504
14971
6909
12539
123
1475
11085
773
14920
2836
2438
930
7692
12940
13203
12742
13669
15563
3018
1343
6546
11020
2397
13901
6993
5970
7517
12571
4171
13341
83
2878
13680
1621
13736
5464
3662
2719
13630
487
6753
10008
8957
14867
5399
7146
918
15105
15649
1317
5145
14055
9407
5064
14367
14371
15656
10539
13866
9158
589
10000
9760
3178
10488
8978
7396
9387
11068
5678
14919
1623
7888
2679
10206
4976
1423
14698
11104
13552
6551
5655
3877
5976
11418
5130
8869
9007
4954
1583
13642
11648
15469
7109
2926
9718
1972
1843
529
10997
15121
14334
11860
2460
3375
13981
2251
9949
8576
1347
1280
5320
14602
12
5953
9238
1626
13264
11799
982
3421
8417
6757
11664
6376
3037
467
1829
6310
5631
6320
2067
2367
12216
4494
732
4692
5212
5210
13932
5609
271
7231
12821
13147
13318
1653
2151
11354
11115
9944
3786
1970
6482
11605
6457
11395
14406
14813
12260
8490
1504
11409
9543
1105
7377
1255
4133
8631
2445
7705
3961
12179
7005
9010
5360
5966
434
2501
3119
11749
13444
2542
15352
15610
10223
2083
343
10149
13631
5275
6891
3163
13544
6829
5430
2260
3477
6167
8853
13201
4150
3480
10563
2258
11095
13770
13290
9941
14806
11256
13357
702
10127
3689
546
13809
13022
5207
6607
13750
2169
1874
7065
10885
13061
7416
10532
3552
7063
15289
46
7102
14231
12183
6698
13097
4781
2952
4985
7931
10639
6738
6982
11628
14290
8435
8792
11887
8718
4122
13487
5228
14775
1823
7157
1144
11097
11098
12118
615
14379
7701
6314
11943
276
6192
1843
7339
5952
11641
9876
4643
10911
1841
14146
9550
13562
1278
9073
8523
648
5228
9711
6257
4903
5525
7255
8721
7686
9514
4758
4162
4685
8120
15151
11743
706
7884
11957
516
9584
2081
5500
6718
4884
9826
4720
2707
10154
5413
2392
14655
9598
11139
8772
288
4267
2392
4142
6859
3295
6670
11678
10331
5538
5326
13943
2999
13816
7006
9103
14418
15460
9231
323
12222
181
11895
14221
13625
3664
15272
13055
8124
4664
6519
5088
2310
906
3883
10804
8316
10644
6373
10387
635
2194
1689
4127
3085
9543
729
4056
8813
5832
12398
4184
1383
4972
12989
2082
1474
7223
2215
5746
2978
273
1479
3102
11035
4586
13161
1294
12932
3015
13126
4538
15672
12926
13226
12034
10210
7313
2168
7868
10334
4016
7464
10557
5003
13345
15256
1937
9311
3965
10766
3029
4739
474
11147
11181
7014
11878
9676
833
10972
14916
3031
1979
13302
7488
3682
5144
356
2461
3860
645
2960
5754
8501
11325
3728
4756
243
7349
8498
15568
12677
179
12349
13633
3310
10269
5102
277
13163
9590
5288
4531
13264
6954
3727
1780
9600
13597
9314
10197
13441
8268
12088
6451
4717
824
2678
2692
5953
3951
14333
13072
12218
5558
12632
2128
2782
8024
9883
11856
3901
14624
11681
14302
13004
5093
6088
7217
6891
6339
14286
12925
13201
12544
15084
12
9823
6122
6464
11869
2222
1734
6379
9767
8183