1952
3072
1454
1411
1130
1758
2200
2202
1691
996
1724
13
1833
1042
266
2969
3024
2643
1848
2098
2313
174
1395
2321
79
1178
1302
1448
2176
1359
1051
1066
1418
741
657
3063
1607
1268
1793
740
3148
1036
3177
1974
2927
1873
237
3016
3223
1371
2842
231
2416
2037
607
1062
1261
125
3350
2146
989
2118
3303
267
31
1687
1054
3326
1920
250
1724
2977
2534
999
1963
890
1994
1677
1446
1662
941
3326
3106
1032
163
1240
284
785
164
1670
2315
3097
1152
2120
1443
2858
1889
655
2485
1048
1395
917
699
2099
1422
1249
2765
2340
1245
2696
1593
390
1163
778
2797
1998
2128
1807
491
30
90
2985
2972
405
1027
1793
2869
1365
2965
3143
2206
339
3164
1470
1177
1716
1302
2501
2903
3365
2821
1935
3394
2641
843
2574
1691
673
545
3037
22
1481
2923
1987
2286
2989
1640
866
1500
2923
2331
1185
3074
52
1197
1388
6
2718
1882
2905
1485
3322
1431
460
2059
2740
3347
1298
617
3272
157
2984
1997
362
2694
2892
2666
2743
1436
1540
2458
1254
2139
87
435
783
3247
2069
1071
468
755
1982
897
284
1844
1216
1338
727
2856
949
276
211
296
2243
720
858
2181
2233
3145
1798
64
3325
106
3367
1790
1967
782
1452
2207
1611
2896
3237
1174
3360
3000
3068
2327
1529
3341
3151
1197
435
1756
2926
1985
2329
1102
255
1731
2370
1117
2721
1766
1941
1774
1212
1673
1169
1873
3257
1912
2260
2665
2229
2161
982
3318
296
2004
353
1640
336
1901
2883
286
1244
1330
1397
1040
621
1135
1943
1917
2120
1838
2327
1190
3030
3372
2138
3072
2919
2385
190
1472
277
1970
2014
1322
2750
1247
3349
1502
215
2479
1596
2567
781
651
3183
477
2867
2255
804
451
846
2775
444
1742
984
723
403
35
1273
1776
3184
2384
2919
2000
1395
1062
1173
671
2549
623
2954
1516
2212
2131
1414
1108
101
3363
2739
529
565
2009
3028
1877
3155
1445
1961
746
3074
1251
2078
2918
3039
2346
3069
259
2640
2803
3052
1267
1965
1182
1088
1644
60
2179
18
660
2378
2283
1504
3095
657
2937
584
190
1203
718
1081
3147
3272
3366
390
602
2084
2363
2541
164
662
516
1165
1258
3305
2207
1131
2862
562
2166
3030
1243
2812
1928
689
1099
2918
2846
546
1400
2814
1580
1791
2133
1567
1603
2298
3396
1322
2342
1199
2330
2190
1606
1046
56
461
1698
1839
1822
3075
1411
1444
1680
3094
758
1013
154
1085
2717
2465
14
2933
1328
3192
30
2238
2916
1114
195
2291
2447
1452
1108
1924
2482
2726
27
391
3081
850
3015
370
2119
164
2496
1536
574
2001
3110
3185
1667
1206
277
1834
1728
3203
793
2325
1210
149
897
2389
2099
1559
2733
1932
704
2079
3338
1388
1380
462
246
1346
3038
3139
2399
1159
1386
2132
200
1492
332
2427
3030
2109
1605
3087
1315
1145
698
2551
2412
3199
1722
2660
2461
2213
1357
1052
2152
1638
2335
2194
1197
2787
2572
74
1075
2901
131
97
1603
3125
530
2082
2109
312
2001
2019
2883
2535
2274
302
312
3027
3342
2640
484
2807
621
3241
660
1789
2716
1016
1761
1675
2616
1653
2097
229
1248
3080
2882
3211
921
1217
1583
3170
493
1358
1133
86
2738
2553
47
159
69
1986
1174
570
1968
2914
732
2289
3356
937
3245
1452
2786
1864
2206
2021
1632
994
2967
1668
2006
188
2001
2632
2633
1195
2587
193
283
2852
3378
3116
1279
2475
3073
375
2837
2711
3176
261
136
922
1578
1342
3364
1536
1090
1741
2230
2811
159
952
2304
3394
1932
579
2379
1273
1173
499
340
344
833
2396
3064
433
3322
3297
1026
3321
3007
1247
936
3374
1666
3147
3244
2663
1444
1476
1209
2864
349
3272
3328
1057
2889
1677
1279
468
210
456
1229
1168
775
927
185
3357
2752
3100
2726
551
292
406
1967
847
1755
1400
2120
3230
3197
74
35
3
627
400
994
3368
1532
3359
1205
657
2213
2609
2364
1437
2862
2125
825
2195
1105
825
496
2283
797
131
3355
3249
657
2316
1353
95
17
785
2442
25
1782
1875
99
1238
3149
16
2489
515
760
2584
1049
757
3178
2557
2833
2404
1670
1086
3220
1641
1060
2837
827
1922
1741
3159
188
1295
1096
2344
1522
1018
893
2170
1699
7
2179
2855
2767
94
1880
83
1238
726
518
1231
1461
2178
2583
1861
2878
1296
2089
673
3104
204
3226
897
2707
3202
1198
2060
1848
2374
3014
2955
6
2538
221
657
2412
735
871
930
2866
1517
3027
2072
2049
1182
372
1775
1838
1170
726
1667
1565
1369
2164
2233
1302
3220
261
1699
1847
272
606
2494
1476
1203
2286
761
382
2878
472
910
338
2300
369
160
1700
2935
1140
1159
1265
1344
2851
2237
1157
2551
600
1337
772
1602
1814
2742
3155
234
2600
2255
2669
3000
730
1733
2846
20
81
2893
1041
1983
870
2278
2552
563
206
1981
2838
1108
1726
2232
2514
3200
653
1469
40
1646
1041
753
774
392
271
503
267
2191
1784
3213
2284
3028
1945
2891
1213
2742
2368
1119
598
1446
2137
2734
2627
515
1337
878
763
603
1621
2943
1633
1478
2472
833
2698
888
2033
1735
1828
3165
171
3201
2301
1068
1415
1287
2140
2995
580
3027
385
485
1942
1429
1673
619
2221
2703
2507
3073
1996
321
2547
2938
2666
834
469
575
2674
995
133
1529
704
2892
704
593
1169
2419
2823
124
1512
2509
86
3082
2645
1022
208
1462
3361
3363
1025
780
2407
788
2716
1915
1617
136
1339
851
109
1781
1144
805
2252
376
1075
1990
47
1035
991
2088
2308
2041
1601
2847
1795
3329
329
3331
2924
1997
3170
563
1787
74
828
2981
2085
2805
2246
1844
2712
261
2000
2077
148
1918
624
2013
421
1682
2247
3265
2053
1496
1980
3117
2496
3053
2242
70
2953
33
1654
2031
2869
146
135
812
3259
3311
1445
1660
600
2599
1864
1269
1281
47
589
1396
2444
1456
601
2994
30
1893
2072
1233
2852
1865
46
2871
1626
2814
13
317
1295
1821
1446
1025
2063
3181
2667
679
1265
1267
2284
2405
631
2850
921
2743
2095
532
593
1548
102
2615
754
1734
2198
1316
1433
3279
2091
2792
2900
2726
1395
3375
215
2690
154
2898
1965
3080
1481
2998
2651
1748
2042
2701
1728
1550
244
862
530
960
2920
3325
2372
995
2698
1798
2796
685
3300
2536
975
2280
555
625
2968
1945
426
515
1684
3231
255
593
3022
2762
32
1515
1690
2977
1966
201
322
1917
2646
2091
2982
3225
2784
3079
2237
1904
160
2059
1454
1031
1371
837
2246
189
2501
674
3241
556
2258
2076
1044
1373
3028
981
1640
1941
2139
2350
161
1424
2965
1494
1010
2950
1812
2675
1549
2403
422
214
324
3246
2531
2555
2831
2063
2154
2502
2076
1879
1712
883
1244
852
1880
1331
563
1951
147
67
3134
2597
1789
2839
1123
1504
1383
1653
50
2151
3367
1632
137
1618
845
1536
976
447
257
1623
3164
1432
1554
532
1415
2443
1049
1208
1736
752
2359
3208
3104
1283
425
2104
686
2664
3347
2557
2164
2685
666
62
669
617
1575
407
1300
766
3012
1363
1954
1107
379
2152
1120
920
1877
2044
3364
1222
2197
763
1643
2713
711
213
2433
2226
3347
1783
1964
858
1337
529
2767
93
2306
1373
1557
25
395
103
2374
2242
3332
2082
2939
2235
1384
3217
879
2803
3019
1389
2020
3210
2813
2069
2434
1357
3284
1240
1187
1347
2993
1171
1667
3014
2220
3281
2315
17
1568
139
2450
2502
2399
3016
1410
2696
3001
2747
5
2426
2133
2748
66
492
303
2197
1841
242
2470
1379
1403
2380
2064
3318
2359
1203
1477
2822
1594
1118
3299
857
1535
765
1500
2255
1839
2393
1655
2649
903
2964
1223
168
2096
581
1909
923
1522
436
197
1050
3165
892
1557
1680
845
118
1274
2102
64
2577
1577
1474
3186
1240
2419
1894
3000
334
256
3143
2456
2326
2939
3109
530
3336
2282
1855
352
2379
245
1232
1182
1311
2804
543
552
235
2181
1159
1478
1646
2071
1103
3211
3387
1418
2360
1310
2732
2032
2527
1237
3237
803
2025
3274
1437
1634
51
646
1029
1363
2095
110
148
1096
1093
15
3230
2612
1049
2648
3009
1373
3099
3018
3387
1401
502
130
2456
397
2873
3244
1301
859
204
2705
1449
2840
1790
2223
2177
1022
568
3394
2509
641
2068
3030
1524
1658
516
763
384
1810
2208
1812
1804
1730
2835
598
348
1180
387
1972
567
1278
1987
2598
1424
1132
2966
230
3106
1372
2127
2143
185
581
798
2616
2258
2304
2634
3308
58
2152
294
1650
394
2701
764
2431
2571
2418
2571
2857
324
3301
2574
2880
1520
3104
290
1603
2388
1517
1113
492
2712
2152
1782
1475
280
2007
2608
582
1707
1130
1887
2682
342
825
1579
875
73
2130
1800
1897
3341
2165
984
2495
2473
1286
1055
1801
1982
2659
3046
1421
3182
3048
979
2205
3366
1362
2396
2300
2472
2572
565
650
352
2512
2960
1752
2857
1149
676
2634
1829
1801
2306
1879
2616
1424
987
1721
446
184
2962
2175
1305
2495
2952
1246
2627
1923
2897
132
3227
2073
1854
1536
1537
841
2136
501
369
1371
2580
2128
1630
538
845
1311
2763
2163
2027
2792
802
3109
3388
1066
2677
1432
29
468
1060
775
890
3338
3344
2076
1852
251
3135
17
2117
2340
14
382
1209
574
451
404
1980
2677
1380
477
1785
2927
2570
1634
1255
2245
1227
2874
612
325
2036
2455
2790
1170
3201
1442
3064
177
813
3115
1044
1863
1520
140
381
2776
510
2574
2259
638
980
1124
40
2267
1781
2235
384
2026
2246
2466
2734
1476
1021
423
1739
1826
343
1511
1261
1380
1611
89
1176
2830
1185
2572
2906
945
2619
1871
1420
465
3211
1453
240
146
1096
2570
2610
3337
2814
1849
529
255
3133
1680
763
160
2213
632
2792
3274
214
374
2153
574
3209
2769
31
1596
565
1183
2705
936
462
2044
1036
1471
1635
2046
2624
66
2037
2954
832
2013
1485
2045
1854
2975
780
1713
2783
1196
1929
484
1150
308
3218
3228
2736
3109
1887
79
356
2593
967
825
387
2698
1060
394
779
1002
1639
65
1321
1758
3309
1985
3170
680
2000
1141
2024
1646
699
2537
836
1961
1947
2846
3068
1559
1702
776
462
936
2291
471
2824
873
1863
869
2686
2178
3186
3354
2945
806
500
2664
2797
125
2396
1806
322
1629
2476
346
3320
2857
422
6
1427
672
1547
904
2431
1493
2854
3121
1248
2595
2409
634
966
2978
3121
1494
1966
2143
582
1585
485
1773
1072
832
1430
3082
349
1835
906
3046
2377
3100
3215
146
2769
1863
2104
2970
1244
2906
1611
1520
1811
1297
88
3110
801
2940
813
2949
243
3393
936
2950
1866
2430
735
508
901
2351
2890
2157
951
637
3199
2877
2601
2387
2447
2556
1733
3393
3326
2758
1455
613
2136
2459
1873
617
1223
1465
591
1510
3140
344
1297
1713
1475
340
3267
2484
6
3216
2043
844
910
2529
332
544
1244
390
169
2842
3349
1074
1732
2823
1447
3192
2825
2954
1336
3070
512
1451
1472
625
1886
3202
3295
1363
2542
3372
950
1913
2270
1052
497
683
1648
977
2644
573
2561
2677
22
3321
691
2820
1650
2258
912
1687
488
1930
633
556
2456
2715
2292
1579
1486
1517
2975
148
621
2326
2921
505
3269
642
1830
2420
1830
2925
1991
10
863
2964
1769
1479
1385
2553
153
339
623
1086
2031
1124
1447
2493
1485
107
3016
3045
2494
2117
1030
514
1491
958
2451
3119
83
1908
39
821
2542
306
1453
2601
1090
2789
875
837
1027
2747
1775
2280
162
566
699
1774
3099
1245
1402
3290
2486
3341
1040
1225
505
701
2913
2979
361
477
55
311
3253
457
212
2327
1269
3306
1629
2771
2383
2987
1290
612
994
1970
1469
3189
2411
1188
2327
2924
3115
3129
2803
755
199
1624
443
3390
353
1838
2281
3300
2548
1321
1800
3297
126
552
2227
1392
1574
3267
913
2334
1409
3005
291
1588
1888
617
3072
1199
1828
1034
2847
406
666
2988
3288
2574
1576
514
1956
1832
2329
2523
2270
2658
1119
190
2126
2366
914
2777
987
3218
2511
578
421
2408
2222
1154
247
1292
3066
2302
465
1173
1635
417
2946
2191
336
2393
2524
149
1425
426
1828
1076
3115
1170
297
2
897
3073
756
916
2753
109
1384
3129
425
690
227
2525
3205
2276
2609
3032
1803
2865
3084
3301
481
2873
2309
505
1880
3
2785
1027
2626
3312
533
1997
1630
1934
697
2454
1823
2999
3182
3355
2004
129
1683
1048
2664
2646
969
580
1065
3241
2575
3333
2772
1361
2618
62
807
2021
447
542
2828
54
282
765
3251
1151
3048
1207
1457
89
1098
1158
2733
585
2446
1946
1217
2490
334
1229
3264
2308
149
2754
3252
3371
3267
1622
821
622
2154
889
1680
2163
253
854
120
907
655
2444
3138
3396
130
815
2029
3385
578
2595
2167
1201
1946
162
1729
305
486
2702
686
1054
2376
258
2486
3188
610
434
1499
757
944
1148
3282
977
1462
1860
166
2908
1449
1441
878
804
381
2712
2568
2950
1926
2850
73
2942
2592
1604
2999
1988
1796
61
1969
2635
428
1154
2577
1821
1140
1064
441
3116
2589
1803
696
2131
629
2145
1162
137
2741
2149
2388
1770
881
61
808
3099
1928
1449
2867
138
3312
24
2784
29
727
1793
2838
1339
2488
1163
716
1073
1832
1226
1647
2814
502
596
2400
2912
1016
1024
2732
2677
1310
2944
2383
1401
1186
217
2454
2038
2346
819
2643
3273
2350
1717
3231
3011
2122
491
1906
1838
471
1088
599
1595
937
3351
1837
1461
787
1384
1895
2504
308
3128
1324
2698
1785
1204
1590
2607
2359
2757
252
1775
148
567
2555
316
2479
2744
754
2421
2657
2483
2121
305
299
2521
1725
50
1803
698
621
2579
1621
470
2611
845
1905
2122
344
1042
1684
2147
1475
2049
514
2647
1983
912
2208
2691
1136
1755
2027
3293
1004
825
227
1229
3076
2900
2178
36
1443
2191
606
59
1587
1287
733
2627
1929
2945
179
82
2454
667
560
65
2251
2382
2659
1173
2021
1341
3068
2871
2007
2992
1678
782
2907
46
517
159
506
1983
430
2892
751
2760
935
1107
3270
2446
1929
3118
2734
424
1991
2641
1357
1509
3129
3257
2974
2870
1782
526
690
815
2526
1083
850
559
2608
662
349
3072
1220
82
3388
2196
2698
3265
3161
53
1030
1668
2300
1100
538
582
2187
1267
972
2749
1188
2264
817
840
1800
2635
882
1743
942
1726
445
2964
1577
1924
2939
2499
2918
2544
2722
806
3312
2295
3093
3190
3175
152
2738
3166
1459
1937
580
132
3068
1702
666
511
270
199
2118
1381
2907
188
179
1766
2190
1669
721
513
2133
1536
735
1954
2293
1365
1301
1113
837
741
2385
797
3187
1577
2397
919
1946
2101
797
1612
558
829
599
1951
1132
621
3150
2065
2318
1250
889
2323
183
2641
1323
1375
3347
3204
999
1985
815
894
1492
1062
1136
3203
1362
953
766
3118
3086
3093
1621
955
2384
891
2841
765
1486
1083
2533
2503
1887
3333
2457
3082
2128
1098
2595
2003
2312
3395
1731
2665
1709
2674
424
1068
2659
3327
2134
1365
1483
1475
510
979
3126
1531
1143
1444
2108
301
2438
43
2762
279
3323
689
122
2707
214
1331
1999
367
868
1541
1789
682
1001
183
1
3280
1021
281
370
1349
1324
1542
888
959
2676
979
1197
2912
2640
751
1553
575
295
987
2238
1145
2149
2872
871
372
386
2974
3344
1639
838
543
774
1258
599
1280
1579
3065
1324
2584
1238
320
1607
2123
1308
1921
203
2126
2258
2947
1967
2150
169
1408
2915
1240
3201
1920
2211
3229
2872
2824
3081
2261
1842
2717
957
2721
1309
1964
810
3214
2388
73
1926
1181
996
3189
297
2224
3336
2395
3328
480
333
1895
3007
1961
1894
124
2897
2685
1616
1890
608
892
2136
2097
4
1508
1161
271
1814
2105
1500
3067
138
2492
1228
2683
175
2713
857
2321
1822
461
61
3022
1862
2454
3316
2435
1025
1423
1463
1360
832
901
1825
2448
2403
972
1632
2625
2844
1377
2597
2533
1759
559
2950
1815
1897
1446
2042
1695
1260
1736
25
1223
3192
537
2555
822
2587
435
1961
421
2968
2217
2501
2595
3285
1850
1771
1227
2936
422
2663
2382
2913
2285
2057
650
3331
503
398
1262
3377
2367
2947
1032
621
1358
3024
154
2312
1897
1566
2204
2265
2966
297
1098
3348
993
2356
2675
1585
3089
302
1458
210
121
1910
1646
2317
2404
149
1794
2595
1873
2106
53
368
4
2259
1812
2718
1916
325
3073
3
1505
2874
758
2078
1291
229
421
2353
332
1717
1250
586
3302
2122
1812
1077
2253
668
385
2178
2864
2314
2052
3310
1610
389
1356
2472
1325
643
2531
380
1443
395
37
810
2235
1149
3080
559
2918
747
3397
2573
131
2320
865
2903
1246
1914
890
1946
1378
3369
1841
3291
765
667
2405
904
2834
1390
2319
87
2536
2716
675
3397
1084
2295
3092
1230
2573
1321
2003
537
2592
2257
250
2509
597
271
995
972
3084
1515
880
1157
2831
2395
378
3202
2019
216
858
768
3218
712
1744
1773
126
3064
1043
2608
318
1854
3093
914
1436
285
331
440
2145
2772
313
2997
2906
522
2576
770
2011
1178
277
449
1321
1940
1532
817
1964
810
1089
243
1327
1569
3264
3064
937
1937
2527
921
2545
756
1051
2977
2172
797
3357
281
1899
3399
3165
845
2205
1694
718
2459
286
1759
627
730
1271
3210
1502
1760
2315
2068
764
1027
2553
2553
3132
1851
1833
1899
587
1970
918
2087
403
2037
2942
1853
3313
1135
1742
1352
297
3077
3013
412
1265
178
2187
2674
2894
2164
2714
1771
659
503
2723
107
3264
1539
2164
1503
749
1936
2078
677
3339
2088
1638
2866
2626
119
921
2922
62
1123
2813
783
774
2316
1598
2813
2330
433
1380
1533
78
1301
3353
761
3338
1763
1843
2671
2166
2955
1481
2362
2114
2782
867
2746
2010
3113
2209
1268
3188
1285
2487
857
565
619
2121
1161
2656
155
2075
3190
1488
1999
1704
877
1580
2889
1801
3396
1605
1950
2412
2154
1628
1921
1525
37
2298
828
2113
454
504
1230
87
448
3394
2227
376
2186
691
217
1003
2874
3347
1466
216
1104
1266
854
1970
3254
727
1271
515
2432
1575
3367
2974
1709
541
454
771
1900
1118
465
311
2276
941
166
3399
2995
2867
1793
470
3183
1028
2087
663
664
2832
1114
2546
2109
1016
1785
3021
1609
28
1933
265
1913
303
196
2206
1154
3387
1467
749
1929
2579
2784
2248
1384
1985
1022
2684
2680
96
2802
3353
165
688
2540
1862
2320
2908
88
1033
524
243
3010
3359
2947
2132
2959
1242
782
3286
745
2006
2935
857
2681
792
2696
112
2719
2800
3385
2209
984
677
2485
2209
2305
1422
399
1227
772
1195
1719
2490
2930
2782
2821
93
1656
1243
803
1905
2805
1784
2550
2868
565
2741
203
1256
822
1734
1570
2324
3139
668
2113
2284
3061
410
1163
1185
1233
802
1319
2025
2652
2678
1955
781
1676
2802
173
3116
2000
933
3301
1334
1271