6030
3947
5528
8591
3210
8661
6823
1826
4297
2574
7582
10185
9126
3375
5758
3604
4790
6075
3621
5330
3331
5442
5970
8049
4738
3561
1914
4617
7928
8868
8469
2799
5969
3234
6153
446
4452
2951
1438
7451
7030
4258
2796
9680
7152
8992
6662
8488
5848
132
4877
10006
1924
8367
2517
8708
7689
8715
5675
8727
4296
3621
5637
8552
5022
7536
6233
2892
9366
7755
8435
5718
609
9099
505
500
8201
2133
73
10020
7527
4642
8554
10267
4742
1391
4562
1151
1133
7344
901
9287
4050
1743
8565
1145
6409
1258
3021
7412
2888
5709
5579
8145
10042
7945
9035
4512
4465
9062
7103
3518
2522
4671
2479
8885
4330
5976
8024
2540
4997
10067
9456
9478
874
8497
8124
1379
3675
6155
8465
8078
5038
5830
1581
8078
298
6851
328
5780
2014
6807
1722
9380
180
4783
253
3231
4842
4339
4596
10068
3892
8558
9474
8778
9555
7234
6516
2453
5148
255
9767
5190
9171
1577
1286
10001
2791
4776
9744
4010
5481
2526
554
7318
4176
951
3244
1792
5200
4219
4873
9726
7164
100
2153
1153
7278
5844
2735
9388
3405
2760
791
2934
106
778
598
5230
7312
2940
3004
4722
6305
2070
5392
9410
7811
5942
2750
8187
5634
7808
9784
1992
8170
4568
7541
6402
8160
3550
206
9737
9188
6892
2901
501
2632
6178
702
9513
7660
7325
5639
4733
2678
1117
8202
8255
7010
4387
1951
2054
4215
160
9013
9682
2370
3309
5476
6623
9423
6912
10019
6298
5363
9228
2620
8903
3635
7623
9451
7154
5347
5776
824
4122
5489
3904
6372
1383
4941
2643
4769
372
8292
1830
648
3604
1458
1464
10219
5786
2474
7099
10238
9367
8956
5194
9085
309
6991
2582
9087
7672
5005
5853
4605
8504
10016
2211
8727
1980
8409
8534
5387
6096
443
8106
9614
6040
6755
8575
4009
8173
2920
4469
1877
9188
856
4143
8864
9651
6146
5729
7453
1224
5101
5602
5449
9117
2845
8162
5161
8000
8187
8353
10125
9450
9278
3892
2572
2759
5654
683
10201
8025
4017
3248
10037
8166
1199
610
3839
342
144
10095
2401
6926
2705
4580
8324
2769
650
7379
7736
4967
3646
6953
9235
6696
3678
1696
2816
1002
4725
6757
7198
2200
6831
372
1314
4409
6862
1423
2579
8682
592
4220
1959
778
10036
4933
10067
5435
698
1553
9003
3195
6407
8570
4903
1274
6274
918
2687
9846
6158
788
6793
1012
6139
4452
4334
8166
7097
6916
199
5654
3604
9561
1424
5785
7769
6702
4592
5857
4357
6560
4790
2527
450
9988
502
9211
6507
9113
7224
6342
8727
8660
3629
9811
1724
3893
4299
5867
2751
6238
3573
3497
5454
4232
4515
7542
1487
3622
8808
6680
7072
2093
3167
5758
9403
575
8458
6555
7727
2481
6855
8774
9388
3634
7413
4674
3098
2515
4898
8552
2016
44
6951
2413
4232
625
4548
10205
3146
3185
8103
9723
1669
9966
8704
4340
5154
5411
2132
7411
2753
8416
2070
2891
2166
8037
7396
1817
3648
7309
3617
7002
5060
6338
8972
2384
9524
556
3417
6176
9908
2060
1499
7637
5783
7113
1476
9098
1190
2085
3087
714
8624
2976
5157
4539
8980
3925
4202
2627
2615
8031
6413
478
2648
6573
10290
5314
2362
4144
6335
3445
9321
3667
8602
1552
7645
7380
8059
5488
826
3633
4318
5533
2803
7914
8677
9635
2170
109
5010
9103
5293
860
8619
3893
8428
6392
4944
8007
5332
1762
4743
3429
5655
7131
5307
6206
4703
2056
2372
5094
8877
3473
975
6192
9896
5268
5348
5175
9203
4244
5158
1075
6445
7023
8844
9627
4939
6701
5157
10294
7191
10062
7803
4129
6569
9964
5710
9153
9521
9371
870
5776
5825
3357
6928
695
5039
5767
1354
2022
5396
227
7106
4198
5907
8192
1181
5179
2554
9716
8531
267
372
6844
9978
8852
2512
8661
8510
4872
8988
2044
1919
10004
4174
2121
6602
6369
8433
2667
362
9985
3276
3980
7419
7589
427
4604
1686
5714
1955
1742
8335
3441
5782
7622
9351
9643
6458
3757
1038
8494
2514
4463
8515
971
684
8601
95
4437
5048
8057
6696
1639
5460
5706
378
38
8498
7871
8129
5372
1775
8248
9351
6921
4223
764
3115
4858
1515
5414
413
1898
9997
4007
10093
6100
5104
352
1067
2064
6185
5296
8651
1090
9264
10003
4055
9139
5725
9299
2001
1683
4971
4720
9132
5965
1863
674
9800
3648
10217
7700
6662
10270
2634
5930
7339
1971
1329
1233
10228
6851
5981
7851
5094
8931
8389
2820
6888
3318
9699
8992
8345
5781
8219
6294
6348
5315
9156
4140
10021
6802
5953
1226
5496
7274
1699
10168
1111
9618
1806
6494
6776
10057
4414
6191
2581
5430
9374
9635
1748
2947
10003
5650
2116
7986
8902
7023
2464
3127
4687
2142
10171
6797
3125
3355
8231
5081
1550
6852
2825
2987
6865
9322
9422
4407
3057
805
4376
9511
5800
10039
2489
5064
4134
6430
5664
659
160
2598
2950
1599
3017
5009
4370
6440
8390
8444
5588
5998
5757
3344
8848
9833
1041
7091
8347
5492
6952
4363
7514
3091
8705
2301
417
2349
10125
5156
3215
449
5596
8204
3243
1481
7263
5722
361
9420
2218
637
9687
8431
6134
4920
9484
8200
1365
8171
5963
3642
2585
7208
917
7402
2778
4967
5356
856
5870
4552
9580
896
1697
9691
6314
9647
1372
5801
784
3099
2389
6197
8713
9814
7795
5868
589
7942
518
1478
1051
6258
1296
3518
3763
7686
4379
5586
7854
8046
8485
8581
6854
5317
1550
8643
8264
5878
2770
2882
3456
44
7536
2882
10
4697
438
5733
4148
2176
8007
6104
4807
3577
6527
6860
3779
5896
6475
681
2150
7625
9669
8887
7430
1540
5695
5973
4167
9245
2627
1334
5799
9039
6946
8425
5540
5985
8708
3733
3972
10121
67
9910
7501
6214
1921
3689
7036
10006
7622
8951
2972
8072
1824
6903
4647
2946
1908
3205
2286
7911
9001
4029
274
8035
289
2608
9898
392
809
9977
7434
3557
4615
2187
189
4124
3029
6087
9573
7793
4011
9708
8726
7250
9817
7545
3760
6213
7231
9950
2134
1866
3860
4066
1717
9485
3317
9361
18
4208
1159
2953
10140
1195
3993
7
6646
3002
7999
7417
7213
9807
2985
4976
6228
5225
3873
2086
9695
2826
9789
4608
5923
8374
5029
9978
4334
6895
3836
6192
4603
5733
6558
348
360
3080
8034
9307
1327
9154
5392
1176
9848
5221
5823
10286
2909
2694
6
97
8245
8226
7682
3200
9290
958
10298
9448
1058
686
3838
3258
9822
536
6452
3339
828
8781
5876
4609
2976
5120
6539
5846
9492
5316
7148
4568
7325
1915
9769
10290
6016
2621
1619
5636
6656
6556
3155
9657
7762
7333
5279
3278
6272
1335
4106
7585
4899
4617
8883
877
3109
8064
6939
54
2504
5512
8878
6064
4997
8393
7804
1219
2653
6986
5305
9201
7499
6337
6452
8242
2252
5795
774
8186
654
3880
1448
7543
4070
7828
8902
9083
100
1075
2202
2288
168
7276
7188
9295
6822
4929
927
8930
968
3931
8032
3214
2137
4551
1206
8620
4156
2353
3233
8975
1886
6484
8103
2671
2512
8270
1250
4894
951
5470
3456
4791
3461
5964
9417
1879
3470
8928
8640
8131
5339
5665
7632
7175
8493
5310
5061
1749
1377
921
374
3238
9737
8014
9369
7685
9258
4681
3371
3117
6843
7445
9133
2594
620
1991
6914
3848
8302
6221
2221
961
5008
10290
1622
2697
2195
2473
10231
6819
3809
3359
1614
3990
2492
1859
8593
540
5973
10215
6957
2120
3448
9924
1879
9550
8741
9697
4550
7574
4485
9132
1832
6184
10033
1238
2160
5565
6805
3423
5360
4221
1016
1272
3990
6503
3575
610
8023
5324
9192
4426
8577
3595
2022
3100
2873
6237
968
3587
4273
6963
2040
7695
6451
1535
705
8498
4286
9639
196
5244
6803
9186
9823
8941
8918
788
7197
10240
2041
2027
8604
1493
6734
9856
4032
3912
2564
5813
4532
127
8132
2845
7763
2383
8782
9695
1693
8257
2885
4781
3042
390
3707
5992
9540
5114
1525
1237
3632
210
8228
8270
1544
10027
8890
62
6220
3396
4388
659
3694
2714
7190
6798
1939
8140
780
914
4434
1849
3506
1760
1443
5730
5170
359
213
3285
3142
254
4556
3137
8222
2474
1733
2298
1049
8031
6504
8035
6812
1629
9566
3842
926
2047
2456
3920
6195
9700
8787
878
6712
9999
9355
1484
7983
6301
7832
3861
2779
6738
1477
5605
10031
21
6392
9795
579
6694
6810
1101
7059
926
9520
10281
3237
8360
5316
9651
5177
6815
2024
2448
1552
4458
1683
1012
3485
5679
9570
7443
9783
5522
10064
7478
1622
327
1858
5625
6327
1876
10280
5328
10231
10186
9669
7416
8344
3654
5386
1599
7402
864
7817
8183
5550
9960
10004
8845
8543
7326
2806
5538
1190
1330
5922
2823
9405
8530
9668
3068
119
7913
8878
2602
232
9051
1655
4044
469
3532
3483
2323
2620
2177
4512
2792
1429
2972
8251
6817
286
4680
2603
8481
4992
626
2482
450
9021
6634
10167
4529
6520
268
8904
6036
7668
1753
9639
3576
2597
8079
9720
8844
2972
7882
4070
9216
463
7195
6621
5734
5100
5340
4545
6071
3357
3068
8473
5868
5340
1354
3203
8010
7014
2086
2756
2505
1917
4447
5059
639
1183
6532
4132
498
4904
7995
9787
1723
3002
8962
922
2610
8067
2810
6778
9967
8132
5748
2977
5149
73
3976
4633
9054
6259
7069
1199
7101
10060
2277
7474
2541
7423
1089
2138
8766
3898
2400
4342
5544
189
6821
296
10091
6089
3373
8949
4758
679
5747
1922
1994
655
9610
5882
3333
1092
6759
5480
7292
4496
8103
955
3485
115
4807
280
4428
851
1833
9743
9955
1286
9632
591
5471
2882
2769
3534
3293
7129
6328
5279
5680
1596
2837
9431
68
3559
6945
4348
8157
3986
4622
4353
4966
2499
4378
866
6749
8824
3927
5467
6273
8333
6255
5089
10112
4441
9997
2607
8136
7023
4956
6661
4355
8283
5193
1695
8814
5590
8700
10298
2999
6561
5811
105
8732
6451
6918
5025
8742
9216
1530
4396
2507
2311
8160
6070
1749
1408
8449
2144
9962
1101
1624
2480
8535
631
6962
8296
2334
9539
316
1027
1550
1031
7278
3634
4157
7876
8009
6125
812
4569
1959
4721
7634
7840
8088
5569
1924
2303
3319
6533
3958
1357
5896
9399
9209
2608
3604
6871
9247
4012
2762
4950
1397
3267
889
7366
6861
7980
9221
8156
9694
7081
2119
747
9109
4649
8527
1893
3089
5122
2333
3560
9839
7584
6802
1843
9414
3831
544
4114
4736
8259
7143
6240
1447
110
6905
1090
9275
7712
10022
9983
4654
8131
169
6943
9274
5408
372
7486
330
5409
1010
5659
2724
7026
10082
10176
4360
3610
749
10266
1038
7088
6624
6319
1427
1488
6717
5637
2114
7155
8969
6824
8864
1232
9554
6496
6303
1187
8769
5459
5483
1039
8375
2534
99
3399
2767
2986
8770
4311
10224
499
3633
2717
3045
7085
8957
9895
6196
9557
4982
1764
6605
5835
9412
2199
7851
5236
7983
9073
6360
5002
2164
10278
1760
7730
8404
2925
8061
6927
7464
755
6908
7791
6269
6627
4677
895
7070
1400
614
5819
4446
5348
4120
6113
3743
9892
1793
6921
1388
1518
4719
8629
318
5874
3200
1763
5159
2548
1317
7618
4575
8755
8096
2374
1455
9054
9728
6562
6783
7903
2935
3256
6317
7426
4289
8127
3796
3043
2415
1281
6370
2316
9699
5266
2418
2772
3585
2340
7296
10295
10082
8798
78
8902
3751
1083
4508
8525
3513
3948
2934
8285
706
2480
6118
7789
510
3305
8664
6176
8141
6336
338
5736
4388
9792
1896
5927
7112
4876
7878
4273
6520
262
7331
4722
731
1037
7390
1957
5044
2948
8418
1737
1966
6619
8927
1564
8997
2450
1555
5615
4538
3862
387
977
7089
7315
6244
2691
7544
7564
3143
9316
10171
5159
2479
6028
7936
1871
2192
1743
4764
653
5000
946
2324
9386
5569
3159
9831
2646
7963
4245
8392
8507
10108
9939
8004
663
4207
7182
6528
3662
10046
7426
7767
2790
8008
9202
1442
7225
4929
6688
3711
6131
2985
3152
5810
5103
4873
10250
121
10298
5292
3144
9307
3941
5379
6048
2803
8572
10086
2135
1501
6547
5630
10052
9819
1116
6759
9785
8097
9582
6469
924
360
4866
7082
9310
3161
9466
5058
1809
4540
1192
8856
6278
5737
1131
2053
2791
6511
8253
4333
1891
426
5825
4714
3499
7116
4215
6937
5883
6555
5703
9893
9956
9621
6440
5002
9140
326
3161
2599
9247
5499
3151
3214
376
6716
2940
4711
2108
9480
1642
8610
9585
298
157
927
3689
5552
5865
4119
9911
1949
2468
5067
3493
3128
8810
9835
960
4436
10033
5138
5007
5407
4308
5901
3371
1591
3698
3197
2135
306
6383
955
5149
3578
1514
2287
1040
9962
6860
8869
3494
6505
2956
514
5788
3586
9158
5641
1817
3632
6221
4336
6799
405
4427
4744
4447
3662
1957
9475
6368
4669
4761
9378
5438
8748
2399
9595
7687
3983
6781
737
7072
5176
3901
5513
9976
9425
3832
2784
2048
3476
5443
4674
378
2573
9903
2936
7290
9359
674
4299
10090
8584
5314
4110
7742
4796
6648
9887
9219
9003
6937
9871
6958
6082
5903
6135
2081
7604
3244
3972
2470
176
8384
857
9265
958
7819
767
7441
9881
352
10130
8541
1369
6774
2994
2273
631
3451
3761
4345
3269
8663
10079
907
3320
1324
302
6050
1220
5437
7290
1095
8999
1302
1662
4189
5322
6541
10189
5070
7612
7635
2877
7392
3602
6189
6949
2420
9698
638
9560
2272
5561
5665
8950
6799
4402
4914
9819
574
8869
7980
6487
2542
173
4516
5057
5984
9182
8485
4107
358
4712
2948
7892
7113
7576
6504
46
9744
293
8559
4366
8248
3048
4535
4854
9723
8979
5409
1036
2704
7722
6825
8815
5187
2279
6652
4445
8830
7916
2085
4328
1053
1456
824
1698
6626
9462
8178
244
8863
76
10184
3853
3789
845
149
2777
4940
4516
7186
6045
228
740
9180
8754
6345
784
7445
354
1862
332
4826
7489
8559
4098
2374
8338
5116
2147
10025
4639
2628
8007
1976
4890
10189
5444
5155
846
1354
8767
6427
1604
7444
891
5919
4425
820
5949
9867
1837
6828
4424
8751
811
9923
7301
21
6967
7769
10188
3954
8593
9448
8623
6147
1440
4658
9982
618
3640
9718
7324
6111
7282
5294
9775
3491
3401
5754
4159
6509
8790
8838
8988
9852
4394
1117
3056
2797
355
7359
8346
9018
10215
662
4075
5539
4128
3479
7958
6085
4313
1080
5764
6466
277
281
1183
7597
5406
3838
8903
9758
10237
5421
2408
6168
8931
7568
9313
5697
5754
1591
3473
394
2813
1846
6058
8445
3920
1170
4457
4369
1965
581
1619
8920
2861
6955
9290
1878
3561
9954
6803
7132
5324
6972
1218
3693
1419
6022
5667
3074
6052
6259
2748
6859
4678
3317
9972
7866
5496
229
7156
8444
7339
4285
3790
345
5046
7241
1730
4212
1803
2401
1456
6302
3517
2401
1927
3434
855
10187
6498
2272
3307
9663
8814
826
4078
1027
8633
4874
5644
2699
3556
8953
792
1931
3843
6987
10220
3836
4624
7359
9149
4840
9166
6336
9668
8368
3398
3577
4238
2066
7787
6501
4
8602
721
5404
6968
4547
1829
4236
4911
2713
10122
10013
5878
3781
4067
8997
2812
6216
5444
412
3248
4308
2399
3758
8310
5559
7626
1860
6269
1312
1810
1626
7894
6693
5142
552
1454
9264
3487
5914
10230
1929
5183
4508
5404
7167
4027
203
3191
8137
9268
8223
7508
3978
7653
3593
1654
3647
7103
9588
9288
4533
2004
1261
8870
7144
5329
4572
9831
273
4465
919
5693
1998
5683
4786
7081
5943
999
4872
104
9006
8099
2791
8743
9943
863
7440
2785
3001
5726
5868
2352
7120
6815
1440
216
5710
1638
6360
5898
2329
4151
7909
4222
10157
6734
4983
6128
748
8632
5390
344
298
1628
3994
8660
4974
6393
2515
9028
1987
2145
8009
9030
5671
7592
1638
8927
10024
6776
5230
1896
9845
1844
4921
4738
10144
4371
8123
9446
6517
287
479
5985
10223
10013
4800
8414
9541
10023
2582
1842
8563
6677
2225
5053
3586
6309
1695
5553
9595
10244
9924
10106
9192
5316
2722
7930
8088
6070
9743
4216
6171
5367
753
8448
349
608
9709
6274
212
6427
9845
4454
9820
4824
3384
5550
9745
4370
868
7630
3876
2726
9302
322
5795
7
6160
1087
8275
3171
6865
1204
6232
2553
4368
3363
4796
1159
7569
6732
3053
1749
4618
5626
2189
19
7732
2895
4448
9972
7042
6103
1246
9307
9103
8445
9231
7812
425
6775
7254
1387
6668
6692
7389
2349
923
8629
3205
5193
7188
2383
8487
5282
8810
7297
797
373
8406
9342
9549
1695
6021
2040
1972
1453
9630
6946
2840
9374
2530
3221
1697
4575
4521
273
5838
7423
3022
9280
8378
3516
10178
536
481
5238
8108
8827
5311
565
7935
3303
7187
3115
356
9379
6316
8123
9704
5963
6445
5333
10176
2250
4995
9537
5738
1433
3827
1979
6218
3326
1892
4862
4288
5822
9137
80
291
4990
6530
3778
818
554
6295
8058
986
2726
4718
2734
4552
7276
5040
332
2588
1094
8520
7054
5260
4839
4219
4525
7664
3603
7578
6180
8024
2445
7303
4439
4801
2753
9045
2421
8263
6795
3970
9627
4808
8687
6938
4764
876
5246
4235
318
1307
3110
4169
1475
7587
8516
3126
2409
239
6857
10095
644
619
5677
5203
2674
602
8319
6213
10242
4885
7310
5975
8160
1179
4687
38
9706
8091
8279
6695
617
7713
2867
7197
7917
4523
9661
7251
8240
4196
10133
5892
3160
4300
10216
8022
3261
1427
5331
1914
7933
3741
8489
5702
9049
1021
4780
237
4177
10187
441
320
7183
7737
1892
6287
8330
207
5547
8161
9604
8138
1059
3768
3702
4213
3460
7392
9318
8085
8224
7145
8437
174
380
9993
3953
8063
9261
1674
6311
2725
10145
3256
4961
8757
7141
7951
900
6771
4456
74
3207
2900
8706
3985
1227
9542
5022
7186
3865
3065
6925
3380
8867
6893
86
7150
7242
7806
7289
8223
8461
8374
4688
2459
2647
5990
3232
5578
4287
9705
4368
104
6464
8380
7108
2727
5307
5887
1068
2652
2798
6414
4956
1883
9689
2419
886
5646
8215
1340
3726
8828
6979
8993
7004
7090
8847
8037
28
7173
703
7599
2990
9629
2200
7801
8435
7751
2243
2433
2095
6139
8704
5622
8619
3063
8903
8307
8725
4869
8960
1235
5184
2673
5644
5810
5873
3902
6712
9744
7024
6658
8578
9887
5798
7792
6387
1928
3706
940
1878
4140
9125
3369
5679
785
4615
5320
8130
1734
869
9427
8052
7008
7220
3609
9134
1901
6122
6752
8641
7710
6985
2089
9290
5287
9998
8874
8333
7172
2319
2138
723
5960
7651
3908
6950
7938
5493
9399
5501
8958
8158
9340
3467
8709
5087
7724
8388
341
5763
2452
573
800
9908
5470
6350
150
4776
9823
4573
8273
8090
6924
1133
3865
1378
3871
5089
108
5122
7291
3684
3454
4110
5563
6635
1395
8822
2667
5548
6159
6961
4207
3697
6411
1092
5458
6833
750
3185
1120
7250
9027
1243
8262
1279
8442
7286
1094
1083
2268
5567
7253
6700
7490
1408
7389
5397
9019
10086
6415
4099
6292
4762
2673
3950
7994
7665
5357
6606
815
7250
4502
5034
314
6939
2411
2235
7604
7153
6900
9807
1751
4750
2338
4142
6127
7085
9038
3513
4167
5372
2137
4413
4531
828
158
7738
8441
1117
4966
7313
7900
6471
8738
583
98
5238
771
9596
3908
8716
1617
3151
1304
4220
8082
1990
1812
8239
8665
4350
9087
7028
8881
8809
6445
5480
1352
3946
9209
4570
209
2715
4682
5795
4053
1054
9112
10173
1652
3454
9489
1653
2557
5632
603
7740
5400
9410
2938
8869
7667
5833
653
9471
567
2861
754
70
2573
9382
1351
3862
5982
8258
7254
548
9013
2147
651
10257
470
3222
5948
1477
3953
7679
1989
3806
3245
4725
6489
7254
5460
1426
680
6112
2957
1475
930
5287
6741
441
8274
7780
3488
6363
3262
944
2238
7302
7620
3108
5043
4038
5025
7948
309
2716
4646
6626
4600
9167
2748
183
400
5381
3036
9063
3905
4879
7375
3633
1392
3908
8045
9463
3746
2736
832
6828
5047
5220
9111
433
8190
2215
3890
7046
3650
2374
391
7597
7746
2380
8841
4627
6658
6466
7098
1728
1551
2704
2695
5066
3938
5300
7126
9795
3378
5569
2734
4450
2675
5038
4370
3824
4106
4597
9392
487
1651
6864
6805
1138
8770
3648
5517
3578
3608
1311
5928
5463
7478
2869
2347
9329
2088
5801
1126
4953
3109
8808
9163
4593
6423
3083
5381
5526
7096
9249
2098
4910
4827
8571
10271
6776
8031
8182
5507
6368
1653
308
388
588
5107
5587
6037
6570
892
6516
10136
148
4760
2815
368
8120
3806
2186
1747
3214
9713
8462
5297
1131
7559
4374
8298
7925
6497
5042
872
420
2208
8239
893
1373
7466
3013
847
1334
3763
407
2937
3460
5020
5928
1181
7493
2921
1397
6404
6374
3091
5571
1971
3837
5743
5765
3414
7612
4808
1384
1673
7265
8260
9118
9709
4621
1230
7870
4714
3597
1272
5708
8481
8249
7661
7054
4942
6767
3697
1113
1325
5303
4297
7323
6606
4135
1364
1188
4607
1116
577
4867
466
1391
532
4278
3533
9378
9732
6439
7401
1706
2875
3193
6660
2014
7087
5763
8756
5997
1545
3526
6874
5863
2857
8033
5589
5434
437
9992
869
1533
4165
7140
2051
5043
2275
6119
9570
1091
3660
1837
8885
6106
9011
9035
2197
256
2133
4928
4801
4516
6049
6525
8642
2683
308
1692
4931
5848
9703
5975
8985
9355
50
6413
7102
8461
4792
6309
482
4073
4062
6567
5939
267
201
1645
1504
508
1756
5044
2506
1935
9739
2943
4891
5034
7779
9622
4381
41
9510
312
3474
1822
2072
4826
6768
506
7676
1659
8921
7701
7220
9472
7991
2352
5314
7383
9294
8116
1263
770
1765
654
5791
1995
333
6150
5898
3044
7716
5794
9141
4861
1203
4867
5630
2790
57
9342
6944
993
3762
5065
8710
7619
9771
941
8985
9540
5422
2910
9193
15
10236
600
5107
9325
283
991
3816
9594
8172
6184
2025
8823
6392
1765
5499
415
1197
6095
4569
3256
1768
9780
9011
6298
5804
3262
6335
649
9070
6220
8396
7724
4436
7223
6819
7406
6283
2182
5608
8833
1155
4759
5300
9090
3734
5059
3821
10097
9283
3415
9397
6250
6202
9096
1270
3049
6568
7490
2788
2576
1827
9993
4390
9115
4103
8367
8693
3919
5593
6779
1552
7282
10074
6859
9205
6975
427
1824
7045
1198
95
7125
8273
9950
8323
7087
6788
8518
6212
995
3435
2220
2331
8361
1684
7051
8811
3478
5526
8850
5727
2289
3765
8142
532
7478
1601
5965
3323
3589
433
4769
2430
5048
7717
734
8169
6909
6288
2639
7784
3511
4656
8167
7488
5791
8317
1185
1460
10206
878
1433
7147
9568
437
9405
3563
5058
2144
9869
8703
9055
2680
2908
4176
4796
1067
6308
4478
9913
2918
8735
6744
6562
6230
4046
8802
556
6840
10215
5184
8210
7782
9987
8611
5678
5199
6522
1936
6859
8479
3244
3942
602
9766
8212
188
1699
9447
4018
8563
270
6046
732
7240
1430
5226
8003
9547
4475
606
2935
8115
9608
1826
2286
9420
5515
1488
5216
4454
382
6912
8692
2576
3807
930
5696
7845
8625
9597
2634
4625
6381
6073
10046
9222
5305
1623
6691
4723
397
2590
4579
4427
10138
6703
5240
1646
2797
1133
5319
7250
9193
2764
4728
3803
3956
1579
2666
4044
7738
4362
6233
4850
6592
10173
8171
4372
9052
6465
337
6777
7774
313
5254
1735
4714
3062
7073
166
3384
8008
7000
3672
5031
2702
1939
7044
6169
7335
3030
1983
4288
1737
2243
5267
313
6828
532
2679
4659
7344
4398
2070
7101
2720
7878
6279
3107
5510
1582
7094
83
8419
115
7141
1373
7909
8567
114
148
719
2133
4175
3030
1835
6025
7848
238
7996
1253
2949
6865
3961
1079
2414
2107
9181
2172
7530
3751
1086
3726
7022
6759
1254
3144
3062
3668
10174
8680
2932
7883
7443
2987
7924
466
4215
4185
5741
4019
547
7711
7026
8844
845
4672
7332
5998
7882
7670
8499
1618
6424
4796
10242
9757
4603
1350
6806
138
2883
5022
2002
8673
3542
5969
3527
958
7191
2557
2784
4853
3234
6595
4520
9451
6315
9008
23
6753
2763
6308
1269
5036
6438
7946
4108
7546
3448
1057
392
4727
4590
3499
1366
7244
9703
134
5726
8581
3708
686
10018
5336
4329
5602
4291
3985
2438
4436
1270
6322
5229
2778
9222
3804
2595
4850
5951
7358
10256
3035
3430
2417
5201
6601
6202
7755
3031
4112
7410
7483
4770
3709
5569
7672
6368
7494
2633
5680
10190
4587
7839
9104
8913
138
9079
782
8924
7804
5416
7445
5122
9600
9562
1066
7220
8389
1423
9510
1469
2927
4688
4563
756
6726
5791
7457
1199
6818
1381
1106
7813
2717
6709
5947
5666
1230
2983
6049
4911
9605
8756
7253
5594
2962
2359
1372
8325
399
5826
10249
1845
5269
6815
2815
2781
1258
9293
6935
9090
4475
3203
4093
6057
5547
6786
4571
780
2915
9151
4318
3049
5094
93
3860
529
6073
416
4342
3483
6561
7928
9699
4683
5483
866
5212
3347
4417
4650
1038
6535
717
5780
8581
2528
2884
6710
9114
8368
5972
5493
4160
46
8808
423
348
7356
2519
2651
3721
1567
2823
632
2883
6942
4117
4008
8444
1415
3717
4494
5694
2997
1672
10066
8934
4541
7530
2532
7346
3400
4981
8995
8332
1491
4318
8235
4403
2421
336
1516
5989
2000
5521
7995
2433
553
1359
4577
5919
7392
9306
5427
2505
8738
5821
2450
1838
1687
3514
8657
7642
4351
6923
1226
9355
429
174
252
3789
7927
460
547
2552
1729
2135
4416
6839
9799
1440
3115
10189
5366
9691
3092
7184
5314
6845
6404
785
4849
1511
5971
10229
2694
3787
879
8338
1336
9992
1543
4574
8106
2177
1905
4733
7271
9083
3161
1028
9774
1991
1981
6169
6931
6043
4891
3161
9030
8750
8230
802
673
9519
5651
6833
6500
5268
8561
2925
2825
6927
8930
36
3039
968
7993
5271
10073
2554
2889
1209
2020
1062
10286
366
6555
5109
7182
8294
7681
8342
6517
653
2858
1062
6140
9827
5620
9177
5962
7360
8319
3695
7813
4860
2525
3458
3502
4011
8875
7384
1418
2786
3170
8540
1049
2136
3102
6417
2835
7186
8337
9463
389
9578
5191
7048
8422
7047
3623
3384
191
7764
957
617
192
6531
775
2459
4437
4833
5098
8868
199
2055
8870
4818
10239
4535
3930
4734
5297
8222
9732
8272
8346
7797
3419
4268
1597
10241
8992
2501
5974
1259
7538
396
10204
4805
5059
3619
7454
135
7494
6794
3091
4620
4792
3644
3073
9881
8424
4851
9790
7550
8626
298
9736
3692
3882
5231
1896
7044
377
4353
9075
472
2175
7831
8982
8006
9514
8792
5186
1296
10186
2384
5334
3416
2825
8802
2333
9444
6126
4250
5435
9709
5247
1810
7807
448
3806
9875
1950
6947
3036
6888
102
6405
3210
9623
817
7064
7368
700
10219
7724
7038
609
9485
7730
5996
6156
7973
5103
2628
161
6008
6220
5037
6584
5822
4792
10249
8912
9001
5970
8033
4144
1431
4643
4259
6460
1266
9499
1305
2438
7022
8436
2500
189
5453
7343
7657
3576
6733
3809
1469
1195
2237
6246
4269
2216
9657
3180
5282
307
5700
7219
8090
9764
6994
5762
5231
1835
10223
7114
5683
1563
1813
7031
8350
534
4490
5975
9903
1888
2393
87
9492
3737
6898
3481
3990
628
9085
3450
6095
6530
1542
7869
4598
1486
3707
5564
5487
1527
5168
6204
8814
5048
4587
8892
9028
324
8197
3039
5284
3290
9462
6153
1065
3652
3297
3510
7195
3098
9512
6054
246
7335
7883
4884
6716
3486
4342
2993
3906
7507
961
3636
10241
8996
7142
3130
3989
974
4722
8456
525
1930
3309
1945
2290
7724
4392
8132
5362
2825
1059
9820
5212
5567
7025
6313
5568
663
5666
5518
4562
8073
3199
7854
7367
8792
2683
4186
7805
518
4983
6945
1795
7558
9981
8122
9130
25
7907
2861
6194
3536
1246
6030
851
5071
6704
9289
3333
7183
10164
6950
3007
10217
2400
7896
4831
121
4576
7646
4531
3386
9728
3960
556
9725
9440
1732
9831
8528
3996
9332
1533
691
9972
7271
4534
5331
4444
5910
4631
5315
5213
2331
8919
3169
2775
6917
4617
809
8209
4353
1686
7420
3071
8008
9526
698
3724
8821
6680
7383
1289
2046
3321
5807
5384
9734
1693
4109
5897
7791
2679
590
8761
6820
6261
1127
4477
3276
2346
4127
2348
4811
8356
6421
1212
3899
8577
957
3086
6109
6500
2024
8765
4993
1906
9262
5551
1758
8709
6442
8836
4001
5293
2665
8594
512
8184
7272
8611
6596
8313
1914
8189
967
7188
5891
1047
3426
837
6936
4325
8221
5138
7828
2741
8086
8579
6898
1472
7428
275
833
2768
5305
3830
4478
3646
9136
1920
4043
10084
7187
8894
1296
8428
405
232
1221
4342
7733
6964
1266
8610
6314
7097
6914
2298
933
7396
4075
3843
2045
4100
6471
6525
6161
2209
8536
2920
1289
10040
2759
5427
4867
8340
4909
5894
7548
8141
2550
6049
7417
9883
7147
3203
3408
9024
1204
477
5767
9100
4181
9276
6736
827
6697
2200
5258
3427
5660
5602
8674
7339
2969
5149
5579
4295
2120
7145
6584
8601
10121
9703
7838
3737
2804
4580
9745
9212
2573
5924
8606
3144
1087
8070
7115
9852
3141
3765
1566
4500
9782
1670
7161
6997
10223
777
5141
4646
9761
4194
7636
2498
5780
3505
2388
1463
6772
2719
9909
6401
6483
8462
4931
7935
1647
7460
1869
2124
3885
4456
4415
5911
10006
5248
9489
8062
9108
7985
749
3808
2943
9520
9685
9042
8089
3258
560
8512
9284
9290
8918
641
4291
6496
8848
1412
1354
5074
9592
1763
9275
7391
7989
3370
511
10296
174
560
3325
9231
9767
3644
6526
9075
3299
1390
6095
10080
5475
5225
190
3683
1911
6585
1552
1340
9333
9360
4681
9417
1183
7377
2630
371
7247
4194
3578
5981
9235
141
5481
468
3603
7484
7555
7550
4998
9852
4678
5668
1859
6530
8761
6368
8820
7655
5594
4078
6284
8818
8907
5165
10225
7835
4450
4927
6704
4753
6310
7828
4067
2675
9151
8454
176
6356
8622
4018
5636
9435
3689
3560
4009
9049
9013
6519
9063
1745
6424
7501
6408
8246
1201
7748
7599
7772
9319
7425
3171
9167
5540
3221
5227
6544
7962
8879
9441
5040
3416
8804
7055
10171
9885
5714
3516
903
9717
5048
8640
8877
514
3548
8935
1948
2761
2431
9081
9730
7975
3078
6168
4333
2596
8959
7322
2802
6171
7074
643
1337
2870
587
2825
3991
8662
9824
5490
2429
3763
2858
3167
9159
3603
9093
1727
7788
9229
5595
661
6829
3548
2669
5882
3863
6625
7824
2907
6787
4039
5850
1959
7949
5205
5039
9019
5102
7563
4402
6213
998
4350
6723
6719
4672
8005
2050
6203
3696
8507
1990
5892
5152
6521
8298
2660
4509
5503
1513
9172
9876
7310
8301
9339
9844
734
7574
9060
6186
3364
6970
4330
10020
9495
3389
9207
4644
857
10033
1742
9886
729
8486
17
6623
455
6324
1139
5161
6743
6056
9693
3302
8552
690
4828
3228
1832
10248
799
9718
8213
3097
9504
2736
8894
4899
4824
6434
879
5096
3965
10243
414
9469
6757
9048
7457
7686
199
2419
4902
9402
2923
8
9556
4389
7600
6730
1108
7836
2789
3684
4250
4879
5188
6664
1964
7467
3378
6043
6290
2421
4385
6023
2564
6930
4446
1505
6856
7000
2727
505
9215
6452
5194
1116
4981
1034
6183
7574
9496
6416
5291
3485
5410
7926
6412
3728
8004
2277
1058
7758
1337
6564
3283
9463
1626
6562
6384
3152
2298
4607
2541
6438
6347
4976
9853
1727
6084
3228
4953
7704
840
4044
6088
2550
4785
6214
2383
8806
9361
9583
2725
1370
2484
4829
9239
1757
132
9865
7190
6514
9469
7499
7333
726
3838
5906
3948
4778
8291
650
7568
6312
2763
3474
7279
2296
7237
2397
7701
4457
352
6781
5253
2928
2952
5630
9917
2785
9437
8520
10189
7582
614
4139
9062
2653
749
9640
2485
2284
8072
6671
1983
29
8136
2599
7662
2775
422
2616
4711
9197
5492
4013
8115
247
4942
1185
9761
5876
9949
2940
7594
5819
6222
3548
9196
9426
582
6769
579
7717
8960
5280
1639
9648
7208
9657
7813
5135
2677
9946
2816
10155
4346
1486
5195
3166
1709
9254
5812
9935
7866
1792
8991
4546
8279
974
3610
6794
1438
7665
6827
4556
8811
2970
4458
5567
8263
2968
2034
9019
4919
5353
9839
6239
8950
140
6258
3698
6464
6429
5645
3882
107
787
3468
4516
4439
5816
5274
4130
9597
7678
3151
5769
3660
10014
9246
2123
326
2550
5946
4909
4706
2124
644
6743
7514
3776
10085
1848
2185
1324
2931
8370
1430
5173
6819
2409
187
253
5813
3865
2180
9843
10066
10192
1871
8025
7505
3427
2840
2834
3981
1462
3312
1654
6544
3460
3142
6710
10249
9525
2030
818
5812
7254
847
6780
200
242
7326
10262
6922
7902
6718
8029
6300
5217
8602
6607
3968
7916
2142
7728
7954
3252
5644
4029
6600
7322
7181
3649
2519
8439
1949
1778
5107
4809
1421
4049
109
4629
984
711
7982
5987
9123
2014
1849
522
4900
4573
5933
6971
986
3558
5066
3642
3205
7574
6441
4327
3286
9000
9770
3826
4103
10199
8045
9932
4312
2952
6152
359
3315
952
5632
1843
3377
9506
2486
253
4882
7044
639
2700
8901
2349
5060
8862
866
9986
3110
9872
528
6214
6078
9290
7439
8271
7625
6544
8196
9857
2189
5504
5312
9687
2756
10064
816
1807
9785
772
5482
4158
6490
4346
4543
1409
9434
9233
1391
1886
9757
833
1530
3820
7091
3028
40
4003
5298
9912
8831
6543
3067
5665
4819
3724
6256
5754
1207
6366
7700
9545
4279
9122
3985
4221
4846
2616
10080
552
2571
3411
1635
9184
29
743
260
2867
3314
1240
7465
6538
2064
6196
8097
6053
2796
7091
228
7858
3534
3556
9258
1990
2353
9022
9770
8325
797
5907
2411
3841
2327
6363
5885
3192
6386
120
8730
6261
8587
1380
5935
8002
84
6124
10195
4969
7810
4563
4121
3732
218
5210
3352
7002
9499
8848
6867
7762
1076
1769
916
1571
5724
7687
3273
10232
4358
9162
6104
1315
3666
9144
5830
4722
7696
7067
4423
8148
5147
5959
4089
1297
6820
4084
7922
2952
8055
4326
6110
4031
8023
1569
1719
1949
2850
9520
6696
9429
6013
9712
726
9538
306
5799
3063
1081
10294
5532
5593
8023
7134
4280
5914
4831
181
14
782
8745
4338
3389
3794
5758
7927
9341
4691
10056
2945
8806
6180
3989
3558
8199
2227
5661
3098
7330
7229
9198
2899
6715
2021
2997
293
2180
6380
7467
5431
5098
3590
7710
1587
5576
4692
7632
7109
2914
9713
7293
2799
6692
9612
4098
2312
7167
8561
8536
4277
2046
5922
5012
6595
6162
10245
3431
4830
6642
5407
3143
2017
9524
3918
5225
2373
7318
1786
3416
6901
5657
9181
5663
5523
7036
1685
5226
3914
8081
562
1637
2977
1319
9187
5920
4627
6064
2508
27
10259
3375
2307
374
5379
10261
9924
9675
1494
6010
9863
9632
8858
4597
4620
7994
4830
4691
4560
349
7026
7466
344
7164
9886
9871
1891
7781
4534
2636
8057
2620
7512
4534
4916
9173
1880
4360
3962
67
6668
6294
9655
8594
6200
1755
9459
595
8321
8770
8610
8207
4717
6361
588
4746
9269
7153
5640
6260
5344
9469
2654
6671
4730
9869
6244
7649
4186
9051
7164
1574
5820
4063
5281
7212
9959
3705
6989
8026
194
2844
3632
7748
7061
1489
6640
3010
10203
2470
4150
9813
1648
3443
8421
3909
9525
9534
8010
8763
1574
1977
10154
4975
3944
251
9154
9447
5460
9931
5291
635
5892
1636
6003
3785
4494
8183
2712
10087
10090
7254
6849
5367
9239
3084
4755
7655
5026
6205
746
6060
7741
2859
7872
2343
4845
2857
4527
6333
4079
8792
3813
3916
2827
7725
6424
10047
9191
7573
2835
852
1490
4801
3881
7706
195
921
3505
2261
9840
479
5076
1207
999
149
2627
2468
110
5031
4961
875
4833
9275
8183
2838
2954
4941
150
1136
973
7171
9757
5422
2042
2619
1894
4650
6147
870
7033
4552
4295
2529
7065
1108
2129
651
5053
4794
4441
10100
6849
1594
7977
1143
2773
9722
9332
594
348
1446
3577
831
1584
4260
5777
6364
5361
3276
7009
469
1590
6301
8790
4610
7064
9471
8939
2676
9097
754
2576
3472
7901
3997
3017
1635
3670
4596
3806
5871
871
8019
4681
10223
10035
5194
5769
8762
10179
5070
8333
6425
3363
8388
8431
8498
7743
50
1263
5617
8112
1894
1675
298
2777
3005
7228
8095
7721
107
5279
2562
6161
9856
7523
3687
2274
6723
1727
7076
4703
4353
6761
9064
7806
2533
922
1798
2811
3298
7044
8543
5269
1893
8108
2879
6244
1359
7021
8522
9552
8638
9190
9535
2080
5328
3363
3045
365
4090
1798
5626
3137
429
8226
696
9367
7292
2637
2819
2576
113
7877
9617
5941
2701
7735
3293
2962
5595
2149
2344
8806
10189
6917
8497
5291
6613
1264
9282
9482
959
6324
450
6275
2290
4997
1052
2726
5985
9572
958
4144
9979
3790
342
1679
3176
2441
5434
3577
4525
2762
3473
5034
5393
3906
3064
4074
4742
9163
3848
10134
8021
3720
2789
1399
9848
385
5087
3024
2620
9427
983
3775
9873
8941
535
8933
9686
785
8003
3963
333
8481
626
9237
4763
2581
8134
7179
5610
904
5513
6628
9374
4031
5021
7533
2288
7098
9617
9283
6053
6268
9922
1959
4636
675
2333
3836
4345
7277
4906
9458
1582
9955
1499
3337
6931
5136
124
2783
9776
5135
2493
5196
7571
7516
502
5457
6568
5949
5179
6462
4573
2152
8114
3787
942
8340
5405
2862
2391
1329
8401
9650
6411
44
6727
1930
237
4466
4285
9428
3818
4509
2428
9938
10187
4364
5229
8864
5925
5591
8986
753
9936
7655
6625
4061
8281
6059
1290
5137
930
6724
4442
1880
3606
10023
4076
1789
7527
390
6541
9209
7710
4385
7477
3749
9618
7952
4573
5282
5365
2813
6800
4359
4754
9429
9039
7644
4545
4306
2360
3490
4262
1160
1996
8498
9154
8527
3023
8127
9563
5223
3860
6344
5736
519
83
1551
8959
9485
4400
2246
272
8637
4776
4543
7332
6680
1189
7102
7810
7604
3971
1178
4281
4778
10222
1616
2945
1741
84
67
2244
3919
9085
9679
10084
6887
9360
994
550
3608
4316
5456
8800
5101
2352
10266
203
7428
8773
2343
6025
8247
6303
2144
5886
9092
5487
6889
6276
868
1936
5062
2856
7386
3841
856
9616
1248
10298
2142
9377
899
6242
9397
9401
8267
6077
2011
9292
6172
6514
10180
1614
6772
3291
8667
7245
4434
2978
3964
688
6392
5364
4668
1620
425
4598
9910
15
10111
5933
2619
200
8128
7950
8748
8142
5928
2313
1832
2171
8927
5323
5898
7471
6594
7060
402
5572
9010
7328
2194
9729
902
1789
6118
2273
9868
869
3676
7482
6116
3934
5233
993
3763
2575
8481
9566
3067
9217
501
7955
6523
2817
2312
4413
1812
1333
1416
6417
6471
7667
8026
1777
4206
7972
1556
7739
7641
1589
8181
6029
9007
5780
4347
1600
2376
1665
8304
7242
7538
6656
1388
10048
3462
3389
2968
2777
3072
6349
5628
10103
4129
6632
1782
208
7756
4764
10115
8493
3504
958
6713
802
2474
6801
9409
7648
6899
7651
6217
4755
10146
6764
8001
2252
3332
6786
4768
7395
3628
2407
6938
9736
7273
3131
2075
3139
5239
5125
1446
9144
239
9847
9582
2668
4088
3922
6307
2366
1391
6926
5249
3422
7678
7876
9230
4284
1584
2555
1913
3925
9233
4552
9606
6335
7243
3675
10006
9610
6499
738
2877
6131
44
4208
1438
10118
8983
541
2732
4849
783
9938
1199
872
6872
4519
2131
6716
5728
8649
234
1640
1117
6911
1250
7459
6945
2383
4259
2576
7094
3708
409
9094
7971
1437
9139
2512
5343
258
3387
9842
10145
4526
485
1641
8884
568
1992
1796
178
1559
7436
5413
8902
1999
532
10242
3251
4422
9137
1486
8517
4026
10273
4844
8793
6196
6475
6815
9244
891
7607
7991
3967
9402
3958
10187
9942
7743
2385
1096
5494
4341
2546
8225
8553
229
983
8613
6195
9279
3194
3331
10235
8714
1424
6356
10250
7543
7700
3350
170
1497
7982
2267
10243
3875
4060
4747
3694
8791
4403
465
5078
911
655
1137
9563
4123
3746
3354
3477
6853
9394
8565
4137
9351
5636
9576
8399
4251
4038
9942
1617
1855
2220
5413
1590
6657
749
8321
4972
1993
9109
6994
134
6936
6168
7162
4905
3172
4121
4088
676
6466
8639
3062
3669
2273
9088
2159
2467
7144
6188
480
6613
6640
4467
9346
6701
336
2487
1894
1416
1471
3718
7798
8458
6936
1512
521
2939
7645
1640
9624
7536
535
9939
4980
361
9454
2439
6287
7015
9850
4683
2183
5755
5118
6105
378
1070
9644
9623
3215
6888
5646
2484
5335
1563
7332
64
8211
4067
2643
6837
6345
6057
4971
602
6934
5098
1982
7716
7635
7483
8059
9197
8964
8912
2192
2053
353
9900
3600
269
8182
762
2398
4939
9846
27
8747
3158
5077
6373
6606
581
3613
1374
5594
7367
887
1279
3732
189
4863
7922
3387
8118
3578
6215
2198
5083
8566
309
9019
8839
2740
747
4800
9241
4424
331
8898
9590
6205
2728
9605
8915
8682
9134
7415
7689
5543
6955
2256
886
10095
7922
6376
8628
1959
6293
9590
155
6359
9064
4566
9123
1093
4101
6281
5828
4173
954
9314
5482
6008
2469
5679
7169
5623
8508
6223
1045
3066
1954
929
4309
9602
3109
181
6557
6436
1794
3348
7349
10297
6499
8969
4204
2545
7893
2366
3094
5126
10228
5911
6776
74
497
4185
10003
8281
9673
7279
5172
5722
6727
7534
9133
8076
9833
4361
8794
10190
8435
1946
4749
6972
8465
9517
7042
9519
9935
6692
6787
3014
479
1975
8170
2098
2456
8797
2055
657
8775
3532
2895
2551
2521
3461
7352
760
4862
8295
1859
6672
3880
329
5677
5319
9736
7533
5881
8874
2133
184
1713
445
7350
1743
2705
813
4430
9248
6159
4579
997
4027
3041
5929
1862
2388
916
9907
4223
7306
9149
2617
6089
2256
9537
4677
2840
9918
1536
4721
6720
4470
1174
7974
507
4108
1843
5222
9478
1656
932
1406
1478
5792
2158
3518
7891
4114
10022
6026
1085
2011
7230
2867
2450
5378
387
1989
10195
9327
8924
8706
3474
5545
4090
5419
6794
5020
8744
2215
7242
6165
6524
8866
2788
3133
1778
2067
283
7314
2889
10040
4234
8297
3736
2558
5298
428
5340
7798
7747
1119
4538
5906
8694
7663
9806
7042
3001
9486
6743
9754
8311
4666
5953
9052
872
1442
1973
6973
7974
8702
5255
10077
698
8448
2299
8113
619
5434
7051
7394
5763
9261
6292
6868
5148
9827
512
8109
331
5988
6657
1400
7859
10108
4985
5034
4251
3943
9684
10048
6083
1945
9850
876
6561
4871
10027
7694
5414
9757
5409
1472
8638
6324
3496
10012
1403
8432
6765
7905
4615
2653
5287
726
6975
7204
1466
2790
7216
2473
7099
1597
8640
5957
7868
7525
2719
6525
6297
2593
8972
6696
73
1048
1961
9454
33
7435
9969
1590
956
4395
5465
9633
552
9688
2228
2701
6513
8930
7894
7741
2261
9381
6892
5560
5957
7671
2817
2785
8383
7999
1498
2223
5865
2802
5817
5261
6933
7230
350
430
1622
3701
5255
4545
7998
420
8852
958
244
1130
5783
6042
4282
3594
1520
3063
2813
6034
772
1308
3396
1231
3440
8013
9031
5727
789
6776
5105
9685
7740
2973
5069
8814
7491
3186
6077
4246
6008
7314
6564
473
3861
3435
6110
1449
3159
5357
7347
7067
8265
1728
4997
4065
4874
6370
3200
9705
2352
7267
5120
6271
4634
727
8713
8859
2098
2741
8889
4410
4589
6399
7856
7857
10003
9783
6682
6584
3511
28
527
3754
2555
6520
8423
7203
7648
5078
3479
1839
9385
1678
3245
158
283
3061
5580
3815
2795
10266
7962
6719
6704
4975
3704
3578
373
342
7466
5094
5044
6727
3093
5206
2991
10296
5428
9636
7860
8739
3763
2648
2379
2516
8820
2999
3397
8218
9992
8089
2583
1185
3593
5163
7389
3395
295
3556
2810
3696
5260
2096
6092
5925
3821
3685
616
8140
9989
8946
10186
1152
7149
8915
4288
5919
7332
6070
6796
796
5305
2446
6979
184
5267
6432
5608
9824
4448
1757
2953
7077
6919
5221
119
5870
5753
4526
3781
4315
3460
3853
7775
7293
6811
3270
8844
2095
1734
3078
7597
1495
5673
9649
607
7281
427
3821
8290
7236
10067
8312
8837
4302
1960
4930
8092
1101
8685
2237
2878
6228
2978
1699
6246
9938
1732
1489
2281
3187
9909
10179
10211
3648
4787
7768
3639
8336
3978
3737
1606
912
4457
7890
8450
7157
8597
6107
2940
5620
1943
5421
8654
7902
9755
4909
5525
6158
2788
7956
4325
7290
2041
8876
5187
5596
2389
2947
2443
5519
5800
9335
9472
9902
670
7918
5700
5863
8777
887
8620
3850
1530
6034
7529
7033
8990
2102
7711
1109
9444
1137
3147
3773
7558
2008
1536
2777
911
10162
6010
7831
5716
2491
9458
10091
8162
7648
2664
6223
480
9500
2669
9946
7618
2265
495
6654
6176
4052
1459
7850
10264
1678
8267
5576
3555
8871
4009
7896
2460
7365
943
4866
8682
2661
2238
7662
6890
10248
9930
6520
6211
140
1505
681
2081
9888
2001
9373
6676
6624
8902
10029
2942
7617
2861
5201
8886
9791
8026
8321
4616
2345
9456
1542
3013
7032
5858
2710
6909
8622
7519
2408
3773
7805
10227
4692
8214
7020
5307
4307
4347
10186
4520
2963
2951
600
3815
3571
9837
4000
3635
661
1894
92
9586
9414
3202
1284
9429
2527
630
3075
4969
9354
3377
3070
6208
299
7290
4418
2352
3557
2455
6022
957
1324
8232
9943
1004
3765
7822
5748
3023
7434
6195
2761
5719
7865
4488
2420
7926
2694
3166
2641
8164
3452
3338
7062
622
9807
2777
7631
6036
2447
9298
1126
1237
3064
9468
1084
2234
169
2611
1575
296
8018
1436
8199
9944
8341
157
9358
4989
3422
9446
9861
3571
6558
7516
1213
6459
8086
9527
5414
9524
4342
5287
2215
7705
6648
4376
7525
245
3169
4718
1598
7299
2419
6787
4686
152
2472
2802
3310
6828
921
407
3067
3827
826
598
8470
3580
4393
8231
605
9373
36
5528
7804
5474
6788
4137
9833
3799
7385
8560
7040
8599
415
10043
5025
2507
5266
9877
1208
3947
6138
8828
1983
1049
5164
4066
601
7337
2398
1186
7394
7618
4899
4151
7117
7059
5220
884
3263
8716
6537
7303
9942
6996
9957
3578
6408
5573
7076
3608
2716
2331
5697
10162
6334
506
6574
9240
2759
5089
5173
1203
2903
8941
7344
9306
3278
3970
7081
488
2821
3597
4004
1495
5385
5262
296
5917
5058
9974
9383
8256
8194
4048
7722
3964
2060
9355
8465
7253
3044
7407
5915
2271
2888
5082
8075
9432
3403
4343
5077
6012
4960
924
2514
1392
10260
708
6231
7702
3149
9286
9606
6139
2335
1106
10156
7850
1593
8183
6413
2223
10092
3212
430
3370
6627
320
547
8899
443
9582
4260
7778
3611
1606
9507
9305
3776
3904
9386
2739
5075
1113
8798
10056
5484
502
403
7973
8758
7051
3941
6470
5199
473
5840
4295
6385
2055
4865
6289
9164
6257
744
3795
8385
3455
9701
4638
120
4677
2358
8688
1264
2846
9959
9422
7259
1226
7899
5652
8672
5279
8128
4263
225
6167
10180
8878
2015
7998
8933
5206
10181
4682
1141
6706
5050
9857
6953
3004
5086
3664
2157
6811
6184
7898
6308
492
2576
8350
372
6479
2377
8194
1305
4230
10007
1076
3739
8273
8307
120
7991
1246
9295
8979
7070
2549
7575
5776
6167
3349
7365
1784
2862
6064
6890
7228
8393
3051
60
4796
6901
6705
834
4484
9726
5489
3422
10251
7537
5900
1270
5844
9625
7779
4065
9915
10288
1037
3305
6294
9427
9224
1638
1554
3724
1311
7695
3240
1749
920
4308
7458
4540
8075
5264
9761
1362
5397
6980
3507
747
2026
3157
8624
7514
450
9782
1908
6692
6674
4528
7658
9262
1730
3865
8249
6499
10013
440
3443
5303
4156
8861
7259
3270
9306
6204
2129
7826
5165
5347
6023
8246
5626
7877
3912
3542
1308
6461
8172
823
5970
5764
7886
2698
9625
9517
2654
2482
5846
6576
2226
9028
103
3994
5738
6248
8336
3671
1098
2293
3983
1704
2888
9066
358
4451
212
5162
829
388
248
6569
5243
882
3
9494
5444
2682
3510
490
2042
8060
5768
580
8475
6482
6945
7978
8974
2484
3830
6531
5121
1895
9687
6141
1152
5853
4349
7297
584
4615
9477
1676
5674
4540
2648
3998
8986
4506
4894
4079
7492
3818
2134
6405
3451
2728
2792
4883
92
2176
10183
2767
5945
794
393
9458
7769
9808
3477
6921
8804
9396
6786
7397
3286
2551
5740
6386
8705
2374
253
5979
6948
9543
8207
5904
5426
2998
8336
6407
5077
1795
382
1461
2875
10273
7596
5796
10139
1957
65
9069
5286
3028
84
915
9220
8711
10175
9336
878
2756
407
7576
399
1688
4537
2761
10048
8213
2251
6536
8764
2949
8603
410
7319
9137
2869
6232
7208
6570
2935
844
4932
8611
1211
6473
5398
1495
4545
7933
2137
1153
9331
5434
9989
6490
7093
7969
7154
3876
1803
9002
7102
8628
6720
10156
1334
113
3462
8355
7661
8480
2698
10273
1861
9527
5704
5711
1738
5460
5913
4629
2968
781
3632
5421
1975
854
7188
7468
4592
1418
8352
9394
6195
4264
3166
8612
6659
7919
9950
4813
4522
7457
1703
8280
9054
5291
9749
327
2757
8875
984
3245
5657
7215
7728
1377
2804
6767
607
7811
9960
5467
6962
134
2594
7441
1934
8264
1698
9334
6334
7258
6200
5138
3382
1279
2348
9746
9952
7611
6392
3909
2119
8020
10143
2984
10025
1114
1972
4609
1480
9133
7060
4041
6860
2111
9204
23
5458
5926
5320
10060
8433
4281
3857
2836
6159
1177
2437
7066
7236
8988
3337
10011
9932
8848
7163
8399
3249
936
5682
5887
6169
9016
8542
5231
9319
5330
9265
9003
2201
6665
9476
2042
9278
8796
4278
5587
8471
6279
5047
2985
8116
5388
9660
7073
7020
1009
4677
10134
5532
763
9120
7467
5921
8788
1891
3894
3169
488
6665
1299
2580
849
2162
6825
2926
2284
673
4610
9257
7462
4354
3880
9000
6991
9652
8233
3621
1124
9544
2040
7615
5198
5139
1780
399
538
10056
8289
5953
5960
5740
485
927
4591
9773
4984
3605
4593
7602
3126
8402
10058
6335
1326
1710
9214
8935
2254
2744
2922
7373
8948
3390
5665
5828
2790
9807
3923
842
4273
7586
8287
1113
10130
5391
237
2658
4704
10086
8492
4134
6316
4739
4667
778
3841
5291
8923
2613
6957
908
8476
1494
7383
3894
6772
5487
4180
10172
7722
7120
8459
4305
102
6721
136
8639
1416
1732
3284
5869
10076
1094
8934
7269
6567
3428
361
2059
4336
8192
9931
3451
1319
2008
4047
7891
651
1978
6972
3991
1951
9049
3352
6976
6400
1639
1568
7428
224
9967
5065
9662
2007
465
496
1870
2171
8620
6981
6547
913
9785
10093
6037
924
539
3934
523
1506
639
2816
6828
2332
1169
5874
2524
1953
1835
9726
2394
5432
4702
6785
1268
3090
675
9483
2641
1668
916
4461
7157
7866
7452
5273
3936
1032
9872
1650
6510
8407
10274
6164
5413
1933
5831
4036
2974
9601
6800
4927
2727
5581
9896
3661
9204
1724
3465
9447
3905
8057
7697
9986
1058
1324
5739
7072
792
4749
6659
4290
3540
9716
7987
2299
7191
9877
4327
5591
9340
988
4887
4565
8561
4270
6410
9803
2572
4335
2146
1996
3848
3743
730
9223
6709
3730
5889
2587
461
3862
402
1805
8165
10196
7065
3451
9999
473
8729
8176
4341
6344
6477
8079
3406
4770
2397
8070
4136
4584
1751
4180
560
2780
6309
5959
1769
3270
7997
10067
440
8481
3486
6921
5184
7498
4526
3979
4628
7734
10098
5594
4428
8257
414
6402
9309
6168
5583
4227
2205
7786
303
890
468
3589
5697
2561
8856
8311
1093
8219
8357
5312
7140
3536
2600
133
5570
5150
8066
1221
6064
2548
3803
4896
9896
456
3703
8443
2893
2961
9500
962
2105
6556
10098
2826
8387
9876
6390
7977
748
4367
7492
6726
3090
8682
4617
876
3457
1688
1622
9086
3493
9757
7779
4846
1859
4293
2882
8822
6473
9025
9877
7474
7609
4231
5636
2961
4254
8942
6270
3431
4835
9623
373
10175
5418
240
4672
1105
2967
596
4285
4623
4677
9274
9006
2672
5001
9819
1379
7851
1109
9159
3045
8054
9603
8743
6447
6729
5958
2448
3225
2191
1511
978
4249
58
1254
8140
5306
6272
9622
7970
8864
5096
6836
1021
2513
7399
3023
1688
9202
1925
9710
6463
6299
4349
5142
7952
8673
7067
191
6476
7632
3433
7394
9037
21
3907
4649
1473
9445
75
79
948
4474
4777
467
8681
949
520
4823
7966
6510
6775
2870
8879
4133
2827
7515
9961
1041
5945
4910
8809
4890
4306
5319
2539
6892
9067
1418
232
479
2756
6323
7062
4720
6508
10104
1878
190
4305
8635
6772
8305
10274
1188
4389
4023
9271
5034
980
2578
8933
2228
6737
4137
2308
4940
6866
7081
6801
3297
3491
601
861
7571
516
9953
1556
7687
1518
6056
127
7693
8475
1088
6302
2878
2799
1558
9456
1180
9439
1070
1363
4263
3392
3526
6577
1970
1557
525
8202
4246
9272
10125
10133
7927
633
5086
7321
707
3615
2127
5337
8091
4880
8932
5683
734
9037
2278
9290
2521
7630
10234
416
10248
6204
3608
8166
5769
6593
8971
7014
7907
5864
5146
192
5704
5617
9226
1792
10060
459
3648
9706
2856
8351
2867
6862
174
7061
9576
5195
7678
5295
2661
39
1602
609
9779
6726
4015
4836
4706
8074
3669
3447
5355
9987
9942
113
602
1090
6372
7646
5482
10254
3346
8625
321
7834
3466
1664
2502
8405
1961
3879
3097
7211
1203
7572
6892
3680
3461
5323
516
3584
5312
2206
9677
538
2204
2902
6719
9620
146
1665
3670
5703
7427
7064
7891
3323
3664
3081
9065
2940
7441
6284
3470
206
843
5521
88
6646
4091
4591
6774
626
6373
6519
6724
2847
5960
5451
6233
5360
5001
3299
4060
9215
9672
1054
4443
8308
6680
960
6295
4772
5363
4319
1464
1894
8662
3737
8242
4443
2182
8591
4976
880
7927
5026
3496
9959
6271
3830
9662
9810
3533
3784
5831
4885
3134
5212
3079
8769
9661
7692
5171
7235
8081
9744
4325
2989
6726
7152
4342
2267
8183
4632
4785
665
8967
2754
5843
312
5837
8262
8731
3541
5379
10072
924
1148
6585
9147
7236
2072
8927
4482
3895
2187
10001
4080
9134
4949
4619
4216
4064
9777
4708
6675
5807
8094
4244
9424
5219
322
4170
8797
706
4778
9941
10161
2437
7493
6888
8916
6123
811
4177
5518
4187
6677
7481
2007
6144
472
1194
5792
5421
2093
9933
8732
4045
81
2788
2999
9552
7654
5813
5384
8506
137
116
3793
1315
338
7647
7816
4972
3714
6883
7413
5872
5072
558
6920
1026
68
10271
2594
4630
8622
9080
375
2960
8226
5927
10090
3303
7816
7339
7386
9604
3054
81
7265
9734
6526
1606
988
6557
2220
6684
6908
4414
5994
2344
7778
8847
2833
1270
4459
4949
2721
3239
6259
6021
7982
3500
5311
5905
412
5779
5320
9494
7169
5676
7852
8899
10206
8142
5207
8007
6912
6745
3997
2985
6504
10120
9801
2666
626
5956
9474
1854
1571
4128
6746
823
8022
1607
3795
5480
1362
8184
6325
8898
5580
5890
3006
3197
1695
8588
1385
5602
10218
9773
3059
3426
4543
3160
8497
388
6902
7620
559
6348
3823
5660
9757
6559
6388
10036
7698
5772
2617
202
2907
8379
4695
9292
2044
1279
7481
9562
9692
5891
1256
5927
2144
6627
2980
8148
14
611
5942
9885
3252
7658
1151
6405
8300
4625
6256
4751
6736
2635
2363
10288
3652
7540
2871
2086
7698
8083
3944
634
8117
3550
7531
1732
8149
2653
8582
4243
3487
596
9134
2450
9975
5184
3951
4822
4854
3812
342
8653
7703
4358
9847
5178
10255
2393
5708
7611
2939
879
4465
5940
9112
7879
9121
5167
847
6510
1685
1421
8611
2138
6272
9716
9575
5660
2918
5622
953
2047
8924
3348
10114
7940
6019
9691
9238
1238
8594
9062
4620
8328
7755
9501
3053
2788
1859
5713
6476
9947
10266
5994
5544
1687
7632
3621
4600
376
9510
3898
8332
9935
4813
7172
3884
6269
2442
8627
69
7085
3908
6564
9445
9026
4812
1980
2775
7583
9872
2632
5753
165
5625
1256
9737
7026
6593
9659
6703
8953
799
9319
8926
6664
5995
8422
8493
9705
4627
9744
151
9667
663
3012
4858
9804
8418
6889
3369
123
3857
970
9072
9422
5981
3803
5161
1903
1413
8873
1900
4068
272
8269
1440
44
7206
6537
2569
2130
2500
2363
7622
7907
1026
8844
8519
8508
2237
7052
1023
1672
256
1681
902
7385
7471
4935
3411
8765
3076
6687
9361
10166
1513
2258
7369
2117
8430
1764
1457
585
2202
488
8210
4648
3542
10022
1984
1667
3078
6315
5785
2623
1699
1396
7216
9250
9025
668
4704
6587
7028
43
2363
9824
965
3818
9833
6290
4026
3724
6594
3330
9024
8049
1553
8030
8328
2853
9968
2245
5536
8810
7496
2800
9874
4255
9532
2345
10160
8898
3146
5428
4756
3423
4783
5331
4277
8457
4571
7921
4181
5612
3165
930
3562
385
9226
5143
10133
3267
3386
7944
3585
4705
6735
1710
9019
7909
548
5687
8709
9323
9051
5242
441
7476
7353
202
2878
5589
8516
7999
6087
6309
1937
8184
6090
2883
8033
701
9152
6731
7595
2036
10250
5190
2041
484
5944
6340
9527
8903
7609
1453
4816
5699
1101
7692
4436
2583
3157
1474
5054
1091
7511
3121
9327
2104
7683
4174
2548
10119
8930
492
8855
3275
660
2022
9770
8724
115
4396
4742
1597
7847
9590
4270
3323
8894
901
6077
6264
843
9924
3483
4334
173
9736
8745
5132
890
1743
8704
5514
7413
8961
4146
240
3656
7051
5046
3190
602
6279
5637
2726
1818
7057
5844
9339
4794
2980
4060
8231
1928
2385
9108
805
654
8664
2821
2859
7509
9588
7360
382
8654
4670
2344
1403
8248
2738
7902
6367
7998
3700
3449
2427
7479
9499
552
1657
3570
2515
2613
3137
3370
1036
8513
1192
1028
9917
1199
1362
9752
3916
1366
9770
1078
6723
9277
1177
4893
5388
6196
1723
5646
8499
10117
7722
8025
6195
6711
546
6976
9714
3870
2416
447
5556
9767
8151
7083
6147
5135
7785
2861
2587
4317
3350
5410
6356
8756
5292
4894
3962
8320
8654
4594
6834
3693
3130
5914
3061
3027
9265
4418
4861
4446
2583
980
8375
3283
4947
4371
1609
6902
6555
1698
6707
5229
7344
2739
6920
1589
3010
3843
6409
7834
4175
145
5728
640
5630
9962
2992
5807
191
6570
4991
6225
4763
6939
2473
7522
145
1845
6334
7979
4058
4308
3710
6308
6497
5910
5962
4616
7652
9528
7753
5610
5115
5925
10255
1020
8849
7818
2843
8801
2882
4800
1371
2413
9562
679
1500
7426
5496
5353
6401
7404
8570
5809
5440
8831
7444
3687
1927
133
3713
3634
9688
110
3424
4742
448
708
4106
631
8194
4077
240
5006
7405
4658
2482
5863
7439
3230
1145
4389
3286
8442
1389
98
1122
7668
4555
3604
9750
7849
476
854
3394
2196
7944
10099
9481
7592
7030
9414
10077
8184
7198
9420
8334
8226
846
3983
6045
25
4595
9640
3430
4117
2055
8199
7447
882
8814
7178
3087
4893
1221
702
1904
1468
5485
4101
8050
4481
5135
1893
8808
9625
3042
5599
8866
10172
576
5231
3033
9177
2192
9910
1657
5409
7858
2349
6090
1206
7549
232
6779
3913
2316
8568
59
6063
7505
3012
1077
4878
2395
9907
2444
2581
6449
2552
6026
8605
6480
7110
9913
6929
6546
4860
8451
1943
6288
7900
3953
7673
2944
8666
9504
8721
6202
4669
2205
4413
5119
9381
7515
10162
525
177
3137
7417
8740
212
87
5540
9171
5732
7964
108
5107
479
7441
6251
8378
9437
6186
9552
1645
3657
2934
956
1688
10238
4531
8595
8405
6339
9618
4955
9110
9437
9728
6572
7103
8249
1527
8800
6452
6100
6973
8371
8409
5326
10261
1218
3187
3135
9998
6687
4450
10222
8321
1669
596
1659
7050
9633
3116
5320
1220
3972
4952
9036
4439
3133
3076
6864
3306
5760
31
4385
5828
8267
2986
8981
9456
1952
1766
524
4374
9514
6241
4470
1018
4904
9566
943
2797
6323
10284
747
6261
8462
5647
1541
5188
2043
1072
4982
8987
9802
6733
6675
6705
1430
8610
8870
1946
1410
10264
7422
3273
2052
7142
6808
2196
7145
7807
4893
2788
8901
7578
991
1664
9471
5065
3598
6480
9611
4559
7929
7639
8753
4532
4135
8577
9881
10082
3306
499
9538
1766
8996
3606
4446
8886
6932
3814
4276
7018
10244
878
2458
987
7679
170
6595
156
8495
6191
329
9739
5894
1688
2526
3548
8609
5957