6882
6735
8708
1568
7136
3501
2008
7402
4023
6683
8955
137
6939
1645
3671
4250
7065
2854
7203
8070
6924
5290
4445
6654
4021
6257
2316
3478
6755
7726
4095
4238
6423
122
1827
4955
2034
3002
7010
2627
1837
5000
8644
7181
5781
9197
6481
7703
4487
4528
5564
6798
3717
2039
8641
5278
873
5521
3705
2731
5037
2289
4249
3066
8194
1106
7963
1873
2812
4159
2637
6087
8271
6650
7131
2332
4137
8873
9470
7639
5723
2580
5885
792
3453
6968
7309
9168
6566
8658
6027
8865
757
8028
345
2245
5112
4916
5307
7067
8965
9304
271
8231
2726
1095
6031
5210
7439
1270
6754
1169
8386
2646
3383
6350
9039
1891
5071
4426
8035
4262
6035
9331
4818
6401
8797
5438
6997
8150
6616
4739
8880
5367
103
5161
886
1919
7564
8483
8810
5282
2296
5583
1480
7224
9049
9492
4128
7120
1865
5356
1208
525
8087
2365
7324
5687
6299
1525
7918
5074
7053
7347
1819
6845
8999
8353
1551
7012
5281
4011
6623
1635
1142
8561
1843
1245
3628
6149
1514
9257
6295
2544
5981
8648
5048
1765
467
6035
1351
4145
8409
8660
8563
8483
6577
8636
425
464
8476
5695
4500
4219
3196
7409
859
1188
902
1246
8616
8925
8919
7681
8625
694
5849
1052
794
2463
5430
5214
8438
1000
1529
4976
2005
3844
9193
6957
6612
3371
3962
2475
8773
4339
3998
3066
4429
4034
6233
5803
8516
7653
8143
8537
6765
5593
8330
6246
3249
8984
342
86
2843
1285
5354
687
6401
6104
8127
4110
254
6662
8305
7039
9111
5680
4415
6300
9079
7200
27
6018
2607
3801
2680
3486
7892
7661
3237
6801
9005
1195
5875
1091
5508
7506
2268
559
3893
3281
5955
1538
7647
962
5789
678
7105
870
8705
5698
2254
2390
6613
2108
4351
5301
539
1002
7730
1199
2498
138
2079
2527
9187
2528
2831
2346
249
2321
2380
4723
8282
7935
2746
1149
8158
1709
2134
57
1143
3094
5226
6347
3540
6572
754
8607
5527
5229
367
2180
4576
4590
6244
1912
3852
191
5602
8532
2322
569
6036
7563
9279
8904
2614
3691
4036
7164
1494
866
1241
1853
2676
929
2677
8496
1391
2242
4483
308
426
5241
60
5068
2041
7682
5577
147
855
591
3172
1702
828
2711
5707
1301
7745
5644
44
7637
270
652
8371
6825
7677
8531
4591
5540
3946
1355
2458
5103
5813
2020
9003
4361
9362
9387
8218
6657
4986
244
8243
5001
1847
8503
3532
6523
1148
5308
325
6535
6568
9247
4773
5447
6227
1898
8401
3813
6006
1725
5258
3871
3487
6234
4941
3116
4541
1100
6263
3801
1991
5169
8395
2322
5327
7154
4900
6540
3355
2908
4739
7569
1795
7398
8397
1396
6515
5358
3287
3326
6758
975
8816
5102
2037
1511
2895
8700
3087
2919
3894
9228
8338
982
8560
4187
1550
8603
3178
5539
1245
2394
4935
3761
3961
5555
3520
7567
9193
39
4314
6278
8748
4616
2520
6391
5463
6961
4251
4041
6776
7175
957
720
3480
5363
4730
993
1220
5512
6711
8466
6103
8479
306
4463
2667
8425
1568
9324
9222
5812
7268
6048
8459
4216
723
1580
2204
4296
4758
2306
4463
2175
4495
9184
8322
8924
9479
4142
6177
5345
5837
1248
7264
376
1838
8460
4177
7828
5173
5647
7899
4865
8138
6677
6388
992
2156
2651
5462
7382
2759
5270
4469
6808
7648
1672
6900
2285
128
4774
3015
3239
3691
5963
6789
1794
6849
5627
3215
5345
5938
8758
7550
8670
3696
465
748
2861
413
9286
8695
6179
5162
156
2278
1577
51
7720
4856
1866
211
6253
1080
5231
3002
6344
2114
7318
242
9030
8518
2446
8685
4128
3878
8421
8261
7130
7681
7965
2784
8265
3445
7650
8226
9216
7620
6057
8656
6396
8036
7430
2789
7405
5939
1438
5389
4070
2629
222
3366
5116
102
7564
3480
2447
5307
6398
4731
1235
837
2846
8750
41
6431
5358
2385
2916
5055
7332
3644
4092
7423
4848
5887
647
1884
6307
3360
4079
6657
9075
2993
8163
7211
4177
649
8099
7891
1594
5296
4735
6479
4956
1223
7836
3971
2755
5270
3343
1936
1561
2476
4836
7375
196
410
9321
3890
9025
1384
3984
4706
4264
1935
1754
3920
8529
771
4895
6583
1546
195
4231
8102
1115
5105
8180
4014
2376
6715
625
4366
4785
7851
2333
1092
4297
9465
7621
7174
4508
1658
3883
790
7963
2772
5496
7623
7523
8144
5589
6544
2666
7541
4559
7131
3790
1254
4910
5993
1533
5725
1126
5852
6567
1743
8835
1775
4911
7159
814
5590
2230
5270
1091
991
5441
4674
1486
2080
4874
3793
7284
5086
4940
92
4036
3775
2622
7234
9225
6296
5399
2915
5447
4105
6873
1544
7217
9169
7864
3140
551
2451
6300
6876
2476
6915
2951
4004
2520
5090
6437
590
683
3489
6368
1601
7320
1091
5490
2968
5947
2072
3866
2497
1853
5744
8774
9071
4216
9450
7013
2214
1330
9450
640
9131
5237
6924
4464
1630
5963
1388
6097
3117
8220
8758
7715
6159
8525
6655
8262
1685
846
6465
6764
4727
7520
1174
4482
8518
7135
1755
4132
606
8509
2728
5868
4432
331
9229
6195
4742
8083
2704
4352
7091
6797
9354
8160
7770
322
6610
8598
7995
5500
3622
288
5038
2949
3766
4743
9010
5506
1265
3718
5294
8923
1872
7074
3891
3068
2032
131
4503
3456
155
2384
7159
5553
2125
3789
3640
6441
8396
9317
4730
5732
8016
6348
9137
7958
8133
9417
6222
6988
2993
4354
2344
6872
6432
8
5824
7403
1915
103
5747
8594
2409
5194
5336
6832
2511
2168
8487
2593
273
5055
4040
3648
6840
5926
3774
8462
4450
4898
8767
1238
5121
4916
1610
7816
1572
8634
5052
4781
6121
5285
1534
6366
1269
3097
7347
811
8778
7586
6635
6246
7481
2020
7179
4334
4800
3284
3256
6680
4313
7566
4836
3748
9193
4263
3802
51
2622
7490
1102
1171
175
8524
430
399
7393
3208
9302
155
5057
1946
8870
4501
6105
4060
4001
673
9459
9325
5313
8480
3724
8722
915
4044
3400
7487
7361
5239
76
1651
6161
7003
9176
7638
4766
2159
5397
4462
9402
71
695
7579
397
3802
1750
2721
4956
2131
4109
2116
6209
1455
3806
29
6659
8687
9459
7482
5708
6634
578
2368
8431
5238
4301
536
6771
5614
6611
6243
7842
3057
664
1892
3678
669
9281
8224
1045
4938
3328
619
4541
8599
2205
2743
7039
8827
8134
8107
8471
8935
5449
8854
8764
7089
3482
7602
1710
5792
4945
1512
227
1509
2952
7469
1875
158
2048
6645
5258
6668
8270
7552
4388
788
943
8313
8128
3476
6859
4469
3234
5473
4173
3819
1831
1973
152
3663
2433
5481
2923
3956
3907
5151
965
384
2754
3431
793
4052
9463
639
7034
2871
7604
7887
4975
6896
612
5701
9302
2849
7940
2117
6138
4729
2126
3352
3864
8375
4024
5684
7837
1658
4023
5316
8593
6252
8107
6182
8977
7333
5879
3558
7736
9370
5405
3563
8792
6720
4743
5575
4143
6296
2852
1271
5676
9054
6135
1655
5555
3983
6122
4971
4160
1184
7445
2016
6751
3945
528
6343
2360
8097
1963
3561
1523
7645
6667
7144
822
4724
1994
877
8568
1268
835
7619
5316
2370
6556
6132
7660
2233
2327
3476
7543
5493
8346
2227
1837
8544
3653
7392
6003
9166
347
9040
8811
6416
1055
8325
7248
1517
904
4540
4842
122
1364
8366
7961
1049
5547
5596
2074
6257
1974
1273
8481
4818
2217
4585
2131
9448
8274
1903
5130
3901
9259
3055
9003
3141
118
2671
1257
6132
8150
200
1506
5442
5372
3454
8604
5840
4635
8609
5599
9156
2498
1286
5865
225
2125
8637
3148
9455
7184
2307
6656
9043
7731
8661
7257
3067
4405
6519
8711
6668
3531
7868
6379
6164
3161
5445
7713
2869
8356
323
2481
647
1322
5738
1148
4134
9314
8646
7861
7570
4453
2201
3930
7634
32
3369
5636
6872
7198
8284
63
6071
1088
1905
3798
4909
978
794
4861
4522
4465
1792
9040
2740
5005
2541
3224
1077
3662
5835
1180
3164
2003
3886
6599
3571
9277
6935
4650
7618
2662
2320
4894
8923
5636
6255
1636
36
2180
6861
5466
4150
7197
4820
2421
2712
613
695
1651
8074
5046
531
8209
3550
1495
2578
6755
8916
543
6107
6770
1333
8764
4278
2245
8526
7602
8598
8801
5251
4458
9005
4885
2418
8343
2592
5069
237
543
6479
7793
3964
5866
873
3804
8732
3119
3988
1149
4013
8736
5653
5308
831
7564
193
2794
8470
5368
1123
4669
9391
8840
3962
4829
8498
4974
644
5948
2046
8748
1114
232
8128
4476
2421
3653
9050
6247
7926
8139
158
1510
106
8292
4040
6962
1297
738
2963
462
2588
3491
311
3131
2349
3229
2075
6354
7050
6438
6420
6922
2463
8300
6701
4674
8649
6773
8528
715
5844
5768
2049
1463
860
2647
8085
9117
2810
7834
8760
7342
5337
5998
8497
4545
3388
295
4500
5387
1140
5017
7196
5734
5323
2509
3567
3548
4565
476
5842
1987
3324
4776
6320
2697
2327
2115
2447
5766
6057
4214
2059
1121
648
1823
4402
8533
1883
2235
1005
1451
6222
8149
3690
3243
2307
8231
6839
6721
6345
4268
5322
565
475
9183
5871
4450
5021
2375
5222
9048
1566
1057
7264
929
4577
6629
3615
2348
5011
7547
2165
6256
7612
3977
320
5082
1897
418
208
7938
225
7813
8115
2355
4935
2065
433
2676
5733
4554
1187
6629
7127
3943
158
3501
8519
8362
7576
6079
1872
2887
84
5617
3262
4102
4558
6511
794
3459
8532
455
6665
9254
1895
4544
4506
1847
4085
7581
3696
5060
4119
4672
1758
7971
8035
3119
9002
2016
9426
7978
4564
3210
3703
3219
6597
330
4916
3283
6091
7713
2530
5642
5260
4651
7013
8050
5825
2735
8710
8574
7762
4104
6673
6518
739
4104
7535
1916
394
6677
984
8012
8406
4189
1480
6113
3306
6548
6667
3110
5011
1549
6287
4520
8008
1037
7289
8168
869
5774
2766
8797
2361
1286
5358
6640
1594
8249
2874
1897
4243
6665
38
6898
9078
297
4468
1466
7464
3878
1635
7218
8023
6646
122
469
565
5679
3568
4366
6404
8144
5368
8220
1687
4062
4843
4552
2074
4581
8050
7172
105
5665
8533
2442
15
7785
2178
1999
1312
5309
1220
1219
7852
1545
8406
1518
240
1152
9037
4146
2693
4994
347
1441
9469
322
485
3371
2690
6826
3512
2219
5371
7519
9353
3163
3304
1523
9397
5931
5602
7785
6921
5656
5202
2803
431
1705
4988
1893
7523
8842
9470
3139
7949
5397
6576
362
2685
4
5142
7818
8109
274
2670
4831
6716
1194
4144
7778
421
2412
1444
4898
5575
3617
7049
6536
1164
7013
8034
2225
6852
4685
8055
385
2167
2977
3112
6821
6579
5208
6590
4697
1194
4147
1214
2840
1375
4260
2154
6395
3482
3032
3811
1134
3472
849
6308
551
773
3944
1174
839
9137
5445
1556
174
269
7739
9479
1919
1387
8638
5977
1684
5549
3302
7262
6017
787
3618
7434
3853
2269
3192
1551
6616
3959
7273
1052
8999
3657
6973
566
9032
2910
9424
1728
1050
2719
6016
5866
8225
8548
4715
586
1466
4629
6986
4200
191
2300
2378
2347
2190
5055
8905
8502
2825
1485
8572
736
4723
2593
3034
9329
7737
2592
5565
427
8546
8191
4555
8071
2958
2929
6957
6412
8775
6941
7261
1106
8783
5272
8799
6906
22
7671
8531
9399
3363
1813
6247
5386
9280
4874
1828
3539
706
2177
7560
6167
6404
3821
1968
2858
2003
8521
4932
4932
4094
7691
5403
1723
587
8163
7414
5007
7503
6256
7616
3535
8615
5519
364
954
2001
799
702
6619
1001
2016
2195
1706
5105
9126
5313
2223
6703
8061
5004
823
566
1106
70
6659
4642
3081
9455
8713
7171
9251
4807
3734
7623
1862
7743
3847
6899
2036
6843
75
4252
8867
9030
7483
8366
7582
3172
2225
4468
8070
8997
5000
5306
8319
574
7643
7754
8503
4085
2263
3389
10
3884
3245
9304
7411
5030
3425
4609
1880
4836
7965
5834
8309
3282
1216
6391
4925
713
1630
1073
4657
8050
7014
477
6149
107
7492
7130
518
2715
8419
1632
3905
215
4976
5790
2306
8036
6306
9171
1629
8072
4076
6572
4632
8434
6199
6738
4498
72
289
4962
7139
2392
821
9043
870
3586
8543
645
3175
5098
1882
8479
4982
9005
482
5255
1907
6227
1794
7890
3420
4557
5967
1504
7194
3588
5794
5600
8714
1500
8811
4827
6131
2452
5563
1255
3902
4915
7167
2277
9318
7403
503
2481
6064
9113
2399
508
5214
7129
4535
3498
311
1975
6714
5401
1737
9135
2255
7565
121
8942
3434
87
225
7774
2438
5572
7628
1438
118
6720
639
7095
6798
1872
452
1503
4033
3734
2692
7659
7773
9488
7274
2887
1630
5893
552
4912
1809
4588
9216
1011
692
8745
7385
6854
379
4571
6301
8712
1720
4009
5878
1439
603
3477
7789
8953
8744
2074
5883
2874
4416
8262
6774
1447
1946
4447
8467
5409
3741
7555
7639
6902
6222
7940
706
1755
2056
5440
3068
6003
5684
1074
3883
8021
5164
8854
6719
5437
375
5335
5701
3755
5132
3973
7806
4021
3308
5336
8661
8136
970
6236
6748
8933
4064
186
5284
8427
641
5469
5409
3825
2268
8262
1789
2900
3458
1603
7746
3251
5889
8707
1577
6407
4420
3709
2750
2161
1331
351
3328
2594
8732
3448
7005
3048
8937
4417
9127
9072
6886
965
3979
2962
5334
329
3903
1861
8510
967
27
5797
2276
3220
1621
8178
6110
5501
5233
6013
4425
9204
750
8104
7623
1939
8045
7590
7021
5635
5313
5747
2945
880
4567
223
136
7117
7866
2149
617
9039
6078
8842
5695
7147
7658
9497
1879
8146
8121
6253
8495
9298
4899
7958
3269
2326
2366
6616
6600
8763
8923
5985
3928
2965
1328
3120
559
9466
601
7783
7992
3939
3870
3610
3568
6563
7315
1137
5602
8446
4440
1213
1081
7260
3146
4576
4105
6534
6573
1171
6874
6906
2122
5096
8675
441
4515
7714
3836
2649
4333
2963
8577
178
3151
5443
6826
8500
7131
15
2423
4067
8583
9102
5411
7477
5196
6837
3686
6248
6798
5065
4565
487
4428
3284
8483
9444
2076
8850
1496
6319
6927
3937
3760
2877
1689
131
9102
6294
8248
919
2199
7336
3825
8948
3390
1240
3886
9393
4561
3713
9131
3008
289
7168
7041
579
2411
1632
5497
1653
7229
454
2811
3646
8245
7264
7442
5006
4831
7768
746
4429
5120
621
3391
1273
5999
3190
5833
8574
3322
1541
8146
8895
5815
8848
1399
8974
5582
4952
8973
3264
4308
8182
3586
4508
295
7907
2230
4091
7254
802
3211
6455
1536
170
4920
264
4816
6264
3259
5292
4936
1138
5540
5579
1289
8179
6734
6264
2296
6806
2661
6731
3608
3083
3889
661
7726
2728
6173
6794
1384
5314
4669
1534
6123
4975
8822
1513
2935
7924
4141
7271
8030
1536
9072
4708
5071
1625
5625
8933
3986
6237
1048
6713
2603
6830
2242
2151
1270
6392
1729
7060
8439
7933
4378
9462
6552
7041
5281
3927
3799
913
3445
875
222
4841
1887
4904
4756
2561
4267
7079
3195
6439
866
9036
8794
3234
9310
8376
9403
4736
6208
1295
7996
1090
3241
3416
1361
6995
6367
6349
5448
41
6219
8558
4247
8536
8652
225
2811
9499
2185
1308
5927
4794
9421
7544
2238
1887
9221
9014
4414
282
3340
1132
2110
8722
3621
4328
1070
8185
4219
5864
1456
6013
2587
3362
7731
5965
2448
2255
7661
3280
1624
4878
4662
5342
983
4157
5432
2630
4348
6961
9207
6153
5397
4673
6450
4249
7948
1617
5985
4601
2319
958
3144
2728
865
1414
1490
8716
7136
7824
2296
8844
9446
4803
6710
7864
6986
2071
1248
3056
3395
2634
9287
31
6159
539
5005
3270
8495
6780
4632
2385
6652
3882
7508
1146
3450
8645
6347
6945
4214
628
7717
3918
5074
2403
2569
2787
3669
3707
5773
5284
4549
4648
2647
2653
7931
6628
6872
9057
7254
3954
2143
2295
7095
3109
5460
5855
5931
4369
5007
1198
2317
85
6131
9487
3986
2070
569
8267
7730
1558
8229
4092
7773
3960
8295
6846
5587
4797
605
7944
1513
9420
5302
1649
1796
7842
5439
6560
419
4934
6789
8578
2381
564
4963
7172
5994
614
5447
8132
9170
4105
9135
7975
7077
2659
2270
2421
3395
8434
6914
2732
6081
1539
9248
9397
3699
5571
3974
4979
2936
242
4080
8371
6086
8815
6586
9175
5768
3807
516
6253
1915
5037
3248
134
9304
258
1966
8692
229
7402
8226
2065
8156
8910
1758
8895
5132
718
8992
3626
8357
4224
1679
3023
212
8369
2978
8597
8489
1854
1387
28
8221
4004
4180
5607
4904
804
8225
1940
4468
8629
7860
4633
6563
1938
2923
128
9178
9047
9252
9162
546
5017
21
1115
5602
61
625
1889
3481
1922
1211
7779
3686
4556
5110
9181
7405
3955
5066
2559
6399
2221
8547
3714
3538
4421
230
9124
2430
3398
332
4577
3864
6213
1633
8615
5063
9216
5526
3115
8997
4814
3386
117
1231
6376
6828
2703
1250
5787
9433
9069
7026
740
3227
6005
1966
6402
6549
4987
4191
8873
6494
2786
8664
9224
9441
2652
7126
8809
264
3785
5224
3655
7864
740
5528
638
979
604
8013
895
7140
6715
3465
7433
7985
978
3242
8089
2763
7254
4125
2965
9008
3719
6145
1424
3193
5175
5400
3435
8179
8516
2787
3339
6209
7401
8011
3000
8796
113
646
2179
7769
2774
6784
4106
6664
7192
6800
3474
7196
3205
2723
3194
7544
1056
6956
6207
3636
5572
7878
5050
6062
1941
8719
2148
8409
3838
1672
6293
7151
157
6043
7674
3546
2074
4792
9433
8006
2475
6585
5937
313
7151
5606
4772
7034
649
3227
9161
3122
3010
532
708
5303
1580
5178
3004
7502
5062
3277
2263
6901
7011
7008
8456
8228
3880
2624
2207
6501
5928
1523
8982
3760
1573
3721
500
136
4903
5483
6998
959
6105
6752
3470
589
8057
6276
2069
6183
4852
5447
46
8934
5941
8474
8350
4689
1933
2016
6088
9113
9392
1197
7252
2675
4045
6574
2474
6137
1544
3530
6251
1612
293
5564
7656
1089
936
576
1454
7350
6983
451
7190
7354
2154
8618
6450
1180
7799
3259
215
8773
891
4593
9083
9429
5332
6777
1728
1432
8309
3238
9043
5215
1072
4391
6241
6995
3890
8559
1162
5809
6280
3851
8789
5661
3623
3842
3693
6568
4259
3457
3546
4781
7003
9350
5690
4793
4950
190
4678
2669
4097
8695
5677
3590
8762
6308
8816
1595
2962
9363
5939
2019
6880
4941
8357
1900
6227
5072
8571
3751
9076
8801
6575
2571
1200
2557
7330
8360
2323
7722
5891
975
4257
5084
4862
857
6315
3248
1783
6563
4636
6920
4733
4327
9179
5653
6117
2383
1674
5451
1041
4217
2874
8682
7418
8770
1821
4443
2778
8838
4231
5277
5668
847
2792
6833
1466
7447
2302
9072
1020
2035
50
252
7755
5698
2091
6153
3111
340
5547
3706
7954
4328
94
6995
8819
6835
4482
297
6652
2702
5900
5021
5176
634
8441
1626
8966
5923
5604
902
5924
4199
5278
58
1167
4164
2512
5878
9116
519
2213
6688
2811
7824
7987
1285
1465
1159
8800
2259
1590
7935
3288
3421
2233
6203
6800
5112
4619
1279
7759
8325
6684
2800
4105
5480
4677
6086
7667
1451
751
8951
4506
2221
1486
7263
7383
3648
1637
3126
9100
3243
5765
5766
432
8692
3087
2272
7562
4100
3700
2575
5765
636
9494
3330
8515
2653
4104
2105
9160
9002
5559
9279
4804
4986
1407
473
482
7507
7437
3183
7747
8998
1130
5839
6993
7727
2966
3306
3414
4190
5323
1318
1111
1357
8286
3801
6096
2664
901
4176
985
3644
6324
3814
1654
5727
8173
2830
5054
9266
8383
9348
6990
3603
963
5071
6513
7409
6530
8049
6257
2694
407
8096
8655
2363
7594
2106
8816
9056
5198
3946
2988
9267
5545
7651
4823
4083
8128
1956
5337
4844
8884
3841
4062
7044
4720
2803
3305
4456
4373
8828
1677
9079
5163
7356
1426
4281
887
5381
9315
4991
5715
162
2207
2200
7541
2843
5250
1827
2893
1771
906
4678
711
5229
9413
375
4303
5179
9468
8028
6134
6072
8571
3793
4713
3266
6711
6270
9431
3943
8104
6185
6864
8492
7326
7579
4899
7442
6218
1382
1792
3383
8766
5228
4561
6057
8461
294
5392
2393
2152
8336
452
807
661
7577
9314
7747
5730
9325
5602
3181
8818
8146
4105
1497
1784
4125
7247
6060
2660
8274
2767
4775
3974
2649
2070
2263
8650
5721
8190
5073
449
3501
4736
5032
5555
5539
6389
362
8378
8144
6971
9208
4786
7518
3998
7676
1119
8961
2959
8423
2673
8859
8115
3758
9039
7186
3289
7882
2536
3965
1533
9067
3800
3890
730
2151
8295
6251
9012
2096
5444
892
6212
2362
33
5416
8845
2736
6273
446
1200
2757
2642
4835
5136
794
5085
5624
7641
1879
1455
64
1133
1661
5947
6480
1463
7785
2192
5860
5660
8101
2404
7726
2263
7766
6325
5372
1637
8122
3340
8640
2096
3363
6637
5680
4329
5667
407
1098
4697
4838
9032
8889
4589
3999
7407
7266
3140
581
5117
2634
685
9048
7632
5321
2486
885
6829
7295
2578
4465
506
9092
6540
6828
2192
1837
3979
5943
4662
1350
1590
9132
4751
2429
2566
931
9422
3494
838
6091
6510
5025
3601
9084
4300
4161
6374
6328
5019
330
5931
7510
9114
5242
3530
7220
5289
7455
3377
2059
1198
4592
6162
2048
8027
327
4759
5867
7709
3631
5739
7258
4933
2239
8150
7430
7656
1612
7766
6804
9141
7432
1610
5201
7363
7879
6608
6600
5525
7438
8446
8476
4338
5499
5338
1128
751
2674
9324
4957
6344
6127
2868
1327
2373
5998
7417
8120
6963
1542
1958
1528
323
5597
3774
7602
2387
7815
3206
8113
8563
3398
9229
8127
6004
2457
5205
6147
1395
1700
2838
27
2062
6264
6607
8655
2960
461
6412
2896
9479
4434
3916
2295
1576
9309
9205
5942
8681
8691
1579
8022
116
9293
3333
4173
7661
301
8126
3796
2579
5674
27
398
7419
2625
5428
7363
2178
3058
7559
8421
3593
8450
6587
5756
5738
6382
1182
7781
4886
8403
6952
8100
6772
1362
1435
5179
6333
2929
3456
1699
3948
6229
359
8897
7167
3530
5773
7420
4452
775
2978
6311
5225
223
2273
3457
2779
5553
6128
6267
6882
6288
5402
210
4020
2535
8548
289
376
1366
9212
8201
1959
7002
810
6619
4674
702
8431
9164
5295
6680
7403
6620
1869
5707
6543
1267
8572
1537
2854
5709
6215
5350
6182
7724
2218
5977
5632
6600
6568
3463
8832
8869
2333
1488
3630
177
7590
5044
6154
349
9112
6935
4975
6626
2499
1195
3937
1651
179
6861
7526
546
4887
6878
8517
3558
2904
1364
3178
6000
4928
8766
5814
1172
1886
6237
5002
546
1407
6552
4126
7584
559
3671
3105
6192
1222
593
4308
365
8107
8080
4522
1640
741
8721
6282
2858
3633
7656
5044
494
8621
751
8176
771
2648
8099
2177
2901
7929
1563
2879
3074
2248
2188
4273
5844
3167
3854
967
4733
4676
6344
7806
3042
9065
7866
1415
8563
3521
3968
485
2757
8825
9197
3002
2843
8660
1340
4856
3666
9184
1362
251
235
6322
8410
3751
2537
3798
7735
7151
2251
5071
3690
7115
2077
169
2735
904
2381
4505
5894
505
4805
5464
5053
8588
3158
3232
3287
7618
4498
8750
9152
2248
7159
1411
7527
5927
7594
4996
1851
5259
8549
2528
5003
2623
55
1375
3526
2688
3979
5385
4606
1472
3356
3249
5705
8436
6264
4687
4558
791
3381
6332
8479
882
1072
7409
3659
4120
5143
3536
2854
7489
910
5609
9128
6293
4232
7637
3793
7132
6438
502
2890
6816
3158
3579
6710
6388
3357
7941
1173
5769
5703
6193
2345
3024
5917
5008
8677
7325
659
1882
4793
372
1622
539
1586
1393
8130
2883
3928
1794
7197
9338
1832
6598
2947
3355
8500
1633
5831
4387
5009
6785
7344
2778
2539
3645
3181
5709
3076
4462
856
8579
2113
6210
4159
3835
9266
4083
6952
2627
7884
4476
653
176
4714
5365
7849
3345
9379
9167
6656
2887
6156
6825
5186
4681
562
1023
109
3269
8283
334
8006
3420
4972
2170
5554
5460
5858
385
396
6857
8675
1274
4345
2727
8332
4160
1409
8853
7331
439
909
6217
506
1347
4656
4653
7207
8298
861
7597
2729
6568
1353
1432
155
3042
6225
266
3579
405
1905
6834
2382
6774
8723
605
3555
3413
3619
7220
3407
4318
2011
6941
8377
8296
1867
1649
70
6738
872
1179
2691
5482
8288
2773
706
8311
9092
9222
1094
444
4676
1946
8437
2798
4722
6867
6670
4683
6925
3523
9239
5770
2297
5632
404
3464
2574
9023
296
70
4353
2677
2967
7478
8917
1815
2832
5659
7129
2271
8728
4165
8087
9404
7669
672
1780
3996
2600
6606
5468
372
7663
1548
8830
5987
521
9147
8461
5820
7759
9225
4702
8707
7412
5480
3202
2279
377
4824
6382
6173
3560
3587
6710
6661
2691
212
2506
111
9310
5425
5242
7068
8535
167
673
2107
1189
9118
7971
4918
7482
629
8357
3002
575
3888
7540
434
2516
2442
1303
356
203
1677
4250
3201
6979
4121
7618
6638
1815
2859
7823
6859
4181
1209
3105
1587
9329
2904
8976
5642
6769
5573
7135
8642
8922
2833
2765
6090
6931
2665
1293
6146
9031
1074
4562
2554
6189
6688
111
1456
4260
324
8857
723
5156
6013
9459
1402
6434
5439
575
1848
395
6573
4154
2004
9018
7513
3014
6888
8027
6880
9350
9302
2540
4159
217
168
3928
7714
8002
7713
2716
662
407
3610
8592
1256
6993
2280
6004
3538
7119
6359
8492
699
612
1100
3491
7809
5186
452
14
5941
6992
6432
6489
19
4482
9120
1752
2671
4592
6646
8827
6150
6652
8680
8261
7253
4114
4278
5435
6854
773
1689
4071
2101
8679
5338
9369
6270
4509
6501
6407
4370
3100
878
4939
2649
5193
2792
5670
5716
6537
2807
912
5295
637
1399
7696
2757
409
5690
4266
2547
3973
440
5934
7304
794
1650
8051
3820
7830
2435
8599
6440
2870
9308
2991
4221
6038
8448
2012
1640
9028
3091
8903
2098
2307
5139
5707
4875
8993
1185
5353
1482
610
1035
3255
6980
5056
3733
2269
9398
5001
2861
9338
5577
2115
8946
3637
5462
397
1223
6125
1120
8679
7160
2879
8473
2239
9202
3833
6205
2628
3927
2309
4931
8675
6823
5006
8796
8934
8461
9024
9168
1822
327
4385
2926
6137
2789
7458
3862
1125
1455
736
5907
5132
1866
1426
8954
2103
5814
2158
9106
211
5318
5810
3496
3071
7327
1820
8054
748
4839
4227
2891
1000
7769
7606
4375
9125
1500
5662
4787
6784
8870
3772
1238
4236
3159
5067
1177
7080
8317
7884
7396
187
2576
1498
873
8104
7827
9076
7493
543
1809
7559
4649
6318
6212
5720
6729
4056
1052
1674
3255
7643
686
6824
2834
2617
1596
6868
6776
83
9038
4352
8591
3776
6973
6939
2019
2145
2412
6259
1340
2648
3062
5177
1754
9169
2075
4034
454
6767
2382
6946
7467
2943
1728
2610
39
7921
4905
9323
8419
4327
9110
2643
5290
5368
5596
2902
8244
881
1678
4183
1807
9174
7171
276
5472
4552
6504
4193
9151
8709
1652
1692
875
6953
67
8852
7127
3769
6544
2187
8078
9159
3129
2783
3000
5157
2157
1093
4399
9243
7030
1791
4421
3389
1625
7151
1170
8541
5234
7165
3542
9063
2114
939
8058
3485
2635
563
5015
2722
478
5226
8232
6413
2745
3402
7856
1324
4420
1097
1721
2236
8965
1677
594
7710
189
3590
8780
6221
8296
7013
1407
5497
5059
9021
8577
7300
7726
1304
456
8681
5227
7792
8728
9029
9275
7674
5231
4845
709
3556
4961
8472
5872
1477
1815
5077
9318
7386
4201
3208
474
7719
3129
3151
5445
954
6938
152
8157
1257
4347
7913
1542
7626
1777
5230
1926
2743
7818
3428
5826
7303
4017
8607
7141
7159
5811
8895
247
8811
4726
2161
8617
2171
201
1197
9377
8195
2599
8128
2702
5742
8602
3534
7867
7913
2612
3578
3536
5272
5793
826
1538
4544
5393
1635
3956
1616
111
1576
1090
4925
2123
5550
5567
4953
3266
8405
1351
7852
8964
2069
6
6470
2677
2846
6265
5415
3043
1915
4142
6574
7300
750
6785
4674
9068
6396
2408
3006
3536
4279
6149
7622
2799
8371
6727
1538
9233
6544
1659
935
4944
3727
3558
27
5590
3036
1633
5291
9200
136
6806
1305
7996
4394
4171
2000
6581
8657
6982
5717
8236
2673
8540
2557
7960
2591
453
4345
169
4218
1698
5165
1233
342
3555
9398
8057
3400
1787
8983
5697
428
2443
6249
5961
9057
7634
7785
4495
88
1418
8869
9254
8265
9242
7814
1365
6031
5281
7491
2339
8176
1797
2677
27
3046
277
3539
2270
2959
6118
1172
3707
3340
4405
857
1695
4179
4798
8725
2438
5682
2297
8488
1401
2120
1810
9451
1639
4583
2118
7984
9017
2327
7163
1330
8769
8687
6370
7738
546
1504
3976
5010
2737
7584
8891
3361
54
5646
9169
5775
611
5218
1198
5331
7705
8575
2253
5142
4460
3743
2618
7637
5744
442
8655
3038
8991
7933
2516
2626
5609
2836
7222
3036
5533
4403
9121
2025
8967
6588
9423
2143
7890
2001
7037
3433
7296
7909
1493
5904
616
4334
1252
7517
9189
6822
5919
7445
6945
7020
9144
2321
3373
109
3429
7471
662
1001
1817
5375
5364
4123
4858
5550
2884
7339
2693
3885
9330
481
3515
7492
7543
9125
7827
5289
1636
712
7740
1535
1390
9108
8077
6123
2464
7551
6877
5400
9057
8167
7995
1148
9199
8872
2439
1768
1150
2220
943
8457
1605
5248
993
4011
8108
1044
5300
4186
2372
2293
1960
4801
6700
2207
1233
2364
6626
766
3928
9446
8658
2151
9094
3763
3041
6654
7978
8913
3936
7534
7330
4758
3770
8417
1597
3857
2865
8316
9216
1039
5451
3720
3816
4055
7845
2250
3353
1872
743
2118
1116
2156
3964
8114
8853
6578
3031
6869
7502
2200
4220
7227
2272
3554
2029
700
1686
5075
6342
1812
4353
7163
8228
4960
8981
8910
474
867
4137
635
1471
770
1691
5034
2713
5196
5694
5667
9430
1308
2105
8269
7156
4109
4818
6480
112
3271
5692
1553
2105
3857
8127
2141
6974
8449
5934
6765
9347
1475
4709
1564
8979
6619
4070
8138
4618
9027
5693
909
5808
5263
2995
6066
5601
55
6971
7264
7742
242
5748
8446
1505
6046
4367
7698
7413
1924
8981
4401
3243
1834
868
6215
7370
9262
5926
254
5075
2334
4870
6391
2518
3786
4976
8274
6063
6504
8701
8848
8092
6915
5286
7896
4603
3002
3307
2510
7251
84
8587
7192
7350
4374
9026
5882
2475
4906
7100
4010
2819
5283
8444
8481
5784
1598
7727
8784
2165
6053
5158
5309
4437
4386
3096
3375
7588
3279
266
3814
4509
7468
2673
4454
31
6267
2402
800
9173
208
4581
3164
6450
8683
484
5200
2335
2212
8493
7283
4730
9189
2962
2055
7867
5409
3445
7868
377
6199
2101
1767
6887
1300
7978
837
6298
1006
1476
5658
1511
9396
5247
3403
7984
7067
7658
3957
2693
4521
7103
5180
9135
9161
3459
2056
9256
7508
2634
1424
762
7524
7667
8578
523
3474
6575
8055
6408
6660
4844
1062
1158
5608
1851
4291
4993
3857
6428
4376
4451
7682
566
5231
2829
2445
4706
1673
1291
5675
25
8386
5864
5116
2193
6062
4828
5248
1979
1875
489
8743
8902
2861
4220
3013
7425
2098
865
5196
1910
9255
4468
8061
4549
2121
7288
777
6414
8172
4545
1772
2312
5188
5943
1239
4669
6478
1114
8861
1692
460
1294
2137
3948
5292
8432
1032
5038
8251
9213
2917
8542
2272
8909
8743
364
6187
8022
2665
6816
1300
9359
707
6700
3022
9109
7130
5381
4116
1207
819
3505
6007
149
5795
2654
2866
4678
4454
7408
8854
9131
7342
3712
31
3394
4006
7813
8989
4327
7106
7693
8793
4287
7563
7768
1830
2182
992
915
5645
6083
6005
5022
7849
4850
2922
6519
6125
5708
2658
4231
5
1312
8241
4428
2747
1984
6497
8461
1325
7594
4104
2711
4292
8219
2335
255
3146
6189
8976
1387
6367
2238
1571
6465
1287
8461
4619
1448
395
8100
7821
7699
9461
2747
843
8717
1302
9406
2245
2898
2020
6761
8114
8435
8050
4678
8955
3395
8776
5763
19
1856
3417
7409
6637
6754
3283
8677
6552
5042
6536
4982
8398
1720
5215
4518
8627
730
2965
6667
9011
7096
9089
1211
882
5807
2255
8734
6233
2424
5226
7113
8143
8892
8240
6516
2358
8789
2938
2385
2804
4672
4407
1550
6450
1165
1866
1941
6376
779
6372
8285
8656
722
6406
3131
3188
6282
3498
8059
2170
3854
735
1446
5058
1941
6215
139
8709
581
3494
5472
7995
6370
7429
9152
7760
1871
4096
436
2894
5913
4257
6645
7163
8010
2678
7903
1722
1832
6012
4259
4153
7428
6879
9409
2362
316
9104
1764
4608
3679
3008
2162
5294
7745
8036
2286
9448
1817
9163
4419
1624
6880
7295
6174
5926
6628
1991
2497
7875
5738
6495
7514
7097
1572
4528
2226
4310
2522
3061
929
8248
7137
8800
4617
7572
1099
1379
6090
4285
4598
6829
221
5579
6792
2592
5050
1825
2186
9271
7873
5696
4971
5469
4530
4673
2292
1305
4975
3829
3986
7987
1567
6276
199
9403
9496
190
1623
3285
730
8115
2731
4604
8390
3194
2433
3798
7406
7317
2769
3356
4834
7125
9079
3369
9205
1661
6216
268
467
178
7816
5094
4505
3998
5401
6777
4142
5985
9371
493
6116
2538
8194
1632
6869
4067
4191
3405
2056
551
213
8354
4219
330
1604
1115
7789
8492
3517
7280
6182
1781
1476
9340
1221
273
7863
8785
8302
4912
5069
357
5991
8524
7622
5435
5915
6941
4824
175
1461
9334
6425
8300
1521
6694
3092
9491
7940
6385
3968
3780
2772
8966
4646
2053
5327
5421
9462
1978
2199
2375
7789
7743
7995
8147
574
3138
4246
4201
8760
7615
3360
1667
4951
1216
9416
706
3844
8865
1821
5471
6192
7170
9252
3864
5129
7736
7145
4923
752
7740
2167
5536
3325
9100
9203
6089
5466
4101
7798
1196
3531
8111
4545
4506
2995
1555
8471
8161
4846
1320
1028
17
247
2505
6730
1253
5986
8163
2606
8454
2835
982
8459
3722
831
4358
811
7108
7842
4781
6368
2498
8400
1384
1743
4521
102
7548
9136
396
5005
2015
510
7073
333
2383
2128
7404
2280
1201
6472
6598
7423
1190
5906
6070
3242
5514
4858
3560
8950
1309
5858
8788
6957
8173
4580
2818
4658
9295
7950
409
6972
7781
9089
6952
2863
3410
956
4631
4043
3591
3248
7066
3102
8664
1664
3159
934
4201
4049
9453
2371
4555
1527
1699
4347
6657
4579
1396
7938
1688
4351
184
7750
1587
7837
9423
7429
3246
7826
2963
4186
8934
3513
5653
4555
7284
2283
5263
9206
5340
8444
5198
8747
1115
8190
1323
142
8052
7926
6798
4981
5359
755
6548
9252
9188
6004
38
7302
7093
4310
2294
7687
3543
2239
5426
7874
6932
5884
8650
6065
698
1326
3715
2730
8659
2671
578
2469
4179
7205
3852
4445
1011
8741
2308
7128
228
4055
5382
4159
1857
2807
9027
610
9397
6468
518
1317
6625
5652
3759
3170
8618
3664
8531
6589
802
8766
399
908
8198
2767
5213
9449
6626
1181
2021
8884
5342
686
9243
2091
547
7022
6837
7617
7739
9081
7371
4640
7443
4425
6391
4307
4452
3729
93
8575
7663
8139
6227
2412
4423
249
2360
4923
3860
838
4130
7687
3834
5810
4000
6797
6404
4332
5606
4183
6481
8173
8959
4068
1477
5405
8864
8061
6516
3711
5023
8625
8957
1313
850
3184
1922
829
8184
3623
3245
8340
6420
7839
815
1640
8379
7292
2165
2920
2921
4939
3154
8144
2352
3954
3841
1105
1073
8042
5706
6066
8403
3613
6889
6193
4296
205
5998
3115
1131
3426
5009
9458
6717
2565
9203
4592
3914
8741
1603
5151
4173
8540
7923
9440
3192
4839
6884
5916
4782
8771
8779
9355
5998
1547
5418
2896
5944
5357
4207
8531
8819
925
759
3980
7166
7989
1250
7029
6783
3271
5328
3176
1101
2507
6715
8928
1711
3175
7273
973
2673
6766
4779
9196
7330
4474
8042
8275
4586
5986
3105
4891
8285
9120
6628
2887
6846
2605
5841
2367
1808
1203
7464
3425
5310
2171
1774
5627
2366
2276
2478
3254
4342
9039
954
9308
2112
4367
3400
6123
2082
5103
8305
8686
5929
6107
9361
3142
7754
7292
205
9087
2498
7048
4434
6008
2478
2689
8585
3672
5591
4221
6411
9075
6398
5890
5205
4462
2285
7615
4793
5389
8240
1052
3124
5978
4466
8925
8132
4449
4842
5928
5320
3132
1939
4550
3206
6419
200
3107
7734
1574
781
3089
1633
823
9312
8466
485
7853
5255
8532
8101
1282
3480
6462
6160
3215
6854
3323
2019
2096
8502
921
8317
1526
5137
2967
82
5888
6214
6581
8739
7298
2550
5860
2250
5432
5980
6785
8185
1796
4000
5299
1679
390
4103
7215
3562
75
2856
9230
8172
3044
3993
3457
3675
7875
6258
9446
4051
1310
3229
4879
8144
4993
8740
4292
6393
5913
1871
7316
5058
8989
1682
5205
3527
602
9411
2622
4169
8933
2228
5104
6682
5791
6953
7130
8037
2080
6030
9078
2170
3124
6191
6439
5410
8230
8038
7688
5898
6414
5169
5357
6138
4485
9236
9016
4138
4975
6651
1320
1022
1619
4574
3019
3834
4290
5269
4305
2727
1905
641
3637
1881
473
6283
5352
2412
4682
9182
8937
6238
9435
2
722
6800
6495
2058
2054
2998
9026
3237
3326
1824
8140
4641
2674
7286
5014
6884
2975
4250
8128
4197
6628
436
3922
1568
6435
1806
8601
3234
6723
8914
5120
5565
4265
3212
4492
9231
4668
3716
3465
5225
4727
5048
7705
6640
5609
4870
6467
2027
5118
614
545
2330
8127
8676
1566
7420
7007
4694
9418
4635
3009
1344
2866
4839
4027
6727
7064
9166
1309
5073
8218
1478
4428
8209
7593
3083
777
5759
8461
2288
5312
4700
5420
2734
4124
1084
7802
7328
8706
2061
4402
5149
8888
7025
8704
8860
8838
9025
6585
632
6439
1823
3950
7572
8696
1188
8229
8391
8647
4669
9056
8991
2757
6810
4868
2605
5287
8780
6634
7963
4588
1536
8012
8459
5685
3189
5579
4664
2404
7424
8631
441
8929
8020
6843
3876
1338
4859
1916
7008
6848
3556
1651
8876
39
4135
5881
6252
4543
4806
8120
4356
1827
6442
5745
6063
3534
641
2327
9494
2904
1303
4181
7286
2314
6973
7585
4132
6086
6751
5230
9434
8059
8693
7445
5843
1839
5402
9420
6748
8377
9200
6486
5715
3381
4133
1081
6239
630
3815
544
4495
4277
6088
8211
9481
921
3051
6457
6073
7103
7196
1148
1757
4172
3219
5560
7911
5533
7171
5809
2639
3892
413
9045
2635
2681
9393
1573
9250
4372
8027
8160
1278
2829
264
6656
9176
8456
6023
6929
6851
9254
78
3713
3590
4715
3478
3425
63
6054
7919
2206
4699
3687
3457
496
5895
4057
219
726
2219
494
6056
805
4089
2981
8359
6749
74
6976
6395
1467
7571
5234
3767
3432
3930
8801
5203
489
8208
344
2653
424
2263
2724
6855
3238
1583
3733
8352
2480
7475
527
3577
7398
966
7931
8644
7233
2292
5812
2185
595
5496
5431
80
3007
684
8065
1986
3597
7437
7806
344
6046
6808
1842
6496
4345
9092
3555
2647
3364
8726
4311
3744
8137
2307
8585
1739
3065
7280
4366
233
3926
8852
3094
7475
9453
4814
3939
7962
1923
3653
6295
9261
4982
8646
7706
4132
8435
6940
4700
6557
9473
4522
1459
6984
7152
5155
7073
5691
6537
287
4729
4694
8388
5689
489
1877
6346
8573
6349
4959
7994
1447
4418
4516
845
8559
7707
2190
6178
8837
8687
9468
5555
7853
2353
4763
6686
3898
8251
2310
8753
6549
2143
8636
2843
19
7388
6236
5740
6722
4796
1646
2575
6346
9165
6767
1629
2209
2189
810
7442
7312
3958
7376
3711
6622
3278
3671
4632
588
3913
2777
5281
1753
454
2989
3125
7892
390
3390
3981
932
6434
2501
1749
3741
3050
8365
2209
6184
1672
3616
6313
1217
334
2300
6392
4603
3450
1639
3014
333
2499
7171
697
5355
2640
3143
9055
3783
3695
4319
1013
6361
8125
3756
4688
3754
6292
6216
9251
6938
8878
7898
3442
9297
8626
2230
6993
4437
3869
9483
5895
7886
6327
8277
3567
7266
8116
4088
248
8030
7612
5005
150
451
490
9271
1955
5468
7393
3149
8998
6987
5818
8988
5609
705
34
1186
6801
5291
5035
8037
4797
6722
6157
9470
314
4350
721
1759
9040
6526
7846
8273
4412
695
356
8023
8478
1861
3289
2932
292
1451
4804
7209
7312
8051
9028
7537
1075
5598
901
9354
3476
1132
2171
7049
3321
3615
2423
5519
5441
7536
6791
8658
3855
8194
2634
2156
8815
9325
8715
2311
1916
966
5578
5848
4632
1139
5599
5379
6137
9047
4643
3498
4054
1107
3889
8952
9273
1231
7119
819
5948
9430
8577
2102
2681
3869
4878
1069
3643
6898
3976
5516
2176
8148
7676
1132
6318
4301
6080
6138
7415
9437
7585
8370
2535
2850
7968
4247
2230
8383
553
5745
9267
4385
1077
3666
8811
2780
6817
4974
8598
2442
7347
9150
5944
7647
1613
8379
3592
963
7454
6703
5617
6295
3897
7400
8000
3407
5549
5826
1286
1925
4050
5058
7069
9174
9406
9064
5524
5091
8028
3791
7942
3182
2936
5829
4796
5637
5304
1650
516
728
349
5043
1689
488
5282
1766
6365
2781
4203
7824
2454
3991
6151
6601
7451
7760
471
4357
445
8723
7348
3832
952
7302
2968
510
8268
7832
2067
5168
7284
2811
6879
5336
932
5283
7307
5977
6086
7108
215
1879
3341
8062
2665
7128
4452
6843
2693
7429
8347
1018
7480
7586
10
5944
5090
6844
4136
7178
7274
5679
5256
4590
3599
8556
3335
885
7910
2622
8460
7655
8606
7979
4627
395
1544
7417
9390
8146
7487
9073
3746
4442
9212
3692
5343
3316
5449
3065
1486
896
1387
6836
8149
9143
8388
8468
2557
8067
3758
7940
9194
4162
6566
3551
2104
5651
5702
1481
5568
5193
8837
4231
7370
3660
6796
705
4828
1928
4057
3869
627
4806
7248
3110
1734
9207
8156
1976
1577
152
8183
8689
2653
2573
7491
2349
2290
8595
4605
1346
8863
5588
7932
4895
2112
2162
4425
1309
6340
7252
872
6074
3748
6333
952
1115
3321
1425
9416
8406
6631
2668
2861
2380
1766
8587
136
8609
6050
2565
5336
3243
4521
9045
7425
8752
4884
5114
604
5470
5651
1220
4148
7295
9487
2151
7701
4586
7619
734
5970
2255
8845
1533
5425
8623
4433
287
680
9328
8148
3591
1907
119
3961
4903
1601
80
2273
8524
3461
2279
7239
9242
8489
3236
872
6644
4258
4650
8522
2451
3119
8611
1665
5608
4489
3152
7228
4587
5637
5459
7555
549
9459
8406
168
2664
2306
9373
351
4682
5296
7893
6081
2517
9125
92
5571
5828
6285
2766
2803
2833
4727
4880
6281
4495
1035
7248
9077
3713
2372
8755
7345
7894
7180
7504
8896
5801
4772
7029
3910
1750
3617
1542
3559
4070
4808
3761
7365
6802
8881
2684
9496
6212
3305
3766
1612
211
6592
7065
4263
5695
8746
7656
1490
7799
5501
8390
7280
400
5559
4903
5962
8934
2409
8313
9152
4524
2898
8718
4853
8868
2324
642
6267
8160
5287
2723
7279
6680
2403
209
6353
8440
2096
7091
8647
901
8207
2712
7579
8705
2824
1039
4670
5926
6407
6954
5549
6494
6096
2334
433
1140
1851
3429
5058
7664
4238
2841
6778
2842
7027
1767
9324
3180
7176
459
8593
1852
7933
1895
154
8088
3963
495
5467
7841
7794
4388
4033
3789
856
6948
9314
8959
3476
7307
6920
5187
1469
126
6016
4969
5467
9076
8217
1763
6277
2238
2943
2182
276
6684
149
2710
4655
6723
4015
7891
509
3204
8690
8368
9024
3450
6620
4846
95
4450
1397
2003
5855
1778
7133
1242
5977
581
507
2506
450
4026
5485
6337
965
9101
1802
9332
1841
8060
4963
4901
8027
3295
2411
1202
2293
5522
6418
3043
6556
1459
4091
6643
6217
2598
1459
4170
9059
55
484
4163
1078
2135
7951
226
7122
6923
6802
2297
6314
2991
2414
4677
2980
4838
7721
1130
2970
7468
2921
1149
8653
8395
8803
1754
5696
1770
7526
7882
6970
7407
7059
2253
3202
4533
9053
7321
3730
2319
6265
6126
7356
5249
18
3116
5254
6144
4429
7355
503
12
8156
8564
9363
4952
7321
8936
8367
7064
1962
3403
9481
924
3975
8734
4602
8480
3118
6140
5673
847
2212
3091
1982
7504
2228
8231
8292
5256
6644
7268
2161
6330
6368
227
3183
8909
3701
5790
1220
3081
8408
5424
6028
8835
9277
3631
3811
4605
5100
9104
800
1633
8466
7802
8215
4433
5939
3392
2005
701
2886
7600
9460
5586
8023
6495
8610
6190
3136
6272
5573
6298
2933
6146
3650
5492
7249
608
824
3603
9455
1630
7538
3645
8363
49
5285
4975
3856
1463
9430
9479
6488
2096
347
2968
3264
5427
5049
8276
2470
2363
6530
6757
7594
8819
3566
8109
4099
401
6579
5716
3867
7403
7982
6633
601
292
3180
1694
6558
8063
1103
3777
7120
8779
158
8804
2069
4121
7241
5887
2650
8210
1321
7082
8278
3409
6864
1675
2094
5315
3843
2505
3912
4861
4605
6662
1187
3662
3572
3414
6582
5760
5539
4296
3996
9352
5762
17
6844
7109
1017
7503
7990
1089
2567
1478
1659
7
392
3345
374
8491
4637
5782
788
4940
4260
2709
2520
656
4443
5977
6041
320
2633
2166
8250
2122
5816
391
8959
1316
4210
3946
6051
647
4780
1101
38
5100
3612
9049
2571
80
5394
310
6632
6407
6874
1156
1465
1154
4175
1345
4404
6723
470
2897
4436
2052
8748
4515
6290
5255
6570
3921
8219
5815
3440
6426
2877
4931
572
4500
9061
4764
4982
3376
6402
4605
3118
8144
7205
6030
9377
3659
8187
2910
4438
4183
1772
1524
7075
7860
6910
4068
2752
3987
370
7393
4670
5103
3587
6856
6994
8673
5450
3217
2877
8034
8421
5620
3987
9210
8040
7714
8130
3643
4429
1867
2853
9267
6189
9404
7058
5964
3590
1301
5734
641
6308
3800
2943
5740
6277
7733
1848
8911
7582
5845
3466
2122
6837
4450
8028
5101
5171
6298
674
8688
44
7761
7071
4946
2729
5998
4373
7180
2975
8571
2481
8537
6161
548
6470
9140
3169
9200
4910
3001
9263
8492
6754
5565
3916
6813
6191
2116
7146
8233
6471
2563
9442
4175
531
2571
4385
7962
9015
4883
8481
2273
5957
9278
8112
9040
2438
5385
1264
269
7686
8677
7684
1371
1584
3876
5193
2479
6759
7262
6774
7448
7176
3560
1202
8759
3487
8932
615
7869
6034
5608
9066
8657
8815
6406
3859
3589
5285
9187
6110
2299
856
3383
795
8771
8474
611
960
209
5886
697
410
442
6975
139
5384
589
3739
8894
7165
85
268
4909
7743
2874
2530
763
946
5615
2235
6945
4024
6165
5408
3584
2592
7287
5288
4093
8290
1213
1425
5539
3460
6602
4662
7863
2702
6043
5849
1901
9033
1848
1381
3734
1211
6155
8271
7291
3997
7082
3638
5475
4494
8437
6936
5627
8595
6779
6288
4296
4922
4462
8788
762
1257
8421
7913
624
9407
3138
7082
1050
975
6229
460
4743
5113
7918
3043
8787
7351
4235
6020
3059
6415
7093
8683
5183
1283
1365
7436
5359
1184
1802
3119
9432
72
28
8439
6526
7125
5021
9204
2381
2821
8004
8366
6455
3584
3552
619
806
6728
6531
1867
6788
2772
9047
7144
8341
7883
796
9438
2530
8021
4903
105
2192
6162
6433
7867
4540
3042
8422
5863
3755
4825
8135
8860
3411
591
7329
8543
9002
8566
5245
6857
8559
921
235
4780
2474
2016
1980
4304
1440
3749
4217
5389
1620
4055
8694
2404
6035
467
8864
5061
4470
5114
4336
2100
4740
4598
617
5706
4191
8905
7893
7397
9482
4313
5699
6911
885
2264
1041
4795
8498
2590
9492
2195
5148
3720
9301
570
768
5564
6027
7790
9240
671
3001
6441
6101
1525
8459
76
1134
1671
175
7678
4400
8004
658
7642
5131
1550
2213
3276
2525
7070
4887
6466
4961
4970
4926
6156
4107
6189
803
8387
2276
2857
553
3088
2065
7941
2654
5105
4281
1119
8060
9290
6745
1412
2799
3483
2451
5974
1404
7734
13
4380
6344
2437
8456
2574
4623
2183
3625
9097
91
6177
1661
7917
373
726
7172
557
5353
3133
3036
5961
3715
9308
4915
1159
2936
1498
8659
3192
958
6972
53
8920
3812
198
9231
1979
2709
4505
57
7154
1189
1225
7917
3319
6450
7224
2395
7972
1739
126
1841
2174
5641
7686
1436
1222
480
3180
8560
1638
989
4612
668
1522
660
2630
1968
3850
8855
2529
5142
5871
1736
1389
3939
349
9330
3902
4582
1441
6982
2949
5032
4673
7653
1678
2669
1519
4383
5605
418
424
9407
3798
697
1164
2316
5685
8030
456
2702
8779
3615
3245
1176
6725
8140
6747
395
9375
9060
2675
1075
1855
7208
7376
684
2741
3699
6642
8128
4522
2058
8559
6828
6725
3921
2861
3124
8422
5673
803
3208
980
2688
1551
8012
4160
6569
9090
2660
8049
2661
3388
2728
8779
4665
3454
505
7619
9451
1696
2962
9463
4901
2328
3872
2541
9140
4997
3050
8207
9250
681
8101
8124
4480
1016
1506
6716
3671
3173
6066
151
2355
3385
3187
187
8963
1734
4288
9215
3071
1514
5282
1906
4621
5066
4859
7403
423
8028
1578
7384
2719
845
1067
8986
1722
2226
5320
7736
2248
4168
829
6883
1235
9447
8423
6500
5225
3566
4087
6414
2024
8596
4616
3909
7581
5503
7572
6913
2555
3572
5751
551
8832
9417
6263
2499
7828
7659
2666
201
1050
1715
3585
3612
6256
5103
2641
908
1254
7543
8947
8027
273
7073
5280
6934
762
2460
3815
8027
346
3609
1064
1797
2926
5121
9102
1145
9072
6722
1310
2527
5226
6339
6793
4113
57
6384
613
2925
8294
374
5684
9242
6759
5195
8713
7689
7597
4639
547
7209
439
2425
2564
9001
1661
4136
1174
1148
9281
9010
1521
3900
2628
4466
7559
7634
549
7175
8403
6527
1714
9251
7316
7465
4996
5725
1757
1564
3141
2088
2676
2801
6028
7342
2276
1291
2326
4594
1442
662
4019
6272
9050
2441
7670
8526
7394
1422
2100
6373
2672
2667
5091
8045
6364
7512
6958
5810
318
7217
875
4371
7521
9300
1036
5099
538
9263
4081
3791
8043
8399
180
997
5979
2260
6330
2217
8613
6949
9038
6931
8774
5347
4453
5874
7999
7061
1098
9036
6869
8709
6280
8975
7273
1633
8976
5703
4505
6934
4707
6255
648
6685
3395
4988
6516
5626
1126
9048
7730
6708
7745
6346
162
2071
6643
8379
7450
6022
6689
5453
7939
432
2212
9416
1570
2015
2695
1078
841
303
1581
2674
4788
6534
6893
6822
7840
5815
1019
1135
7928
4670
5200
4497
8349
4064
6144
7766
6467
6560
7799
797
6773
2300
5859
958
8801
261
9173
676
8893
5134
9483
1748
3195
2298
3061
7087
6034
5817
1290
5327
9337
3698
5748
6430
3574
682
4978
1557
3205
4683
4708
7205
3014
4962
5136
7460
1802
8394
2615
5219
7081
2041
3747
1787
6390
1496
3936
2099
6291
1290
4942
7598
6979
2310
9486
4471
3508
5680
7854
2655
7081
2870
4135
7383
1591
8436
7761
1796
6843
2338
2732
5032
1977
5582
5963
4894
3186
6345
3682
7620
5122
4207
4050
3664
652
4974
7785
9013
1816
1306
7178
3183
9491
2053
229
7223
2515
5065
4918
3955
214
8771
178
9292
8661
4746
3105
5575
2152
325
9458
5341
5240
2700
2923
2573
6383
9140
2733
6910
8619
659
7067
5810
8854
6572
454
1304
4440
1545
6632
3991
310
5302
8753
3683
3549
9228
4136
716
9390
8201
1398
5902
1324
2437
4995
7768
2051
5454
7042
7588
7853
813
3465
3517
1271
3764
3888
7247
4340
8227
3820
7669
3724
4685
7887
1381
5404
8981
2074
1387
7721
3248
3207
8047
2920
7970
9491
6029
8040
4323
4148
1914
2602
3229
854
7301
2263
7818
5056
1214
7135
8409
2555
4323
2250
6353
3043
8902
5697
2080
897
6676
927
4132
1045
1691
3896
850
1805
6703
8237
1986
5356
6905
9402
6968
6403
6436
8288
7449
4267
4065
7558
8155
9015
7563
392
7974
2123
7830
9251
5007
6457
4401
9083
3199
7678
2333
8760
4116
9261
8233
5178
5288
1685
661
7055
4902
1521
1835
3912
1810
6494
2069
9115
9360
135
4949
190
3781
7468
4679
8902
2554
4016
2849
622
6456
600
4430
1955
5759
6927
5501
8097
9180
7778
1140
361
273
5802
9125
5399
2612
6138
7646
773
12
6779
6622
2956
5020
2615
2141
5757
5991
2200
4531
5489
13
7075
1301
1304
3448
4771
4751
6983
5547
5049
4645
3653
6747
1321
180
499
9484
1040
7027
4691
3975
3949
4672
2288
7070
4367
1563
7667
5263
7299
8122
6206
3870
1569
988
2059
5835
8072
9293
8841
6145
9018
2922
8332
7230
5181
2179
4145
7013
2273
3887
8549
8874
787
6123
8038
8250
5403
5562
1990
4672
6184
5106
2632
3132
8663
108
3149
3391
1240
91
7470
7361
704
5341
8439
4128
787
8368
1289
4561
6628
4015
9170
982
4564
5495
3688
1222
2798
1087
208
6132
9058
3912
942
6138
2171
6622
5615
3653
6638
5939
554
1290
8044
363
2336
3560
2257
5313
5811
5178
9359
2778
8321
5901
568
2363
2142
6036
6283
7379
8869
5147
7596
2896
6382
8220
6249
2295
2091
8901
3602
9399
6028
1947
4694
5089
7105
606
3839
5140
5619
6308
9341
5963
9368
9044
1159
2859
5538
3010
706
4118
5439
3388
7590
600
8638
230
7738
9335
2820
8959
6070
2972
2606
8740
7530
6077
740
5935
9466
8655
3907
8438
4844
4093
4294
5701
222
128
7149
3823
7372
4154
917
4144
4811
2085
9119
4086
5643
7177
5490
7749
9068
8965
7571
6641
3844
8591
2149
5373
2778
36
5936
2803
2185
1310
1846
1260
3355
8747
346
2678
2307
4634
2095
2345
7314
74
9268
7692
6948
6531
1398
1515
4350
9071
6966
7407
9104
1725
2174
1308
9324
2993
8610
7433
5401
4496
6376
3469
1795
6505
1852
7510
4253
8870
9479
1028
2664
457
644
8873
3457
6637
2744
7088
878
8603
7609
2479
2818
3379
6893
6423
3438
7918
6391
8682
3925
6858
8172
3577
5664
642
3299
9473
5905
6714
870
1005
5093
2159
8789
5245
7266
3084
7033
2030
6591
5507
4789
2523
4391
4786
9285
3778
8862
5683
9189
3113
4450
6046
302
6439
4687
2996
8675
8543
2412
2407
6495
4139
3797
3154
7024
5750
6020
4781
7201
3110
1466
4652
3406
360
5739
3227
9354
2438
2667
3653
4626
6663
1753
9439
3644
369
811
5454
1347
3291
2884
7433
6814
5737
3905
8982
8613
4802
4947
5909
2449
8000
4765
2487
4357
3604
3643
5480
3372
9143
4074
966
5787
3176
7748
1791
556
6714
6061
7935
211
154
6284
4985
3529
3304
7298
9217
7500
2893
7840
403
8172
4106
3228
7374
1458
5623
6598
4415
7299
2636
9487
1101
9424
2851
246
6632
2946
8331
7965
4698
7623
3579
3169
1439
2386
719
3002
3474
491
8396
8936
4658
5028
927
2736
1803
4984
9382
912
643
3548
6195
8398
4742
3339
6339
6398
3231
5973
4009
8322
5127
3606
5199
8767
8390
4853
1677
1686
1589
6566
4398
9005
5797
2115
4670
8198
8505
8284
5573
1307
5182
709
7986
1748
6370
574
8198
264
3738
5049
1447
6852
1541
6739
4382
4178
2579
4392
1009
2424
4394
4437
87
3953
4076
8562
3726
299
1902
1828
9293
9253
1271
7286
5898
3585
3681
746
5915
2925
7823
1038
1898
346
7193
8125
6896
1680
4303
7154
8933
3713
8506
2145
8033
3132
5194
5754
8471
8894
7198
4598
423
9048
1483
5465
6033
1888
2841
6199
2335
5846
1227
5178
7881
5646
5916
5483
8383
6470
2767
3434
470
5964
8307
3353
516
2440
4913
7644
7565
8321
2104
4530
1569
1303
2731
6226
2645
7995
4679
8001
1725
2828
9287
1115
6011
9440
9106
1336
3187
6376
5341
8927
2798
9036
8221
4932
6481
7803
4449
4459
7517
3064
5283
5739
5504
6937
8386
2908
5029
1239
9124
1063
8326
5774
1013
3199
5082
8345
86
2263
2480
4139