4347
1775
1512
5708
2973
911
1025
4089
4850
5325
2443
3207
1610
566
817
4638
2775
2540
4286
3821
1377
1008
2047
4147
3287
3299
2617
3779
4298
5057
3591
417
1771
981
1170
4515
5361
3284
1967
5911
3439
1401
1391
1571
491
4753
923
1127
2862
4543
3596
3630
3594
2939
3601
2875
2562
4861
101
3316
3076
131
689
4199
2853
5676
1658
276
1944
1391
1853
5797
6082
5883
5157
4225
5671
1165
1080
2770
3866
4042
5198
267
1514
2194
4558
4932
3925
5842
1047
518
5950
3042
4066
1057
2499
5561
1775
1351
5214
4178
56
6062
4070
1573
533
931
3221
5119
865
5746
4511
832
1675
5491
5945
3333
3922
1982
471
6021
653
5555
2870
2720
3095
2444
5907
944
2914
4176
4148
2888
5576
901
6097
4617
419
1446
2664
4825
2121
48
5951
5367
4843
4330
5860
3276
2672
2904
3896
5144
3064
3288
1226
375
1670
4133
4294
2073
1667
3291
3434
2803
1369
2695
469
6006
2784
5597
3797
4240
2795
5106
3920
4422
4223
1208
2805
4647
404
1198
4331
4718
3579
1630
4463
5740
130
5934
2612
3658
69
524
1329
2912
3587
3563
3927
1302
994
1105
5866
3653
2962
4309
6042
2648
5329
343
3206
409
5249
817
2234
1035
2950
4668
3658
4608
1976
4443
434
5944
4114
1449
3865
2760
962
3124
2514
2301
5744
3926
2279
4124
1516
2640
2819
5340
2228
2425
1288
1626
2518
5469
1494
3988
3529
5155
5958
2928
2375
756
5391
218
1893
4096
1665
4066
4862
4157
5424
4183
709
4308
1827
560
2314
1611
4302
2365
925
1409
5137
4085
3489
4787
3168
884
2212
4576
474
3634
1348
5380
5632
5498
2920
1905
1789
5667
331
93
2340
2115
3508
5228
2027
5847
5569
3935
1927
4311
4243
1952
4434
2499
3691
451
1941
1893
2478
501
801
4153
3419
3932
5789
1609
3172
888
1258
2943
1477
5840
1179
4021
4351
5493
2223
1103
592
948
172
3552
221
273
5848
2922
5217
720
401
1323
653
2158
2624
3161
1187
4543
3496
5747
680
2036
3364
1904
1950
3472
451
5976
3814
3858
436
1510
769
5675
1970
1567
2140
4798
5514
1298
1778
1382
5313
304
6032
2007
208
1708
1320
564
5349
1135
2627
513
4040
420
4483
4279
504
2667
745
168
3346
5777
2561
4546
9
262
1981
498
822
4790
1639
308
1859
5225
3547
4851
1917
412
4415
5577
1488
3456
1948
1016
4713
4687
4272
149
4682
1217
3200
3388
5791
4069
5889
1734
1287
4679
4376
1099
3911
5145
2396
3382
5674
4978
4312
4572
355
5059
3520
2049
3054
1722
5186
3710
4973
453
3023
1756
4482
1831
5055
3809
2592
6088
1278
3686
5169
4556
231
5265
3379
435
4930
1045
5025
5487
5034
4807
1176
5107
2561
5516
2936
2305
4494
5477
5977
2628
4501
2249
1549
5054
327
166
3197
5852
3319
4218
845
1796
5859
4726
1156
5110
1745
5301
4353
6080
2770
2370
3055
5665
2729
2758
5802
3105
4023
2309
5487
976
1355
4764
5033
1264
1012
879
548
4237
5826
954
4313
5676
2329
2522
4666
723
5258
6083
1138
1623
2722
670
3054
4407
3880
5829
5902
3295
6060
5820
610
2502
1242
3394
613
960
136
3229
920
3764
2221
399
2670
177
5810
803
3711
1440
4709
3048
1271
216
5819
2173
1677
5523
2334
5838
4619
3134
135
1292
3942
2329
5004
2114
1999
19
2835
4758
3743
94
2513
207
1075
1122
1263
5317
5807
2871
486
1711
5150
5697
3171
1132
3128
3598
5171
1245
2272
1397
4213
2186
2821
1484
1485
5122
4292
6024
5676
2743
1804
2993
3496
2577
4438
1366
3034
4513
894
4947
2617
1674
4935
4873
409
873
4187
2854
2390
2994
6008
1533
4024
3155
5616
1084
4801
4067
1101
5083
4458
4489
2320
1694
1829
2519
762
1667
195
911
5470
3693
3654
1371
2064
3091
5806
727
5396
827
1815
4459
4404
2766
2020
1601
5758
5160
777
4655
2581
2600
2239
1528
2690
4111
1511
3684
45
4069
3638
5530
2944
4019
4787
2979
3665
4243
5278
5858
4593
3215
526
2484
560
3793
606
4077
2924
4371
2293
1181
2718
4931
2193
622
4750
3267
178
1966
804
177
2858
2256
3107
1025
1784
3574
659
5142
715
1476
3563
4209
1311
3098
974
1802
3077
4741
3052
5659
1389
5932
3592
5024
2261
4742
15
4833
170
2465
707
2642
1158
2415
3056
1535
5493
4986
5330
1529
3021
1187
3902
2946
5020
5974
5123
3874
3145
5997
2778
1422
6082
4693
4058
2113
1072
2974
3239
5443
4524
2006
544
4304
5727
1046
3224
2478
5000
2916
4068
5827
1478
750
3925
4906
3749
1582
2596
2711
329
1153
1222
3116
5332
2846
1258
5717
5463
3188
3748
3033
5259
3102
886
218
1745
2906
4751
3478
1134
2600
929
4515
917
3712
5602
1197
496
4314
4100
4016
1931
5780
2567
5324
3335
1539
1504
701
4485
3003
1725
2861
1267
4701
2827
2262
1355
5365
122
863
4614
1297
3445
3582
671
3307
5434
1797
5633
489
1276
2330
2408
3684
4477
5105
4463
221
997
3574
807
2287
3099
433
3045
5453
3221
2601
2063
1129
615
11
2673
2869
498
6033
511
5911
5992
4426
3769
1002
2234
1410
2807
2365
1510
3784
3605
2765
444
283
4183
706
5888
4885
229
6008
2455
825
2037
5136
4892
5743
5385
3050
2913
2414
4842
5526
1145
1245
5322
3045
5693
3620
700
2743
4929
614
4895
1484
4002
3166
1376
161
3761
4575
2697
107
4403
3769
1596
3862
521
3972
3718
5352
4155
3476
5356
2060
3476
3565
2294
3042
2141
1879
2418
1101
5285
4158
5164
859
4164
217
3388
312
4041
5303
793
117
1549
2097
3880
4817
1568
4201
2745
62
186
3558
4699
4699
1596
3334
2438
3084
4406
1795
4934
2707
3449
2927
1182
2258
948
6093
2438
4135
3312
4047
3612
3187
1293
362
5375
4120
549
2766
3500
2851
1061
1320
4438
2575
3531
701
4126
5389
5304
5355
3478
5542
980
2726
5670
2924
6022
3030
4329
75
5810
4253
3894
1946
4986
2523
302
697
772
3803
2205
1064
2110
80
3807
2759
1453
3940
5659
4339
1441
4357
4153
2478
5129
2892
3635
1715
5165
1972
5476
4872
276
2039
4464
5610
2601
2013
3285
905
830
2083
2386
2969
4680
2711
1256
2103
1515
1367
3211
1378
5041
3930
4349
820
5073
3596
2537
2970
5478
3257
5072
4468
3452
1065
3350
1396
5075
5118
566
5008
5240
2387
1933
1889
5311
2328
4936
1170
2331
1189
2267
1226
5314
4634
1778
2374
5698
4559
366
5301
885
3590
2977
1233
332
2965
5268
4094
3692
5585
5442
3955
861
2674
4804
5703
2128
5773
3708
1734
2738
4892
2614
3317
5612
382
4103
1976
1274
3770
5332
869
1717
2664
5190
538
882
1992
1946
5786
2682
2744
4297
2970
574
3913
3347
3873
886
3537
163
1615
2724
5402
3855
1832
4783
1588
5228
1899
2524
4497
1891
4707
259
166
3416
3835
3463
4004
1904
4251
4782
1541
471
5588
682
5846
2109
2543
4770
4104
168
5262
218
4323
4364
2809
5783
2562
3302
2170
1802
5729
3392
2670
4001
2854
3906
5639
4960
2113
1113
5389
5028
3446
1992
3949
1849
3934
3133
3975
1029
1538
5261
3746
5546
546
4978
1123
6088
6029
3006
1081
5314
380
4059
3283
2678
3720
3858
4690
5158
348
402
336
2461
2557
34
424
394
5
3532
5653
2477
21
4323
5621
2458
3297
4953
852
22
685
2873
737
3627
4939
5005
2175
2976
1375
2244
833
2493
1607
3044
1983
3797
2510
1821
4072
4470
708
2256
2942
104
3066
4729
2279
2714
766
4755
496
3791
788
3077
4664
1736
1267
269
94
3063
3631
3221
3489
2891
2590
1193
4835
2428
4069
2411
110
3587
620
2700
2518
2989
3351
1787
3738
2328
3465
4232
874
3797
2006
4211
3051
2130
5204
1506
5037
3533
2054
843
507
5891
1220
130
5862
5988
4497
5787
1537
816
817
4571
6082
1822
2468
273
2959
3138
1775
5808
5966
5255
4355
4720
3931
96
3079
3564
3399
950
5757
2877
1242
3747
5101
3152
1641
2820
3281
230
5953
3325
3529
3731
2139
3722
2831
3269
4587
4384
1615
361
4742
1874
515
3509
5787
156
2504
1545
5310
3686
3335
5811
3808
6007
133
2200
1852
3505
317
4808
3648
3670
1474
14
2076
437
1663
1445
2613
1824
3651
656
448
3726
5800
1691
4186
2363
2521
119
1782
2018
3654
4554
2989
5900
3523
2358
4140
765
5365
5561
544
2407
569
387
1523
866
5252
2881
977
4381
2630
3609
5476
4042
986
1468
1644
2547
1543
37
4140
6071
3196
4149
1486
1055
3785
4690
617
4013
645
1679
769
5400
1292
122
4519
2813
170
3309
1661
2538
5504
403
1201
3363
2596
6040
3145
4892
256
5391
272
178
3132
1578
2624
2617
2667
5848
4862
3441
37
4937
1615
5738
462
2607
3701
2919
5070
435
2911
3130
1959
2835
606
3178
2638
995
2907
2027
4926
5165
2497
2245
2125
283
4392
1590
59
1301
448
4126
596
649
792
1277
2784
5555
3742
4452
4427
5500
5032
6040
4710
4041
5367
3287
3003
100
1836
2311
2737
2115
3265
1647
1639
3444
5524
2381
4666
1092
4365
5536
3422
880
5249
757
1409
3234
1464
1001
1873
3727
815
2166
780
3734
2095
2863
5110
1016
4882
1723
3786
3465
2015
5051
4653
5960
3742
358
1572
1064
2888
2811
2374
3241
920
4372
1295
1255
417
4700
1768
407
2079
1457
6006
2646
1750
2417
2378
5418
4535
5303
2450
1062
1467
5750
1150
3746
712
1759
4037
2259
4762
3918
2227
2016
1193
1470
1294
138
1587
1710
932
4206
1079
2475
936
3292
2597
4895
4409
2467
2616
6016
1761
4043
729
3692
454
2606
1750
6054
813
656
200
2140
4729
3587
1335
3217
1742
1446
1272
1548
5930
1493
957
741
4500
4276
5292
803
6023
163
2323
880
18
4549
3453
4646
4882
913
5233
3121
5632
3092
3088
3634
254
4971
3574
1538
4045
1430
3943
1165
1298
2035
5885
5523
3313
3733
1167
307
2773
5169
1539
3483
6095
1240
108
2846
58
162
3324
3014
5930
2886
4967
4301
5006
4298
4299
95
5534
1106
1896
1705
3496
3443
4272
2261
3980
2220
4557
3201
1425
2765
4883
3622
4564
2503
550
2165
5703
1285
6064
3893
3753
2057
4254
5923
4461
4841
2132
6034
1430
2465
2627
4584
4785
3485
5397
2957
622
3044
32
2656
928
1275
4457
3549
4698
1188
4312
4106
2985
3185
3841
2763
4081
4918
5045
4110
5970
141
1647
4900
5144
3172
3979
2668
1235
4813
4583
1525
3882
5789
4454
1158
3541
3306
2524
2000
2795
5184
4454
4667
3380
854
508
5445
4254
4321
4385
1455
3326
5976
4932
3733
5793
4109
1951
2165
3519
4853
4051
4747
531
6025
3971
3925
5311
1330
963
829
4911
1661
4126
92
3355
1199
510
3047
3843
3779
5280
3656
5903
831
4475
147
3431
4404
3134
4021
3715
2365
1126
4324
5638
3197
1174
3074
377
5381
4705
1903
1426
1085
3284
5306
1910
1450
2590
4662
1209
517
3249
734
2397
2254
3518
5524
2409
4483
1370
1368
2540
665
5246
4822
1937
746
2928
4772
2116
4423
5182
6066
3763
4412
4255
2300
466
4778
1187
6015
3208
1698
3978
4958
4313
4530
1989
4051
465
2609
1333
5274
5152
4277
2015
3907
200
5325
2672
3356
4568
3805
3171
2255
5243
4402
3070
2660
3433
4607
980
4522
5262
2400
3676
2401
4370
3979
4491
847
5749
5753
3694
5277
1301
3675
195
4707
4426
5402
4715
4386
2215
5734
1410
2282
4880
2743
2071
5172
4733
2497
1337
3327
1574
933
5955
1645
125
2517
3222
1489
516
5526
3470
4926
4344
815
3847
551
3063
366
205
672
4703
5217
3885
441
716
2095
97
4147
4867
1187
4767
4607
101
4279
1657
501
3816
886
4705
3690
5594
6043
1658
5992
3887
4621
5932
5844
160
173
3428
2156
2705
2048
1060
5746
1041
4609
6056
3418
4984
5751
5287
3290
5628
3928
1480
1980
3746
634
2936
4104
1917
3457
5505
6049
5578
3639
2948
3942
4912
1548
5320
4739
1702
3081
1068
630
3562
813
1329
266
4098
1410
2637
2995
739
492
280
1165
2353
3168
3990
3341
4627
1493
5285
1827
2936
5479
980
351
5568
3195
468
1488
4620
5655
3271
3625
1830
771
5781
1308
1715
1904
2097
950
2472
5347
6045
3769
34
5067
1293
3343
4849
5230
3962
188
1778
5489
2270
3965
4159
3249
2595
4507
6015
3516
2122
2883
1211
4874
4439
3433
1770
5731
137
3564
1729
1300
4217
5613
1959
3257
2435
502
3991
3480
5029
4884
262
359
4405
5732
4910
5232
3876
4112
5701
775
3496
5493
1901
4778
5081
4009
3744
2257
1790
288
1473
2894
305
1899
3969
725
4423
1392
4623
4200
5698
5782
1902
358
3355
4448
524
2352
2364
3935
2345
1224
525
4294
2253
2910
1009
1520
2211
2353
4613
1064
4603
4326
2634
1660
1633
996
1671
3778
5606
162
4642
1254
3543
4606
3090
3284
5927
2432
1101
1619
4050
4457
6018
1218
1856
5743
3937
1744
3959
3767
1672
3414
5788
6049
5316
1839
261
1538
5404
2297
5463
3126
3766
2662
2991
5496
4428
3838
2664
1473
2074
1004
3065
3748
5903
4348
3827
2924
5667
4378
4789
1936
1132
1610
1018
4387
5938
1559
530
1165
1961
4786
4956
455
4969
484
1299
4899
4492
2564
499
1449
5259
4620
3196
611
3954
3888
3494
4772
5054
2547
1695
1805
1810
3126
631
137
5731
4133
1716
2955
5853
5275
2806
6065
5341
5517
1396
317
5681
2811
5904
4287
4215
561
2987
5859
3633
4610
325
5603
2842
4613
5961
4326
6014
5085
2748
1180
1907
5479
2436
4721
4510
3333
1879
5848
6002
3127
3420
949
5762
2823
994
509
5344
2711
5173
1729
3226
3990
4961
4410
1549
2268
3315
5178
2400
2377
4924
2540
3706
806
1134
3576
351
156
4087
4142
5873
1551
4974
5834
2777
1843
3636
4255
4757
2374
2956
3185
3920
3381
1878
4516
5612
3301
1379
3176
5448
1513
3465
3712
3560
6043
5979
5063
5872
5059
5690
3457
5954
5633
4146
5593
1
1545
4886
5769
1099
624
1208
4792
2456
2530
593
3438
1822
5157
2566
5026
3102
2486
885
277
1897
2026
4508
1544
4678
909
1645
4523
423
902
792
1312
2579
4075
4919
811
3776
1135
2963
5812
5943
5008
5206
3080
5555
324
477
2735
1943
4451
837
2765
3493
243
3742
4388
858
639
728
5058
2665
5781
4686
2832
981
4703
2407
4291
561
1578
4209
4623
3376
2086
1648
5676
3784
411
4641
820
1113
5989
3201
1666
1749
5694
5901
6035
981
201
206
3958
2706
2803
225
2434
4085
2319
1062
5925
1714
1479
981
526
286
1204
995
4739
2424
2527
4931
5214
4508
2006
2932
4087
2377
3676
3788
4456
1506
4089
1587
4657
2570
3129
5771
5884
1223
3200
4222
1085
1748
1065
2609
65
3359
2573
1577
1232
4434
3622
4846
2389
1177
73
745
4925
2475
702
3680
4795
4531
5827
2309
4728
2111
1685
1974
141
3283
3994
2629
1377
2521
4802
3307
2204
3134
1955
2069
5969
5369
3711
4330
5310
470
5608
3426
4460
279
1211
1443
5095
2049
5025
938
2217
1984
2121
216
4590
3448
1975
4248
1526
3394
3637
4068
452
3120
1662
6030
2059
330
124
42
2775
3578
3397
4670
5771
841
897
5971
2377
2758
4629
4018
4191
31
4056
3646
4447
75
725
1807
1514
2004
237
4294
926
5613
200
5778
5164
400
940
5811
4455
278
4768
1500
1746
3560
4957
490
3692
4043
4704
2338
553
976
5675
5586
4891
1136
3608
880
323
5603
3302
2121
5248
594
4651
796
5438
2726
5121
1808
2077
1593
979
4415
4471
4736
2086
4868
5560
1000
3248
857
3441
1339
1840
2850
829
1391
1168
2528
1645
3606
4250
4848
3493
2171
4790
96
2549
5463
5967
5450
744
427
3129
924
1098
550
4920
3949
489
1904
959
25
4644
5592
5181
4499
772
4297
2886
1402
3168
1373
5140
1053
957
2015
1497
4443
2866
359
3826
2831
5583
5235
2432
2191
205
938
5196
1720
918
1768
3921
1922
516
5658
1006
986
5942
302
6051
1958
3912
1693
4877
503
30
1100
1332
914
2587
2102
2967
1803
5763
2490
5846
717
2183
1618
3833
1804
5213
5699
5374
1214
321
123
4125
2586
1827
727
683
6012
1458
2844
1544
5213
752
4395
1220
5261
833
4410
3449
2198
2750
2238
5262
5388
4519
4976
3814
2901
2092
2538
3017
1161
5209
4834
4920
5823
237
5562
4793
1848
1280
2759
3029
18
3268
1138
5567
3669
746
3637
491
3106
4571
4802
1622
5112
1710
2241
3781
4031
2977
1961
3078
5109
3992
3694
3659
1893
3785
27
5668
3815
4239
1692
3287
2594
5181
2909
366
3195
3908
2002
2736
2469
468
5620
5555
4865
2255
3715
408
2711
1431
3450
1841
2548
5076
3417
2947
3110
1716
5164
2260
4443
1620
5695
495
187
2624
3140
2905
5842
5253
3911
1951
556
4006
5385
2206
5516
194
1683
2465
4192
3744
5314
4405
93
2299
5731
4811
5246
135
3994
2213
2362
1053
1361
1691
3360
719
1000
5050
759
1954
5111
1210
1554
5193
2191
4889
5034
6061
5719
161
5873
324
444
4904
3118
2095
5336
2041
1766
4138
2131
3476
1559
9
1181
2558
5066
2728
5061
796
5981
1192
6037
369
765
606
5643
5049
4429
2217
1966
425
4283
2091
2000
383
5554
631
4814
1061
4016
3873
5697
2060
974
1111
3072
504
2037
1014
5909
5231
3175
4404
3766
339
870
2219
3111
515
5224
395
1635
1426
3861
3269
4308
4417
708
5091
2962
2573
4297
887
1787
5792
2832
4424
82
2419
4627
2886
3273
3499
2440
2239
1721
3867
1646
3947
3905
2685
2205
547
1032
2372
3043
3173
5006
4575
2488
276
5504
1261
2119
4845
5203
1023
4700
5395
29
3475
816
3711
1227
2280
2799
2485
3048
4665
5844
2454
5591
2792
610
4945
763
4711
1570
1972
4762
3892
1107
2589
5741
5048
3981
2364
5154
3142
1068
306
4371
1703
4564
928
2357
3265
6003
4669
5009
3687
5371
2020
2523
2670
2485
571
3026
4639
3485
887
1923
261
2684
4073
3006
2768
1799
2252
5929
4246
1093
3483
3814
380
5966
4426
263
421
5190
2101
106
983
5755
158
2273
5522
3613
3622
1716
4300
5998
507
547
1111
4151
5566
4086
3490
577
4838
3084
1171
5589
4300
2888
1960
1924
5360
318
4430
1535
2149
1896
1303
5040
5837
3090
1210
4666
4868
1171
5506
2554
3098
659
5878
2350
1614
4939
2691
367
4323
2848
4927
1285
1382
5029
3088
3178
38
1197
729
1564
10
653
2981
5464
5642
372
3590
5199
3632
3944
238
1301
879
4634
2383
1745
3034
3665
2141
3733
3683
5906
4722
2281
5992
3124
1677
1006
5377
2191
104
1768
4635
999
3220
302
5457
4532
3754
917
5186
2500
43
634
4084
3626
5091
3953
1710
5435
3701
5888
4532
3611
5117
2242
73
180
492
376
3346
5684
2717
5659
1152
988
3071
1641
1264
5260
1921
1716
2946
6082
1246
4728
6067
5187
2571
2630
4542
881
4213
2830
3344
3902
1011
872
315
2495
5867
4111
2613
4599
5706
2060
6096
4070
511
3733
3024
2104
5651
2928
3648
3393
3954
2187
1382
3029
5735
1307
2470
1333
4421
5179
3185
3083
2904
2608
5508
1123
972
1747
3991
616
3182
4753
3978
1636
5434
743
858
978
5769
5487
6010
6063
6062
3999
3174
54
5174
5464
5612
3528
3655
1559
1414
1765
5932
2935
1226
2137
895
1714
2131
3296
4759
1366
1779
5178
2630
2827
3191
3392
3683
4659
5887
3946
4124
616
2080
2958
2945
5494
4431
1182
1466
2002
5296
1239
2844
2712
3194
5774
1819
2451
2508
5484
2890
215
6031
321
3878
616
2142
5477
3729
3785
3229
4645
2022
5782
2435
784
3248
960
4424
286
4023
3486
2326
774
4187
593
696
958
4721
3352
5303
3687
4122
4839
4815
2730
2944
2691
5749
5944
5866
1461
4186
1407
4526
5885
5227
1830
3058
3082
1782
2048
2787
3732
4807
3883
5807
4582
2804
1033
2137
1732
802
4370
2665
5224
688
5470
3491
1236
4198
5392
6096
6040
4736
4681
5702
3602
1330
2527
4079
2035
353
1624
3853
1668
5178
3538
5997
2572
1447
3136
3641
865
1018
3231
478
1520
3705
5979
3519
5374
418
608
1871
2871
3493
6038
111
1845
1343
3462
5103
4294
1421
4592
1441
2666
5992
3387
4796
1059
4561
3692
4679
4236
1204
3722
5722
2034
4312
450
2512
4524
1443
2090
5376
5293
2847
4552
5190
4773
987
21
1827
90
2966
1852
3609
5615
1791
383
796
2300
3670
3535
1413
4393
5239
3903
3780
5035
614
3678
3442
702
3504
4657
1015
4277
3167
770
3915
388
4800
1868
5128
890
1808
5676
2760
302
2051
3989
5875
3004
3355
3861
4369
942
3755
3293
700
4431
2751
2395
1251
5267
706
2620
1197
1702
4487
3899
1333
2198
5770
589
5839
672
5963
1618
258
2930
4460
5810
1441
5949
5485
4737
5105
983
5346
4008
4580
2137
3386
293
5271
4149
191
1317
1583
1936
4702
581
4663
1819
5773
2402
3479
5007
26
4053
274
2437
3386
3737
5297
367
342
3410
2540
1123
4915
2891
2413
2326
104
5860
1223
5600
4375
638
5608
2131
886
1533
4410
5465
5465
1583
1031
2907
3550
4103
3731
776
2578
641
4416
1202
2382
2390
4178
2489
5107
2348
1308
9
1842
1006
867
5410
3573
1399
1329
5924
105
393
4002
1909
3642
103
6021
415
2947
5809
1983
1079
249
4805
2178
2722
2976
4015
4636
4852
2084
5405
4158
4351
3859
3939
3639
1318
3653
5872
3460
4476
1538
556
4635
576
1315
3672
4180
5067
1344
3355
3882
4128
453
4280
2606
697
5401
4123
5171
5771
3780
5750
2321
3862
2121
468
5725
4610
2264
4185
5130
4712
4727
1145
4649
4995
958
4510
1187
957
190
639
2941
976
4637
3430
2389
642
4201
676
1734
2205
3301
3736
3299
3493
858
2666
4056
5343
654
5454
3913
4382
1454
2803
3459
571
3465
2488
5800
5631
5931
5612
5053
3708
4825
4179
3555
2549
1354
2179
4409
1131
3095
4791
210
5151
2851
2042
92
3187
4769
321
3016
2097
3140
2252
742
1180
2901
5878
3517
1345
428
1388
167
889
5620
662
5243
5739
3951
2261
722
4119
197
1936
4790
2502
4405
2281
2416
1856
4206
3203
1026
398
308
5587
5179
3462
4096
5711
4684
259
3549
2844
628
2476
5066
4220
2389
4282
4635
2708
1641
5057
190
4727
5674
119
4466
304
4560
5468
5407
2747
1462
4506
5656
524
3680
2076
5124
464
3799
5864
2266
4550
1180
2660
3207
2304
3582
641
1424
4542
7
1366
891
5647
3443
3593
2598
5117
2277
1971
3061
4725
783
4403
2292
3480
4494
1298
3938
4368
3839
2086
5737
3904
2109
4851
50
1478
1084
3848
357
3587
4768
1246
590
2718
5824
3039
4129
5335
380
5126
912
5200
528
5348
2831
1596
1022
5467
155
4357
2417
2180
2903
2068
456
4970
2364
4008
5357
1805
5874
5304
819
5021
1826
439
4826
4808
612
2919
3323
23
5200
2397
5469
321
5712
5435
3071
3976
1813
2398
1200
1201
2730
3277
3140
1062
1477
169
5028
1271
286
5851
84
4807
2846
4723
5916
1046
750
504
3031
491
2651
4837
1666
2966
343
2852
5307
5062
2010
527
2797
3062
5896
5391
2131
2988
3024
3020
2070
958
4122
2547
4089
2238
5373
2393
4949
5699
5293
4902
2605
2338
2034
2005
2454
4118
2804
680
632
996
1602
1961
693
3157
938
5936
1267
1143
33
2816
2869
2160
1906
2178
742
191
1362
2829
3017
3254
6035
4756
4731
4374
856
6047
1389
2218
3378
4086
850
4346
2228
3238
5202
4488
45
1434
1997
5184
615
3813
5363
1712
120
766
4809
1259
4106
2099
2975
153
3221
4634
834
5940
4917
1952
3815
1125
1095
4656
1694
4328
6036
1185
2552
1873
673
3727
2793
5245
5484
980
5317
24
4167
2927
149
1393
2152
25
4320
5748
494
316
1672
4193
501
764
2268
6017
3173
4110
2108
512
2630
5622
3069
1671
2099
549
5184
2798
2775
1246
1812
2002
3164
4555
2395
4247
3827
5991
2621
5538
1735
1419
5586
4104
915
4743
2231
3374
4126
5634
2064
5493
1863
4721
4216
4872
392
2638
802
4901
541
2188
3978
5839
1048
1792
960
5752
3049
3333
99
3269
1360
6029
4313
1389
1713
4836
4426
301
1765
2297
5629
2221
1341
1099
804
4896
3675
5092
922
1805
2151
351
4593
1881
1447
2108
769
204
719
4170
5137
4072
5404
3207
301
5809
1472
4726
3728
5426
638
3436
1116
5927
4201
5085
3490
4363
483
2486
706
2103
1057
4444
1140
1149
3639
3586
4677
566
2139
643
1820
3842
2627
1801
922
2539
1530
4064
2617
1998
277
4811
4391
634
4628
378
2595
4008
471
2019
204
6016
372
4985
4467
70
5549
1162
762
4588
5894
4320
2703
5657
3674
4235
2732
3614
4841
5390
5548
3209
4403
5675
2191
4922
1322
4828
5468
5305
1000
3686
2298
1473
2945
1362
4064
1401
306
789
3679
4569
6004
3219
5434
865
4263
1740
3970
5376
1290
4240
1219
1873
871
180
1973
4188
5222
81
832
5924
4714
3594
3489
3794
2757
2374
524
5784
512
425
3034
4078
5483
4550
1622
4197
2408
5805
3236
437
1127
5160
5003
5837
5942
1727
86
2104
4747
1652
5244
5700
4307
2940
5902
5505
4004
4017
1857
1557
1699
767
4328
4095
296
3925
5702
5141
3385
4092
824
3868
205
2675
2805
1084
4288
4218
4615
1090
4744
5017
3842
679
154
5303
920
3737
5597
5471
630
2163
568
3926
3446
1229
451
2887
4618
803
2851
1835
2911
880
633
1432
3207
5877
2814
2041
5718
5927
442
712
4278
2217
1137
5303
5766
5578
3660
2349
1940
5605
498
575
749
1951
2655
64
1162
3882
1413
366
1284
3644
4071
37
907
476
4555
3614
5862
866
3109
5096
968
1522
3337
2596
2155
5078
185
5480
1705
403
4445
3917
4059
324
1285
677
1848
6049
569
1056
1274
5843
411
3089
4523
824
193
1891
849
1268
3897
4144
2228
814
3045
5632
3143
1768
2025
1859
1396
3163
483
863
397
3138
4488
256
2099
570
1085
3570
4891
6084
601
5324
2005
1755
970
5844
1694
2332
129
250
3290
4487
1303
5050
2511
3281
2687
4497
1484
5664
724
2638
5293
5726
616
2150
2591
3784
5447
4545
3154
4712
5400
3365
3761
2447
720
4202
4649
4265
5399
3728
5080
2753
5337
335
5185
5847
4153
639
2218
3997
5464
1921
991
1309
4642
5600
5952
1015
4519
660
322
2241
2041
1165
5680
597
943
3648
1296
1531
2292
4339
4587
822
2231
2034
3531
4260
2268
2040
4404
2906
4269
1829
2853
5916
4359
102
167
2277
1554
713
3805
2161
1634
1747
2016
2796
1565
2082
1428
2476
4709
646
4483
3894
2511
4529
5856
4226
2933
3250
3914
261
2092
2553
5663
4355
5191
2539
2834
2476
2566
1863
236
1575
4091
3684
4716
2827
5904
643
3163
4667
1101
5674
5264
1954
90
160
2961
4095
3510
2964
2377
4579
4125
3768
1488
2864
5803
1423
128
5874
4047
5746
5098
4552
3806
488
986
3156
1179
841
3110
2283
790
35
1106
2499
4887
3757
8
2874
2809
3904
4017
223
1264
149
5006
3790
860
4080
629
1001
5096
5814
4378
692
2779
3874
902
1498
1254
4780
3997
1798
3970
4571
2581
59
2601
2657
3062
2445
1317
3294
1111
1637
1287
3002
5198
3910
4626
4836
1199
1573
5230
4448
2226
4172
2005
2987
1978
856
1863
3341
3660
1078
2722
1837
2484
5090
78
1448
2985
5179
5977
3273
2778
540
2642
5469
5951
3921
1653
4552
1386
5332
571
148
5669
3660
2367
3961
5802
5977
2391
692
1438
1920
5793
4906
3508
5052
5992
1769
5610
2875
1709
4187
1994
4147
4018
2102
3781
4767
69
6044
91
4175
1030
4342
3358
4304
6056
4949
123
3002
712
1704
503
135
5213
4489
421
5291
3604
5661
576
2143
4840
4335
760
5554
366
1197
2289
17
5518
2026
4908
2267
3844
1284
4371
1514
5956
1492
3262
3380
707
1813
4708
3309
3715
3898
301
2883
569
4781
2209
708
4936
2677
303
1661
4003
2862
2316
2899
2219
5385
2674
1706
5283
5375
2741
3360
852
897
883
612
3997
4158
901
3775
1865
3972
3138
5939
3242
3422
1080
1571
1373
3103
4671
4174
1611
4510
1786
4685
1788
5589
3639
2554
5202
4420
5746
3534
3796
4630
2692
749
2858
3591
3432
1063
3915
3732
1115
4770
1576
787
487
3396
4436
3148
651
2572
4863
1258
1681
3387
4729
4837
101
4829
4105
4777
4362
1619
4949
1980
2535
2663
3068
1028
2774
3722
800
4316
1937
3887
830
4797
5636
1943
2481
1244
2782
4246
4959
706
4027
3978
4514
6014
241
3661
1206
2654
2383
738
5223
5797
2452
1896
2645
3296
2859
3808
5188
2
5899
5764
5493
5279
2142
1460
3754
4936
4116
5702
4169
4942
399
2935
5098
1326
4452
1655
2050
5119
1680
2708
1003
1949
5127
429
2080
54
3724
3189
5880
3851
4543
5497
5947
2654
3712
288
5631
5553
2
4086
3213
5710
4337
194
912
2276
5346
4790
4527
3766
579
2338
3481
5704
2552
2749
2811
2745
34
2218
2846
3613
2988
5888
4899
1287
2932
5532
4956
5410
4431
5462
4072
1747
3774
1960
851
4061
5147
3118
3835
453
4910
942
345
4017
4226
1437
5352
4474
4852
1115
3032
2719
2540
1176
5877
709
4720
86
4799
5625
5637
3761
5721
2673
2715
2185
1751
2535
1878
1269
4501
3330
3527
824
990
4017
2674
290
3747
2828
1769
1694
4444
4950
2156
6063
4469
5883
5408
4343
806
1270
884
34
2131
5701
3926
2875
897
1252
5305
1489
2610
2639
4587
3430
3211
2358
1685
1429
4853
3892
161
5889
6045
5987
5907
2764
802
1243
2989
1635
4395
1207
2039
4004
3652
3645
5170
2925
59
5241
4732
2715
1682
2477
5460
5038
5223
1793
417
1817
2159
5557
5447
318
926
601
778
5779
1029
4154
3029
2707
3607
985
2013
677
1833
637
3585
2222
3360
1886
5166
2945
3114
756
4505
884
3372
4023
2184
2820
5292
4128
3075
4194
4510
1072
1568
4750
368
5124
3141
5132
179
4455
5577
2400
5815
746
650
6048
1500
2542
3071
407
848
2698
415
3686
3288
489
4827
2684
2326
4817
2839
1325
2543
2751
2446
5660
3932
1697
6008
5864
5195
114
4880
4772
2492
3080
551
935
4153
3679
1586
4344
2732
3735
4777
907
152
4795
115
3863
4326
1570
4273
445
5672
2653
4453
2214
2553
5597
2759
3362
776
4838
3906
4196
1563
1919
5904
2405
270
2957
3133
5394
3988
3034
4640
3679
4635
280
1223
6006
316
5664
1632
5830
1352
5834
2352
2419
94
2393
2048
4996
3126
5977
4791
1650
5192
1560
659
4863
3636
5805
2734
2861
982
5076
3231
687
4397
1799
1038
5475
5461
5462
5699
1442
4297
4567
3650
6002
4545
1205
3649
3375
4266
5945
3461
4154
107
4035
2745
1870
4643
3937
4594
2683
1279
6038
1983
4774
1921
3457
6067
10
413
3692
2777
1133
3451
3030
1570
3590
3707
2370
2917
1708
5076
1014
5731
174
5062
5906
327
612
1731
1356
5055
2080
4334
1014
4422
259
516
664
534
4636
3723
4495
2154
4838
5120
4841
4929
1745
5575
3847
5067
2175
4562
1544
3880
2496
3098
5292
2304
5020
3372
1598
4463
3272
3706
2744
2430
3374
1569
4235
4789
5553
3616
872
2930
1221
1466
5120
2044
3540
4849
5543
670
3641
3497
4908
3135
151
3965
5214
664
2723
2164
1534
5722
830
2979
5348
1537
779
3708
2884
4151
1904
4218
1928
4195
2258
4114
2811
41
10
2912
5404
5573
867
876
796
4803
5197
139
2446
981
3325
5916
167
4493
2127
6029
65
4405
770
5122
4372
5886
4464
3148
986
1598
2517
2411
2292
912
1268
2229
4595
920
4758
5516
3218
1293
4741
4705
5864
2577
5508
1361
1140
387
2722
3960
2487
3862
5820
3550
3393
1615
3140
3137
5431
1286
962
4006
6075
3966
4617
2573
3639
2427
5924
1309
3313
1881
375
891
3249
3571
3824
3021
2746
3366
4154
3754
4714
29
2456
2765
3145
76
2521
705
4497
5542
2787
5331
66
5659
4274
4103
4295
3256
978
3450
1851
5499
1511
5528
4029
2445
3619
5858
547
1582
391
1491
2250
5821
4556
3521
1659
494
1001
535
3991
103
5778
5381
3672
5873
3228
2373
3055
3182
1476
3734
5879
5539
1240
4794
4749
1059
3032
2267
5952
2915
5206
5392
4859
5657
5073
3834
341
1541
323
4602
2703
2954
1863
733
1475
3203
4759
5441
1655
404
3747
2563
1765
5148
2293
1493
5642
4047
4146
1449
5735
1669
5537
3976
2006
3930
5106
5189
5199
4475
1643
2236
2955
2295
4581
3749
4
4670
3850
3697
5179
4224
1705
5533
673
5741
2470
2347
444
4630
1871
2913
1804
4312
5494
4454
3865
1873
1454
6023
273
2614
5994
1211
2746
678
2388
978
1461
5752
4733
4118
272
2171
3698
1802
1575
3943
2831
2523
1581
1526
2400
4515
3782
2426
3018
4547
1538
3697
3315
4573
1683
380
2911
3847
5525
5569
966
2178
1209
3295
3391
5379
257
1361
95
1142
1672
742
3512
2631
4199
17
4963
2174
2211
1032
1181
5931
102
5507
1100
1969
4192
1171
1250
2349
1887
377
557
1253
4742
5360
2385
6089
5916
5444
4805
6
5361
2677
5667
4361
1624
5031
206
821
1485
3097
4315
4410
2676
2202
3591
1932
5088
1401
363
5020
3215
57
1167
2341
452
499
4261
1068
2576
4890
4899
793
2568
2745
2511
4748
4890
3285
5460
3770
4752
3807
2585
5592
107
2491
4727
4373
5530
2413
4051
2804
26
3463
1838
5365
1186
5513
1838
3749
2328
4638
1700
169
3062
2836
1102
3964
739
1538
2972
1502
2501
2230
3366
2834
1687
4533
1062
277
4266
4367
4817
3207
2481
4654
5395
128
5479
2852
2287
2767
5971
5524
5108
2694
4275
3258
3277
505
660
5513
3810
4108
3269
4281
1142
5143
4368
1316
922
6051
3119
5554
6047
5478
3304
4372
794
2459
265
1619
2252
4782
4978
2896
5335
299
4208
3892
2478
3206
5606
5928
2739
1626
202
5580
2074
2
5539
1815
25
4238
4847
1507
1586
2304
1377
132
2970
1284
3107
3684
834
3816
2867
2187
2278
5444
2865
4670
5526
4004
4690
5369
4668
2525
3701
4640
2970
2709
5150
3622
2588
2659
3999
5603
3629
4484
5410
4446
1173
295
1159
5560
4227
2839
4419
4345
203
3673
1348
5750
199
3203
1976
5995
1182
3971
2197
3341
3012
4184
777
977
1401
4138
1452
3290
3119
3146
3001
797
2351
85
2219
5600
3703
5678
1860
1591
5783
2749
2869
2453
658
5400
34
1815
5337
2423
4726
4498
364
2301
4813
269
1683
2175
1488
4964
4279
3609
286
1384
5563
5708
3128
1773
4190
2621
2389
3694
2589
2583
3451
2811
4396
5624
2561
3427
2415
795
1534
2810
226
2343
1842
228
108
179
3886
1719
1135
5073
687
1847
901
2873
192
1873
5022
1096
2150
5807
1374
1768
305
2285
1486
1830
4159
4109
3449
5305
5758
1004
2181
4308
2358
2572
2322
4476
99
3637
1956
2500
784
1446
595
3814
3576
1729
5974
1595
4523
5233
4570
5822
318
5078
4437
4812
3601
2518
4166
1018
4372
2786
6001
3847
118
858
3502
1931
1715
1354
4132
4543
6062
4419
4461
1233
501