1304
801
2246
2022
3431
1440
867
2446
3014
1764
2195
2034
1545
2292
1874
3739
241
2129
1058
2084
2711
1637
3533
862
2526
2775
2070
2829
1811
3390
2503
104
3806
2463
2445
902
641
2661
452
124
3692
1568
258
2828
3172
3124
3787
1899
3655
1496
550
2689
3354
3196
2422
3361
909
755
3111
1317
1772
1398
2804
2010
3634
1504
1895
3921
1530
942
273
2996
2858
4091
2689
742
3801
2066
3131
1562
2279
3672
286
1016
1294
2832
3704
2848
250
2322
263
229
921
3818
862
1754
1230
2820
2521
3291
2128
1175
2220
3996
1025
3145
2820
3291
3009
1491
3524
3595
3429
1796
2225
2855
577
2911
1357
2743
3561
1280
4012
478
2365
2402
1000
3636
2299
2481
3251
2853
1149
354
2351
709
2113
1259
1506
3076
997
2986
3641
2388
959
4045
3727
2600
3958
2765
2773
474
536
1630
1766
3664
1597
2828
1309
2352
2108
799
4037
2718
3910
4023
438
2049
3243
2951
996
559
3566
3368
2441
287
397
3731
3202
650
394
1493
1429
2766
3581
1529
910
1250
3262
1577
1948
2258
3442
1220
2460
1715
1432
479
2574
4030
2594
2061
3164
1344
2730
1494
3094
1782
3457
1917
3834
1204
3129
3801
2397
3004
1536
3241
168
2879
1984
1919
2673
2640
2939
670
3641
2510
3866
507
3328
3122
3746
1282
2701
2825
2283
2766
537
3783
3981
2804
2342
3878
3863
55
3816
63
2037
3353
2614
3602
767
724
523
4096
3010
1976
1823
2697
1196
2217
507
2724
281
612
3377
1038
131
2876
31
3414
189
919
715
1642
557
3881
512
1068
3347
2816
1699
2153
3111
1128
2265
1547
2633
550
3271
535
1290
1997
239
2700
3986
2930
2633
935
2034
3520
2546
1427
1979
1931
3480
3103
1578
2410
3594
991
2813
2153
3444
564
2522
3161
220
544
1598
514
2336
1440
3458
1454
1176
1697
2842
2531
1256
3817
705
2678
3770
1112
851
1983
489
2626
3011
2136
3684
2019
1843
2062
2380
3917
2432
790
1164
2335
1191
1609
687
2326
2400
3145
2277
3508
4078
955
2271
3899
2534
923
3206
1938
4068
1142
232
3167
2118
1193
3900
2226
3050
975
3293
2760
2101
2764
892
433
3571
2459
3881
4026
1773
1687
1354
866
617
3914
783
39
569
57
2848
2918
1545
795
1123
3962
1175
554
3447
590
1157
2218
1581
2728
329
1191
3594
3429
2680
3539
1967
2755
2310
3134
1295
1457
1863
3993
3757
228
2775
1056
709
3070
2166
1027
2346
3484
394
2959
1392
167
2204
2983
2971
2681
3411
4036
1597
3026
2903
2360
578
1440
2629
937
3609
3210
3527
1911
3302
3812
2891
2331
3188
2754
2623
3004
2545
2797
335
3744
585
1692
3039
2761
1792
3502
1725
385
1561
91
1022
285
2627
2949
395
945
3317
2278
1655
886
3790
1605
1403
3797
1318
4051
1534
1541
2174
1014
3421
4017
3488
3076
827
3089
2487
416
2974
1890
269
192
205
319
3332
632
3232
2798
37
2196
4064
592
1974
1203
3235
2044
2461
2258
2741
3103
3070
1228
1781
870
1305
2864
3407
1914
1919
2116
1753
3433
2007
2634
2884
799
804
3380
1344
628
458
1974
3128
1376
1766
1856
143
157
387
3081
2721
95
364
3060
2640
1663
1451
786
2316
977
3898
3570
2722
3303
1953
2544
1009
855
1738
3494
1776
1428
1531
3413
2000
2547
1916
3136
3963
1903
1867
2766
3109
2076
3489
3162
1572
968
3029
3479
2115
2715
3856
3441
28
469
1843
1849
1075
2232
1047
3585
1403
2011
176
1070
1684
1382
772
2959
938
2706
1638
2202
3078
457
968
3142
3108
1307
1600
3269
2968
1345
2999
543
689
1686
522
592
3751
2432
3493
408
1008
4034
2238
1553
1019
1194
3613
2432
414
2446
3511
1150
1690
784
1979
3790
3895
1349
1681
1768
2305
3837
1515
256
1300
229
1197
62
3604
1057
3760
1380
258
2034
281
2483
3400
3161
823
2973
705
3786
3554
2664
162
3665
1747
359
3574
1817
2105
3355
978
2437
1478
4036
2994
2291
3922
239
2431
959
1034
2291
112
2614
1186
1504
1705
3525
3303
46
999
2125
2522
3304
1853
1085
910
3750
1352
3138
1343
3764
1572
1079
1248
3941
542
538
1264
1852
1426
2400
3196
1
2481
420
1935
1329
1000
842
1454
3650
1833
535
3639
1200
2784
1069
3796
3791
1621
1591
2171
3372
1256
2407
150
1912
549
3566
1656
316
2745
3171
3991
2059
3963
2791
3406
4019
2378
2871
3007
3033
2675
93
667
325
1491
3018
1898
2290
3340
215
3325
1612
900
2794
50
1215
1154
1099
2067
696
288
2423
2798
108
1126
552
307
933
124
3300
619
1952
1434
2750
1617
3946
2419
2300
3624
184
2008
2791
3100
3417
3015
2834
1890
3620
1356
3638
1345
1541
1884
1705
3268
3013
2238
3344
1769
846
3383
3967
1422
1781
3934
6
187
2708
265
921
1823
3844
3860
804
2939
2983
3664
2660
4055
2344
362
3067
1511
508
1478
2312
3208
2321
239
682
2077
179
887
3188
1625
1084
2244
1734
1694
1678
1651
32
2603
2008
537
3522
2904
3297
767
2166
3012
2457
773
3106
30
2082
3011
4088
731
2476
1337
1546
288
1396
1658
768
3602
1392
188
1040
2609
2933
2959
1140
1484
801
1739
2950
854
2501
863
1879
387
877
1061
3021
128
3218
128
737
1863
3891
2537
1427
2307
2840
1206
3377
2154
1771
3191
1502
55
3390
1465
1910
724
3908
2054
370
2213
3751
1444
61
2849
2086
2297
1818
2545
1761
1766
2713
1654
3434
1985
3382
3393
523
3543
2844
2708
618
126
3741
2327
1246
4094
464
526
1226
4098
1927
2641
3767
1593
2703
1305
2205
3671
3131
2145
3609
3173
1487
793
1089
3999
3708
1112
2146
803
3656
1623
177
139
99
1794
3180
1209
4067
180
3722
1319
3486
3741
1444
3174
163
3584
416
3974
746
2467
2051
2348
1158
3354
2650
2541
1598
3295
839
477
2977
914
1212
292
233
3877
1343
1993
3466
2252
2438
851
1786
1894
3559
1565
3002
1854
2920
1756
3591
1395
3122
128
1824
3788
573
1138
2463
2224
2559
2099
3933
1114
1335
3213
2986
295
130
788
2908
740
2624
773
2849
1186
983
925
1954
2986
2087
208
4080
2863
1799
60
1174
3441
3990
124
3642
352
2654
1945
1401
8
61
704
2604
4064
1897
597
493
1089
1417
790
1909
3252
206
171
2007
3200
1093
2131
2883
2225
3058
2734
1669
3066
742
1548
3792
2036
3535
1149
1500
3966
425
2363
72
472
3185
3809
398
240
1345
2751
651
3233
3546
1525
1827
1157
669
380
1894
3611
2206
2473
3299
1144
2568
3749
1186
3798
69
2009
2311
1924
106
3962
2926
3594
1730
3400
3745
300
737
3910
2070
1842
3213
3932
1828
3000
881
2597
1404
2436
1982
3649
4077
3410
3193
486
2417
4010
3458
2111
1620
2581
3430
1803
304
1320
2679
4032
809
2096
972
281
1515
1248
228
3692
1577
547
2069
3980
69
3479
2466
1971
4010
4040
954
1254
2143
3770
1992
3819
3965
3662
995
535
3125
2008
1781
3178
463
3006
1686
2798
462
3771
2249
2483
210
1818
1440
1327
2159
3697
3346
2854
1013
4043
3332
4
3559
1677
3009
3855
1394
608
3124
3654
2271
3724
817
595
1790
2842
2120
697
3511
1645
642
951
1338
493
4094
1778
1734
800
2474
2157
3327
2645
724
891
2381
3495
662
1888
823
472
1621
2474
2426
562
3125
833
370
1473
1935
3387
2461
2370
2817
3466
112
1193
545
1993
3869
249
47
1308
1385
975
1513
3310
3658
3574
463
3616
1610
1396
2401
3124
178
534
2957
2152
1473
2268
1872
3796
3465
3920
1514
2964
833
3930
1697
332
3937
2317
1097
63
3427
487
3673
981
71
3036
189
850
3468
3479
1125
193
2227
1521
2041
3280
1934
1923
1128
2446
1138
541
1955
9
2370
1515
1605
1969
3825
2390
1496
1804
207
1835
3665
3532
3251
864
1975
2423
3769
1513
701
781
2975
2687
1312
3544
3399
983
2812
922
125
682
3666
4092
376
2583
1187
1283
3555
488
306
3495
3974
135
455
1041
3863
133
3643
2557
155
229
1923
2715
193
2407
1702
3385
2414
2519
112
2483
1685
320
418
1187
983
838
1156
1063
4042
1904
1588
3712
2626
2455
3014
2195
1507
1904
1986
3233
2579
3478
3284
3898
2401
1452
2244
901
654
3895
4053
7
1325
1219
3588
1149
4020
775
3509
10
220
415
1731
2571
2051
635
1560
2464
782
2494
3867
1332
3915
2356
2063
2122
635
941
2639
2720
1395
3197
3108
3134
3941
1760
309
3315
3789
441
2774
1795
1939
3260
3975
1980
1015
1642
304
1537
2153
2504
2875
3909
2417
3866
2442
2542
3897
880
4085
130
959
3230
3034
211
3342
304
1110
1766
1897
3503
2782
3519
2795
1440
1328
1286
1399
2955
3506
4041
3467
3606
1171
3891
63
791
134
2206
3092
942
3837
2238
3416
3512
1807
469
3743
2717
3725
829
3331
1579
2504
787
3063
2297
3967
814
2980
3977
1117
2530
2188
3713
616
3213
1676
2110
3050
2741
400
1569
2483
3712
2410
708
910
1884
3598
1604
194
3609
2231
705
1694
736
2776
1408
2088
2821
3764
1903
1700
3727
1106
578
460
2373
309
2382
3481
1546
460
2498
524
181
3647
1329
462
2382
1705
452
3822
732
216
1611
1393
2050
4026
3442
239
734
2512
375
1780
2423
3012
1249
3132
3581
3911
1135
944
1245
2750
605
954
1946
1365
2935
3172
2985
1520
1555
3598
1303
3691
1476
596
902
3889
2328
790
1743
4008
1237
2537
3658
3920
3069
1105
3229
2347
1651
245
2066
2561
3284
3355
1156
1925
2649
689
2981
168
2686
1710
1047
3935
1569
1552
2864
1064
1344
4085
2721
3500
909
2339
171
2305
1425
3854
1081
2672
2763
274
1183
1428
129
937
3337
2183
1822
1070
3520
2734
3325
1473
140
2330
2151
2310
3970
3175
289
2511
3486
3102
147
1378
1731
3427
3208
202
158
476
486
1063
3463
25
513
2539
2501
3559
2126
2507
2763
1259
3938
2077
1265
2481
4074
1247
3602
2140
2584
3018
3664
704
290
1496
1109
3906
3834
9
448
3612
3839
1326
3990
3259
3133
685
3167
2977
2359
478
4076
2006
445
1126
336
509
3900
743
1821
55
3223
1385
1492
1973
2497
1123
1460
3766
3487
666
3869
1454
316
3521
1982
642
3502
1259
605
3084
290
3993
2573
398
1639
1044
1001
3890
210
3280
757
1917
3864
126
29
358
1501
946
2027
1329
3951
2025
3903
1226
4079
711
334
760
3613
946
2000
691
3868
1823
2825
2235
1507
2296
254
1057
2128
3814
2152
2470
1550
2374
1752
51
52
2805
4082
2156
3082
1636
1730
3026
1056
3072
1322
2490
3601
3375
2002
1992
1441
1214
2075
2925
3738
3701
1550
44
1458
3223
2376
2780
3243
1442
2664
3841
9
3210
457
3863
2149
299
468
959
3341
346
1165
367
2034
638
1579
1751
2845
4040
3998
3759
698
2384
1927
771
2990
1101
3502
470
1125
1040
148
2665
426
3654
1287
259
421
1989
298
3884
3478
2874
1705
3705
3773
1668
3341
4073
2498
461
2350
181
680
1703
1425
2247
3184
2402
2022
2646
1929
1689
3964
524
1275
1232
3242
8
1768
125
1021
618
3656
3292
3169
210
3736
4069
3775
3964
2277
436
885
3648
2672
1023
2374
220
1808
2525
2624
1168
1514
890
1133
2621
3098
484
2089
3171
3837
361
419
765
1205
2314
1525
859
667
824
2330
3854
1736
1964
1512
1154
1854
1026
792
3935
639
2245
4061
1690
3194
3757
4042
3913
2204
901
3190
2048
3186
1347
2623
1133
17
3246
3934
1118
3759
3423
273
1387
3109
464
1620
3263
50
3843
2489
2034
2968
2165
2469
2973
1701
611
3863
1264
2008
2667
3037
2944
1096
462
3407
1748
1382
3357
2375
1068
2594
1302
2702
2196
154
1285
1519
243
767
1905
3763
3838
303
944
3971
3918
2937
3809
2614
3637
1254
1354
2081
1009
3302
1054
3940
2530
3853
579
4080
2899
2149
2655
2613
2380
1650
1690
2631
3991
3727
2259
3147
3301
3025
1419
2897
2069
1957
212
809
2041
1048
1948
2878
3610
2588
2169
2221
3687
3345
1626
1382
3472
3646
1317
2967
2727
2585
3719
805
901
3093
3072
1585
858
2062
841
130
1615
1468
3343
3955
49
1022
149
1125
2801
3400
2128
3649
3883
601
231
1258
1708
3248
3709
3605
198
3256
3626
810
2319
1552
2770
1472
2068
3023
3346
1483
526
2228
3381
1326
1678
3076
349
2068
2769
2985
1514
166
1975
3421
4090
1348
2375
2302
1469
1710
1074
687
980
1456
2925
2397
3918
1167
1847
1528
489
2717
2986
2183
4004
2533
1814
259
435
2108
1919
3073
2215
2277
4065
123
586
2345
3882
3887
597
2198
411
1843
428
3826
2671
2691
1317
4007
3841
958
3748
1052
904
1874
2877
2137
3448
1707
329
1813
1015
839
3138
2189
1757
2163
873
1312
1520
2119
3950
3214
494
905
3826
2279
2664
2047
1038
3795
1447
1756
477
1046
3585
981
2456
2554
3782
1265
1923
1571
327
2684
1142
2871
1884
658
1096
428
3172
3218
1571
1774
354
990
2029
2290
3482
1817
1158
1761
2266
655
2651
9
1478
2036
4037
563
2072
2063
806
3361
3058
3248
2749
1426
682
276
3114
3650
1874
3043
3266
1970
3931
90
2709
1684
1894
2956
3297
878
3398
1260
1261
1178
2986
4054
729
3104
3061
3311
1307
1723
790
1676
541
3728
3225
2977
1450
3607
601
153
2954
3734
3939
2287
660
815
1973
4004
3424
1080
3346
932
1616
3391
1677
3743
3849
1061
3877
3976
3810
1444
1720
1479
2350
2776
1912
3987
2381
2774
1515
2323
1702
1898
3225
2530
597
426
3006
3881
3266
596
3251
2488
2964
3041
2840
3218
3585
2807
3595
3870
1431
2679
181
741
2840
2835
390
421
3127
1010
2970
1920
1701
3603
3612
3883
1248
505
2118
1057
1940
378
2872
2783
3108
3477
2892
462
3470
766
1282
2197
2795
2919
3930
907
3466
499
535
3664
106
3451
3432
2069
3034
39
3914
2177
1944
2860
2506
1979
2883
3395
2292
359
3041
2591
176
3887
3484
1303
2375
4015
1723
2028
397
562
598
3232
1601
40
1876
598
477
1624
3686
1339
2352
1538
1996
2829
557
4093
1412
1155
1013
3280
3152
2090
2745
732
4066
93
2696
427
593
3023
3312
1695
2870
2239
1827
3311
1750
3667
967
2954
2953
661
3918
299
2385
859
1350
801
1402
2386
1493
3341
2751
3709
3019
1199
4092
1611
3900
1718
725
3600
2119
3905
262
2779
1026
850
2390
522
3455
286
438
2209
1294
3842
3990
4082
2360
895
552
2413
476
2031
2462
2934
1487
1825
2400
2589
3642
2889
3370
1055
1933
3502
3234
2515
2280
2391
3228
3024
1168
3249
921
239
3394
266
3762
115
952
2036
3719
3923
376
289
2571
361
3309
4036
3899
1095
1224
737
3578
2985
3825
2115
2914
2084
3709
652
2219
1517
2200
2678
695
2955
4080
171
2966
3215
3437
2603
538
3975
32
2369
382
1334
1465
431
2499
2342
3595
767
2955
1815
3497
478
3907
1879
2791
2105
3271
1590
1639
1940
3926
935
3764
2308
610
3614
3583
1053
3251
3100
365
2504
3489
3640
3461
2713
2497
4074
2720
711
2107
1811
3166
3476
222
2773
2914
2772
2348
1852
1262
3215
2457
2209
3315
1518
3722
121
3556
2373
3356
2392
3336
927
2143
2146
673
1680
1872
4059
423
492
788
2933
1791
2976
83
1597
1167
1201
2473
2003
117
518
1563
1542
2775
1189
284
2353
2624
1101
4021
538
3862
116
88
2906
3220
2353
1529
3991
2013
3906
2190
678
3268
389
699
806
1426
2056
965
1015
2492
34
2771
894
3236
2437
2406
3692
1982
1451
2719
3300
2947
3935
3013
3490
3247
3137
1180
1583
2430
412
973
2638
659
1017
3902
1572
445
3732
2013
3958
3667
3969
1415
3270
3782
2268
1364
3663
863
3932
2536
3788
3934
2994
1569
3352
254
851
772
1227
2159
2307
2461
2072
3765
1080
679
395
1146
58
2531
354
292
547
1577
2188
3184
608
3561
1737
2553
3764
2642
2188
2362
2875
1917
3674
3533
1138
1778
2911
508
1829
987
1706
504
1551
185
3865
1858
1521
1633
4003
78
337
1187
401
209
2666
2452
1607
1171
267
3136
1149
827
2852
3215
156
994
837
2139
1028
144
1963
2929
2917
872
4096
3313
1981
1668
2242
2623
3630
2853
3764
1962
1455
956
1240
2401
3656
3839
3156
2130
3244
1674
514
3663
3917
2058
2536
1568
618
3861
977
3849
1580
3183
714
176
871
787
3981
1689
1720
3377
2485
899
1471
3900
133
3350
2106
541
3291
1865
1215
156
761
216
1189
571
2151
3304
2509
1990
48
2855
1309
655
3424
3217
1011
499
2380
3504
3427
3986
1559
3737
4045
473
211
3450
3561
2999
125
686
3156
1616
1956
3673
3292
1395
858
438
3348
1152
1338
2811
3110
3416
3591
1662
2591
1576
2682
1245
1789
1224
3766
3540
1976
883
1677
2803
3281
3989
524
2285
3430
3352
3274
3366
2959
4023
3327
3343
2034
2685
3332
618
679
3836
6
3310
4014
2553
2001
1177
43
1206
663
3073
644
1458
235
4052
1822
2552
2147
3238
1463
2839
2015
1477
76
2146
2975
1654
2701
855
715
567
3886
2786
1923
111
1151
1542
2402
336
1580
3003
465
2835
3775
2788
3923
2428
3091
1474
697
3649
1198
3459
457
3903
2055
1664
2357
502
1658
2731
1384
337
1038
1975
42
1379
1426
1788
3044
645
3492
973
3349
3986
2585
2902
725
3558
2038
1118
1913
1210
104
2234
2774
2310
1473
4075
804
984
62
2021
1442
715
1859
3999
1920
2783
214
3561
2046
369
1288
3995
306
31
1658
670
837
626
2728
3189
1234
2384
1249
359
2530
673
1941
1508
1512
2616
706
851
3797
3362
2451
271
372
339
2369
1578
3541
2987
3288
1200
3228
2918
4094
3542
2615
2388
956
487
2463
479
334
3412
3809
2589
862
726
3062
3659
49
1485
2654
8
1139
2255
1828
603
2791
3329
762
2244
1055
663
2332
1374
1521
1423
1682
2990
3817
1004
533
19
1757
2708
3886
570
3905
667
1059
3719
2495
984
3535
3519
3520
3568
1696
749
1635
1143
2058
3552
1099
3329
1036
2312
1528
3457
3770
1314
3308
531
1094
3693
3422
3227
636
1495
3800
1496
762
3315
2186
3626
2344
2070
1438
3866
701
1214
125
1154
23
2065
3819
2531
133
3626
1578
2731
2670
2976
2755
3495
1026
3097
2719
2716
2841
1874
2937
3407
1479
4063
3490
2388
1990
2065
1241
4056
2047
2977
2824
2712
2082
616
90
3364
3994
1345
2272
2866
252
818
1180
1625
2818
389
2242
1579
482
2032
2901
725
2873
273
3963
3542
3611
2927
3370
2709
331
3557
1056
1783
708
555
64
3407
3665
2245
2474
3739
221
2984
1526
2572
3625
1764
2694
875
2993
1022
731
2155
841
841
1928
2363
903
2705
474
2754
3369
407
1437
182
2033
3069
3796
94
3854
3489
1574
3067
2662
273
3732
1284
1021
2743
2484
3932
2289
3835
2319
2377
11
140
2740
4035
1449
2485
812
3072
323
612
610
3021
3375
494
3402
784
853
2928
1716
1817
2593
2303
2592
2073
1535
1086
1187
3028
614
1853
2077
267
290
2406
2049
3225
351
1775
342
1058
2013
1094
108
109
469
4078
2573
165
163
3548
876
3727
3683
847
2030
3426
2875
1354
1592
244
3302
2831
28
1574
438
2555
1245
2846
1034
3736
3360
2599
92
376
2152
55
2023
3563
2938
4042
1718
95
3678
197
2902
3190
393
1140
2597
3584
3316
596
4007
686
48
3823
1388
1107
194
242
2546
1867
1115
3567
1588
890
3751
1929
2289
2815
3621
3621
2714
3019
1048
257
897
3727
2855
796
397
1534
2802
2745
2558
3743
1399
3755
2490
4077
2213
595
498
707
417
364
3939
2141
1147
504
3753
96
886
1910
1081
1507
776
3241
2468
3180
82
1714
1150
2477
2941
662
4096
459
3892
338
984
2207
4088
410
987
2500
1713
3361
3194
864
1278
1707
1047
78
601
3986
3685
2608
13
4066
2400
3397
120
2649
2525
2159
1408
2269
2666
1718
3379
932
3012
3023
2276
1082
3806
3330
416
2737
2540
2052
2025
2845
3910
1339
807
2894
772
20
3912
3760
1049
448
3628
233
1648
3587
3785
1996
2567
3515
1171
817
594
2134
3547
993
1147
1910
2711
3431
231
2396
3194
4089
3955
1876
264
1554
1771
557
4022
1602
3554
2531
3571
469
1503
3811
3805
2020
554
2601
1013
2639
504
2348
2045
3097
3753
478
3837
4029
3658
3876
3512
2678
774
1353
1668
1713
289
794
1340
3728
2505
3835
2238
1977
827
3956
278
998
2716
3175
3080
2753
3522
1181
2439
943
1132
361
3729
855
2162
4007
2550
736
3559
139
918
1385
1687
662
819
3586
2147
1108
3010
3456
684
3067
3238
1179
210
1047
3728
3175
1773
1632
2161
2361
2137
3802
2320
3789
1387
962
3734
1482
1109
3161
3702
2602
850
2901
451
1490
3697
616
3888
966
3592
2398
1280
2748
3543
4024
3744
1789
2422
1422
531
3982
3970
5
2692
2861
374
1059
920
3476
1910
1327
2099
2365
3059
1804
4028
1262
3991
2831
649
3186
2593
1600
3233
3860
1113
1846
3988
3468
2146
848
395
3934
3330
1719
2829
4086
3063
1345
3708
3247
3306
1650
794
1065
3995
2005
1307
2733
2233
1315
792
1847
3453
1455
3003
2676
1190
138
525
161
3090
2998
2744
1019
2073
2426
3673
1297
1996
3472
103
404
3820
3329
15
872
3216
2829
2747
1670
192
1625
11
2417
2535
443
1151
3865
1947
3340
1411
2372
2737
1904
88
3603
4010
271
3369
4
479
3803
4032
3959
1153
367
1116
3341
2535
993
2488
562
3778
3869
136
3041
2762
906
2815
647
2907
2417
2310
3313
3898
3701
608
389
1269
2473
2857
1793
4095
3801
1892
3376
672
3451
3759
3368
3462
3364
127
3336
3812
894
3975
3997
126
3884
2144
1627
2015
1712
1948
1238
2909
2414
542
3479
4000
1487
695
3932
1556
253
2593
737
3431
2995
68
3856
1794
2009
184
3828
1216
3024
3248
3831
1469
2851
3054
4042
1239
3910
1276
1001
2745
4034
1506
175
635
2885
3361
2337
521
3093
702
2007
2476
2983
2878
3375
1396
1123
151
3538
2530
938
940
871
3235
335
3270
3756
3252
1246
3376
3810
2205
1113
2043
3579
2072
1818
4005
2459
3012
1667
3647
1740
2170
4049
2772
3680
1287
3999
2534
2048
340
3322
3372
2464
340
3526
3629
236
1168
148
620
1569
2162
95
2389
2154
755
1426
1730
3293
3763
2697
2264
807
2141
3138
1872
1951
3098
1937
3163
694
485
825
1956
326
2633
1832
1615
3056
684
3638
402
3177
3318
887
2788
325
3301
855
1079
2044
743
702
2689
3716
3676
1268
3239
2823
1368
2459
325
2675
3114
1211
2543
2872
1739
504
1835
295
397
3764
2632
3122
698
859
658
2547
899
2765
737
1592
1769
1209
3738
1303
1978
1072
1066
851
375
2639
3449
1947
1220
170
3684
3461
3154
3140
2033
1651
1726
1762
2243
3005
3554
2863
1074
1038
727
3288
3454
2364
3143
900
737
3428
3400
2237
3878
2852
2731
1752
574
2889
2354
1010
2149
3995
3993
1884
703
1929
198
3783
3037
600
2736
1756
1042
1077
4099
594
2098
1133
2391
2952
3134
2354
280
3946
2982
4090
2974
1303
3575
3651
2515
1717
1615
143
2487
3591
1908
1810
3753
1091
2703
1742
4084
2362
2064
463
3104
961