5168
3137
5209
7974
5803
1535
5054
3096
3782
3952
1348
5080
9021
5024
2645
365
5957
5497
7517
1058
3969
7175
9807
1080
8108
6341
5354
5335
129
3733
6950
3586
5414
8753
9559
2631
167
2035
7599
6775
21
2091
7058
5163
4228
2732
4512
6292
1218
8278
9034
3722
64
1049
3425
6668
5652
1228
2449
3067
5983
4388
9672
5696
4508
5563
9842
1745
9219
9476
1758
5916
6448
1524
5910
5783
8582
7148
6237
8190
4271
5682
8080
8655
2263
3672
8911
5391
6627
6674
6656
5966
1755
6375
3164
3342
2222
5467
2322
4283
7293
8448
7648
938
6276
2504
2481
5796
1339
1650
6222
9123
3615
1816
1210
5565
3596
9774
2295
8195
278
7738
3144
2374
5881
3927
445
4370
3896
5909
4141
6516
4178
1414
3442
879
651
4577
4886
7208
8492
2648
9768
2687
8995
9671
4987
4732
141
7946
7998
4005
2682
8353
5795
791
1071
4592
9186
7114
1045
9094
9299
3476
7059
8760
7135
677
6768
444
7349
7124
1757
5378
9123
9659
5494
5573
6832
5437
4259
8338
4623
4932
1786
5241
3094
7345
4580
1374
1204
9189
9724
6432
3718
6847
3973
4953
9998
1671
2542
6409
7394
2552
7038
3376
3027
7125
3588
506
8689
6451
6021
3152
86
7932
6
8656
7141
2551
5429
5615
6071
8459
558
1639
9138
2905
8230
9223
4763
6377
8380
2241
8768
1485
7038
6225
1875
3215
9579
3220
8112
3907
1527
5070
281
8284
9768
7765
7815
9525
6029
6703
8054
5843
7894
4629
4811
7239
3878
2008
408
4086
7105
3707
2599
9395
7276
8816
1431
8206
9328
841
1146
7448
7892
495
8255
6683
5385
4079
1903
5781
6992
1931
9848
2615
6411
2882
2674
7816
5095
9322
1901
9545
686
8122
2141
8081
3938
450
7750
7965
7681
5651
6082
1388
1500
2019
8039
7879
5270
4083
4812
6907
2729
9922
317
1706
2862
4382
1945
7374
304
6312
6351
5428
6583
6345
2794
5884
3119
5272
8782
447
1065
4909
8944
526
8787
2927
9074
2175
5328
54
6652
7274
7328
3502
9062
8967
8537
3187
1668
9
2954
2708
9592
5651
946
8417
8694
4440
9035
4230
6307
4688
945
9979
1946
5446
8066
7051
977
8927
775
5084
8290
3956
1031
736
8198
5939
640
5921
5555
1048
2176
8885
7801
5846
351
236
5445
2134
943
7174
4750
340
5314
8593
2341
1122
8553
1641
2101
8483
2464
9469
2243
6106
6591
8085
8222
8959
8099
6024
9058
8397
2663
7728
7385
115
9764
3720
2705
9852
5488
7444
3327
425
4529
2293
8455
954
2746
1597
1430
5309
930
2035
9255
7673
831
5498
1688
6646
9801
5190
3205
3679
5206
7891
9562
1538
7307
8588
3193
7372
1455
7620
877
6753
6439
8774
94
7897
2567
7343
9819
3553
629
4766
5304
537
6967
5775
6180
5546
6561
9138
5334
5652
1571
7092
5446
2911
597
9434
7147
1046
7768
8493
9566
9815
3892
7221
3820
6818
2629
6005
2857
9734
8916
114
7399
9561
6151
4820
1989
8647
5139
7825
7643
1593
686
4661
236
1631
1606
2665
5599
7528
7606
5172
9671
1463
3003
7578
2325
4055
1670
3079
6937
754
7724
4792
8421
9719
8828
2153
1187
4103
6793
4913
5722
4222
9821
5769
9949
9136
5758
1173
2727
2911
6189
1741
6139
2196
3339
126
6795
9509
2205
6672
5292
5595
9115
4401
1035
6652
2558
5404
6605
7337
4566
2762
9919
4935
8838
7061
5020
7178
999
8228
2326
2282
8570
6018
22
3697
5296
6086
4963
6489
8581
4645
8970
9777
6776
1773
9059
3385
8909
7489
5531
4997
7329
7986
7442
7040
1193
5827
9031
9972
1581
7072
8041
7181
6961
6941
1579
8497
1227
6984
8962
1017
9722
5339
7775
9654
1927
116
4831
6350
3815
1131
8219
6410
1373
3368
9798
963
4719
2955
3800
8387
5605
1020
736
190
7974
4594
4188
7469
9867
88
8444
2911
8774
9612
1837
519
4159
4431
1135
1509
1647
3154
8910
303
4972
9035
1514
7831
5209
1465
4347
3889
6358
4254
6447
8507
9313
3000
6730
2901
1190
7277
3010
4266
9320
6571
106
6254
5236
8626
4435
6085
2237
5703
7391
2741
1235
1030
4959
1899
8707
7066
4138
5562
9262
7222
1726
6186
9916
9744
7663
8497
290
3452
7071
6689
2511
2279
5179
5006
1342
155
7955
7726
8827
8020
8210
1944
7519
8113
4866
2608
5992
3067
3556
4681
146
7871
6216
6311
4000
2403
1018
1188
4110
3673
5614
9336
8815
2723
3179
38
8436
5062
5908
8752
7540
9869
4674
2932
8530
8375
2225
5233
8242
3423
5578
4958
6112
4202
7044
8996
2466
9881
8866
8625
610
3298
6772
9336
6654
9564
2867
4666
3363
7319
3223
6780
8706
8697
2442
9362
4141
6153
4286
1153
7221
1099
4432
4488
6129
2444
4775
3207
7972
7467
4896
2322
6845
4166
647
6427
933
6850
5705
8535
8245
3969
5032
4922
8844
8417
1275
8142
2783
4557
4904
2447
4786
4909
7860
109
2665
1640
7411
7137
6909
7147
1366
8185
1554
3523
7807
3827
5354
2262
6948
6127
5750
4548
5861
5080
5872
4575
4803
3678
6096
442
8545
8415
3560
1841
3453
6146
6037
6741
104
8246
7267
655
1625
6880
9953
5088
4238
515
8696
3841
3241
3702
5025
1806
847
2065
1707
9717
766
8700
538
4927
184
5944
5791
4044
762
9021
7093
9749
1593
1797
4325
3443
3530
9464
247
386
418
3944
2317
493
2239
4745
9953
1202
7885
3261
1135
2456
4855
6689
6203
191
6789
6453
7751
5954
1562
1366
216
6615
7411
278
878
1453
1658
1302
6774
5344
7278
8392
9541
2323
4138
5720
8390
4783
5228
8809
3655
3527
4018
2155
8305
1793
1624
7795
8979
5782
2938
8820
6872
1833
4110
2567
5181
6325
257
3680
331
1454
6950
7510
9522
1971
8678
5125
4562
1657
1206
1596
254
2085
7986
1589
7848
3037
1985
788
7568
1724
4545
2263
4971
9251
2815
1791
5363
8548
2867
2450
508
4905
1435
2335
2932
7023
6226
4225
708
6088
9893
6851
5065
8548
8287
8152
4821
9686
8050
8819
6784
634
6453
6376
9608
8499
7109
6170
7124
5816
878
597
4662
6733
1383
3265
3297
8706
7243
3848
2746
2784
926
7688
8841
4228
2270
1275
3314
2868
6882
7349
3477
534
326
161
3017
9871
8020
6239
9316
3136
6372
6346
1651
717
3584
5794
7983
1909
2558
1580
7228
9872
7748
6856
4479
4882
6170
4208
7139
8425
1137
6704
8013
6591
8936
3377
9268
3167
656
9953
6872
3181
9688
6768
3702
6489
4898
4325
3198
2347
6140
1534
1959
4472
4762
2512
9815
9706
6110
397
117
6343
5974
75
826
6605
5439
5034
8952
5817
6385
6155
4577
3129
4111
2338
2741
1942
7072
4593
906
3899
6502
1347
601
7291
4145
5178
6021
6164
959
5896
7942
6801
2082
634
4943
1099
4529
1495
855
4885
8097
3463
225
6306
6896
1590
8133
7357
8253
4253
8213
6360
1926
5838
746
2897
6905
4890
9324
8362
3571
9667
3593
5248
8607
5268
7415
8710
1600
6770
457
6266
9068
3070
7268
9992
9342
7012
6559
1847
1842
4810
6756
3892
1889
3692
1260
7802
9151
733
546
1711
4974
1855
6785
9915
4604
6241
214
1810
2122
1826
5532
3441
8525
9498
4279
3599
1101
3017
9567
8806
4323
5140
6840
1965
906
5415
8568
6610
7930
2263
5684
8727
6442
4023
5340
3177
4411
8886
6937
3793
8151
6164
8847
9463
4074
8565
1466
312
8013
3848
8984
3157
7831
7968
2390
2311
7494
6044
7181
263
3542
1465
3427
5941
3926
5109
7093
2392
4070
4251
3986
3730
2619
4511
8755
5722
7150
7109
595
5838
2072
6171
9949
5074
5405
2329
2998
6394
8756
8396
1259
2142
9961
1667
1556
1673
9660
2899
7866
6527
6836
841
2140
5206
7333
8627
4857
6262
3081
3262
4699
7284
5460
4883
4608
5742
7988
2937
2509
986
9711
2236
4981
7348
6609
5310
2451
1186
0
2855
1622
9733
4746
7522
7565
9351
7030
4475
1710
1640
8405
7844
4134
2646
4428
8687
896
9219
1344
2043
8822
8909
7931
7012
5836
7711
8672
9301
4521
1388
4720
6627
5987
6547
1379
689
2209
7714
7445
8651
1025
998
9992
4488
493
5835
610
5027
2526
3059
8002
9929
4621
1152
6995
9610
2687
3995
1785
5037
7401
4059
7582
9937
4396
7806
4844
7683
1417
9740
4782
477
9028
3701
3465
4596
1762
8695
581
1280
6378
2853
1465
7774
2486
2343
975
6960
827
3855
2923
6930
9432
8789
472
2234
1147
8766
2062
3672
7708
2267
9715
5871
3111
9196
7924
2908
6763
6034
4184
8078
8603
6055
9458
6165
8860
1293
5007
9597
3669
1879
629
9103
1527
1707
1248
9077
3599
9095
2591
6180
9829
1625
266
9396
8798
9577
4358
3920
5081
5355
7567
3865
7325
5168
7247
3450
9144
9361
3115
7303
9868
6609
6741
6691
1983
9989
5732
8930
9236
8433
4331
6902
8842
8939
8525
7139
1147
8718
3510
2942
3075
6489
5472
8445
5519
8349
3587
2670
6463
7395
1149
298
9831
47
5162
6971
8510
5076
4396
4704
2043
3587
4695
6142
5742
2842
9036
8466
4653
8444
2363
3115
4161
4639
5586
1811
6558
4150
4857
4092
2681
1063
8937
3456
1407
336
7542
7312
178
1495
9798
3404
9298
2264
7098
5468
3206
8952
8170
991
4558
9073
3550
2308
5144
376
4480
5327
355
6284
6588
2567
4206
9125
219
1445
2544
7269
8977
5671
5339
3754
5733
8828
3371
5296
4249
9029
8423
5302
9480
6740
7929
2417
1792
7704
9582
5438
3184
4121
6630
2884
5365
8122
7117
3727
223
5226
8356
9167
7146
7320
6933
8861
5929
5351
5704
4285
6556
3896
2209
4639
1983
3826
1302
7431
3199
8178
3938
9559
4907
6049
2466
574
3700
6377
8809
8740
8315
1926
8185
3792
2798
5965
9353
6041
9283
8260
922
6730
8476
6220
2175
839
1464
3230
9563
6416
6110
4153
7250
7845
1695
6377
49
1159
8701
7242
7497
8494
1204
4894
7663
5460
2350
1227
7032
9417
8818
759
4950
5802
1222
1866
4247
6725
2953
1130
6951
7939
9836
6235
8363
3355
7878
111
7771
2786
2604
546
2942
2663
3608
8052
5366
5850
2108
5104
4896
3226
6718
6360
6173
3595
2924
6473
2088
4584
5025
2191
5064
4063
804
3016
516
2151
4018
803
6701
7634
2582
8040
8397
1768
2713
7217
1111
342
5065
6802
6774
8662
9657
2566
9174
6189
8759
9322
8962
8240
9043
9768
7542
2663
9157
5677
3917
1759
6585
9431
9263
6903
6735
8613
6387
355
3725
8623
3139
8592
4871
4304
9395
5835
197
6347
3524
2752
4039
6235
2418
691
6703
6142
3933
9987
7570
2720
3330
9724
5446
9924
486
8662
5073
8095
892
8063
3254
3544
2262
6986
3330
7164
8024
7466
9485
6328
2601
521
7060
3730
9674
7688
3634
532
1182
7619
4986
4113
4341
4860
8885
7061
2887
2802
5191
4195
6776
3832
7943
8584
8320
7773
6796
7622
2535
1226
731
8523
4646
9422
8633
1784
6599
3712
6655
1328
7016
7630
9040
5942
4894
3635
8550
3193
4772
9065
2297
4062
5353
559
2895
6240
8022
4984
4321
8874
9981
6649
8459
1475
8822
5746
7906
8373
9392
7145
5393
9160
5806
7070
6189
3307
254
3901
3768
8281
9249
3404
8741
5933
6703
5309
3178
9299
6896
7915
8332
7288
9815
6887
3646
3230
8077
3825
5499
5977
9140
6478
1667
5251
2676
6256
8768
9740
4359
1509
3267
6612
667
2051
359
3240
2914
8844
2091
9271
4720
80
1551
6534
2635
9071
9032
6847
9213
9407
6966
4743
8856
8860
6511
4558
4182
1563
8270
3078
4471
4383
9146
141
3370
1323
3535
8948
5105
7502
3022
6154
4482
792
3135
6599
907
3983
7636
696
1843
7058
4292
8525
4587
8109
7140
9839
9728
1556
8266
4498
7252
129
2623
2702
5602
8479
2657
3366
6877
9837
4718
6353
4160
144
4676
5053
8774
890
4914
5526
1104
8498
280
9739
2391
4383
5941
8784
3255
6872
7250
9365
4380
8673
502
6684
8348
679
8641
1905
3554
7965
8292
2568
1305
8535
7518
4113
2284
9214
6181
4198
2795
9077
3779
8814
4281
8628
4827
2668
4928
7294
8328
4011
1595
5475
3057
427
2349
5577
8916
7059
5293
5599
3227
3236
8039
9056
9495
4820
5122
9188
5236
8392
7973
9043
7674
7464
779
3034
9361
845
3441
2678
3828
6782
8586
7927
5632
7099
7605
7489
164
211
8277
9203
6221
1
6469
3740
2512
5624
274
5125
2879
4900
2924
3508
9808
4296
2912
5588
3117
9580
3075
5926
632
2329
2499
4989
8357
2899
7358
6252
8117
6713
1049
9388
5357
3122
4712
7592
9929
1060
9823
8193
1018
667
7392
6731
2175
1949
2712
7860
6379
4060
5230
250
9697
2593
1768
1072
4731
1275
5642
4376
8080
2420
6119
1107
7962
6546
1812
7407
7525
3416
7638
7152
5607
1814
4844
9516
6353
9264
9808
6586
5705
8272
3327
5141
757
5093
1422
4626
9221
8929
3775
8787
9707
8156
3295
4596
139
8036
4119
5691
5189
3421
9078
2818
6789
3024
1854
1757
2799
8555
6171
3819
6257
9339
2568
725
6637
1992
9409
1719
7640
2892
9763
3385
2727
4315
647
5481
6175
4868
9405
4562
542
9530
4423
3274
6086
2489
1141
7256
5290
6786
6790
310
719
2785
2600
1779
7510
4722
1146
1349
7208
5820
6188
2832
5740
4644
990
8791
217
92
9842
3101
4633
8356
9530
8441
572
9014
5616
2302
3579
2827
2779
801
9235
8557
8428
3217
3821
6204
4139
351
1361
3347
8856
6193
935
9902
8035
2274
9358
3067
2802
5240
3691
477
291
1497
367
833
9500
1489
602
1479
3839
9422
1633
885
3748
6805
6776
9730
6028
6731
2509
9890
7941
9368
5013
8729
1706
410
3720
4390
1311
8906
6960
707
402
4291
8957
3417
1694
5164
1932
7953
8645
2376
4623
4172
7264
6433
7135
7776
6243
6282
229
8027
7618
8403
7956
3735
9969
9494
5168
6566
7740
8703
2257
6826
4812
6871
3499
6826
8990
2921
9910
4132
3071
754
4044
1913
6500
5364
6098
7434
4589
4748
5322
8862
3297
9316
8694
1885
2833
1549
4746
1495
6186
9009
7883
4527
544
9305
973
1704
8937
3873
5630
3565
3473
5159
6214
2926
3461
4696
1773
7766
6134
4473
3246
9975
5226
3331
5477
3775
8177
879
928
5917
302
1513
423
5431
798
4571
8703
5690
6498
5304
8898
7000
8878
7535
4013
3890
4971
1964
8672
8783
6647
4195
2082
3028
6651
8345
5219
711
4893
9276
8378
6794
969
4830
2983
365
3292
2919
3361
5957
5683
7437
9358
7588
5337
4529
8460
2105
7179
4657
5465
8705
608
6063
8592
5053
3815
2778
3590
7860
7520
3121
6554
8615
2439
2204
914
4789
2685
5440
7951
3721
5698
6672
1814
5849
3549
8091
589
1408
4075
1709
4815
3991
7797
9751
6627
6642
8563
6887
4342
672
2215
802
9237
2558
3237
5399
7049
9701
857
2808
4696
6039
8605
5885
1914
5779
8879
3741
8556
9485
7333
7494
6560
202
404
8618
9181
3278
2343
5944
9953
350
9911
5690
7978
3642
17
6395
7217
2873
5522
6006
6871
1521
3246
7253
6365
2159
5800
7009
6528
6934
4559
8875
8670
8625
4423
6578
1943
8852
2337
4087
7282
7376
6340
2639
190
8650
2763
647
3591
8604
1898
6171
5242
6125
5429
4355
2583
6741
7014
4049
2716
435
4663
2818
1458
4177
9545
9432
4256
7244
1677
9780
6902
6282
3561
5449
5625
4875
5115
7599
6864
9972
6263
5780
1057
2966
7780
7649
8716
925
8579
8762
600
1879
4583
816
475
9292
2910
8263
2081
7606
8003
8198
1083
4279
7020
2509
6292
5023
4175
2341
108
5018
1103
9111
2319
857
457
7339
9469
7211
7306
5280
7678
5321
8876
3117
7365
4822
1375
2327
5322
934
9147
8513
9183
5907
4
1641
9905
1315
2440
1838
3370
9187
1478
460
3143
7857
9103
8619
8108
9962
2049
3003
8645
3264
1233
9648
5450
7077
300
4886
4264
6380
1052
4682
6146
8629
1978
7733
3802
7576
2987
1865
6495
1303
8132
878
3265
7714
3417
7221
443
8343
7
8231
8314
8735
5673
7233
7271
8107
7142
3626
9110
7093
5120
2021
3001
4831
9001
7178
558
9889
2405
2886
7766
5694
6965
1342
7242
1984
1637
2880
4057
768
220
9805
3358
5429
6270
5936
1907
2483
4315
8304
6919
1725
8234
9062
1781
6973
6465
1522
1626
2474
2674
6904
3268
5174
8930
750
4878
6560
7159
6268
4045
5186
5179
3588
8216
1045
9022
7118
1878
7072
5378
5190
8007
5897
3962
1278
6072
8822
8087
7230
1139
2174
1941
153
5057
3891
1152
943
4288
1341
2225
2263
985
3791
190
1436
7732
7796
4625
6007
5442
9385
6720
7681
2230
5275
401
2045
4100
4899
47
5704
7816
3676
7724
4837
3116
5736
47
1043
5135
6126
6950
4142
6509
5624
5386
2299
3981
1289
6320
5748
2314
6181
6398
7192
3311
6398
3011
8844
5466
1522
1297
2681
9449
9973
7883
9130
4853
3259
9964
9841
6227
2592
5368
8140
5942
5465
3419
8906
9572
981
5833
1308
5891
6701
2616
7701
311
6496
1643
4762
2462
2030
2806
5307
450
590
1734
734
2726
7561
1408
5551
7868
2886
7142
94
8042
8144
6887
6586
7433
5388
7031
2789
8706
3650
9711
6872
7420
6431
6669
2094
3805
5602
6237
525
2275
9387
7432
5601
7147
8830
3194
1723
2259
662
8911
7126
8768
5361
9550
3361
584
2295
107
5466
2604
4688
4752
149
2323
5486
2168
3082
5144
3173
6212
5491
349
5442
247
2859
6912
2378
2831
3360
8013
6864
1348
5090
5732
523
9592
9953
7208
8409
749
3560
3320
2110
5075
1750
3408
5906
4295
378
5649
3511
4696
8141
9072
5886
1116
815
2228
8871
844
1606
1108
1425
819
4122
4926
520
232
583
7664
518
1271
6550
7200
6762
1949
4926
4149
9291
6024
3059
7954
2343
5718
1525
8803
1700
4692
7929
5337
1108
6810
4653
7255
4894
8914
5386
559
2328
6223
1857
4204
6642
9694
6730
90
479
964
9005
8769
318
7575
784
5380
6773
3374
6027
5439
4881
666
8574
3855
780
7488
7653
3896
9976
7105
4736
2639
5720
8121
368
2256
4652
9580
7566
5740
4103
560
4511
4813
823
4210
4502
3837
5623
4493
8640
5864
3063
9153
7688
9547
5309
4256
7803
9782
4719
9806
92
6845
1841
3725
7780
9078
3126
1625
1171
5639
2416
6231
816
8015
6999
4945
7241
8402
8456
8999
9782
9853
9568
1258
102
769
1085
7953
6384
6850
5224
1746
9787
126
1056
3498
3708
8336
1397
5038
2404
4431
5630
9139
8837
4657
251
645
4118
1763
4027
7392
7259
3609
5033
421
7128
9143
1891
2033
8800
2085
9311
8515
5919
9854
7029
1763
1197
4524
2512
5073
4071
8051
1647
4947
5440
8336
8949
3319
2234
818
3559
6972
2445
930
4957
9892
6360
9034
4687
4740
4106
6358
5717
1027
1095
8480
284
5921
7604
9944
3219
5169
2938
3430
3396
4722
6757
4229
2383
8585
2181
4607
7114
6545
1720
1606
2577
857
9060
8101
5489
5374
8054
2574
6947
1786
410
7761
8896
9262
9222
6730
7455
8110
7533
1898
1216
2676
634
2363
9123
5358
6037
9043
1212
7168
6615
2537
3605
5736
9801
1112
1602
2349
6734
5676
7746
8075
9483
1279
8155
4476
577
3138
3206
5708
5929
9298
582
8698
3243
2030
5258
4792
4465
2741
2755
7288
278
7134
502
4142
6407
622
7045
5786
2544
900
960
4371
345
5123
1763
7587
5798
7675
6037
5482
7254
9962
2054
8166
6603
2833
116
428
3233
8989
1108
26
4803
47
5704
9919
6996
4107
6645
3347
750
8992
5287
710
2415
2796
2004
4416
9439
1386
3964
7035
1501
5575
2346
1178
2295
8753
5382
6709
3048
3963
3393
8475
7968
3555
5752
6789
479
3360
6139
5489
2934
6262
3002
3487
2889
2285
3285
9464
6936
6170
8711
5805
3425
688
5346
8959
388
3609
2164
1371
8689
2196
1160
7993
2169
4197
4807
7751
96
8613
698
4112
7555
3636
4571
2813
4364
7174
8941
9635
2967
5827
2741
75
1026
9705
6098
5182
2182
3449
3671
2652
7825
7777
458
8744
8202
7006
7561
49
3607
273
3947
5326
2674
9968
929
2347
7844
8686
6538
5357
7325
6173
4691
6049
4585
1731
5580
4715
5957
1888
1609
2294
1747
5588
9833
6269
3778
4964
4
8916
1617
1271
4685
4105
2470
3158
8161
8312
2711
3058
2845
4804
8553
5862
8131
781
7433
8041
110
2653
7860
5675
968
7031
4190
9418
8303
6006
56
2880
8382
3969
8736
1757
6251
1257
2129
2513
7381
2157
1676
15
7907
8637
1301
4753
7654
2333
130
2562
5776
1040
8317
7158
6439
4248
5646
7602
1764
8511
9549
89
1324
4139
7535
3990
4682
7365
9556
4126
1280
1288
4170
6350
1954
6253
5623
6070
3715
4440
7094
3109
9385
7022
5390
1636
3105
4331
3680
6224
6102
1058
8467
8450
7624
4630
4479
5114
3654
982
5831
4487
8218
7657
9678
8312
5364
6997
619
2162
5635
7775
7902
2133
9390
1966
905
937
30
6665
9455
3062
9247
422
5677
1982
5973
7450
2081
6364
8269
9235
1981
9084
3854
4103
8980
5266
1213
5990
6392
2337
1222
1008
9157
5992
8774
8156
625
8946
675
6950
7449
6862
1415
9271
2773
232
3081
2735
1605
650
8627
1061
7440
6334
5809
2326
4167
2397
4662
7696
8906
4580
7197
9349
1491
5267
3020
4463
3411
4127
3958
8879
5643
9679
209
5555
9277
2666
2484
8360
4036
2393
8092
9982
7917
1220
2172
5186
6449
3669
9543
9169
5819
7901
5028
2498
2683
2169
5309
3884
4501
1346
2958
258
6756
4142
9304
365
3850
1777
4780
7076
964
8170
5744
6342
6154
8678
2299
1526
9476
7577
6528
5926
4989
3966
7210
2078
1282
5034
2964
4406
3098
277
7939
3010
4126
2945
6302
5176
9049
5347
7994
6468
4102
6187
2793
2989
8853
6322
7155
1856
8037
7993
2306
1739
5005
9096
2646
7614
7063
9775
9333
3838
258
223
6650
3966
6612
9013
3466
7315
1614
7839
4965
6098
2889
6026
1802
2495
5883
5561
184
685
4317
1541
5782
4557
3011
7896
1124
2047
3124
2996
1133
9701
5399
4200
7258
6336
594
9141
9338
8137
9390
7693
6938
8861
4932
6904
7271
7197
6630
1586
1550
6758
247
2534
4775
9754
7656
992
3074
6394
888
1341
1141
5792
2453
8587
521
6884
3607
3511
4254
6882
7759
6461
6108
3510
3282
3581
7346
8105
3171
9457
3534
7870
645
5141
3089
5177
7828
3291
8924
2862
9350
1923
754
1898
7537
5534
6133
2329
2242
5826
4739
5976
6325
6808
4021
3310
1868
8152
3748
6925
2446
8920
3778
5593
15
5294
1540
8019
5596
6893
925
6997
2348
2070
3154
3349
8201
1308
6422
6088
9928
1578
8424
6411
4824
1593
8313
6630
3548
3703
1542
2015
2992
8068
6561
5717
8762
5506
3921
7183
7612
3259
1575
4114
577
6939
7595
8938
3988
901
2680
7480
8449
6569
5675
5016
5469
1332
6185
8217
4625
3996
6949
2009
4649
4146
7321
5840
6013
6774
4958
3606
937
9401
787
1758
4724
1617
5606
3769
8393
8241
786
9181
2319
9202
3419
3622
4581
8253
3167
7641
1399
7635
2178
4847
9401
7786
560
7838
3521
3388
6128
4838
1006
6927
8379
7266
7697
6781
3442
8480
294
1036
7314
4461
3009
7174
960
4745
5460
362
1614
9560
7466
7347
1553
9446
8603
284
2556
8837
199
3741
8469
2867
269
2692
888
8473
8348
4131
4620
6587
6238
1333
9317
1804
4997
877
9429
7380
2795
9083
172
6919
4829
557
2811
5848
3413
6107
4550
2590
6804
919
8351
2366
3887
8289
8314
6383
9424
9994
5216
28
9119
9415
4927
487
6080
1384
8032
6188
8935
7578
1089
1253
2878
9300
5824
8386
7973
7155
8611
5213
6544
6521
889
6720
2376
1831
9535
8930
2402
6113
9687
7760
1174
7712
7777
6254
8688
7360
141
2451
2536
5778
1845
8317
4477
9555
4755
1148
7825
4487
9460
9810
8269
1562
3905
8957
383
718
6277
3703
8588
245
9043
293
9139
8249
5096
8493
2352
7409
2158
5633
4317
6779
9685
112
8772
585
9212
8242
7357
2470
6270
2023
6490
4050
1470
5054
7900
9507
8537
9943
9110
9896
8719
7044
5078
5902
9844
4647
9707
1269
2348
6208
9238
5277
5359
6825
2816
9168
5178
8491
6343
1692
2656
4434
4245
3073
7885
8899
4808
5541
265
5361
1822
5507
1869
5390
2885
7293
3966
5697
1637
6208
6173
9189
3631
2678
5836
6164
7284
166
8266
5428
9669
3325
7293
4453
3681
3385
903
3752
5135
7331
7453
2377
4293
6151
8078
2241
5634
7492
6958
5862
8388
6911
3906
3566
3308
9544
2000
1992
2542
6536
3140
4112
9369
4517
799
8566
7296
4754
2208
4151
9441
3356
6803
662
3426
119
5482
7360
6564
6430
3197
7391
4744
3492
715
378
659
7067
5508
1265
8410
9689
9400
6261
1064
973
6827
8935
3506
7454
6216
6985
8747
6906
523
9414
4071
508
4502
4689
100
441
2591
8242
5225
3129
208
4390
8201
7908
3211
4084
7149
3670
9076
2540
7820
7667
3492
3461
1681
4714
6951
3615
3699
5604
2647
570
7762
1406
774
6511
490
8631
2645
2531
2917
3030
7746
6488
327
4807
3621
913
8761
1425
6463
2529
7273
9110
6502
6702
6736
435
2741
7251
8172
909
9796
2424
2691
5234
1354
1949
1116
619
9108
9535
9794
7940
3076
5516
9352
9414
7451
6080
9032
5891
4550
3813
395
1203
3497
2145
8312
127
683
2492
6509
1865
1359
7247
7222
9987
8961
1612
6650
1965
9435
5607
1728
9202
4840
7622
6379
2299
1184
4652
8868
78
9268
7005
8640
1983
3875
9638
7999
2595
5260
7311
4795
296
8097
983
4655
9840
2638
962
5460
724
1729
7776
8987
1858
1725
3993
2743
1373
4662
7453
2786
2480
4219
1452
4923
2796
4586
373
8300
5936
7313
5042
5056
9683
2340
7044
1591
2038
6580
6432
4671
5057
5272
2186
8007
494
7096
2182
9645
677
5726
8527
3095
4600
6179
3331
9095
3794
9089
887
7825
2255
7361
2584
8836
6149
9512
5007
7303
6433
4414
3132
4833
2777
941
3947
9022
7461
6349
6286
6493
9063
9552
3871
883
5291
7929
6443
2428
8136
7629
5843
5843
6525
5722
1105
3751
1350
1272
2574
9618
1195
9881
5876
2913
6336
8048
4279
8971
1041
525
83
5206
4832
3515
4314
97
7325
2625
3359
4276
8176
9058
1315
4590
6589
5207
4157
3803
2728
5560
1342
9621
4574
9109
1270
1980
6117
2082
1789
8415
8017
8417
5772
8918
9545
1528
2235
43
5691
6533
2303
2700
6028
6715
454
6980
8416
4244
8200
1400
8236
7994
3240
3595
1618
9849
9796
8377
4093
3781
2045
1639
9898
1452
3066
1025
9552
2656
9666
254
4912
327
6660
4890
5225
1082
5193
7525
725
3925
9850
983
2128
9262
4785
2132
6219
2461
7867
6719
9582
2753
635
9815
8796
1196
9966
179
6792
1055
850
8299
2168
97
2891
1534
1599
4760
1160
7674
2831
7887
967
6104
9168
3862
5829
9621
6794
2658
645
8762
1380
3348
8486
6711
6041
9696
4357
9620
5953
7994
4774
5479
2081
2967
3440
1110
6775
5388
5021
5694
8496
9747
448
2817
2843
5360
1711
1464
4494
9842
4686
3931
3954
9069
3505
8362
8222
4224
6179
7487
6293
179
3662
5938
377
2469
8603
4585
3932
57
1192
6803
4956
336
4790
4678
8921
9404
1795
3458
2400
2007
9736
4608
2338
4349
6392
3237
3023
9280
4161
9878
8763
3879
6082
182
7144
9150
3528
9193
1367
433
6090
9460
2738
4388
4418
5473
9683
1263
8366
52
4277
7813
8190
9525
4693
7250
1717
2693
2495
2575
7156
6750
1815
6316
3955
1811
8029
1228
2247
4036
255
4101
6478
9216
633
1426
8678
752
7124
7971
222
2121
1214
4409
7983
4029
8547
2367
8348
2995
3027
4680
8805
4810
9331
9277
117
5798
6200
2067
6683
1013
7048
8302
1009
320
6417
6558
5429
9882
3965
2083
9401
580
4985
3212
5134
3471
9044
6932
9384
7011
3108
4583
3652
4190
8703
7758
8883
4969
6998
7001
3824
2792
6750
2723
9257
285
4221
4797
9730
4387
1874
5185
1662
5529
8309
1959
2462
5944
6161
4379
9060
4478
7928
5557
3765
438
1437
5232
5359
7214
2280
4662
2966
9013
8843
836
5678
6789
4602
5076
2551
308
764
5087
4484
4070
989
1061
64
9365
3886
4130
9475
5383
7528
2918
2078
9843
566
1057
564
9759
8454
3777
940
3277
5000
5162
9459
3216
7390
9247
3128
4350
4490
2554
2724
8589
6433
8658
6776
320
7941
616
8774
3824
2505
108
998
7254
9598
4660
311
3762
3366
5060
9666
2655
4188
4639
4456
9090
4044
7105
3064
8080
1999
7401
3364
4687
2496
277
5618
608
1447
8267
8671
6558
6081
685
3241
818
6830
6007
5721
3448
9036
7754
3775
7685
2650
7833
6547
5246
7438
2495
7523
8526
7026
9893
9065
5563
8782
6551
6261
2447
1482
3572
1840
9397
9889
5560
8786
6128
4151
7290
4119
4366
7237
3110
8007
8518
5010
8622
6739
1348
155
1031
3171
3396
39
3466
7442
293
2353
8639
5070
2984
1845
2819
4410
3464
2714
7614
475
5432
8801
6054
3311
3147
6656
9082
2616
9241
7385
9704
5528
8605
3335
1806
6404
7650
769
3268
9452
2412
7126
1520
7328
4095
8313
2418
1555
2033
1321
8484
3079
2008
2060
3863
9932
1383
1694
1045
6397
1156
7546
4544
5863
8796
4713
2289
1705
4245
8039
9574
5101
8923
6995
2562
8530
6444
5793
8169
8336
4331
9545
1187
9601
7559
4032
4494
640
8366
3943
5429
6928
2810
162
4472
4016
7143
3184
6725
658
9257
5860
3072
8853
5085
4105
7546
314
1952
1731
3705
7862
5977
6652
7900
5271
4269
7024
2504
8591
8652
1588
9126
6595
2390
2132
1381
5927
8294
2012
4740
5409
9651
2090
4511
7024
7515
7578
4180
3233
4447
6385
6527
3491
7690
6853
8258
9999
7664
521
2954
5171
3220
9857
1491
6372
4302
7340
3424
4
2023
9885
7453
2823
5861
8008
7077
9055
8292
1414
1567
1199
23
7487
958
2955
4974
9902
2587
1511
2821
4321
75
2392
4959
7682
5227
6619
2681
630
1958
6980
746
2668
6384
527
7591
1666
44
4000
7953
7207
8352
7166
3018
1590
8362
9386
7778
739
9721
9542
6250
8950
5469
396
1354
9967
7205
6821
9664
8794
6002
6620
6254
2444
1819
7258
4438
1138
2513
2384
3492
9577
838
210
8763
3726
5907
849
703
3684
6617
7496
2329
4368
4598
853
7370
7896
590
4940
9159
1147
2666
3520
767
7683
1913
8145
436
2684
9776
2745
4472
1432
7996
9783
5063
2666
9256
9725
9083
2281
7197
1365
2397
4226
2044
7398
60
4950
9569
2624
1002
2871
5681
9264
4810
1755
8295
9611
4255
9837
4442
2381
2001
166
1165
5494
5818
1703
675
5709
9602
5878
5539
4286
9150
2020
2384
1598
2652
9612
3506
8679
2949
2750
93
1631
4799
7323
500
9222
4062
1088
3879
8397
2158
1094
1545
2236
9237
2944
9662
4746
3002
9354
7385
9860
1613
7386
9003
381
2582
1070
9405
1694
7643
5276
5185
3385
7727
5442
6707
1373
6256
1357
1174
3541
7978
7959
3774
2216
4485
9865
7310
3425
2617
8810
5713
4756
9542
6703
6340
1688
6348
6276
2065
7123
2726
9143
4955
7842
294
810
3067
2467
5411
2096
6721
2206
3074
3191
3337
3060
4728
4707
2997
9781
532
1809
8997
7329
6516
1552
8223
324
9871
7756
3027
1367
4869
3656
1574
5798
4366
7681
9787
7146
6764
9044
6421
2740
6609
8304
1922
7232
2935
2757
9813
456
215
7874
8241
1925
1406
6578
1423
8956
9237
3332
1512
9046
7543
6607
8089
8855
2092
1228
3460
6576
4702
4056
6957
5056
3766
6682
3831
7258
476
775
3868
748
4746
922
2814
3006
9390
4787
9834
322
3967
6037
6574
7223
6159
1417
6560
7527
6459
6426
602
2586
5816
5416
1902
466
8012
5474
7999
6555
6101
3667
7432
1947
854
4958
1131
7618
2659
8230
1015
7288
750
7446
4500
2063
6091
1030
6572
8848
8144
2425
1608
4240
8543
4234
9678
3585
1228
2745
6227
3362
3772
317
2631
5012
3124
4584
9070
4467
6248
7794
8461
2841
9940
7116
8442
6088
6739
1757
3704
8093
3523
7145
6050
6754
376
7174
1897
7132
5260
6130
7672
1705
6325
6328
3441
617
4645
8282
797
1734
5880
6086
4730
7539
8913
1656
1265
1052
8190
9267
2778
856
8882
5238
3916
8610
340
8436
2337
9286
7168
5397
2318
9546
380
9295
4898
7133
8998
1267
7208
7367
4461
8945
7915
8841
354
2340
3101
6287
5997
5551
6941
1098
7375
7119
7360
8677
5615
3262
9862
9180
4885
7565
4450
2505
3519
9164
5132
9809
212
3386
508
8546
125
3892
6915
5855
5839
6701
4306
6732
8275
9823
5448
3334
8824
5592
1980
7623
3571
8501
3393
8746
6948
3786
14
195
101
3902
3049
1236
3128
1135
2408
6735
4589
9215
9275
1515
801
1964
9733
1594
4375
7464
1841
446
9601
8304
5647
1343
4957
7506
9829
1469
3443
7781
8773
723
7518
779
3295
6486
1807
9091
7393
1121
4811
572
520
9417
2002
8914
3400
7739
88
2296
6846
7911
3828
4168
4321
6386
4480
5081
2727
7301
3533
4446
1794
6156
6581
9522
5903
3113
5250
7959
5914
4015
6575
1898
9718
2393
263
8355
8464
7638
378
2322
9752
8435
1865
8417
8464
1965
2463
4525
5980
6333
8965
5259
1611
1750
1272
4877
5616
4797
4787
1786
7464
5686
4756
8993
3875
9098
5457
7106
1074
8053
2117
1804
3726
4233
1484
7938
3030
9519
9302
6854
7554
4157
6834
1620
2377
8666
1142
3910
616
1938
2710
1520
1044
4177
4589
9492
4431
9484
9227
1097
5816
6529
4375
5940
848
4323
9364
7095
9053
206
9535
7932
4123
17
980
9944
9505
4671
1860
1117
6299
6698
7247
4845
4772
9266
7987
3177
3417
1997
5711
3033
9016
9512
7977
9002
5904
9298
8970
4205
3238
821
136
2126
4180
5021
3143
2545
5572
9337
5500
9156
7760
1831
8899
9005
6746
4284
7056
6832
4329
8251
7085
5811
8390
7969
9162
3636
9792
4533
8023
9688
6665
7548
2791
2706
6650
6524
2795
2233
589
1999
9847
6336
531
3131
3092
4408
3731
775
5840
1487
4526
8341
562
394
7697
2472
1847
1378
2107
8857
1038
9948
6200
5090
4646
632
6897
2920
3102
77
1291
792
7837
819
8250
7667
6616
1941
6939
3573
7129
9166
3199
2600
2936
5969
1073
1202
5897
3256
4667
8045
8840
9472
3875
2719
8049
9401
6697
9734
1600
9617
8611
4309
1523
9623
5858
9929
3907
9445
4486
9702
917
5083
3837
372
6591
3159
8435
3391
1914
1784
9659
2421
9291
2986
402
6419
4151
142
7536
1906
3568
6302
7050
8985
9874
159
8600
9319
5224
5445
6565
5351
598
5101
9657
2144
1644
5766
7687
4927
9234
2253
9413
4671
2134
4209
3180
7251
5757
6530
3355
6420
6846
9079
6963
3443
5826
6994
1209
4889
5211
801
8443
9010
3280
2012
7683
1259
9105
9522
7224
9404
1334
537
7416
7352
3401
8071
2654
8003
1902
6214
8071
8726
8657
4601
4160
1088
9810
391
4823
1751
9106
1562
2229
8624
7383
412
8296
7603
8678
6891
5840
3976
2931
5426
812
5813
6877
5130
9168
4572
1605
1900
9762
8614
9219
2915
3368
5532
8139
2451
9084
7448
2998
2425
676
2272
2434
5277
7577
1619
9001
8595
3118
5867
6543
3880
7741
3757
373
2050
834
3376
2187
6
9904
9303
8361
5967
2419
4586
9255
4564
1368
433
8651
7155
5502
4588
1722
8275
1062
4308
6555
6104
7063
7265
28
4802
2543
1836
8143
6873
1126
1371
4347
762
5309
4361
6567
9302
8772
1491
3726
4234
7292
4437
6481
6667
7715
7423
5216
1904
4998
7858
1539
5304
6118
9828
3372
3260
8844
5993
9498
2812
6906
2033
218
6751
7295
6887
4978
9687
8276
8149
9582
8608
6515
2601
9496
140
4893
5153
5062
7960
8838
9438
1846
3798
4521
3852
5149
8823
9929
3141
2454
2684
464
4245
6374
7199
9526
9492
5117
2935
9442
3696
7942
1981
5675
4726
3163
678
1327
632
2848
1056
2928
3622
4778
2279
3810
6941
9889
790
5856
6814
4700
1074
4661
8702
7859
8088
9048
3040
7186
598
6821
4673
9030
2609
8042
748
254
353
8928
2407
8749
3995
5208
548
9007
682
5201
2436
7097
8251
4862
4749
5912
7920
2108
3248
5308
3929
5238
9755
70
8279
6116
310
717
4468
6875
5426
3271
5961
6688
6327
3444
5732
3873
6656
9605
9166
9166
4428
4974
8182
9804
8351
4498
902
2505
8576
5778
4396
7905
5709
9049
1846
8453
3567
3040
2305
4202
6101
1377
464
6602
6177
1725
5179
7520
7940
129
652
8147
6656
9026
9622
1809
9920
549
5463
4240
7384
2979
8215
9295
1147
3212
7024
2674
309
576
2907
2444
9538
4554
6179
4937
3730
9921
7284
4263
8780
2007
1908
1938
6008
3530
4667
2940
9081
2171
1038
7812
5460
9045
5377
4135
7937
4018
5189
6597
1253
868
93
6480
6055
1416
3536
4487
2443
6993
6105
244
9029
2534
1586
1659
5399
3215
5548
9850
4761
1605
8339
996
1415
1134
5237
7014
3621
8061
8292
6639
8097
6119
7967
1561
862
6045
4217
7190
4279
4351
1961
6433
1639
5731
3069
1123
2607
1045
7824
2812
648
8145
3360
8644
157
544
6108
6765
6697
5749
4195
4645
8444
9441
4786
3556
220
5302
3665
4887
1733
2158
9955
8164
551
6525
6345
4
6436
5919
7671
1807
1838
5921
2808
5482
375
2910
102
2309
3518
9364
1
4271
485
4958
6743
1475
3893
8817
1312
8825
4932
877
629
4588
5813
4332
173
1759
5
2730
999
7696
2411
5628
4122
2091
4958
6131
955
9279
4670
4499
7932
8472
5440
8855
8108
7327
1529
6358
6125
1503
2071
4010
4411
5280
7687
2403
6442
1765
7174
4044
4703
5675
5792
3764
3207
6364
5755
9858
9842
404
6612
3667
3632
4292
9732
1797
7987
9160
6920
2056
5860
8068
1181
3612
152
8293
8839
876
3277
3022
7711
3246
9136
8115
1813
8561
7011
155
4244
1469
6307
9620
9305
4154
5581
1423
7465
1218
9203
8924
5189
6415
4021
3581
6331
4354
2241
7705
5478
989
8575
9678
4070
4688
1334
8609
2862
1944
2700
9996
5426
2307
1880
6786
8790
3136
6763
9280
208
2973
2741
7673
3307
7908
5704
9274
126
7115
3512
3162
3786
3342
3421
1000
9692
7827
2130
776
9887
6095
7639
7682
397
3085
8225
9293
5591
6695
8114
7598
2370
7851
47
2821
6833
2777
8117
4036
7468
4673
9418
2920
2062
8620
7013
2067
7998
6937
6420
7293
7508
8990
2942
3994
7391
2731
4948
9480
2143
9298
3566
2956
6691
5565
1793
4023
4650
7349
8628
643
4998
6060
3347
567
7258
7433
2516
1477
8642
3238
9242
5986
7701
6361
4429
4350
8071
1203
7899
8693
6630
6484
8424
3535
1751
5010
5301
1756
3674
8762
7428
1488
8966
6730
2535
9906
8167
7989
4564
6521
1122
3555
6844
6995
8378
9709
1165
343
4597
2686
6718
6747
4499
6244
45
5185
2784
4809
8807
7776
5097
5980
5394
1120
9481
8168
8070
5877
7519
8433
6002
3343
1696
2391
4922
4287
3717
1738
499
2228
1660
8510
6242
5446
3021
2801
5780
1536
9738
8381
6632
3942
828
8192
2588
4893
1256
2315
5886
287
7157
3535
4460
7306
5180
9604
5086
7413
9778
2188
2967
2524
2149
2614
2001
6405
8955
5916
8612
467
9418
6793
1000
9360
6956
9821
2723
2943
2133
7676
1250
6746
2203
6538
9332
4918
8911
2645
3715
9830
4323
1503
2793
5888
6425
236
4010
6009
5224
5396
4346
6739
4392
9005
1933
6837
5723
1682
2056
863
2709
8491
5839
5240
4155
3005
5697
5821
4576
7060
5810
9669
201
9892
4908
1189
161
7455
1001
7691
1348
1917
7850
5220
2336
6949
8314
9242
3723
8241
8218
6966
1432
8896
2217
4965
1213
8506
913
1721
6380
2050
4537
5301
7722
6983
5381
5558
5718
853
2434
1333
4794
4592
8482
4214
5974
366
6761
4093
1564
3909
2134
4138
7639
2485
4308
368
520
9960
7360
1436
1296
930
545
8405
4134
9140
5247
6120
2997
2897
4213
7060
4405
7035
4311
1323
2407
3486
539
4936
6582
2499
9186
448
1966
2679
5266
4168
6035
5205
9833
2437
8671
8933
1474
8700
1391
7167
7218
2171
628
7395
2703
7981
9889
3224
500
1065
6930
2967
7009
4216
9712
9691
7187
2672
9049
4486
6745
6548
1759
107
2912
517
1556
3090
1803
7898
357
7519
8867
437
2774
6611
4019
1541
8312
2744
3571
55
6538
761
8757
5318
1715
477
4189
7782
8152
8372
1152
5511
9628
3789
2345
937
299
9779
8416
2217
25
4531
895
2502
4308
7317
7039
4206
7804
9677
6068
1998
973
1117
9135
8032
3406
2488
4744
2614
4596
7794
4949
2013
737
7928
3886
8170
4388
8713
8022
7197
2281
6679
6514
8719
3799
639
2243
1091
2572
4727
4
3671
4565
5336
6214
1922
9419
4185
4845
4788
8550
7504
6870
6026
6727
4789
9099
5632
1685
1695
4577
4498
6858
251
4828
9184
7620
1599
2374
5591
5046
5338
8632
2497
330
5095
3368
2219
9745
2348
4650
230
8345
7641
4621
615
4057
5750
7819
1673
5733
9168
1530
513
7328
3662
3047
2477
9415
6325
6580
7737
3768
7068
7394
2290
9629
7220
442
2069
5658
4335
8758
3629
6791
3590
6346
5674
7561
8392
7026
9012
6877
361
5922
44
8477
108
148
2372
4095
9506
6210
836
4340
8991
6105
1067
2031
1325
4484
7289
4373
5735
7011
5183
6282
9922
7589
2039
2412
7007
5720
2994
4032
8123
6559
6637
3732
1093
8389
8671
3425
1110
9140
9080
1133
89
1942
412
9570
5596
7346
68
6599
2254
4727
1646
995
355
3259
2037
3146
9126
4962
1566
5700
2784
4721
1175
5989
3753
43
8997
971
7411
9656
4832
6626
7065
2487
5768
134
6889
8467
8575
6423
904
37
7729
5320
7365
8867
8947
2251
1259
8974
9031
9724
4540
9425
7513
7942
9440
1944
2258
8047
9888
3510
7297
4937
215
8417
6968
9705
1446
911
9729
8279
5884
397
9848
3865
1158
6955
4244
7115
1440
8590
7560
2560
1241
9528
1674
1011
345
3200
8092
2255
8561
1350
7491
8306
4266
8912
8753
44
1731
3762
8105
3611
7759
3559
5320
3776
8826
2736
4735
8840
1219
5233
5438
6787
1515
7336
5186
9560
9982
1302
1809
4497
4880
5039
361
4938
6574
5533
4737
8762
1584
722
4963
2539
3197
6466
2105
7990
7896
5383
7116
4603
5823
9104
1659
3948
6777
1535
2335
9200
7827
9517
4328
4161
8692
8537
7352
541
2429
3921
3833
2662
1658
3555
4810
9430
2722
6807
7553
4326
8698
3844
5256
7730
2954
4700
8721
2164
5873
7995
2232
2882
7217
804
5028
9808
1089
9271
6140
3478
1363
9502
1378
2749
4258
777
2609
1637
6685
1332
9380
8397
506
9586
5043
2663
2540
1470
6709
9134
1253
6467
7661
1496
8083
9220
8336
2258
8584
1597
5179
8458
6534
4270
5354
7190
2582
9232
2372
9417
5006
4647
2130
1628
2559
3702
7556
9764
6449
79
5792
9249
3984
6191
222
6795
2081
5658
3995
419
434
422
6179
1452
1755
5368
4966
6549
6002
8928
4674
754
3645
14
2959
4159
9070
6940
4573
4913
1496
1337
192
8830
9524
7455
4290
6812
7422
7538
294
607
7686
123
6972
2989
8510
3854
8483
1515
9654
2496
50
1647
2648
7609
8945
9585
4667
7955
6501
4623
2523
3302
8393
871
6740
285
7441
374
4687
2992
8662
4436
4786
1169
5369
2816
2972
1386
2057
5727
359
7397
9247
5254
7469
4289
6473
906
8354
6288
4083
1847
4155
5844
788
2407
1337
5351
131
2980
4595
7628
5416
887
4265
9621
3974
7207
1609
4882
2827
6412
9145
9928
1205
6540
6258
6174
3833
3172
5631
2841
6811
5856
2258
5909
5670
541
3723
9794
3769
258
6163
5297
3499
650
9714
6136
1237
4243
4771
3039
4112
6055
3907
4803
4445
2514
7970
6054
1544
6909
5686
2472
1447
9615
601
6473
2298
487
4276
6392
2095
972
6208
5192
8176
1872
6906
469
5545
4552
1255
8218
2700
9005
5066
7460
6132
6233
2946
6131
894
698
9371
5561
545
1837
8893
2662
7709
4293
4012
173
952
1389
870
5603
1619
9338
2028
9788
7637
5030
1283
6693
8838
1741
7778
3518
6629
9633
6786
5688
2749
6126
6730
2879
5024
6278
8232
1058
5576
5631
3556
3632
516
3751
3575
4520
4685
6533
4453
3187
4517
8627
4054
5203
9694
6814
4665
4587
4643
8591
3588
30
6257
4593
2665
8113
5213
4943
9522
4399
445
2576
1509
1163
3950
9830
79
1860
9933
9081
8561
6623
2168
976
4554
7204
9908
4817
688
3059
3058
8469
996
5356
9542
5485
5680
2578
5037
7780
4625
5443
3283
144
8754
260
1012
9436
5602
48
7925
4223
8002
1703
3580
2278
558
8309
9383
5789
3825
1907
7858
9519
3695
8570
5499
2592
5829
7336
4569
4804
2202
9188
2363
5155
9643
9795
3115
862
6133
5715
9932
1564
7561
5567
1454
9856
5821
7691
9323
7072
2624
4673
6740
8081
4423
9504
8152
5516
2419
5995
7830
8843
2863
9262
8471
6669
5619
4676
2785
5804
3552
8961
620
246
7260
2870
7233
8094
3332
4712
5188
2397
9638
9828
3567
7471
6190
4413
4638
9504
814
3249
6033
9000
7518
4667
3251
6250
9115
6622
8129
8505
1301
2766
29
3755
9165
1662
7764
7033
2022
3557
3220
9179
3430
8121
2834
6118
9509
6919
7715
1149
1809
5417
7673
4930
6796
6933
9091
8564
278
2666
8298
968
8182
2685
5570
6704
8052
9763
2302
5783
9533
1689
3189
2335
5557
6451
6983
2552
8087
6872
3276
3157
5528
6287
7449
4626
7020
7410
6217
8139
8719
8415
5328
3912
346
6517
9310
488
8100
4887
5582
2189
3053
7508
4954
9898
6540
3179
4666
6719
4908
180
8278
6440
3237
2978
4776
3254
9317
1916
4950
2368
1123
8973
3816
8625
1303
9487
8005
2756
7922
3623
3336
8824
8748
2543
5854
8365
6835
8183
2068
9830
7603
9743
2854
7892
1855
740
950
132
8962
1234
234
1018
245
6323
9278
1769
7457
1358
9863
5146
3464
9675
9903
2362
5094
9370
4937
6836
6539
2066
836
5424
1314
8939
2872
3453
8664
2673
9125
4350
8803
9039
1893
1099
5839
822
740
6250
372
4922
9394
4269
1866
6456
247
1181
8403
4887
2749
5827
3440
6453
7033
8079
7955
7768
9462
7464
4619
1360
4165
6123
4673
2207
4907
6652
859
1127
4711
5334
6590
9298
5918
6940
805
9280
8792
4574
615
7684
954
948
506
5712
2779
5843
3433
8556
9813
7698
233
6831
1882
5472
2926
8644
7029
7497
624
1659
7842
8792
2591
4658
3317
5165
8787
4125
7680
5551
5792
8414
4220
4702
5924
5608
3049
3669
1544
8644
3347
3816
6612
461
6936
8907
7904
5226
3510
1343
3184
6856
8385
6132
6982
1127
1583
244
3664
7585
8612
434
4479
4079
4211
642
225
5821
8587
1889
5583
7646
3137
8592
9758
916
5308
236
9958
702
4684
1984
295
7104
3319
4147
8897
4845
9237
1767
558
8806
3309
2437
9638
7811
1297
9545
2133
7803
597
553
9705
9497
929
1009
3002
8732
3228
8747
3303
3326
6268
7044
4417
9839
8899
2909
8547
6652
6981
2005
784
5207
6542
2551
1379
4089
4420
1825
6127
5499
2267
2718
6073
4251
1003
8784
6670
4221
2971
9162
7069
2392
4440
4298
956
5117
1253
7837
8889
4707
6435
5987
435
5400
9474
7995
2143
4630
3821
5946
6371
822
2247
537
1917
2176
4846
4758
2759
8320
5909
774
3372
4016
3256
9491
7319
9329
4969
5602
1521
2617
4840
5633
5312
5369
625
805
8715
7283
3716
4449
994
6190
8244
6968
5342
1265
9974
7113
8348
8958
7742
8034
9124
4351
5736
8731
8482
2911
3059
1533
453
3331
3871
3405
6762
4560
7600
6049
8447
8405
8448
8845
2739
5829
7371
5337
3880
907
2342
5858
3693
1213
621
2185
1940
2599
576
6232
8205
4060
9095
2888
5177
6040
5138
2846
4291
4145
5766
2086
7551
2575
7738
2843
2662
4653
4617
7725
7734
5739
2908
6962
7167
2302
3138
6459
6725
9766
5769
5201
3863
1635
244
8011
2029
2606
4271
8894
3548
1550
4370
7545
3110
8639
3067
1239
5716
4046
420
5431
2137
2350
5704
7046
5803
6903
9479
2082
8780
3546
9622
2231
1783
1498
683
272
1225
3656
344
3255
1098
7818
9967
6743
1555
8156
5899
9897
6547
3380
3853
4230
7749
7587
6320
7490
5750
9617
8038
1716
7783
5883
8780
5068
7262
2147
8247
2896
9610
4106
1730
1682
9870
4775
1449
7751
2098
9983
5021
1575
8314
6934
8578
6109
4525
1630
381
7757
8457
7549
5320
1097
9202
9795
4599
786
2526
5187
2820
7023
6841
4149
1596
475
8052
1540
9695
3976
8723
9507
7484
19
321
1792
4269
8768
8863
1570
8305
3319
6945
8853
3394
8261
7025
1861
8572
4668
4238
556
5487
4255
8003
6375
452
1793
4358
593
229
1203
782
7801
8839
9614
7578
7562
7134
8688
715
8769
1964
9004
8797
8089
1009
515
8175
9019
8444
5180
7092
7066
3947
431
7740
564
5281
4803
9583
8667
118
746
3956
7156
2085
2527
4305
906
9953
8510
7571
2791
4278
4453
2828
8930
3749
9308
834
9073
2493
602
3996
1805
5795
6063
6424
48
9202
8590
9802
4040
9576
1699
3196
7121
5517
9465
8682
743
8634
1211
6395
8412
8981
9534
6716
2598
8415
1581
4672
5127
1315
102
3796
204
7420
1896
7990
1537
592
2721
6210
6491
4543
1250
5476
746
4575
7452
436
4565
1668
9642
1826
2297
3355
9717
8046
4438
4122
8866
6010
9228
4104
1013
5750
7739
2141
2710
888
4435
5247
1865
8913
340
2844
4465
402
7320
7846
4256
8026
2285
7289
5343
2908
1952
1263
3561
5828
4485
8982
8458
4730
214
4860
9571
4225
7717
1593
6732
6239
6106
8416
430
3776
1124
8697
9363
140
8971
5771
6362
9907
4998
3246
724
8731
1638
3982
3976
9291
9237
1128
874
6396
9701
8082
9688
4361
8179
9748
4700
7800
6386
9796
325
3704
5398
5096
5028
9474
3842
1051
2268
241
8416
9448
4052
8055
8259
2061
4700
461
864
7685
1514
8899
8058
3645
8015
7662
1934
3321
6305
1238
2093
5548
4516
5931
1872
2492
4011
1466
4868
882
5711
4258
748
258
8892
9090
1071
2876
603
4984
7560
8161
2986
1564
8587
8481
1021
5860
3950
3220
731
576
1129
9797
9337
337
7246
1606
1809
2822
9759
861
8487
4516
8145
3907
3825
8148
9556
7144
1987
1901
9133
6803
4622
2274
1678
4495
6583
9175
7137
9934
5949
4764
5796
8754
1281
5559
1757
9422
7384
4020
9497
70
8256
9891
3568
3902
2473
1845
3850
4363
3348
2393
1884
1437
6823
713
9900
9586
6878
4602
9865
9579
9384
3516
797
3410
2251
9599
639
2507
1129
2697
6197
7218
9338
3247
801
3605
4370
1403
6113
3153
1675
9606
8332
9127
7838
53
4816
7363
9937
1821
8450
7310
3333
1715
901
2107
6983
6308
6610
9613
8358
133
9452
5612
4181
8518
8102
7986
9496
9169
1234
3335
3242
2361
5584
2388
659
4825
9986
4315
4086
8171
4275
5594
7027
3544
2590
3801
3989
8162
3398
5968
8257
209
5673
6683
4687
2235
7899
2632
6720
7223
2837
3776
6945
4604
5520
4374
4908
5994
7959
4761
6770
2985
6961
7601
5258
3474
2681
1332
508
2629
1998
9373
4742
9852
8248
7373
5729
4291
956
4829
7566
297
9851
7851
3504
6170
9973
3014
2399
8842
7265
8953
8915
5299
8618
9794
2467
6333
4874
1215
1849
8062
2293
2227
3910
1665
6975
649
6491
799
8506
2821
8298
1663
8643
628
7444
7537
8822
542
9468
7031
4954
9314
1320
6912
2958
3326
8100
9014
2627
7186
7836
5326
2797
5124
2007
4355
1066
8119
8109
4787
2131
90
2361
561
9983
5715
508
8993
1790
7881
7496
6885
509
4841
2736
4204
8579
4046
5204
7778
9784
5582
8347
8367
4886
9135
3685
279
9262
379
8959
1405
6783
7054
5630
9114
9910
6541
5765
3901
206
960
2300
5852
8701
6016
8809
492
8240
1158
9008
5651
8509
4693
7457
1271
8284
6752
2134
7800
6829
3237
3095
5448
3340
3857
1352
8336
9739
6285
5525
480
7845
726
7386
6865
4755
7908
1674
9817
9415
4637
2142
5617
8554
8266
4677
820
3431
7956
3723
1521
9022
9065
9544
89
6709
772
7646
129
4747
9031
1700
4062
7338
1229
2507
8950
5563
3909
5507
1910
8371
4824
7628
5551
7732
7399
2467
1093
5213
6543
4937
8533
2510
7614
5243
2144
5380
9290
404
7759
5114
1848
1283
253
8631
7581
2526
4277
8889
8985
5974
3426
6967
4401
6088
9139
9118
8592
111
2798
4225
9025
4839
8857
4543
434
9108
2049
2858
5840
4049
8760
6505
1274
9418
7381
3755
5477
6389
9198
1617
1452
3144
9841
8792
7276
365
9181
8424
1576
1719
3659
3698
5465
7500
4369
1268
4418
7951
5490
1624
485
6455
6826
6149
6850
2053
9625
6683
8092
8274
2743
5615
5624
6400
7932
6217
9991
9945
6310
2962
9459
2108
6917
1806
7862
936
1456
8043
7415
9662
3456
2875
8983
1524
4846
9210
4398
5181
8610
8375
4238
9628
1561
5306
919
4811
7288
5692
4884
7101
3194
6624
9498
9384
4019
4084
9567
8590
2353
8983
5835
3813
5892
7775
2118
1519
3216
2666
4433
4206
4171
3795
3719
1986
3906
6882
7918
3072
8349
5408
5866
9171
9429
3140
2608
5804
3069
450
6693
2650
5890
2435
8155
6126
1442
9531
3638
6188
167
3163
478
3143
1771
397
4982
7035
8412
6653
4444
2745
6216
889
5504
3049
1992
6575
3864
4046
6875
5794
7377
2204
7973
3267
5096
199
1112
9457
1731
266
3037
2895
4230
9479
7798
2386
6255
3861
1148
7809
6745
24
9761
1680
8880
990
8899
3206
2805
1769
4561
8938
5827
3077
4178
8584
9881
6813
9232
2836
3905
5767
7622
5294
138
6842
3678
1313
6834
7794
9717
1954
5848
7428
2441
2330
2127
7894
1019
4938
5045
3422
6166
5165
2007
4377
3282
1870
8461
8449
6803
9635
8968
6501
9314
7012
8205
630
6258
6872
5909
5234
8369
3474
970
4804
7440
664
7083
1407
1905
5578
3245
8540
3983
6496
6168
4137
9370
4502
439
6442
1043
6813
7440
9141
4988
1832
8665
9182
5369
332
7570
2254
3069
9524
1976
1016
3292
9327
3963
5958
592
2838
4314
9511
2040
8605
7412
3400
1209
6837
6238
5809
749
4474
7396
5238
6234
8571
8456
9222
3963
2044
3500
8549
5340
5240
5942
9292
4083
8565
4762
8138
9196
733
3739
4478
7246
9935
8617
3187
2578
8422
5527
8181
9618
5495
1390
6879
7437
856
9473
7758
877
5840
6306
3310
725
5455
5782
3038
5529
4365
4122
5151
6541
7931
6167
3061
9128
656
6315
4686
880
2886
9015
265
2824
9903
6583
5188
3605
3842
6052
4494
8928
6522
3440
2962
864
7437
3253
5905
5642
7630
6938
6663
5931
9345
8407
9476
9328
4509
6690
2292
4991
7824
6233
5700
775
9847
7227
5778
8123
4599
7899
6266
7684
9
5204
387
9902
1108
6192
7745
3622
4724
1162
7409
886
1727
7953
4196
6844
860
2373
9575
6904
3418
5174
7607
3314
3662
3765
3922
2754
7824
4531
6290
1702
6563
3910
3067
6015
1938
6400
2293
966
3385
5361
1828
9572
4446
4510
9852
9976
1544
5128
5017
6024
1859
2619
8740
4135
4189
3003
1538
9711
3027
4183
8844
6322
30
9553
7152
3624
6613
8706
3479
6977
9053
3121
6687
6288
7820
4269
8698
1586
8165
4019
9465
9596
8790
3860
5247
5094
4287
7032
3540
3474
4188
6238
329
6738
6029
8665
518
6451
649
99
8650
7894
7026
2236
8733
4331
5514
4875
7131
5485
760
9119
713
6958
3716
5421
7779
9889
2856
7878
7199
3628
3694
63
2904
8131
8565
8436
5325
6959
1331
8078
2163
2634
8999
2238
7835
6955
6995
1367
4923
3085
4625
9864
9779
8250
1636
1979
2289
5672
860
7410
6013
4084
8792
8051
4791
8375
9078
4524
4393
4487
9283
4160
425
7239
2424
5197
8765
9428
2199
4420
5134
4791
6400
2354
7414
4160
2636
113
1604
7453
616
2015
4428
5231
1363
7895
2567
7901
9692
1619
9829
8691
1658
3038
2345
2955
7465
401
5277
7135
4908
6525
8607
1925
109
5305
6291
8082
7055
8237
9843
8708
4578
8224
6838
6767
2795
4363
2303
2940
7208
3002
1575
561
4207
2972
9648
8623
4460
6738
4957
6292
2261
4711
2343
3914
4561
4681
3997
7437
6227
2431
4701
4128
2861
9323
4032
4516
6282
8152
3392
6769
100
5000
9628
8045
6574
9095
6861
2298
4855
6278
4481
1631
3590
9885
1211
6819
3711
5135
8181
4826
3774
7113
4509
926
3163
7901
3035
7315
1569
2559
2133
973
973
4870
8348
8967
430
7970
3234
2515
6038
2702
1992
8820
7972
3272
9713
2247
1079
9061
8768
7193
9132
3138
5455
3024
3781
9446
7908
5786
6873
6687
3007
6410
6192
4076
5465
8391
9235
1394
8628
9114
6956
3712
5224
5600
158
3693
6902
7110
8812
1213
259
1995
695
1727
2007
3363
1872
1660
6449
7847
5922
5548
1049
1115
7436
6470
2062
5313
2143
3743
95
4103
1248
9609
9644
7185
3092
2766
209
76
417
1560
9359
3042
142
7269
9611
6472
6140
8035
7796
672
1861
9555
3529
7217
1509
4248
3714
3653
7841
6292
7541
8069
3872
5367
774
6929
4042
4799
8064
5267
8722
354
2409
4399
2140
695
6854
8920
9500
8221
6516
7187
1252
1923
2226
2487
9631
2118
8819
4888
3652
3586
3454
9402
3457
8261
3067
4253
5002
1740
5517
4574
1220
76
5335
7087
3245
2281
2202
2476
3487
4358
1186
8472
4380
7063
5292
2594
486
798
2146
9768
3886
158
3569
9708
2745
3102
4569
2761
1130
2563
1171
4598
8038
8143
3617
6497
5234
7704
6166
164
5282
64
1595
2988
8542
6159
7493
5188
801
8652
5949
8890
3662
6849
5006
1702
6274
3740
1550
7977
9633
6568
1484
6410
8297
2795
4048
2828
8217
742
8182
9864
4600
8785
8097
4455
4282
1542
5615
858
8097
2109
4944
5238
4273
6500
7365
4881
7805
6888
6670
7428
2559
7005
7663
190
1441
4467
9431
5442
546
5597
9711
6137
5957
4592
7831
3006
444
4126
3788
6536
315
92
4124
8061
3105
4166
5989
6695
7268
3559
8654
9449
8116
7148
7990
239
5125
3398
9212
4735
4372
3977
5709
6132
7740
1904
8505
7206
409
4000
2680
6899
5096
2091
6149
9631
3356
1118
7670
9412
5208
3648
9042
1364
1131
3255
8906
1075
4728
5564
1108
2838
3254
4416
6581
9845
5844
762
7547
210
5284
3197
9554
8942
2819
7150
1129
956
3001
41
7559
405
4294
3128
4456
2813
9328
5735
5265
8795
5633
5073
6188
3846
2303
7417
2927
6443
4183
3948